-1.000000e-02 -3.175028e+04 -2.200507e+03 1.446182e+03 -4.524489e+03 2.716143e+03 5.434906e+03 -2.289081e+03 1.874621e+03 1.428578e+03 4.569538e+03 2.446057e+04 -1.511721e+03 2.243972e+03 1.860478e+03 1.861526e+03 -4.199998e+03 1.782649e+03 5.215948e+03 2.786952e+04 -1.628684e+03 -2.617302e+03 -2.260526e+03 -2.465592e+03 4.774398e+03 2.786623e+04 2.025143e+03 -1.149732e+03 3.963942e+03 2.039311e+03 4.778397e+03 -1.962845e+03 1.537360e+03
-9.797980e-03 -3.266360e+04 -2.248673e+03 1.448450e+03 -4.411514e+03 2.781982e+03 5.622590e+03 -2.060383e+03 1.881457e+03 1.430415e+03 4.457004e+03 2.516313e+04 -1.544396e+03 2.014805e+03 1.866909e+03 1.906232e+03 -4.343871e+03 1.785237e+03 5.087813e+03 2.867061e+04 -1.666917e+03 -2.356783e+03 -2.268598e+03 -2.522251e+03 4.938687e+03 2.866723e+04 2.066419e+03 -1.151345e+03 3.864693e+03 2.091380e+03 4.942816e+03 -1.761640e+03 1.542790e+03
-9.595960e-03 -3.359701e+04 -2.298095e+03 1.450170e+03 -4.283776e+03 2.849860e+03 5.814910e+03 -1.810396e+03 1.887743e+03 1.431695e+03 4.329688e+03 2.588111e+04 -1.577915e+03 1.764364e+03 1.872779e+03 1.952316e+03 -4.491279e+03 1.787158e+03 4.942829e+03 2.948930e+04 -1.706144e+03 -2.071998e+03 -2.275998e+03 -2.580670e+03 5.107022e+03 2.948582e+04 2.108766e+03 -1.152502e+03 3.752493e+03 2.145048e+03 5.111286e+03 -1.541772e+03 1.547760e+03
-9.393939e-03 -3.454958e+04 -2.348787e+03 1.451300e+03 -4.140184e+03 2.919828e+03 6.011710e+03 -1.537670e+03 1.893423e+03 1.432376e+03 4.186495e+03 2.661381e+04 -1.612289e+03 1.491204e+03 1.878035e+03 1.999813e+03 -4.642101e+03 1.788362e+03 4.779749e+03 3.032478e+04 -1.746378e+03 -1.761295e+03 -2.282664e+03 -2.640893e+03 5.279267e+03 3.032121e+04 2.152195e+03 -1.153168e+03 3.626384e+03 2.200355e+03 5.283668e+03 -1.301971e+03 1.552228e+03
-9.191919e-03 -3.552017e+04 -2.400765e+03 1.451796e+03 -3.979590e+03 2.991934e+03 6.212789e+03 -1.240689e+03 1.898440e+03 1.432416e+03 4.026276e+03 2.736035e+04 -1.647527e+03 1.193810e+03 1.882621e+03 2.048755e+03 -4.796181e+03 1.788794e+03 4.597259e+03 3.117606e+04 -1.787629e+03 -1.422944e+03 -2.288524e+03 -2.702963e+03 5.455243e+03 3.117239e+04 2.196717e+03 -1.153309e+03 3.485361e+03 2.257338e+03 5.459784e+03 -1.040912e+03 1.556145e+03
-8.989899e-03 -3.650738e+04 -2.454037e+03 1.451612e+03 -3.800791e+03 3.066228e+03 6.417891e+03 -9.178701e+02 1.902734e+03 1.431769e+03 3.847826e+03 2.811965e+04 -1.683635e+03 8.706019e+02 1.886475e+03 2.099174e+03 -4.953322e+03 1.788399e+03 4.393987e+03 3.204190e+04 -1.829904e+03 -1.055142e+03 -2.293506e+03 -2.766922e+03 5.634728e+03 3.203812e+04 2.242342e+03 -1.152888e+03 3.328369e+03 2.316034e+03 5.639412e+03 -7.572064e+02 1.559462e+03
-8.787879e-03 -3.750951e+04 -2.508613e+03 1.450699e+03 -3.602535e+03 3.142754e+03 6.626706e+03 -5.675679e+02 1.906239e+03 1.430388e+03 3.649888e+03 2.889040e+04 -1.720616e+03 5.199374e+02 1.889534e+03 2.151100e+03 -5.113286e+03 1.787118e+03 4.168499e+03 3.292082e+04 -1.873211e+03 -6.560121e+02 -2.297531e+03 -2.832810e+03 5.817448e+03 3.291693e+04 2.289075e+03 -1.151866e+03 3.154309e+03 2.376477e+03 5.822279e+03 -4.494147e+02 1.562125e+03
-8.585859e-03 -3.852456e+04 -2.564495e+03 1.449008e+03 -3.383518e+03 3.221553e+03 6.838857e+03 -1.880774e+02 1.908885e+03 1.428223e+03 3.431156e+03 2.967106e+04 -1.758474e+03 1.401145e+02 1.891728e+03 2.204560e+03 -5.275782e+03 1.784888e+03 3.919307e+03 3.381105e+04 -1.917552e+03 -2.236095e+02 -2.300515e+03 -2.900662e+03 6.003073e+03 3.380705e+04 2.336918e+03 -1.150204e+03 2.962039e+03 2.438698e+03 6.008053e+03 -1.160442e+02 1.564077e+03
-8.383838e-03 -3.955017e+04 -2.621684e+03 1.446486e+03 -3.142393e+03 3.302664e+03 7.053896e+03 2.223590e+02 1.910599e+03 1.425223e+03 3.190278e+03 3.045981e+04 -1.797208e+03 -2.706212e+02 1.892985e+03 2.259579e+03 -5.440466e+03 1.781644e+03 3.644867e+03 3.471052e+04 -1.962927e+03 2.440694e+02 -2.302371e+03 -2.970512e+03 6.191211e+03 3.470642e+04 2.385872e+03 -1.147859e+03 2.750376e+03 2.502727e+03 6.196342e+03 2.444436e+02 1.565258e+03
-8.181818e-03 -4.058358e+04 -2.680176e+03 1.443077e+03 -2.877772e+03 3.386120e+03 7.271299e+03 6.655435e+02 1.911303e+03 1.421334e+03 2.925864e+03 3.125454e+04 -1.836812e+03 -7.140687e+02 1.893228e+03 2.316180e+03 -5.606933e+03 1.777321e+03 3.343596e+03 3.561683e+04 -2.009332e+03 7.490796e+02 -2.303003e+03 -3.042390e+03 6.381401e+03 3.561262e+04 2.435931e+03 -1.144790e+03 2.518104e+03 2.568587e+03 6.386685e+03 6.336264e+02 1.565605e+03
-7.979798e-03 -4.162164e+04 -2.739961e+03 1.438725e+03 -2.588235e+03 3.471949e+03 7.490450e+03 1.143313e+03 1.910915e+03 1.416501e+03 2.636490e+03 3.205281e+04 -1.877281e+03 -1.192062e+03 1.892377e+03 2.374380e+03 -5.774713e+03 1.771848e+03 3.013868e+03 3.652718e+04 -2.056759e+03 1.293516e+03 -2.302314e+03 -3.116319e+03 6.573106e+03 3.652287e+04 2.487087e+03 -1.140949e+03 2.263979e+03 2.636300e+03 6.578544e+03 1.053112e+03 1.565050e+03
-7.777778e-03 -4.266069e+04 -2.801024e+03 1.433371e+03 -2.272338e+03 3.560172e+03 7.710642e+03 1.657528e+03 1.909347e+03 1.410668e+03 2.320708e+03 3.285181e+04 -1.918603e+03 -1.706456e+03 1.890344e+03 2.434193e+03 -5.943261e+03 1.765152e+03 2.654033e+03 3.743840e+04 -2.105196e+03 1.879499e+03 -2.300198e+03 -3.192319e+03 6.765704e+03 3.743397e+04 2.539325e+03 -1.136293e+03 1.986733e+03 2.705881e+03 6.771297e+03 1.504529e+03 1.563522e+03
-7.575758e-03 -4.369661e+04 -2.863344e+03 1.426954e+03 -1.928627e+03 3.650803e+03 7.931064e+03 2.210054e+03 1.906507e+03 1.403774e+03 1.977060e+03 3.364836e+04 -1.960762e+03 -2.259114e+03 1.887042e+03 2.495627e+03 -6.111954e+03 1.757159e+03 2.262427e+03 3.834685e+04 -2.154626e+03 2.509158e+03 -2.296544e+03 -3.270402e+03 6.958485e+03 3.834230e+04 2.592628e+03 -1.130773e+03 1.685092e+03 2.777338e+03 6.964234e+03 1.989509e+03 1.560947e+03
-7.373737e-03 -4.472470e+04 -2.926892e+03 1.419413e+03 -1.555647e+03 3.743847e+03 8.150792e+03 2.802746e+03 1.902299e+03 1.395761e+03 1.604085e+03 3.443886e+04 -2.003739e+03 -2.851887e+03 1.882374e+03 2.558686e+03 -6.280083e+03 1.747792e+03 1.837386e+03 3.924841e+04 -2.205027e+03 3.184606e+03 -2.291239e+03 -3.350574e+03 7.150640e+03 3.924375e+04 2.646969e+03 -1.124341e+03 1.357779e+03 2.850675e+03 7.156545e+03 2.509677e+03 1.557246e+03
-7.171717e-03 -4.573970e+04 -2.991634e+03 1.410682e+03 -1.151959e+03 3.839299e+03 8.368782e+03 3.437427e+03 1.896622e+03 1.386566e+03 1.200344e+03 3.521925e+04 -2.047508e+03 -3.486592e+03 1.876243e+03 2.623364e+03 -6.446847e+03 1.736973e+03 1.377265e+03 4.013846e+04 -2.256369e+03 3.907923e+03 -2.284160e+03 -3.432830e+03 7.341255e+03 4.013370e+04 2.702318e+03 -1.116948e+03 1.003534e+03 2.925885e+03 7.347315e+03 3.066626e+03 1.552337e+03
-6.969697e-03 -4.673570e+04 -3.057525e+03 1.400697e+03 -7.161634e+02 3.937143e+03 8.583862e+03 4.115858e+03 1.889371e+03 1.376127e+03 7.644296e+02 3.598500e+04 -2.092039e+03 -4.164990e+03 1.868545e+03 2.689649e+03 -6.611346e+03 1.724621e+03 8.804625e+02 4.101184e+04 -2.308619e+03 4.681118e+03 -2.275181e+03 -3.517158e+03 7.529304e+03 4.100697e+04 2.758636e+03 -1.108543e+03 6.211296e+02 3.002954e+03 7.535517e+03 3.661899e+03 1.546134e+03
-6.767677e-03 -4.770618e+04 -3.124514e+03 1.389391e+03 -2.469165e+02 4.037349e+03 8.794724e+03 4.839714e+03 1.880435e+03 1.364382e+03 2.949951e+02 3.673107e+04 -2.137296e+03 -4.888749e+03 1.859174e+03 2.757521e+03 -6.772576e+03 1.710654e+03 3.454405e+02 4.186280e+04 -2.361734e+03 5.506100e+03 -2.264170e+03 -3.603533e+03 7.713641e+03 4.185783e+04 2.815878e+03 -1.099076e+03 2.093870e+02 3.081857e+03 7.720003e+03 4.296959e+03 1.538549e+03
-6.565657e-03 -4.864387e+04 -3.192537e+03 1.376698e+03 2.570412e+02 4.139873e+03 8.999915e+03 5.610545e+03 1.869701e+03 1.351267e+03 -2.092231e+02 3.745188e+04 -2.183235e+03 -5.659416e+03 1.848019e+03 2.826950e+03 -6.929424e+03 1.694990e+03 -2.292419e+02 4.268499e+04 -2.415665e+03 6.384639e+03 -2.250992e+03 -3.691917e+03 7.892994e+03 4.267991e+04 2.873989e+03 -1.088496e+03 -2.327976e+02 3.162558e+03 7.899503e+03 4.973164e+03 1.529488e+03
-6.363636e-03 -4.954081e+04 -3.261523e+03 1.362550e+03 7.968566e+02 4.244657e+03 9.197833e+03 6.429742e+03 1.857051e+03 1.336718e+03 -7.493761e+02 3.814131e+04 -2.229806e+03 -6.478378e+03 1.834965e+03 2.897893e+03 -7.080659e+03 1.677546e+03 -8.448977e+02 4.347141e+04 -2.470354e+03 7.318318e+03 -2.235505e+03 -3.782260e+03 8.065961e+03 4.346623e+04 2.932907e+03 -1.076752e+03 -7.064297e+02 3.245008e+03 8.072611e+03 5.691728e+03 1.518858e+03
-6.161616e-03 -5.038831e+04 -3.331388e+03 1.346880e+03 1.373531e+03 4.351620e+03 9.386721e+03 7.298487e+03 1.842363e+03 1.320673e+03 -1.326469e+03 3.879266e+04 -2.276952e+03 -7.346813e+03 1.819895e+03 2.970298e+03 -7.224937e+03 1.658240e+03 -1.502674e+03 4.421444e+04 -2.525735e+03 8.308487e+03 -2.217564e+03 -3.874495e+03 8.231004e+03 4.420917e+04 2.992560e+03 -1.063795e+03 -1.212387e+03 3.329145e+03 8.237789e+03 6.453685e+03 1.506559e+03
-5.959596e-03 -5.117690e+04 -3.402039e+03 1.329623e+03 1.987886e+03 4.460666e+03 9.564667e+03 8.217710e+03 1.825514e+03 1.303070e+03 -1.941326e+03 3.939865e+04 -2.324609e+03 -8.265648e+03 1.802690e+03 3.044096e+03 -7.360788e+03 1.636988e+03 -2.203511e+03 4.490578e+04 -2.581732e+03 9.356208e+03 -2.197022e+03 -3.968538e+03 8.386449e+03 4.490042e+04 3.052866e+03 -1.049574e+03 -1.751389e+03 3.414888e+03 8.393362e+03 7.259846e+03 1.492492e+03
-5.757576e-03 -5.189637e+04 -3.473367e+03 1.310712e+03 2.640517e+03 4.571675e+03 9.729600e+03 9.188032e+03 1.806378e+03 1.283848e+03 -2.594548e+03 3.995144e+04 -2.372703e+03 -9.235502e+03 1.783228e+03 3.119206e+03 -7.486625e+03 1.613710e+03 -2.948094e+03 4.553648e+04 -2.638262e+03 1.046219e+04 -2.173728e+03 -4.064286e+03 8.530483e+03 4.553103e+04 3.113733e+03 -1.034043e+03 -2.323959e+03 3.502143e+03 8.537514e+03 8.110755e+03 1.476556e+03
-5.555556e-03 -5.253578e+04 -3.545254e+03 1.290085e+03 3.331760e+03 4.684502e+03 9.879292e+03 1.020971e+04 1.784826e+03 1.262951e+03 -3.286470e+03 4.044260e+04 -2.421152e+03 -1.025663e+04 1.761385e+03 3.195530e+03 -7.600742e+03 1.588328e+03 -3.736807e+03 4.609692e+04 -2.695228e+03 1.162672e+04 -2.147530e+03 -4.161615e+03 8.661156e+03 4.609140e+04 3.175057e+03 -1.017155e+03 -2.930389e+03 3.590794e+03 8.668295e+03 9.006633e+03 1.458648e+03
-5.353535e-03 -5.308347e+04 -3.617565e+03 1.267680e+03 4.061634e+03 4.798979e+03 1.001137e+04 1.128257e+04 1.760731e+03 1.240322e+03 -4.017117e+03 4.086316e+04 -2.469866e+03 -1.132885e+04 1.737040e+03 3.272952e+03 -7.701317e+03 1.560766e+03 -4.569677e+03 4.657689e+04 -2.752524e+03 1.284962e+04 -2.118276e+03 -4.260380e+03 8.776391e+03 4.657131e+04 3.236725e+03 -9.988668e+02 -3.570696e+03 3.680708e+03 8.783625e+03 9.947326e+03 1.438664e+03
-5.151515e-03 -5.352712e+04 -3.690154e+03 1.243441e+03 4.829799e+03 4.914906e+03 1.012331e+04 1.240595e+04 1.733966e+03 1.215910e+03 -4.786147e+03 4.120365e+04 -2.518745e+03 -1.245151e+04 1.710071e+03 3.351337e+03 -7.786420e+03 1.530953e+03 -5.446318e+03 4.696558e+04 -2.810035e+03 1.413011e+04 -2.085814e+03 -4.360411e+03 8.873983e+03 4.695995e+04 3.298611e+03 -9.791376e+02 -4.244582e+03 3.771728e+03 8.881298e+03 1.093225e+04 1.416504e+03
-4.949495e-03 -5.385382e+04 -3.762861e+03 1.217313e+03 5.635501e+03 5.032057e+03 1.021248e+04 1.357863e+04 1.704406e+03 1.189667e+03 -5.592809e+03 4.145414e+04 -2.567680e+03 -1.362337e+04 1.680357e+03 3.430533e+03 -7.854028e+03 1.498821e+03 -6.365871e+03 4.725168e+04 -2.867632e+03 1.546682e+04 -2.049995e+03 -4.461512e+03 8.951622e+03 4.724600e+04 3.360576e+03 -9.579304e+02 -4.951384e+03 3.863675e+03 8.959002e+03 1.196033e+04 1.392066e+03
-4.747475e-03 -5.405018e+04 -3.835510e+03 1.189249e+03 6.477521e+03 5.150173e+03 1.027612e+04 1.479874e+04 1.671927e+03 1.161553e+03 -6.435881e+03 4.160433e+04 -2.616553e+03 -1.484259e+04 1.647784e+03 3.510362e+03 -7.902035e+03 1.464309e+03 -7.326947e+03 4.742343e+04 -2.925178e+03 1.685761e+04 -2.010675e+03 -4.563459e+03 9.006903e+03 4.741772e+04 3.422472e+03 -9.352125e+02 -5.690033e+03 3.956343e+03 9.014331e+03 1.302994e+04 1.365253e+03
-4.545455e-03 -5.410245e+04 -3.907911e+03 1.159204e+03 7.354123e+03 5.268962e+03 1.031142e+04 1.606374e+04 1.636413e+03 1.131529e+03 -7.313628e+03 4.164364e+04 -2.665236e+03 -1.610660e+04 1.612239e+03 3.590628e+03 -7.928273e+03 1.427364e+03 -8.327565e+03 4.746877e+04 -2.982521e+03 1.829958e+04 -1.967714e+03 -4.666001e+03 9.037352e+03 4.746305e+04 3.484135e+03 -9.109558e+02 -6.459005e+03 4.049505e+03 9.044806e+03 1.413883e+04 1.335973e+03
-4.343434e-03 -5.399665e+04 -3.979861e+03 1.127142e+03 8.263005e+03 5.388097e+03 1.031548e+04 1.737030e+04 1.597754e+03 1.099567e+03 -8.223743e+03 4.156131e+04 -2.713593e+03 -1.741209e+04 1.573619e+03 3.671110e+03 -7.930539e+03 1.387939e+03 -9.365096e+03 4.737544e+04 -3.039501e+03 1.978894e+04 -1.920982e+03 -4.768855e+03 9.040450e+03 4.736973e+04 3.545394e+03 -8.851378e+02 -7.256281e+03 4.142903e+03 9.047909e+03 1.528409e+04 1.304136e+03
-4.141414e-03 -5.371879e+04 -4.051144e+03 1.093035e+03 9.201248e+03 5.507216e+03 1.028543e+04 1.871428e+04 1.555849e+03 1.065644e+03 -9.163305e+03 4.134660e+04 -2.761476e+03 -1.875492e+04 1.531830e+03 3.751564e+03 -7.906618e+03 1.345997e+03 -1.043621e+04 4.713118e+04 -3.095945e+03 2.132098e+04 -1.870360e+03 -4.871710e+03 9.013672e+03 4.712549e+04 3.606063e+03 -8.577420e+02 -8.079303e+03 4.236255e+03 9.021110e+03 1.646211e+04 1.269664e+03
-3.939394e-03 -5.325508e+04 -4.121528e+03 1.056862e+03 1.016528e+04 5.625922e+03 1.021841e+04 2.009066e+04 1.510605e+03 1.029746e+03 -1.012874e+04 4.098890e+04 -2.808733e+03 -2.013007e+04 1.486785e+03 3.831720e+03 -7.854326e+03 1.301512e+03 -1.153684e+04 4.672389e+04 -3.151672e+03 2.288996e+04 -1.815740e+03 -4.974222e+03 8.954519e+03 4.671824e+04 3.665946e+03 -8.287586e+02 -8.924938e+03 4.329248e+03 8.961911e+03 1.766846e+04 1.232484e+03
-3.737374e-03 -5.259218e+04 -4.190772e+03 1.018611e+03 1.115086e+04 5.743782e+03 1.011165e+04 2.149350e+04 1.461946e+03 9.918686e+02 -1.111578e+04 4.047793e+04 -2.855200e+03 -2.153161e+04 1.438414e+03 3.911288e+03 -7.771542e+03 1.254468e+03 -1.266211e+04 4.614187e+04 -3.206490e+03 2.448912e+04 -1.757031e+03 -5.076017e+03 8.860572e+03 4.613629e+04 3.724839e+03 -7.981853e+02 -9.789455e+03 4.421545e+03 8.867888e+03 1.889795e+04 1.192536e+03
-3.535354e-03 -5.171749e+04 -4.258622e+03 9.782816e+02 1.215301e+04 5.860328e+03 9.962529e+03 2.291591e+04 1.409810e+03 9.520166e+02 -1.211947e+04 3.980402e+04 -2.900709e+03 -2.295267e+04 1.386661e+03 3.989952e+03 -7.656257e+03 1.204862e+03 -1.380636e+04 4.537406e+04 -3.260199e+03 2.611060e+04 -1.694161e+03 -5.176690e+03 8.729534e+03 4.536856e+04 3.782525e+03 -7.660275e+02 -1.066850e+04 4.512781e+03 8.736745e+03 2.014455e+04 1.149771e+03
-3.333333e-03 -5.061943e+04 -4.324815e+03 9.358826e+02 1.316606e+04 5.975058e+03 9.768631e+03 2.435005e+04 1.354152e+03 9.102051e+02 -1.313410e+04 3.895826e+04 -2.945084e+03 -2.438540e+04 1.331487e+03 4.067374e+03 -7.506622e+03 1.152705e+03 -1.496312e+04 4.441032e+04 -3.312590e+03 2.774547e+04 -1.627078e+03 -5.275807e+03 8.559294e+03 4.440494e+04 3.838782e+03 -7.322988e+02 -1.155710e+04 4.602564e+03 8.566367e+03 2.140139e+04 1.104156e+03
-3.131313e-03 -4.928782e+04 -4.389079e+03 8.914355e+02 1.418364e+04 6.087440e+03 9.527819e+03 2.578715e+04 1.294949e+03 8.664603e+02 -1.415331e+04 3.793282e+04 -2.988145e+03 -2.582106e+04 1.272871e+03 4.143196e+03 -7.321000e+03 1.098021e+03 -1.612509e+04 4.324172e+04 -3.363449e+03 2.938373e+04 -1.555757e+03 -5.372907e+03 8.347982e+03 4.323647e+04 3.893381e+03 -6.970218e+02 -1.244966e+04 4.690479e+03 8.354883e+03 2.266077e+04 1.055673e+03
-2.929293e-03 -4.771420e+04 -4.451138e+03 8.449737e+02 1.519868e+04 6.196914e+03 9.238301e+03 2.721752e+04 1.232198e+03 8.208196e+02 -1.517000e+04 3.672119e+04 -3.029707e+03 -2.724995e+04 1.210818e+03 4.217041e+03 -7.098021e+03 1.040851e+03 -1.728421e+04 4.186083e+04 -3.412558e+03 3.101432e+04 -1.480196e+03 -5.467506e+03 8.094033e+03 4.185574e+04 3.946087e+03 -6.602279e+02 -1.333999e+04 4.776091e+03 8.100726e+03 2.391422e+04 1.004324e+03
-2.727273e-03 -4.589218e+04 -4.510710e+03 7.965431e+02 1.620351e+04 6.302895e+03 8.898711e+03 2.863065e+04 1.165925e+03 7.733322e+02 -1.617649e+04 3.531846e+04 -3.069585e+03 -2.866160e+04 1.145353e+03 4.288516e+03 -6.836640e+03 9.812484e+02 -1.843171e+04 4.026205e+04 -3.459694e+03 3.262527e+04 -1.400426e+03 -5.559097e+03 7.796251e+03 4.025716e+04 3.996665e+03 -6.219581e+02 -1.422135e+04 4.858945e+03 7.802700e+03 2.515253e+04 9.501299e+02
-2.525253e-03 -4.381780e+04 -4.567513e+03 7.462031e+02 1.718988e+04 6.404781e+03 8.508176e+03 3.001529e+04 1.096179e+03 7.240594e+02 -1.716453e+04 3.372159e+04 -3.107591e+03 -3.004475e+04 1.076530e+03 4.357218e+03 -6.536190e+03 9.192869e+02 -1.955817e+04 3.844192e+04 -3.504635e+03 3.420375e+04 -1.316511e+03 -5.647160e+03 7.453873e+03 3.843724e+04 4.044875e+03 -5.822625e+02 -1.508652e+04 4.938574e+03 7.460041e+03 2.636583e+04 8.931332e+02
-2.323232e-03 -4.148985e+04 -4.621267e+03 6.940259e+02 1.814911e+04 6.501959e+03 8.066384e+03 3.135958e+04 1.023041e+03 6.730742e+02 -1.812539e+04 3.192966e+04 -3.143541e+03 -3.138757e+04 1.004429e+03 4.422733e+03 -6.196434e+03 8.550542e+02 -2.065365e+04 3.639937e+04 -3.547159e+03 3.573624e+04 -1.228546e+03 -5.731161e+03 7.066629e+03 3.639494e+04 4.090483e+03 -5.412009e+02 -1.592787e+04 5.014501e+03 7.072479e+03 2.754375e+04 8.334005e+02
-2.121212e-03 -3.891020e+04 -4.671695e+03 6.400975e+02 1.907214e+04 6.593808e+03 7.573650e+03 3.265121e+04 9.466206e+02 6.204615e+02 -1.905002e+04 2.994409e+04 -3.177251e+03 -3.267777e+04 9.291605e+02 4.484646e+03 -5.817616e+03 7.886555e+02 -2.170784e+04 3.413604e+04 -3.587048e+03 3.720871e+04 -1.136664e+03 -5.810565e+03 6.634795e+03 3.413188e+04 4.133256e+03 -4.988420e+02 -1.673747e+04 5.086246e+03 6.640290e+03 2.867551e+04 7.710224e+02
-1.919192e-03 -3.608399e+04 -4.718529e+03 5.845169e+02 1.994976e+04 6.679714e+03 7.030965e+03 3.387763e+04 8.670605e+02 5.663179e+02 -1.992916e+04 2.776886e+04 -3.208546e+03 -3.390281e+04 8.508636e+02 4.542543e+03 -5.400496e+03 7.202122e+02 -2.271018e+04 3.165644e+04 -3.624091e+03 3.860684e+04 -1.041038e+03 -5.884838e+03 6.159240e+03 3.165258e+04 4.172968e+03 -4.552641e+02 -1.750723e+04 5.153330e+03 6.164342e+03 2.975010e+04 7.061146e+02
-1.717172e-03 -3.301987e+04 -4.761510e+03 5.273960e+02 2.077268e+04 6.759073e+03 6.440035e+03 3.502624e+04 7.845345e+02 5.107510e+02 -2.075353e+04 2.541060e+04 -3.237256e+03 -3.505012e+04 7.697086e+02 4.596020e+03 -4.946387e+03 6.498620e+02 -2.365007e+04 2.896817e+04 -3.658084e+03 3.991628e+04 -9.418740e+02 -5.953455e+03 5.641457e+03 2.896463e+04 4.209404e+03 -4.105538e+02 -1.822901e+04 5.215288e+03 5.646132e+03 3.075650e+04 6.388187e+02
-1.515152e-03 -2.973009e+04 -4.800395e+03 4.688591e+02 2.153178e+04 6.831302e+03 5.803308e+03 3.608466e+04 6.992485e+02 4.538792e+02 -2.151398e+04 2.287876e+04 -3.263220e+03 -3.610731e+04 6.858961e+02 4.644688e+03 -4.457164e+03 5.777581e+02 -2.451708e+04 2.608196e+04 -3.688836e+03 4.112289e+04 -8.394200e+02 -6.015914e+03 5.083591e+03 2.607877e+04 4.242359e+03 -3.648062e+02 -1.889482e+04 5.271667e+03 5.087804e+03 3.168385e+04 5.693016e+02
-1.313131e-03 -2.623053e+04 -4.834957e+03 4.090423e+02 2.221826e+04 6.895852e+03 5.123973e+03 3.704095e+04 6.114398e+02 3.958309e+02 -2.220170e+04 2.018553e+04 -3.286290e+03 -3.706250e+04 5.996562e+02 4.688175e+03 -3.935276e+03 5.040684e+02 -2.530118e+04 2.301175e+04 -3.716166e+03 4.221309e+04 -7.339593e+02 -6.071736e+03 4.488433e+03 2.300893e+04 4.271643e+03 -3.181239e+02 -1.949693e+04 5.322043e+03 4.492154e+03 3.252172e+04 4.977550e+02
-1.111111e-03 -2.254059e+04 -4.864990e+03 3.480924e+02 2.282388e+04 6.952215e+03 4.405951e+03 3.788394e+04 5.213754e+02 3.367433e+02 -2.280841e+04 1.734586e+04 -3.306331e+03 -3.790450e+04 5.112473e+02 4.726143e+03 -3.383729e+03 4.289745e+02 -2.599292e+04 1.977455e+04 -3.739914e+03 4.317411e+04 -6.258110e+02 -6.120480e+03 3.859416e+03 1.977213e+04 4.297085e+03 -2.706166e+02 -2.002811e+04 5.366021e+03 3.862616e+03 3.326030e+04 4.243946e+02
-9.090909e-04 -1.868306e+04 -4.890311e+03 2.861663e+02 2.334111e+04 6.999932e+03 3.653853e+03 3.860341e+04 4.293503e+02 2.767620e+02 -2.332658e+04 1.437727e+04 -3.323224e+03 -3.862312e+04 4.209539e+02 4.758285e+03 -2.806057e+03 3.526702e+02 -2.658370e+04 1.639035e+04 -3.759935e+03 4.399433e+04 -5.153267e+02 -6.161750e+03 3.200574e+03 1.638834e+04 4.318531e+03 -2.224003e+02 -2.048176e+04 5.403248e+03 3.203229e+03 3.389066e+04 3.494580e+02
-7.070707e-04 -1.468377e+04 -4.910763e+03 2.234291e+02 2.376334e+04 7.038607e+03 2.872921e+03 3.919042e+04 3.356842e+02 2.160394e+02 -2.374957e+04 1.129963e+04 -3.336865e+03 -3.920944e+04 3.290841e+02 4.784333e+03 -2.206280e+03 2.753600e+02 -2.706598e+04 1.288181e+04 -3.776105e+03 4.466354e+04 -4.028879e+02 -6.195201e+03 2.516497e+03 1.288023e+04 4.335851e+03 -1.735963e+02 -2.085209e+04 5.433417e+03 2.518585e+03 3.440496e+04 2.732026e+02
-5.050505e-04 -1.057126e+04 -4.926217e+03 1.600534e+02 2.408505e+04 7.067910e+03 2.068950e+03 3.963750e+04 2.407183e+02 1.547342e+02 -2.407187e+04 8.134897e+03 -3.347171e+03 -3.965599e+04 2.359662e+02 4.804069e+03 -1.588842e+03 1.972579e+02 -2.743344e+04 9.273964e+03 -3.788324e+03 4.517322e+04 -2.889010e+02 -6.220547e+03 1.812257e+03 9.272827e+03 4.348936e+03 -1.243303e+02 -2.113426e+04 5.456274e+03 1.813760e+03 3.479666e+04 1.959029e+02
-3.030303e-04 -6.376229e+03 -4.936575e+03 9.621734e+01 2.430196e+04 7.087589e+03 1.248184e+03 3.993885e+04 1.448111e+02 9.300931e+01 -2.428918e+04 4.906688e+03 -3.354078e+03 -3.995698e+04 1.419446e+02 4.817322e+03 -9.585288e+02 1.185846e+02 -2.768121e+04 5.593739e+03 -3.796513e+03 4.551678e+04 -1.737933e+02 -6.237569e+03 1.093318e+03 5.593053e+03 4.357707e+03 -7.473192e+01 -2.132451e+04 5.471623e+03 1.094225e+03 3.506069e+04 1.178471e+02
-1.010101e-04 -2.131022e+03 -4.941771e+03 3.210342e+01 2.441116e+04 7.097472e+03 4.172040e+02 4.009054e+04 4.833400e+01 3.103131e+01 -2.439858e+04 1.639880e+03 -3.357543e+03 -4.010848e+04 4.737593e+01 4.823978e+03 -3.203855e+02 3.956664e+01 -2.780594e+04 1.869503e+03 -3.800621e+03 4.568970e+04 -5.800685e+01 -6.246118e+03 3.654392e+02 1.869274e+03 4.362105e+03 -2.493298e+01 -2.142028e+04 5.479331e+03 3.657425e+02 3.519358e+04 3.933347e+01
1.010101e-04 2.131022e+03 -4.941771e+03 -3.210342e+01 2.441116e+04 7.097472e+03 -4.172040e+02 4.009054e+04 -4.833400e+01 -3.103131e+01 -2.439858e+04 -1.639880e+03 -3.357543e+03 -4.010848e+04 -4.737593e+01 4.823978e+03 3.203855e+02 -3.956664e+01 -2.780594e+04 -1.869503e+03 -3.800621e+03 4.568970e+04 5.800685e+01 -6.246118e+03 -3.654392e+02 -1.869274e+03 4.362105e+03 2.493298e+01 -2.142028e+04 5.479331e+03 -3.657425e+02 3.519358e+04 -3.933347e+01
3.030303e-04 6.376229e+03 -4.936575e+03 -9.621734e+01 2.430196e+04 7.087589e+03 -1.248184e+03 3.993885e+04 -1.448111e+02 -9.300931e+01 -2.428918e+04 -4.906688e+03 -3.354078e+03 -3.995698e+04 -1.419446e+02 4.817322e+03 9.585288e+02 -1.185846e+02 -2.768121e+04 -5.593739e+03 -3.796513e+03 4.551678e+04 1.737933e+02 -6.237569e+03 -1.093318e+03 -5.593053e+03 4.357707e+03 7.473192e+01 -2.132451e+04 5.471623e+03 -1.094225e+03 3.506069e+04 -1.178471e+02
5.050505e-04 1.057126e+04 -4.926217e+03 -1.600534e+02 2.408505e+04 7.067910e+03 -2.068950e+03 3.963750e+04 -2.407183e+02 -1.547342e+02 -2.407187e+04 -8.134897e+03 -3.347171e+03 -3.965599e+04 -2.359662e+02 4.804069e+03 1.588842e+03 -1.972579e+02 -2.743344e+04 -9.273964e+03 -3.788324e+03 4.517322e+04 2.889010e+02 -6.220547e+03 -1.812257e+03 -9.272827e+03 4.348936e+03 1.243303e+02 -2.113426e+04 5.456274e+03 -1.813760e+03 3.479666e+04 -1.959029e+02
7.070707e-04 1.468377e+04 -4.910763e+03 -2.234291e+02 2.376334e+04 7.038607e+03 -2.872921e+03 3.919042e+04 -3.356842e+02 -2.160394e+02 -2.374957e+04 -1.129963e+04 -3.336865e+03 -3.920944e+04 -3.290841e+02 4.784333e+03 2.206280e+03 -2.753600e+02 -2.706598e+04 -1.288181e+04 -3.776105e+03 4.466354e+04 4.028879e+02 -6.195201e+03 -2.516497e+03 -1.288023e+04 4.335851e+03 1.735963e+02 -2.085209e+04 5.433417e+03 -2.518585e+03 3.440496e+04 -2.732026e+02
9.090909e-04 1.868306e+04 -4.890311e+03 -2.861663e+02 2.334111e+04 6.999932e+03 -3.653853e+03 3.860341e+04 -4.293503e+02 -2.767620e+02 -2.332658e+04 -1.437727e+04 -3.323224e+03 -3.862312e+04 -4.209539e+02 4.758285e+03 2.806057e+03 -3.526702e+02 -2.658370e+04 -1.639035e+04 -3.759935e+03 4.399433e+04 5.153267e+02 -6.161750e+03 -3.200574e+03 -1.638834e+04 4.318531e+03 2.224003e+02 -2.048176e+04 5.403248e+03 -3.203229e+03 3.389066e+04 -3.494580e+02
1.111111e-03 2.254059e+04 -4.864990e+03 -3.480924e+02 2.282388e+04 6.952215e+03 -4.405951e+03 3.788394e+04 -5.213754e+02 -3.367433e+02 -2.280841e+04 -1.734586e+04 -3.306331e+03 -3.790450e+04 -5.112473e+02 4.726143e+03 3.383729e+03 -4.289745e+02 -2.599292e+04 -1.977455e+04 -3.739914e+03 4.317411e+04 6.258110e+02 -6.120480e+03 -3.859416e+03 -1.977213e+04 4.297085e+03 2.706166e+02 -2.002811e+04 5.366021e+03 -3.862616e+03 3.326030e+04 -4.243946e+02
1.313131e-03 2.623053e+04 -4.834957e+03 -4.090423e+02 2.221826e+04 6.895852e+03 -5.123973e+03 3.704095e+04 -6.114398e+02 -3.958309e+02 -2.220170e+04 -2.018553e+04 -3.286290e+03 -3.706250e+04 -5.996562e+02 4.688175e+03 3.935276e+03 -5.040684e+02 -2.530118e+04 -2.301175e+04 -3.716166e+03 4.221309e+04 7.339593e+02 -6.071736e+03 -4.488433e+03 -2.300893e+04 4.271643e+03 3.181239e+02 -1.949693e+04 5.322043e+03 -4.492154e+03 3.252172e+04 -4.977550e+02
1.515152e-03 2.973009e+04 -4.800395e+03 -4.688591e+02 2.153178e+04 6.831302e+03 -5.803308e+03 3.608466e+04 -6.992485e+02 -4.538792e+02 -2.151398e+04 -2.287876e+04 -3.263220e+03 -3.610731e+04 -6.858961e+02 4.644688e+03 4.457164e+03 -5.777581e+02 -2.451708e+04 -2.608196e+04 -3.688836e+03 4.112289e+04 8.394200e+02 -6.015914e+03 -5.083591e+03 -2.607877e+04 4.242359e+03 3.648062e+02 -1.889482e+04 5.271667e+03 -5.087804e+03 3.168385e+04 -5.693016e+02
1.717172e-03 3.301987e+04 -4.761510e+03 -5.273960e+02 2.077268e+04 6.759073e+03 -6.440035e+03 3.502624e+04 -7.845345e+02 -5.107510e+02 -2.075353e+04 -2.541060e+04 -3.237256e+03 -3.505012e+04 -7.697086e+02 4.596020e+03 4.946387e+03 -6.498620e+02 -2.365007e+04 -2.896817e+04 -3.658084e+03 3.991628e+04 9.418740e+02 -5.953455e+03 -5.641457e+03 -2.896463e+04 4.209404e+03 4.105538e+02 -1.822901e+04 5.215288e+03 -5.646132e+03 3.075650e+04 -6.388187e+02
1.919192e-03 3.608399e+04 -4.718529e+03 -5.845169e+02 1.994976e+04 6.679714e+03 -7.030965e+03 3.387763e+04 -8.670605e+02 -5.663179e+02 -1.992916e+04 -2.776886e+04 -3.208546e+03 -3.390281e+04 -8.508636e+02 4.542543e+03 5.400496e+03 -7.202122e+02 -2.271018e+04 -3.165644e+04 -3.624091e+03 3.860684e+04 1.041038e+03 -5.884838e+03 -6.159240e+03 -3.165258e+04 4.172968e+03 4.552641e+02 -1.750723e+04 5.153330e+03 -6.164342e+03 2.975010e+04 -7.061146e+02
2.121212e-03 3.891020e+04 -4.671695e+03 -6.400975e+02 1.907214e+04 6.593808e+03 -7.573650e+03 3.265121e+04 -9.466206e+02 -6.204615e+02 -1.905002e+04 -2.994409e+04 -3.177251e+03 -3.267777e+04 -9.291605e+02 4.484646e+03 5.817616e+03 -7.886555e+02 -2.170784e+04 -3.413604e+04 -3.587048e+03 3.720871e+04 1.136664e+03 -5.810565e+03 -6.634795e+03 -3.413188e+04 4.133256e+03 4.988420e+02 -1.673747e+04 5.086246e+03 -6.640290e+03 2.867551e+04 -7.710224e+02
2.323232e-03 4.148985e+04 -4.621267e+03 -6.940259e+02 1.814911e+04 6.501959e+03 -8.066384e+03 3.135958e+04 -1.023041e+03 -6.730742e+02 -1.812539e+04 -3.192966e+04 -3.143541e+03 -3.138757e+04 -1.004429e+03 4.422733e+03 6.196434e+03 -8.550542e+02 -2.065365e+04 -3.639937e+04 -3.547159e+03 3.573624e+04 1.228546e+03 -5.731161e+03 -7.066629e+03 -3.639494e+04 4.090483e+03 5.412009e+02 -1.592787e+04 5.014501e+03 -7.072479e+03 2.754375e+04 -8.334005e+02
2.525253e-03 4.381780e+04 -4.567513e+03 -7.462031e+02 1.718988e+04 6.404781e+03 -8.508176e+03 3.001529e+04 -1.096179e+03 -7.240594e+02 -1.716453e+04 -3.372159e+04 -3.107591e+03 -3.004475e+04 -1.076530e+03 4.357218e+03 6.536190e+03 -9.192869e+02 -1.955817e+04 -3.844192e+04 -3.504635e+03 3.420375e+04 1.316511e+03 -5.647160e+03 -7.453873e+03 -3.843724e+04 4.044875e+03 5.822625e+02 -1.508652e+04 4.938574e+03 -7.460041e+03 2.636583e+04 -8.931332e+02
2.727273e-03 4.589218e+04 -4.510710e+03 -7.965431e+02 1.620351e+04 6.302895e+03 -8.898711e+03 2.863065e+04 -1.165925e+03 -7.733322e+02 -1.617649e+04 -3.531846e+04 -3.069585e+03 -2.866160e+04 -1.145353e+03 4.288516e+03 6.836640e+03 -9.812484e+02 -1.843171e+04 -4.026205e+04 -3.459694e+03 3.262527e+04 1.400426e+03 -5.559097e+03 -7.796251e+03 -4.025716e+04 3.996665e+03 6.219581e+02 -1.422135e+04 4.858945e+03 -7.802700e+03 2.515253e+04 -9.501299e+02
2.929293e-03 4.771420e+04 -4.451138e+03 -8.449737e+02 1.519868e+04 6.196914e+03 -9.238301e+03 2.721752e+04 -1.232198e+03 -8.208196e+02 -1.517000e+04 -3.672119e+04 -3.029707e+03 -2.724995e+04 -1.210818e+03 4.217041e+03 7.098021e+03 -1.040851e+03 -1.728421e+04 -4.186083e+04 -3.412558e+03 3.101432e+04 1.480196e+03 -5.467506e+03 -8.094033e+03 -4.185574e+04 3.946087e+03 6.602279e+02 -1.333999e+04 4.776091e+03 -8.100726e+03 2.391422e+04 -1.004324e+03
3.131313e-03 4.928782e+04 -4.389079e+03 -8.914355e+02 1.418364e+04 6.087440e+03 -9.527819e+03 2.578715e+04 -1.294949e+03 -8.664603e+02 -1.415331e+04 -3.793282e+04 -2.988145e+03 -2.582106e+04 -1.272871e+03 4.143196e+03 7.321000e+03 -1.098021e+03 -1.612509e+04 -4.324172e+04 -3.363449e+03 2.938373e+04 1.555757e+03 -5.372907e+03 -8.347982e+03 -4.323647e+04 3.893381e+03 6.970218e+02 -1.244966e+04 4.690479e+03 -8.354883e+03 2.266077e+04 -1.055673e+03
3.333333e-03 5.061943e+04 -4.324815e+03 -9.358826e+02 1.316606e+04 5.975058e+03 -9.768631e+03 2.435005e+04 -1.354152e+03 -9.102051e+02 -1.313410e+04 -3.895826e+04 -2.945084e+03 -2.438540e+04 -1.331487e+03 4.067374e+03 7.506622e+03 -1.152705e+03 -1.496312e+04 -4.441032e+04 -3.312590e+03 2.774547e+04 1.627078e+03 -5.275807e+03 -8.559294e+03 -4.440494e+04 3.838782e+03 7.322988e+02 -1.155710e+04 4.602564e+03 -8.566367e+03 2.140139e+04 -1.104156e+03
3.535354e-03 5.171749e+04 -4.258622e+03 -9.782816e+02 1.215301e+04 5.860328e+03 -9.962529e+03 2.291591e+04 -1.409810e+03 -9.520166e+02 -1.211947e+04 -3.980402e+04 -2.900709e+03 -2.295267e+04 -1.386661e+03 3.989952e+03 7.656257e+03 -1.204862e+03 -1.380636e+04 -4.537406e+04 -3.260199e+03 2.611060e+04 1.694161e+03 -5.176690e+03 -8.729534e+03 -4.536856e+04 3.782525e+03 7.660275e+02 -1.066850e+04 4.512781e+03 -8.736745e+03 2.014455e+04 -1.149771e+03
3.737374e-03 5.259218e+04 -4.190772e+03 -1.018611e+03 1.115086e+04 5.743782e+03 -1.011165e+04 2.149350e+04 -1.461946e+03 -9.918686e+02 -1.111578e+04 -4.047793e+04 -2.855200e+03 -2.153161e+04 -1.438414e+03 3.911288e+03 7.771542e+03 -1.254468e+03 -1.266211e+04 -4.614187e+04 -3.206490e+03 2.448912e+04 1.757031e+03 -5.076017e+03 -8.860572e+03 -4.613629e+04 3.724839e+03 7.981853e+02 -9.789455e+03 4.421545e+03 -8.867888e+03 1.889795e+04 -1.192536e+03
3.939394e-03 5.325508e+04 -4.121528e+03 -1.056862e+03 1.016528e+04 5.625922e+03 -1.021841e+04 2.009066e+04 -1.510605e+03 -1.029746e+03 -1.012874e+04 -4.098890e+04 -2.808733e+03 -2.013007e+04 -1.486785e+03 3.831720e+03 7.854326e+03 -1.301512e+03 -1.153684e+04 -4.672389e+04 -3.151672e+03 2.288996e+04 1.815740e+03 -4.974222e+03 -8.954519e+03 -4.671824e+04 3.665946e+03 8.287586e+02 -8.924938e+03 4.329248e+03 -8.961911e+03 1.766846e+04 -1.232484e+03
4.141414e-03 5.371879e+04 -4.051144e+03 -1.093035e+03 9.201248e+03 5.507216e+03 -1.028543e+04 1.871428e+04 -1.555849e+03 -1.065644e+03 -9.163305e+03 -4.134660e+04 -2.761476e+03 -1.875492e+04 -1.531830e+03 3.751564e+03 7.906618e+03 -1.345997e+03 -1.043621e+04 -4.713118e+04 -3.095945e+03 2.132098e+04 1.870360e+03 -4.871710e+03 -9.013672e+03 -4.712549e+04 3.606063e+03 8.577420e+02 -8.079303e+03 4.236255e+03 -9.021110e+03 1.646211e+04 -1.269664e+03
4.343434e-03 5.399665e+04 -3.979861e+03 -1.127142e+03 8.263005e+03 5.388097e+03 -1.031548e+04 1.737030e+04 -1.597754e+03 -1.099567e+03 -8.223743e+03 -4.156131e+04 -2.713593e+03 -1.741209e+04 -1.573619e+03 3.671110e+03 7.930539e+03 -1.387939e+03 -9.365096e+03 -4.737544e+04 -3.039501e+03 1.978894e+04 1.920982e+03 -4.768855e+03 -9.040450e+03 -4.736973e+04 3.545394e+03 8.851378e+02 -7.256281e+03 4.142903e+03 -9.047909e+03 1.528409e+04 -1.304136e+03
4.545455e-03 5.410245e+04 -3.907911e+03 -1.159204e+03 7.354123e+03 5.268962e+03 -1.031142e+04 1.606374e+04 -1.636413e+03 -1.131529e+03 -7.313628e+03 -4.164364e+04 -2.665236e+03 -1.610660e+04 -1.612239e+03 3.590628e+03 7.928273e+03 -1.427364e+03 -8.327565e+03 -4.746877e+04 -2.982521e+03 1.829958e+04 1.967714e+03 -4.666001e+03 -9.037352e+03 -4.746305e+04 3.484135e+03 9.109558e+02 -6.459005e+03 4.049505e+03 -9.044806e+03 1.413883e+04 -1.335973e+03
4.747475e-03 5.405018e+04 -3.835510e+03 -1.189249e+03 6.477521e+03 5.150173e+03 -1.027612e+04 1.479874e+04 -1.671927e+03 -1.161553e+03 -6.435881e+03 -4.160433e+04 -2.616553e+03 -1.484259e+04 -1.647784e+03 3.510362e+03 7.902035e+03 -1.464309e+03 -7.326947e+03 -4.742343e+04 -2.925178e+03 1.685761e+04 2.010675e+03 -4.563459e+03 -9.006903e+03 -4.741772e+04 3.422472e+03 9.352125e+02 -5.690033e+03 3.956343e+03 -9.014331e+03 1.302994e+04 -1.365253e+03
4.949495e-03 5.385382e+04 -3.762861e+03 -1.217313e+03 5.635501e+03 5.032057e+03 -1.021248e+04 1.357863e+04 -1.704406e+03 -1.189667e+03 -5.592809e+03 -4.145414e+04 -2.567680e+03 -1.362337e+04 -1.680357e+03 3.430533e+03 7.854028e+03 -1.498821e+03 -6.365871e+03 -4.725168e+04 -2.867632e+03 1.546682e+04 2.049995e+03 -4.461512e+03 -8.951622e+03 -4.724600e+04 3.360576e+03 9.579304e+02 -4.951384e+03 3.863675e+03 -8.959002e+03 1.196033e+04 -1.392066e+03
5.151515e-03 5.352712e+04 -3.690154e+03 -1.243441e+03 4.829799e+03 4.914906e+03 -1.012331e+04 1.240595e+04 -1.733966e+03 -1.215910e+03 -4.786147e+03 -4.120365e+04 -2.518745e+03 -1.245151e+04 -1.710071e+03 3.351337e+03 7.786420e+03 -1.530953e+03 -5.446318e+03 -4.696558e+04 -2.810035e+03 1.413011e+04 2.085814e+03 -4.360411e+03 -8.873983e+03 -4.695995e+04 3.298611e+03 9.791376e+02 -4.244582e+03 3.771728e+03 -8.881298e+03 1.093225e+04 -1.416504e+03
5.353535e-03 5.308347e+04 -3.617565e+03 -1.267680e+03 4.061634e+03 4.798979e+03 -1.001137e+04 1.128257e+04 -1.760731e+03 -1.240322e+03 -4.017117e+03 -4.086316e+04 -2.469866e+03 -1.132885e+04 -1.737040e+03 3.272952e+03 7.701317e+03 -1.560766e+03 -4.569677e+03 -4.657689e+04 -2.752524e+03 1.284962e+04 2.118276e+03 -4.260380e+03 -8.776391e+03 -4.657131e+04 3.236725e+03 9.988668e+02 -3.570696e+03 3.680708e+03 -8.783625e+03 9.947326e+03 -1.438664e+03
5.555556e-03 5.253578e+04 -3.545254e+03 -1.290085e+03 3.331760e+03 4.684502e+03 -9.879292e+03 1.020971e+04 -1.784826e+03 -1.262951e+03 -3.286470e+03 -4.044260e+04 -2.421152e+03 -1.025663e+04 -1.761385e+03 3.195530e+03 7.600742e+03 -1.588328e+03 -3.736807e+03 -4.609692e+04 -2.695228e+03 1.162672e+04 2.147530e+03 -4.161615e+03 -8.661156e+03 -4.609140e+04 3.175057e+03 1.017155e+03 -2.930389e+03 3.590794e+03 -8.668295e+03 9.006633e+03 -1.458648e+03
5.757576e-03 5.189637e+04 -3.473367e+03 -1.310712e+03 2.640517e+03 4.571675e+03 -9.729600e+03 9.188032e+03 -1.806378e+03 -1.283848e+03 -2.594548e+03 -3.995144e+04 -2.372703e+03 -9.235502e+03 -1.783228e+03 3.119206e+03 7.486625e+03 -1.613710e+03 -2.948094e+03 -4.553648e+04 -2.638262e+03 1.046219e+04 2.173728e+03 -4.064286e+03 -8.530483e+03 -4.553103e+04 3.113733e+03 1.034043e+03 -2.323959e+03 3.502143e+03 -8.537514e+03 8.110755e+03 -1.476556e+03
5.959596e-03 5.117690e+04 -3.402039e+03 -1.329623e+03 1.987886e+03 4.460666e+03 -9.564667e+03 8.217710e+03 -1.825514e+03 -1.303070e+03 -1.941326e+03 -3.939865e+04 -2.324609e+03 -8.265648e+03 -1.802690e+03 3.044096e+03 7.360788e+03 -1.636988e+03 -2.203511e+03 -4.490578e+04 -2.581732e+03 9.356208e+03 2.197022e+03 -3.968538e+03 -8.386449e+03 -4.490042e+04 3.052866e+03 1.049574e+03 -1.751389e+03 3.414888e+03 -8.393362e+03 7.259846e+03 -1.492492e+03
6.161616e-03 5.038831e+04 -3.331388e+03 -1.346880e+03 1.373531e+03 4.351620e+03 -9.386721e+03 7.298487e+03 -1.842363e+03 -1.320673e+03 -1.326469e+03 -3.879266e+04 -2.276952e+03 -7.346813e+03 -1.819895e+03 2.970298e+03 7.224937e+03 -1.658240e+03 -1.502674e+03 -4.421444e+04 -2.525735e+03 8.308487e+03 2.217564e+03 -3.874495e+03 -8.231004e+03 -4.420917e+04 2.992560e+03 1.063795e+03 -1.212387e+03 3.329145e+03 -8.237789e+03 6.453685e+03 -1.506559e+03
6.363636e-03 4.954081e+04 -3.261523e+03 -1.362550e+03 7.968566e+02 4.244657e+03 -9.197833e+03 6.429742e+03 -1.857051e+03 -1.336718e+03 -7.493761e+02 -3.814131e+04 -2.229806e+03 -6.478378e+03 -1.834965e+03 2.897893e+03 7.080659e+03 -1.677546e+03 -8.448977e+02 -4.347141e+04 -2.470354e+03 7.318318e+03 2.235505e+03 -3.782260e+03 -8.065961e+03 -4.346623e+04 2.932907e+03 1.076752e+03 -7.064297e+02 3.245008e+03 -8.072611e+03 5.691728e+03 -1.518858e+03
6.565657e-03 4.864387e+04 -3.192537e+03 -1.376698e+03 2.570412e+02 4.139873e+03 -8.999915e+03 5.610545e+03 -1.869701e+03 -1.351267e+03 -2.092231e+02 -3.745188e+04 -2.183235e+03 -5.659416e+03 -1.848019e+03 2.826950e+03 6.929424e+03 -1.694990e+03 -2.292419e+02 -4.268499e+04 -2.415665e+03 6.384639e+03 2.250992e+03 -3.691917e+03 -7.892994e+03 -4.267991e+04 2.873989e+03 1.088496e+03 -2.327976e+02 3.162558e+03 -7.899503e+03 4.973164e+03 -1.529488e+03
6.767677e-03 4.770618e+04 -3.124514e+03 -1.389391e+03 -2.469165e+02 4.037349e+03 -8.794724e+03 4.839714e+03 -1.880435e+03 -1.364382e+03 2.949951e+02 -3.673107e+04 -2.137296e+03 -4.888749e+03 -1.859174e+03 2.757521e+03 6.772576e+03 -1.710654e+03 3.454405e+02 -4.186280e+04 -2.361734e+03 5.506100e+03 2.264170e+03 -3.603533e+03 -7.713641e+03 -4.185783e+04 2.815878e+03 1.099076e+03 2.093870e+02 3.081857e+03 -7.720003e+03 4.296959e+03 -1.538549e+03
6.969697e-03 4.673570e+04 -3.057525e+03 -1.400697e+03 -7.161634e+02 3.937143e+03 -8.583862e+03 4.115858e+03 -1.889371e+03 -1.376127e+03 7.644296e+02 -3.598500e+04 -2.092039e+03 -4.164990e+03 -1.868545e+03 2.689649e+03 6.611346e+03 -1.724621e+03 8.804625e+02 -4.101184e+04 -2.308619e+03 4.681118e+03 2.275181e+03 -3.517158e+03 -7.529304e+03 -4.100697e+04 2.758636e+03 1.108543e+03 6.211296e+02 3.002954e+03 -7.535517e+03 3.661899e+03 -1.546134e+03
7.171717e-03 4.573970e+04 -2.991634e+03 -1.410682e+03 -1.151959e+03 3.839299e+03 -8.368782e+03 3.437427e+03 -1.896622e+03 -1.386566e+03 1.200344e+03 -3.521925e+04 -2.047508e+03 -3.486592e+03 -1.876243e+03 2.623364e+03 6.446847e+03 -1.736973e+03 1.377265e+03 -4.013846e+04 -2.256369e+03 3.907923e+03 2.284160e+03 -3.432830e+03 -7.341255e+03 -4.013370e+04 2.702318e+03 1.116948e+03 1.003534e+03 2.925885e+03 -7.347315e+03 3.066626e+03 -1.552337e+03
7.373737e-03 4.472470e+04 -2.926892e+03 -1.419413e+03 -1.555647e+03 3.743847e+03 -8.150792e+03 2.802746e+03 -1.902299e+03 -1.395761e+03 1.604085e+03 -3.443886e+04 -2.003739e+03 -2.851887e+03 -1.882374e+03 2.558686e+03 6.280083e+03 -1.747792e+03 1.837386e+03 -3.924841e+04 -2.205027e+03 3.184606e+03 2.291239e+03 -3.350574e+03 -7.150640e+03 -3.924375e+04 2.646969e+03 1.124341e+03 1.357779e+03 2.850675e+03 -7.156545e+03 2.509677e+03 -1.557246e+03
7.575758e-03 4.369661e+04 -2.863344e+03 -1.426954e+03 -1.928627e+03 3.650803e+03 -7.931064e+03 2.210054e+03 -1.906507e+03 -1.403774e+03 1.977060e+03 -3.364836e+04 -1.960762e+03 -2.259114e+03 -1.887042e+03 2.495627e+03 6.111954e+03 -1.757159e+03 2.262427e+03 -3.834685e+04 -2.154626e+03 2.509158e+03 2.296544e+03 -3.270402e+03 -6.958485e+03 -3.834230e+04 2.592628e+03 1.130773e+03 1.685092e+03 2.777338e+03 -6.964234e+03 1.989509e+03 -1.560947e+03
7.777778e-03 4.266069e+04 -2.801024e+03 -1.433371e+03 -2.272338e+03 3.560172e+03 -7.710642e+03 1.657528e+03 -1.909347e+03 -1.410668e+03 2.320708e+03 -3.285181e+04 -1.918603e+03 -1.706456e+03 -1.890344e+03 2.434193e+03 5.943261e+03 -1.765152e+03 2.654033e+03 -3.743840e+04 -2.105196e+03 1.879499e+03 2.300198e+03 -3.192319e+03 -6.765704e+03 -3.743397e+04 2.539325e+03 1.136293e+03 1.986733e+03 2.705881e+03 -6.771297e+03 1.504529e+03 -1.563522e+03
7.979798e-03 4.162164e+04 -2.739961e+03 -1.438725e+03 -2.588235e+03 3.471949e+03 -7.490450e+03 1.143313e+03 -1.910915e+03 -1.416501e+03 2.636490e+03 -3.205281e+04 -1.877281e+03 -1.192062e+03 -1.892377e+03 2.374380e+03 5.774713e+03 -1.771848e+03 3.013868e+03 -3.652718e+04 -2.056759e+03 1.293516e+03 2.302314e+03 -3.116319e+03 -6.573106e+03 -3.652287e+04 2.487087e+03 1.140949e+03 2.263979e+03 2.636300e+03 -6.578544e+03 1.053112e+03 -1.565050e+03
8.181818e-03 4.058358e+04 -2.680176e+03 -1.443077e+03 -2.877772e+03 3.386120e+03 -7.271299e+03 6.655435e+02 -1.911303e+03 -1.421334e+03 2.925864e+03 -3.125454e+04 -1.836812e+03 -7.140687e+02 -1.893228e+03 2.316180e+03 5.606933e+03 -1.777321e+03 3.343596e+03 -3.561683e+04 -2.009332e+03 7.490796e+02 2.303003e+03 -3.042390e+03 -6.381401e+03 -3.561262e+04 2.435931e+03 1.144790e+03 2.518104e+03 2.568587e+03 -6.386685e+03 6.336264e+02 -1.565605e+03
8.383838e-03 3.955017e+04 -2.621684e+03 -1.446486e+03 -3.142393e+03 3.302664e+03 -7.053896e+03 2.223590e+02 -1.910599e+03 -1.425223e+03 3.190278e+03 -3.045981e+04 -1.797208e+03 -2.706212e+02 -1.892985e+03 2.259579e+03 5.440466e+03 -1.781644e+03 3.644867e+03 -3.471052e+04 -1.962927e+03 2.440694e+02 2.302371e+03 -2.970512e+03 -6.191211e+03 -3.470642e+04 2.385872e+03 1.147859e+03 2.750376e+03 2.502727e+03 -6.196342e+03 2.444436e+02 -1.565258e+03
8.585859e-03 3.852456e+04 -2.564495e+03 -1.449008e+03 -3.383518e+03 3.221553e+03 -6.838857e+03 -1.880774e+02 -1.908885e+03 -1.428223e+03 3.431156e+03 -2.967106e+04 -1.758474e+03 1.401145e+02 -1.891728e+03 2.204560e+03 5.275782e+03 -1.784888e+03 3.919307e+03 -3.381105e+04 -1.917552e+03 -2.236095e+02 2.300515e+03 -2.900662e+03 -6.003073e+03 -3.380705e+04 2.336918e+03 1.150204e+03 2.962039e+03 2.438698e+03 -6.008053e+03 -1.160442e+02 -1.564077e+03
8.787879e-03 3.750951e+04 -2.508613e+03 -1.450699e+03 -3.602535e+03 3.142754e+03 -6.626706e+03 -5.675679e+02 -1.906239e+03 -1.430388e+03 3.649888e+03 -2.889040e+04 -1.720616e+03 5.199374e+02 -1.889534e+03 2.151100e+03 5.113286e+03 -1.787118e+03 4.168499e+03 -3.292082e+04 -1.873211e+03 -6.560121e+02 2.297531e+03 -2.832810e+03 -5.817448e+03 -3.291693e+04 2.289075e+03 1.151866e+03 3.154309e+03 2.376477e+03 -5.822279e+03 -4.494147e+02 -1.562125e+03
8.989899e-03 3.650738e+04 -2.454037e+03 -1.451612e+03 -3.800791e+03 3.066228e+03 -6.417891e+03 -9.178701e+02 -1.902734e+03 -1.431769e+03 3.847826e+03 -2.811965e+04 -1.683635e+03 8.706019e+02 -1.886475e+03 2.099174e+03 4.953322e+03 -1.788399e+03 4.393987e+03 -3.204190e+04 -1.829904e+03 -1.055142e+03 2.293506e+03 -2.766922e+03 -5.634728e+03 -3.203812e+04 2.242342e+03 1.152888e+03 3.328369e+03 2.316034e+03 -5.639412e+03 -7.572064e+02 -1.559462e+03
9.191919e-03 3.552017e+04 -2.400765e+03 -1.451796e+03 -3.979590e+03 2.991934e+03 -6.212789e+03 -1.240689e+03 -1.898440e+03 -1.432416e+03 4.026276e+03 -2.736035e+04 -1.647527e+03 1.193810e+03 -1.882621e+03 2.048755e+03 4.796181e+03 -1.788794e+03 4.597259e+03 -3.117606e+04 -1.787629e+03 -1.422944e+03 2.288524e+03 -2.702963e+03 -5.455243e+03 -3.117239e+04 2.196717e+03 1.153309e+03 3.485361e+03 2.257338e+03 -5.459784e+03 -1.040912e+03 -1.556145e+03
9.393939e-03 3.454958e+04 -2.348787e+03 -1.451300e+03 -4.140184e+03 2.919828e+03 -6.011710e+03 -1.537670e+03 -1.893423e+03 -1.432376e+03 4.186495e+03 -2.661381e+04 -1.612289e+03 1.491204e+03 -1.878035e+03 1.999813e+03 4.642101e+03 -1.788362e+03 4.779749e+03 -3.032478e+04 -1.746378e+03 -1.761295e+03 2.282664e+03 -2.640893e+03 -5.279267e+03 -3.032121e+04 2.152195e+03 1.153168e+03 3.626384e+03 2.200355e+03 -5.283668e+03 -1.301971e+03 -1.552228e+03
9.595960e-03 3.359701e+04 -2.298095e+03 -1.450170e+03 -4.283776e+03 2.849860e+03 -5.814910e+03 -1.810396e+03 -1.887743e+03 -1.431695e+03 4.329688e+03 -2.588111e+04 -1.577915e+03 1.764364e+03 -1.872779e+03 1.952316e+03 4.491279e+03 -1.787158e+03 4.942829e+03 -2.948930e+04 -1.706144e+03 -2.071998e+03 2.275998e+03 -2.580670e+03 -5.107022e+03 -2.948582e+04 2.108766e+03 1.152502e+03 3.752493e+03 2.145048e+03 -5.111286e+03 -1.541772e+03 -1.547760e+03
9.797980e-03 3.266360e+04 -2.248673e+03 -1.448450e+03 -4.411514e+03 2.781982e+03 -5.622590e+03 -2.060383e+03 -1.881457e+03 -1.430415e+03 4.457004e+03 -2.516313e+04 -1.544396e+03 2.014805e+03 -1.866909e+03 1.906232e+03 4.343871e+03 -1.785237e+03 5.087813e+03 -2.867061e+04 -1.666917e+03 -2.356783e+03 2.268598e+03 -2.522251e+03 -4.938687e+03 -2.866723e+04 2.066419e+03 1.151345e+03 3.864693e+03 2.091380e+03 -4.942816e+03 -1.761640e+03 -1.542790e+03
1.000000e-02 3.175028e+04 -2.200507e+03 -1.446182e+03 -4.524489e+03 2.716143e+03 -5.434906e+03 -2.289081e+03 -1.874621e+03 -1.428578e+03 4.569538e+03 -2.446057e+04 -1.511721e+03 2.243972e+03 -1.860478e+03 1.861526e+03 4.199998e+03 -1.782649e+03 5.215948e+03 -2.786952e+04 -1.628684e+03 -2.617302e+03 2.260526e+03 -2.465592e+03 -4.774398e+03 -2.786623e+04 2.025143e+03 1.149732e+03 3.963942e+03 2.039311e+03 -4.778397e+03 -1.962845e+03 -1.537360e+03
