-1.000000e-02 -5.150577e+04 -2.303209e+03 2.025993e+03 -1.351176e+04 3.109375e+03 3.108642e+03 -1.021696e+04 2.539727e+03 1.995392e+03 1.357617e+04 3.968967e+04 -1.587399e+03 1.015256e+04 2.513092e+03 2.134129e+03 -2.428049e+03 2.479036e+03 1.547478e+04 4.521515e+04 -1.690969e+03 -1.164685e+04 -3.057033e+03 -2.827021e+03 2.743908e+03 4.521144e+04 2.139270e+03 -1.619732e+03 1.185447e+04 2.333664e+03 2.748632e+03 -8.906736e+03 2.080423e+03
-9.797980e-03 -5.394040e+04 -2.371976e+03 2.046513e+03 -1.381789e+04 3.218692e+03 3.308526e+03 -1.028900e+04 2.573197e+03 2.014580e+03 1.388401e+04 4.156416e+04 -1.634446e+03 1.022286e+04 2.545311e+03 2.208746e+03 -2.581972e+03 2.503744e+03 1.582576e+04 4.735152e+04 -1.745028e+03 -1.172912e+04 -3.096754e+03 -2.922012e+03 2.919214e+03 4.734763e+04 2.199176e+03 -1.635552e+03 1.212295e+04 2.419640e+03 2.924188e+03 -8.968264e+03 2.107487e+03
-9.595960e-03 -5.652053e+04 -2.443667e+03 2.067077e+03 -1.412837e+04 3.333887e+03 3.521248e+03 -1.034514e+04 2.607329e+03 2.033733e+03 1.419626e+04 4.355064e+04 -1.683489e+03 1.027719e+04 2.578115e+03 2.287369e+03 -2.745747e+03 2.528505e+03 1.618177e+04 4.961554e+04 -1.801384e+03 -1.179327e+04 -3.137232e+03 -3.022121e+03 3.105757e+03 4.961146e+04 2.261625e+03 -1.651339e+03 1.239523e+04 2.510220e+03 3.110998e+03 -9.015777e+03 2.135061e+03
-9.393939e-03 -5.925598e+04 -2.518423e+03 2.087647e+03 -1.444255e+04 3.455372e+03 3.747702e+03 -1.038267e+04 2.642120e+03 2.052808e+03 1.451226e+04 4.565666e+04 -1.734624e+03 1.031284e+04 2.611498e+03 2.370277e+03 -2.920061e+03 2.553272e+03 1.654207e+04 5.201584e+04 -1.860148e+03 -1.183622e+04 -3.178462e+03 -3.127710e+03 3.304321e+03 5.201156e+04 2.326740e+03 -1.667058e+03 1.267075e+04 2.605723e+03 3.309847e+03 -9.046900e+03 2.163143e+03
-9.191919e-03 -6.215723e+04 -2.596389e+03 2.108181e+03 -1.475963e+04 3.583594e+03 3.988847e+03 -1.039851e+04 2.677565e+03 2.071756e+03 1.483122e+04 4.789030e+04 -1.787951e+03 1.032675e+04 2.645448e+03 2.457776e+03 -3.105647e+03 2.577993e+03 1.690574e+04 5.456160e+04 -1.921434e+03 -1.185445e+04 -3.220435e+03 -3.239168e+03 3.515746e+03 5.455710e+04 2.394648e+03 -1.682670e+03 1.294882e+04 2.706499e+03 3.521574e+03 -9.058933e+03 2.191726e+03
-8.989899e-03 -6.523543e+04 -2.677719e+03 2.128631e+03 -1.507866e+04 3.719040e+03 4.245703e+03 -1.038916e+04 2.713658e+03 2.090523e+03 1.515218e+04 5.026014e+04 -1.843574e+03 1.031540e+04 2.679953e+03 2.550195e+03 -3.303291e+03 2.602610e+03 1.727171e+04 5.726261e+04 -1.985362e+03 -1.184399e+04 -3.263138e+03 -3.356920e+03 3.740923e+03 5.725788e+04 2.465481e+03 -1.698130e+03 1.322859e+04 2.812926e+03 3.747074e+03 -9.048796e+03 2.220801e+03
-8.787879e-03 -6.850247e+04 -2.762572e+03 2.148943e+03 -1.539849e+04 3.862238e+03 4.519362e+03 -1.035061e+04 2.750385e+03 2.109050e+03 1.547401e+04 5.277532e+04 -1.901600e+03 1.027479e+04 2.714993e+03 2.647894e+03 -3.513825e+03 2.627057e+03 1.763867e+04 6.012930e+04 -2.052058e+03 -1.180026e+04 -3.306554e+03 -3.481429e+03 3.980807e+03 6.012433e+04 2.539376e+03 -1.713388e+03 1.350906e+04 2.925417e+03 3.987302e+03 -9.012985e+03 2.250356e+03
-8.585859e-03 -7.197096e+04 -2.851111e+03 2.169057e+03 -1.571777e+04 4.013766e+03 4.810981e+03 -1.027834e+04 2.787732e+03 2.127268e+03 1.579533e+04 5.544555e+04 -1.962140e+03 1.020039e+04 2.750547e+03 2.751264e+03 -3.738138e+03 2.651260e+03 1.800507e+04 6.317272e+04 -2.121649e+03 -1.171810e+04 -3.350658e+03 -3.613197e+03 4.236410e+03 6.316749e+04 2.616475e+03 -1.728390e+03 1.378903e+04 3.044419e+03 4.243272e+03 -8.947511e+03 2.280374e+03
-8.383838e-03 -7.565423e+04 -2.943506e+03 2.188906e+03 -1.603489e+04 4.174251e+03 5.121789e+03 -1.016715e+04 2.825676e+03 2.145102e+03 1.611455e+04 5.828109e+04 -2.025309e+03 1.008701e+04 2.786585e+03 2.860734e+03 -3.977172e+03 2.675137e+03 1.836907e+04 6.640459e+04 -2.194269e+03 -1.159161e+04 -3.395423e+03 -3.752776e+03 4.508809e+03 6.639908e+04 2.696925e+03 -1.743075e+03 1.406711e+04 3.170422e+03 4.516063e+03 -8.847833e+03 2.310834e+03
-8.181818e-03 -7.956639e+04 -3.039931e+03 2.208413e+03 -1.634795e+04 4.344380e+03 5.453090e+03 -1.001117e+04 2.864192e+03 2.162469e+03 1.642977e+04 6.129280e+04 -2.091226e+03 9.928763e+03 2.823073e+03 2.976769e+03 -4.231924e+03 2.698596e+03 1.872853e+04 6.983728e+04 -2.270054e+03 -1.141407e+04 -3.440809e+03 -3.900764e+03 4.799142e+03 6.983146e+04 2.780876e+03 -1.757372e+03 1.434162e+04 3.303959e+03 4.806813e+03 -8.708780e+03 2.341711e+03
-7.979798e-03 -8.372227e+04 -3.140565e+03 2.227496e+03 -1.665475e+04 4.524904e+03 5.806255e+03 -9.803675e+03 2.903245e+03 2.179277e+03 1.673877e+04 6.449209e+04 -2.160010e+03 9.718947e+03 2.859968e+03 3.099879e+03 -4.503446e+03 2.721533e+03 1.908090e+04 7.348379e+04 -2.349145e+03 -1.117784e+04 -3.486773e+03 -4.057819e+03 5.108610e+03 7.347766e+04 2.868482e+03 -1.771208e+03 1.461062e+04 3.445614e+03 5.116725e+03 -8.524471e+03 2.372973e+03
-7.777778e-03 -8.813742e+04 -3.245590e+03 2.246061e+03 -1.695267e+04 4.716644e+03 6.182728e+03 -9.537048e+03 2.942793e+03 2.195422e+03 1.703895e+04 6.789093e+04 -2.231786e+03 9.449930e+03 2.897221e+03 3.230621e+03 -4.792844e+03 2.743833e+03 1.942324e+04 7.735776e+04 -2.431685e+03 -1.087422e+04 -3.533258e+03 -4.224657e+03 5.438473e+03 7.735130e+04 2.959901e+03 -1.784497e+03 1.487184e+04 3.596024e+03 5.447065e+03 -8.288210e+03 2.404582e+03
-7.575758e-03 -9.282805e+04 -3.355191e+03 2.264003e+03 -1.723872e+04 4.920499e+03 6.584016e+03 -9.202602e+03 2.982786e+03 2.210791e+03 1.732730e+04 7.150178e+04 -2.306676e+03 9.113031e+03 2.934770e+03 3.369606e+03 -5.101272e+03 2.765371e+03 1.975210e+04 8.147342e+04 -2.517818e+03 -1.049331e+04 -3.580198e+03 -4.402066e+03 5.790053e+03 8.146660e+04 3.055292e+03 -1.797148e+03 1.512263e+04 3.755887e+03 5.799152e+03 -7.992381e+03 2.436492e+03
-7.373737e-03 -9.781094e+04 -3.469554e+03 2.281208e+03 -1.750937e+04 5.137457e+03 7.011690e+03 -8.790458e+03 3.023163e+03 2.225260e+03 1.760030e+04 7.533757e+04 -2.384807e+03 8.698373e+03 2.972545e+03 3.517504e+03 -5.429933e+03 2.786005e+03 2.006347e+04 8.584550e+04 -2.607690e+03 -1.002387e+04 -3.627514e+03 -4.590910e+03 6.164720e+03 8.583828e+04 3.154813e+03 -1.809058e+03 1.535991e+04 3.925970e+03 6.174360e+03 -7.628318e+03 2.468647e+03
-7.171717e-03 -1.031034e+05 -3.588864e+03 2.297550e+03 -1.776058e+04 5.368601e+03 7.467366e+03 -8.289381e+03 3.063851e+03 2.238690e+03 1.785389e+04 7.941158e+04 -2.466302e+03 8.194725e+03 3.010464e+03 3.675051e+03 -5.780064e+03 2.805579e+03 2.035273e+04 9.048912e+04 -2.701446e+03 -9.453074e+03 -3.675112e+03 -4.792138e+03 6.563889e+03 9.048150e+04 3.258625e+03 -1.820115e+03 1.558012e+04 4.107112e+03 6.574107e+03 -7.186165e+03 2.500985e+03
-6.969697e-03 -1.087229e+05 -3.713303e+03 2.312888e+03 -1.798766e+04 5.615124e+03 7.952701e+03 -7.686597e+03 3.104764e+03 2.250932e+03 1.808338e+04 8.373732e+04 -2.551284e+03 7.589316e+03 3.048429e+03 3.843055e+03 -6.152934e+03 2.823923e+03 2.061452e+04 9.541971e+04 -2.799230e+03 -8.766375e+03 -3.722882e+03 -5.006794e+03 6.989007e+03 9.541165e+04 3.366884e+03 -1.830196e+03 1.577916e+04 4.300239e+03 6.999842e+03 -6.654718e+03 2.533429e+03
-6.767677e-03 -1.146871e+05 -3.843052e+03 2.327069e+03 -1.818522e+04 5.878338e+03 8.469369e+03 -6.967586e+03 3.145801e+03 2.261820e+03 1.828337e+04 8.832840e+04 -2.639873e+03 6.867632e+03 3.086328e+03 4.022406e+03 -6.549823e+03 2.840847e+03 2.084270e+04 1.006528e+05 -2.901183e+03 -7.947222e+03 -3.770695e+03 -5.236025e+03 7.441538e+03 1.006442e+05 3.479743e+03 -1.839166e+03 1.595228e+04 4.506367e+03 7.453031e+03 -6.021243e+03 2.565890e+03
-6.565657e-03 -1.210136e+05 -3.978280e+03 2.339924e+03 -1.834706e+04 6.159689e+03 9.019035e+03 -6.115855e+03 3.186842e+03 2.271174e+03 1.844765e+04 9.319823e+04 -2.732181e+03 6.013188e+03 3.124030e+03 4.214086e+03 -6.972007e+03 2.856145e+03 2.103019e+04 1.062036e+05 -3.007436e+03 -6.976816e+03 -3.818401e+03 -5.481100e+03 7.922939e+03 1.061946e+05 3.597347e+03 -1.846879e+03 1.609407e+04 4.726615e+03 7.935133e+03 -5.271274e+03 2.598265e+03
-6.363636e-03 -1.277192e+05 -4.119148e+03 2.351270e+03 -1.846610e+04 6.460774e+03 9.603330e+03 -5.112683e+03 3.227748e+03 2.278798e+03 1.856913e+04 9.835984e+04 -2.828314e+03 5.007268e+03 3.161384e+03 4.419177e+03 -7.420731e+03 2.869592e+03 2.116891e+04 1.120870e+05 -3.118117e+03 -5.833820e+03 -3.865824e+03 -5.743417e+03 8.434632e+03 1.120775e+05 3.719831e+03 -1.853176e+03 1.619830e+04 4.962220e+03 8.447574e+03 -4.388392e+03 2.630433e+03
-6.161616e-03 -1.348198e+05 -4.265801e+03 2.360906e+03 -1.853426e+04 6.783356e+03 1.022380e+04 -3.936832e+03 3.268355e+03 2.284481e+03 1.863971e+04 1.038254e+05 -2.928367e+03 3.828647e+03 3.198217e+03 4.638874e+03 -7.897179e+03 2.880941e+03 2.124961e+04 1.183170e+05 -3.233339e+03 -4.494029e+03 -3.912761e+03 -6.024522e+03 8.977968e+03 1.183068e+05 3.847317e+03 -1.857885e+03 1.625787e+04 5.214546e+03 8.991707e+03 -3.353973e+03 2.662257e+03
-5.959596e-03 -1.423295e+05 -4.418365e+03 2.368614e+03 -1.854233e+04 7.129383e+03 1.088186e+04 -2.564239e+03 3.308475e+03 2.287994e+03 1.865017e+04 1.096059e+05 -3.032421e+03 2.453273e+03 3.234326e+03 4.874499e+03 -8.402428e+03 2.889924e+03 2.126180e+04 1.249059e+05 -3.353200e+03 -2.930017e+03 -3.958976e+03 -6.326123e+03 9.554182e+03 1.248951e+05 3.979911e+03 -1.860819e+03 1.626473e+04 5.485100e+03 9.568769e+03 -2.146915e+03 2.693574e+03
-5.757576e-03 -1.502601e+05 -4.576941e+03 2.374160e+03 -1.847989e+04 7.501016e+03 1.157871e+04 -9.676706e+02 3.347889e+03 2.289090e+03 1.859007e+04 1.157102e+05 -3.140541e+03 8.539278e+02 3.269484e+03 5.127514e+03 -8.937403e+03 2.896253e+03 2.119358e+04 1.318640e+05 -3.477778e+03 -1.110744e+03 -4.004199e+03 -6.650112e+03 1.016433e+04 1.318526e+05 4.117694e+03 -1.861780e+03 1.620973e+04 5.775551e+03 1.017982e+04 -7.433360e+02 2.724199e+03
-5.555556e-03 -1.586200e+05 -4.741599e+03 2.377290e+03 -1.833519e+04 7.900644e+03 1.231528e+04 8.836480e+02 3.386340e+03 2.287508e+03 1.844762e+04 1.221449e+05 -3.252766e+03 -1.000147e+03 3.303424e+03 5.399540e+03 -9.502805e+03 2.899616e+03 2.103149e+04 1.391987e+05 -3.607128e+03 9.988651e+02 -4.048116e+03 -6.998588e+03 1.080921e+04 1.391867e+05 4.260721e+03 -1.860554e+03 1.608254e+04 6.087746e+03 1.082566e+04 8.837500e+02 2.753919e+03
-5.353535e-03 -1.674128e+05 -4.912371e+03 2.377733e+03 -1.809500e+04 8.330919e+03 1.309210e+04 3.024431e+03 3.423535e+03 2.282969e+03 1.820957e+04 1.289128e+05 -3.369113e+03 -3.143646e+03 3.335846e+03 5.692374e+03 -1.009903e+04 2.899679e+03 2.076046e+04 1.469133e+05 -3.741275e+03 3.438376e+03 -4.090366e+03 -7.373876e+03 1.148929e+04 1.469005e+05 4.409013e+03 -1.856916e+03 1.587157e+04 6.423734e+03 1.150675e+04 2.764783e+03 2.782487e+03
-5.151515e-03 -1.766364e+05 -5.089242e+03 2.375201e+03 -1.774453e+04 8.794781e+03 1.390918e+04 5.493750e+03 3.459133e+03 2.275177e+03 1.786112e+04 1.360121e+05 -3.489564e+03 -5.615619e+03 3.366403e+03 6.008008e+03 -1.072609e+04 2.896086e+03 2.036359e+04 1.550057e+05 -3.880206e+03 6.252322e+03 -4.130535e+03 -7.778556e+03 1.220456e+04 1.549922e+05 4.562548e+03 -1.850629e+03 1.556385e+04 6.785784e+03 1.222310e+04 4.934025e+03 2.809619e+03
-4.949495e-03 -1.862805e+05 -5.272142e+03 2.369386e+03 -1.726737e+04 9.295494e+03 1.476583e+04 8.335467e+03 3.492741e+03 2.263824e+03 1.738580e+04 1.434351e+05 -3.614062e+03 -8.459901e+03 3.394699e+03 6.348653e+03 -1.138344e+04 2.888458e+03 1.982211e+04 1.634671e+05 -4.023866e+03 9.490695e+03 -4.168144e+03 -8.215493e+03 1.295443e+04 1.634527e+05 4.721257e+03 -1.841443e+03 1.514497e+04 7.176415e+03 1.297410e+04 7.429935e+03 2.834992e+03
-4.747475e-03 -1.963249e+05 -5.460939e+03 2.359965e+03 -1.664537e+04 9.836679e+03 1.566051e+04 1.159866e+04 3.523903e+03 2.248590e+03 1.676543e+04 1.511661e+05 -3.742508e+03 -1.172554e+04 3.420282e+03 6.716762e+03 -1.206990e+04 2.876398e+03 1.911531e+04 1.722796e+05 -4.172150e+03 1.320944e+04 -4.202645e+03 -8.687866e+03 1.373755e+04 1.722644e+05 4.885014e+03 -1.829100e+03 1.459902e+04 7.598421e+03 1.375841e+04 1.029555e+04 2.858230e+03
-4.545455e-03 -2.067369e+05 -5.655422e+03 2.346600e+03 -1.585866e+04 1.042235e+04 1.659057e+04 1.533806e+04 3.552095e+03 2.229143e+03 1.598010e+04 1.591799e+05 -3.874747e+03 -1.546723e+04 3.442632e+03 7.115055e+03 -1.278341e+04 2.859486e+03 1.822048e+04 1.814146e+05 -4.324892e+03 1.747091e+04 -4.233406e+03 -9.199200e+03 1.455157e+04 1.813986e+05 5.053625e+03 -1.813335e+03 1.390857e+04 8.054900e+03 1.457368e+04 1.357885e+04 2.878904e+03
-4.343434e-03 -2.174680e+05 -5.855294e+03 2.328937e+03 -1.488570e+04 1.105696e+04 1.755197e+04 1.961435e+04 3.576709e+03 2.205146e+03 1.500820e+04 1.674392e+05 -4.010567e+03 -1.974563e+04 3.461156e+03 7.546548e+03 -1.352088e+04 2.837286e+03 1.711301e+04 1.908295e+05 -4.481859e+03 2.234430e+04 -4.259700e+03 -9.753404e+03 1.539296e+04 1.908125e+05 5.226819e+03 -1.793878e+03 1.305471e+04 8.549284e+03 1.541638e+04 1.733307e+04 2.896521e+03
-4.141414e-03 -2.284502e+05 -6.060159e+03 2.306612e+03 -1.370337e+04 1.174542e+04 1.853896e+04 2.449453e+04 3.597041e+03 2.176259e+03 1.382657e+04 1.758917e+05 -4.149684e+03 -2.462769e+04 3.475177e+03 8.014572e+03 -1.427789e+04 2.809348e+03 1.576647e+04 2.004647e+05 -4.642741e+03 2.790596e+04 -4.280690e+03 -1.035480e+04 1.625669e+04 2.004467e+05 5.404238e+03 -1.770457e+03 1.201716e+04 9.085365e+03 1.628147e+04 2.161692e+04 2.910511e+03
-3.939394e-03 -2.395919e+05 -6.269513e+03 2.279249e+03 -1.228721e+04 1.249316e+04 1.954372e+04 3.005196e+04 3.612278e+03 2.142144e+03 1.241069e+04 1.844668e+05 -4.291742e+03 -3.018673e+04 3.483913e+03 8.522803e+03 -1.504841e+04 2.775208e+03 1.415293e+04 2.102397e+05 -4.807139e+03 3.423951e+04 -4.295411e+03 -1.100815e+04 1.713589e+04 2.102207e+05 5.585428e+03 -1.742804e+03 1.077447e+04 9.667325e+03 1.716207e+04 2.649477e+04 2.920219e+03
-3.737374e-03 -2.507728e+05 -6.482724e+03 2.246462e+03 -1.061181e+04 1.330613e+04 2.055588e+04 3.636632e+04 3.621473e+03 2.102470e+03 1.073509e+04 1.930719e+05 -4.436296e+03 -3.650239e+04 3.486470e+03 9.075276e+03 -1.582449e+04 2.734389e+03 1.224334e+04 2.200490e+05 -4.974562e+03 4.143576e+04 -4.302747e+03 -1.171869e+04 1.802149e+04 2.200290e+05 5.769824e+03 -1.710655e+03 9.304355e+03 1.029975e+04 1.804911e+04 3.203646e+04 2.924889e+03
-3.535354e-03 -2.618380e+05 -6.699030e+03 2.207859e+03 -8.651391e+03 1.419082e+04 2.156204e+04 4.352317e+04 3.623526e+03 2.056913e+03 8.773907e+03 2.015879e+05 -4.582813e+03 -4.366017e+04 3.481817e+03 9.676387e+03 -1.659583e+04 2.686408e+03 1.000824e+04 2.297568e+05 -5.144409e+03 4.959222e+04 -4.301406e+03 -1.249212e+04 1.890175e+04 2.297358e+05 5.956747e+03 -1.673756e+03 7.584182e+03 1.098765e+04 1.893082e+04 3.831703e+04 2.923644e+03
-3.333333e-03 -2.725919e+05 -6.917521e+03 2.163035e+03 -6.380541e+03 1.515424e+04 2.254518e+04 5.161298e+04 3.617155e+03 2.005169e+03 6.501674e+03 2.098641e+05 -4.730660e+03 -5.175051e+04 3.468763e+03 1.033088e+04 -1.734937e+04 2.630769e+03 7.418574e+03 2.391913e+05 -5.315970e+03 5.881203e+04 -4.289889e+03 -1.333460e+04 1.976177e+04 2.391693e+05 6.145387e+03 -1.631865e+03 5.591674e+03 1.173642e+04 1.979228e+04 4.541581e+04 2.915470e+03
-3.131313e-03 -2.827905e+05 -7.137138e+03 2.111576e+03 -3.775353e+03 1.620382e+04 2.348403e+04 6.072957e+04 3.600861e+03 1.946948e+03 3.894413e+03 2.177127e+05 -4.879098e+03 -6.086717e+04 3.445929e+03 1.104382e+04 -1.806876e+04 2.566965e+03 4.447024e+03 2.481387e+05 -5.488416e+03 6.920210e+04 -4.266451e+03 -1.425267e+04 2.058291e+04 2.481157e+05 6.334805e+03 -1.584755e+03 3.305855e+03 1.255180e+04 2.061485e+04 5.341508e+04 2.899184e+03
-2.929293e-03 -2.921340e+05 -7.356661e+03 2.053047e+03 -8.148377e+02 1.734732e+04 2.435237e+04 7.096742e+04 3.572891e+03 1.881977e+03 9.310675e+02 2.249030e+05 -5.027286e+03 -7.110461e+04 3.411718e+03 1.182044e+04 -1.873389e+04 2.494470e+03 1.069580e+03 2.563356e+05 -5.660792e+03 8.087011e+04 -4.229057e+03 -1.525316e+04 2.134223e+04 2.563116e+05 6.523923e+03 -1.532210e+03 7.083104e+02 1.343976e+04 2.137553e+04 6.239771e+04 2.873409e+03
-2.727273e-03 -3.002580e+05 -7.574712e+03 1.986983e+03 2.517223e+03 1.859251e+04 2.511834e+04 8.241760e+04 3.531184e+03 1.810000e+03 -2.404637e+03 2.311544e+05 -5.174274e+03 -8.255385e+04 3.364267e+03 1.266603e+04 -1.932027e+04 2.412727e+03 -2.732310e+03 2.634625e+05 -5.832023e+03 9.391988e+04 -4.175331e+03 -1.634289e+04 2.201180e+04 2.634377e+05 6.711527e+03 -1.474026e+03 -2.215183e+03 1.440630e+04 2.204636e+04 7.244356e+04 2.836538e+03
-2.525253e-03 -3.067255e+05 -7.789755e+03 1.912873e+03 6.229916e+03 1.994673e+04 2.574363e+04 9.516167e+04 3.473327e+03 1.730765e+03 -6.121835e+03 2.361307e+05 -5.319009e+03 -9.529644e+04 3.301410e+03 1.358558e+04 -1.979851e+04 2.321132e+03 -6.969060e+03 2.691360e+05 -6.000908e+03 1.084443e+05 -4.102492e+03 -1.752833e+04 2.255812e+04 2.691103e+05 6.896268e+03 -1.409999e+03 -5.472595e+03 1.545708e+04 2.259379e+04 8.362418e+04 2.786688e+03
-2.323232e-03 -3.110189e+05 -8.000105e+03 1.830137e+03 1.032227e+04 2.141618e+04 2.618292e+04 1.092627e+05 3.396488e+03 1.644015e+03 -1.021958e+04 2.394334e+05 -5.460339e+03 -1.093954e+05 3.220624e+03 1.458328e+04 -2.013381e+04 2.219009e+03 -1.163960e+04 2.729019e+05 -6.166133e+03 1.245153e+05 -4.007292e+03 -1.881494e+04 2.294149e+04 2.728757e+05 7.076673e+03 -1.339913e+03 -9.063069e+03 1.659687e+04 2.297805e+04 9.599486e+04 2.721662e+03
-2.121212e-03 -3.125348e+05 -8.203941e+03 1.738096e+03 1.477965e+04 2.300475e+04 2.638331e+04 1.247521e+05 3.297366e+03 1.549462e+03 -1.468324e+04 2.405980e+05 -5.597030e+03 -1.248823e+05 3.118983e+03 1.566180e+04 -2.028556e+04 2.105576e+03 -1.672725e+04 2.742309e+05 -6.326275e+03 1.421689e+05 -3.885952e+03 -2.020617e+04 2.311561e+04 2.742042e+05 7.251156e+03 -1.263525e+03 -1.297377e+04 1.782868e+04 2.315275e+04 1.095833e+05 2.638905e+03
-1.919192e-03 -3.105822e+05 -8.399321e+03 1.635942e+03 1.956945e+04 2.471234e+04 2.628427e+04 1.416119e+05 3.172146e+03 1.446772e+03 -1.948018e+04 2.390926e+05 -5.727772e+03 -1.417390e+05 2.993122e+03 1.682107e+04 -2.020730e+04 1.979915e+03 -2.219480e+04 2.725165e+05 -6.479818e+03 1.613842e+05 -3.734116e+03 -2.170194e+04 2.302749e+04 2.724897e+05 7.418037e+03 -1.180537e+03 -1.717608e+04 1.915240e+04 2.306482e+04 1.243736e+05 2.535470e+03
-1.717172e-03 -3.043892e+05 -8.584205e+03 1.522711e+03 2.463602e+04 2.653233e+04 2.581826e+04 1.597487e+05 3.016500e+03 1.335532e+03 -2.455465e+04 2.343232e+05 -5.851202e+03 -1.598723e+05 2.839240e+03 1.805662e+04 -1.984716e+04 1.840940e+03 -2.797874e+04 2.670815e+05 -6.625168e+03 1.820549e+05 -3.546853e+03 -2.329648e+04 2.261799e+04 2.670550e+05 7.575569e+03 -1.090577e+03 -2.162119e+04 2.056291e+04 2.265501e+04 1.402840e+05 2.408019e+03
-1.515152e-03 -2.931240e+05 -8.756484e+03 1.397277e+03 2.989497e+04 2.844822e+04 2.491251e+04 1.789607e+05 2.825664e+03 1.215240e+03 -2.982214e+04 2.256494e+05 -5.965923e+03 -1.790806e+05 2.653171e+03 1.935726e+04 -1.914929e+04 1.687391e+03 -3.398271e+04 2.571962e+05 -6.760674e+03 2.039512e+05 -3.318745e+03 -2.497533e+04 2.182345e+04 2.571704e+05 7.721960e+03 -9.931875e+02 -2.623505e+04 2.204743e+04 2.185951e+04 1.571376e+05 2.252887e+03
-1.313131e-03 -2.759392e+05 -8.914002e+03 1.258387e+03 3.522732e+04 3.042913e+04 2.349303e+04 1.988966e+05 2.594673e+03 1.085313e+03 -3.516344e+04 2.124191e+05 -6.070529e+03 -1.990124e+05 2.430586e+03 2.070204e+04 -1.805686e+04 1.517879e+03 -4.007084e+04 2.421172e+05 -6.884644e+03 2.266724e+05 -3.044154e+03 -2.671144e+04 2.057906e+04 2.420925e+05 7.855406e+03 -8.878283e+02 -3.091329e+04 2.358207e+04 2.061340e+04 1.746260e+05 2.066259e+03
-1.111111e-03 -2.520522e+05 -9.054589e+03 1.104787e+03 4.047446e+04 3.242487e+04 2.149148e+04 2.190094e+05 2.318825e+03 9.451552e+02 -4.041963e+04 1.940297e+05 -6.163623e+03 -2.191212e+05 2.167413e+03 2.205691e+04 -1.651742e+04 1.331022e+03 -4.606199e+04 2.211575e+05 -6.995366e+03 2.495953e+05 -2.717758e+03 -2.846077e+04 1.882504e+04 2.211348e+05 7.974125e+03 -7.739370e+02 -3.551674e+04 2.512798e+04 1.885677e+04 1.922696e+05 1.844531e+03
-9.090909e-04 -2.208728e+05 -9.176099e+03 9.354597e+02 4.543597e+04 3.436134e+04 1.885645e+04 2.385191e+05 1.994501e+03 7.942945e+02 -4.538990e+04 1.700270e+05 -6.243849e+03 -2.386271e+05 1.860554e+03 2.337158e+04 -1.449148e+04 1.125723e+03 -5.172726e+04 1.937995e+05 -7.091139e+03 2.718309e+05 -2.335484e+03 -3.015836e+04 1.651638e+04 1.937794e+05 8.076389e+03 -6.510527e+02 -3.986959e+04 2.662782e+04 1.654447e+04 2.093843e+05 1.584947e+03
-7.070707e-04 -1.821841e+05 -9.276461e+03 7.500184e+02 4.987382e+04 3.613900e+04 1.556902e+04 2.564035e+05 1.620364e+03 6.326340e+02 -4.983572e+04 1.402441e+05 -6.309922e+03 -2.565081e+05 1.508948e+03 2.457846e+04 -1.196454e+04 9.016182e+02 -5.679476e+04 1.598528e+05 -7.170309e+03 2.922141e+05 -1.895876e+03 -3.171687e+04 1.363655e+04 1.598361e+05 8.160574e+03 -5.190325e+02 -4.376300e+04 2.800454e+04 1.365992e+04 2.250733e+05 1.286520e+03
-5.050505e-04 -1.363550e+05 -9.353754e+03 5.492172e+02 5.352708e+04 3.763754e+04 1.166130e+04 2.714510e+05 1.198826e+03 4.607776e+02 -5.349564e+04 1.049649e+05 -6.360678e+03 -2.715528e+05 1.114864e+03 2.559587e+04 -8.961232e+03 6.596506e+02 -6.096649e+04 1.196411e+05 -7.231329e+03 3.093640e+05 -1.401774e+03 -3.303078e+04 1.021364e+04 1.196285e+05 8.225209e+03 -3.783406e+02 -4.696807e+04 2.916504e+04 1.023127e+04 2.382737e+05 9.511748e+02
-3.030303e-04 -8.452384e+04 -9.406328e+03 3.354307e+02 5.614074e+04 3.873037e+04 7.232222e+03 2.824042e+05 7.373659e+02 2.803496e+02 -5.611412e+04 6.506559e+04 -6.395128e+03 -2.825040e+05 6.850654e+02 2.633785e+04 -5.557550e+03 4.026218e+02 -6.395113e+04 7.416317e+04 -7.272863e+03 3.218476e+05 -8.618102e+02 -3.398900e+04 6.334309e+03 7.415531e+04 8.269063e+03 -2.303293e+02 -4.926108e+04 3.001130e+04 6.345290e+03 2.478824e+05 5.847600e+02
-1.010101e-04 -2.865138e+04 -9.432948e+03 1.128511e+02 5.750667e+04 3.930864e+04 2.452146e+03 2.881926e+05 2.489701e+02 9.413413e+01 -5.748259e+04 2.205552e+04 -6.412548e+03 -2.882913e+05 2.311967e+02 2.673047e+04 -1.884315e+03 1.354115e+02 -6.551097e+04 2.513937e+04 -7.293902e+03 3.284446e+05 -2.909219e+02 -3.449607e+04 2.147686e+03 2.513670e+04 8.291231e+03 -7.736302e+01 -5.045943e+04 3.045910e+04 2.151418e+03 2.529602e+05 1.973941e+02
1.010101e-04 2.865138e+04 -9.432948e+03 -1.128511e+02 5.750667e+04 3.930864e+04 -2.452146e+03 2.881926e+05 -2.489701e+02 -9.413413e+01 -5.748259e+04 -2.205552e+04 -6.412548e+03 -2.882913e+05 -2.311967e+02 2.673047e+04 1.884315e+03 -1.354115e+02 -6.551097e+04 -2.513937e+04 -7.293902e+03 3.284446e+05 2.909219e+02 -3.449607e+04 -2.147686e+03 -2.513670e+04 8.291231e+03 7.736302e+01 -5.045943e+04 3.045910e+04 -2.151418e+03 2.529602e+05 -1.973941e+02
3.030303e-04 8.452384e+04 -9.406328e+03 -3.354307e+02 5.614074e+04 3.873037e+04 -7.232222e+03 2.824042e+05 -7.373659e+02 -2.803496e+02 -5.611412e+04 -6.506559e+04 -6.395128e+03 -2.825040e+05 -6.850654e+02 2.633785e+04 5.557550e+03 -4.026218e+02 -6.395113e+04 -7.416317e+04 -7.272863e+03 3.218476e+05 8.618102e+02 -3.398900e+04 -6.334309e+03 -7.415531e+04 8.269063e+03 2.303293e+02 -4.926108e+04 3.001130e+04 -6.345290e+03 2.478824e+05 -5.847600e+02
5.050505e-04 1.363550e+05 -9.353754e+03 -5.492172e+02 5.352708e+04 3.763754e+04 -1.166130e+04 2.714510e+05 -1.198826e+03 -4.607776e+02 -5.349564e+04 -1.049649e+05 -6.360678e+03 -2.715528e+05 -1.114864e+03 2.559587e+04 8.961232e+03 -6.596506e+02 -6.096649e+04 -1.196411e+05 -7.231329e+03 3.093640e+05 1.401774e+03 -3.303078e+04 -1.021364e+04 -1.196285e+05 8.225209e+03 3.783406e+02 -4.696807e+04 2.916504e+04 -1.023127e+04 2.382737e+05 -9.511748e+02
7.070707e-04 1.821841e+05 -9.276461e+03 -7.500184e+02 4.987382e+04 3.613900e+04 -1.556902e+04 2.564035e+05 -1.620364e+03 -6.326340e+02 -4.983572e+04 -1.402441e+05 -6.309922e+03 -2.565081e+05 -1.508948e+03 2.457846e+04 1.196454e+04 -9.016182e+02 -5.679476e+04 -1.598528e+05 -7.170309e+03 2.922141e+05 1.895876e+03 -3.171687e+04 -1.363655e+04 -1.598361e+05 8.160574e+03 5.190325e+02 -4.376300e+04 2.800454e+04 -1.365992e+04 2.250733e+05 -1.286520e+03
9.090909e-04 2.208728e+05 -9.176099e+03 -9.354597e+02 4.543597e+04 3.436134e+04 -1.885645e+04 2.385191e+05 -1.994501e+03 -7.942945e+02 -4.538990e+04 -1.700270e+05 -6.243849e+03 -2.386271e+05 -1.860554e+03 2.337158e+04 1.449148e+04 -1.125723e+03 -5.172726e+04 -1.937995e+05 -7.091139e+03 2.718309e+05 2.335484e+03 -3.015836e+04 -1.651638e+04 -1.937794e+05 8.076389e+03 6.510527e+02 -3.986959e+04 2.662782e+04 -1.654447e+04 2.093843e+05 -1.584947e+03
1.111111e-03 2.520522e+05 -9.054589e+03 -1.104787e+03 4.047446e+04 3.242487e+04 -2.149148e+04 2.190094e+05 -2.318825e+03 -9.451552e+02 -4.041963e+04 -1.940297e+05 -6.163623e+03 -2.191212e+05 -2.167413e+03 2.205691e+04 1.651742e+04 -1.331022e+03 -4.606199e+04 -2.211575e+05 -6.995366e+03 2.495953e+05 2.717758e+03 -2.846077e+04 -1.882504e+04 -2.211348e+05 7.974125e+03 7.739370e+02 -3.551674e+04 2.512798e+04 -1.885677e+04 1.922696e+05 -1.844531e+03
1.313131e-03 2.759392e+05 -8.914002e+03 -1.258387e+03 3.522732e+04 3.042913e+04 -2.349303e+04 1.988966e+05 -2.594673e+03 -1.085313e+03 -3.516344e+04 -2.124191e+05 -6.070529e+03 -1.990124e+05 -2.430586e+03 2.070204e+04 1.805686e+04 -1.517879e+03 -4.007084e+04 -2.421172e+05 -6.884644e+03 2.266724e+05 3.044154e+03 -2.671144e+04 -2.057906e+04 -2.420925e+05 7.855406e+03 8.878283e+02 -3.091329e+04 2.358207e+04 -2.061340e+04 1.746260e+05 -2.066259e+03
1.515152e-03 2.931240e+05 -8.756484e+03 -1.397277e+03 2.989497e+04 2.844822e+04 -2.491251e+04 1.789607e+05 -2.825664e+03 -1.215240e+03 -2.982214e+04 -2.256494e+05 -5.965923e+03 -1.790806e+05 -2.653171e+03 1.935726e+04 1.914929e+04 -1.687391e+03 -3.398271e+04 -2.571962e+05 -6.760674e+03 2.039512e+05 3.318745e+03 -2.497533e+04 -2.182345e+04 -2.571704e+05 7.721960e+03 9.931875e+02 -2.623505e+04 2.204743e+04 -2.185951e+04 1.571376e+05 -2.252887e+03
1.717172e-03 3.043892e+05 -8.584205e+03 -1.522711e+03 2.463602e+04 2.653233e+04 -2.581826e+04 1.597487e+05 -3.016500e+03 -1.335532e+03 -2.455465e+04 -2.343232e+05 -5.851202e+03 -1.598723e+05 -2.839240e+03 1.805662e+04 1.984716e+04 -1.840940e+03 -2.797874e+04 -2.670815e+05 -6.625168e+03 1.820549e+05 3.546853e+03 -2.329648e+04 -2.261799e+04 -2.670550e+05 7.575569e+03 1.090577e+03 -2.162119e+04 2.056291e+04 -2.265501e+04 1.402840e+05 -2.408019e+03
1.919192e-03 3.105822e+05 -8.399321e+03 -1.635942e+03 1.956945e+04 2.471234e+04 -2.628427e+04 1.416119e+05 -3.172146e+03 -1.446772e+03 -1.948018e+04 -2.390926e+05 -5.727772e+03 -1.417390e+05 -2.993122e+03 1.682107e+04 2.020730e+04 -1.979915e+03 -2.219480e+04 -2.725165e+05 -6.479818e+03 1.613842e+05 3.734116e+03 -2.170194e+04 -2.302749e+04 -2.724897e+05 7.418037e+03 1.180537e+03 -1.717608e+04 1.915240e+04 -2.306482e+04 1.243736e+05 -2.535470e+03
2.121212e-03 3.125348e+05 -8.203941e+03 -1.738096e+03 1.477965e+04 2.300475e+04 -2.638331e+04 1.247521e+05 -3.297366e+03 -1.549462e+03 -1.468324e+04 -2.405980e+05 -5.597030e+03 -1.248823e+05 -3.118983e+03 1.566180e+04 2.028556e+04 -2.105576e+03 -1.672725e+04 -2.742309e+05 -6.326275e+03 1.421689e+05 3.885952e+03 -2.020617e+04 -2.311561e+04 -2.742042e+05 7.251156e+03 1.263525e+03 -1.297377e+04 1.782868e+04 -2.315275e+04 1.095833e+05 -2.638905e+03
2.323232e-03 3.110189e+05 -8.000105e+03 -1.830137e+03 1.032227e+04 2.141618e+04 -2.618292e+04 1.092627e+05 -3.396488e+03 -1.644015e+03 -1.021958e+04 -2.394334e+05 -5.460339e+03 -1.093954e+05 -3.220624e+03 1.458328e+04 2.013381e+04 -2.219009e+03 -1.163960e+04 -2.729019e+05 -6.166133e+03 1.245153e+05 4.007292e+03 -1.881494e+04 -2.294149e+04 -2.728757e+05 7.076673e+03 1.339913e+03 -9.063069e+03 1.659687e+04 -2.297805e+04 9.599486e+04 -2.721662e+03
2.525253e-03 3.067255e+05 -7.789755e+03 -1.912873e+03 6.229916e+03 1.994673e+04 -2.574363e+04 9.516167e+04 -3.473327e+03 -1.730765e+03 -6.121835e+03 -2.361307e+05 -5.319009e+03 -9.529644e+04 -3.301410e+03 1.358558e+04 1.979851e+04 -2.321132e+03 -6.969060e+03 -2.691360e+05 -6.000908e+03 1.084443e+05 4.102492e+03 -1.752833e+04 -2.255812e+04 -2.691103e+05 6.896268e+03 1.409999e+03 -5.472595e+03 1.545708e+04 -2.259379e+04 8.362418e+04 -2.786688e+03
2.727273e-03 3.002580e+05 -7.574712e+03 -1.986983e+03 2.517223e+03 1.859251e+04 -2.511834e+04 8.241760e+04 -3.531184e+03 -1.810000e+03 -2.404637e+03 -2.311544e+05 -5.174274e+03 -8.255385e+04 -3.364267e+03 1.266603e+04 1.932027e+04 -2.412727e+03 -2.732310e+03 -2.634625e+05 -5.832023e+03 9.391988e+04 4.175331e+03 -1.634289e+04 -2.201180e+04 -2.634377e+05 6.711527e+03 1.474026e+03 -2.215183e+03 1.440630e+04 -2.204636e+04 7.244356e+04 -2.836538e+03
2.929293e-03 2.921340e+05 -7.356661e+03 -2.053047e+03 -8.148377e+02 1.734732e+04 -2.435237e+04 7.096742e+04 -3.572891e+03 -1.881977e+03 9.310675e+02 -2.249030e+05 -5.027286e+03 -7.110461e+04 -3.411718e+03 1.182044e+04 1.873389e+04 -2.494470e+03 1.069580e+03 -2.563356e+05 -5.660792e+03 8.087011e+04 4.229057e+03 -1.525316e+04 -2.134223e+04 -2.563116e+05 6.523923e+03 1.532210e+03 7.083104e+02 1.343976e+04 -2.137553e+04 6.239771e+04 -2.873409e+03
3.131313e-03 2.827905e+05 -7.137138e+03 -2.111576e+03 -3.775353e+03 1.620382e+04 -2.348403e+04 6.072957e+04 -3.600861e+03 -1.946948e+03 3.894413e+03 -2.177127e+05 -4.879098e+03 -6.086717e+04 -3.445929e+03 1.104382e+04 1.806876e+04 -2.566965e+03 4.447024e+03 -2.481387e+05 -5.488416e+03 6.920210e+04 4.266451e+03 -1.425267e+04 -2.058291e+04 -2.481157e+05 6.334805e+03 1.584755e+03 3.305855e+03 1.255180e+04 -2.061485e+04 5.341508e+04 -2.899184e+03
3.333333e-03 2.725919e+05 -6.917521e+03 -2.163035e+03 -6.380541e+03 1.515424e+04 -2.254518e+04 5.161298e+04 -3.617155e+03 -2.005169e+03 6.501674e+03 -2.098641e+05 -4.730660e+03 -5.175051e+04 -3.468763e+03 1.033088e+04 1.734937e+04 -2.630769e+03 7.418574e+03 -2.391913e+05 -5.315970e+03 5.881203e+04 4.289889e+03 -1.333460e+04 -1.976177e+04 -2.391693e+05 6.145387e+03 1.631865e+03 5.591674e+03 1.173642e+04 -1.979228e+04 4.541581e+04 -2.915470e+03
3.535354e-03 2.618380e+05 -6.699030e+03 -2.207859e+03 -8.651391e+03 1.419082e+04 -2.156204e+04 4.352317e+04 -3.623526e+03 -2.056913e+03 8.773907e+03 -2.015879e+05 -4.582813e+03 -4.366017e+04 -3.481817e+03 9.676387e+03 1.659583e+04 -2.686408e+03 1.000824e+04 -2.297568e+05 -5.144409e+03 4.959222e+04 4.301406e+03 -1.249212e+04 -1.890175e+04 -2.297358e+05 5.956747e+03 1.673756e+03 7.584182e+03 1.098765e+04 -1.893082e+04 3.831703e+04 -2.923644e+03
3.737374e-03 2.507728e+05 -6.482724e+03 -2.246462e+03 -1.061181e+04 1.330613e+04 -2.055588e+04 3.636632e+04 -3.621473e+03 -2.102470e+03 1.073509e+04 -1.930719e+05 -4.436296e+03 -3.650239e+04 -3.486470e+03 9.075276e+03 1.582449e+04 -2.734389e+03 1.224334e+04 -2.200490e+05 -4.974562e+03 4.143576e+04 4.302747e+03 -1.171869e+04 -1.802149e+04 -2.200290e+05 5.769824e+03 1.710655e+03 9.304355e+03 1.029975e+04 -1.804911e+04 3.203646e+04 -2.924889e+03
3.939394e-03 2.395919e+05 -6.269513e+03 -2.279249e+03 -1.228721e+04 1.249316e+04 -1.954372e+04 3.005196e+04 -3.612278e+03 -2.142144e+03 1.241069e+04 -1.844668e+05 -4.291742e+03 -3.018673e+04 -3.483913e+03 8.522803e+03 1.504841e+04 -2.775208e+03 1.415293e+04 -2.102397e+05 -4.807139e+03 3.423951e+04 4.295411e+03 -1.100815e+04 -1.713589e+04 -2.102207e+05 5.585428e+03 1.742804e+03 1.077447e+04 9.667325e+03 -1.716207e+04 2.649477e+04 -2.920219e+03
4.141414e-03 2.284502e+05 -6.060159e+03 -2.306612e+03 -1.370337e+04 1.174542e+04 -1.853896e+04 2.449453e+04 -3.597041e+03 -2.176259e+03 1.382657e+04 -1.758917e+05 -4.149684e+03 -2.462769e+04 -3.475177e+03 8.014572e+03 1.427789e+04 -2.809348e+03 1.576647e+04 -2.004647e+05 -4.642741e+03 2.790596e+04 4.280690e+03 -1.035480e+04 -1.625669e+04 -2.004467e+05 5.404238e+03 1.770457e+03 1.201716e+04 9.085365e+03 -1.628147e+04 2.161692e+04 -2.910511e+03
4.343434e-03 2.174680e+05 -5.855294e+03 -2.328937e+03 -1.488570e+04 1.105696e+04 -1.755197e+04 1.961435e+04 -3.576709e+03 -2.205146e+03 1.500820e+04 -1.674392e+05 -4.010567e+03 -1.974563e+04 -3.461156e+03 7.546548e+03 1.352088e+04 -2.837286e+03 1.711301e+04 -1.908295e+05 -4.481859e+03 2.234430e+04 4.259700e+03 -9.753404e+03 -1.539296e+04 -1.908125e+05 5.226819e+03 1.793878e+03 1.305471e+04 8.549284e+03 -1.541638e+04 1.733307e+04 -2.896521e+03
4.545455e-03 2.067369e+05 -5.655422e+03 -2.346600e+03 -1.585866e+04 1.042235e+04 -1.659057e+04 1.533806e+04 -3.552095e+03 -2.229143e+03 1.598010e+04 -1.591799e+05 -3.874747e+03 -1.546723e+04 -3.442632e+03 7.115055e+03 1.278341e+04 -2.859486e+03 1.822048e+04 -1.814146e+05 -4.324892e+03 1.747091e+04 4.233406e+03 -9.199200e+03 -1.455157e+04 -1.813986e+05 5.053625e+03 1.813335e+03 1.390857e+04 8.054900e+03 -1.457368e+04 1.357885e+04 -2.878904e+03
4.747475e-03 1.963249e+05 -5.460939e+03 -2.359965e+03 -1.664537e+04 9.836679e+03 -1.566051e+04 1.159866e+04 -3.523903e+03 -2.248590e+03 1.676543e+04 -1.511661e+05 -3.742508e+03 -1.172554e+04 -3.420282e+03 6.716762e+03 1.206990e+04 -2.876398e+03 1.911531e+04 -1.722796e+05 -4.172150e+03 1.320944e+04 4.202645e+03 -8.687866e+03 -1.373755e+04 -1.722644e+05 4.885014e+03 1.829100e+03 1.459902e+04 7.598421e+03 -1.375841e+04 1.029555e+04 -2.858230e+03
4.949495e-03 1.862805e+05 -5.272142e+03 -2.369386e+03 -1.726737e+04 9.295494e+03 -1.476583e+04 8.335467e+03 -3.492741e+03 -2.263824e+03 1.738580e+04 -1.434351e+05 -3.614062e+03 -8.459901e+03 -3.394699e+03 6.348653e+03 1.138344e+04 -2.888458e+03 1.982211e+04 -1.634671e+05 -4.023866e+03 9.490695e+03 4.168144e+03 -8.215493e+03 -1.295443e+04 -1.634527e+05 4.721257e+03 1.841443e+03 1.514497e+04 7.176415e+03 -1.297410e+04 7.429935e+03 -2.834992e+03
5.151515e-03 1.766364e+05 -5.089242e+03 -2.375201e+03 -1.774453e+04 8.794781e+03 -1.390918e+04 5.493750e+03 -3.459133e+03 -2.275177e+03 1.786112e+04 -1.360121e+05 -3.489564e+03 -5.615619e+03 -3.366403e+03 6.008008e+03 1.072609e+04 -2.896086e+03 2.036359e+04 -1.550057e+05 -3.880206e+03 6.252322e+03 4.130535e+03 -7.778556e+03 -1.220456e+04 -1.549922e+05 4.562548e+03 1.850629e+03 1.556385e+04 6.785784e+03 -1.222310e+04 4.934025e+03 -2.809619e+03
5.353535e-03 1.674128e+05 -4.912371e+03 -2.377733e+03 -1.809500e+04 8.330919e+03 -1.309210e+04 3.024431e+03 -3.423535e+03 -2.282969e+03 1.820957e+04 -1.289128e+05 -3.369113e+03 -3.143646e+03 -3.335846e+03 5.692374e+03 1.009903e+04 -2.899679e+03 2.076046e+04 -1.469133e+05 -3.741275e+03 3.438376e+03 4.090366e+03 -7.373876e+03 -1.148929e+04 -1.469005e+05 4.409013e+03 1.856916e+03 1.587157e+04 6.423734e+03 -1.150675e+04 2.764783e+03 -2.782487e+03
5.555556e-03 1.586200e+05 -4.741599e+03 -2.377290e+03 -1.833519e+04 7.900644e+03 -1.231528e+04 8.836480e+02 -3.386340e+03 -2.287508e+03 1.844762e+04 -1.221449e+05 -3.252766e+03 -1.000147e+03 -3.303424e+03 5.399540e+03 9.502805e+03 -2.899616e+03 2.103149e+04 -1.391987e+05 -3.607128e+03 9.988651e+02 4.048116e+03 -6.998588e+03 -1.080921e+04 -1.391867e+05 4.260721e+03 1.860554e+03 1.608254e+04 6.087746e+03 -1.082566e+04 8.837500e+02 -2.753919e+03
5.757576e-03 1.502601e+05 -4.576941e+03 -2.374160e+03 -1.847989e+04 7.501016e+03 -1.157871e+04 -9.676706e+02 -3.347889e+03 -2.289090e+03 1.859007e+04 -1.157102e+05 -3.140541e+03 8.539278e+02 -3.269484e+03 5.127514e+03 8.937403e+03 -2.896253e+03 2.119358e+04 -1.318640e+05 -3.477778e+03 -1.110744e+03 4.004199e+03 -6.650112e+03 -1.016433e+04 -1.318526e+05 4.117694e+03 1.861780e+03 1.620973e+04 5.775551e+03 -1.017982e+04 -7.433360e+02 -2.724199e+03
5.959596e-03 1.423295e+05 -4.418365e+03 -2.368614e+03 -1.854233e+04 7.129383e+03 -1.088186e+04 -2.564239e+03 -3.308475e+03 -2.287994e+03 1.865017e+04 -1.096059e+05 -3.032421e+03 2.453273e+03 -3.234326e+03 4.874499e+03 8.402428e+03 -2.889924e+03 2.126180e+04 -1.249059e+05 -3.353200e+03 -2.930017e+03 3.958976e+03 -6.326123e+03 -9.554182e+03 -1.248951e+05 3.979911e+03 1.860819e+03 1.626473e+04 5.485100e+03 -9.568769e+03 -2.146915e+03 -2.693574e+03
6.161616e-03 1.348198e+05 -4.265801e+03 -2.360906e+03 -1.853426e+04 6.783356e+03 -1.022380e+04 -3.936832e+03 -3.268355e+03 -2.284481e+03 1.863971e+04 -1.038254e+05 -2.928367e+03 3.828647e+03 -3.198217e+03 4.638874e+03 7.897179e+03 -2.880941e+03 2.124961e+04 -1.183170e+05 -3.233339e+03 -4.494029e+03 3.912761e+03 -6.024522e+03 -8.977968e+03 -1.183068e+05 3.847317e+03 1.857885e+03 1.625787e+04 5.214546e+03 -8.991707e+03 -3.353973e+03 -2.662257e+03
6.363636e-03 1.277192e+05 -4.119148e+03 -2.351270e+03 -1.846610e+04 6.460774e+03 -9.603330e+03 -5.112683e+03 -3.227748e+03 -2.278798e+03 1.856913e+04 -9.835984e+04 -2.828314e+03 5.007268e+03 -3.161384e+03 4.419177e+03 7.420731e+03 -2.869592e+03 2.116891e+04 -1.120870e+05 -3.118117e+03 -5.833820e+03 3.865824e+03 -5.743417e+03 -8.434632e+03 -1.120775e+05 3.719831e+03 1.853176e+03 1.619830e+04 4.962220e+03 -8.447574e+03 -4.388392e+03 -2.630433e+03
6.565657e-03 1.210136e+05 -3.978280e+03 -2.339924e+03 -1.834706e+04 6.159689e+03 -9.019035e+03 -6.115855e+03 -3.186842e+03 -2.271174e+03 1.844765e+04 -9.319823e+04 -2.732181e+03 6.013188e+03 -3.124030e+03 4.214086e+03 6.972007e+03 -2.856145e+03 2.103019e+04 -1.062036e+05 -3.007436e+03 -6.976816e+03 3.818401e+03 -5.481100e+03 -7.922939e+03 -1.061946e+05 3.597347e+03 1.846879e+03 1.609407e+04 4.726615e+03 -7.935133e+03 -5.271274e+03 -2.598265e+03
6.767677e-03 1.146871e+05 -3.843052e+03 -2.327069e+03 -1.818522e+04 5.878338e+03 -8.469369e+03 -6.967586e+03 -3.145801e+03 -2.261820e+03 1.828337e+04 -8.832840e+04 -2.639873e+03 6.867632e+03 -3.086328e+03 4.022406e+03 6.549823e+03 -2.840847e+03 2.084270e+04 -1.006528e+05 -2.901183e+03 -7.947222e+03 3.770695e+03 -5.236025e+03 -7.441538e+03 -1.006442e+05 3.479743e+03 1.839166e+03 1.595228e+04 4.506367e+03 -7.453031e+03 -6.021243e+03 -2.565890e+03
6.969697e-03 1.087229e+05 -3.713303e+03 -2.312888e+03 -1.798766e+04 5.615124e+03 -7.952701e+03 -7.686597e+03 -3.104764e+03 -2.250932e+03 1.808338e+04 -8.373732e+04 -2.551284e+03 7.589316e+03 -3.048429e+03 3.843055e+03 6.152934e+03 -2.823923e+03 2.061452e+04 -9.541971e+04 -2.799230e+03 -8.766375e+03 3.722882e+03 -5.006794e+03 -6.989007e+03 -9.541165e+04 3.366884e+03 1.830196e+03 1.577916e+04 4.300239e+03 -6.999842e+03 -6.654718e+03 -2.533429e+03
7.171717e-03 1.031034e+05 -3.588864e+03 -2.297550e+03 -1.776058e+04 5.368601e+03 -7.467366e+03 -8.289381e+03 -3.063851e+03 -2.238690e+03 1.785389e+04 -7.941158e+04 -2.466302e+03 8.194725e+03 -3.010464e+03 3.675051e+03 5.780064e+03 -2.805579e+03 2.035273e+04 -9.048912e+04 -2.701446e+03 -9.453074e+03 3.675112e+03 -4.792138e+03 -6.563889e+03 -9.048150e+04 3.258625e+03 1.820115e+03 1.558012e+04 4.107112e+03 -6.574107e+03 -7.186165e+03 -2.500985e+03
7.373737e-03 9.781094e+04 -3.469554e+03 -2.281208e+03 -1.750937e+04 5.137457e+03 -7.011690e+03 -8.790458e+03 -3.023163e+03 -2.225260e+03 1.760030e+04 -7.533757e+04 -2.384807e+03 8.698373e+03 -2.972545e+03 3.517504e+03 5.429933e+03 -2.786005e+03 2.006347e+04 -8.584550e+04 -2.607690e+03 -1.002387e+04 3.627514e+03 -4.590910e+03 -6.164720e+03 -8.583828e+04 3.154813e+03 1.809058e+03 1.535991e+04 3.925970e+03 -6.174360e+03 -7.628318e+03 -2.468647e+03
7.575758e-03 9.282805e+04 -3.355191e+03 -2.264003e+03 -1.723872e+04 4.920499e+03 -6.584016e+03 -9.202602e+03 -2.982786e+03 -2.210791e+03 1.732730e+04 -7.150178e+04 -2.306676e+03 9.113031e+03 -2.934770e+03 3.369606e+03 5.101272e+03 -2.765371e+03 1.975210e+04 -8.147342e+04 -2.517818e+03 -1.049331e+04 3.580198e+03 -4.402066e+03 -5.790053e+03 -8.146660e+04 3.055292e+03 1.797148e+03 1.512263e+04 3.755887e+03 -5.799152e+03 -7.992381e+03 -2.436492e+03
7.777778e-03 8.813742e+04 -3.245590e+03 -2.246061e+03 -1.695267e+04 4.716644e+03 -6.182728e+03 -9.537048e+03 -2.942793e+03 -2.195422e+03 1.703895e+04 -6.789093e+04 -2.231786e+03 9.449930e+03 -2.897221e+03 3.230621e+03 4.792844e+03 -2.743833e+03 1.942324e+04 -7.735776e+04 -2.431685e+03 -1.087422e+04 3.533258e+03 -4.224657e+03 -5.438473e+03 -7.735130e+04 2.959901e+03 1.784497e+03 1.487184e+04 3.596024e+03 -5.447065e+03 -8.288210e+03 -2.404582e+03
7.979798e-03 8.372227e+04 -3.140565e+03 -2.227496e+03 -1.665475e+04 4.524904e+03 -5.806255e+03 -9.803675e+03 -2.903245e+03 -2.179277e+03 1.673877e+04 -6.449209e+04 -2.160010e+03 9.718947e+03 -2.859968e+03 3.099879e+03 4.503446e+03 -2.721533e+03 1.908090e+04 -7.348379e+04 -2.349145e+03 -1.117784e+04 3.486773e+03 -4.057819e+03 -5.108610e+03 -7.347766e+04 2.868482e+03 1.771208e+03 1.461062e+04 3.445614e+03 -5.116725e+03 -8.524471e+03 -2.372973e+03
8.181818e-03 7.956639e+04 -3.039931e+03 -2.208413e+03 -1.634795e+04 4.344380e+03 -5.453090e+03 -1.001117e+04 -2.864192e+03 -2.162469e+03 1.642977e+04 -6.129280e+04 -2.091226e+03 9.928763e+03 -2.823073e+03 2.976769e+03 4.231924e+03 -2.698596e+03 1.872853e+04 -6.983728e+04 -2.270054e+03 -1.141407e+04 3.440809e+03 -3.900764e+03 -4.799142e+03 -6.983146e+04 2.780876e+03 1.757372e+03 1.434162e+04 3.303959e+03 -4.806813e+03 -8.708780e+03 -2.341711e+03
8.383838e-03 7.565423e+04 -2.943506e+03 -2.188906e+03 -1.603489e+04 4.174251e+03 -5.121789e+03 -1.016715e+04 -2.825676e+03 -2.145102e+03 1.611455e+04 -5.828109e+04 -2.025309e+03 1.008701e+04 -2.786585e+03 2.860734e+03 3.977172e+03 -2.675137e+03 1.836907e+04 -6.640459e+04 -2.194269e+03 -1.159161e+04 3.395423e+03 -3.752776e+03 -4.508809e+03 -6.639908e+04 2.696925e+03 1.743075e+03 1.406711e+04 3.170422e+03 -4.516063e+03 -8.847833e+03 -2.310834e+03
8.585859e-03 7.197096e+04 -2.851111e+03 -2.169057e+03 -1.571777e+04 4.013766e+03 -4.810981e+03 -1.027834e+04 -2.787732e+03 -2.127268e+03 1.579533e+04 -5.544555e+04 -1.962140e+03 1.020039e+04 -2.750547e+03 2.751264e+03 3.738138e+03 -2.651260e+03 1.800507e+04 -6.317272e+04 -2.121649e+03 -1.171810e+04 3.350658e+03 -3.613197e+03 -4.236410e+03 -6.316749e+04 2.616475e+03 1.728390e+03 1.378903e+04 3.044419e+03 -4.243272e+03 -8.947511e+03 -2.280374e+03
8.787879e-03 6.850247e+04 -2.762572e+03 -2.148943e+03 -1.539849e+04 3.862238e+03 -4.519362e+03 -1.035061e+04 -2.750385e+03 -2.109050e+03 1.547401e+04 -5.277532e+04 -1.901600e+03 1.027479e+04 -2.714993e+03 2.647894e+03 3.513825e+03 -2.627057e+03 1.763867e+04 -6.012930e+04 -2.052058e+03 -1.180026e+04 3.306554e+03 -3.481429e+03 -3.980807e+03 -6.012433e+04 2.539376e+03 1.713388e+03 1.350906e+04 2.925417e+03 -3.987302e+03 -9.012985e+03 -2.250356e+03
8.989899e-03 6.523543e+04 -2.677719e+03 -2.128631e+03 -1.507866e+04 3.719040e+03 -4.245703e+03 -1.038916e+04 -2.713658e+03 -2.090523e+03 1.515218e+04 -5.026014e+04 -1.843574e+03 1.031540e+04 -2.679953e+03 2.550195e+03 3.303291e+03 -2.602610e+03 1.727171e+04 -5.726261e+04 -1.985362e+03 -1.184399e+04 3.263138e+03 -3.356920e+03 -3.740923e+03 -5.725788e+04 2.465481e+03 1.698130e+03 1.322859e+04 2.812926e+03 -3.747074e+03 -9.048796e+03 -2.220801e+03
9.191919e-03 6.215723e+04 -2.596389e+03 -2.108181e+03 -1.475963e+04 3.583594e+03 -3.988847e+03 -1.039851e+04 -2.677565e+03 -2.071756e+03 1.483122e+04 -4.789030e+04 -1.787951e+03 1.032675e+04 -2.645448e+03 2.457776e+03 3.105647e+03 -2.577993e+03 1.690574e+04 -5.456160e+04 -1.921434e+03 -1.185445e+04 3.220435e+03 -3.239168e+03 -3.515746e+03 -5.455710e+04 2.394648e+03 1.682670e+03 1.294882e+04 2.706499e+03 -3.521574e+03 -9.058933e+03 -2.191726e+03
9.393939e-03 5.925598e+04 -2.518423e+03 -2.087647e+03 -1.444255e+04 3.455372e+03 -3.747702e+03 -1.038267e+04 -2.642120e+03 -2.052808e+03 1.451226e+04 -4.565666e+04 -1.734624e+03 1.031284e+04 -2.611498e+03 2.370277e+03 2.920061e+03 -2.553272e+03 1.654207e+04 -5.201584e+04 -1.860148e+03 -1.183622e+04 3.178462e+03 -3.127710e+03 -3.304321e+03 -5.201156e+04 2.326740e+03 1.667058e+03 1.267075e+04 2.605723e+03 -3.309847e+03 -9.046900e+03 -2.163143e+03
9.595960e-03 5.652053e+04 -2.443667e+03 -2.067077e+03 -1.412837e+04 3.333887e+03 -3.521248e+03 -1.034514e+04 -2.607329e+03 -2.033733e+03 1.419626e+04 -4.355064e+04 -1.683489e+03 1.027719e+04 -2.578115e+03 2.287369e+03 2.745747e+03 -2.528505e+03 1.618177e+04 -4.961554e+04 -1.801384e+03 -1.179327e+04 3.137232e+03 -3.022121e+03 -3.105757e+03 -4.961146e+04 2.261625e+03 1.651339e+03 1.239523e+04 2.510220e+03 -3.110998e+03 -9.015777e+03 -2.135061e+03
9.797980e-03 5.394040e+04 -2.371976e+03 -2.046513e+03 -1.381789e+04 3.218692e+03 -3.308526e+03 -1.028900e+04 -2.573197e+03 -2.014580e+03 1.388401e+04 -4.156416e+04 -1.634446e+03 1.022286e+04 -2.545311e+03 2.208746e+03 2.581972e+03 -2.503744e+03 1.582576e+04 -4.735152e+04 -1.745028e+03 -1.172912e+04 3.096754e+03 -2.922012e+03 -2.919214e+03 -4.734763e+04 2.199176e+03 1.635552e+03 1.212295e+04 2.419640e+03 -2.924188e+03 -8.968264e+03 -2.107487e+03
1.000000e-02 5.150577e+04 -2.303209e+03 -2.025993e+03 -1.351176e+04 3.109375e+03 -3.108642e+03 -1.021696e+04 -2.539727e+03 -1.995392e+03 1.357617e+04 -3.968967e+04 -1.587399e+03 1.015256e+04 -2.513092e+03 2.134129e+03 2.428049e+03 -2.479036e+03 1.547478e+04 -4.521515e+04 -1.690969e+03 -1.164685e+04 3.057033e+03 -2.827021e+03 -2.743908e+03 -4.521144e+04 2.139270e+03 1.619732e+03 1.185447e+04 2.333664e+03 -2.748632e+03 -8.906736e+03 -2.080423e+03
