-1.000000e-02 -2.064840e+05 2.235200e+03 7.300000e+03 -1.845043e+05 2.487455e+03 -2.000169e+05 -1.840991e+05 7.336715e+03 7.060676e+03 1.845128e+05 1.589815e+05 1.513614e+03 1.840930e+05 7.097634e+03 1.689055e+03 1.539891e+05 8.704365e+03 2.102772e+05 1.811824e+05 2.314376e+03 -2.098071e+05 -8.746208e+03 -2.527872e+03 -1.755004e+05 1.811839e+05 -1.371912e+03 -5.899153e+03 1.618987e+05 1.579727e+03 -1.755018e+05 -1.615368e+05 5.931608e+03
-9.797980e-03 -2.497121e+05 2.722384e+03 8.046459e+03 -2.220284e+05 3.007729e+03 -2.418760e+05 -2.215224e+05 8.089399e+03 7.754942e+03 2.220383e+05 1.922645e+05 1.843921e+03 2.215152e+05 7.798164e+03 2.042519e+03 1.862158e+05 9.576917e+03 2.530430e+05 2.191132e+05 2.760192e+03 -2.524566e+05 -9.625877e+03 -3.002102e+03 -2.122287e+05 2.191150e+05 -1.730012e+03 -6.491519e+03 1.948248e+05 1.964844e+03 -2.122303e+05 -1.943732e+05 6.529454e+03
-9.595960e-03 -3.093067e+05 3.408037e+03 9.015053e+03 -2.737103e+05 3.736626e+03 -2.995821e+05 -2.730609e+05 9.066463e+03 8.650210e+03 2.737223e+05 2.381489e+05 2.308825e+03 2.730521e+05 8.701955e+03 2.537721e+03 2.306430e+05 1.070581e+04 3.119444e+05 2.714052e+05 3.382962e+03 -3.111926e+05 -1.076445e+04 -3.662104e+03 -2.628618e+05 2.714072e+05 -2.238702e+03 -7.257803e+03 2.401739e+05 2.508779e+03 -2.628636e+05 -2.395949e+05 7.303197e+03
-9.393939e-03 -3.958946e+05 4.432578e+03 1.034191e+04 -3.487406e+05 4.820736e+03 -3.834246e+05 -3.478748e+05 1.040548e+04 9.867707e+03 3.487556e+05 3.048164e+05 3.003564e+03 3.478638e+05 9.931688e+03 3.274247e+03 2.951922e+05 1.224697e+04 3.974558e+05 3.473826e+05 4.306587e+03 -3.964544e+05 -1.231951e+04 -4.637175e+03 -3.364277e+05 3.473851e+05 -3.005826e+03 -8.303779e+03 3.060104e+05 3.324356e+03 -3.364298e+05 -3.052392e+05 8.359882e+03
-9.191919e-03 -5.322565e+05 6.111689e+03 1.232325e+04 -4.668229e+05 6.589032e+03 -5.154607e+05 -4.655991e+05 1.240576e+04 1.167017e+04 4.668424e+05 4.098070e+05 4.142258e+03 4.655845e+05 1.175322e+04 4.475583e+03 3.968451e+05 1.453903e+04 5.320331e+05 4.670348e+05 5.809009e+03 -5.306191e+05 -1.463322e+04 -6.216897e+03 -4.522801e+05 4.670378e+05 -4.274467e+03 -9.859170e+03 4.096234e+05 4.665351e+03 -4.522828e+05 -4.085344e+05 9.931959e+03
-8.989899e-03 -7.808963e+05 9.365825e+03 1.579971e+04 -6.820232e+05 9.999142e+03 -7.562102e+05 -6.801008e+05 1.591649e+04 1.480073e+04 6.820512e+05 6.012448e+05 6.349245e+03 6.800798e+05 1.491829e+04 6.792245e+03 5.821953e+05 1.854154e+04 7.772950e+05 6.852063e+05 8.699201e+03 -7.750765e+05 -1.867492e+04 -9.242842e+03 -6.635211e+05 6.852104e+05 -6.754836e+03 -1.257488e+04 5.984541e+05 7.271833e+03 -6.635247e+05 -5.967457e+05 1.267787e+04
-8.787879e-03 -1.458827e+06 1.925589e+04 2.530629e+04 -1.268601e+06 2.030831e+04 -1.412628e+06 -1.264550e+06 2.551645e+04 2.325849e+04 1.268652e+06 1.123211e+06 1.305737e+04 1.264512e+06 2.347015e+04 1.379523e+04 1.087564e+06 2.942503e+04 1.445812e+06 1.280064e+06 1.741971e+04 -1.441145e+06 -2.966518e+04 -1.832993e+04 -1.239483e+06 1.280071e+06 -1.435736e+04 -1.995828e+04 1.113155e+06 1.521160e+04 -1.239489e+06 -1.109562e+06 2.014360e+04
-8.585859e-03 -1.228163e+06 1.023178e+04 1.816018e+04 -1.068672e+06 1.103168e+04 -1.189204e+06 -1.066460e+06 1.833210e+04 1.706510e+04 1.068712e+06 9.456103e+05 6.935884e+03 1.066427e+06 1.723780e+04 7.497821e+03 9.155510e+05 2.134234e+04 1.217955e+06 1.077664e+06 9.555111e+03 -1.215393e+06 -2.153859e+04 -1.024163e+04 -1.043444e+06 1.077668e+06 -7.327327e+03 -1.447655e+04 9.377225e+05 7.983168e+03 -1.043447e+06 -9.357493e+05 1.462790e+04
-8.383838e-03 -8.965602e+05 8.984831e+02 1.098495e+04 -7.815310e+05 1.421768e+03 -8.680748e+05 -7.813229e+05 1.110707e+04 1.087403e+04 7.815572e+05 6.902938e+05 6.034340e+02 7.812968e+05 1.099624e+04 9.719098e+02 6.683163e+05 1.324403e+04 8.907025e+05 7.866958e+05 1.434850e+03 -8.904354e+05 -1.338321e+04 -1.876006e+03 -7.616750e+05 7.866963e+05 -4.122653e+01 -8.983333e+03 6.857643e+05 4.792047e+02 -7.616755e+05 -6.855588e+05 9.090596e+03
-8.181818e-03 -1.150074e+06 -8.524656e+02 1.094672e+04 -1.000393e+06 -2.842182e+02 -1.113475e+06 -1.000574e+06 1.109781e+04 1.101534e+04 1.000426e+06 8.854825e+05 -5.867991e+02 1.000541e+06 1.116640e+04 -1.848067e+02 8.572461e+05 1.330673e+04 1.140137e+06 1.009144e+06 -8.102546e+00 -1.140306e+06 -1.347887e+04 -4.692729e+02 -9.769966e+05 1.009144e+06 1.408659e+03 -9.025518e+03 8.778064e+05 -9.292496e+02 -9.769968e+05 -8.779366e+05 9.158130e+03
-7.979798e-03 -1.928399e+06 -8.990409e+02 1.309761e+04 -1.672535e+06 -1.345758e+02 -1.866931e+06 -1.672729e+06 1.334119e+04 1.316109e+04 1.672587e+06 1.484742e+06 -6.233209e+02 1.672675e+06 1.340465e+04 -7.839177e+01 1.437322e+06 1.591123e+04 1.906169e+06 1.692092e+06 8.629041e+01 -1.906330e+06 -1.618880e+04 -7.312563e+02 -1.638103e+06 1.692092e+06 1.585546e+03 -1.079034e+04 1.467583e+06 -9.386483e+02 -1.638104e+06 -1.467707e+06 1.100411e+04
-7.777778e-03 -4.296982e+06 3.302675e+02 1.776874e+04 -3.717709e+06 1.602836e+03 -4.159797e+06 -3.717618e+06 1.829023e+04 1.767894e+04 3.717824e+06 3.308394e+06 1.969943e+02 3.717503e+06 1.820050e+04 1.115992e+03 3.202572e+06 2.148469e+04 4.237033e+06 3.770426e+06 1.386450e+03 -4.236797e+06 -2.207906e+04 -2.469857e+03 -3.649939e+06 3.770426e+06 8.721729e+02 -1.456210e+04 3.262140e+06 2.084493e+02 -3.649939e+06 -3.261959e+06 1.501975e+04
-7.575758e-03 -1.840450e+07 3.440696e+03 2.853154e+04 -1.589726e+07 7.023457e+03 -1.781602e+07 -1.589648e+07 3.067788e+04 2.800109e+04 1.589774e+07 1.417026e+07 2.225423e+03 1.589601e+07 3.014772e+04 4.882038e+03 1.371634e+07 3.430946e+04 1.811793e+07 1.614920e+07 4.612633e+03 -1.811650e+07 -3.675579e+04 -7.706837e+03 -1.563236e+07 1.614920e+07 -9.425981e+02 -2.318905e+04 1.394919e+07 4.019846e+03 -1.563236e+07 -1.394810e+07 2.507251e+04
-7.373737e-03 8.650957e+07 -1.242746e+05 7.582603e+04 7.468879e+07 -1.322473e+05 8.373931e+07 7.465875e+07 6.612501e+04 8.908640e+04 -7.469098e+07 -6.660665e+07 -8.391758e+04 -7.465655e+07 7.937930e+04 -9.033197e+04 -6.446994e+07 9.949926e+04 -8.512192e+07 -7.590857e+07 -9.738344e+04 8.508521e+07 -8.844009e+04 1.047544e+05 7.347564e+07 -7.590859e+07 1.072994e+05 -6.809601e+04 -6.553634e+07 -1.142341e+05 7.347562e+07 6.550803e+07 5.958126e+04
-7.171717e-03 -2.767475e+07 9.001398e+04 -8.781650e+04 -2.391050e+07 8.967719e+04 -2.678722e+07 -2.388796e+07 -8.484746e+04 -9.707906e+04 2.391116e+07 2.130769e+07 6.099977e+04 2.388728e+07 -9.410618e+04 6.107349e+04 2.062321e+07 -1.118352e+05 2.725049e+07 2.428344e+07 6.848785e+04 -2.722403e+07 1.084496e+05 -6.853871e+04 -2.350401e+07 2.428343e+07 -8.001441e+04 7.613253e+04 2.098046e+07 7.975172e+04 -2.350401e+07 -2.096010e+07 -7.352568e+04
-6.969697e-03 -4.783347e+06 1.729149e+04 -2.599211e+04 -4.140320e+06 1.673346e+04 -4.629730e+06 -4.135926e+06 -2.549821e+04 -2.773533e+04 4.140430e+06 3.682852e+06 1.172335e+04 4.135811e+06 -2.724075e+04 1.139396e+04 3.564384e+06 -3.250855e+04 4.718665e+06 4.197186e+06 1.258635e+04 -4.713529e+06 3.194542e+04 -1.218418e+04 -4.062283e+06 4.197184e+06 -1.594682e+04 2.211418e+04 3.632957e+06 1.548386e+04 -4.062281e+06 -3.629003e+06 -2.168049e+04
-6.767677e-03 -1.807435e+06 4.761666e+03 -1.375623e+04 -1.570017e+06 4.363447e+03 -1.749311e+06 -1.568834e+06 -1.357659e+04 -1.421472e+04 1.570056e+06 1.391600e+06 3.226628e+03 1.568791e+06 -1.403491e+04 2.973893e+03 1.346777e+06 -1.692584e+04 1.789324e+06 1.585948e+06 3.051821e+03 -1.787929e+06 1.672109e+04 -2.741307e+03 -1.534905e+06 1.585947e+06 -4.803612e+03 1.151159e+04 1.377624e+06 4.476624e+03 -1.534904e+06 -1.376550e+06 -1.135387e+04
-6.565657e-03 -7.930891e+05 -1.031091e+03 -7.624790e+03 -6.938944e+05 -1.280750e+03 -7.675514e+05 -6.942728e+05 -7.548563e+03 -7.493689e+03 6.939118e+05 6.106218e+05 -7.043113e+02 6.942555e+05 -7.417487e+03 -8.665355e+02 5.909291e+05 -9.148482e+03 7.908206e+05 6.959006e+05 -1.327877e+03 -7.912319e+05 9.061666e+03 1.532301e+03 -6.734749e+05 6.959010e+05 3.795117e+02 6.222122e+03 6.088638e+05 -5.790604e+02 -6.734756e+05 -6.091806e+05 -6.155240e+03
-6.363636e-03 -2.729909e+05 -5.529199e+03 -2.965577e+03 -2.445818e+05 -5.622259e+03 -2.641909e+05 -2.462584e+05 -2.939493e+03 -2.379349e+03 2.445890e+05 2.101809e+05 -3.758816e+03 2.462542e+05 -2.353406e+03 -3.819637e+03 2.033952e+05 -3.233661e+03 2.787467e+05 2.395354e+05 -4.735968e+03 -2.806507e+05 3.204013e+03 4.822698e+03 -2.318076e+05 2.395372e+05 4.399407e+03 2.200254e+03 2.146112e+05 -4.463661e+03 -2.318099e+05 -2.160776e+05 -2.177441e+03
-6.161616e-03 -1.871808e+06 2.697708e+04 -2.686128e+04 -1.629750e+06 2.581795e+04 -1.811372e+06 -1.621814e+06 -2.670029e+04 -2.956330e+04 1.629778e+06 1.441168e+06 1.832756e+04 1.621766e+06 -2.940168e+04 1.755550e+04 1.394570e+06 -3.414761e+04 1.857388e+06 1.642439e+06 2.049079e+04 -1.848302e+06 3.396413e+04 -1.959578e+04 -1.589372e+06 1.642430e+06 -2.406758e+04 2.321886e+04 1.430036e+06 2.306554e+04 -1.589361e+06 -1.423039e+06 -2.307713e+04
-5.959596e-03 -8.532970e+05 1.101445e+04 -1.391096e+04 -7.485904e+05 1.038305e+04 -8.257128e+05 -7.452849e+05 -1.384045e+04 -1.499737e+04 7.486021e+05 6.569807e+05 7.483413e+03 7.452635e+05 -1.492664e+04 7.061036e+03 6.357136e+05 -1.749439e+04 8.531492e+05 7.487343e+05 8.176408e+03 -8.493637e+05 1.741410e+04 -7.680952e+03 -7.245142e+05 7.487303e+05 -1.001684e+04 1.189635e+04 6.568567e+05 9.476855e+03 -7.245094e+05 -6.539414e+05 -1.183429e+04
-5.757576e-03 -5.603445e+05 6.979059e+03 -1.021471e+04 -4.954719e+05 6.491313e+03 -5.422091e+05 -4.933312e+05 -1.017034e+04 -1.089292e+04 4.954787e+05 4.314268e+05 4.742132e+03 4.933172e+05 -1.084843e+04 4.414798e+03 4.174452e+05 -1.277323e+04 5.646753e+05 4.916801e+05 5.088210e+03 -5.622241e+05 1.272274e+04 -4.702078e+03 -4.757567e+05 4.916772e+05 -6.440032e+03 8.686548e+03 4.347562e+05 6.025107e+03 -4.757534e+05 -4.328685e+05 -8.647477e+03
-5.555556e-03 -4.080206e+05 5.014761e+03 -8.201589e+03 -3.640576e+05 4.603505e+03 -3.948001e+05 -3.624849e+05 -8.170645e+03 -8.681248e+03 3.640619e+05 3.141476e+05 3.407764e+03 3.624748e+05 -8.650237e+03 3.131088e+03 3.039556e+05 -1.021626e+04 4.149050e+05 3.580219e+05 3.597243e+03 -4.131047e+05 1.018108e+04 -3.269702e+03 -3.464142e+05 3.580197e+05 -4.686689e+03 6.948164e+03 3.194459e+05 4.338029e+03 -3.464116e+05 -3.180595e+05 -6.920911e+03
-5.353535e-03 -3.137121e+05 3.848400e+03 -6.874059e+03 -2.828536e+05 3.486855e+03 -3.035362e+05 -2.816198e+05 -6.851290e+03 -7.235878e+03 2.828564e+05 2.415364e+05 2.615426e+03 2.816120e+05 -7.213067e+03 2.371730e+03 2.336919e+05 -8.538006e+03 3.223585e+05 2.752700e+05 2.719282e+03 -3.209465e+05 8.512145e+03 -2.430057e+03 -2.663356e+05 2.752681e+05 -3.638225e+03 5.807201e+03 2.481930e+05 3.332457e+03 -2.663335e+05 -2.471056e+05 -5.787139e+03
-5.151515e-03 -2.497769e+05 3.080427e+03 -5.909859e+03 -2.279431e+05 2.754562e+03 -2.416662e+05 -2.269337e+05 -5.892516e+03 -6.194084e+03 2.279449e+05 1.923106e+05 2.093705e+03 2.269274e+05 -6.176717e+03 1.873727e+03 1.860584e+05 -7.323914e+03 2.597781e+05 2.191694e+05 2.146024e+03 -2.586233e+05 7.304237e+03 -1.884456e+03 -2.120484e+05 2.191678e+05 -2.943035e+03 4.981795e+03 2.000115e+05 2.667953e+03 -2.120466e+05 -1.991221e+05 -4.966507e+03
-4.949495e-03 -2.038591e+05 2.540851e+03 -5.166913e+03 -1.886375e+05 2.242165e+03 -1.972326e+05 -1.877867e+05 -5.153376e+03 -5.396580e+03 1.886386e+05 1.569571e+05 1.727129e+03 1.877816e+05 -5.383031e+03 1.525250e+03 1.518492e+05 -6.391592e+03 2.149823e+05 1.788784e+05 1.746612e+03 -2.140093e+05 6.376251e+03 -1.506212e+03 -1.730606e+05 1.788770e+05 -2.451221e+03 4.347941e+03 1.655226e+05 2.199448e+03 -1.730591e+05 -1.647732e+05 -4.336001e+03
-4.747475e-03 -1.695056e+05 2.144248e+03 -4.570917e+03 -1.593556e+05 1.867091e+03 -1.639904e+05 -1.586222e+05 -4.560157e+03 -4.760419e+03 1.593561e+05 1.305072e+05 1.457673e+03 1.586179e+05 -4.749652e+03 1.270157e+03 1.262561e+05 -5.645867e+03 1.816103e+05 1.487345e+05 1.455465e+03 -1.807718e+05 5.633687e+03 -1.231904e+03 -1.438925e+05 1.487333e+05 -2.087278e+03 3.840932e+03 1.398290e+05 1.853929e+03 -1.438912e+05 -1.391832e+05 -3.831435e+03
-4.545455e-03 -1.429948e+05 1.842828e+03 -4.078501e+03 -1.368795e+05 1.583209e+03 -1.383378e+05 -1.362359e+05 -4.069824e+03 -4.237392e+03 1.368796e+05 1.100957e+05 1.252877e+03 1.362323e+05 -4.228714e+03 1.077077e+03 1.065063e+05 -5.031314e+03 1.559947e+05 1.254724e+05 1.236006e+03 -1.552592e+05 5.021505e+03 -1.026210e+03 -1.213839e+05 1.254713e+05 -1.808855e+03 3.423089e+03 1.201072e+05 1.590483e+03 -1.213827e+05 -1.195408e+05 -3.415424e+03
-4.343434e-03 -1.220259e+05 1.607762e+03 -3.662318e+03 -1.192205e+05 1.362721e+03 -1.180482e+05 -1.186476e+05 -3.655240e+03 -3.797241e+03 1.192204e+05 9.395112e+04 1.093155e+03 1.186444e+05 -3.790165e+03 9.271095e+02 9.088535e+04 -4.513067e+03 1.358692e+05 1.070730e+05 1.066242e+03 -1.352145e+05 4.505077e+03 -8.679253e+02 -1.035809e+05 1.070720e+05 -1.590330e+03 3.070707e+03 1.046123e+05 1.384389e+03 -1.035798e+05 -1.041081e+05 -3.064450e+03
-4.141414e-03 -1.051005e+05 1.420644e+03 -3.304111e+03 -1.050845e+05 1.187912e+03 -1.016715e+05 -1.045681e+05 -3.298284e+03 -3.419846e+03 1.050841e+05 8.091975e+04 9.660059e+02 1.045653e+05 -3.414023e+03 8.082065e+02 7.827701e+04 -4.067898e+03 1.197586e+05 9.222163e+04 9.321787e+02 -1.191688e+05 4.061331e+03 -7.435808e+02 -8.921139e+04 9.222074e+04 -1.415298e+03 2.767997e+03 9.220855e+04 1.219838e+03 -8.921041e+04 -9.175430e+04 -2.762841e+03
-3.939394e-03 -9.120238e+04 1.269194e+03 -2.991136e+03 -9.359422e+04 1.046982e+03 -8.822439e+04 -9.312391e+04 -2.986303e+03 -3.091223e+03 9.359368e+04 7.021916e+04 8.630893e+02 9.312145e+04 -3.086396e+03 7.123446e+02 6.792407e+04 -3.679631e+03 1.066634e+05 8.002657e+04 8.245148e+02 -1.061263e+05 3.674192e+03 -6.442421e+02 -7.741227e+04 8.002575e+04 -1.272782e+03 2.503961e+03 8.212636e+04 1.086268e+03 -7.741139e+04 -8.171278e+04 -2.499681e+03
-3.737374e-03 -7.961918e+04 1.144929e+03 -2.714180e+03 -8.413567e+04 9.317917e+02 -7.701737e+04 -8.370343e+04 -2.710145e+03 -2.801301e+03 8.413498e+04 6.130091e+04 7.786410e+02 8.370123e+04 -2.797274e+03 6.339882e+02 5.929580e+04 -3.336593e+03 9.588363e+04 6.986277e+04 7.368456e+02 -9.539024e+04 3.332061e+03 -5.637698e+02 -6.757875e+04 6.986203e+04 -1.155171e+03 2.270666e+03 7.382691e+04 9.763663e+02 -6.757795e+04 -7.344693e+04 -2.267089e+03
-3.535354e-03 -6.983781e+04 1.041810e+03 -2.466382e+03 -7.626729e+04 8.365592e+02 -6.755394e+04 -7.586686e+04 -2.462997e+03 -2.542609e+03 7.626650e+04 5.376995e+04 7.085600e+02 7.586488e+04 -2.539232e+03 5.692059e+02 5.200992e+04 -3.030109e+03 8.691621e+04 6.128000e+04 6.646314e+02 -8.645924e+04 3.026313e+03 -4.978215e+02 -5.927512e+04 6.127933e+04 -1.057034e+03 2.062214e+03 6.692278e+04 8.849231e+02 -5.927439e+04 -6.657085e+04 -2.059209e+03
-3.333333e-03 -6.147999e+04 9.554362e+02 -2.242508e+03 -6.966438e+04 7.570789e+02 -5.946803e+04 -6.929075e+04 -2.239656e+03 -2.309468e+03 6.966350e+04 4.733502e+04 6.498567e+02 6.928896e+04 -2.306624e+03 5.151375e+02 4.578458e+04 -2.753574e+03 7.939100e+04 5.394635e+04 6.045756e+02 -7.896474e+04 2.750382e+03 -4.432511e+02 -5.218018e+04 5.394573e+04 -9.743985e+02 1.874116e+03 6.112904e+04 8.081338e+02 -5.217952e+04 -6.080075e+04 -1.871581e+03
-3.131313e-03 -5.426116e+04 8.825340e+02 -2.038482e+03 -6.408352e+04 6.902270e+02 -5.248426e+04 -6.373265e+04 -2.036071e+03 -2.097469e+03 6.408256e+04 4.177705e+04 6.003067e+02 6.373101e+04 -2.095066e+03 4.696586e+02 4.040778e+04 -2.501851e+03 7.303061e+04 4.761211e+04 5.542348e+02 -7.263041e+04 2.499158e+03 -3.977318e+02 -4.605231e+04 4.761155e+04 -9.043005e+02 1.702880e+03 5.623210e+04 7.431634e+02 -4.605171e+04 -5.592388e+04 -1.700735e+03
-2.929293e-03 -4.796346e+04 8.206236e+02 -1.851070e+03 -5.933924e+04 6.336429e+02 -4.639182e+04 -5.900782e+04 -1.849026e+03 -1.903124e+03 5.933823e+04 3.692827e+04 5.582258e+02 5.900631e+04 -1.901089e+03 4.311637e+02 3.571721e+04 -2.270872e+03 6.762366e+04 4.208612e+04 5.117659e+02 -6.724572e+04 2.268595e+03 -3.595127e+02 -4.070652e+04 4.208561e+04 -8.444875e+02 1.545741e+03 5.206922e+04 6.878616e+02 -4.070597e+04 -5.177815e+04 -1.543921e+03
-2.727273e-03 -4.241741e+04 7.677990e+02 -1.677661e+03 -5.528825e+04 5.855154e+02 -4.102669e+04 -5.497351e+04 -1.675927e+03 -1.723630e+03 5.528719e+04 3.265822e+04 5.223190e+02 5.497210e+04 -1.721903e+03 3.984210e+02 3.158659e+04 -2.057360e+03 6.300682e+04 3.721968e+04 4.757574e+02 -6.264798e+04 2.055432e+03 -3.272561e+02 -3.599891e+04 3.721922e+04 -7.932230e+02 1.400473e+03 4.851467e+04 6.405731e+02 -3.599841e+04 -4.823831e+04 -1.398926e+03
-2.525253e-03 -3.748925e+04 7.225763e+02 -1.516122e+03 -5.181845e+04 5.444368e+02 -3.625945e+04 -5.151806e+04 -1.514650e+03 -1.556699e+03 5.181735e+04 2.886389e+04 4.915783e+02 5.151675e+04 -1.555233e+03 3.704733e+02 2.791628e+04 -1.858639e+03 5.905237e+04 3.289541e+04 4.451146e+02 -5.870996e+04 1.857005e+03 -2.999268e+02 -3.181590e+04 3.289499e+04 -7.491507e+02 1.265256e+03 4.547009e+04 6.000071e+02 -3.181545e+04 -4.520638e+04 -1.263940e+03
-2.323232e-03 -3.307198e+04 6.837875e+02 -1.364683e+03 -4.884130e+04 5.093013e+02 -3.198654e+04 -4.855329e+04 -1.363432e+03 -1.400438e+03 4.884017e+04 2.546292e+04 4.652100e+02 4.855205e+04 -1.399194e+03 3.465684e+02 2.462657e+04 -1.672491e+03 5.565937e+04 2.901943e+04 4.189789e+02 -5.533112e+04 1.671106e+03 -2.767148e+02 -2.806665e+04 2.901905e+04 -7.111999e+02 1.138583e+03 4.285779e+04 5.651461e+02 -2.806625e+04 -4.260498e+04 -1.137464e+03
-2.121212e-03 -2.907893e+04 6.505048e+02 -1.221854e+03 -4.628625e+04 4.792324e+02 -2.812411e+04 -4.600890e+04 -1.220794e+03 -1.253261e+03 4.628509e+04 2.238857e+04 4.425840e+02 4.600773e+04 -1.252207e+03 3.261101e+02 2.165287e+04 -1.497054e+03 5.274743e+04 2.551568e+04 3.966709e+02 -5.243139e+04 1.495883e+03 -2.569806e+02 -2.467756e+04 2.551534e+04 -6.785176e+02 1.019188e+03 4.061585e+04 5.351808e+02 -2.467720e+04 -4.037245e+04 -1.018239e+03
-1.919192e-03 -2.543898e+04 6.219862e+02 -1.086370e+03 -4.409672e+04 4.535299e+02 -2.460333e+04 -4.382853e+04 -1.085474e+03 -1.113822e+03 4.409553e+04 1.958608e+04 4.231960e+02 4.382743e+04 -1.112932e+03 3.086223e+02 1.894221e+04 -1.330748e+03 5.025206e+04 2.232176e+04 3.776491e+02 -4.994651e+04 1.329760e+03 -2.402156e+02 -2.158826e+04 2.232145e+04 -6.504198e+02 9.059986e+02 3.869464e+04 5.094630e+02 -2.158793e+04 -3.845932e+04 -9.051947e+02
-1.717172e-03 -2.209309e+04 5.976351e+02 -9.571412e+02 -4.222709e+04 4.316320e+02 -2.136708e+04 -4.196677e+04 -9.563872e+02 -9.809643e+02 4.222589e+04 1.700999e+04 4.066408e+02 4.196571e+04 -9.802157e+02 2.937228e+02 1.645061e+04 -1.172213e+03 4.812129e+04 1.938587e+04 3.614793e+02 -4.782474e+04 1.171384e+03 -2.260131e+02 -1.874861e+04 1.938560e+04 -6.263550e+02 7.980891e+02 3.705414e+04 4.874709e+02 -1.874832e+04 -3.682575e+04 -7.974120e+02
-1.515152e-03 -1.899161e+04 5.769704e+02 -8.332171e+02 -4.064055e+04 4.130864e+02 -1.836732e+04 -4.038692e+04 -8.325876e+02 -8.536824e+02 4.063933e+04 1.462209e+04 3.925914e+02 4.038591e+04 -8.530577e+02 2.811041e+02 1.414108e+04 -1.020265e+03 4.631313e+04 1.666444e+04 3.478128e+02 -4.602425e+04 1.019574e+03 -2.140468e+02 -1.611646e+04 1.666421e+04 -6.058775e+02 6.946555e+02 3.566202e+04 4.687833e+02 -1.611621e+04 -3.543953e+04 -6.940895e+02
-1.313131e-03 -1.609227e+04 5.596043e+02 -7.137596e+02 -3.930733e+04 3.975289e+02 -1.556312e+04 -3.905935e+04 -7.132401e+02 -7.310910e+02 3.930610e+04 1.238981e+04 3.807843e+02 3.905837e+04 -7.305756e+02 2.705184e+02 1.198213e+04 -8.738600e+02 4.479370e+04 1.412037e+04 3.363693e+02 -4.451127e+04 8.732906e+02 -2.040549e+02 -1.365592e+04 1.412017e+04 -5.886269e+02 5.949887e+02 3.449220e+04 4.530601e+02 -1.365571e+04 -3.427468e+04 -5.945210e+02
-1.111111e-03 -1.335853e+04 5.452252e+02 -5.980202e+02 -3.820353e+04 3.846675e+02 -1.291917e+04 -3.796022e+04 -5.975987e+02 -6.124005e+02 3.820229e+04 1.028504e+04 3.710079e+02 3.795928e+04 -6.119827e+02 2.617670e+02 9.946531e+03 -7.320675e+02 4.353571e+04 1.172162e+04 3.269239e+02 -4.325864e+04 7.316065e+02 -1.958281e+02 -1.133597e+04 1.172145e+04 -5.743135e+02 4.984561e+02 3.352366e+04 4.400281e+02 -1.133579e+04 -3.331027e+04 -4.980763e+02
-9.090909e-04 -1.075838e+04 5.335851e+02 -4.853209e+02 -3.731005e+04 3.742698e+02 -1.040446e+04 -3.707055e+04 -4.849881e+02 -4.968977e+02 3.730880e+04 8.283124e+03 3.630936e+02 3.706963e+04 -4.965679e+02 2.546919e+02 8.010447e+03 -5.940453e+02 4.251744e+04 9.440081e+03 3.192983e+02 -4.224471e+04 5.936817e+02 -1.892004e+02 -9.129434e+03 9.439945e+03 -5.627057e+02 4.044852e+02 3.273968e+04 4.294691e+02 -9.129289e+03 -3.252964e+04 -4.041851e+02
-7.070707e-04 -8.263282e+03 5.244896e+02 -3.750398e+02 -3.661196e+04 3.661540e+02 -7.991400e+03 -3.637543e+04 -3.747883e+02 -3.839291e+02 3.661070e+04 6.362092e+03 3.569093e+02 3.637452e+04 -3.836798e+02 2.491695e+02 6.152621e+03 -4.590210e+02 4.172183e+04 7.250727e+03 3.133529e+02 -4.145251e+04 4.587466e+02 -1.840421e+02 -7.012087e+03 7.250622e+03 -5.536222e+02 3.125515e+02 3.212714e+04 4.212126e+02 -7.011974e+03 -3.191972e+04 -3.123245e+02
-5.050505e-04 -5.847363e+03 5.177910e+02 -2.665979e+02 -3.609786e+04 3.601819e+02 -5.654946e+03 -3.586353e+04 -2.664221e+02 -2.728868e+02 3.609660e+04 4.502019e+03 3.523547e+02 3.586264e+04 -2.727126e+02 2.451058e+02 4.353773e+03 -3.262764e+02 4.113593e+04 5.130847e+03 3.089818e+02 -4.086912e+04 3.260848e+02 -1.802549e+02 -4.961956e+03 5.130772e+03 -5.469247e+02 2.221668e+02 3.167604e+04 4.151284e+02 -4.961876e+03 -3.147056e+04 -2.220080e+02
-3.030303e-04 -3.486682e+03 5.133826e+02 -1.594480e+02 -3.575955e+04 3.562542e+02 -3.371938e+03 -3.552666e+04 -1.593440e+02 -1.631973e+02 3.575829e+04 2.684477e+03 3.493572e+02 3.552578e+04 -1.630944e+02 2.424331e+02 2.596073e+03 -1.951329e+02 4.075036e+04 3.059436e+03 3.061088e+02 -4.048521e+04 1.950196e+02 -1.777681e+02 -2.958721e+03 3.059391e+03 -5.425135e+02 1.328700e+02 3.137920e+04 4.111228e+02 -2.958674e+03 -3.117498e+04 -1.327760e+02
-1.010101e-04 -1.158630e+03 5.111954e+02 -5.306461e+01 -3.559171e+04 3.543061e+02 -1.120499e+03 -3.535954e+04 -5.303019e+01 -5.431045e+01 3.559044e+04 8.920560e+02 3.478701e+02 3.535866e+04 -5.427636e+01 2.411075e+02 8.626781e+02 -6.493934e+01 4.055908e+04 1.016656e+03 3.046844e+02 -4.029474e+04 6.490187e+01 -1.765359e+02 -9.831866e+02 1.016641e+03 -5.403238e+02 4.421868e+01 3.123192e+04 4.091349e+02 -9.831707e+02 -3.102834e+04 -4.418758e+01
1.010101e-04 1.158630e+03 5.111954e+02 5.306461e+01 -3.559171e+04 3.543061e+02 1.120499e+03 -3.535954e+04 5.303019e+01 5.431045e+01 3.559044e+04 -8.920560e+02 3.478701e+02 3.535866e+04 5.427636e+01 2.411075e+02 -8.626781e+02 6.493934e+01 4.055908e+04 -1.016656e+03 3.046844e+02 -4.029474e+04 -6.490187e+01 -1.765359e+02 9.831866e+02 -1.016641e+03 -5.403238e+02 -4.421868e+01 3.123192e+04 4.091349e+02 9.831707e+02 -3.102834e+04 4.418758e+01
3.030303e-04 3.486682e+03 5.133826e+02 1.594480e+02 -3.575955e+04 3.562542e+02 3.371938e+03 -3.552666e+04 1.593440e+02 1.631973e+02 3.575829e+04 -2.684477e+03 3.493572e+02 3.552578e+04 1.630944e+02 2.424331e+02 -2.596073e+03 1.951329e+02 4.075036e+04 -3.059436e+03 3.061088e+02 -4.048521e+04 -1.950196e+02 -1.777681e+02 2.958721e+03 -3.059391e+03 -5.425135e+02 -1.328700e+02 3.137920e+04 4.111228e+02 2.958674e+03 -3.117498e+04 1.327760e+02
5.050505e-04 5.847363e+03 5.177910e+02 2.665979e+02 -3.609786e+04 3.601819e+02 5.654946e+03 -3.586353e+04 2.664221e+02 2.728868e+02 3.609660e+04 -4.502019e+03 3.523547e+02 3.586264e+04 2.727126e+02 2.451058e+02 -4.353773e+03 3.262764e+02 4.113593e+04 -5.130847e+03 3.089818e+02 -4.086912e+04 -3.260848e+02 -1.802549e+02 4.961956e+03 -5.130772e+03 -5.469247e+02 -2.221668e+02 3.167604e+04 4.151284e+02 4.961876e+03 -3.147056e+04 2.220080e+02
7.070707e-04 8.263282e+03 5.244896e+02 3.750398e+02 -3.661196e+04 3.661540e+02 7.991400e+03 -3.637543e+04 3.747883e+02 3.839291e+02 3.661070e+04 -6.362092e+03 3.569093e+02 3.637452e+04 3.836798e+02 2.491695e+02 -6.152621e+03 4.590210e+02 4.172183e+04 -7.250727e+03 3.133529e+02 -4.145251e+04 -4.587466e+02 -1.840421e+02 7.012087e+03 -7.250622e+03 -5.536222e+02 -3.125515e+02 3.212714e+04 4.212126e+02 7.011974e+03 -3.191972e+04 3.123245e+02
9.090909e-04 1.075838e+04 5.335851e+02 4.853209e+02 -3.731005e+04 3.742698e+02 1.040446e+04 -3.707055e+04 4.849881e+02 4.968977e+02 3.730880e+04 -8.283124e+03 3.630936e+02 3.706963e+04 4.965679e+02 2.546919e+02 -8.010447e+03 5.940453e+02 4.251744e+04 -9.440081e+03 3.192983e+02 -4.224471e+04 -5.936817e+02 -1.892004e+02 9.129434e+03 -9.439945e+03 -5.627057e+02 -4.044852e+02 3.273968e+04 4.294691e+02 9.129289e+03 -3.252964e+04 4.041851e+02
1.111111e-03 1.335853e+04 5.452252e+02 5.980202e+02 -3.820353e+04 3.846675e+02 1.291917e+04 -3.796022e+04 5.975987e+02 6.124005e+02 3.820229e+04 -1.028504e+04 3.710079e+02 3.795928e+04 6.119827e+02 2.617670e+02 -9.946531e+03 7.320675e+02 4.353571e+04 -1.172162e+04 3.269239e+02 -4.325864e+04 -7.316065e+02 -1.958281e+02 1.133597e+04 -1.172145e+04 -5.743135e+02 -4.984561e+02 3.352366e+04 4.400281e+02 1.133579e+04 -3.331027e+04 4.980763e+02
1.313131e-03 1.609227e+04 5.596043e+02 7.137596e+02 -3.930733e+04 3.975289e+02 1.556312e+04 -3.905935e+04 7.132401e+02 7.310910e+02 3.930610e+04 -1.238981e+04 3.807843e+02 3.905837e+04 7.305756e+02 2.705184e+02 -1.198213e+04 8.738600e+02 4.479370e+04 -1.412037e+04 3.363693e+02 -4.451127e+04 -8.732906e+02 -2.040549e+02 1.365592e+04 -1.412017e+04 -5.886269e+02 -5.949887e+02 3.449220e+04 4.530601e+02 1.365571e+04 -3.427468e+04 5.945210e+02
1.515152e-03 1.899161e+04 5.769704e+02 8.332171e+02 -4.064055e+04 4.130864e+02 1.836732e+04 -4.038692e+04 8.325876e+02 8.536824e+02 4.063933e+04 -1.462209e+04 3.925914e+02 4.038591e+04 8.530577e+02 2.811041e+02 -1.414108e+04 1.020265e+03 4.631313e+04 -1.666444e+04 3.478128e+02 -4.602425e+04 -1.019574e+03 -2.140468e+02 1.611646e+04 -1.666421e+04 -6.058775e+02 -6.946555e+02 3.566202e+04 4.687833e+02 1.611621e+04 -3.543953e+04 6.940895e+02
1.717172e-03 2.209309e+04 5.976351e+02 9.571412e+02 -4.222709e+04 4.316320e+02 2.136708e+04 -4.196677e+04 9.563872e+02 9.809643e+02 4.222589e+04 -1.700999e+04 4.066408e+02 4.196571e+04 9.802157e+02 2.937228e+02 -1.645061e+04 1.172213e+03 4.812129e+04 -1.938587e+04 3.614793e+02 -4.782474e+04 -1.171384e+03 -2.260131e+02 1.874861e+04 -1.938560e+04 -6.263550e+02 -7.980891e+02 3.705414e+04 4.874709e+02 1.874832e+04 -3.682575e+04 7.974120e+02
1.919192e-03 2.543898e+04 6.219862e+02 1.086370e+03 -4.409672e+04 4.535299e+02 2.460333e+04 -4.382853e+04 1.085474e+03 1.113822e+03 4.409553e+04 -1.958608e+04 4.231960e+02 4.382743e+04 1.112932e+03 3.086223e+02 -1.894221e+04 1.330748e+03 5.025206e+04 -2.232176e+04 3.776491e+02 -4.994651e+04 -1.329760e+03 -2.402156e+02 2.158826e+04 -2.232145e+04 -6.504198e+02 -9.059986e+02 3.869464e+04 5.094630e+02 2.158793e+04 -3.845932e+04 9.051947e+02
2.121212e-03 2.907893e+04 6.505048e+02 1.221854e+03 -4.628625e+04 4.792324e+02 2.812411e+04 -4.600890e+04 1.220794e+03 1.253261e+03 4.628509e+04 -2.238857e+04 4.425840e+02 4.600773e+04 1.252207e+03 3.261101e+02 -2.165287e+04 1.497054e+03 5.274743e+04 -2.551568e+04 3.966709e+02 -5.243139e+04 -1.495883e+03 -2.569806e+02 2.467756e+04 -2.551534e+04 -6.785176e+02 -1.019188e+03 4.061585e+04 5.351808e+02 2.467720e+04 -4.037245e+04 1.018239e+03
2.323232e-03 3.307198e+04 6.837875e+02 1.364683e+03 -4.884130e+04 5.093013e+02 3.198654e+04 -4.855329e+04 1.363432e+03 1.400438e+03 4.884017e+04 -2.546292e+04 4.652100e+02 4.855205e+04 1.399194e+03 3.465684e+02 -2.462657e+04 1.672491e+03 5.565937e+04 -2.901943e+04 4.189789e+02 -5.533112e+04 -1.671106e+03 -2.767148e+02 2.806665e+04 -2.901905e+04 -7.111999e+02 -1.138583e+03 4.285779e+04 5.651461e+02 2.806625e+04 -4.260498e+04 1.137464e+03
2.525253e-03 3.748925e+04 7.225763e+02 1.516122e+03 -5.181845e+04 5.444368e+02 3.625945e+04 -5.151806e+04 1.514650e+03 1.556699e+03 5.181735e+04 -2.886389e+04 4.915783e+02 5.151675e+04 1.555233e+03 3.704733e+02 -2.791628e+04 1.858639e+03 5.905237e+04 -3.289541e+04 4.451146e+02 -5.870996e+04 -1.857005e+03 -2.999268e+02 3.181590e+04 -3.289499e+04 -7.491507e+02 -1.265256e+03 4.547009e+04 6.000071e+02 3.181545e+04 -4.520638e+04 1.263940e+03
2.727273e-03 4.241741e+04 7.677990e+02 1.677661e+03 -5.528825e+04 5.855154e+02 4.102669e+04 -5.497351e+04 1.675927e+03 1.723630e+03 5.528719e+04 -3.265822e+04 5.223190e+02 5.497210e+04 1.721903e+03 3.984210e+02 -3.158659e+04 2.057360e+03 6.300682e+04 -3.721968e+04 4.757574e+02 -6.264798e+04 -2.055432e+03 -3.272561e+02 3.599891e+04 -3.721922e+04 -7.932230e+02 -1.400473e+03 4.851467e+04 6.405731e+02 3.599841e+04 -4.823831e+04 1.398926e+03
2.929293e-03 4.796346e+04 8.206236e+02 1.851070e+03 -5.933924e+04 6.336429e+02 4.639182e+04 -5.900782e+04 1.849026e+03 1.903124e+03 5.933823e+04 -3.692827e+04 5.582258e+02 5.900631e+04 1.901089e+03 4.311637e+02 -3.571721e+04 2.270872e+03 6.762366e+04 -4.208612e+04 5.117659e+02 -6.724572e+04 -2.268595e+03 -3.595127e+02 4.070652e+04 -4.208561e+04 -8.444875e+02 -1.545741e+03 5.206922e+04 6.878616e+02 4.070597e+04 -5.177815e+04 1.543921e+03
3.131313e-03 5.426116e+04 8.825340e+02 2.038482e+03 -6.408352e+04 6.902270e+02 5.248426e+04 -6.373265e+04 2.036071e+03 2.097469e+03 6.408256e+04 -4.177705e+04 6.003067e+02 6.373101e+04 2.095066e+03 4.696586e+02 -4.040778e+04 2.501851e+03 7.303061e+04 -4.761211e+04 5.542348e+02 -7.263041e+04 -2.499158e+03 -3.977318e+02 4.605231e+04 -4.761155e+04 -9.043005e+02 -1.702880e+03 5.623210e+04 7.431634e+02 4.605171e+04 -5.592388e+04 1.700735e+03
3.333333e-03 6.147999e+04 9.554362e+02 2.242508e+03 -6.966438e+04 7.570789e+02 5.946803e+04 -6.929075e+04 2.239656e+03 2.309468e+03 6.966350e+04 -4.733502e+04 6.498567e+02 6.928896e+04 2.306624e+03 5.151375e+02 -4.578458e+04 2.753574e+03 7.939100e+04 -5.394635e+04 6.045756e+02 -7.896474e+04 -2.750382e+03 -4.432511e+02 5.218018e+04 -5.394573e+04 -9.743985e+02 -1.874116e+03 6.112904e+04 8.081338e+02 5.217952e+04 -6.080075e+04 1.871581e+03
3.535354e-03 6.983781e+04 1.041810e+03 2.466382e+03 -7.626729e+04 8.365592e+02 6.755394e+04 -7.586686e+04 2.462997e+03 2.542609e+03 7.626650e+04 -5.376995e+04 7.085600e+02 7.586488e+04 2.539232e+03 5.692059e+02 -5.200992e+04 3.030109e+03 8.691621e+04 -6.128000e+04 6.646314e+02 -8.645924e+04 -3.026313e+03 -4.978215e+02 5.927512e+04 -6.127933e+04 -1.057034e+03 -2.062214e+03 6.692278e+04 8.849231e+02 5.927439e+04 -6.657085e+04 2.059209e+03
3.737374e-03 7.961918e+04 1.144929e+03 2.714180e+03 -8.413567e+04 9.317917e+02 7.701737e+04 -8.370343e+04 2.710145e+03 2.801301e+03 8.413498e+04 -6.130091e+04 7.786410e+02 8.370123e+04 2.797274e+03 6.339882e+02 -5.929580e+04 3.336593e+03 9.588363e+04 -6.986277e+04 7.368456e+02 -9.539024e+04 -3.332061e+03 -5.637698e+02 6.757875e+04 -6.986203e+04 -1.155171e+03 -2.270666e+03 7.382691e+04 9.763663e+02 6.757795e+04 -7.344693e+04 2.267089e+03
3.939394e-03 9.120238e+04 1.269194e+03 2.991136e+03 -9.359422e+04 1.046982e+03 8.822439e+04 -9.312391e+04 2.986303e+03 3.091223e+03 9.359368e+04 -7.021916e+04 8.630893e+02 9.312145e+04 3.086396e+03 7.123446e+02 -6.792407e+04 3.679631e+03 1.066634e+05 -8.002657e+04 8.245148e+02 -1.061263e+05 -3.674192e+03 -6.442421e+02 7.741227e+04 -8.002575e+04 -1.272782e+03 -2.503961e+03 8.212636e+04 1.086268e+03 7.741139e+04 -8.171278e+04 2.499681e+03
4.141414e-03 1.051005e+05 1.420644e+03 3.304111e+03 -1.050845e+05 1.187912e+03 1.016715e+05 -1.045681e+05 3.298284e+03 3.419846e+03 1.050841e+05 -8.091975e+04 9.660059e+02 1.045653e+05 3.414023e+03 8.082065e+02 -7.827701e+04 4.067898e+03 1.197586e+05 -9.222163e+04 9.321787e+02 -1.191688e+05 -4.061331e+03 -7.435808e+02 8.921139e+04 -9.222074e+04 -1.415298e+03 -2.767997e+03 9.220855e+04 1.219838e+03 8.921041e+04 -9.175430e+04 2.762841e+03
4.343434e-03 1.220259e+05 1.607762e+03 3.662318e+03 -1.192205e+05 1.362721e+03 1.180482e+05 -1.186476e+05 3.655240e+03 3.797241e+03 1.192204e+05 -9.395112e+04 1.093155e+03 1.186444e+05 3.790165e+03 9.271095e+02 -9.088535e+04 4.513067e+03 1.358692e+05 -1.070730e+05 1.066242e+03 -1.352145e+05 -4.505077e+03 -8.679253e+02 1.035809e+05 -1.070720e+05 -1.590330e+03 -3.070707e+03 1.046123e+05 1.384389e+03 1.035798e+05 -1.041081e+05 3.064450e+03
4.545455e-03 1.429948e+05 1.842828e+03 4.078501e+03 -1.368795e+05 1.583209e+03 1.383378e+05 -1.362359e+05 4.069824e+03 4.237392e+03 1.368796e+05 -1.100957e+05 1.252877e+03 1.362323e+05 4.228714e+03 1.077077e+03 -1.065063e+05 5.031314e+03 1.559947e+05 -1.254724e+05 1.236006e+03 -1.552592e+05 -5.021505e+03 -1.026210e+03 1.213839e+05 -1.254713e+05 -1.808855e+03 -3.423089e+03 1.201072e+05 1.590483e+03 1.213827e+05 -1.195408e+05 3.415424e+03
4.747475e-03 1.695056e+05 2.144248e+03 4.570917e+03 -1.593556e+05 1.867091e+03 1.639904e+05 -1.586222e+05 4.560157e+03 4.760419e+03 1.593561e+05 -1.305072e+05 1.457673e+03 1.586179e+05 4.749652e+03 1.270157e+03 -1.262561e+05 5.645867e+03 1.816103e+05 -1.487345e+05 1.455465e+03 -1.807718e+05 -5.633687e+03 -1.231904e+03 1.438925e+05 -1.487333e+05 -2.087278e+03 -3.840932e+03 1.398290e+05 1.853929e+03 1.438912e+05 -1.391832e+05 3.831435e+03
4.949495e-03 2.038591e+05 2.540851e+03 5.166913e+03 -1.886375e+05 2.242165e+03 1.972326e+05 -1.877867e+05 5.153376e+03 5.396580e+03 1.886386e+05 -1.569571e+05 1.727129e+03 1.877816e+05 5.383031e+03 1.525250e+03 -1.518492e+05 6.391592e+03 2.149823e+05 -1.788784e+05 1.746612e+03 -2.140093e+05 -6.376251e+03 -1.506212e+03 1.730606e+05 -1.788770e+05 -2.451221e+03 -4.347941e+03 1.655226e+05 2.199448e+03 1.730591e+05 -1.647732e+05 4.336001e+03
5.151515e-03 2.497769e+05 3.080427e+03 5.909859e+03 -2.279431e+05 2.754562e+03 2.416662e+05 -2.269337e+05 5.892516e+03 6.194084e+03 2.279449e+05 -1.923106e+05 2.093705e+03 2.269274e+05 6.176717e+03 1.873727e+03 -1.860584e+05 7.323914e+03 2.597781e+05 -2.191694e+05 2.146024e+03 -2.586233e+05 -7.304237e+03 -1.884456e+03 2.120484e+05 -2.191678e+05 -2.943035e+03 -4.981795e+03 2.000115e+05 2.667953e+03 2.120466e+05 -1.991221e+05 4.966507e+03
5.353535e-03 3.137121e+05 3.848400e+03 6.874059e+03 -2.828536e+05 3.486855e+03 3.035362e+05 -2.816198e+05 6.851290e+03 7.235878e+03 2.828564e+05 -2.415364e+05 2.615426e+03 2.816120e+05 7.213067e+03 2.371730e+03 -2.336919e+05 8.538006e+03 3.223585e+05 -2.752700e+05 2.719282e+03 -3.209465e+05 -8.512145e+03 -2.430057e+03 2.663356e+05 -2.752681e+05 -3.638225e+03 -5.807201e+03 2.481930e+05 3.332457e+03 2.663335e+05 -2.471056e+05 5.787139e+03
5.555556e-03 4.080206e+05 5.014761e+03 8.201589e+03 -3.640576e+05 4.603505e+03 3.948001e+05 -3.624849e+05 8.170645e+03 8.681248e+03 3.640619e+05 -3.141476e+05 3.407764e+03 3.624748e+05 8.650237e+03 3.131088e+03 -3.039556e+05 1.021626e+04 4.149050e+05 -3.580219e+05 3.597243e+03 -4.131047e+05 -1.018108e+04 -3.269702e+03 3.464142e+05 -3.580197e+05 -4.686689e+03 -6.948164e+03 3.194459e+05 4.338029e+03 3.464116e+05 -3.180595e+05 6.920911e+03
5.757576e-03 5.603445e+05 6.979059e+03 1.021471e+04 -4.954719e+05 6.491313e+03 5.422091e+05 -4.933312e+05 1.017034e+04 1.089292e+04 4.954787e+05 -4.314268e+05 4.742132e+03 4.933172e+05 1.084843e+04 4.414798e+03 -4.174452e+05 1.277323e+04 5.646753e+05 -4.916801e+05 5.088210e+03 -5.622241e+05 -1.272274e+04 -4.702078e+03 4.757567e+05 -4.916772e+05 -6.440032e+03 -8.686548e+03 4.347562e+05 6.025107e+03 4.757534e+05 -4.328685e+05 8.647477e+03
5.959596e-03 8.532970e+05 1.101445e+04 1.391096e+04 -7.485904e+05 1.038305e+04 8.257128e+05 -7.452849e+05 1.384045e+04 1.499737e+04 7.486021e+05 -6.569807e+05 7.483413e+03 7.452635e+05 1.492664e+04 7.061036e+03 -6.357136e+05 1.749439e+04 8.531492e+05 -7.487343e+05 8.176408e+03 -8.493637e+05 -1.741410e+04 -7.680952e+03 7.245142e+05 -7.487303e+05 -1.001684e+04 -1.189635e+04 6.568567e+05 9.476855e+03 7.245094e+05 -6.539414e+05 1.183429e+04
6.161616e-03 1.871808e+06 2.697708e+04 2.686128e+04 -1.629750e+06 2.581795e+04 1.811372e+06 -1.621814e+06 2.670029e+04 2.956330e+04 1.629778e+06 -1.441168e+06 1.832756e+04 1.621766e+06 2.940168e+04 1.755550e+04 -1.394570e+06 3.414761e+04 1.857388e+06 -1.642439e+06 2.049079e+04 -1.848302e+06 -3.396413e+04 -1.959578e+04 1.589372e+06 -1.642430e+06 -2.406758e+04 -2.321886e+04 1.430036e+06 2.306554e+04 1.589361e+06 -1.423039e+06 2.307713e+04
6.363636e-03 2.729909e+05 -5.529199e+03 2.965577e+03 -2.445818e+05 -5.622259e+03 2.641909e+05 -2.462584e+05 2.939493e+03 2.379349e+03 2.445890e+05 -2.101809e+05 -3.758816e+03 2.462542e+05 2.353406e+03 -3.819637e+03 -2.033952e+05 3.233661e+03 2.787467e+05 -2.395354e+05 -4.735968e+03 -2.806507e+05 -3.204013e+03 4.822698e+03 2.318076e+05 -2.395372e+05 4.399407e+03 -2.200254e+03 2.146112e+05 -4.463661e+03 2.318099e+05 -2.160776e+05 2.177441e+03
6.565657e-03 7.930891e+05 -1.031091e+03 7.624790e+03 -6.938944e+05 -1.280750e+03 7.675514e+05 -6.942728e+05 7.548563e+03 7.493689e+03 6.939118e+05 -6.106218e+05 -7.043113e+02 6.942555e+05 7.417487e+03 -8.665355e+02 -5.909291e+05 9.148482e+03 7.908206e+05 -6.959006e+05 -1.327877e+03 -7.912319e+05 -9.061666e+03 1.532301e+03 6.734749e+05 -6.959010e+05 3.795117e+02 -6.222122e+03 6.088638e+05 -5.790604e+02 6.734756e+05 -6.091806e+05 6.155240e+03
6.767677e-03 1.807435e+06 4.761666e+03 1.375623e+04 -1.570017e+06 4.363447e+03 1.749311e+06 -1.568834e+06 1.357659e+04 1.421472e+04 1.570056e+06 -1.391600e+06 3.226628e+03 1.568791e+06 1.403491e+04 2.973893e+03 -1.346777e+06 1.692584e+04 1.789324e+06 -1.585948e+06 3.051821e+03 -1.787929e+06 -1.672109e+04 -2.741307e+03 1.534905e+06 -1.585947e+06 -4.803612e+03 -1.151159e+04 1.377624e+06 4.476624e+03 1.534904e+06 -1.376550e+06 1.135387e+04
6.969697e-03 4.783347e+06 1.729149e+04 2.599211e+04 -4.140320e+06 1.673346e+04 4.629730e+06 -4.135926e+06 2.549821e+04 2.773533e+04 4.140430e+06 -3.682852e+06 1.172335e+04 4.135811e+06 2.724075e+04 1.139396e+04 -3.564384e+06 3.250855e+04 4.718665e+06 -4.197186e+06 1.258635e+04 -4.713529e+06 -3.194542e+04 -1.218418e+04 4.062283e+06 -4.197184e+06 -1.594682e+04 -2.211418e+04 3.632957e+06 1.548386e+04 4.062281e+06 -3.629003e+06 2.168049e+04
7.171717e-03 2.767475e+07 9.001398e+04 8.781650e+04 -2.391050e+07 8.967719e+04 2.678722e+07 -2.388796e+07 8.484746e+04 9.707906e+04 2.391116e+07 -2.130769e+07 6.099977e+04 2.388728e+07 9.410618e+04 6.107349e+04 -2.062321e+07 1.118352e+05 2.725049e+07 -2.428344e+07 6.848785e+04 -2.722403e+07 -1.084496e+05 -6.853871e+04 2.350401e+07 -2.428343e+07 -8.001441e+04 -7.613253e+04 2.098046e+07 7.975172e+04 2.350401e+07 -2.096010e+07 7.352568e+04
7.373737e-03 -8.650957e+07 -1.242746e+05 -7.582603e+04 7.468879e+07 -1.322473e+05 -8.373931e+07 7.465875e+07 -6.612501e+04 -8.908640e+04 -7.469098e+07 6.660665e+07 -8.391758e+04 -7.465655e+07 -7.937930e+04 -9.033197e+04 6.446994e+07 -9.949926e+04 -8.512192e+07 7.590857e+07 -9.738344e+04 8.508521e+07 8.844009e+04 1.047544e+05 -7.347564e+07 7.590859e+07 1.072994e+05 6.809601e+04 -6.553634e+07 -1.142341e+05 -7.347562e+07 6.550803e+07 -5.958126e+04
7.575758e-03 1.840450e+07 3.440696e+03 -2.853154e+04 -1.589726e+07 7.023457e+03 1.781602e+07 -1.589648e+07 -3.067788e+04 -2.800109e+04 1.589774e+07 -1.417026e+07 2.225423e+03 1.589601e+07 -3.014772e+04 4.882038e+03 -1.371634e+07 -3.430946e+04 1.811793e+07 -1.614920e+07 4.612633e+03 -1.811650e+07 3.675579e+04 -7.706837e+03 1.563236e+07 -1.614920e+07 -9.425981e+02 2.318905e+04 1.394919e+07 4.019846e+03 1.563236e+07 -1.394810e+07 -2.507251e+04
7.777778e-03 4.296982e+06 3.302675e+02 -1.776874e+04 -3.717709e+06 1.602836e+03 4.159797e+06 -3.717618e+06 -1.829023e+04 -1.767894e+04 3.717824e+06 -3.308394e+06 1.969943e+02 3.717503e+06 -1.820050e+04 1.115992e+03 -3.202572e+06 -2.148469e+04 4.237033e+06 -3.770426e+06 1.386450e+03 -4.236797e+06 2.207906e+04 -2.469857e+03 3.649939e+06 -3.770426e+06 8.721729e+02 1.456210e+04 3.262140e+06 2.084493e+02 3.649939e+06 -3.261959e+06 -1.501975e+04
7.979798e-03 1.928399e+06 -8.990409e+02 -1.309761e+04 -1.672535e+06 -1.345758e+02 1.866931e+06 -1.672729e+06 -1.334119e+04 -1.316109e+04 1.672587e+06 -1.484742e+06 -6.233209e+02 1.672675e+06 -1.340465e+04 -7.839177e+01 -1.437322e+06 -1.591123e+04 1.906169e+06 -1.692092e+06 8.629041e+01 -1.906330e+06 1.618880e+04 -7.312563e+02 1.638103e+06 -1.692092e+06 1.585546e+03 1.079034e+04 1.467583e+06 -9.386483e+02 1.638104e+06 -1.467707e+06 -1.100411e+04
8.181818e-03 1.150074e+06 -8.524656e+02 -1.094672e+04 -1.000393e+06 -2.842182e+02 1.113475e+06 -1.000574e+06 -1.109781e+04 -1.101534e+04 1.000426e+06 -8.854825e+05 -5.867991e+02 1.000541e+06 -1.116640e+04 -1.848067e+02 -8.572461e+05 -1.330673e+04 1.140137e+06 -1.009144e+06 -8.102546e+00 -1.140306e+06 1.347887e+04 -4.692729e+02 9.769966e+05 -1.009144e+06 1.408659e+03 9.025518e+03 8.778064e+05 -9.292496e+02 9.769968e+05 -8.779366e+05 -9.158130e+03
8.383838e-03 8.965602e+05 8.984831e+02 -1.098495e+04 -7.815310e+05 1.421768e+03 8.680748e+05 -7.813229e+05 -1.110707e+04 -1.087403e+04 7.815572e+05 -6.902938e+05 6.034340e+02 7.812968e+05 -1.099624e+04 9.719098e+02 -6.683163e+05 -1.324403e+04 8.907025e+05 -7.866958e+05 1.434850e+03 -8.904354e+05 1.338321e+04 -1.876006e+03 7.616750e+05 -7.866963e+05 -4.122653e+01 8.983333e+03 6.857643e+05 4.792047e+02 7.616755e+05 -6.855588e+05 -9.090596e+03
8.585859e-03 1.228163e+06 1.023178e+04 -1.816018e+04 -1.068672e+06 1.103168e+04 1.189204e+06 -1.066460e+06 -1.833210e+04 -1.706510e+04 1.068712e+06 -9.456103e+05 6.935884e+03 1.066427e+06 -1.723780e+04 7.497821e+03 -9.155510e+05 -2.134234e+04 1.217955e+06 -1.077664e+06 9.555111e+03 -1.215393e+06 2.153859e+04 -1.024163e+04 1.043444e+06 -1.077668e+06 -7.327327e+03 1.447655e+04 9.377225e+05 7.983168e+03 1.043447e+06 -9.357493e+05 -1.462790e+04
8.787879e-03 1.458827e+06 1.925589e+04 -2.530629e+04 -1.268601e+06 2.030831e+04 1.412628e+06 -1.264550e+06 -2.551645e+04 -2.325849e+04 1.268652e+06 -1.123211e+06 1.305737e+04 1.264512e+06 -2.347015e+04 1.379523e+04 -1.087564e+06 -2.942503e+04 1.445812e+06 -1.280064e+06 1.741971e+04 -1.441145e+06 2.966518e+04 -1.832993e+04 1.239483e+06 -1.280071e+06 -1.435736e+04 1.995828e+04 1.113155e+06 1.521160e+04 1.239489e+06 -1.109562e+06 -2.014360e+04
8.989899e-03 7.808963e+05 9.365825e+03 -1.579971e+04 -6.820232e+05 9.999142e+03 7.562102e+05 -6.801008e+05 -1.591649e+04 -1.480073e+04 6.820512e+05 -6.012448e+05 6.349245e+03 6.800798e+05 -1.491829e+04 6.792245e+03 -5.821953e+05 -1.854154e+04 7.772950e+05 -6.852063e+05 8.699201e+03 -7.750765e+05 1.867492e+04 -9.242842e+03 6.635211e+05 -6.852104e+05 -6.754836e+03 1.257488e+04 5.984541e+05 7.271833e+03 6.635247e+05 -5.967457e+05 -1.267787e+04
9.191919e-03 5.322565e+05 6.111689e+03 -1.232325e+04 -4.668229e+05 6.589032e+03 5.154607e+05 -4.655991e+05 -1.240576e+04 -1.167017e+04 4.668424e+05 -4.098070e+05 4.142258e+03 4.655845e+05 -1.175322e+04 4.475583e+03 -3.968451e+05 -1.453903e+04 5.320331e+05 -4.670348e+05 5.809009e+03 -5.306191e+05 1.463322e+04 -6.216897e+03 4.522801e+05 -4.670378e+05 -4.274467e+03 9.859170e+03 4.096234e+05 4.665351e+03 4.522828e+05 -4.085344e+05 -9.931959e+03
9.393939e-03 3.958946e+05 4.432578e+03 -1.034191e+04 -3.487406e+05 4.820736e+03 3.834246e+05 -3.478748e+05 -1.040548e+04 -9.867707e+03 3.487556e+05 -3.048164e+05 3.003564e+03 3.478638e+05 -9.931688e+03 3.274247e+03 -2.951922e+05 -1.224697e+04 3.974558e+05 -3.473826e+05 4.306587e+03 -3.964544e+05 1.231951e+04 -4.637175e+03 3.364277e+05 -3.473851e+05 -3.005826e+03 8.303779e+03 3.060104e+05 3.324356e+03 3.364298e+05 -3.052392e+05 -8.359882e+03
9.595960e-03 3.093067e+05 3.408037e+03 -9.015053e+03 -2.737103e+05 3.736626e+03 2.995821e+05 -2.730609e+05 -9.066463e+03 -8.650210e+03 2.737223e+05 -2.381489e+05 2.308825e+03 2.730521e+05 -8.701955e+03 2.537721e+03 -2.306430e+05 -1.070581e+04 3.119444e+05 -2.714052e+05 3.382962e+03 -3.111926e+05 1.076445e+04 -3.662104e+03 2.628618e+05 -2.714072e+05 -2.238702e+03 7.257803e+03 2.401739e+05 2.508779e+03 2.628636e+05 -2.395949e+05 -7.303197e+03
9.797980e-03 2.497121e+05 2.722384e+03 -8.046459e+03 -2.220284e+05 3.007729e+03 2.418760e+05 -2.215224e+05 -8.089399e+03 -7.754942e+03 2.220383e+05 -1.922645e+05 1.843921e+03 2.215152e+05 -7.798164e+03 2.042519e+03 -1.862158e+05 -9.576917e+03 2.530430e+05 -2.191132e+05 2.760192e+03 -2.524566e+05 9.625877e+03 -3.002102e+03 2.122287e+05 -2.191150e+05 -1.730012e+03 6.491519e+03 1.948248e+05 1.964844e+03 2.122303e+05 -1.943732e+05 -6.529454e+03
1.000000e-02 2.064840e+05 2.235200e+03 -7.300000e+03 -1.845043e+05 2.487455e+03 2.000169e+05 -1.840991e+05 -7.336715e+03 -7.060676e+03 1.845128e+05 -1.589815e+05 1.513614e+03 1.840930e+05 -7.097634e+03 1.689055e+03 -1.539891e+05 -8.704365e+03 2.102772e+05 -1.811824e+05 2.314376e+03 -2.098071e+05 8.746208e+03 -2.527872e+03 1.755004e+05 -1.811839e+05 -1.371912e+03 5.899153e+03 1.618987e+05 1.579727e+03 1.755018e+05 -1.615368e+05 -5.931608e+03
