-1.000000e-02 -8.816744e+04 3.997989e+03 6.193900e+03 -1.168551e+05 -6.366792e+02 -1.901483e+05 -1.231665e+05 5.574849e+03 6.033486e+03 1.167410e+05 6.778131e+04 2.747232e+03 1.232820e+05 5.410248e+03 -4.678577e+02 1.464978e+05 7.393764e+03 1.331338e+05 7.730733e+04 3.747809e+03 -1.404569e+05 -6.689012e+03 1.620115e+02 -1.669028e+05 7.730472e+04 -2.891400e+03 -5.036673e+03 1.024676e+05 -9.300739e+02 -1.669020e+05 -1.081068e+05 4.488736e+03
-9.797980e-03 -1.021294e+05 4.497138e+03 6.659808e+03 -1.345216e+05 -5.957976e+02 -2.206258e+05 -1.420490e+05 5.963996e+03 6.473036e+03 1.343919e+05 7.851811e+04 3.090164e+03 1.421801e+05 5.772564e+03 -4.442117e+02 1.699756e+05 7.940105e+03 1.532623e+05 8.955125e+04 4.193670e+03 -1.619887e+05 -7.147556e+03 1.075742e+02 -1.936526e+05 8.954809e+04 -3.274366e+03 -5.410548e+03 1.179596e+05 -9.217119e+02 -1.936516e+05 -1.246796e+05 4.795052e+03
-9.595960e-03 -1.198594e+05 5.121160e+03 7.220793e+03 -1.569053e+05 -5.264301e+02 -2.593506e+05 -1.660162e+05 6.428735e+03 7.000186e+03 1.567562e+05 9.215266e+04 3.518897e+03 1.661670e+05 6.202874e+03 -4.022470e+02 1.998063e+05 8.596610e+03 1.787655e+05 1.050996e+05 4.750108e+03 -1.893186e+05 -7.693995e+03 2.583198e+01 -2.276408e+05 1.050957e+05 -3.754111e+03 -5.859900e+03 1.375884e+05 -8.947865e+02 -2.276395e+05 -1.457151e+05 5.159682e+03
-9.393939e-03 -1.429461e+05 5.922635e+03 7.912902e+03 -1.859874e+05 -4.122510e+02 -3.098034e+05 -1.972181e+05 6.997062e+03 7.647632e+03 1.858132e+05 1.099069e+05 4.069549e+03 1.973941e+05 6.725770e+03 -3.312973e+02 2.386712e+05 9.404720e+03 2.119006e+05 1.253457e+05 5.463465e+03 -2.248979e+05 -8.360570e+03 -9.798688e+01 -2.719223e+05 1.253409e+05 -4.371597e+03 -6.413144e+03 1.630912e+05 -8.375895e+02 -2.719207e+05 -1.731002e+05 5.603948e+03
-9.191919e-03 -1.739954e+05 6.989000e+03 8.794829e+03 -2.250126e+05 -2.245320e+02 -3.776929e+05 -2.391850e+05 7.714493e+03 8.468419e+03 2.248051e+05 1.337849e+05 4.802171e+03 2.393945e+05 7.381029e+03 -2.125412e+02 2.909675e+05 1.043179e+04 2.563646e+05 1.525750e+05 6.410728e+03 -2.727523e+05 -9.199576e+03 -2.896595e+02 -3.315076e+05 1.525688e+05 -5.194996e+03 -7.116468e+03 1.973135e+05 -7.292427e+02 -3.315055e+05 -2.099334e+05 6.162425e+03
-8.989899e-03 -2.176234e+05 8.478327e+03 9.970601e+03 -2.797197e+05 9.148355e+01 -4.731314e+05 -2.981797e+05 8.661714e+03 9.556225e+03 2.794658e+05 1.673368e+05 5.825300e+03 2.984359e+05 8.238829e+03 -1.001264e+01 3.644850e+05 1.179701e+04 3.186963e+05 1.908355e+05 7.730957e+03 -3.400228e+05 -1.030352e+04 -5.979674e+02 -4.152719e+05 1.908274e+05 -6.347649e+03 -8.051593e+03 2.452879e+05 -5.294964e+02 -4.152690e+05 -2.617112e+05 6.896266e+03
-8.787879e-03 -2.829839e+05 1.071331e+04 1.164881e+04 -3.614669e+05 6.531729e+02 -6.161713e+05 -3.866446e+05 1.000096e+04 1.109825e+04 3.611441e+05 2.176024e+05 7.360445e+03 3.869700e+05 9.439675e+03 3.535737e+02 4.746698e+05 1.373898e+04 4.118369e+05 2.481553e+05 9.707805e+03 -4.408971e+05 -1.185800e+04 -1.126863e+03 -5.408146e+05 2.481442e+05 -8.081504e+03 -9.382114e+03 3.169750e+05 -1.512393e+02 -5.408106e+05 -3.393540e+05 7.928205e+03
-8.585859e-03 -3.919181e+05 1.449545e+04 1.433990e+04 -4.972858e+05 1.765293e+03 -8.546475e+05 -5.343347e+05 1.213162e+04 1.355114e+04 4.968490e+05 3.013794e+05 9.957577e+03 5.347744e+05 1.132831e+04 1.079351e+03 6.583692e+05 1.684075e+04 5.665855e+05 3.436891e+05 1.304532e+04 -6.093034e+05 -1.431911e+04 -2.145002e+03 -7.501191e+05 3.436725e+05 -1.102259e+04 -1.150771e+04 4.360796e+05 6.334856e+02 -7.501130e+05 -4.689765e+05 9.560014e+03
-8.383838e-03 -6.201723e+05 2.276155e+04 1.989460e+04 -7.806098e+05 4.589332e+03 -1.354394e+06 -8.447419e+05 1.651634e+04 1.856627e+04 7.799351e+05 4.769216e+05 1.563093e+04 8.454203e+05 1.516486e+04 2.935608e+03 1.043326e+06 2.321411e+04 8.893979e+05 5.438657e+05 2.032191e+04 -9.632494e+05 -1.935483e+04 -4.672951e+03 -1.188734e+06 5.438369e+05 -1.746503e+04 -1.587551e+04 6.845369e+05 2.698777e+03 -1.188723e+06 -7.414099e+05 1.289654e+04
-8.181818e-03 -3.964875e+06 1.637730e+05 1.088577e+05 -4.886602e+06 6.203274e+04 -8.671642e+06 -5.433315e+06 8.806822e+04 9.786305e+04 4.882393e+06 3.049176e+06 1.122839e+05 5.437545e+06 7.689357e+04 4.101662e+04 6.679886e+06 1.247037e+05 5.567631e+06 3.477133e+06 1.441113e+05 -6.195440e+06 -1.009271e+05 -5.511278e+04 -7.610937e+06 3.476889e+06 -1.275618e+05 -8.538099e+04 4.285182e+06 4.605858e+04 -7.610835e+06 -4.768652e+06 6.703734e+04
-7.979798e-03 2.768432e+05 -2.029031e+04 -6.106676e+03 3.087192e+05 -1.477227e+04 6.064480e+05 3.965888e+05 -4.742640e+03 -4.394625e+03 -3.084356e+05 -2.129221e+05 -1.384950e+04 -3.968742e+05 -3.004470e+03 -9.957210e+03 -4.671437e+05 -6.326501e+03 -3.517433e+05 -2.428078e+05 -1.740417e+04 4.521956e+05 4.758328e+03 1.216607e+04 5.322641e+05 -2.427671e+05 1.618364e+04 4.343814e+03 -2.707081e+05 -1.214344e+04 5.322509e+05 3.480697e+05 -3.133998e+03
-7.777778e-03 -4.453101e+06 1.282245e+05 8.650971e+04 -5.585824e+06 3.944324e+04 -9.766104e+06 -6.010721e+06 6.448117e+04 7.840271e+04 5.581311e+06 3.424828e+06 8.819842e+04 6.015231e+06 5.625462e+04 2.565864e+04 7.522748e+06 9.935618e+04 6.364395e+06 3.905356e+06 1.129858e+05 -6.853741e+06 -7.419144e+04 -3.548209e+04 -8.571400e+06 3.905178e+06 -1.000448e+05 -6.821040e+04 4.898538e+06 2.836633e+04 -8.571290e+06 -5.275349e+06 4.881622e+04
-7.575758e-03 -4.042685e+04 -1.223207e+04 8.212385e+02 -9.457190e+04 -1.370596e+04 -8.866494e+04 -2.585480e+04 5.839661e+02 2.081663e+03 9.453107e+04 3.108299e+04 -8.297106e+03 2.589715e+04 1.861427e+03 -9.318142e+03 6.829965e+04 1.753484e+03 1.077608e+05 3.543313e+04 -1.022995e+04 -2.950480e+04 -1.492398e+03 1.099309e+04 -7.781385e+04 3.546476e+04 9.958999e+03 -1.197118e+03 8.296207e+04 -1.165275e+04 -7.782450e+04 -2.269409e+04 9.966883e+02
-7.373737e-03 2.200928e+07 -4.289516e+05 -2.503196e+05 2.788564e+07 -1.340466e+05 4.839757e+07 2.938366e+07 -1.487500e+05 -2.232558e+05 -2.786497e+07 -1.692835e+07 -2.963826e+05 -2.940427e+07 -1.213399e+05 -8.600828e+04 -3.727849e+07 -2.844508e+05 -3.177344e+07 -1.930279e+07 -3.758739e+05 3.350362e+07 1.685106e+05 1.163367e+05 4.247563e+07 -1.930191e+07 3.382949e+05 1.965457e+05 -2.445541e+07 -9.929463e+04 4.247586e+07 2.578841e+07 -1.072461e+05
-7.171717e-03 -4.617862e+05 -1.493810e+04 3.264743e+03 -6.586657e+05 -2.042093e+04 -1.016616e+06 -5.598483e+05 1.146009e+03 4.966618e+03 6.582391e+05 3.551771e+05 -1.004566e+04 5.602813e+05 2.868180e+03 -1.397272e+04 7.830563e+05 4.937664e+03 7.505021e+05 4.049666e+05 -1.237632e+04 -6.383902e+05 -2.534068e+03 1.635494e+04 -8.922191e+05 4.050119e+05 1.217971e+04 -3.421120e+03 5.776933e+05 -1.748771e+04 -8.922337e+05 -4.913498e+05 1.571176e+03
-6.969697e-03 3.819611e+07 -2.514871e+05 -1.312515e+05 4.939916e+07 -5.733680e+03 8.420400e+07 5.009660e+07 3.396848e+04 -1.189846e+05 -4.936520e+07 -2.937998e+07 -1.787907e+05 -5.013052e+07 4.637337e+04 4.050351e+03 -6.485709e+07 -1.478439e+05 -5.628698e+07 -3.349951e+07 -2.196319e+05 5.712012e+07 -4.053240e+04 2.689307e+03 7.389998e+07 -3.349902e+07 2.048000e+05 1.057457e+05 -4.332440e+07 2.277340e+03 7.390024e+07 4.396645e+07 3.929100e+04
-6.767677e-03 9.361659e+04 -3.320129e+04 -6.995765e+02 1.550211e+04 -3.382499e+04 2.067296e+05 2.116103e+05 -3.494687e+02 2.489656e+03 -1.540429e+04 -7.201580e+04 -2.257599e+04 -2.116877e+05 2.872871e+03 -2.296199e+04 -1.592382e+05 1.092734e+03 -1.764728e+04 -8.215355e+04 -2.802372e+04 2.412078e+05 -1.509961e+03 2.719547e+04 1.814496e+05 -8.206328e+04 2.683783e+04 -7.293695e+02 -1.353122e+04 -2.865323e+04 1.814233e+05 1.857120e+05 1.051620e+03
-6.565657e-03 -1.824958e+08 1.160963e+06 -6.981207e+05 -2.343023e+08 1.391668e+06 -4.032730e+08 -2.417978e+08 -1.443837e+06 -8.185652e+05 2.341407e+08 1.403765e+08 8.236814e+05 2.419597e+08 -1.565533e+06 9.107467e+05 3.106211e+08 -9.344475e+05 2.669737e+08 1.600612e+08 9.377343e+05 -2.756889e+08 1.784876e+06 -1.037064e+06 -3.539218e+08 1.600521e+08 -1.019634e+06 6.114207e+05 2.054874e+08 1.222045e+06 -3.539345e+08 -2.122150e+08 -1.266337e+06
-6.363636e-03 -4.362871e+05 -1.215417e+04 -3.138056e+03 -6.141876e+05 -1.065393e+04 -9.651554e+05 -5.428394e+05 -4.868083e+03 -2.056741e+03 6.138411e+05 3.356082e+05 -8.180963e+03 5.431956e+05 -3.777523e+03 -7.317561e+03 7.433703e+05 -3.181061e+03 6.998440e+05 3.826353e+05 -1.044755e+04 -6.189438e+05 5.147619e+03 8.819943e+03 -8.470293e+05 3.826670e+05 9.540840e+03 2.109241e+03 5.387115e+05 -8.867756e+03 -8.470406e+05 -4.764056e+05 -3.622749e+03
-6.161616e-03 1.708279e+06 -3.356808e+04 1.868523e+04 2.088348e+06 -5.170775e+04 3.783925e+06 2.358205e+06 2.501874e+04 2.267647e+04 -2.086997e+06 -1.314154e+06 -2.310268e+04 -2.359512e+06 2.904174e+04 -3.484908e+04 -2.914377e+06 2.517530e+04 -2.379566e+06 -1.498371e+06 -2.726440e+04 2.688581e+06 -3.240682e+04 4.009668e+04 3.320834e+06 -1.498254e+06 2.851849e+04 -1.691091e+04 -1.831584e+06 -4.499131e+04 3.320788e+06 2.069572e+06 2.248434e+04
-5.959596e-03 -1.542665e+06 1.092758e+04 -2.177310e+04 -1.957412e+06 3.284640e+04 -3.420705e+06 -2.098409e+06 -2.732513e+04 -2.379275e+04 1.956249e+06 1.186776e+06 7.675291e+03 2.099544e+06 -2.935958e+04 2.207522e+04 2.634583e+06 -2.769964e+04 2.230398e+06 1.353099e+06 7.961446e+03 -2.392378e+06 3.403095e+04 -2.483153e+04 -3.002037e+06 1.353041e+06 -1.037336e+04 1.865650e+04 1.716818e+06 2.914878e+04 -3.002005e+06 -1.841559e+06 -2.353646e+04
-5.757576e-03 -1.477916e+05 -7.376970e+03 -2.274497e+03 -2.253438e+05 -5.436978e+03 -3.279709e+05 -1.813643e+05 -2.815623e+03 -1.672855e+03 2.252419e+05 1.136922e+05 -4.991493e+03 1.814740e+05 -2.210423e+03 -3.717756e+03 2.525959e+05 -2.399804e+03 2.567784e+05 1.296164e+05 -6.382337e+03 -2.067850e+05 3.014589e+03 4.511302e+03 -2.878232e+05 1.296353e+05 5.779322e+03 1.616118e+03 1.976685e+05 -4.496258e+03 -2.878303e+05 -1.591653e+05 -2.089057e+03
-5.555556e-03 1.300074e+06 -3.378773e+04 2.796624e+04 1.520591e+06 -6.778338e+04 2.889186e+06 1.872376e+06 3.220318e+04 3.262352e+04 -1.519664e+06 -1.000230e+06 -2.315491e+04 -1.873230e+06 3.688637e+04 -4.588601e+04 -2.225164e+06 3.676485e+04 -1.732660e+06 -1.140412e+06 -2.701552e+04 2.134531e+06 -4.159848e+04 5.252493e+04 2.535560e+06 -1.140266e+06 2.901941e+04 -2.485991e+04 -1.333664e+06 -5.924726e+04 2.535499e+06 1.643166e+06 2.859468e+04
-5.353535e-03 -6.603691e+05 6.383439e+03 -1.583137e+04 -8.218466e+05 2.589909e+04 -1.468908e+06 -9.358071e+05 -1.793594e+04 -1.728453e+04 8.214024e+05 5.080693e+05 4.429641e+03 9.362248e+05 -1.939640e+04 1.751544e+04 1.131293e+06 -2.008736e+04 9.364791e+05 5.792582e+05 4.494833e+03 -1.066829e+06 2.248510e+04 -1.974997e+04 -1.289106e+06 5.792127e+05 -6.154071e+03 1.359274e+04 7.208567e+05 2.293748e+04 -1.289085e+06 -8.212436e+05 -1.544528e+04
-5.151515e-03 -3.959263e+05 2.291263e+03 -1.063804e+04 -4.994858e+05 1.599990e+04 -8.815293e+05 -5.656737e+05 -1.185538e+04 -1.144886e+04 4.992317e+05 3.046215e+05 1.608786e+03 5.659113e+05 -1.266978e+04 1.082607e+04 6.789105e+05 -1.339273e+04 5.691594e+05 3.472994e+05 1.327658e+03 -6.448609e+05 1.477867e+04 -1.215141e+04 -7.736209e+05 3.472735e+05 -2.515926e+03 9.069396e+03 4.381187e+05 1.422617e+04 -7.736086e+05 -4.964193e+05 -1.014104e+04
-4.949495e-03 -2.793380e+05 7.293445e+02 -8.292551e+03 -3.567817e+05 1.191637e+04 -6.225207e+05 -4.036941e+05 -9.120474e+03 -8.843770e+03 3.566109e+05 2.149247e+05 5.298737e+02 4.038525e+05 -9.673784e+03 8.067594e+03 4.794295e+05 -1.038792e+04 4.065524e+05 2.450330e+05 1.382154e+02 -4.601968e+05 1.132982e+04 -9.028028e+03 -5.463146e+05 2.450152e+05 -1.105351e+03 7.038856e+03 3.129545e+05 1.062263e+04 -5.463061e+05 -3.542682e+05 -7.767839e+03
-4.747475e-03 -2.112722e+05 -7.747756e+01 -6.846852e+03 -2.734143e+05 9.600335e+03 -4.712517e+05 -3.096238e+05 -7.450320e+03 -7.254258e+03 2.732916e+05 1.625580e+05 -2.845535e+01 3.097363e+05 -7.859031e+03 6.503175e+03 3.629270e+05 -8.545987e+03 3.115576e+05 1.853284e+05 -4.640972e+02 -3.529524e+05 9.232017e+03 -7.262144e+03 -4.135611e+05 1.853149e+05 -3.634631e+02 5.793671e+03 2.398336e+05 8.573343e+03 -4.135546e+05 -2.717133e+05 -6.325177e+03
-4.545455e-03 -1.664571e+05 -5.507456e+02 -5.830454e+03 -2.186038e+05 8.092719e+03 -3.716078e+05 -2.479864e+05 -6.288653e+03 -6.146458e+03 2.185123e+05 1.280790e+05 -3.565419e+02 2.480692e+05 -6.605492e+03 5.484727e+03 2.861849e+05 -7.257187e+03 2.491024e+05 1.460181e+05 -8.089539e+02 -2.826832e+05 7.777654e+03 -6.115926e+03 -3.261139e+05 1.460075e+05 8.082010e+01 4.922013e+03 1.917594e+05 7.235975e+03 -3.261088e+05 -2.176213e+05 -5.325717e+03
-4.343434e-03 -1.348104e+05 -8.485995e+02 -5.060878e+03 -1.800225e+05 7.030476e+03 -3.012054e+05 -2.046873e+05 -5.418535e+03 -5.313948e+03 1.799527e+05 1.037309e+05 -5.634093e+02 2.047495e+05 -5.672136e+03 4.767022e+03 2.319639e+05 -6.285379e+03 2.051399e+05 1.182586e+05 -1.019668e+03 -2.333206e+05 6.691292e+03 -5.310419e+03 -2.643293e+05 1.182500e+05 3.671885e+02 4.264434e+03 1.579196e+05 6.291444e+03 -2.643250e+05 -1.796228e+05 -4.579684e+03
-4.141414e-03 -1.113829e+05 -1.044413e+03 -4.449491e+03 -1.516020e+05 6.242161e+03 -2.490572e+05 -1.728293e+05 -4.734367e+03 -4.656841e+03 1.515479e+05 8.570620e+04 -6.996861e+02 1.728766e+05 -4.942045e+03 4.234282e+03 1.918018e+05 -5.516092e+03 1.727553e+05 9.770855e+04 -1.153225e+03 -1.970015e+05 5.839110e+03 -4.714056e+03 -2.185646e+05 9.770140e+04 5.607355e+02 3.743651e+03 1.329918e+05 5.588932e+03 -2.185610e+05 -1.516649e+05 -3.994865e+03
-3.939394e-03 -9.342740e+04 -1.176822e+03 -3.946974e+03 -1.299676e+05 5.635248e+03 -2.090648e+05 -1.485938e+05 -4.177414e+03 -4.119788e+03 1.299252e+05 7.189134e+04 -7.920527e+02 1.486300e+05 -4.350415e+03 3.824037e+03 1.610017e+05 -4.885768e+03 1.481032e+05 8.195830e+04 -1.239480e+03 -1.693725e+05 5.146809e+03 -4.255925e+03 -1.834677e+05 8.195226e+04 6.959113e+02 3.316753e+03 1.140159e+05 5.046965e+03 -1.834647e+05 -1.303964e+05 -3.520066e+03
-3.737374e-03 -7.928834e+04 -1.267972e+03 -3.523239e+03 -1.130829e+05 5.155075e+03 -1.775523e+05 -1.296846e+05 -3.711926e+03 -3.669165e+03 1.130495e+05 6.101263e+04 -8.558128e+02 1.297122e+05 -3.857940e+03 3.499384e+03 1.367327e+05 -4.355719e+03 1.288633e+05 6.955564e+04 -1.295444e+03 -1.478155e+05 4.569246e+03 -3.894191e+03 -1.558128e+05 6.955048e+04 7.925762e+02 2.957620e+03 9.920607e+04 4.617362e+03 -1.558102e+05 -1.138021e+05 -3.124186e+03
-3.535354e-03 -6.790662e+04 -1.331353e+03 -3.158663e+03 -9.964483e+04 4.767162e+03 -1.521681e+05 -1.146357e+05 -3.314670e+03 -3.283141e+03 9.961850e+04 5.225529e+04 -9.002971e+02 1.146566e+05 -3.439169e+03 3.237047e+03 1.171834e+05 -3.900778e+03 1.135507e+05 5.957160e+04 -1.331410e+03 -1.306596e+05 4.077137e+03 -3.602495e+03 -1.335361e+05 5.956715e+04 8.629089e+02 2.649255e+03 8.741920e+04 4.269693e+03 -1.335339e+05 -1.005956e+05 -2.787054e+03
-3.333333e-03 -5.857315e+04 -1.375575e+03 -2.839782e+03 -8.878105e+04 4.448637e+03 -1.313375e+05 -1.024681e+05 -2.969781e+03 -2.946803e+03 8.876034e+04 4.507378e+04 -9.314637e+02 1.024837e+05 -3.076775e+03 3.021585e+03 1.011411e+05 -3.503714e+03 1.011715e+05 5.138421e+04 -1.353894e+03 -1.167884e+05 3.650512e+03 -3.363381e+03 -1.152557e+05 5.138034e+04 9.147359e+02 2.380023e+03 7.789027e+04 3.983752e+03 -1.152537e+05 -8.991765e+04 -2.494921e+03
-3.131313e-03 -5.079567e+04 -1.406334e+03 -2.556981e+03 -7.988679e+04 4.183723e+03 -1.139671e+05 -9.250373e+04 -2.665986e+03 -2.649546e+03 7.987061e+04 3.908940e+04 -9.532571e+02 9.251508e+04 -2.758491e+03 2.842347e+03 8.776385e+04 -3.152254e+03 9.103649e+04 4.456168e+04 -1.367171e+03 -1.054291e+05 3.275206e+03 -3.164819e+03 -1.000119e+05 4.455830e+04 9.532751e+02 2.141631e+03 7.008882e+04 3.745584e+03 -1.000102e+05 -8.117327e+04 -2.238037e+03
-2.929293e-03 -4.422210e+04 -1.427508e+03 -2.303167e+03 -7.253049e+04 3.961182e+03 -9.927482e+04 -8.425958e+04 -2.395015e+03 -2.383576e+03 7.251800e+04 3.403127e+04 -9.683658e+02 8.426746e+04 -2.475341e+03 2.691746e+03 7.644906e+04 -2.837361e+03 8.265398e+04 3.879518e+04 -1.374125e+03 -9.603078e+04 2.940841e+03 -2.998253e+03 -8.711839e+04 3.879221e+04 9.821109e+02 1.927975e+03 6.363633e+04 3.545238e+03 -8.711688e+04 -7.393849e+04 -2.009261e+03
-2.727273e-03 -3.859421e+04 -1.441803e+03 -2.072962e+03 -6.639687e+04 3.772802e+03 -8.668672e+04 -7.738297e+04 -2.150633e+03 -2.143011e+03 6.638741e+04 2.970073e+04 -9.786665e+02 7.738800e+04 -2.220584e+03 2.564238e+03 6.675486e+04 -2.552200e+03 7.566469e+04 3.385820e+04 -1.376745e+03 -8.819150e+04 2.639606e+03 -2.857437e+03 -7.607151e+04 3.385559e+04 1.003766e+03 1.734436e+03 5.825627e+04 3.375435e+03 -7.607018e+04 -6.790382e+04 -1.803222e+03
-2.525253e-03 -3.371845e+04 -1.451144e+03 -1.862195e+03 -6.125101e+04 3.612448e+03 -7.577266e+04 -7.161130e+04 -1.928031e+03 -1.923300e+03 6.124405e+04 2.594886e+04 -9.854954e+02 7.161399e+04 -1.989032e+03 2.455679e+03 5.834992e+04 -2.291479e+03 6.980094e+04 2.958097e+04 -1.376432e+03 -8.161188e+04 2.365481e+03 -2.737712e+03 -6.649375e+04 2.957868e+04 1.020052e+03 1.557435e+03 5.374259e+04 3.230730e+03 -6.649257e+04 -6.283882e+04 -1.615782e+03
-2.323232e-03 -2.944692e+04 -1.456924e+03 -1.667559e+03 -5.691494e+04 3.475455e+03 -6.620384e+04 -6.674576e+04 -1.723423e+03 -1.720855e+03 5.691007e+04 2.266187e+04 -9.898197e+02 6.674650e+04 -1.776613e+03 2.362921e+03 5.098102e+04 -2.051015e+03 6.485996e+04 2.583376e+04 -1.374185e+03 -7.606526e+04 2.113735e+03 -2.635539e+03 -5.809654e+04 2.583174e+04 1.032293e+03 1.394145e+03 4.993921e+04 3.106980e+03 -5.809550e+04 -5.856902e+04 -1.443688e+03
-2.121212e-03 -2.566464e+04 -1.460163e+03 -1.486390e+03 -5.325202e+04 3.358226e+03 -5.772453e+04 -6.263373e+04 -1.533774e+03 -1.532790e+03 5.324889e+04 1.975131e+04 -9.923491e+02 6.263286e+04 -1.580069e+03 2.283531e+03 4.445121e+04 -1.827438e+03 6.068601e+04 2.251571e+04 -1.370727e+03 -7.137765e+04 1.880576e+03 -2.548190e+03 -5.065549e+04 2.251394e+04 1.041472e+03 1.242286e+03 4.672627e+04 3.000983e+03 -5.065457e+04 -5.496048e+04 -1.284338e+03
-1.919192e-03 -2.228073e+04 -1.461620e+03 -1.316501e+03 -5.015611e+04 3.257950e+03 -5.013262e+04 -5.915672e+04 -1.356606e+03 -1.356746e+03 5.015442e+04 1.714725e+04 -9.936109e+02 5.915450e+04 -1.396750e+03 2.215613e+03 3.860482e+04 -1.617991e+03 5.715817e+04 1.954710e+04 -1.366586e+03 -6.741395e+04 1.662917e+03 -2.473538e+03 -4.399320e+04 1.954555e+04 1.048324e+03 1.099995e+03 4.401066e+04 2.910239e+03 -4.399239e+04 -5.190921e+04 -1.135611e+03
-1.717172e-03 -1.922228e+04 -1.461861e+03 -1.156069e+03 -4.754406e+04 3.172412e+03 -4.326582e+04 -5.622193e+04 -1.189868e+03 -1.190764e+03 4.754359e+04 1.479360e+04 -9.939998e+02 5.621859e+04 -1.224468e+03 2.157669e+03 3.331688e+04 -1.420380e+03 5.418171e+04 1.686397e+04 -1.362154e+03 -6.406839e+04 1.458202e+03 -2.409907e+03 -3.796726e+04 1.686263e+04 1.053407e+03 9.657178e+02 4.171948e+04 2.832775e+03 -3.796656e+04 -4.933376e+04 -9.957528e+02
-1.515152e-03 -1.642985e+04 -1.461314e+03 -1.003553e+03 -4.535038e+04 3.099858e+03 -3.699188e+04 -5.375623e+04 -1.031833e+03 -1.033188e+03 4.535091e+04 1.264463e+04 -9.938140e+02 5.375196e+04 -1.061381e+03 2.108516e+03 2.848553e+04 -1.232667e+03 5.168196e+04 1.441420e+04 -1.357719e+03 -6.125758e+04 1.264281e+03 -2.355972e+03 -3.246160e+04 1.441305e+04 1.057147e+03 8.381435e+02 3.979526e+04 2.767026e+03 -3.246100e+04 -4.716998e+04 -8.632892e+02
-1.313131e-03 -1.385427e+04 -1.460303e+03 -8.576264e+02 -4.352328e+04 3.038892e+03 -3.120131e+04 -5.170184e+04 -8.810237e+02 -8.826030e+02 4.352464e+04 1.066251e+04 -9.932795e+02 5.169680e+04 -9.059220e+02 2.067208e+03 2.402643e+04 -1.053187e+03 4.959994e+04 1.215465e+04 -1.353497e+03 -5.891565e+04 1.079319e+03 -2.310678e+03 -2.738015e+04 1.215367e+04 1.059871e+03 7.161458e+02 3.819259e+04 2.711746e+03 -2.737964e+04 -4.536715e+04 -7.369613e+02
-1.111111e-03 -1.145420e+04 -1.459074e+03 -7.171333e+02 -4.202188e+04 2.988406e+03 -2.580201e+04 -5.001313e+04 -7.361584e+02 -7.377740e+02 4.202391e+04 8.815421e+03 -9.925676e+02 5.000746e+04 -7.567314e+02 2.032999e+03 1.986867e+04 -8.804914e+02 4.788906e+04 1.004904e+04 -1.349647e+03 -5.699060e+04 9.017230e+02 -2.273189e+03 -2.264206e+04 1.004824e+04 1.061828e+03 5.987434e+02 3.687561e+04 2.665947e+03 -2.264163e+04 -4.388522e+04 -6.156776e+02
-9.090909e-04 -9.194234e+03 -1.457812e+03 -5.810481e+02 -4.081411e+04 2.947526e+03 -2.071513e+04 -4.865431e+04 -5.961060e+02 -5.976105e+02 4.081668e+04 7.076136e+03 -9.918082e+02 4.864814e+04 -6.126120e+02 2.005296e+03 1.595151e+04 -7.132967e+02 4.651278e+04 8.066347e+03 -1.346291e+03 -5.544160e+04 7.300893e+02 -2.242846e+03 -1.817814e+04 8.065697e+03 1.063209e+03 4.850673e+02 3.581619e+04 2.628846e+03 -1.817780e+04 -4.269278e+04 -4.984762e+02
-7.070707e-04 -7.043533e+03 -1.456656e+03 -4.484466e+02 -3.987515e+04 2.915572e+03 -1.587191e+04 -4.759767e+04 -4.598513e+02 -4.611313e+02 3.987814e+04 5.420920e+03 -9.910983e+02 4.759112e+04 -4.724915e+02 1.983642e+03 1.222201e+04 -5.504477e+02 4.544281e+04 6.179494e+03 -1.343515e+03 -5.423708e+04 5.631589e+02 -2.219137e+03 -1.392806e+04 6.178995e+03 1.064161e+03 3.743352e+02 3.499256e+04 2.599837e+03 -1.392780e+04 -4.176553e+04 -3.844946e+02
-5.050505e-04 -4.974630e+03 -1.455708e+03 -3.184813e+02 -3.918632e+04 2.892032e+03 -1.121113e+04 -4.682238e+04 -3.264668e+02 -3.274384e+02 3.918962e+04 3.828639e+03 -9.905090e+02 4.681555e+04 -3.353918e+02 1.967688e+03 8.633007e+03 -3.908862e+02 4.465788e+04 4.364393e+03 -1.341383e+03 -5.335328e+04 3.997825e+02 -2.201675e+03 -9.838083e+03 4.364039e+03 1.064788e+03 2.658303e+02 3.438834e+04 2.578461e+03 -9.837898e+03 -4.108517e+04 -2.729457e+02
-3.030303e-04 -2.962511e+03 -1.455038e+03 -1.903612e+02 -3.873426e+04 2.876537e+03 -6.677006e+03 -4.631350e+04 -1.950892e+02 -1.956946e+02 3.873775e+04 2.280051e+03 -9.900901e+02 4.630649e+04 -2.004032e+02 1.957186e+03 5.141551e+03 -2.336248e+02 4.414274e+04 2.599103e+03 -1.339939e+03 -5.277319e+04 2.388905e+02 -2.190183e+03 -5.859260e+03 2.598892e+03 1.065166e+03 1.588837e+02 3.399180e+04 2.564387e+03 -5.859149e+03 -4.063861e+04 -1.630974e+02
-1.010101e-04 -9.838238e+02 -1.454693e+03 -6.333318e+01 -3.851034e+04 2.868848e+03 -2.217460e+03 -4.606142e+04 -6.489875e+01 -6.510426e+01 3.851393e+04 7.571857e+02 -9.898730e+02 4.605432e+04 -6.666334e+01 1.951975e+03 1.707529e+03 -7.772469e+01 4.388758e+04 8.631398e+02 -1.339211e+03 -5.248583e+04 7.946803e+01 -2.184481e+03 -1.945883e+03 8.630698e+02 1.065344e+03 5.285944e+01 3.379539e+04 2.557402e+03 -1.945846e+03 -4.041739e+04 -5.425483e+01
1.010101e-04 9.838238e+02 -1.454693e+03 6.333318e+01 -3.851034e+04 2.868848e+03 2.217460e+03 -4.606142e+04 6.489875e+01 6.510426e+01 3.851393e+04 -7.571857e+02 -9.898730e+02 4.605432e+04 6.666334e+01 1.951975e+03 -1.707529e+03 7.772469e+01 4.388758e+04 -8.631398e+02 -1.339211e+03 -5.248583e+04 -7.946803e+01 -2.184481e+03 1.945883e+03 -8.630698e+02 1.065344e+03 -5.285944e+01 3.379539e+04 2.557402e+03 1.945846e+03 -4.041739e+04 5.425483e+01
3.030303e-04 2.962511e+03 -1.455038e+03 1.903612e+02 -3.873426e+04 2.876537e+03 6.677006e+03 -4.631350e+04 1.950892e+02 1.956946e+02 3.873775e+04 -2.280051e+03 -9.900901e+02 4.630649e+04 2.004032e+02 1.957186e+03 -5.141551e+03 2.336248e+02 4.414274e+04 -2.599103e+03 -1.339939e+03 -5.277319e+04 -2.388905e+02 -2.190183e+03 5.859260e+03 -2.598892e+03 1.065166e+03 -1.588837e+02 3.399180e+04 2.564387e+03 5.859149e+03 -4.063861e+04 1.630974e+02
5.050505e-04 4.974630e+03 -1.455708e+03 3.184813e+02 -3.918632e+04 2.892032e+03 1.121113e+04 -4.682238e+04 3.264668e+02 3.274384e+02 3.918962e+04 -3.828639e+03 -9.905090e+02 4.681555e+04 3.353918e+02 1.967688e+03 -8.633007e+03 3.908862e+02 4.465788e+04 -4.364393e+03 -1.341383e+03 -5.335328e+04 -3.997825e+02 -2.201675e+03 9.838083e+03 -4.364039e+03 1.064788e+03 -2.658303e+02 3.438834e+04 2.578461e+03 9.837898e+03 -4.108517e+04 2.729457e+02
7.070707e-04 7.043533e+03 -1.456656e+03 4.484466e+02 -3.987515e+04 2.915572e+03 1.587191e+04 -4.759767e+04 4.598513e+02 4.611313e+02 3.987814e+04 -5.420920e+03 -9.910983e+02 4.759112e+04 4.724915e+02 1.983642e+03 -1.222201e+04 5.504477e+02 4.544281e+04 -6.179494e+03 -1.343515e+03 -5.423708e+04 -5.631589e+02 -2.219137e+03 1.392806e+04 -6.178995e+03 1.064161e+03 -3.743352e+02 3.499256e+04 2.599837e+03 1.392780e+04 -4.176553e+04 3.844946e+02
9.090909e-04 9.194234e+03 -1.457812e+03 5.810481e+02 -4.081411e+04 2.947526e+03 2.071513e+04 -4.865431e+04 5.961060e+02 5.976105e+02 4.081668e+04 -7.076136e+03 -9.918082e+02 4.864814e+04 6.126120e+02 2.005296e+03 -1.595151e+04 7.132967e+02 4.651278e+04 -8.066347e+03 -1.346291e+03 -5.544160e+04 -7.300893e+02 -2.242846e+03 1.817814e+04 -8.065697e+03 1.063209e+03 -4.850673e+02 3.581619e+04 2.628846e+03 1.817780e+04 -4.269278e+04 4.984762e+02
1.111111e-03 1.145420e+04 -1.459074e+03 7.171333e+02 -4.202188e+04 2.988406e+03 2.580201e+04 -5.001313e+04 7.361584e+02 7.377740e+02 4.202391e+04 -8.815421e+03 -9.925676e+02 5.000746e+04 7.567314e+02 2.032999e+03 -1.986867e+04 8.804914e+02 4.788906e+04 -1.004904e+04 -1.349647e+03 -5.699060e+04 -9.017230e+02 -2.273189e+03 2.264206e+04 -1.004824e+04 1.061828e+03 -5.987434e+02 3.687561e+04 2.665947e+03 2.264163e+04 -4.388522e+04 6.156776e+02
1.313131e-03 1.385427e+04 -1.460303e+03 8.576264e+02 -4.352328e+04 3.038892e+03 3.120131e+04 -5.170184e+04 8.810237e+02 8.826030e+02 4.352464e+04 -1.066251e+04 -9.932795e+02 5.169680e+04 9.059220e+02 2.067208e+03 -2.402643e+04 1.053187e+03 4.959994e+04 -1.215465e+04 -1.353497e+03 -5.891565e+04 -1.079319e+03 -2.310678e+03 2.738015e+04 -1.215367e+04 1.059871e+03 -7.161458e+02 3.819259e+04 2.711746e+03 2.737964e+04 -4.536715e+04 7.369613e+02
1.515152e-03 1.642985e+04 -1.461314e+03 1.003553e+03 -4.535038e+04 3.099858e+03 3.699188e+04 -5.375623e+04 1.031833e+03 1.033188e+03 4.535091e+04 -1.264463e+04 -9.938140e+02 5.375196e+04 1.061381e+03 2.108516e+03 -2.848553e+04 1.232667e+03 5.168196e+04 -1.441420e+04 -1.357719e+03 -6.125758e+04 -1.264281e+03 -2.355972e+03 3.246160e+04 -1.441305e+04 1.057147e+03 -8.381435e+02 3.979526e+04 2.767026e+03 3.246100e+04 -4.716998e+04 8.632892e+02
1.717172e-03 1.922228e+04 -1.461861e+03 1.156069e+03 -4.754406e+04 3.172412e+03 4.326582e+04 -5.622193e+04 1.189868e+03 1.190764e+03 4.754359e+04 -1.479360e+04 -9.939998e+02 5.621859e+04 1.224468e+03 2.157669e+03 -3.331688e+04 1.420380e+03 5.418171e+04 -1.686397e+04 -1.362154e+03 -6.406839e+04 -1.458202e+03 -2.409907e+03 3.796726e+04 -1.686263e+04 1.053407e+03 -9.657178e+02 4.171948e+04 2.832775e+03 3.796656e+04 -4.933376e+04 9.957528e+02
1.919192e-03 2.228073e+04 -1.461620e+03 1.316501e+03 -5.015611e+04 3.257950e+03 5.013262e+04 -5.915672e+04 1.356606e+03 1.356746e+03 5.015442e+04 -1.714725e+04 -9.936109e+02 5.915450e+04 1.396750e+03 2.215613e+03 -3.860482e+04 1.617991e+03 5.715817e+04 -1.954710e+04 -1.366586e+03 -6.741395e+04 -1.662917e+03 -2.473538e+03 4.399320e+04 -1.954555e+04 1.048324e+03 -1.099995e+03 4.401066e+04 2.910239e+03 4.399239e+04 -5.190921e+04 1.135611e+03
2.121212e-03 2.566464e+04 -1.460163e+03 1.486390e+03 -5.325202e+04 3.358226e+03 5.772453e+04 -6.263373e+04 1.533774e+03 1.532790e+03 5.324889e+04 -1.975131e+04 -9.923491e+02 6.263286e+04 1.580069e+03 2.283531e+03 -4.445121e+04 1.827438e+03 6.068601e+04 -2.251571e+04 -1.370727e+03 -7.137765e+04 -1.880576e+03 -2.548190e+03 5.065549e+04 -2.251394e+04 1.041472e+03 -1.242286e+03 4.672627e+04 3.000983e+03 5.065457e+04 -5.496048e+04 1.284338e+03
2.323232e-03 2.944692e+04 -1.456924e+03 1.667559e+03 -5.691494e+04 3.475455e+03 6.620384e+04 -6.674576e+04 1.723423e+03 1.720855e+03 5.691007e+04 -2.266187e+04 -9.898197e+02 6.674650e+04 1.776613e+03 2.362921e+03 -5.098102e+04 2.051015e+03 6.485996e+04 -2.583376e+04 -1.374185e+03 -7.606526e+04 -2.113735e+03 -2.635539e+03 5.809654e+04 -2.583174e+04 1.032293e+03 -1.394145e+03 4.993921e+04 3.106980e+03 5.809550e+04 -5.856902e+04 1.443688e+03
2.525253e-03 3.371845e+04 -1.451144e+03 1.862195e+03 -6.125101e+04 3.612448e+03 7.577266e+04 -7.161130e+04 1.928031e+03 1.923300e+03 6.124405e+04 -2.594886e+04 -9.854954e+02 7.161399e+04 1.989032e+03 2.455679e+03 -5.834992e+04 2.291479e+03 6.980094e+04 -2.958097e+04 -1.376432e+03 -8.161188e+04 -2.365481e+03 -2.737712e+03 6.649375e+04 -2.957868e+04 1.020052e+03 -1.557435e+03 5.374259e+04 3.230730e+03 6.649257e+04 -6.283882e+04 1.615782e+03
2.727273e-03 3.859421e+04 -1.441803e+03 2.072962e+03 -6.639687e+04 3.772802e+03 8.668672e+04 -7.738297e+04 2.150633e+03 2.143011e+03 6.638741e+04 -2.970073e+04 -9.786665e+02 7.738800e+04 2.220584e+03 2.564238e+03 -6.675486e+04 2.552200e+03 7.566469e+04 -3.385820e+04 -1.376745e+03 -8.819150e+04 -2.639606e+03 -2.857437e+03 7.607151e+04 -3.385559e+04 1.003766e+03 -1.734436e+03 5.825627e+04 3.375435e+03 7.607018e+04 -6.790382e+04 1.803222e+03
2.929293e-03 4.422210e+04 -1.427508e+03 2.303167e+03 -7.253049e+04 3.961182e+03 9.927482e+04 -8.425958e+04 2.395015e+03 2.383576e+03 7.251800e+04 -3.403127e+04 -9.683658e+02 8.426746e+04 2.475341e+03 2.691746e+03 -7.644906e+04 2.837361e+03 8.265398e+04 -3.879518e+04 -1.374125e+03 -9.603078e+04 -2.940841e+03 -2.998253e+03 8.711839e+04 -3.879221e+04 9.821109e+02 -1.927975e+03 6.363633e+04 3.545238e+03 8.711688e+04 -7.393849e+04 2.009261e+03
3.131313e-03 5.079567e+04 -1.406334e+03 2.556981e+03 -7.988679e+04 4.183723e+03 1.139671e+05 -9.250373e+04 2.665986e+03 2.649546e+03 7.987061e+04 -3.908940e+04 -9.532571e+02 9.251508e+04 2.758491e+03 2.842347e+03 -8.776385e+04 3.152254e+03 9.103649e+04 -4.456168e+04 -1.367171e+03 -1.054291e+05 -3.275206e+03 -3.164819e+03 1.000119e+05 -4.455830e+04 9.532751e+02 -2.141631e+03 7.008882e+04 3.745584e+03 1.000102e+05 -8.117327e+04 2.238037e+03
3.333333e-03 5.857315e+04 -1.375575e+03 2.839782e+03 -8.878105e+04 4.448637e+03 1.313375e+05 -1.024681e+05 2.969781e+03 2.946803e+03 8.876034e+04 -4.507378e+04 -9.314637e+02 1.024837e+05 3.076775e+03 3.021585e+03 -1.011411e+05 3.503714e+03 1.011715e+05 -5.138421e+04 -1.353894e+03 -1.167884e+05 -3.650512e+03 -3.363381e+03 1.152557e+05 -5.138034e+04 9.147359e+02 -2.380023e+03 7.789027e+04 3.983752e+03 1.152537e+05 -8.991765e+04 2.494921e+03
3.535354e-03 6.790662e+04 -1.331353e+03 3.158663e+03 -9.964483e+04 4.767162e+03 1.521681e+05 -1.146357e+05 3.314670e+03 3.283141e+03 9.961850e+04 -5.225529e+04 -9.002971e+02 1.146566e+05 3.439169e+03 3.237047e+03 -1.171834e+05 3.900778e+03 1.135507e+05 -5.957160e+04 -1.331410e+03 -1.306596e+05 -4.077137e+03 -3.602495e+03 1.335361e+05 -5.956715e+04 8.629089e+02 -2.649255e+03 8.741920e+04 4.269693e+03 1.335339e+05 -1.005956e+05 2.787054e+03
3.737374e-03 7.928834e+04 -1.267972e+03 3.523239e+03 -1.130829e+05 5.155075e+03 1.775523e+05 -1.296846e+05 3.711926e+03 3.669165e+03 1.130495e+05 -6.101263e+04 -8.558128e+02 1.297122e+05 3.857940e+03 3.499384e+03 -1.367327e+05 4.355719e+03 1.288633e+05 -6.955564e+04 -1.295444e+03 -1.478155e+05 -4.569246e+03 -3.894191e+03 1.558128e+05 -6.955048e+04 7.925762e+02 -2.957620e+03 9.920607e+04 4.617362e+03 1.558102e+05 -1.138021e+05 3.124186e+03
3.939394e-03 9.342740e+04 -1.176822e+03 3.946974e+03 -1.299676e+05 5.635248e+03 2.090648e+05 -1.485938e+05 4.177414e+03 4.119788e+03 1.299252e+05 -7.189134e+04 -7.920527e+02 1.486300e+05 4.350415e+03 3.824037e+03 -1.610017e+05 4.885768e+03 1.481032e+05 -8.195830e+04 -1.239480e+03 -1.693725e+05 -5.146809e+03 -4.255925e+03 1.834677e+05 -8.195226e+04 6.959113e+02 -3.316753e+03 1.140159e+05 5.046965e+03 1.834647e+05 -1.303964e+05 3.520066e+03
4.141414e-03 1.113829e+05 -1.044413e+03 4.449491e+03 -1.516020e+05 6.242161e+03 2.490572e+05 -1.728293e+05 4.734367e+03 4.656841e+03 1.515479e+05 -8.570620e+04 -6.996861e+02 1.728766e+05 4.942045e+03 4.234282e+03 -1.918018e+05 5.516092e+03 1.727553e+05 -9.770855e+04 -1.153225e+03 -1.970015e+05 -5.839110e+03 -4.714056e+03 2.185646e+05 -9.770140e+04 5.607355e+02 -3.743651e+03 1.329918e+05 5.588932e+03 2.185610e+05 -1.516649e+05 3.994865e+03
4.343434e-03 1.348104e+05 -8.485995e+02 5.060878e+03 -1.800225e+05 7.030476e+03 3.012054e+05 -2.046873e+05 5.418535e+03 5.313948e+03 1.799527e+05 -1.037309e+05 -5.634093e+02 2.047495e+05 5.672136e+03 4.767022e+03 -2.319639e+05 6.285379e+03 2.051399e+05 -1.182586e+05 -1.019668e+03 -2.333206e+05 -6.691292e+03 -5.310419e+03 2.643293e+05 -1.182500e+05 3.671885e+02 -4.264434e+03 1.579196e+05 6.291444e+03 2.643250e+05 -1.796228e+05 4.579684e+03
4.545455e-03 1.664571e+05 -5.507456e+02 5.830454e+03 -2.186038e+05 8.092719e+03 3.716078e+05 -2.479864e+05 6.288653e+03 6.146458e+03 2.185123e+05 -1.280790e+05 -3.565419e+02 2.480692e+05 6.605492e+03 5.484727e+03 -2.861849e+05 7.257187e+03 2.491024e+05 -1.460181e+05 -8.089539e+02 -2.826832e+05 -7.777654e+03 -6.115926e+03 3.261139e+05 -1.460075e+05 8.082010e+01 -4.922013e+03 1.917594e+05 7.235975e+03 3.261088e+05 -2.176213e+05 5.325717e+03
4.747475e-03 2.112722e+05 -7.747756e+01 6.846852e+03 -2.734143e+05 9.600335e+03 4.712517e+05 -3.096238e+05 7.450320e+03 7.254258e+03 2.732916e+05 -1.625580e+05 -2.845535e+01 3.097363e+05 7.859031e+03 6.503175e+03 -3.629270e+05 8.545987e+03 3.115576e+05 -1.853284e+05 -4.640972e+02 -3.529524e+05 -9.232017e+03 -7.262144e+03 4.135611e+05 -1.853149e+05 -3.634631e+02 -5.793671e+03 2.398336e+05 8.573343e+03 4.135546e+05 -2.717133e+05 6.325177e+03
4.949495e-03 2.793380e+05 7.293445e+02 8.292551e+03 -3.567817e+05 1.191637e+04 6.225207e+05 -4.036941e+05 9.120474e+03 8.843770e+03 3.566109e+05 -2.149247e+05 5.298737e+02 4.038525e+05 9.673784e+03 8.067594e+03 -4.794295e+05 1.038792e+04 4.065524e+05 -2.450330e+05 1.382154e+02 -4.601968e+05 -1.132982e+04 -9.028028e+03 5.463146e+05 -2.450152e+05 -1.105351e+03 -7.038856e+03 3.129545e+05 1.062263e+04 5.463061e+05 -3.542682e+05 7.767839e+03
5.151515e-03 3.959263e+05 2.291263e+03 1.063804e+04 -4.994858e+05 1.599990e+04 8.815293e+05 -5.656737e+05 1.185538e+04 1.144886e+04 4.992317e+05 -3.046215e+05 1.608786e+03 5.659113e+05 1.266978e+04 1.082607e+04 -6.789105e+05 1.339273e+04 5.691594e+05 -3.472994e+05 1.327658e+03 -6.448609e+05 -1.477867e+04 -1.215141e+04 7.736209e+05 -3.472735e+05 -2.515926e+03 -9.069396e+03 4.381187e+05 1.422617e+04 7.736086e+05 -4.964193e+05 1.014104e+04
5.353535e-03 6.603691e+05 6.383439e+03 1.583137e+04 -8.218466e+05 2.589909e+04 1.468908e+06 -9.358071e+05 1.793594e+04 1.728453e+04 8.214024e+05 -5.080693e+05 4.429641e+03 9.362248e+05 1.939640e+04 1.751544e+04 -1.131293e+06 2.008736e+04 9.364791e+05 -5.792582e+05 4.494833e+03 -1.066829e+06 -2.248510e+04 -1.974997e+04 1.289106e+06 -5.792127e+05 -6.154071e+03 -1.359274e+04 7.208567e+05 2.293748e+04 1.289085e+06 -8.212436e+05 1.544528e+04
5.555556e-03 -1.300074e+06 -3.378773e+04 -2.796624e+04 1.520591e+06 -6.778338e+04 -2.889186e+06 1.872376e+06 -3.220318e+04 -3.262352e+04 -1.519664e+06 1.000230e+06 -2.315491e+04 -1.873230e+06 -3.688637e+04 -4.588601e+04 2.225164e+06 -3.676485e+04 -1.732660e+06 1.140412e+06 -2.701552e+04 2.134531e+06 4.159848e+04 5.252493e+04 -2.535560e+06 1.140266e+06 2.901941e+04 2.485991e+04 -1.333664e+06 -5.924726e+04 -2.535499e+06 1.643166e+06 -2.859468e+04
5.757576e-03 1.477916e+05 -7.376970e+03 2.274497e+03 -2.253438e+05 -5.436978e+03 3.279709e+05 -1.813643e+05 2.815623e+03 1.672855e+03 2.252419e+05 -1.136922e+05 -4.991493e+03 1.814740e+05 2.210423e+03 -3.717756e+03 -2.525959e+05 2.399804e+03 2.567784e+05 -1.296164e+05 -6.382337e+03 -2.067850e+05 -3.014589e+03 4.511302e+03 2.878232e+05 -1.296353e+05 5.779322e+03 -1.616118e+03 1.976685e+05 -4.496258e+03 2.878303e+05 -1.591653e+05 2.089057e+03
5.959596e-03 1.542665e+06 1.092758e+04 2.177310e+04 -1.957412e+06 3.284640e+04 3.420705e+06 -2.098409e+06 2.732513e+04 2.379275e+04 1.956249e+06 -1.186776e+06 7.675291e+03 2.099544e+06 2.935958e+04 2.207522e+04 -2.634583e+06 2.769964e+04 2.230398e+06 -1.353099e+06 7.961446e+03 -2.392378e+06 -3.403095e+04 -2.483153e+04 3.002037e+06 -1.353041e+06 -1.037336e+04 -1.865650e+04 1.716818e+06 2.914878e+04 3.002005e+06 -1.841559e+06 2.353646e+04
6.161616e-03 -1.708279e+06 -3.356808e+04 -1.868523e+04 2.088348e+06 -5.170775e+04 -3.783925e+06 2.358205e+06 -2.501874e+04 -2.267647e+04 -2.086997e+06 1.314154e+06 -2.310268e+04 -2.359512e+06 -2.904174e+04 -3.484908e+04 2.914377e+06 -2.517530e+04 -2.379566e+06 1.498371e+06 -2.726440e+04 2.688581e+06 3.240682e+04 4.009668e+04 -3.320834e+06 1.498254e+06 2.851849e+04 1.691091e+04 -1.831584e+06 -4.499131e+04 -3.320788e+06 2.069572e+06 -2.248434e+04
6.363636e-03 4.362871e+05 -1.215417e+04 3.138056e+03 -6.141876e+05 -1.065393e+04 9.651554e+05 -5.428394e+05 4.868083e+03 2.056741e+03 6.138411e+05 -3.356082e+05 -8.180963e+03 5.431956e+05 3.777523e+03 -7.317561e+03 -7.433703e+05 3.181061e+03 6.998440e+05 -3.826353e+05 -1.044755e+04 -6.189438e+05 -5.147619e+03 8.819943e+03 8.470293e+05 -3.826670e+05 9.540840e+03 -2.109241e+03 5.387115e+05 -8.867756e+03 8.470406e+05 -4.764056e+05 3.622749e+03
6.565657e-03 1.824955e+08 1.160961e+06 6.981195e+05 -2.343019e+08 1.391666e+06 4.032723e+08 -2.417974e+08 1.443834e+06 8.185638e+05 2.341403e+08 -1.403763e+08 8.236800e+05 2.419593e+08 1.565530e+06 9.107451e+05 -3.106206e+08 9.344459e+05 2.669732e+08 -1.600609e+08 9.377327e+05 -2.756884e+08 -1.784873e+06 -1.037062e+06 3.539212e+08 -1.600518e+08 -1.019633e+06 -6.114196e+05 2.054870e+08 1.222043e+06 3.539339e+08 -2.122147e+08 1.266335e+06
6.767677e-03 -9.361659e+04 -3.320129e+04 6.995765e+02 1.550211e+04 -3.382499e+04 -2.067296e+05 2.116103e+05 3.494687e+02 -2.489656e+03 -1.540429e+04 7.201580e+04 -2.257599e+04 -2.116877e+05 -2.872871e+03 -2.296199e+04 1.592382e+05 -1.092734e+03 -1.764728e+04 8.215355e+04 -2.802372e+04 2.412078e+05 1.509961e+03 2.719547e+04 -1.814496e+05 8.206328e+04 2.683783e+04 7.293695e+02 -1.353122e+04 -2.865323e+04 -1.814233e+05 1.857120e+05 -1.051620e+03
6.969697e-03 -3.819611e+07 -2.514871e+05 1.312515e+05 4.939916e+07 -5.733680e+03 -8.420400e+07 5.009660e+07 -3.396848e+04 1.189846e+05 -4.936520e+07 2.937998e+07 -1.787907e+05 -5.013052e+07 -4.637337e+04 4.050351e+03 6.485709e+07 1.478439e+05 -5.628698e+07 3.349951e+07 -2.196319e+05 5.712012e+07 4.053240e+04 2.689307e+03 -7.389998e+07 3.349902e+07 2.048000e+05 -1.057457e+05 -4.332440e+07 2.277340e+03 -7.390024e+07 4.396645e+07 -3.929100e+04
7.171717e-03 4.617862e+05 -1.493810e+04 -3.264743e+03 -6.586657e+05 -2.042093e+04 1.016616e+06 -5.598483e+05 -1.146009e+03 -4.966618e+03 6.582391e+05 -3.551771e+05 -1.004566e+04 5.602813e+05 -2.868180e+03 -1.397272e+04 -7.830563e+05 -4.937664e+03 7.505021e+05 -4.049666e+05 -1.237632e+04 -6.383902e+05 2.534068e+03 1.635494e+04 8.922191e+05 -4.050119e+05 1.217971e+04 3.421120e+03 5.776933e+05 -1.748771e+04 8.922337e+05 -4.913498e+05 -1.571176e+03
7.373737e-03 -2.200928e+07 -4.289516e+05 2.503196e+05 2.788564e+07 -1.340466e+05 -4.839757e+07 2.938366e+07 1.487500e+05 2.232558e+05 -2.786497e+07 1.692835e+07 -2.963826e+05 -2.940427e+07 1.213399e+05 -8.600828e+04 3.727849e+07 2.844508e+05 -3.177344e+07 1.930279e+07 -3.758739e+05 3.350362e+07 -1.685106e+05 1.163367e+05 -4.247563e+07 1.930191e+07 3.382949e+05 -1.965457e+05 -2.445541e+07 -9.929463e+04 -4.247586e+07 2.578841e+07 1.072461e+05
7.575758e-03 4.042686e+04 -1.223207e+04 -8.212385e+02 -9.457190e+04 -1.370596e+04 8.866494e+04 -2.585480e+04 -5.839661e+02 -2.081663e+03 9.453107e+04 -3.108299e+04 -8.297106e+03 2.589715e+04 -1.861427e+03 -9.318142e+03 -6.829965e+04 -1.753484e+03 1.077608e+05 -3.543313e+04 -1.022995e+04 -2.950480e+04 1.492398e+03 1.099309e+04 7.781385e+04 -3.546476e+04 9.958999e+03 1.197118e+03 8.296207e+04 -1.165275e+04 7.782450e+04 -2.269409e+04 -9.966883e+02
7.777778e-03 4.453101e+06 1.282245e+05 -8.650971e+04 -5.585824e+06 3.944324e+04 9.766104e+06 -6.010721e+06 -6.448117e+04 -7.840271e+04 5.581311e+06 -3.424828e+06 8.819842e+04 6.015231e+06 -5.625462e+04 2.565864e+04 -7.522748e+06 -9.935618e+04 6.364395e+06 -3.905356e+06 1.129858e+05 -6.853741e+06 7.419144e+04 -3.548209e+04 8.571400e+06 -3.905178e+06 -1.000448e+05 6.821040e+04 4.898538e+06 2.836633e+04 8.571290e+06 -5.275349e+06 -4.881622e+04
7.979798e-03 -2.768432e+05 -2.029031e+04 6.106676e+03 3.087192e+05 -1.477227e+04 -6.064480e+05 3.965888e+05 4.742640e+03 4.394625e+03 -3.084356e+05 2.129221e+05 -1.384950e+04 -3.968743e+05 3.004470e+03 -9.957210e+03 4.671437e+05 6.326501e+03 -3.517433e+05 2.428078e+05 -1.740417e+04 4.521956e+05 -4.758328e+03 1.216607e+04 -5.322641e+05 2.427671e+05 1.618364e+04 -4.343814e+03 -2.707081e+05 -1.214344e+04 -5.322509e+05 3.480697e+05 3.133998e+03
8.181818e-03 3.964875e+06 1.637730e+05 -1.088577e+05 -4.886602e+06 6.203274e+04 8.671642e+06 -5.433315e+06 -8.806822e+04 -9.786305e+04 4.882393e+06 -3.049176e+06 1.122839e+05 5.437545e+06 -7.689357e+04 4.101662e+04 -6.679886e+06 -1.247037e+05 5.567631e+06 -3.477133e+06 1.441113e+05 -6.195440e+06 1.009271e+05 -5.511278e+04 7.610937e+06 -3.476889e+06 -1.275618e+05 8.538099e+04 4.285182e+06 4.605858e+04 7.610835e+06 -4.768652e+06 -6.703734e+04
8.383838e-03 6.201723e+05 2.276155e+04 -1.989460e+04 -7.806098e+05 4.589332e+03 1.354394e+06 -8.447419e+05 -1.651634e+04 -1.856627e+04 7.799351e+05 -4.769216e+05 1.563093e+04 8.454203e+05 -1.516486e+04 2.935608e+03 -1.043326e+06 -2.321411e+04 8.893979e+05 -5.438657e+05 2.032191e+04 -9.632494e+05 1.935483e+04 -4.672951e+03 1.188734e+06 -5.438369e+05 -1.746503e+04 1.587551e+04 6.845369e+05 2.698777e+03 1.188723e+06 -7.414099e+05 -1.289654e+04
8.585859e-03 3.919181e+05 1.449545e+04 -1.433990e+04 -4.972858e+05 1.765293e+03 8.546475e+05 -5.343347e+05 -1.213162e+04 -1.355114e+04 4.968490e+05 -3.013794e+05 9.957577e+03 5.347744e+05 -1.132831e+04 1.079351e+03 -6.583692e+05 -1.684075e+04 5.665855e+05 -3.436891e+05 1.304532e+04 -6.093034e+05 1.431911e+04 -2.145002e+03 7.501191e+05 -3.436725e+05 -1.102259e+04 1.150771e+04 4.360796e+05 6.334856e+02 7.501130e+05 -4.689765e+05 -9.560014e+03
8.787879e-03 2.829839e+05 1.071331e+04 -1.164881e+04 -3.614669e+05 6.531729e+02 6.161713e+05 -3.866446e+05 -1.000096e+04 -1.109825e+04 3.611441e+05 -2.176024e+05 7.360445e+03 3.869700e+05 -9.439675e+03 3.535737e+02 -4.746698e+05 -1.373898e+04 4.118369e+05 -2.481553e+05 9.707805e+03 -4.408971e+05 1.185800e+04 -1.126863e+03 5.408146e+05 -2.481442e+05 -8.081504e+03 9.382114e+03 3.169750e+05 -1.512393e+02 5.408106e+05 -3.393540e+05 -7.928205e+03
8.989899e-03 2.176234e+05 8.478327e+03 -9.970601e+03 -2.797197e+05 9.148355e+01 4.731314e+05 -2.981797e+05 -8.661714e+03 -9.556225e+03 2.794658e+05 -1.673368e+05 5.825300e+03 2.984359e+05 -8.238829e+03 -1.001264e+01 -3.644850e+05 -1.179701e+04 3.186963e+05 -1.908355e+05 7.730957e+03 -3.400228e+05 1.030352e+04 -5.979674e+02 4.152719e+05 -1.908274e+05 -6.347649e+03 8.051593e+03 2.452879e+05 -5.294964e+02 4.152690e+05 -2.617112e+05 -6.896266e+03
9.191919e-03 1.739954e+05 6.989000e+03 -8.794829e+03 -2.250126e+05 -2.245320e+02 3.776929e+05 -2.391850e+05 -7.714493e+03 -8.468419e+03 2.248051e+05 -1.337849e+05 4.802171e+03 2.393945e+05 -7.381029e+03 -2.125412e+02 -2.909675e+05 -1.043179e+04 2.563646e+05 -1.525750e+05 6.410728e+03 -2.727523e+05 9.199576e+03 -2.896595e+02 3.315076e+05 -1.525688e+05 -5.194996e+03 7.116468e+03 1.973135e+05 -7.292427e+02 3.315055e+05 -2.099334e+05 -6.162425e+03
9.393939e-03 1.429461e+05 5.922635e+03 -7.912902e+03 -1.859874e+05 -4.122510e+02 3.098034e+05 -1.972181e+05 -6.997062e+03 -7.647632e+03 1.858132e+05 -1.099069e+05 4.069549e+03 1.973941e+05 -6.725770e+03 -3.312973e+02 -2.386712e+05 -9.404720e+03 2.119006e+05 -1.253457e+05 5.463465e+03 -2.248979e+05 8.360570e+03 -9.798688e+01 2.719223e+05 -1.253409e+05 -4.371597e+03 6.413144e+03 1.630912e+05 -8.375895e+02 2.719207e+05 -1.731002e+05 -5.603948e+03
9.595960e-03 1.198594e+05 5.121160e+03 -7.220793e+03 -1.569053e+05 -5.264301e+02 2.593506e+05 -1.660162e+05 -6.428735e+03 -7.000186e+03 1.567562e+05 -9.215266e+04 3.518897e+03 1.661670e+05 -6.202874e+03 -4.022470e+02 -1.998063e+05 -8.596610e+03 1.787655e+05 -1.050996e+05 4.750108e+03 -1.893186e+05 7.693995e+03 2.583198e+01 2.276408e+05 -1.050957e+05 -3.754111e+03 5.859900e+03 1.375884e+05 -8.947865e+02 2.276395e+05 -1.457151e+05 -5.159682e+03
9.797980e-03 1.021294e+05 4.497138e+03 -6.659808e+03 -1.345216e+05 -5.957976e+02 2.206258e+05 -1.420490e+05 -5.963996e+03 -6.473036e+03 1.343919e+05 -7.851811e+04 3.090164e+03 1.421801e+05 -5.772564e+03 -4.442117e+02 -1.699756e+05 -7.940105e+03 1.532623e+05 -8.955125e+04 4.193670e+03 -1.619887e+05 7.147556e+03 1.075742e+02 1.936526e+05 -8.954809e+04 -3.274366e+03 5.410548e+03 1.179596e+05 -9.217119e+02 1.936516e+05 -1.246796e+05 -4.795052e+03
1.000000e-02 8.816744e+04 3.997989e+03 -6.193900e+03 -1.168551e+05 -6.366792e+02 1.901483e+05 -1.231665e+05 -5.574849e+03 -6.033486e+03 1.167410e+05 -6.778131e+04 2.747232e+03 1.232820e+05 -5.410248e+03 -4.678577e+02 -1.464978e+05 -7.393764e+03 1.331338e+05 -7.730733e+04 3.747809e+03 -1.404569e+05 6.689012e+03 1.620115e+02 1.669028e+05 -7.730472e+04 -2.891400e+03 5.036673e+03 1.024676e+05 -9.300739e+02 1.669020e+05 -1.081068e+05 -4.488736e+03
