-1.000000e-02 -1.998892e+05 -3.054404e+02 5.889498e+03 -1.353832e+05 3.931569e+03 -1.033135e+05 -1.293915e+05 6.466447e+03 5.710283e+03 1.354926e+05 1.539931e+05 -2.409543e+02 1.292837e+05 6.291115e+03 2.699929e+03 7.944678e+04 7.058349e+03 1.543721e+05 1.754472e+05 1.274099e+02 -1.474206e+05 -7.715350e+03 -3.704276e+03 -9.059931e+04 1.754470e+05 6.702370e+02 -4.743742e+03 1.188269e+05 2.822726e+03 -9.059732e+04 -1.134737e+05 5.254247e+03
-9.797980e-03 -2.338932e+05 -2.182318e+02 6.335670e+03 -1.575095e+05 4.464323e+03 -1.207206e+05 -1.502976e+05 6.989357e+03 6.125308e+03 1.576348e+05 1.801864e+05 -1.859115e+02 1.501741e+05 6.783350e+03 3.065709e+03 9.283564e+04 7.583234e+03 1.796006e+05 2.052915e+05 2.231049e+02 -1.712406e+05 -8.327997e+03 -4.180976e+03 -1.058659e+05 2.052911e+05 6.267010e+02 -5.095265e+03 1.382464e+05 3.230377e+03 -1.058634e+05 -1.318086e+05 5.673315e+03
-9.595960e-03 -2.777912e+05 -8.689830e+01 6.876770e+03 -1.860479e+05 5.142788e+03 -1.431818e+05 -1.772195e+05 7.628212e+03 6.625738e+03 1.861933e+05 2.140008e+05 -1.020293e+02 1.770761e+05 7.382141e+03 3.531527e+03 1.101121e+05 8.218311e+03 2.121400e+05 2.438193e+05 3.600153e+02 -2.019150e+05 -9.074855e+03 -4.786763e+03 -1.255652e+05 2.438187e+05 5.527997e+02 -5.520180e+03 1.632934e+05 3.750810e+03 -1.255621e+05 -1.554194e+05 6.184290e+03
-9.393939e-03 -3.361474e+05 1.142507e+02 7.551842e+03 -2.239614e+05 6.034853e+03 -1.730272e+05 -2.129212e+05 8.431569e+03 7.245930e+03 2.241334e+05 2.589521e+05 2.763261e+01 2.127514e+05 8.131418e+03 4.143978e+03 1.330685e+05 9.008481e+03 2.553686e+05 2.950365e+05 5.611923e+02 -2.425931e+05 -1.001170e+04 -5.581469e+03 -1.517408e+05 2.950357e+05 4.297375e+02 -6.048323e+03 1.965685e+05 4.436863e+03 -1.517369e+05 -1.867304e+05 6.825386e+03
-9.191919e-03 -4.167964e+05 4.321904e+02 8.427610e+03 -2.763419e+05 7.259211e+03 -2.142563e+05 -2.621407e+05 9.482458e+03 8.044312e+03 2.765501e+05 3.210749e+05 2.341072e+02 2.619350e+05 9.106028e+03 4.984506e+03 1.647813e+05 1.003030e+04 3.150921e+05 3.658190e+05 8.685108e+02 -2.986734e+05 -1.123372e+04 -6.669594e+03 -1.879007e+05 3.658178e+05 2.228065e+02 -6.730560e+03 2.425407e+05 5.381012e+03 -1.878954e+05 -2.298969e+05 7.661840e+03
-8.989899e-03 -5.345465e+05 9.619910e+02 9.631074e+03 -3.528279e+05 9.046196e+03 -2.744289e+05 -3.338211e+05 1.093873e+04 9.131595e+03 3.530885e+05 4.117758e+05 5.803127e+02 3.335633e+05 1.044775e+04 6.211120e+03 2.110657e+05 1.142920e+04 4.022999e+05 4.691636e+05 1.366248e+03 -3.803456e+05 -1.292161e+04 -8.253720e+03 -2.406752e+05 4.691618e+05 -1.388357e+02 -7.663506e+03 3.096689e+05 6.762857e+03 -2.406681e+05 -2.927622e+05 8.817455e+03
-8.787879e-03 -7.219261e+05 1.928855e+03 1.144757e+04 -4.746306e+05 1.192065e+04 -3.701534e+05 -4.475706e+05 1.315366e+04 1.075556e+04 4.749738e+05 5.561105e+05 1.215553e+03 4.472308e+05 1.247282e+04 8.183741e+03 2.846970e+05 1.353124e+04 5.411763e+05 6.336188e+05 2.253135e+03 -5.099513e+05 -1.547913e+04 -1.079507e+04 -3.246311e+05 6.336161e+05 -8.242055e+02 -9.063885e+03 4.165694e+05 8.991904e+03 -3.246207e+05 -3.925233e+05 1.056886e+04
-8.585859e-03 -1.072967e+06 4.041810e+03 1.473852e+04 -7.032188e+05 1.747803e+04 -5.494516e+05 -6.599425e+05 1.718637e+04 1.366222e+04 7.037158e+05 8.265093e+05 2.610721e+03 6.594499e+05 1.612649e+04 1.199603e+04 4.226139e+05 1.731930e+04 8.018059e+05 9.417123e+05 4.152733e+03 -7.519273e+05 -2.011518e+04 -1.569473e+04 -4.818865e+05 9.417076e+05 -2.368500e+03 -1.158539e+04 6.171902e+05 1.331344e+04 -4.818696e+05 -5.787790e+05 1.374406e+04
-8.383838e-03 -2.167834e+06 1.215082e+04 2.523105e+04 -1.419166e+06 3.629057e+04 -1.108744e+06 -1.318789e+06 2.999786e+04 2.280566e+04 1.420144e+06 1.669862e+06 7.992664e+03 1.317819e+06 2.760735e+04 2.489122e+04 8.528235e+05 2.932076e+04 1.618107e+06 1.902632e+06 1.132122e+04 -1.502614e+06 -3.476842e+04 -3.223273e+04 -9.724208e+05 1.902620e+06 -8.448413e+03 -1.957453e+04 1.245543e+06 2.797917e+04 -9.723812e+05 -1.156602e+06 2.377812e+04
-8.181818e-03 -1.028541e+06 -1.786815e+03 1.020617e+04 -6.600012e+05 8.838378e+03 -5.254569e+05 -6.456586e+05 1.242092e+04 9.861803e+03 6.604529e+05 7.922660e+05 -1.329098e+03 6.452073e+05 1.208156e+04 6.116727e+03 4.041747e+05 1.225891e+04 7.525228e+05 9.027081e+05 -8.328388e+02 -7.356630e+05 -1.478447e+04 -8.172481e+03 -4.608461e+05 9.027046e+05 2.250128e+03 -8.170018e+03 5.792519e+05 6.554191e+03 -4.608413e+05 -5.662704e+05 1.011736e+04
-7.979798e-03 2.325661e+06 -2.668840e+04 -1.767749e+04 1.530727e+06 -4.576336e+04 1.186594e+06 1.371518e+06 -2.240811e+04 -1.405233e+04 -1.531715e+06 -1.791377e+06 -1.787213e+04 -1.370535e+06 -1.882905e+04 -3.132230e+04 -9.127644e+05 -1.943880e+04 -1.745255e+06 -2.041119e+06 -2.258359e+04 1.562711e+06 2.485366e+04 3.970570e+04 1.040744e+06 -2.041103e+06 2.120157e+04 1.287452e+04 -1.343435e+06 -3.614710e+04 1.040678e+06 1.202853e+06 -1.704920e+04
-7.777778e-03 -7.595656e+06 2.408040e+04 4.471616e+04 -4.883028e+06 7.974379e+04 -3.871261e+06 -4.651750e+06 5.985142e+04 3.956146e+04 4.886181e+06 5.850620e+06 1.557453e+04 4.648597e+06 5.475961e+04 5.493029e+04 2.977914e+06 5.175010e+04 5.567408e+06 6.666305e+06 2.206419e+04 -5.300254e+06 -6.903120e+04 -7.050337e+04 -3.395376e+06 6.666256e+06 -1.681294e+04 -3.410479e+04 4.285542e+06 6.207196e+04 -3.395290e+06 -4.079827e+06 4.741943e+04
-7.575758e-03 -9.089047e+05 -1.272634e+04 3.718445e+03 -5.540637e+05 -6.638665e+03 -4.627643e+05 -5.998143e+05 5.504406e+03 4.687449e+03 5.544308e+05 7.000824e+05 -8.731882e+03 5.994477e+05 6.462704e+03 -4.419700e+03 3.559758e+05 5.174442e+03 6.317315e+05 7.976873e+05 -1.004799e+04 -6.834457e+05 -7.203919e+03 5.227342e+03 -4.058638e+05 7.976917e+05 1.107030e+04 -3.391763e+03 4.862673e+05 -5.634578e+03 -4.058833e+05 -5.260955e+05 4.954297e+03
-7.373737e-03 4.019915e+06 -2.685370e+04 -8.791917e+03 2.591671e+06 -4.437182e+04 2.044220e+06 2.423077e+06 -1.620961e+04 -5.266370e+03 -2.593227e+06 -3.096273e+06 -1.786707e+04 -2.421513e+06 -1.272129e+04 -3.051081e+04 -1.572582e+06 -8.862633e+03 -2.954814e+06 -3.528005e+06 -2.216936e+04 2.760924e+06 1.733686e+04 3.821130e+04 1.792995e+06 -3.527986e+06 2.175539e+04 5.511634e+03 -2.274522e+06 -3.549534e+04 1.792923e+06 2.125198e+06 -1.203803e+04
-7.171717e-03 -2.743632e+07 -2.072720e+04 8.071059e+03 -1.721375e+07 6.477697e+04 -1.393748e+07 -1.711684e+07 5.731531e+04 5.915146e+03 1.722413e+07 2.113217e+07 -1.650311e+04 1.710645e+07 5.518125e+04 4.642614e+04 1.072202e+07 1.079766e+04 1.962586e+07 2.407884e+07 -1.624414e+04 -1.950356e+07 -6.693352e+04 -5.785384e+04 -1.222449e+07 2.407877e+07 2.075234e+04 -3.958032e+03 1.510719e+07 5.189637e+04 -1.222447e+07 -1.501308e+07 4.717844e+04
-6.969697e-03 -3.119230e+06 -4.510285e+04 -5.906550e+03 -1.850792e+06 -3.949319e+04 -1.582908e+06 -2.065128e+06 -4.888576e+02 -1.754791e+03 1.851923e+06 2.402453e+06 -3.090185e+04 2.064015e+06 3.624910e+03 -2.656914e+04 1.217757e+06 -4.381988e+03 2.110176e+06 2.737475e+06 -3.669258e+04 -2.353122e+06 -1.771254e+03 3.320097e+04 -1.388332e+06 2.737488e+06 3.810062e+04 3.348635e+03 1.624284e+06 -3.173231e+04 -1.388427e+06 -1.811405e+06 1.387937e+03
-6.767677e-03 -1.088495e+07 6.278742e+03 -3.394079e+04 -6.823055e+06 6.507269e+03 -5.518011e+06 -6.794378e+06 -1.583433e+04 -3.455363e+04 6.826878e+06 8.383620e+06 3.399249e+03 6.790549e+06 -1.644176e+04 5.288076e+03 4.245198e+06 -4.060431e+04 7.778938e+06 9.552776e+06 3.115683e+03 -7.741887e+06 1.996707e+04 -4.510250e+03 -4.839946e+06 9.552755e+06 -6.268388e+03 2.883795e+04 5.987987e+06 7.225417e+03 -4.839941e+06 -5.959472e+06 -1.294863e+04
-6.565657e-03 3.656468e+06 -3.931104e+04 1.716744e+04 2.369197e+06 -3.211457e+04 1.851687e+06 2.179943e+06 1.136579e+04 2.064294e+04 -2.370430e+06 -2.816193e+06 -2.643456e+04 -2.178685e+06 1.481449e+04 -2.209796e+04 -1.424612e+06 2.261166e+04 -2.701022e+06 -3.208956e+06 -3.067567e+04 2.483948e+06 -1.598671e+04 2.632868e+04 1.624212e+06 -3.208931e+06 3.394478e+04 -1.576731e+04 -2.079219e+06 -2.703407e+04 1.624132e+06 1.912039e+06 1.066398e+04
-6.363636e-03 -1.400183e+06 -2.009548e+03 -8.678684e+03 -8.717182e+05 -6.154734e+03 -7.084375e+05 -8.951304e+05 -6.502567e+03 -8.273821e+03 8.721775e+05 1.078398e+06 -1.465884e+03 8.946740e+05 -6.100299e+03 -4.081924e+03 5.450470e+05 -1.015718e+04 9.938217e+05 1.228801e+06 -2.110676e+03 -1.019977e+06 7.679097e+03 5.574660e+03 -6.213903e+05 1.228803e+06 1.322952e+03 7.054619e+03 7.650200e+05 -4.478095e+03 -6.214006e+05 -7.851652e+05 -5.146451e+03
-6.161616e-03 8.750570e+06 -1.200949e+05 6.933960e+04 5.723008e+06 -7.154381e+04 4.422875e+06 5.184961e+06 5.652196e+04 7.855181e+04 -5.725730e+06 -6.739491e+06 -8.102065e+04 -5.182148e+06 6.567555e+04 -4.921691e+04 -3.402947e+06 8.889948e+04 -6.524349e+06 -7.679511e+06 -9.268577e+04 5.908104e+06 -7.427087e+04 5.689050e+04 3.879650e+06 -7.679445e+06 1.050299e+05 -6.132081e+04 -5.022477e+06 -6.197447e+04 3.879423e+06 4.547861e+06 5.004222e+04
-5.959596e-03 -6.747989e+05 -4.664663e+02 -6.081977e+03 -4.232052e+05 -4.643345e+03 -3.407978e+05 -4.389355e+05 -5.104393e+03 -5.826770e+03 4.234099e+05 5.197064e+05 -3.603186e+02 4.387330e+05 -4.850365e+03 -3.112395e+03 2.622080e+05 -7.160318e+03 4.824706e+05 5.921965e+05 -7.200632e+02 -5.001624e+05 6.047428e+03 4.225245e+03 -2.989282e+05 5.921980e+05 9.968364e+01 4.936359e+03 3.713998e+05 -3.396335e+03 -2.989352e+05 -3.850264e+05 -4.079042e+03
-5.757576e-03 4.141361e+07 -7.971587e+05 4.587909e+05 2.764280e+07 -3.976947e+05 2.089358e+07 2.407518e+07 4.030778e+05 5.154993e+05 -2.765464e+07 -3.189528e+07 -5.392975e+05 -2.406265e+07 4.594986e+05 -2.728494e+05 -1.607625e+07 5.869521e+05 -3.151214e+07 -3.634430e+07 -6.147909e+05 2.743319e+07 -5.234109e+05 3.116672e+05 1.832809e+07 -3.634404e+07 6.993082e+05 -4.029780e+05 -2.425896e+07 -3.482341e+05 1.832653e+07 2.111722e+07 3.539014e+05
-5.555556e-03 -1.552876e+06 2.607163e+04 -1.921317e+04 -1.033630e+06 8.469332e+03 -7.827846e+05 -9.280690e+05 -1.719932e+04 -2.082944e+04 1.034046e+06 1.195945e+06 1.763284e+04 9.276283e+05 -1.880848e+04 5.846591e+03 6.023152e+05 -2.413487e+04 1.178302e+06 1.362783e+06 1.985823e+04 -1.057526e+06 2.184035e+04 -6.127705e+03 -6.866671e+05 1.362765e+06 -2.311441e+04 1.655321e+04 9.070865e+05 7.966329e+03 -6.866262e+05 -8.140732e+05 -1.478051e+04
-5.353535e-03 -8.980394e+05 1.532802e+04 -1.231029e+04 -6.016564e+05 3.357443e+03 -4.523168e+05 -5.430749e+05 -1.118901e+04 -1.317269e+04 6.018852e+05 6.916164e+05 1.037119e+04 5.428313e+05 -1.204810e+04 2.331297e+03 3.480428e+05 -1.536605e+04 6.858562e+05 7.881034e+05 1.161042e+04 -6.188332e+05 1.408944e+04 -2.169730e+03 -3.967805e+05 7.880934e+05 -1.365918e+04 1.052924e+04 5.279946e+05 3.432813e+03 -3.967582e+05 -4.763778e+05 -9.542174e+03
-5.151515e-03 -6.257973e+05 1.118270e+04 -9.391898e+03 -4.232689e+05 1.507988e+03 -3.149442e+05 -3.824420e+05 -8.640408e+03 -9.968896e+03 4.234197e+05 4.819468e+05 7.570442e+03 3.822801e+05 -9.215503e+03 1.057348e+03 2.423438e+05 -1.167854e+04 4.824956e+05 5.491858e+05 8.441170e+03 -4.357951e+05 1.082358e+04 -7.583920e+02 -2.762774e+05 5.491789e+05 -9.999125e+03 7.996462e+03 3.714450e+05 1.769556e+03 -2.762621e+05 -3.354792e+05 -7.334779e+03
-4.949495e-03 -4.701447e+05 8.889792e+03 -7.646046e+03 -3.217715e+05 5.618251e+02 -2.364264e+05 -2.905751e+05 -7.103252e+03 -8.068667e+03 3.218783e+05 3.620701e+05 6.021392e+03 2.904594e+05 -7.524702e+03 4.047314e+02 1.819292e+05 -9.481896e+03 3.667895e+05 4.125865e+05 6.694668e+03 -3.311143e+05 8.864853e+03 -4.881737e+01 -2.074015e+05 4.125813e+05 -7.968268e+03 6.488476e+03 2.823729e+05 9.052070e+02 -2.073901e+05 -2.548981e+05 -6.010403e+03
-4.747475e-03 -3.688666e+05 7.418890e+03 -6.444596e+03 -2.560318e+05 5.126532e+00 -1.853577e+05 -2.308989e+05 -6.035210e+03 -6.770436e+03 2.561102e+05 2.840706e+05 5.027599e+03 2.308128e+05 -6.360314e+03 2.027736e+01 1.426347e+05 -7.975481e+03 2.918468e+05 3.237060e+05 5.578096e+03 -2.631142e+05 7.510489e+03 3.602002e+02 -1.626038e+05 3.237019e+05 -6.661570e+03 5.454968e+03 2.246811e+05 3.876362e+02 -1.625949e+05 -2.025529e+05 -5.094261e+03
-4.545455e-03 -2.979208e+05 6.392914e+03 -5.550666e+03 -2.102084e+05 -3.488097e+02 -1.496000e+05 -1.892305e+05 -5.232811e+03 -5.810495e+03 2.102675e+05 2.294319e+05 4.334306e+03 1.891647e+05 -5.492180e+03 -2.244444e+02 1.151208e+05 -6.857932e+03 2.396089e+05 2.614450e+05 4.801713e+03 -2.156334e+05 6.497231e+03 6.140446e+02 -1.312369e+05 2.614416e+05 -5.747561e+03 4.688726e+03 1.844677e+05 5.204533e+01 -1.312296e+05 -1.660031e+05 -4.408544e+03
-4.343434e-03 -2.457167e+05 5.637238e+03 -4.851089e+03 -1.766847e+05 -5.851770e+02 -1.233013e+05 -1.587158e+05 -4.599041e+03 -5.063307e+03 1.767297e+05 1.892273e+05 3.823563e+03 1.586646e+05 -4.810984e+03 -3.880794e+02 9.488499e+04 -5.985553e+03 2.013924e+05 2.156316e+05 4.231530e+03 -1.808621e+05 5.699806e+03 7.788076e+02 -1.081673e+05 2.156287e+05 -5.072579e+03 4.090935e+03 1.550480e+05 -1.770602e+02 -1.081613e+05 -1.392367e+05 -3.868651e+03
-4.141414e-03 -2.058988e+05 5.058863e+03 -4.283672e+03 -1.512925e+05 -7.484069e+02 -1.032528e+05 -1.355902e+05 -4.080564e+03 -4.460136e+03 1.513271e+05 1.585620e+05 3.432566e+03 1.355500e+05 -4.256880e+03 -5.012328e+02 7.945822e+04 -5.279524e+03 1.724461e+05 1.806882e+05 3.796295e+03 -1.545107e+05 5.049498e+03 8.887984e+02 -9.058036e+04 1.806857e+05 -4.554696e+03 3.607397e+03 1.327646e+05 -3.392354e+02 -9.057525e+04 -1.189518e+05 -3.428176e+03
-3.939394e-03 -1.746708e+05 4.603395e+03 -3.810878e+03 -1.315474e+05 -8.638262e+02 -8.753801e+04 -1.176033e+05 -3.645123e+03 -3.959650e+03 1.315740e+05 1.345124e+05 3.124586e+03 1.175715e+05 -3.793833e+03 -5.813609e+02 6.736594e+04 -4.692363e+03 1.499371e+05 1.532832e+05 3.454397e+03 -1.340146e+05 4.504844e+03 9.634674e+02 -7.679492e+04 1.532811e+05 -4.145934e+03 3.205466e+03 1.154368e+05 -4.571461e+02 -7.679054e+04 -1.031742e+05 -3.059117e+03
-3.737374e-03 -1.496216e+05 4.236787e+03 -3.408470e+03 -1.158737e+05 -9.468235e+02 -7.493967e+04 -1.033250e+05 -3.271818e+03 -3.535254e+03 1.158941e+05 1.152213e+05 2.876634e+03 1.032997e+05 -3.398601e+03 -6.390758e+02 5.767160e+04 -4.193465e+03 1.320696e+05 1.313007e+05 3.179833e+03 -1.177445e+05 4.039048e+03 1.014559e+03 -6.574324e+04 1.312989e+05 -3.816223e+03 2.864105e+03 1.016821e+05 -5.446440e+02 -6.573945e+04 -9.064959e+04 -2.743374e+03
-3.535354e-03 -1.291461e+05 3.936602e+03 -3.059976e+03 -1.032248e+05 -1.007211e+03 -6.464768e+04 -9.180363e+04 -2.946387e+03 -3.168940e+03 1.032403e+05 9.945271e+04 2.673560e+03 9.178360e+04 -3.055393e+03 -6.811475e+02 4.975188e+04 -3.762065e+03 1.176505e+05 1.133320e+05 2.955490e+03 -1.046159e+05 3.633864e+03 1.049510e+03 -5.671471e+04 1.133304e+05 -3.545722e+03 2.569045e+03 9.058192e+04 -6.106173e+02 -5.671141e+04 -8.054332e+04 -2.468621e+03
-3.333333e-03 -1.121355e+05 3.687446e+03 -2.753740e+03 -9.287958e+04 -1.051485e+03 -5.610250e+04 -8.238264e+04 -2.658692e+03 -2.848006e+03 9.289110e+04 8.635260e+04 2.504970e+03 8.236680e+04 -2.753029e+03 -7.120612e+02 4.317622e+04 -3.383494e+03 1.058573e+05 9.840402e+04 2.769647e+03 -9.388057e+04 3.276353e+03 1.073206e+03 -4.921849e+04 9.840259e+04 -3.320797e+03 2.310208e+03 8.150330e+04 -6.609920e+02 -4.921559e+04 -7.227939e+04 -2.226115e+03
-3.131313e-03 -9.780017e+04 3.478405e+03 -2.481239e+03 -8.432572e+04 -1.084082e+03 -4.890573e+04 -7.459533e+04 -2.401281e+03 -2.563197e+03 8.433403e+04 7.531287e+04 2.363493e+03 7.458290e+04 -2.483329e+03 -7.348800e+02 3.763810e+04 -3.047042e+03 9.610636e+04 8.582389e+04 2.614007e+03 -8.500685e+04 2.957028e+03 1.088955e+03 -4.290509e+04 8.582262e+04 -3.131771e+03 2.080241e+03 7.399676e+04 -6.998430e+02 -4.290254e+04 -6.544846e+04 -2.009445e+03
-2.929293e-03 -8.556338e+04 3.301533e+03 -2.236070e+03 -7.719059e+04 -1.108105e+03 -4.276635e+04 -6.810183e+04 -2.168528e+03 -2.307579e+03 7.719626e+04 6.588929e+04 2.243765e+03 6.809221e+04 -2.240139e+03 -7.517490e+02 3.291360e+04 -2.744675e+03 8.797270e+04 7.508535e+04 2.482535e+03 -7.760743e+04 2.668739e+03 1.099051e+03 -3.751925e+04 7.508423e+04 -2.971588e+03 1.873627e+03 6.773526e+04 -7.300448e+02 -3.751700e+04 -5.975243e+04 -1.813778e+03
-2.727273e-03 -7.499431e+04 3.150912e+03 -2.013307e+03 -7.119738e+04 -1.125773e+03 -3.746711e+04 -6.264961e+04 -1.956082e+03 -2.075835e+03 7.120088e+04 5.775010e+04 2.141787e+03 6.264230e+04 -2.018719e+03 -7.642019e+02 2.883555e+04 -2.470221e+03 8.114079e+04 6.581039e+04 2.370747e+03 -7.139453e+04 2.405969e+03 1.105116e+03 -3.287039e+04 6.580939e+04 -2.834989e+03 1.686131e+03 6.247587e+04 -7.536689e+02 -3.286840e+04 -5.496977e+04 -1.635382e+03
-2.525253e-03 -6.576502e+04 3.022056e+03 -1.809084e+03 -6.613689e+04 -1.138699e+03 -3.284263e+04 -5.804769e+04 -1.760509e+03 -1.863805e+03 6.613859e+04 5.064273e+04 2.054531e+03 5.804231e+04 -1.815340e+03 -7.733548e+02 2.527672e+04 -2.218840e+03 7.537215e+04 5.771119e+04 2.275245e+03 -6.615056e+04 2.164375e+03 1.108318e+03 -2.881345e+04 5.771030e+04 -2.717977e+03 1.514434e+03 5.803502e+04 -7.722347e+02 -2.881169e+04 -5.093298e+04 -1.471321e+03
-2.323232e-03 -5.762147e+04 2.911507e+03 -1.620310e+03 -6.184872e+04 -1.148075e+03 -2.876484e+04 -5.414963e+04 -1.579050e+03 -1.668169e+03 6.184891e+04 4.437152e+04 1.979659e+03 5.414586e+04 -1.627018e+03 -7.800319e+02 2.213854e+04 -1.986671e+03 7.048392e+04 5.056481e+04 2.193415e+03 -6.170864e+04 1.940470e+03 1.109510e+03 -2.523606e+04 5.056402e+04 -2.617473e+03 1.355888e+03 5.427191e+04 -7.868743e+02 -2.523451e+04 -4.751360e+04 -1.319238e+03
-2.121212e-03 -5.036371e+04 2.816568e+03 -1.444474e+03 -5.820835e+04 -1.154790e+03 -2.513296e+04 -5.084171e+04 -1.409453e+03 -1.486239e+03 5.820728e+04 3.878249e+04 1.915350e+03 5.083930e+04 -1.451323e+03 -7.848496e+02 1.934347e+04 -1.770577e+03 6.633415e+04 4.419578e+04 2.123220e+03 -5.793919e+04 1.731414e+03 1.109322e+03 -2.204984e+04 4.419509e+04 -2.531069e+03 1.208343e+03 5.107730e+04 -7.984419e+02 -2.204847e+04 -4.461188e+04 -1.177210e+03
-1.919192e-03 -4.383199e+04 2.735113e+03 -1.279502e+03 -5.511819e+04 -1.159517e+03 -2.186648e+04 -4.803480e+04 -1.249848e+03 -1.315801e+03 5.511606e+04 3.375261e+04 1.860167e+03 4.803352e+04 -1.286246e+03 -7.882737e+02 1.682958e+04 -1.567973e+03 6.281160e+04 3.846392e+04 2.063057e+03 -5.474065e+04 1.534854e+03 1.108222e+03 -1.918416e+04 3.846330e+04 -2.456865e+03 1.070027e+03 4.836553e+04 -8.075887e+02 -1.918296e+04 -4.214964e+04 -1.043645e+03
-1.717172e-03 -3.789682e+04 2.665452e+03 -1.123658e+03 -5.250117e+04 -1.162769e+03 -1.890019e+04 -4.565849e+04 -1.098661e+03 -1.155004e+03 5.249816e+04 2.918216e+04 1.812969e+03 4.565816e+04 -1.130099e+03 -7.906592e+02 1.454667e+04 -1.376696e+03 5.982839e+04 3.325556e+04 2.011652e+03 -5.203278e+04 1.348813e+03 1.106563e+03 -1.658180e+04 3.325503e+04 -2.393352e+03 9.394602e+02 4.606896e+04 -8.148158e+02 -1.658076e+04 -4.006512e+04 -9.172039e+02
-1.515152e-03 -3.245171e+04 2.606237e+03 -9.754653e+02 -5.029610e+04 -1.164937e+03 -1.618044e+04 -4.365691e+04 -9.545484e+02 -1.002280e+03 5.029236e+04 2.498911e+04 1.772844e+03 4.365737e+04 -9.814466e+02 -7.922784e+02 1.245348e+04 -1.194909e+03 5.731479e+04 2.847728e+04 1.967992e+03 -4.975192e+04 1.171604e+03 1.104613e+03 -1.419572e+04 2.847682e+04 -2.339323e+03 8.153831e+02 4.413391e+04 -8.205109e+02 -1.419482e+04 -3.830931e+04 -7.967464e+02
-1.313131e-03 -2.740779e+04 2.556390e+03 -8.336509e+02 -4.845436e+04 -1.166323e+03 -1.366249e+04 -4.198562e+04 -8.163462e+02 -8.562781e+02 4.845001e+04 2.110503e+04 1.739064e+03 4.198673e+04 -8.390472e+02 -7.933405e+02 1.051557e+04 -1.021029e+03 5.521536e+04 2.405107e+04 1.931265e+03 -4.784743e+04 1.001770e+03 1.102573e+03 -1.198666e+04 2.405068e+04 -2.293811e+03 6.967131e+02 4.251770e+04 -8.249751e+02 -1.198591e+04 -3.684324e+04 -6.812846e+02
-1.111111e-03 -2.268975e+04 2.515050e+03 -6.971009e+02 -4.693733e+04 -1.167160e+03 -1.130843e+04 -4.060935e+04 -6.830313e+02 -7.158193e+02 4.693248e+04 1.747192e+04 1.711046e+03 4.061099e+04 -7.018133e+02 -7.940069e+02 8.703771e+03 -8.536734e+02 5.348606e+04 1.991084e+04 1.900824e+03 -4.627912e+04 8.380292e+02 1.100598e+03 -9.921381e+03 1.991052e+04 -2.256045e+03 5.825033e+02 4.118643e+04 -8.284420e+02 -9.920751e+03 -3.563595e+04 -5.699518e+02
-9.090909e-04 -1.823268e+04 2.481534e+03 -5.648253e+02 -4.571456e+04 -1.167626e+03 -9.085607e+03 -3.950030e+04 -5.536911e+02 -5.798577e+02 4.570932e+04 1.403979e+04 1.688330e+03 3.950237e+04 -5.687761e+02 -7.944009e+02 6.992956e+03 -6.916124e+02 5.209222e+04 1.599963e+04 1.876158e+03 -4.501532e+04 6.792423e+02 1.098804e+03 -7.971217e+03 1.599937e+04 -2.225413e+03 4.719132e+02 4.011339e+04 -8.310923e+02 -7.970709e+03 -3.466307e+04 -4.619753e+02
-7.070707e-04 -1.397963e+04 2.455312e+03 -4.359299e+02 -4.476243e+04 -1.167854e+03 -6.965361e+03 -3.863688e+04 -4.274982e+02 -4.474503e+02 4.475689e+04 1.076478e+04 1.670556e+03 3.863928e+04 -4.390600e+02 -7.946162e+02 5.361075e+03 -5.337378e+02 5.100687e+04 1.226747e+04 1.856867e+03 -4.403143e+04 5.243765e+02 1.097277e+03 -6.111040e+03 1.226726e+04 -2.201437e+03 3.641847e+02 3.927786e+04 -8.330637e+02 -6.110649e+03 -3.390567e+04 -3.566557e+02
-5.050505e-04 -9.879621e+03 2.435980e+03 -3.095938e+02 -4.406308e+04 -1.167945e+03 -4.922055e+03 -3.800278e+04 -3.036908e+02 -3.177326e+02 4.405732e+04 7.607623e+03 1.657452e+03 3.800543e+04 -3.118594e+02 -7.947217e+02 3.788400e+03 -3.790319e+02 5.020968e+04 8.669601e+03 1.842650e+03 -4.330886e+04 3.724816e+02 1.096081e+03 -4.318357e+03 8.669457e+03 -2.183756e+03 2.586220e+02 3.866415e+04 -8.344589e+02 -4.318081e+03 -3.334943e+04 -2.533492e+02
-3.030303e-04 -5.886007e+03 2.423248e+03 -1.850495e+02 -4.360372e+04 -1.167969e+03 -2.932238e+03 -3.758633e+04 -1.815548e+02 -1.898973e+02 4.359781e+04 4.532410e+03 1.648821e+03 3.758913e+04 -1.864205e+02 -7.947664e+02 2.256884e+03 -2.265443e+02 4.968604e+04 5.165109e+03 1.833289e+03 -4.283429e+04 2.226678e+02 1.095261e+03 -2.572597e+03 5.165023e+03 -2.172109e+03 1.545753e+02 3.826104e+04 -8.353505e+02 -2.572432e+03 -3.298410e+04 -1.514530e+02
-1.010101e-04 -1.955098e+03 2.416928e+03 -6.156608e+01 -4.337606e+04 -1.167970e+03 -9.739418e+02 -3.737995e+04 -6.040896e+01 -6.317612e+01 4.337008e+04 1.505486e+03 1.644537e+03 3.738283e+04 -6.202500e+01 -7.947811e+02 7.496239e+02 -7.536983e+01 4.942654e+04 1.715643e+03 1.828643e+03 -4.259911e+04 7.408651e+01 1.094844e+03 -8.544875e+02 1.715615e+03 -2.166326e+03 5.142604e+01 3.806126e+04 -8.357849e+02 -8.544327e+02 -3.280307e+04 -5.039213e+01
1.010101e-04 1.955098e+03 2.416928e+03 6.156608e+01 -4.337606e+04 -1.167970e+03 9.739418e+02 -3.737995e+04 6.040896e+01 6.317612e+01 4.337008e+04 -1.505486e+03 1.644537e+03 3.738283e+04 6.202500e+01 -7.947811e+02 -7.496239e+02 7.536983e+01 4.942654e+04 -1.715643e+03 1.828643e+03 -4.259911e+04 -7.408651e+01 1.094844e+03 8.544875e+02 -1.715615e+03 -2.166326e+03 -5.142604e+01 3.806126e+04 -8.357849e+02 8.544327e+02 -3.280307e+04 5.039213e+01
3.030303e-04 5.886007e+03 2.423248e+03 1.850495e+02 -4.360372e+04 -1.167969e+03 2.932238e+03 -3.758633e+04 1.815548e+02 1.898973e+02 4.359781e+04 -4.532410e+03 1.648821e+03 3.758913e+04 1.864205e+02 -7.947664e+02 -2.256884e+03 2.265443e+02 4.968604e+04 -5.165109e+03 1.833289e+03 -4.283429e+04 -2.226678e+02 1.095261e+03 2.572597e+03 -5.165023e+03 -2.172109e+03 -1.545753e+02 3.826104e+04 -8.353505e+02 2.572432e+03 -3.298410e+04 1.514530e+02
5.050505e-04 9.879621e+03 2.435980e+03 3.095938e+02 -4.406308e+04 -1.167945e+03 4.922055e+03 -3.800278e+04 3.036908e+02 3.177326e+02 4.405732e+04 -7.607623e+03 1.657452e+03 3.800543e+04 3.118594e+02 -7.947217e+02 -3.788400e+03 3.790319e+02 5.020968e+04 -8.669601e+03 1.842650e+03 -4.330886e+04 -3.724816e+02 1.096081e+03 4.318357e+03 -8.669457e+03 -2.183756e+03 -2.586220e+02 3.866415e+04 -8.344589e+02 4.318081e+03 -3.334943e+04 2.533492e+02
7.070707e-04 1.397963e+04 2.455312e+03 4.359299e+02 -4.476243e+04 -1.167854e+03 6.965361e+03 -3.863688e+04 4.274982e+02 4.474503e+02 4.475689e+04 -1.076478e+04 1.670556e+03 3.863928e+04 4.390600e+02 -7.946162e+02 -5.361075e+03 5.337378e+02 5.100687e+04 -1.226747e+04 1.856867e+03 -4.403143e+04 -5.243765e+02 1.097277e+03 6.111040e+03 -1.226726e+04 -2.201437e+03 -3.641847e+02 3.927786e+04 -8.330637e+02 6.110649e+03 -3.390567e+04 3.566557e+02
9.090909e-04 1.823268e+04 2.481534e+03 5.648253e+02 -4.571456e+04 -1.167626e+03 9.085607e+03 -3.950030e+04 5.536911e+02 5.798577e+02 4.570932e+04 -1.403979e+04 1.688330e+03 3.950237e+04 5.687761e+02 -7.944009e+02 -6.992956e+03 6.916124e+02 5.209222e+04 -1.599963e+04 1.876158e+03 -4.501532e+04 -6.792423e+02 1.098804e+03 7.971217e+03 -1.599937e+04 -2.225413e+03 -4.719132e+02 4.011339e+04 -8.310923e+02 7.970709e+03 -3.466307e+04 4.619753e+02
1.111111e-03 2.268975e+04 2.515050e+03 6.971009e+02 -4.693733e+04 -1.167160e+03 1.130843e+04 -4.060935e+04 6.830313e+02 7.158193e+02 4.693248e+04 -1.747192e+04 1.711046e+03 4.061099e+04 7.018133e+02 -7.940069e+02 -8.703771e+03 8.536734e+02 5.348606e+04 -1.991084e+04 1.900824e+03 -4.627912e+04 -8.380292e+02 1.100598e+03 9.921381e+03 -1.991052e+04 -2.256045e+03 -5.825033e+02 4.118643e+04 -8.284420e+02 9.920751e+03 -3.563595e+04 5.699518e+02
1.313131e-03 2.740779e+04 2.556390e+03 8.336509e+02 -4.845436e+04 -1.166323e+03 1.366249e+04 -4.198562e+04 8.163462e+02 8.562781e+02 4.845001e+04 -2.110503e+04 1.739064e+03 4.198673e+04 8.390472e+02 -7.933405e+02 -1.051557e+04 1.021029e+03 5.521536e+04 -2.405107e+04 1.931265e+03 -4.784743e+04 -1.001770e+03 1.102573e+03 1.198666e+04 -2.405068e+04 -2.293811e+03 -6.967131e+02 4.251770e+04 -8.249751e+02 1.198591e+04 -3.684324e+04 6.812846e+02
1.515152e-03 3.245171e+04 2.606237e+03 9.754653e+02 -5.029610e+04 -1.164937e+03 1.618044e+04 -4.365691e+04 9.545484e+02 1.002280e+03 5.029236e+04 -2.498911e+04 1.772844e+03 4.365737e+04 9.814466e+02 -7.922784e+02 -1.245348e+04 1.194909e+03 5.731479e+04 -2.847728e+04 1.967992e+03 -4.975192e+04 -1.171604e+03 1.104613e+03 1.419572e+04 -2.847682e+04 -2.339323e+03 -8.153831e+02 4.413391e+04 -8.205109e+02 1.419482e+04 -3.830931e+04 7.967464e+02
1.717172e-03 3.789682e+04 2.665452e+03 1.123658e+03 -5.250117e+04 -1.162769e+03 1.890019e+04 -4.565849e+04 1.098661e+03 1.155004e+03 5.249816e+04 -2.918216e+04 1.812969e+03 4.565816e+04 1.130099e+03 -7.906592e+02 -1.454667e+04 1.376696e+03 5.982839e+04 -3.325556e+04 2.011652e+03 -5.203278e+04 -1.348813e+03 1.106563e+03 1.658180e+04 -3.325503e+04 -2.393352e+03 -9.394602e+02 4.606896e+04 -8.148158e+02 1.658076e+04 -4.006512e+04 9.172039e+02
1.919192e-03 4.383199e+04 2.735113e+03 1.279502e+03 -5.511819e+04 -1.159517e+03 2.186648e+04 -4.803480e+04 1.249848e+03 1.315801e+03 5.511606e+04 -3.375261e+04 1.860167e+03 4.803352e+04 1.286246e+03 -7.882737e+02 -1.682958e+04 1.567973e+03 6.281160e+04 -3.846392e+04 2.063057e+03 -5.474065e+04 -1.534854e+03 1.108222e+03 1.918416e+04 -3.846330e+04 -2.456865e+03 -1.070027e+03 4.836553e+04 -8.075887e+02 1.918296e+04 -4.214964e+04 1.043645e+03
2.121212e-03 5.036371e+04 2.816568e+03 1.444474e+03 -5.820835e+04 -1.154790e+03 2.513296e+04 -5.084171e+04 1.409453e+03 1.486239e+03 5.820728e+04 -3.878249e+04 1.915350e+03 5.083930e+04 1.451323e+03 -7.848496e+02 -1.934347e+04 1.770577e+03 6.633415e+04 -4.419578e+04 2.123220e+03 -5.793919e+04 -1.731414e+03 1.109322e+03 2.204984e+04 -4.419509e+04 -2.531069e+03 -1.208343e+03 5.107730e+04 -7.984419e+02 2.204847e+04 -4.461188e+04 1.177210e+03
2.323232e-03 5.762147e+04 2.911507e+03 1.620310e+03 -6.184872e+04 -1.148075e+03 2.876484e+04 -5.414963e+04 1.579050e+03 1.668169e+03 6.184891e+04 -4.437152e+04 1.979659e+03 5.414586e+04 1.627018e+03 -7.800319e+02 -2.213854e+04 1.986671e+03 7.048392e+04 -5.056481e+04 2.193415e+03 -6.170864e+04 -1.940470e+03 1.109510e+03 2.523606e+04 -5.056402e+04 -2.617473e+03 -1.355888e+03 5.427191e+04 -7.868743e+02 2.523451e+04 -4.751360e+04 1.319238e+03
2.525253e-03 6.576502e+04 3.022056e+03 1.809084e+03 -6.613689e+04 -1.138699e+03 3.284263e+04 -5.804769e+04 1.760509e+03 1.863805e+03 6.613859e+04 -5.064273e+04 2.054531e+03 5.804231e+04 1.815340e+03 -7.733548e+02 -2.527672e+04 2.218840e+03 7.537215e+04 -5.771119e+04 2.275245e+03 -6.615056e+04 -2.164375e+03 1.108318e+03 2.881345e+04 -5.771030e+04 -2.717977e+03 -1.514434e+03 5.803502e+04 -7.722347e+02 2.881169e+04 -5.093298e+04 1.471321e+03
2.727273e-03 7.499431e+04 3.150912e+03 2.013307e+03 -7.119738e+04 -1.125773e+03 3.746711e+04 -6.264961e+04 1.956082e+03 2.075835e+03 7.120088e+04 -5.775010e+04 2.141787e+03 6.264230e+04 2.018719e+03 -7.642019e+02 -2.883555e+04 2.470221e+03 8.114079e+04 -6.581039e+04 2.370747e+03 -7.139453e+04 -2.405969e+03 1.105116e+03 3.287039e+04 -6.580939e+04 -2.834989e+03 -1.686131e+03 6.247587e+04 -7.536689e+02 3.286840e+04 -5.496977e+04 1.635382e+03
2.929293e-03 8.556338e+04 3.301533e+03 2.236070e+03 -7.719059e+04 -1.108105e+03 4.276635e+04 -6.810183e+04 2.168528e+03 2.307579e+03 7.719626e+04 -6.588929e+04 2.243765e+03 6.809221e+04 2.240139e+03 -7.517490e+02 -3.291360e+04 2.744675e+03 8.797270e+04 -7.508535e+04 2.482535e+03 -7.760743e+04 -2.668739e+03 1.099051e+03 3.751925e+04 -7.508423e+04 -2.971588e+03 -1.873627e+03 6.773526e+04 -7.300448e+02 3.751700e+04 -5.975243e+04 1.813778e+03
3.131313e-03 9.780017e+04 3.478405e+03 2.481239e+03 -8.432572e+04 -1.084082e+03 4.890573e+04 -7.459533e+04 2.401281e+03 2.563197e+03 8.433403e+04 -7.531287e+04 2.363493e+03 7.458290e+04 2.483329e+03 -7.348800e+02 -3.763810e+04 3.047042e+03 9.610636e+04 -8.582389e+04 2.614007e+03 -8.500685e+04 -2.957028e+03 1.088955e+03 4.290509e+04 -8.582262e+04 -3.131771e+03 -2.080241e+03 7.399676e+04 -6.998430e+02 4.290254e+04 -6.544846e+04 2.009445e+03
3.333333e-03 1.121355e+05 3.687446e+03 2.753740e+03 -9.287958e+04 -1.051485e+03 5.610250e+04 -8.238264e+04 2.658692e+03 2.848006e+03 9.289110e+04 -8.635260e+04 2.504970e+03 8.236680e+04 2.753029e+03 -7.120612e+02 -4.317622e+04 3.383494e+03 1.058573e+05 -9.840402e+04 2.769647e+03 -9.388057e+04 -3.276353e+03 1.073206e+03 4.921849e+04 -9.840259e+04 -3.320797e+03 -2.310208e+03 8.150330e+04 -6.609920e+02 4.921559e+04 -7.227939e+04 2.226115e+03
3.535354e-03 1.291461e+05 3.936602e+03 3.059976e+03 -1.032248e+05 -1.007211e+03 6.464768e+04 -9.180363e+04 2.946387e+03 3.168940e+03 1.032403e+05 -9.945271e+04 2.673560e+03 9.178360e+04 3.055393e+03 -6.811475e+02 -4.975188e+04 3.762065e+03 1.176505e+05 -1.133320e+05 2.955490e+03 -1.046159e+05 -3.633864e+03 1.049510e+03 5.671471e+04 -1.133304e+05 -3.545722e+03 -2.569045e+03 9.058192e+04 -6.106173e+02 5.671141e+04 -8.054332e+04 2.468621e+03
3.737374e-03 1.496216e+05 4.236787e+03 3.408470e+03 -1.158737e+05 -9.468235e+02 7.493967e+04 -1.033250e+05 3.271818e+03 3.535254e+03 1.158941e+05 -1.152213e+05 2.876634e+03 1.032997e+05 3.398601e+03 -6.390758e+02 -5.767160e+04 4.193465e+03 1.320696e+05 -1.313007e+05 3.179833e+03 -1.177445e+05 -4.039048e+03 1.014559e+03 6.574324e+04 -1.312989e+05 -3.816223e+03 -2.864105e+03 1.016821e+05 -5.446440e+02 6.573945e+04 -9.064959e+04 2.743374e+03
3.939394e-03 1.746708e+05 4.603395e+03 3.810878e+03 -1.315474e+05 -8.638262e+02 8.753801e+04 -1.176033e+05 3.645123e+03 3.959650e+03 1.315740e+05 -1.345124e+05 3.124586e+03 1.175715e+05 3.793833e+03 -5.813609e+02 -6.736594e+04 4.692363e+03 1.499371e+05 -1.532832e+05 3.454397e+03 -1.340146e+05 -4.504844e+03 9.634674e+02 7.679492e+04 -1.532811e+05 -4.145934e+03 -3.205466e+03 1.154368e+05 -4.571461e+02 7.679054e+04 -1.031742e+05 3.059117e+03
4.141414e-03 2.058988e+05 5.058863e+03 4.283672e+03 -1.512925e+05 -7.484069e+02 1.032528e+05 -1.355902e+05 4.080564e+03 4.460136e+03 1.513271e+05 -1.585620e+05 3.432566e+03 1.355500e+05 4.256880e+03 -5.012328e+02 -7.945822e+04 5.279524e+03 1.724461e+05 -1.806882e+05 3.796295e+03 -1.545107e+05 -5.049498e+03 8.887984e+02 9.058036e+04 -1.806857e+05 -4.554696e+03 -3.607397e+03 1.327646e+05 -3.392354e+02 9.057525e+04 -1.189518e+05 3.428176e+03
4.343434e-03 2.457167e+05 5.637238e+03 4.851089e+03 -1.766847e+05 -5.851770e+02 1.233013e+05 -1.587158e+05 4.599041e+03 5.063307e+03 1.767297e+05 -1.892273e+05 3.823563e+03 1.586646e+05 4.810984e+03 -3.880794e+02 -9.488499e+04 5.985553e+03 2.013924e+05 -2.156316e+05 4.231530e+03 -1.808621e+05 -5.699806e+03 7.788076e+02 1.081673e+05 -2.156287e+05 -5.072579e+03 -4.090935e+03 1.550480e+05 -1.770602e+02 1.081613e+05 -1.392367e+05 3.868651e+03
4.545455e-03 2.979208e+05 6.392914e+03 5.550666e+03 -2.102084e+05 -3.488097e+02 1.496000e+05 -1.892305e+05 5.232811e+03 5.810495e+03 2.102675e+05 -2.294319e+05 4.334306e+03 1.891647e+05 5.492180e+03 -2.244444e+02 -1.151208e+05 6.857932e+03 2.396089e+05 -2.614450e+05 4.801713e+03 -2.156334e+05 -6.497231e+03 6.140446e+02 1.312369e+05 -2.614416e+05 -5.747561e+03 -4.688726e+03 1.844677e+05 5.204533e+01 1.312296e+05 -1.660031e+05 4.408544e+03
4.747475e-03 3.688666e+05 7.418890e+03 6.444596e+03 -2.560318e+05 5.126532e+00 1.853577e+05 -2.308989e+05 6.035210e+03 6.770436e+03 2.561102e+05 -2.840706e+05 5.027599e+03 2.308128e+05 6.360314e+03 2.027736e+01 -1.426347e+05 7.975481e+03 2.918468e+05 -3.237060e+05 5.578096e+03 -2.631142e+05 -7.510489e+03 3.602002e+02 1.626038e+05 -3.237019e+05 -6.661570e+03 -5.454968e+03 2.246811e+05 3.876362e+02 1.625949e+05 -2.025529e+05 5.094261e+03
4.949495e-03 4.701447e+05 8.889792e+03 7.646046e+03 -3.217715e+05 5.618251e+02 2.364264e+05 -2.905751e+05 7.103252e+03 8.068667e+03 3.218783e+05 -3.620701e+05 6.021392e+03 2.904594e+05 7.524702e+03 4.047314e+02 -1.819292e+05 9.481896e+03 3.667895e+05 -4.125865e+05 6.694668e+03 -3.311143e+05 -8.864853e+03 -4.881737e+01 2.074015e+05 -4.125813e+05 -7.968268e+03 -6.488476e+03 2.823729e+05 9.052070e+02 2.073901e+05 -2.548981e+05 6.010403e+03
5.151515e-03 6.257973e+05 1.118270e+04 9.391898e+03 -4.232689e+05 1.507988e+03 3.149442e+05 -3.824420e+05 8.640408e+03 9.968896e+03 4.234197e+05 -4.819468e+05 7.570442e+03 3.822801e+05 9.215503e+03 1.057348e+03 -2.423438e+05 1.167854e+04 4.824956e+05 -5.491858e+05 8.441170e+03 -4.357951e+05 -1.082358e+04 -7.583920e+02 2.762774e+05 -5.491789e+05 -9.999125e+03 -7.996462e+03 3.714450e+05 1.769556e+03 2.762621e+05 -3.354792e+05 7.334779e+03
5.353535e-03 8.980394e+05 1.532802e+04 1.231029e+04 -6.016564e+05 3.357443e+03 4.523168e+05 -5.430749e+05 1.118901e+04 1.317269e+04 6.018852e+05 -6.916164e+05 1.037119e+04 5.428313e+05 1.204810e+04 2.331297e+03 -3.480428e+05 1.536605e+04 6.858562e+05 -7.881034e+05 1.161042e+04 -6.188332e+05 -1.408944e+04 -2.169730e+03 3.967805e+05 -7.880934e+05 -1.365918e+04 -1.052924e+04 5.279946e+05 3.432813e+03 3.967582e+05 -4.763778e+05 9.542174e+03
5.555556e-03 1.552876e+06 2.607163e+04 1.921317e+04 -1.033630e+06 8.469332e+03 7.827846e+05 -9.280690e+05 1.719932e+04 2.082944e+04 1.034046e+06 -1.195945e+06 1.763284e+04 9.276283e+05 1.880848e+04 5.846591e+03 -6.023152e+05 2.413487e+04 1.178302e+06 -1.362783e+06 1.985823e+04 -1.057526e+06 -2.184035e+04 -6.127705e+03 6.866671e+05 -1.362765e+06 -2.311441e+04 -1.655321e+04 9.070865e+05 7.966329e+03 6.866262e+05 -8.140732e+05 1.478051e+04
5.757576e-03 -4.141361e+07 -7.971587e+05 -4.587909e+05 2.764280e+07 -3.976947e+05 -2.089358e+07 2.407518e+07 -4.030778e+05 -5.154993e+05 -2.765464e+07 3.189528e+07 -5.392975e+05 -2.406265e+07 -4.594986e+05 -2.728494e+05 1.607625e+07 -5.869521e+05 -3.151214e+07 3.634430e+07 -6.147909e+05 2.743319e+07 5.234109e+05 3.116672e+05 -1.832809e+07 3.634404e+07 6.993082e+05 4.029780e+05 -2.425896e+07 -3.482341e+05 -1.832653e+07 2.111722e+07 -3.539014e+05
5.959596e-03 6.747989e+05 -4.664663e+02 6.081977e+03 -4.232052e+05 -4.643345e+03 3.407978e+05 -4.389355e+05 5.104393e+03 5.826770e+03 4.234099e+05 -5.197064e+05 -3.603186e+02 4.387330e+05 4.850365e+03 -3.112395e+03 -2.622080e+05 7.160318e+03 4.824706e+05 -5.921965e+05 -7.200632e+02 -5.001624e+05 -6.047428e+03 4.225245e+03 2.989282e+05 -5.921980e+05 9.968364e+01 -4.936359e+03 3.713998e+05 -3.396335e+03 2.989352e+05 -3.850264e+05 4.079042e+03
6.161616e-03 -8.750570e+06 -1.200949e+05 -6.933960e+04 5.723008e+06 -7.154381e+04 -4.422875e+06 5.184961e+06 -5.652196e+04 -7.855181e+04 -5.725730e+06 6.739491e+06 -8.102065e+04 -5.182148e+06 -6.567555e+04 -4.921691e+04 3.402947e+06 -8.889948e+04 -6.524349e+06 7.679511e+06 -9.268577e+04 5.908104e+06 7.427087e+04 5.689050e+04 -3.879650e+06 7.679445e+06 1.050299e+05 6.132081e+04 -5.022477e+06 -6.197447e+04 -3.879423e+06 4.547861e+06 -5.004222e+04
6.363636e-03 1.400183e+06 -2.009548e+03 8.678684e+03 -8.717182e+05 -6.154734e+03 7.084375e+05 -8.951304e+05 6.502567e+03 8.273821e+03 8.721775e+05 -1.078398e+06 -1.465884e+03 8.946740e+05 6.100299e+03 -4.081924e+03 -5.450470e+05 1.015718e+04 9.938217e+05 -1.228801e+06 -2.110676e+03 -1.019977e+06 -7.679097e+03 5.574660e+03 6.213903e+05 -1.228803e+06 1.322952e+03 -7.054619e+03 7.650200e+05 -4.478095e+03 6.214006e+05 -7.851652e+05 5.146451e+03
6.565657e-03 -3.656468e+06 -3.931104e+04 -1.716744e+04 2.369197e+06 -3.211457e+04 -1.851687e+06 2.179943e+06 -1.136579e+04 -2.064294e+04 -2.370430e+06 2.816193e+06 -2.643456e+04 -2.178685e+06 -1.481449e+04 -2.209796e+04 1.424612e+06 -2.261166e+04 -2.701022e+06 3.208956e+06 -3.067567e+04 2.483948e+06 1.598671e+04 2.632868e+04 -1.624212e+06 3.208931e+06 3.394478e+04 1.576731e+04 -2.079219e+06 -2.703407e+04 -1.624132e+06 1.912039e+06 -1.066398e+04
6.767677e-03 1.088495e+07 6.278742e+03 3.394079e+04 -6.823055e+06 6.507269e+03 5.518011e+06 -6.794378e+06 1.583433e+04 3.455363e+04 6.826878e+06 -8.383620e+06 3.399249e+03 6.790549e+06 1.644176e+04 5.288076e+03 -4.245198e+06 4.060431e+04 7.778938e+06 -9.552776e+06 3.115683e+03 -7.741887e+06 -1.996707e+04 -4.510250e+03 4.839946e+06 -9.552755e+06 -6.268388e+03 -2.883795e+04 5.987987e+06 7.225417e+03 4.839941e+06 -5.959472e+06 1.294863e+04
6.969697e-03 3.119230e+06 -4.510285e+04 5.906550e+03 -1.850792e+06 -3.949319e+04 1.582908e+06 -2.065128e+06 4.888576e+02 1.754791e+03 1.851923e+06 -2.402453e+06 -3.090185e+04 2.064015e+06 -3.624910e+03 -2.656914e+04 -1.217757e+06 4.381988e+03 2.110176e+06 -2.737475e+06 -3.669258e+04 -2.353122e+06 1.771254e+03 3.320097e+04 1.388332e+06 -2.737488e+06 3.810062e+04 -3.348635e+03 1.624284e+06 -3.173231e+04 1.388427e+06 -1.811405e+06 -1.387937e+03
7.171717e-03 2.743632e+07 -2.072720e+04 -8.071059e+03 -1.721375e+07 6.477697e+04 1.393748e+07 -1.711684e+07 -5.731531e+04 -5.915146e+03 1.722413e+07 -2.113217e+07 -1.650311e+04 1.710645e+07 -5.518125e+04 4.642614e+04 -1.072202e+07 -1.079766e+04 1.962586e+07 -2.407884e+07 -1.624414e+04 -1.950356e+07 6.693352e+04 -5.785384e+04 1.222449e+07 -2.407877e+07 2.075234e+04 3.958032e+03 1.510719e+07 5.189637e+04 1.222447e+07 -1.501308e+07 -4.717844e+04
7.373737e-03 -4.019915e+06 -2.685370e+04 8.791917e+03 2.591671e+06 -4.437182e+04 -2.044220e+06 2.423077e+06 1.620961e+04 5.266370e+03 -2.593227e+06 3.096273e+06 -1.786707e+04 -2.421513e+06 1.272129e+04 -3.051081e+04 1.572582e+06 8.862633e+03 -2.954814e+06 3.528005e+06 -2.216936e+04 2.760924e+06 -1.733686e+04 3.821130e+04 -1.792995e+06 3.527986e+06 2.175539e+04 -5.511634e+03 -2.274522e+06 -3.549534e+04 -1.792923e+06 2.125198e+06 1.203803e+04
7.575758e-03 9.089047e+05 -1.272634e+04 -3.718445e+03 -5.540637e+05 -6.638665e+03 4.627643e+05 -5.998143e+05 -5.504406e+03 -4.687449e+03 5.544308e+05 -7.000824e+05 -8.731882e+03 5.994477e+05 -6.462704e+03 -4.419700e+03 -3.559758e+05 -5.174442e+03 6.317315e+05 -7.976873e+05 -1.004799e+04 -6.834457e+05 7.203919e+03 5.227342e+03 4.058638e+05 -7.976917e+05 1.107030e+04 3.391763e+03 4.862673e+05 -5.634578e+03 4.058833e+05 -5.260955e+05 -4.954297e+03
7.777778e-03 7.595656e+06 2.408040e+04 -4.471616e+04 -4.883028e+06 7.974379e+04 3.871261e+06 -4.651750e+06 -5.985142e+04 -3.956146e+04 4.886181e+06 -5.850620e+06 1.557453e+04 4.648597e+06 -5.475961e+04 5.493029e+04 -2.977914e+06 -5.175010e+04 5.567408e+06 -6.666305e+06 2.206419e+04 -5.300254e+06 6.903120e+04 -7.050337e+04 3.395376e+06 -6.666256e+06 -1.681294e+04 3.410479e+04 4.285542e+06 6.207196e+04 3.395290e+06 -4.079827e+06 -4.741943e+04
7.979798e-03 -2.325661e+06 -2.668840e+04 1.767749e+04 1.530727e+06 -4.576336e+04 -1.186594e+06 1.371518e+06 2.240811e+04 1.405233e+04 -1.531715e+06 1.791377e+06 -1.787213e+04 -1.370535e+06 1.882905e+04 -3.132230e+04 9.127644e+05 1.943880e+04 -1.745255e+06 2.041119e+06 -2.258359e+04 1.562711e+06 -2.485366e+04 3.970570e+04 -1.040744e+06 2.041103e+06 2.120157e+04 -1.287452e+04 -1.343435e+06 -3.614710e+04 -1.040678e+06 1.202853e+06 1.704920e+04
8.181818e-03 1.028541e+06 -1.786815e+03 -1.020617e+04 -6.600012e+05 8.838378e+03 5.254569e+05 -6.456586e+05 -1.242092e+04 -9.861803e+03 6.604529e+05 -7.922660e+05 -1.329098e+03 6.452073e+05 -1.208156e+04 6.116727e+03 -4.041747e+05 -1.225891e+04 7.525228e+05 -9.027081e+05 -8.328388e+02 -7.356630e+05 1.478447e+04 -8.172481e+03 4.608461e+05 -9.027046e+05 2.250128e+03 8.170018e+03 5.792519e+05 6.554191e+03 4.608413e+05 -5.662704e+05 -1.011736e+04
8.383838e-03 2.167834e+06 1.215082e+04 -2.523105e+04 -1.419166e+06 3.629057e+04 1.108744e+06 -1.318789e+06 -2.999786e+04 -2.280566e+04 1.420144e+06 -1.669862e+06 7.992664e+03 1.317819e+06 -2.760735e+04 2.489122e+04 -8.528235e+05 -2.932076e+04 1.618107e+06 -1.902632e+06 1.132122e+04 -1.502614e+06 3.476842e+04 -3.223273e+04 9.724208e+05 -1.902620e+06 -8.448413e+03 1.957453e+04 1.245543e+06 2.797917e+04 9.723812e+05 -1.156602e+06 -2.377812e+04
8.585859e-03 1.072967e+06 4.041810e+03 -1.473852e+04 -7.032188e+05 1.747803e+04 5.494516e+05 -6.599425e+05 -1.718637e+04 -1.366222e+04 7.037158e+05 -8.265093e+05 2.610721e+03 6.594499e+05 -1.612649e+04 1.199603e+04 -4.226139e+05 -1.731930e+04 8.018059e+05 -9.417123e+05 4.152733e+03 -7.519273e+05 2.011518e+04 -1.569473e+04 4.818865e+05 -9.417076e+05 -2.368500e+03 1.158539e+04 6.171902e+05 1.331344e+04 4.818696e+05 -5.787790e+05 -1.374406e+04
8.787879e-03 7.219261e+05 1.928855e+03 -1.144757e+04 -4.746306e+05 1.192065e+04 3.701534e+05 -4.475706e+05 -1.315366e+04 -1.075556e+04 4.749738e+05 -5.561105e+05 1.215553e+03 4.472308e+05 -1.247282e+04 8.183741e+03 -2.846970e+05 -1.353124e+04 5.411763e+05 -6.336188e+05 2.253135e+03 -5.099513e+05 1.547913e+04 -1.079507e+04 3.246311e+05 -6.336161e+05 -8.242055e+02 9.063885e+03 4.165694e+05 8.991904e+03 3.246207e+05 -3.925233e+05 -1.056886e+04
8.989899e-03 5.345465e+05 9.619910e+02 -9.631074e+03 -3.528279e+05 9.046196e+03 2.744289e+05 -3.338211e+05 -1.093873e+04 -9.131595e+03 3.530885e+05 -4.117758e+05 5.803127e+02 3.335633e+05 -1.044775e+04 6.211120e+03 -2.110657e+05 -1.142920e+04 4.022999e+05 -4.691636e+05 1.366248e+03 -3.803456e+05 1.292161e+04 -8.253720e+03 2.406752e+05 -4.691618e+05 -1.388357e+02 7.663506e+03 3.096689e+05 6.762857e+03 2.406681e+05 -2.927622e+05 -8.817455e+03
9.191919e-03 4.167964e+05 4.321904e+02 -8.427610e+03 -2.763419e+05 7.259211e+03 2.142563e+05 -2.621407e+05 -9.482458e+03 -8.044312e+03 2.765501e+05 -3.210749e+05 2.341072e+02 2.619350e+05 -9.106028e+03 4.984506e+03 -1.647813e+05 -1.003030e+04 3.150921e+05 -3.658190e+05 8.685108e+02 -2.986734e+05 1.123372e+04 -6.669594e+03 1.879007e+05 -3.658178e+05 2.228065e+02 6.730560e+03 2.425407e+05 5.381012e+03 1.878954e+05 -2.298969e+05 -7.661840e+03
9.393939e-03 3.361474e+05 1.142507e+02 -7.551842e+03 -2.239614e+05 6.034853e+03 1.730272e+05 -2.129212e+05 -8.431569e+03 -7.245930e+03 2.241334e+05 -2.589521e+05 2.763261e+01 2.127514e+05 -8.131418e+03 4.143978e+03 -1.330685e+05 -9.008481e+03 2.553686e+05 -2.950365e+05 5.611923e+02 -2.425931e+05 1.001170e+04 -5.581469e+03 1.517408e+05 -2.950357e+05 4.297375e+02 6.048323e+03 1.965685e+05 4.436863e+03 1.517369e+05 -1.867304e+05 -6.825386e+03
9.595960e-03 2.777912e+05 -8.689830e+01 -6.876770e+03 -1.860479e+05 5.142788e+03 1.431818e+05 -1.772195e+05 -7.628212e+03 -6.625738e+03 1.861933e+05 -2.140008e+05 -1.020293e+02 1.770761e+05 -7.382141e+03 3.531527e+03 -1.101121e+05 -8.218311e+03 2.121400e+05 -2.438193e+05 3.600153e+02 -2.019150e+05 9.074855e+03 -4.786763e+03 1.255652e+05 -2.438187e+05 5.527997e+02 5.520180e+03 1.632934e+05 3.750810e+03 1.255621e+05 -1.554194e+05 -6.184290e+03
9.797980e-03 2.338932e+05 -2.182318e+02 -6.335670e+03 -1.575095e+05 4.464323e+03 1.207206e+05 -1.502976e+05 -6.989357e+03 -6.125308e+03 1.576348e+05 -1.801864e+05 -1.859115e+02 1.501741e+05 -6.783350e+03 3.065709e+03 -9.283564e+04 -7.583234e+03 1.796006e+05 -2.052915e+05 2.231049e+02 -1.712406e+05 8.327997e+03 -4.180976e+03 1.058659e+05 -2.052911e+05 6.267010e+02 5.095265e+03 1.382464e+05 3.230377e+03 1.058634e+05 -1.318086e+05 -5.673315e+03
1.000000e-02 1.998892e+05 -3.054404e+02 -5.889498e+03 -1.353832e+05 3.931569e+03 1.033135e+05 -1.293915e+05 -6.466447e+03 -5.710283e+03 1.354926e+05 -1.539931e+05 -2.409543e+02 1.292837e+05 -6.291115e+03 2.699929e+03 -7.944678e+04 -7.058349e+03 1.543721e+05 -1.754472e+05 1.274099e+02 -1.474206e+05 7.715350e+03 -3.704276e+03 9.059931e+04 -1.754470e+05 6.702370e+02 4.743742e+03 1.188269e+05 2.822726e+03 9.059732e+04 -1.134737e+05 -5.254247e+03
