-1.000000e-02 3.859323e+03 3.034688e+03 2.402159e+03 -8.278110e+03 -2.292975e+03 -4.716719e+04 -1.135418e+04 1.905036e+03 2.378409e+03 8.217670e+03 -3.001976e+03 2.082319e+03 1.141461e+04 1.877415e+03 -1.579281e+03 3.634530e+04 2.892517e+03 9.438583e+03 -3.400324e+03 2.757747e+03 -1.301273e+04 -2.333958e+03 1.687258e+03 -4.140592e+04 -3.404925e+03 -2.278345e+03 -1.968190e+03 7.207879e+03 -2.124738e+03 -4.140227e+04 -9.960184e+03 1.521771e+03
-9.797980e-03 4.075027e+03 3.134253e+03 2.429000e+03 -8.250865e+03 -2.357768e+03 -4.921457e+04 -1.153307e+04 1.920888e+03 2.404225e+03 8.188996e+03 -3.167880e+03 2.150219e+03 1.159490e+04 1.892174e+03 -1.623534e+03 3.792144e+04 2.924373e+03 9.407704e+03 -3.589410e+03 2.844110e+03 -1.321835e+04 -2.353033e+03 1.738311e+03 -4.320237e+04 -3.594236e+03 -2.356737e+03 -1.989873e+03 7.182558e+03 -2.180980e+03 -4.319856e+04 -1.011700e+04 1.533945e+03
-9.595960e-03 4.302812e+03 3.238679e+03 2.456105e+03 -8.202932e+03 -2.425100e+03 -5.136925e+04 -1.170780e+04 1.936566e+03 2.430251e+03 8.139601e+03 -3.343048e+03 2.221428e+03 1.177105e+04 1.906703e+03 -1.669516e+03 3.958016e+04 2.956518e+03 9.353255e+03 -3.789070e+03 2.934701e+03 -1.341927e+04 -2.371899e+03 1.791364e+03 -4.509296e+04 -3.794133e+03 -2.438936e+03 -2.011750e+03 7.139050e+03 -2.239420e+03 -4.508898e+04 -1.027016e+04 1.545927e+03
-9.393939e-03 4.543351e+03 3.348263e+03 2.483445e+03 -8.131572e+03 -2.495077e+03 -5.363695e+04 -1.187714e+04 1.952025e+03 2.456454e+03 8.066744e+03 -3.527994e+03 2.296146e+03 1.194184e+04 1.920954e+03 -1.717299e+03 4.132584e+04 2.988917e+03 9.272113e+03 -3.999889e+03 3.029777e+03 -1.361408e+04 -2.390500e+03 1.846498e+03 -4.708270e+04 -4.005203e+03 -2.525175e+03 -2.033793e+03 7.074952e+03 -2.300151e+03 -4.707854e+04 -1.041858e+04 1.557677e+03
-9.191919e-03 4.797338e+03 3.463322e+03 2.510986e+03 -8.033722e+03 -2.567808e+03 -5.602357e+04 -1.203969e+04 1.967213e+03 2.482799e+03 7.967364e+03 -3.723249e+03 2.374590e+03 1.210586e+04 1.934871e+03 -1.766956e+03 4.316304e+04 3.021525e+03 9.160790e+03 -4.222477e+03 3.129616e+03 -1.380120e+04 -2.408773e+03 1.903801e+03 -4.917676e+04 -4.228056e+03 -2.615701e+03 -2.055976e+03 6.987577e+03 -2.363265e+03 -4.917241e+04 -1.056105e+04 1.569149e+03
-8.989899e-03 5.065492e+03 3.584195e+03 2.538689e+03 -7.905966e+03 -2.643404e+03 -5.853517e+04 -1.219386e+04 1.982074e+03 2.509241e+03 7.838046e+03 -3.929365e+03 2.456988e+03 1.226154e+04 1.948394e+03 -1.818562e+03 4.509642e+04 3.054295e+03 9.015388e+03 -4.457460e+03 3.234513e+03 -1.397880e+04 -2.426648e+03 1.963360e+03 -5.138047e+04 -4.463320e+03 -2.710776e+03 -2.078262e+03 6.873928e+03 -2.428858e+03 -5.137592e+04 -1.069616e+04 1.580294e+03
-8.787879e-03 5.348550e+03 3.711245e+03 2.566509e+03 -7.744488e+03 -2.721978e+03 -6.117795e+04 -1.233785e+04 1.996543e+03 2.535733e+03 7.674976e+03 -4.146904e+03 2.543588e+03 1.240706e+04 1.961456e+03 -1.872193e+03 4.713075e+04 3.087170e+03 8.831561e+03 -4.705484e+03 3.344785e+03 -1.414484e+04 -2.444048e+03 2.025262e+03 -5.369925e+04 -4.711639e+03 -2.810683e+03 -2.100614e+03 6.730659e+03 -2.497027e+03 -5.369449e+04 -1.082233e+04 1.591057e+03
-8.585859e-03 5.647264e+03 3.844861e+03 2.594392e+03 -7.545033e+03 -2.803644e+03 -6.395820e+04 -1.246964e+04 2.010553e+03 2.562219e+03 7.473900e+03 -4.376441e+03 2.634651e+03 1.254039e+04 1.973986e+03 -1.927926e+03 4.927085e+04 3.120083e+03 8.604458e+03 -4.967205e+03 3.460772e+03 -1.429698e+04 -2.460891e+03 2.089600e+03 -5.613863e+04 -4.973673e+03 -2.915724e+03 -2.122987e+03 6.554039e+03 -2.567871e+03 -5.613365e+04 -1.093779e+04 1.601380e+03
-8.383838e-03 5.962393e+03 3.985457e+03 2.622280e+03 -7.302859e+03 -2.888521e+03 -6.688222e+04 -1.258691e+04 2.024028e+03 2.588635e+03 7.230079e+03 -4.618558e+03 2.730461e+03 1.265922e+04 1.985903e+03 -1.985840e+03 5.152160e+04 3.152962e+03 8.328676e+03 -5.243287e+03 3.582836e+03 -1.443262e+04 -2.477082e+03 2.156464e+03 -5.870414e+04 -5.250085e+03 -3.026222e+03 -2.145329e+03 6.339908e+03 -2.641489e+03 -5.869892e+04 -1.104051e+04 1.611197e+03
-8.181818e-03 6.294698e+03 4.133479e+03 2.650102e+03 -7.012685e+03 -2.976724e+03 -6.995629e+04 -1.268707e+04 2.036883e+03 2.614908e+03 6.938234e+03 -4.873836e+03 2.831317e+03 1.276096e+04 1.997122e+03 -2.046013e+03 5.388780e+04 3.185719e+03 7.998193e+03 -5.534395e+03 3.711366e+03 -1.454877e+04 -2.492521e+03 2.225946e+03 -6.140128e+04 -5.541542e+03 -3.142521e+03 -2.167582e+03 6.083636e+03 -2.717982e+03 -6.139581e+04 -1.112821e+04 1.620437e+03
-7.979798e-03 6.644930e+03 4.289400e+03 2.677781e+03 -6.668632e+03 -3.068369e+03 -7.318654e+04 -1.276720e+04 2.049028e+03 2.640957e+03 6.592491e+03 -5.142849e+03 2.937542e+03 1.284268e+04 2.007546e+03 -2.108523e+03 5.637418e+04 3.218260e+03 7.606312e+03 -5.841185e+03 3.846775e+03 -1.464212e+04 -2.507095e+03 2.298138e+03 -6.423543e+04 -5.848699e+03 -3.264989e+03 -2.189680e+03 5.780068e+03 -2.797449e+03 -6.422969e+04 -1.119834e+04 1.629023e+03
-7.777778e-03 7.013819e+03 4.453729e+03 2.705228e+03 -6.264168e+03 -3.163573e+03 -7.657886e+04 -1.282403e+04 2.060363e+03 2.666689e+03 6.186321e+03 -5.426154e+03 3.049479e+03 1.290110e+04 2.017074e+03 -2.173446e+03 5.898527e+04 3.250473e+03 7.145585e+03 -6.164293e+03 3.989508e+03 -1.470891e+04 -2.520685e+03 2.373130e+03 -6.721174e+04 -6.172196e+03 -3.394021e+03 -2.211547e+03 5.423477e+03 -2.879987e+03 -6.720573e+04 -1.124802e+04 1.636871e+03
-7.575758e-03 7.402056e+03 4.627007e+03 2.732340e+03 -5.792038e+03 -3.262447e+03 -8.013871e+04 -1.285388e+04 2.070780e+03 2.692000e+03 5.712475e+03 -5.724280e+03 3.167495e+03 1.293254e+04 2.025593e+03 -2.240857e+03 6.172527e+04 3.282235e+03 6.607744e+03 -6.504325e+03 4.140038e+03 -1.474496e+04 -2.533155e+03 2.451011e+03 -7.033503e+04 -6.512637e+03 -3.530035e+03 -2.233099e+03 5.007502e+03 -2.965693e+03 -7.032873e+04 -1.127402e+04 1.643888e+03
-7.373737e-03 7.810277e+03 4.809812e+03 2.759002e+03 -5.244201e+03 -3.365100e+03 -8.387103e+04 -1.285264e+04 2.080159e+03 2.716771e+03 5.162916e+03 -6.037712e+03 3.291981e+03 1.293288e+04 2.032981e+03 -2.310828e+03 6.459798e+04 3.313404e+03 5.983623e+03 -6.861836e+03 4.298871e+03 -1.474557e+04 -2.544363e+03 2.531865e+03 -7.360961e+04 -6.870578e+03 -3.673478e+03 -2.254239e+03 4.525093e+03 -3.054658e+03 -7.360300e+04 -1.127274e+04 1.649976e+03
-7.171717e-03 8.239040e+03 5.002760e+03 2.785085e+03 -4.611753e+03 -3.471636e+03 -8.777995e+04 -1.281573e+04 2.088372e+03 2.740868e+03 4.528748e+03 -6.366873e+03 3.423354e+03 1.289753e+04 2.039107e+03 -2.383427e+03 6.760656e+04 3.343822e+03 5.263075e+03 -7.237311e+03 4.466546e+03 -1.470550e+04 -2.554150e+03 2.615775e+03 -7.703911e+04 -7.246506e+03 -3.824828e+03 -2.274859e+03 3.968445e+03 -3.146969e+03 -7.703217e+04 -1.124017e+04 1.655026e+03
-6.969697e-03 8.688794e+03 5.206506e+03 2.810441e+03 -3.884859e+03 -3.582149e+03 -9.186857e+04 -1.273806e+04 2.095279e+03 2.764143e+03 3.800144e+03 -6.712106e+03 3.562056e+03 1.282138e+04 2.043829e+03 -2.458716e+03 7.075341e+04 3.373309e+03 4.434888e+03 -7.631141e+03 4.643635e+03 -1.461894e+04 -2.562346e+03 2.702813e+03 -8.062624e+04 -7.640813e+03 -3.984591e+03 -2.294836e+03 3.328934e+03 -3.242706e+03 -8.061896e+04 -1.117182e+04 1.658925e+03
-6.767677e-03 9.159848e+03 5.421746e+03 2.834903e+03 -3.052675e+03 -3.696726e+03 -9.613865e+04 -1.261396e+04 2.100730e+03 2.786427e+03 2.966269e+03 -7.073644e+03 3.708558e+03 1.269878e+04 2.046995e+03 -2.536750e+03 7.403988e+04 3.401663e+03 3.486703e+03 -8.043595e+03 4.830749e+03 -1.447942e+04 -2.568767e+03 2.793049e+03 -8.437255e+04 -8.053767e+03 -4.153304e+03 -2.314031e+03 2.597057e+03 -3.341940e+03 -8.436491e+04 -1.106274e+04 1.661546e+03
-6.565657e-03 9.652328e+03 5.649217e+03 2.858285e+03 -2.103277e+03 -3.815439e+03 -1.005902e+05 -1.243718e+04 2.104560e+03 2.807533e+03 2.015210e+03 -7.451579e+03 3.863359e+03 1.252344e+04 2.048439e+03 -2.617577e+03 7.746599e+04 3.428657e+03 2.404929e+03 -8.474781e+03 5.028534e+03 -1.427982e+04 -2.573213e+03 2.886538e+03 -8.827807e+04 -8.485477e+03 -4.331535e+03 -2.332291e+03 1.762360e+03 -3.444731e+03 -8.827006e+04 -1.090745e+04 1.662756e+03
-6.363636e-03 1.016613e+04 5.889699e+03 2.880376e+03 -1.023593e+03 -3.938346e+03 -1.052212e+05 -1.220084e+04 2.106596e+03 2.827249e+03 9.339067e+02 -7.845830e+03 4.026985e+03 1.228848e+04 2.047988e+03 -2.701231e+03 8.103012e+04 3.454037e+03 1.174666e+03 -8.924607e+03 5.237671e+03 -1.401225e+04 -2.575469e+03 2.983327e+03 -9.234096e+04 -8.935851e+03 -4.519887e+03 -2.349442e+03 8.133856e+02 -3.551125e+03 -9.233256e+04 -1.069989e+04 1.662414e+03
-6.161616e-03 1.070087e+04 6.144011e+03 2.900939e+03 2.006553e+02 -4.065487e+03 -1.100269e+05 -1.189740e+04 2.106648e+03 2.845340e+03 -2.919073e+02 -8.256092e+03 4.199989e+03 1.198633e+04 2.045455e+03 -2.787735e+03 8.472863e+04 3.477517e+03 -2.203613e+02 -9.392730e+03 5.458880e+03 -1.366810e+04 -2.575307e+03 3.083445e+03 -9.655705e+04 -9.404545e+03 -4.718990e+03 -2.365289e+03 -2.623817e+02 -3.661152e+03 -9.654825e+04 -1.043346e+04 1.660367e+03
-5.959596e-03 1.125580e+04 6.413013e+03 2.919709e+03 1.585003e+03 -4.196878e+03 -1.149992e+05 -1.151860e+04 2.104516e+03 2.861543e+03 -1.677751e+03 -8.681794e+03 4.382952e+03 1.160873e+04 2.040642e+03 -2.877097e+03 8.855534e+04 3.498777e+03 -1.797860e+03 -9.878497e+03 5.692914e+03 -1.323795e+04 -2.572480e+03 3.186905e+03 -1.009193e+05 -9.890908e+03 -4.929506e+03 -2.379615e+03 -1.478558e+03 -3.774823e+03 -1.009101e+05 -1.010093e+04 1.656455e+03
-5.757576e-03 1.182975e+04 6.697601e+03 2.936389e+03 3.146267e+03 -4.332510e+03 -1.201262e+05 -1.105552e+04 2.099987e+03 2.875566e+03 -3.240424e+03 -9.122030e+03 4.576479e+03 1.114672e+04 2.033340e+03 -2.969305e+03 9.250105e+04 3.517462e+03 -3.576998e+03 -1.038088e+04 5.940562e+03 -1.271159e+04 -2.566728e+03 3.293700e+03 -1.054173e+05 -1.039391e+04 -5.152125e+03 -2.392176e+03 -2.849881e+03 -3.892122e+03 -1.054076e+05 -9.694442e+03 1.650508e+03
-5.555556e-03 1.242104e+04 6.998704e+03 2.950646e+03 4.902543e+03 -4.472341e+03 -1.253913e+05 -1.049852e+04 2.092834e+03 2.887083e+03 -4.998005e+03 -9.575500e+03 4.781197e+03 1.059065e+04 2.023331e+03 -3.064325e+03 9.655292e+04 3.533172e+03 -5.578402e+03 -1.089840e+04 6.202637e+03 -1.207802e+04 -2.557772e+03 3.403796e+03 -1.100363e+05 -1.091207e+04 -5.387559e+03 -2.402703e+03 -4.392211e+03 -4.013010e+03 -1.100262e+05 -9.205557e+03 1.642349e+03
-5.353535e-03 1.302734e+04 7.317276e+03 2.962110e+03 6.873167e+03 -4.616295e+03 -1.307720e+05 -9.837284e+03 2.082818e+03 2.895733e+03 -6.969808e+03 -1.004043e+04 4.997748e+03 9.930187e+03 2.010385e+03 -3.162101e+03 1.006938e+05 3.545464e+03 -7.824113e+03 -1.142903e+04 6.479978e+03 -1.132546e+04 -2.545322e+03 3.517133e+03 -1.147568e+05 -1.144335e+04 -5.636542e+03 -2.410893e+03 -6.122495e+03 -4.137414e+03 -1.147462e+05 -8.625233e+03 1.631793e+03
-5.151515e-03 1.364563e+04 7.654284e+03 2.970366e+03 9.078626e+03 -4.764253e+03 -1.362394e+05 -9.060911e+03 2.069689e+03 2.901115e+03 -9.176300e+03 -1.051446e+04 5.226784e+03 9.154394e+03 1.994267e+03 -3.262543e+03 1.049012e+05 3.553847e+03 -1.033748e+04 -1.197009e+04 6.773436e+03 -1.044143e+04 -2.529069e+03 3.633617e+03 -1.195533e+05 -1.198509e+04 -5.899813e+03 -2.416412e+03 -8.058686e+03 -4.265223e+03 -1.195422e+05 -7.943897e+03 1.618648e+03
-4.949495e-03 1.427198e+04 8.010698e+03 2.974957e+03 1.154040e+04 -4.916048e+03 -1.417567e+05 -8.157967e+03 2.053184e+03 2.902787e+03 -1.163893e+04 -1.099461e+04 5.468960e+03 8.251811e+03 1.974731e+03 -3.365534e+03 1.091470e+05 3.557772e+03 -1.314299e+04 -1.251818e+04 7.083863e+03 -9.412886e+03 -2.508693e+03 3.753116e+03 -1.243935e+05 -1.253386e+04 -6.178115e+03 -2.418889e+03 -1.021960e+04 -4.396288e+03 -1.243819e+05 -7.151522e+03 1.602718e+03
-4.747475e-03 1.490149e+04 8.387469e+03 2.975372e+03 1.428070e+04 -5.071461e+03 -1.472779e+05 -7.116647e+03 2.033034e+03 2.900260e+03 -1.437990e+04 -1.147710e+04 5.724915e+03 7.210604e+03 1.951531e+03 -3.470917e+03 1.133956e+05 3.556636e+03 -1.626597e+04 -1.306897e+04 7.412099e+03 -8.226324e+03 -2.483863e+03 3.875457e+03 -1.292371e+05 -1.308535e+04 -6.472175e+03 -2.417914e+03 -1.262472e+04 -4.530410e+03 -1.292250e+05 -6.237751e+03 1.583801e+03
-4.545455e-03 1.552810e+04 8.785507e+03 2.971048e+03 1.732215e+04 -5.230212e+03 -1.527468e+05 -5.924973e+03 2.008957e+03 2.892998e+03 -1.742179e+04 -1.195727e+04 5.995261e+03 6.018766e+03 1.924414e+03 -3.578494e+03 1.176040e+05 3.549772e+03 -1.973218e+04 -1.361717e+04 7.758945e+03 -6.868058e+03 -2.454237e+03 4.000419e+03 -1.340347e+05 -1.363425e+04 -6.782686e+03 -2.413034e+03 -1.529385e+04 -4.667340e+03 -1.340221e+05 -5.192081e+03 1.561697e+03
-4.343434e-03 1.614444e+04 9.205647e+03 2.961362e+03 2.068725e+04 -5.391954e+03 -1.580952e+05 -4.571073e+03 1.980670e+03 2.880411e+03 -2.078709e+04 -1.242946e+04 6.280559e+03 4.664392e+03 1.893130e+03 -3.688024e+03 1.217195e+05 3.536446e+03 -2.356730e+04 -1.415632e+04 8.125139e+03 -5.324516e+03 -2.419464e+03 4.127731e+03 -1.387266e+05 -1.417408e+04 -7.110282e+03 -2.403753e+03 -1.824673e+04 -4.806770e+03 -1.387135e+05 -4.004095e+03 1.536204e+03
-4.141414e-03 1.674165e+04 9.648608e+03 2.945634e+03 2.439776e+04 -5.556270e+03 -1.632419e+05 -3.043535e+03 1.947882e+03 2.861857e+03 -2.449752e+04 -1.288687e+04 6.581292e+03 3.136039e+03 1.857433e+03 -3.799213e+03 1.256796e+05 3.515855e+03 -2.779612e+04 -1.467867e+04 8.511319e+03 -3.582654e+03 -2.379191e+03 4.257062e+03 -1.432414e+05 -1.469711e+04 -7.455506e+03 -2.389525e+03 -2.150240e+04 -4.948329e+03 -1.432279e+05 -2.663785e+03 1.507124e+03
-3.939394e-03 1.730928e+04 1.011494e+04 2.923115e+03 2.847384e+04 -5.722660e+03 -1.680909e+05 -1.331872e+03 1.910305e+03 2.836639e+03 -2.857320e+04 -1.332148e+04 6.897829e+03 1.423187e+03 1.817083e+03 -3.911717e+03 1.294104e+05 3.487123e+03 -3.244161e+04 -1.517505e+04 8.917977e+03 -1.630477e+03 -2.333064e+03 4.388020e+03 -1.474949e+05 -1.519414e+04 -7.818773e+03 -2.369758e+03 -2.507852e+04 -5.091580e+03 -1.474810e+05 -1.161950e+03 1.474266e+03
-3.737374e-03 1.783508e+04 1.060497e+04 2.892996e+03 3.293292e+04 -5.890544e+03 -1.725304e+05 5.729104e+02 1.867651e+03 2.804001e+03 -3.303157e+04 -1.372388e+04 7.230382e+03 -4.831840e+02 1.771853e+03 -4.025135e+03 1.328261e+05 3.449300e+03 -3.752366e+04 -1.563476e+04 9.345402e+03 5.422991e+02 -2.280732e+03 4.520149e+03 -1.513892e+05 -1.565445e+04 -8.200314e+03 -2.343809e+03 -2.899038e+04 -5.236011e+03 -1.513748e+05 5.092966e+02 1.437449e+03
-3.535354e-03 1.830496e+04 1.111870e+04 2.854399e+03 3.778844e+04 -6.059252e+03 -1.764320e+05 2.677608e+03 1.819639e+03 2.763134e+03 -3.788601e+04 -1.408326e+04 7.578952e+03 -2.589898e+03 1.721531e+03 -4.139006e+03 1.358276e+05 3.401362e+03 -4.305757e+04 -1.604544e+04 9.793613e+03 2.943454e+03 -2.221851e+03 4.652922e+03 -1.548115e+05 -1.606568e+04 -8.600121e+03 -2.310985e+03 -3.324974e+04 -5.381037e+03 -1.547967e+05 2.355916e+03 1.396504e+03
-3.333333e-03 1.870289e+04 1.165573e+04 2.806386e+03 4.304813e+04 -6.228021e+03 -1.796500e+05 4.985996e+03 1.765997e+03 2.713176e+03 -4.314426e+04 -1.438731e+04 7.943261e+03 -4.900750e+03 1.665929e+03 -4.252808e+03 1.383029e+05 3.342217e+03 -4.905217e+04 -1.639306e+04 1.026227e+04 5.577317e+03 -2.156092e+03 4.785739e+03 -1.576340e+05 -1.641378e+04 -9.017867e+03 -2.270549e+03 -3.786336e+04 -5.525993e+03 -1.576189e+05 4.381218e+03 1.351282e+03
-3.131313e-03 1.901094e+04 1.221514e+04 2.747962e+03 4.871213e+04 -6.395997e+03 -1.820217e+05 7.497866e+03 1.706470e+03 2.653219e+03 -4.880642e+04 -1.462227e+04 8.322679e+03 -7.415544e+03 1.604881e+03 -4.365957e+03 1.401266e+05 3.270711e+03 -5.550761e+04 -1.666192e+04 1.075056e+04 8.443666e+03 -2.083144e+03 4.917929e+03 -1.597139e+05 -1.668304e+04 -9.452818e+03 -2.221721e+03 -4.283135e+04 -5.670137e+03 -1.596985e+05 6.585018e+03 1.301653e+03
-2.929293e-03 1.920939e+04 1.279533e+04 2.678090e+03 5.477072e+04 -6.562230e+03 -1.833685e+05 1.020795e+04 1.640823e+03 2.582325e+03 -5.486280e+04 -1.477302e+04 8.716127e+03 -1.012902e+04 1.538256e+03 -4.477810e+03 1.411615e+05 3.185641e+03 -6.241283e+04 -1.683478e+04 1.125713e+04 1.153650e+04 -2.002723e+03 5.048746e+03 -1.608946e+05 -1.685616e+04 -9.903733e+03 -2.163687e+03 -4.814518e+04 -5.812646e+03 -1.608790e+05 8.962692e+03 1.247512e+03
-2.727273e-03 1.927701e+04 1.339391e+04 2.595702e+03 6.120186e+04 -6.725682e+03 -1.834984e+05 1.310475e+04 1.568846e+03 2.499532e+03 -6.129133e+04 -1.482327e+04 9.121981e+03 -1.302966e+04 1.465956e+03 -4.587665e+03 1.412598e+05 3.085778e+03 -6.974268e+04 -1.689303e+04 1.177987e+04 1.484271e+04 -1.914579e+03 5.177374e+03 -1.610076e+05 -1.691455e+04 -1.036874e+04 -2.095620e+03 -5.378551e+04 -5.952626e+03 -1.609920e+05 1.150415e+04 1.188785e+03
-2.525253e-03 1.919151e+04 1.400752e+04 2.499731e+03 6.796847e+04 -6.885229e+03 -1.822102e+05 1.616934e+04 1.490365e+03 2.403887e+03 -6.805498e+04 -1.475590e+04 9.537954e+03 -1.609853e+04 1.387927e+03 -4.694765e+03 1.402664e+05 2.969893e+03 -7.745494e+04 -1.681717e+04 1.231585e+04 1.834071e+04 -1.818503e+03 5.302931e+03 -1.598764e+05 -1.683866e+04 -1.084523e+04 -2.016689e+03 -5.971984e+04 -6.089112e+03 -1.598607e+05 1.419280e+04 1.125429e+03
-2.323232e-03 1.893017e+04 1.463162e+04 2.389142e+03 7.501580e+04 -7.039675e+03 -1.792988e+05 1.937422e+04 1.405244e+03 2.294477e+03 -7.509900e+04 -1.455348e+04 9.960986e+03 -1.930808e+04 1.304159e+03 -4.798309e+03 1.380237e+05 2.836801e+03 -8.548717e+04 -1.658730e+04 1.286113e+04 2.199907e+04 -1.714340e+03 5.424475e+03 -1.573211e+05 -1.660856e+04 -1.132968e+04 -1.926096e+03 -6.590014e+04 -6.221081e+03 -1.573056e+05 1.700450e+04 1.057439e+03
-2.121212e-03 1.847076e+04 1.526040e+04 2.262980e+03 8.226888e+04 -7.187756e+03 -1.745644e+05 2.268227e+04 1.313400e+03 2.170464e+03 -8.234849e+04 -1.419898e+04 1.038713e+04 -2.262113e+04 1.214695e+03 -4.897457e+03 1.343778e+05 2.685414e+03 -9.375395e+04 -1.618399e+04 1.341060e+04 2.577545e+04 -1.601997e+03 5.541016e+03 -1.531662e+05 -1.620480e+04 -1.181758e+04 -1.823108e+03 -7.226069e+04 -6.347459e+03 -1.531511e+05 1.990670e+04 9.848493e+02
-1.919192e-03 1.779274e+04 1.588660e+04 2.120428e+03 8.963062e+04 -7.328166e+03 -1.678222e+05 2.604612e+04 1.214816e+03 2.031148e+03 -8.970641e+04 -1.367661e+04 1.081148e+04 -2.599022e+04 1.119636e+03 -4.991343e+03 1.291866e+05 2.514808e+03 -1.021446e+05 -1.558924e+04 1.395793e+04 2.961572e+04 -1.481462e+03 5.651524e+03 -1.472499e+05 -1.560935e+04 -1.230332e+04 -1.707104e+03 -7.871635e+04 -6.467140e+03 -1.472353e+05 2.285782e+04 9.077414e+02
-1.717172e-03 1.687867e+04 1.650145e+04 1.960883e+03 9.698073e+04 -7.459569e+03 -1.589162e+05 2.940785e+04 1.109546e+03 1.876025e+03 -9.705258e+04 -1.297303e+04 1.122810e+04 -2.935734e+04 1.019144e+03 -5.079088e+03 1.223299e+05 2.324310e+03 -1.105220e+05 -1.478779e+04 1.449543e+04 3.345377e+04 -1.352817e+03 5.754952e+03 -1.394350e+05 -1.480693e+04 -1.278011e+04 -1.577630e+03 -8.516167e+04 -6.579002e+03 -1.394211e+05 2.580707e+04 8.262451e+02
-1.515152e-03 1.571590e+04 1.709469e+04 1.784033e+03 1.041763e+05 -7.580630e+03 -1.477337e+05 3.269958e+04 9.977424e+02 1.704862e+03 -1.042441e+05 -1.207850e+04 1.163003e+04 -3.265446e+04 9.134504e+02 -5.159818e+03 1.137210e+05 2.113587e+03 -1.187233e+05 -1.376858e+04 1.501412e+04 3.721205e+04 -1.216256e+03 5.850245e+03 -1.296229e+05 -1.378646e+04 -1.324001e+04 -1.434466e+03 -9.147133e+04 -6.681928e+03 -1.296099e+05 2.869490e+04 7.405458e+02
-1.313131e-03 1.429832e+04 1.765472e+04 1.589953e+03 1.110540e+05 -7.690036e+03 -1.342217e+05 3.584477e+04 8.796657e+02 1.517778e+03 -1.111180e+05 -1.098838e+04 1.200944e+04 -3.580490e+04 8.028638e+02 -5.232682e+03 1.033192e+05 1.882753e+03 -1.265623e+05 -1.252627e+04 1.550386e+04 4.080314e+04 -1.072109e+03 5.936373e+03 -1.177670e+05 -1.254258e+04 -1.367406e+04 -1.277691e+03 -9.750221e+04 -6.774829e+03 -1.177551e+05 3.145415e+04 6.508893e+02
-1.111111e-03 1.262817e+04 1.816894e+04 1.379188e+03 1.174353e+05 -7.786532e+03 -1.184027e+05 3.876068e+04 7.557049e+02 1.315320e+03 -1.174956e+05 -9.704368e+03 1.235778e+04 -3.872575e+04 6.877743e+02 -5.296868e+03 9.114181e+04 1.632470e+03 -1.338356e+05 -1.106281e+04 1.595360e+04 4.413256e+04 -9.208570e+02 6.012345e+03 -1.038871e+05 -1.107726e+04 -1.407251e+04 -1.107756e+03 -1.030977e+05 -6.856671e+03 -1.038766e+05 3.401224e+04 5.575881e+02
-9.090909e-04 1.071748e+04 1.862422e+04 1.152830e+03 1.231339e+05 -7.868952e+03 -1.003885e+05 4.136192e+04 6.263920e+02 1.098529e+03 -1.231908e+05 -8.235714e+03 1.266619e+04 -4.133147e+04 5.686598e+02 -5.351630e+03 7.727479e+04 1.364031e+03 -1.403306e+05 -9.388756e+03 1.635183e+04 4.710276e+04 -7.631540e+02 6.077241e+03 -8.808111e+04 -9.401050e+03 -1.442524e+04 -9.255385e+02 -1.080945e+05 -6.926497e+03 -8.807221e+04 3.629428e+04 4.610258e+02
-7.070707e-04 8.589069e+03 1.900763e+04 9.125690e+02 1.279655e+05 -7.936255e+03 -8.038848e+04 4.356503e+04 4.924116e+02 8.689851e+02 -1.280195e+05 -6.599945e+03 1.292590e+04 -4.353842e+04 4.460881e+02 -5.396303e+03 6.187940e+04 1.079418e+03 -1.458376e+05 -7.524089e+03 1.668723e+04 4.961842e+04 -5.998331e+02 6.130239e+03 -7.053293e+04 -7.533962e+03 -1.472223e+04 -7.323792e+02 -1.123311e+05 -6.983460e+03 -7.052578e+04 3.822704e+04 3.616596e+02
-5.050505e-04 6.276767e+03 1.930724e+04 6.606960e+02 1.317608e+05 -7.987555e+03 -5.871190e+04 4.529378e+04 3.546007e+02 6.288067e+02 -1.318125e+05 -4.823024e+03 1.312884e+04 -4.527020e+04 3.207149e+02 -5.430327e+03 4.519363e+04 7.813068e+02 -1.501634e+05 -5.498422e+03 1.694935e+04 5.159245e+04 -4.319077e+02 6.170638e+03 -5.151381e+04 -5.505649e+03 -1.495430e+04 -5.300901e+02 -1.156589e+05 -7.026844e+03 -5.150858e+04 3.974364e+04 2.600190e+02
-3.030303e-04 3.824575e+03 1.951307e+04 4.000620e+02 1.343774e+05 -8.022156e+03 -3.576033e+04 4.648468e+04 2.139368e+02 3.806147e+02 -1.344276e+05 -2.938728e+03 1.326826e+04 -4.646319e+04 1.932751e+02 -5.453261e+03 2.752655e+04 4.730166e+02 -1.531458e+05 -3.350282e+03 1.712943e+04 5.295232e+04 -2.605562e+02 6.197889e+03 -3.137608e+04 -3.354690e+03 -1.511370e+04 -3.209165e+02 -1.179533e+05 -7.056089e+03 -3.137289e+04 4.078839e+04 1.566993e+02
-1.010101e-04 1.284800e+03 1.961789e+04 1.339718e+02 1.357127e+05 -8.039579e+03 -1.201070e+04 4.709207e+04 7.151091e+01 1.274359e+02 -1.357621e+05 -9.872070e+02 1.333925e+04 -4.707166e+04 6.456749e+01 -5.464806e+03 9.245239e+03 1.583896e+02 -1.546677e+05 -1.125465e+03 1.722114e+04 5.364591e+04 -8.709036e+01 6.211611e+03 -1.053817e+04 -1.126947e+03 -1.519487e+04 -1.074573e+02 -1.191241e+05 -7.070809e+03 -1.053710e+04 4.132125e+04 5.234895e+01
1.010101e-04 -1.284800e+03 1.961789e+04 -1.339718e+02 1.357127e+05 -8.039579e+03 1.201070e+04 4.709207e+04 -7.151091e+01 -1.274359e+02 -1.357621e+05 9.872070e+02 1.333925e+04 -4.707166e+04 -6.456749e+01 -5.464806e+03 -9.245239e+03 -1.583896e+02 -1.546677e+05 1.125465e+03 1.722114e+04 5.364591e+04 8.709036e+01 6.211611e+03 1.053817e+04 1.126947e+03 -1.519487e+04 1.074573e+02 -1.191241e+05 -7.070809e+03 1.053710e+04 4.132125e+04 -5.234895e+01
3.030303e-04 -3.824575e+03 1.951307e+04 -4.000620e+02 1.343774e+05 -8.022156e+03 3.576033e+04 4.648468e+04 -2.139368e+02 -3.806147e+02 -1.344276e+05 2.938728e+03 1.326826e+04 -4.646319e+04 -1.932751e+02 -5.453261e+03 -2.752655e+04 -4.730166e+02 -1.531458e+05 3.350282e+03 1.712943e+04 5.295232e+04 2.605562e+02 6.197889e+03 3.137608e+04 3.354690e+03 -1.511370e+04 3.209165e+02 -1.179533e+05 -7.056089e+03 3.137289e+04 4.078839e+04 -1.566993e+02
5.050505e-04 -6.276767e+03 1.930724e+04 -6.606960e+02 1.317608e+05 -7.987555e+03 5.871190e+04 4.529378e+04 -3.546007e+02 -6.288067e+02 -1.318125e+05 4.823024e+03 1.312884e+04 -4.527020e+04 -3.207149e+02 -5.430327e+03 -4.519363e+04 -7.813068e+02 -1.501634e+05 5.498422e+03 1.694935e+04 5.159245e+04 4.319077e+02 6.170638e+03 5.151381e+04 5.505649e+03 -1.495430e+04 5.300901e+02 -1.156589e+05 -7.026844e+03 5.150858e+04 3.974364e+04 -2.600190e+02
7.070707e-04 -8.589069e+03 1.900763e+04 -9.125690e+02 1.279655e+05 -7.936255e+03 8.038848e+04 4.356503e+04 -4.924116e+02 -8.689851e+02 -1.280195e+05 6.599945e+03 1.292590e+04 -4.353842e+04 -4.460881e+02 -5.396303e+03 -6.187940e+04 -1.079418e+03 -1.458376e+05 7.524089e+03 1.668723e+04 4.961842e+04 5.998331e+02 6.130239e+03 7.053293e+04 7.533962e+03 -1.472223e+04 7.323792e+02 -1.123311e+05 -6.983460e+03 7.052578e+04 3.822704e+04 -3.616596e+02
9.090909e-04 -1.071748e+04 1.862422e+04 -1.152830e+03 1.231339e+05 -7.868952e+03 1.003885e+05 4.136192e+04 -6.263920e+02 -1.098529e+03 -1.231908e+05 8.235714e+03 1.266619e+04 -4.133147e+04 -5.686598e+02 -5.351630e+03 -7.727479e+04 -1.364031e+03 -1.403306e+05 9.388756e+03 1.635183e+04 4.710276e+04 7.631540e+02 6.077241e+03 8.808111e+04 9.401050e+03 -1.442524e+04 9.255385e+02 -1.080945e+05 -6.926497e+03 8.807221e+04 3.629428e+04 -4.610258e+02
1.111111e-03 -1.262817e+04 1.816894e+04 -1.379188e+03 1.174353e+05 -7.786532e+03 1.184027e+05 3.876068e+04 -7.557049e+02 -1.315320e+03 -1.174956e+05 9.704368e+03 1.235778e+04 -3.872575e+04 -6.877743e+02 -5.296868e+03 -9.114181e+04 -1.632470e+03 -1.338356e+05 1.106281e+04 1.595360e+04 4.413256e+04 9.208570e+02 6.012345e+03 1.038871e+05 1.107726e+04 -1.407251e+04 1.107756e+03 -1.030977e+05 -6.856671e+03 1.038766e+05 3.401224e+04 -5.575881e+02
1.313131e-03 -1.429832e+04 1.765472e+04 -1.589953e+03 1.110540e+05 -7.690036e+03 1.342217e+05 3.584477e+04 -8.796657e+02 -1.517778e+03 -1.111180e+05 1.098838e+04 1.200944e+04 -3.580490e+04 -8.028638e+02 -5.232682e+03 -1.033192e+05 -1.882753e+03 -1.265623e+05 1.252627e+04 1.550386e+04 4.080314e+04 1.072109e+03 5.936373e+03 1.177670e+05 1.254258e+04 -1.367406e+04 1.277691e+03 -9.750221e+04 -6.774829e+03 1.177551e+05 3.145415e+04 -6.508893e+02
1.515152e-03 -1.571590e+04 1.709469e+04 -1.784033e+03 1.041763e+05 -7.580630e+03 1.477337e+05 3.269958e+04 -9.977424e+02 -1.704862e+03 -1.042441e+05 1.207850e+04 1.163003e+04 -3.265446e+04 -9.134504e+02 -5.159818e+03 -1.137210e+05 -2.113587e+03 -1.187233e+05 1.376858e+04 1.501412e+04 3.721205e+04 1.216256e+03 5.850245e+03 1.296229e+05 1.378646e+04 -1.324001e+04 1.434466e+03 -9.147133e+04 -6.681928e+03 1.296099e+05 2.869490e+04 -7.405458e+02
1.717172e-03 -1.687867e+04 1.650145e+04 -1.960883e+03 9.698073e+04 -7.459569e+03 1.589162e+05 2.940785e+04 -1.109546e+03 -1.876025e+03 -9.705258e+04 1.297303e+04 1.122810e+04 -2.935734e+04 -1.019144e+03 -5.079088e+03 -1.223299e+05 -2.324310e+03 -1.105220e+05 1.478779e+04 1.449543e+04 3.345377e+04 1.352817e+03 5.754952e+03 1.394350e+05 1.480693e+04 -1.278011e+04 1.577630e+03 -8.516167e+04 -6.579002e+03 1.394211e+05 2.580707e+04 -8.262451e+02
1.919192e-03 -1.779274e+04 1.588660e+04 -2.120428e+03 8.963062e+04 -7.328166e+03 1.678222e+05 2.604612e+04 -1.214816e+03 -2.031148e+03 -8.970641e+04 1.367661e+04 1.081148e+04 -2.599022e+04 -1.119636e+03 -4.991343e+03 -1.291866e+05 -2.514808e+03 -1.021446e+05 1.558924e+04 1.395793e+04 2.961572e+04 1.481462e+03 5.651524e+03 1.472499e+05 1.560935e+04 -1.230332e+04 1.707104e+03 -7.871635e+04 -6.467140e+03 1.472353e+05 2.285782e+04 -9.077414e+02
2.121212e-03 -1.847076e+04 1.526040e+04 -2.262980e+03 8.226888e+04 -7.187756e+03 1.745644e+05 2.268227e+04 -1.313400e+03 -2.170464e+03 -8.234849e+04 1.419898e+04 1.038713e+04 -2.262113e+04 -1.214695e+03 -4.897457e+03 -1.343778e+05 -2.685414e+03 -9.375395e+04 1.618399e+04 1.341060e+04 2.577545e+04 1.601997e+03 5.541016e+03 1.531662e+05 1.620480e+04 -1.181758e+04 1.823108e+03 -7.226069e+04 -6.347459e+03 1.531511e+05 1.990670e+04 -9.848493e+02
2.323232e-03 -1.893017e+04 1.463162e+04 -2.389142e+03 7.501580e+04 -7.039675e+03 1.792988e+05 1.937422e+04 -1.405244e+03 -2.294477e+03 -7.509900e+04 1.455348e+04 9.960986e+03 -1.930808e+04 -1.304159e+03 -4.798309e+03 -1.380237e+05 -2.836801e+03 -8.548717e+04 1.658730e+04 1.286113e+04 2.199907e+04 1.714340e+03 5.424475e+03 1.573211e+05 1.660856e+04 -1.132968e+04 1.926096e+03 -6.590014e+04 -6.221081e+03 1.573056e+05 1.700450e+04 -1.057439e+03
2.525253e-03 -1.919151e+04 1.400752e+04 -2.499731e+03 6.796847e+04 -6.885229e+03 1.822102e+05 1.616934e+04 -1.490365e+03 -2.403887e+03 -6.805498e+04 1.475590e+04 9.537954e+03 -1.609853e+04 -1.387927e+03 -4.694765e+03 -1.402664e+05 -2.969893e+03 -7.745494e+04 1.681717e+04 1.231585e+04 1.834071e+04 1.818503e+03 5.302931e+03 1.598764e+05 1.683866e+04 -1.084523e+04 2.016689e+03 -5.971984e+04 -6.089112e+03 1.598607e+05 1.419280e+04 -1.125429e+03
2.727273e-03 -1.927701e+04 1.339391e+04 -2.595702e+03 6.120186e+04 -6.725682e+03 1.834984e+05 1.310475e+04 -1.568846e+03 -2.499532e+03 -6.129133e+04 1.482327e+04 9.121981e+03 -1.302966e+04 -1.465956e+03 -4.587665e+03 -1.412598e+05 -3.085778e+03 -6.974268e+04 1.689303e+04 1.177987e+04 1.484271e+04 1.914579e+03 5.177374e+03 1.610076e+05 1.691455e+04 -1.036874e+04 2.095620e+03 -5.378551e+04 -5.952626e+03 1.609920e+05 1.150415e+04 -1.188785e+03
2.929293e-03 -1.920939e+04 1.279533e+04 -2.678090e+03 5.477072e+04 -6.562230e+03 1.833685e+05 1.020795e+04 -1.640823e+03 -2.582325e+03 -5.486280e+04 1.477302e+04 8.716127e+03 -1.012902e+04 -1.538256e+03 -4.477810e+03 -1.411615e+05 -3.185641e+03 -6.241283e+04 1.683478e+04 1.125713e+04 1.153650e+04 2.002723e+03 5.048746e+03 1.608946e+05 1.685616e+04 -9.903733e+03 2.163687e+03 -4.814518e+04 -5.812646e+03 1.608790e+05 8.962692e+03 -1.247512e+03
3.131313e-03 -1.901094e+04 1.221514e+04 -2.747962e+03 4.871213e+04 -6.395997e+03 1.820217e+05 7.497866e+03 -1.706470e+03 -2.653219e+03 -4.880642e+04 1.462227e+04 8.322679e+03 -7.415544e+03 -1.604881e+03 -4.365957e+03 -1.401266e+05 -3.270711e+03 -5.550761e+04 1.666192e+04 1.075056e+04 8.443666e+03 2.083144e+03 4.917929e+03 1.597139e+05 1.668304e+04 -9.452818e+03 2.221721e+03 -4.283135e+04 -5.670137e+03 1.596985e+05 6.585018e+03 -1.301653e+03
3.333333e-03 -1.870289e+04 1.165573e+04 -2.806386e+03 4.304813e+04 -6.228021e+03 1.796500e+05 4.985996e+03 -1.765997e+03 -2.713176e+03 -4.314426e+04 1.438731e+04 7.943261e+03 -4.900750e+03 -1.665929e+03 -4.252808e+03 -1.383029e+05 -3.342217e+03 -4.905217e+04 1.639306e+04 1.026227e+04 5.577317e+03 2.156092e+03 4.785739e+03 1.576340e+05 1.641378e+04 -9.017867e+03 2.270549e+03 -3.786336e+04 -5.525993e+03 1.576189e+05 4.381218e+03 -1.351282e+03
3.535354e-03 -1.830496e+04 1.111870e+04 -2.854399e+03 3.778844e+04 -6.059252e+03 1.764320e+05 2.677608e+03 -1.819639e+03 -2.763134e+03 -3.788601e+04 1.408326e+04 7.578952e+03 -2.589898e+03 -1.721531e+03 -4.139006e+03 -1.358276e+05 -3.401362e+03 -4.305757e+04 1.604544e+04 9.793613e+03 2.943454e+03 2.221851e+03 4.652922e+03 1.548115e+05 1.606568e+04 -8.600121e+03 2.310985e+03 -3.324974e+04 -5.381037e+03 1.547967e+05 2.355916e+03 -1.396504e+03
3.737374e-03 -1.783508e+04 1.060497e+04 -2.892996e+03 3.293292e+04 -5.890544e+03 1.725304e+05 5.729104e+02 -1.867651e+03 -2.804001e+03 -3.303157e+04 1.372388e+04 7.230382e+03 -4.831840e+02 -1.771853e+03 -4.025135e+03 -1.328261e+05 -3.449300e+03 -3.752366e+04 1.563476e+04 9.345402e+03 5.422991e+02 2.280732e+03 4.520149e+03 1.513892e+05 1.565445e+04 -8.200314e+03 2.343809e+03 -2.899038e+04 -5.236011e+03 1.513748e+05 5.092966e+02 -1.437449e+03
3.939394e-03 -1.730928e+04 1.011494e+04 -2.923115e+03 2.847384e+04 -5.722660e+03 1.680909e+05 -1.331872e+03 -1.910305e+03 -2.836639e+03 -2.857320e+04 1.332148e+04 6.897829e+03 1.423187e+03 -1.817083e+03 -3.911717e+03 -1.294104e+05 -3.487123e+03 -3.244161e+04 1.517505e+04 8.917977e+03 -1.630477e+03 2.333064e+03 4.388020e+03 1.474949e+05 1.519414e+04 -7.818773e+03 2.369758e+03 -2.507852e+04 -5.091580e+03 1.474810e+05 -1.161950e+03 -1.474266e+03
4.141414e-03 -1.674165e+04 9.648608e+03 -2.945634e+03 2.439776e+04 -5.556270e+03 1.632419e+05 -3.043535e+03 -1.947882e+03 -2.861857e+03 -2.449752e+04 1.288687e+04 6.581292e+03 3.136039e+03 -1.857433e+03 -3.799213e+03 -1.256796e+05 -3.515855e+03 -2.779612e+04 1.467867e+04 8.511319e+03 -3.582654e+03 2.379191e+03 4.257062e+03 1.432414e+05 1.469711e+04 -7.455506e+03 2.389525e+03 -2.150240e+04 -4.948329e+03 1.432279e+05 -2.663785e+03 -1.507124e+03
4.343434e-03 -1.614444e+04 9.205647e+03 -2.961362e+03 2.068725e+04 -5.391954e+03 1.580952e+05 -4.571073e+03 -1.980670e+03 -2.880411e+03 -2.078709e+04 1.242946e+04 6.280559e+03 4.664392e+03 -1.893130e+03 -3.688024e+03 -1.217195e+05 -3.536446e+03 -2.356730e+04 1.415632e+04 8.125139e+03 -5.324516e+03 2.419464e+03 4.127731e+03 1.387266e+05 1.417408e+04 -7.110282e+03 2.403753e+03 -1.824673e+04 -4.806770e+03 1.387135e+05 -4.004095e+03 -1.536204e+03
4.545455e-03 -1.552810e+04 8.785507e+03 -2.971048e+03 1.732215e+04 -5.230212e+03 1.527468e+05 -5.924973e+03 -2.008957e+03 -2.892998e+03 -1.742179e+04 1.195727e+04 5.995261e+03 6.018766e+03 -1.924414e+03 -3.578494e+03 -1.176040e+05 -3.549772e+03 -1.973218e+04 1.361717e+04 7.758945e+03 -6.868058e+03 2.454237e+03 4.000419e+03 1.340347e+05 1.363425e+04 -6.782686e+03 2.413034e+03 -1.529385e+04 -4.667340e+03 1.340221e+05 -5.192081e+03 -1.561697e+03
4.747475e-03 -1.490149e+04 8.387469e+03 -2.975372e+03 1.428070e+04 -5.071461e+03 1.472779e+05 -7.116647e+03 -2.033034e+03 -2.900260e+03 -1.437990e+04 1.147710e+04 5.724915e+03 7.210604e+03 -1.951531e+03 -3.470917e+03 -1.133956e+05 -3.556636e+03 -1.626597e+04 1.306897e+04 7.412099e+03 -8.226324e+03 2.483863e+03 3.875457e+03 1.292371e+05 1.308535e+04 -6.472175e+03 2.417914e+03 -1.262472e+04 -4.530410e+03 1.292250e+05 -6.237751e+03 -1.583801e+03
4.949495e-03 -1.427198e+04 8.010698e+03 -2.974957e+03 1.154040e+04 -4.916048e+03 1.417567e+05 -8.157967e+03 -2.053184e+03 -2.902787e+03 -1.163893e+04 1.099461e+04 5.468960e+03 8.251811e+03 -1.974731e+03 -3.365534e+03 -1.091470e+05 -3.557772e+03 -1.314299e+04 1.251818e+04 7.083863e+03 -9.412886e+03 2.508693e+03 3.753116e+03 1.243935e+05 1.253386e+04 -6.178115e+03 2.418889e+03 -1.021960e+04 -4.396288e+03 1.243819e+05 -7.151522e+03 -1.602718e+03
5.151515e-03 -1.364563e+04 7.654284e+03 -2.970366e+03 9.078626e+03 -4.764253e+03 1.362394e+05 -9.060911e+03 -2.069689e+03 -2.901115e+03 -9.176300e+03 1.051446e+04 5.226784e+03 9.154394e+03 -1.994267e+03 -3.262543e+03 -1.049012e+05 -3.553847e+03 -1.033748e+04 1.197009e+04 6.773436e+03 -1.044143e+04 2.529069e+03 3.633617e+03 1.195533e+05 1.198509e+04 -5.899813e+03 2.416412e+03 -8.058686e+03 -4.265223e+03 1.195422e+05 -7.943897e+03 -1.618648e+03
5.353535e-03 -1.302734e+04 7.317276e+03 -2.962110e+03 6.873167e+03 -4.616295e+03 1.307720e+05 -9.837284e+03 -2.082818e+03 -2.895733e+03 -6.969808e+03 1.004043e+04 4.997748e+03 9.930187e+03 -2.010385e+03 -3.162101e+03 -1.006938e+05 -3.545464e+03 -7.824113e+03 1.142903e+04 6.479978e+03 -1.132546e+04 2.545322e+03 3.517133e+03 1.147568e+05 1.144335e+04 -5.636542e+03 2.410893e+03 -6.122495e+03 -4.137414e+03 1.147462e+05 -8.625233e+03 -1.631793e+03
5.555556e-03 -1.242104e+04 6.998704e+03 -2.950646e+03 4.902543e+03 -4.472341e+03 1.253913e+05 -1.049852e+04 -2.092834e+03 -2.887083e+03 -4.998005e+03 9.575500e+03 4.781197e+03 1.059065e+04 -2.023331e+03 -3.064325e+03 -9.655292e+04 -3.533172e+03 -5.578402e+03 1.089840e+04 6.202637e+03 -1.207802e+04 2.557772e+03 3.403796e+03 1.100363e+05 1.091207e+04 -5.387559e+03 2.402703e+03 -4.392211e+03 -4.013010e+03 1.100262e+05 -9.205557e+03 -1.642349e+03
5.757576e-03 -1.182975e+04 6.697601e+03 -2.936389e+03 3.146267e+03 -4.332510e+03 1.201262e+05 -1.105552e+04 -2.099987e+03 -2.875566e+03 -3.240424e+03 9.122030e+03 4.576479e+03 1.114672e+04 -2.033340e+03 -2.969305e+03 -9.250105e+04 -3.517462e+03 -3.576998e+03 1.038088e+04 5.940562e+03 -1.271159e+04 2.566728e+03 3.293700e+03 1.054173e+05 1.039391e+04 -5.152125e+03 2.392176e+03 -2.849881e+03 -3.892122e+03 1.054076e+05 -9.694442e+03 -1.650508e+03
5.959596e-03 -1.125580e+04 6.413013e+03 -2.919709e+03 1.585003e+03 -4.196878e+03 1.149992e+05 -1.151860e+04 -2.104516e+03 -2.861543e+03 -1.677751e+03 8.681794e+03 4.382952e+03 1.160873e+04 -2.040642e+03 -2.877097e+03 -8.855534e+04 -3.498777e+03 -1.797860e+03 9.878497e+03 5.692914e+03 -1.323795e+04 2.572480e+03 3.186905e+03 1.009193e+05 9.890908e+03 -4.929506e+03 2.379615e+03 -1.478558e+03 -3.774823e+03 1.009101e+05 -1.010093e+04 -1.656455e+03
6.161616e-03 -1.070087e+04 6.144011e+03 -2.900939e+03 2.006553e+02 -4.065487e+03 1.100269e+05 -1.189740e+04 -2.106648e+03 -2.845340e+03 -2.919073e+02 8.256092e+03 4.199989e+03 1.198633e+04 -2.045455e+03 -2.787735e+03 -8.472863e+04 -3.477517e+03 -2.203613e+02 9.392730e+03 5.458880e+03 -1.366810e+04 2.575307e+03 3.083445e+03 9.655705e+04 9.404545e+03 -4.718990e+03 2.365289e+03 -2.623817e+02 -3.661152e+03 9.654825e+04 -1.043346e+04 -1.660367e+03
6.363636e-03 -1.016613e+04 5.889699e+03 -2.880376e+03 -1.023593e+03 -3.938346e+03 1.052212e+05 -1.220084e+04 -2.106596e+03 -2.827249e+03 9.339067e+02 7.845830e+03 4.026985e+03 1.228848e+04 -2.047988e+03 -2.701231e+03 -8.103012e+04 -3.454037e+03 1.174666e+03 8.924607e+03 5.237671e+03 -1.401225e+04 2.575469e+03 2.983327e+03 9.234096e+04 8.935851e+03 -4.519887e+03 2.349442e+03 8.133856e+02 -3.551125e+03 9.233256e+04 -1.069989e+04 -1.662414e+03
6.565657e-03 -9.652328e+03 5.649217e+03 -2.858285e+03 -2.103277e+03 -3.815439e+03 1.005902e+05 -1.243718e+04 -2.104560e+03 -2.807533e+03 2.015210e+03 7.451579e+03 3.863359e+03 1.252344e+04 -2.048439e+03 -2.617577e+03 -7.746599e+04 -3.428657e+03 2.404929e+03 8.474781e+03 5.028534e+03 -1.427982e+04 2.573213e+03 2.886538e+03 8.827807e+04 8.485477e+03 -4.331535e+03 2.332291e+03 1.762360e+03 -3.444731e+03 8.827006e+04 -1.090745e+04 -1.662756e+03
6.767677e-03 -9.159848e+03 5.421746e+03 -2.834903e+03 -3.052675e+03 -3.696726e+03 9.613865e+04 -1.261396e+04 -2.100730e+03 -2.786427e+03 2.966269e+03 7.073644e+03 3.708558e+03 1.269878e+04 -2.046995e+03 -2.536750e+03 -7.403988e+04 -3.401663e+03 3.486703e+03 8.043595e+03 4.830749e+03 -1.447942e+04 2.568767e+03 2.793049e+03 8.437255e+04 8.053767e+03 -4.153304e+03 2.314031e+03 2.597057e+03 -3.341940e+03 8.436491e+04 -1.106274e+04 -1.661546e+03
6.969697e-03 -8.688794e+03 5.206506e+03 -2.810441e+03 -3.884859e+03 -3.582149e+03 9.186857e+04 -1.273806e+04 -2.095279e+03 -2.764143e+03 3.800144e+03 6.712106e+03 3.562056e+03 1.282138e+04 -2.043829e+03 -2.458716e+03 -7.075341e+04 -3.373309e+03 4.434888e+03 7.631141e+03 4.643635e+03 -1.461894e+04 2.562346e+03 2.702813e+03 8.062624e+04 7.640813e+03 -3.984591e+03 2.294836e+03 3.328934e+03 -3.242706e+03 8.061896e+04 -1.117182e+04 -1.658925e+03
7.171717e-03 -8.239040e+03 5.002760e+03 -2.785085e+03 -4.611753e+03 -3.471636e+03 8.777995e+04 -1.281573e+04 -2.088372e+03 -2.740868e+03 4.528748e+03 6.366873e+03 3.423354e+03 1.289753e+04 -2.039107e+03 -2.383427e+03 -6.760656e+04 -3.343822e+03 5.263075e+03 7.237311e+03 4.466546e+03 -1.470550e+04 2.554150e+03 2.615775e+03 7.703911e+04 7.246506e+03 -3.824828e+03 2.274859e+03 3.968445e+03 -3.146969e+03 7.703217e+04 -1.124017e+04 -1.655026e+03
7.373737e-03 -7.810277e+03 4.809812e+03 -2.759002e+03 -5.244201e+03 -3.365100e+03 8.387103e+04 -1.285264e+04 -2.080159e+03 -2.716771e+03 5.162916e+03 6.037712e+03 3.291981e+03 1.293288e+04 -2.032981e+03 -2.310828e+03 -6.459798e+04 -3.313404e+03 5.983623e+03 6.861836e+03 4.298871e+03 -1.474557e+04 2.544363e+03 2.531865e+03 7.360961e+04 6.870578e+03 -3.673478e+03 2.254239e+03 4.525093e+03 -3.054658e+03 7.360300e+04 -1.127274e+04 -1.649976e+03
7.575758e-03 -7.402056e+03 4.627007e+03 -2.732340e+03 -5.792038e+03 -3.262447e+03 8.013871e+04 -1.285388e+04 -2.070780e+03 -2.692000e+03 5.712475e+03 5.724280e+03 3.167495e+03 1.293254e+04 -2.025593e+03 -2.240857e+03 -6.172527e+04 -3.282235e+03 6.607744e+03 6.504325e+03 4.140038e+03 -1.474496e+04 2.533155e+03 2.451011e+03 7.033503e+04 6.512637e+03 -3.530035e+03 2.233099e+03 5.007502e+03 -2.965693e+03 7.032873e+04 -1.127402e+04 -1.643888e+03
7.777778e-03 -7.013819e+03 4.453729e+03 -2.705228e+03 -6.264168e+03 -3.163573e+03 7.657886e+04 -1.282403e+04 -2.060363e+03 -2.666689e+03 6.186321e+03 5.426154e+03 3.049479e+03 1.290110e+04 -2.017074e+03 -2.173446e+03 -5.898527e+04 -3.250473e+03 7.145585e+03 6.164293e+03 3.989508e+03 -1.470891e+04 2.520685e+03 2.373130e+03 6.721174e+04 6.172196e+03 -3.394021e+03 2.211547e+03 5.423477e+03 -2.879987e+03 6.720573e+04 -1.124802e+04 -1.636871e+03
7.979798e-03 -6.644930e+03 4.289400e+03 -2.677781e+03 -6.668632e+03 -3.068369e+03 7.318654e+04 -1.276720e+04 -2.049028e+03 -2.640957e+03 6.592491e+03 5.142849e+03 2.937542e+03 1.284268e+04 -2.007546e+03 -2.108523e+03 -5.637418e+04 -3.218260e+03 7.606312e+03 5.841185e+03 3.846775e+03 -1.464212e+04 2.507095e+03 2.298138e+03 6.423543e+04 5.848699e+03 -3.264989e+03 2.189680e+03 5.780068e+03 -2.797449e+03 6.422969e+04 -1.119834e+04 -1.629023e+03
8.181818e-03 -6.294698e+03 4.133479e+03 -2.650102e+03 -7.012685e+03 -2.976724e+03 6.995629e+04 -1.268707e+04 -2.036883e+03 -2.614908e+03 6.938234e+03 4.873836e+03 2.831317e+03 1.276096e+04 -1.997122e+03 -2.046013e+03 -5.388780e+04 -3.185719e+03 7.998193e+03 5.534395e+03 3.711366e+03 -1.454877e+04 2.492521e+03 2.225946e+03 6.140128e+04 5.541542e+03 -3.142521e+03 2.167582e+03 6.083636e+03 -2.717982e+03 6.139581e+04 -1.112821e+04 -1.620437e+03
8.383838e-03 -5.962393e+03 3.985457e+03 -2.622280e+03 -7.302859e+03 -2.888521e+03 6.688222e+04 -1.258691e+04 -2.024028e+03 -2.588635e+03 7.230079e+03 4.618558e+03 2.730461e+03 1.265922e+04 -1.985903e+03 -1.985840e+03 -5.152160e+04 -3.152962e+03 8.328676e+03 5.243287e+03 3.582836e+03 -1.443262e+04 2.477082e+03 2.156464e+03 5.870414e+04 5.250085e+03 -3.026222e+03 2.145329e+03 6.339908e+03 -2.641489e+03 5.869892e+04 -1.104051e+04 -1.611197e+03
8.585859e-03 -5.647264e+03 3.844861e+03 -2.594392e+03 -7.545033e+03 -2.803644e+03 6.395820e+04 -1.246964e+04 -2.010553e+03 -2.562219e+03 7.473900e+03 4.376441e+03 2.634651e+03 1.254039e+04 -1.973986e+03 -1.927926e+03 -4.927085e+04 -3.120083e+03 8.604458e+03 4.967205e+03 3.460772e+03 -1.429698e+04 2.460891e+03 2.089600e+03 5.613863e+04 4.973673e+03 -2.915724e+03 2.122987e+03 6.554039e+03 -2.567871e+03 5.613365e+04 -1.093779e+04 -1.601380e+03
8.787879e-03 -5.348550e+03 3.711245e+03 -2.566509e+03 -7.744488e+03 -2.721978e+03 6.117795e+04 -1.233785e+04 -1.996543e+03 -2.535733e+03 7.674976e+03 4.146904e+03 2.543588e+03 1.240706e+04 -1.961456e+03 -1.872193e+03 -4.713075e+04 -3.087170e+03 8.831561e+03 4.705484e+03 3.344785e+03 -1.414484e+04 2.444048e+03 2.025262e+03 5.369925e+04 4.711639e+03 -2.810683e+03 2.100614e+03 6.730659e+03 -2.497027e+03 5.369449e+04 -1.082233e+04 -1.591057e+03
8.989899e-03 -5.065492e+03 3.584195e+03 -2.538689e+03 -7.905966e+03 -2.643404e+03 5.853517e+04 -1.219386e+04 -1.982074e+03 -2.509241e+03 7.838046e+03 3.929365e+03 2.456988e+03 1.226154e+04 -1.948394e+03 -1.818562e+03 -4.509642e+04 -3.054295e+03 9.015388e+03 4.457460e+03 3.234513e+03 -1.397880e+04 2.426648e+03 1.963360e+03 5.138047e+04 4.463320e+03 -2.710776e+03 2.078262e+03 6.873928e+03 -2.428858e+03 5.137592e+04 -1.069616e+04 -1.580294e+03
9.191919e-03 -4.797338e+03 3.463322e+03 -2.510986e+03 -8.033722e+03 -2.567808e+03 5.602357e+04 -1.203969e+04 -1.967213e+03 -2.482799e+03 7.967364e+03 3.723249e+03 2.374590e+03 1.210586e+04 -1.934871e+03 -1.766956e+03 -4.316304e+04 -3.021525e+03 9.160790e+03 4.222477e+03 3.129616e+03 -1.380120e+04 2.408773e+03 1.903801e+03 4.917676e+04 4.228056e+03 -2.615701e+03 2.055976e+03 6.987577e+03 -2.363265e+03 4.917241e+04 -1.056105e+04 -1.569149e+03
9.393939e-03 -4.543351e+03 3.348263e+03 -2.483445e+03 -8.131572e+03 -2.495077e+03 5.363695e+04 -1.187714e+04 -1.952025e+03 -2.456454e+03 8.066744e+03 3.527994e+03 2.296146e+03 1.194184e+04 -1.920954e+03 -1.717299e+03 -4.132584e+04 -2.988917e+03 9.272113e+03 3.999889e+03 3.029777e+03 -1.361408e+04 2.390500e+03 1.846498e+03 4.708270e+04 4.005203e+03 -2.525175e+03 2.033793e+03 7.074952e+03 -2.300151e+03 4.707854e+04 -1.041858e+04 -1.557677e+03
9.595960e-03 -4.302812e+03 3.238679e+03 -2.456105e+03 -8.202932e+03 -2.425100e+03 5.136925e+04 -1.170780e+04 -1.936566e+03 -2.430251e+03 8.139601e+03 3.343048e+03 2.221428e+03 1.177105e+04 -1.906703e+03 -1.669516e+03 -3.958016e+04 -2.956518e+03 9.353255e+03 3.789070e+03 2.934701e+03 -1.341927e+04 2.371899e+03 1.791364e+03 4.509296e+04 3.794133e+03 -2.438936e+03 2.011750e+03 7.139050e+03 -2.239420e+03 4.508898e+04 -1.027016e+04 -1.545927e+03
9.797980e-03 -4.075027e+03 3.134253e+03 -2.429000e+03 -8.250865e+03 -2.357768e+03 4.921457e+04 -1.153307e+04 -1.920888e+03 -2.404225e+03 8.188996e+03 3.167880e+03 2.150219e+03 1.159490e+04 -1.892174e+03 -1.623534e+03 -3.792144e+04 -2.924373e+03 9.407704e+03 3.589410e+03 2.844110e+03 -1.321835e+04 2.353033e+03 1.738311e+03 4.320237e+04 3.594236e+03 -2.356737e+03 1.989873e+03 7.182558e+03 -2.180980e+03 4.319856e+04 -1.011700e+04 -1.533945e+03
1.000000e-02 -3.859323e+03 3.034688e+03 -2.402159e+03 -8.278110e+03 -2.292975e+03 4.716719e+04 -1.135418e+04 -1.905036e+03 -2.378409e+03 8.217670e+03 3.001976e+03 2.082319e+03 1.141461e+04 -1.877415e+03 -1.579281e+03 -3.634530e+04 -2.892517e+03 9.438583e+03 3.400324e+03 2.757747e+03 -1.301273e+04 2.333958e+03 1.687258e+03 4.140592e+04 3.404925e+03 -2.278345e+03 1.968190e+03 7.207879e+03 -2.124738e+03 4.140227e+04 -9.960184e+03 -1.521771e+03
