-1.000000e-02 -2.433487e+04 -2.111454e+03 1.201422e+03 -1.813538e+03 2.519043e+03 5.498567e+03 -2.282713e+01 1.589737e+03 1.188287e+03 1.850361e+03 1.874378e+04 -1.448485e+03 -1.406902e+01 1.579810e+03 1.725071e+03 -4.241440e+03 1.488029e+03 2.118507e+03 2.135834e+04 -1.564439e+03 -3.599684e+01 -1.918416e+03 -2.287253e+03 4.826039e+03 2.135534e+04 1.939164e+03 -9.509062e+02 1.583885e+03 1.889162e+03 4.829623e+03 1.974697e+01 1.304449e+03
-9.797980e-03 -2.484510e+04 -2.150188e+03 1.199057e+03 -1.646365e+03 2.569121e+03 5.637220e+03 2.225470e+02 1.589240e+03 1.185704e+03 1.683298e+03 1.913593e+04 -1.474648e+03 -2.595783e+02 1.579104e+03 1.758964e+03 -4.347506e+03 1.484927e+03 1.928157e+03 2.180568e+04 -1.595282e+03 2.436025e+02 -1.917745e+03 -2.330121e+03 4.947298e+03 2.180263e+04 1.972133e+03 -9.489565e+02 1.437134e+03 1.928868e+03 4.950968e+03 2.352344e+02 1.303912e+03
-9.595960e-03 -2.535625e+04 -2.189651e+03 1.196149e+03 -1.466862e+03 2.620300e+03 5.776603e+03 4.836909e+02 1.588095e+03 1.182580e+03 1.503882e+03 1.952876e+04 -1.501297e+03 -5.208352e+02 1.577748e+03 1.793597e+03 -4.454111e+03 1.481163e+03 1.723721e+03 2.225382e+04 -1.626704e+03 5.411813e+02 -1.916289e+03 -2.373936e+03 5.069183e+03 2.225070e+04 2.005719e+03 -9.465664e+02 1.279570e+03 1.969438e+03 5.072940e+03 4.645332e+02 1.302840e+03
-9.393939e-03 -2.586701e+04 -2.229839e+03 1.192672e+03 -1.274462e+03 2.672583e+03 5.916389e+03 7.612881e+02 1.586260e+03 1.178887e+03 1.311544e+03 1.992128e+04 -1.528430e+03 -7.985217e+02 1.575703e+03 1.828972e+03 -4.561005e+03 1.476704e+03 1.504550e+03 2.270161e+04 -1.658700e+03 8.575193e+02 -1.913999e+03 -2.418700e+03 5.191409e+03 2.269843e+04 2.039916e+03 -9.437133e+02 1.110696e+03 2.010875e+03 5.195254e+03 7.082413e+02 1.301200e+03
-9.191919e-03 -2.637594e+04 -2.270741e+03 1.188595e+03 -1.068597e+03 2.725971e+03 6.056214e+03 1.056022e+03 1.583692e+03 1.174597e+03 1.105713e+03 2.031236e+04 -1.556039e+03 -1.093320e+03 1.572926e+03 1.865090e+03 -4.667909e+03 1.471511e+03 1.269993e+03 2.314778e+04 -1.691262e+03 1.193396e+03 -1.910823e+03 -2.464412e+03 5.313658e+03 2.314453e+04 2.074716e+03 -9.403741e+02 9.300142e+02 2.053176e+03 5.317590e+03 9.669564e+02 1.298957e+03
-8.989899e-03 -2.688142e+04 -2.312348e+03 1.183889e+03 -8.486982e+02 2.780460e+03 6.195673e+03 1.368571e+03 1.580347e+03 1.169680e+03 8.858200e+02 2.070076e+04 -1.584117e+03 -1.405906e+03 1.569372e+03 1.901946e+03 -4.774513e+03 1.465550e+03 1.019401e+03 2.359090e+04 -1.724383e+03 1.549586e+03 -1.906708e+03 -2.511070e+03 5.435575e+03 2.358760e+04 2.110109e+03 -9.365253e+02 7.370268e+02 2.096339e+03 5.439595e+03 1.241272e+03 1.296074e+03
-8.787879e-03 -2.738168e+04 -2.354646e+03 1.178523e+03 -6.142063e+02 2.836043e+03 6.334319e+03 1.699602e+03 1.576178e+03 1.164106e+03 6.513027e+02 2.108514e+04 -1.612654e+03 -1.736946e+03 1.564997e+03 1.939536e+03 -4.880472e+03 1.458781e+03 7.521323e+02 2.402945e+04 -1.758051e+03 1.926850e+03 -1.901597e+03 -2.558668e+03 5.556769e+03 2.402608e+04 2.146085e+03 -9.321428e+02 5.312427e+02 2.140358e+03 5.560875e+03 1.531771e+03 1.292513e+03
-8.585859e-03 -2.787480e+04 -2.397618e+03 1.172464e+03 -3.645719e+02 2.892709e+03 6.471660e+03 2.049767e+03 1.571137e+03 1.157845e+03 4.016104e+02 2.146400e+04 -1.641639e+03 -2.087089e+03 1.559753e+03 1.977852e+03 -4.985410e+03 1.451165e+03 4.675586e+02 2.446172e+04 -1.792252e+03 2.325931e+03 -1.895433e+03 -2.607197e+03 5.676807e+03 2.445829e+04 2.182628e+03 -9.272021e+02 3.121805e+02 2.185224e+03 5.681000e+03 1.839023e+03 1.288236e+03
-8.383838e-03 -2.835866e+04 -2.441244e+03 1.165683e+03 -9.926305e+01 2.950444e+03 6.607155e+03 2.419692e+03 1.565175e+03 1.150866e+03 1.362095e+02 2.183571e+04 -1.671057e+03 -2.456959e+03 1.553591e+03 2.016885e+03 -5.088912e+03 1.442664e+03 1.650710e+02 2.488585e+04 -1.826971e+03 2.747543e+03 -1.888156e+03 -2.656646e+03 5.795218e+03 2.488236e+04 2.219721e+03 -9.216783e+02 7.937438e+01 2.230924e+03 5.799497e+03 2.163575e+03 1.283202e+03
-8.181818e-03 -2.883095e+04 -2.485500e+03 1.158145e+03 1.822283e+02 3.009228e+03 6.740214e+03 2.809971e+03 1.558241e+03 1.143137e+03 -1.454100e+02 2.219851e+04 -1.700892e+03 -2.847150e+03 1.546462e+03 2.056620e+03 -5.190526e+03 1.433237e+03 -1.559125e+02 2.529982e+04 -1.862188e+03 3.192364e+03 -1.879706e+03 -2.706997e+03 5.911486e+03 2.529627e+04 2.257343e+03 -9.155465e+02 -1.676211e+02 2.277442e+03 5.915848e+03 2.505947e+03 1.277369e+03
-7.979798e-03 -2.928918e+04 -2.530361e+03 1.149819e+03 4.803792e+02 3.069037e+03 6.870195e+03 3.221156e+03 1.550282e+03 1.134627e+03 -4.437268e+02 2.255046e+04 -1.731126e+03 -3.258213e+03 1.538314e+03 2.097041e+03 -5.289760e+03 1.422844e+03 -4.959384e+02 2.570145e+04 -1.897882e+03 3.661025e+03 -1.870018e+03 -2.758229e+03 6.025047e+03 2.569784e+04 2.295472e+03 -9.087814e+02 -4.292240e+02 2.324759e+03 6.029492e+03 2.866621e+03 1.270695e+03
-7.777778e-03 -2.973065e+04 -2.575793e+03 1.140671e+03 7.956280e+02 3.129842e+03 6.996405e+03 3.653749e+03 1.541245e+03 1.125304e+03 -7.591809e+02 2.288951e+04 -1.761736e+03 -3.690645e+03 1.529094e+03 2.138127e+03 -5.386081e+03 1.411444e+03 -8.555086e+02 2.608836e+04 -1.934029e+03 4.154098e+03 -1.859029e+03 -2.810319e+03 6.135295e+03 2.608470e+04 2.334080e+03 -9.013576e+02 -7.058181e+02 2.372850e+03 6.139820e+03 3.246036e+03 1.263137e+03
-7.575758e-03 -3.015247e+04 -2.621764e+03 1.130668e+03 1.128365e+03 3.191605e+03 7.118093e+03 4.108188e+03 1.531074e+03 1.115137e+03 -1.092164e+03 2.321342e+04 -1.792700e+03 -4.144886e+03 1.518749e+03 2.179853e+03 -5.478915e+03 1.398995e+03 -1.235070e+03 2.645803e+04 -1.970600e+03 4.672083e+03 -1.846672e+03 -2.863234e+03 6.241574e+03 2.645432e+04 2.373138e+03 -8.932499e+02 -9.977455e+02 2.421686e+03 6.246176e+03 3.644573e+03 1.254649e+03
-7.373737e-03 -3.055153e+04 -2.668232e+03 1.119778e+03 1.478923e+03 3.254286e+03 7.234456e+03 4.584837e+03 1.519714e+03 1.104094e+03 -1.443011e+03 2.351980e+04 -1.823990e+03 -4.621297e+03 1.507224e+03 2.222191e+03 -5.567646e+03 1.385458e+03 -1.635006e+03 2.680773e+04 -2.007563e+03 5.215397e+03 -1.832881e+03 -2.916939e+03 6.343179e+03 2.680397e+04 2.412612e+03 -8.844333e+02 -1.305298e+03 2.471234e+03 6.347855e+03 4.062552e+03 1.245187e+03
-7.171717e-03 -3.092453e+04 -2.715155e+03 1.107967e+03 1.847567e+03 3.317836e+03 7.344631e+03 5.083975e+03 1.507109e+03 1.092144e+03 -1.811987e+03 2.380612e+04 -1.855576e+03 -5.120155e+03 1.494464e+03 2.265107e+03 -5.651614e+03 1.370792e+03 -2.055619e+03 2.713455e+04 -2.044884e+03 5.784355e+03 -1.817588e+03 -2.971393e+03 6.439358e+03 2.713074e+04 2.452463e+03 -8.748830e+02 -1.628707e+03 2.521455e+03 6.444104e+03 4.500213e+03 1.234705e+03
-6.969697e-03 -3.126794e+04 -2.762482e+03 1.095204e+03 2.234482e+03 3.382198e+03 7.447704e+03 5.605777e+03 1.493202e+03 1.079256e+03 -2.199281e+03 2.406966e+04 -1.887424e+03 -5.641634e+03 1.480414e+03 2.308564e+03 -5.730118e+03 1.354956e+03 -2.497124e+03 2.743542e+04 -2.082523e+03 6.379160e+03 -1.800724e+03 -3.026548e+03 6.529310e+03 2.743156e+04 2.492650e+03 -8.645747e+02 -1.968135e+03 2.572303e+03 6.534121e+03 4.957710e+03 1.223157e+03
-6.767677e-03 -3.157805e+04 -2.810161e+03 1.081458e+03 2.639765e+03 3.447310e+03 7.542706e+03 6.150302e+03 1.477934e+03 1.065401e+03 -2.604987e+03 2.430758e+04 -1.919499e+03 -6.185794e+03 1.465017e+03 2.352518e+03 -5.802414e+03 1.337911e+03 -2.959630e+03 2.770707e+04 -2.120438e+03 6.999879e+03 -1.782220e+03 -3.082349e+03 6.612185e+03 2.770318e+04 2.533127e+03 -8.534848e+02 -2.323666e+03 2.623727e+03 6.617057e+03 5.435094e+03 1.210496e+03
-6.565657e-03 -3.185097e+04 -2.858132e+03 1.066696e+03 3.063405e+03 3.513098e+03 7.628613e+03 6.717480e+03 1.461250e+03 1.050550e+03 -3.029099e+03 2.451687e+04 -1.951759e+03 -6.752561e+03 1.448219e+03 2.396920e+03 -5.867721e+03 1.319620e+03 -3.443129e+03 2.794609e+04 -2.158580e+03 7.646432e+03 -1.762009e+03 -3.138735e+03 6.687090e+03 2.794216e+04 2.573843e+03 -8.415906e+02 -2.695292e+03 2.675672e+03 6.692017e+03 5.932301e+03 1.196676e+03
-6.363636e-03 -3.208260e+04 -2.906330e+03 1.050891e+03 3.505279e+03 3.579484e+03 7.704354e+03 7.307090e+03 1.443091e+03 1.034674e+03 -3.471490e+03 2.469439e+04 -1.984161e+03 -7.341717e+03 1.429963e+03 2.441716e+03 -5.925218e+03 1.300044e+03 -3.947478e+03 2.814889e+04 -2.196900e+03 8.318570e+03 -1.740022e+03 -3.195638e+03 6.753089e+03 2.814493e+04 2.614744e+03 -8.288702e+02 -3.082901e+03 2.728072e+03 6.758064e+03 6.449137e+03 1.181651e+03
-6.161616e-03 -3.226871e+04 -2.954686e+03 1.034013e+03 3.965129e+03 3.646377e+03 7.768815e+03 7.918751e+03 1.423403e+03 1.017748e+03 -3.931907e+03 2.483688e+04 -2.016658e+03 -7.952877e+03 1.410197e+03 2.486846e+03 -5.974050e+03 1.279150e+03 -4.472388e+03 2.831175e+04 -2.235340e+03 9.015856e+03 -1.716191e+03 -3.252980e+03 6.809203e+03 2.830777e+04 2.655769e+03 -8.153032e+02 -3.486270e+03 2.780857e+03 6.814220e+03 6.985267e+03 1.165377e+03
-5.959596e-03 -3.240489e+04 -3.003124e+03 1.016037e+03 4.442556e+03 3.713680e+03 7.820837e+03 8.551897e+03 1.402131e+03 9.997481e+02 -4.409948e+03 2.494096e+04 -2.049198e+03 -8.585477e+03 1.388867e+03 2.532241e+03 -6.013332e+03 1.256904e+03 -5.017403e+03 2.843082e+04 -2.273842e+03 9.737647e+03 -1.690453e+03 -3.310678e+03 6.854423e+03 2.842682e+04 2.696855e+03 -8.008703e+02 -3.905048e+03 2.833950e+03 6.859473e+03 7.540194e+03 1.147809e+03
-5.757576e-03 -3.248664e+04 -3.051563e+03 9.969383e+02 4.937003e+03 3.781283e+03 7.859232e+03 9.205767e+03 1.379222e+03 9.806507e+02 -4.905057e+03 2.500316e+04 -2.081728e+03 -9.238756e+03 1.365921e+03 2.577831e+03 -6.042153e+03 1.233275e+03 -5.581887e+03 2.850215e+04 -2.312339e+03 1.048307e+04 -1.662743e+03 -3.368639e+03 6.887707e+03 2.849813e+04 2.737932e+03 -7.855541e+02 -4.338745e+03 2.887263e+03 6.892782e+03 8.113251e+03 1.128905e+03
-5.555556e-03 -3.250938e+04 -3.099916e+03 9.766938e+02 5.447742e+03 3.849069e+03 7.882785e+03 9.879383e+03 1.354625e+03 9.604362e+02 -5.416504e+03 2.501996e+04 -2.114188e+03 -9.911737e+03 1.341312e+03 2.623534e+03 -6.059583e+03 1.208234e+03 -6.165008e+03 2.852171e+04 -2.350765e+03 1.125102e+04 -1.633001e+03 -3.426761e+03 6.907994e+03 2.851768e+04 2.778927e+03 -7.693390e+02 -4.786722e+03 2.940705e+03 6.913084e+03 8.703581e+03 1.108624e+03
-5.353535e-03 -3.246845e+04 -3.148090e+03 9.552843e+02 5.973859e+03 3.916910e+03 7.890268e+03 1.057154e+04 1.328293e+03 9.390867e+02 -5.943375e+03 2.498779e+04 -2.146516e+03 -1.060321e+04 1.314994e+03 2.669264e+03 -6.064682e+03 1.181758e+03 -6.765726e+03 2.848542e+04 -2.389043e+03 1.204012e+04 -1.601170e+03 -3.484936e+03 6.914208e+03 2.848140e+04 2.819761e+03 -7.522114e+02 -5.248180e+03 2.994174e+03 6.919304e+03 9.310125e+03 1.086929e+03
-5.151515e-03 -3.235921e+04 -3.195988e+03 9.326928e+02 6.514245e+03 3.984667e+03 7.880444e+03 1.128078e+04 1.300180e+03 9.165876e+02 -6.484560e+03 2.490307e+04 -2.178647e+03 -1.131174e+04 1.286924e+03 2.714928e+03 -6.056505e+03 1.153824e+03 -7.382773e+03 2.838922e+04 -2.427098e+03 1.284871e+04 -1.567197e+03 -3.543043e+03 6.905270e+03 2.838521e+04 2.860352e+03 -7.341601e+02 -5.722144e+03 3.047560e+03 6.910360e+03 9.931614e+03 1.063783e+03
-4.949495e-03 -3.217705e+04 -3.243506e+03 9.089056e+02 7.067586e+03 4.052192e+03 7.852089e+03 1.200541e+04 1.270248e+03 8.929272e+02 -7.038740e+03 2.476226e+04 -2.210512e+03 -1.203560e+04 1.257063e+03 2.760426e+03 -6.034113e+03 1.124415e+03 -8.014647e+03 2.822906e+04 -2.464847e+03 1.367484e+04 -1.531033e+03 -3.600955e+03 6.880108e+03 2.822507e+04 2.900610e+03 -7.151766e+02 -6.207462e+03 3.100748e+03 6.885180e+03 1.056655e+04 1.039154e+03
-4.747475e-03 -3.191746e+04 -3.290536e+03 8.839126e+02 7.632348e+03 4.119326e+03 7.803999e+03 1.274343e+04 1.238459e+03 8.680973e+02 -7.604382e+03 2.456190e+04 -2.242037e+03 -1.277283e+04 1.225379e+03 2.805651e+03 -5.996586e+03 1.093517e+03 -8.659598e+03 2.800099e+04 -2.502204e+03 1.451626e+04 -1.492638e+03 -3.658538e+03 6.837670e+03 2.799703e+04 2.940446e+03 -6.952548e+02 -6.702790e+03 3.153612e+03 6.842711e+03 1.121319e+04 1.013015e+03
-4.545455e-03 -3.157609e+04 -3.336963e+03 8.577073e+02 8.206779e+03 4.185901e+03 7.735011e+03 1.349260e+04 1.204784e+03 8.420934e+02 -8.179727e+03 2.429864e+04 -2.273146e+03 -1.352116e+04 1.191841e+03 2.850490e+03 -5.943033e+03 1.061122e+03 -9.315623e+03 2.770120e+04 -2.539078e+03 1.537040e+04 -1.451973e+03 -3.715645e+03 6.776937e+03 2.769727e+04 2.979762e+03 -6.743920e+02 -7.206590e+03 3.206020e+03 6.781934e+03 1.186958e+04 9.853411e+02
-4.343434e-03 -3.114880e+04 -3.382671e+03 8.302873e+02 8.788896e+03 4.251737e+03 7.644014e+03 1.425038e+04 1.169199e+03 8.149151e+02 -8.762791e+03 2.396929e+04 -2.303762e+03 -1.427808e+04 1.156429e+03 2.894823e+03 -5.872606e+03 1.027226e+03 -9.980457e+03 2.732604e+04 -2.575376e+03 1.623437e+04 -1.409012e+03 -3.772123e+03 6.696940e+03 2.732217e+04 3.018460e+03 -6.525884e+02 -7.717123e+03 3.257832e+03 6.701880e+03 1.253348e+04 9.561135e+02
-4.141414e-03 -3.063176e+04 -3.427537e+03 8.016546e+02 9.376490e+03 4.316649e+03 7.529976e+03 1.501396e+04 1.131686e+03 7.865659e+02 -9.351359e+03 2.357092e+04 -2.333803e+03 -1.504076e+04 1.119125e+03 2.938525e+03 -5.784515e+03 9.918301e+02 -1.065158e+04 2.687217e+04 -2.611002e+03 1.710495e+04 -1.363733e+03 -3.827813e+03 6.596776e+03 2.686836e+04 3.056436e+03 -6.298477e+02 -8.232453e+03 3.308901e+03 6.601643e+03 1.320243e+04 9.253187e+02
-3.939394e-03 -3.002148e+04 -3.471435e+03 7.718159e+02 9.967126e+03 4.380441e+03 7.391957e+03 1.578022e+04 1.092236e+03 7.570542e+02 -9.942993e+03 2.310085e+04 -2.363185e+03 -1.580612e+04 1.079923e+03 2.981464e+03 -5.678040e+03 9.549426e+02 -1.132620e+04 2.633653e+04 -2.645855e+03 1.797861e+04 -1.316125e+03 -3.882546e+03 6.475624e+03 2.633280e+04 3.093584e+03 -6.061771e+02 -8.750443e+03 3.359075e+03 6.480402e+03 1.387372e+04 8.929496e+02
-3.737374e-03 -2.931493e+04 -3.514236e+03 7.407825e+02 1.055815e+04 4.442910e+03 7.229131e+03 1.654581e+04 1.050845e+03 7.263926e+02 -1.053503e+04 2.255674e+04 -2.391823e+03 -1.657078e+04 1.038820e+03 3.023503e+03 -5.552551e+03 9.165767e+02 -1.200129e+04 2.571647e+04 -2.679834e+03 1.885150e+04 -1.266186e+03 -3.936148e+03 6.332761e+03 2.571282e+04 3.129796e+03 -5.815877e+02 -9.268768e+03 3.408195e+03 6.337435e+03 1.454439e+04 8.590054e+02
-3.535354e-03 -2.850961e+04 -3.555811e+03 7.085711e+02 1.114670e+04 4.503846e+03 7.040811e+03 1.730710e+04 1.007523e+03 6.945989e+02 -1.112460e+04 2.193667e+04 -2.419630e+03 -1.733113e+04 9.958253e+02 3.064504e+03 -5.407521e+03 8.767521e+02 -1.267358e+04 2.500978e+04 -2.712836e+03 1.971950e+04 -1.213925e+03 -3.988439e+03 6.167586e+03 2.500622e+04 3.164962e+03 -5.560941e+02 -9.784915e+03 3.456096e+03 6.172139e+03 1.521128e+04 8.234924e+02
-3.333333e-03 -2.760360e+04 -3.596026e+03 6.752035e+02 1.172971e+04 4.563034e+03 6.826461e+03 1.806023e+04 9.622836e+02 6.616956e+02 -1.170865e+04 2.123918e+04 -2.446518e+03 -1.808331e+04 9.509561e+02 3.104321e+03 -5.242544e+03 8.354950e+02 -1.333957e+04 2.421478e+04 -2.744755e+03 2.057820e+04 -1.159362e+03 -4.039233e+03 5.979634e+03 2.421134e+04 3.198970e+03 -5.297152e+02 -1.029621e+04 3.502611e+03 5.984049e+03 1.587099e+04 7.864246e+02
-3.131313e-03 -2.659568e+04 -3.634749e+03 6.407067e+02 1.230397e+04 4.620255e+03 6.585727e+03 1.880112e+04 9.151550e+02 6.277104e+02 -1.228394e+04 2.046331e+04 -2.472399e+03 -1.882325e+04 9.042392e+02 3.142808e+03 -5.057349e+03 7.928383e+02 -1.399558e+04 2.333041e+04 -2.775486e+03 2.142296e+04 -1.102530e+03 -4.088343e+03 5.768593e+03 2.332709e+04 3.231709e+03 -5.024737e+02 -1.079981e+04 3.547569e+03 5.772853e+03 1.651997e+04 7.478243e+02
-2.929293e-03 -2.548534e+04 -3.671846e+03 6.051134e+02 1.286610e+04 4.675289e+03 6.318449e+03 1.952553e+04 8.661736e+02 5.926762e+02 -1.284708e+04 1.960869e+04 -2.497186e+03 -1.954672e+04 8.557117e+02 3.179817e+03 -4.851813e+03 7.488220e+02 -1.463775e+04 2.235622e+04 -2.804924e+03 2.224892e+04 -1.043472e+03 -4.135579e+03 5.534325e+03 2.235304e+04 3.263067e+03 -4.743964e+02 -1.129278e+04 3.590798e+03 5.538413e+03 1.715448e+04 7.077218e+02
-2.727273e-03 -2.427292e+04 -3.707186e+03 5.684618e+02 1.341260e+04 4.727913e+03 6.024682e+03 2.022905e+04 8.153871e+02 5.566308e+02 -1.339459e+04 1.867557e+04 -2.520790e+03 -2.024932e+04 8.054213e+02 3.215200e+03 -4.625980e+03 7.034925e+02 -1.526208e+04 2.129252e+04 -2.832965e+03 2.305108e+04 -9.822478e+02 -4.180749e+03 5.276878e+03 2.128949e+04 3.292933e+03 -4.455140e+02 -1.177203e+04 3.632124e+03 5.280776e+03 1.777070e+04 6.661565e+02
-2.525253e-03 -2.295963e+04 -3.740639e+03 5.307955e+02 1.393992e+04 4.777906e+03 5.704708e+03 2.090720e+04 7.628545e+02 5.196174e+02 -1.392288e+04 1.766489e+04 -2.543128e+03 -2.092657e+04 7.534264e+02 3.248808e+03 -4.380068e+03 6.569036e+02 -1.586451e+04 2.014035e+04 -2.859506e+03 2.382431e+04 -9.189272e+02 -4.223664e+03 4.996501e+03 2.013748e+04 3.321199e+03 -4.158614e+02 -1.223446e+04 3.671375e+03 5.000193e+03 1.836467e+04 6.231766e+02
-2.323232e-03 -2.154758e+04 -3.772079e+03 4.921636e+02 1.444443e+04 4.825051e+03 5.359055e+03 2.155544e+04 7.086460e+02 4.816839e+02 -1.442833e+04 1.657827e+04 -2.564115e+03 -2.157394e+04 6.997964e+02 3.280497e+03 -4.114483e+03 6.091157e+02 -1.644091e+04 1.890157e+04 -2.884448e+03 2.456345e+04 -8.535950e+02 -4.264135e+03 4.693655e+03 1.889888e+04 3.347759e+03 -3.854773e+02 -1.267689e+04 3.708382e+03 4.697124e+03 1.893245e+04 5.788396e+02
-2.121212e-03 -2.003985e+04 -3.801383e+03 4.526205e+02 1.492254e+04 4.869135e+03 4.988503e+03 2.216926e+04 6.528431e+02 4.428834e+02 -1.490734e+04 1.541808e+04 -2.583671e+03 -2.218693e+04 6.446117e+02 3.310125e+03 -3.829821e+03 5.601957e+02 -1.698715e+04 1.757890e+04 -2.907694e+03 2.526334e+04 -7.863495e+02 -4.301982e+03 4.369023e+03 1.757639e+04 3.372511e+03 -3.544043e+02 -1.309616e+04 3.742979e+03 4.372252e+03 1.947005e+04 5.332119e+02
-1.919192e-03 -1.844050e+04 -3.828435e+03 4.122258e+02 1.537069e+04 4.909953e+03 4.594087e+03 2.274419e+04 5.955389e+02 4.032736e+02 -1.535634e+04 1.418744e+04 -2.601719e+03 -2.276107e+04 5.879634e+02 3.337553e+03 -3.526878e+03 5.102174e+02 -1.749917e+04 1.617587e+04 -2.929151e+03 2.591889e+04 -7.173024e+02 -4.337026e+03 4.023512e+03 1.617356e+04 3.395356e+03 -3.226887e+02 -1.348915e+04 3.775008e+03 4.026486e+03 1.997359e+04 4.863692e+02
-1.717172e-03 -1.675457e+04 -3.853125e+03 3.710440e+02 1.578544e+04 4.947309e+03 4.177103e+03 2.327591e+04 5.368372e+02 3.629166e+02 -1.577188e+04 1.289023e+04 -2.618187e+03 -2.329206e+04 5.299534e+02 3.362653e+03 -3.206646e+03 4.592606e+02 -1.797303e+04 1.469691e+04 -2.948734e+03 2.652517e+04 -6.465787e+02 -4.369100e+03 3.658255e+03 1.469482e+04 3.416204e+03 -2.903801e+02 -1.385285e+04 3.804315e+03 3.660960e+03 2.043928e+04 4.383957e+02
-1.515152e-03 -1.498805e+04 -3.875349e+03 3.291443e+02 1.616347e+04 4.981020e+03 3.739102e+03 2.376028e+04 4.768525e+02 3.218788e+02 -1.615064e+04 1.153105e+04 -2.633008e+03 -2.377576e+04 4.706939e+02 3.385301e+03 -2.870315e+03 4.074110e+02 -1.840497e+04 1.314729e+04 -2.966360e+03 2.707747e+04 -5.743158e+02 -4.398045e+03 3.274612e+03 1.314541e+04 3.434967e+03 -2.575316e+02 -1.418436e+04 3.830758e+03 3.277033e+03 2.086350e+04 3.893846e+02
-1.313131e-03 -1.314788e+04 -3.895014e+03 2.866002e+02 1.650172e+04 5.010916e+03 3.281884e+03 2.419344e+04 4.157095e+02 2.802306e+02 -1.648953e+04 1.011524e+04 -2.646119e+03 -2.420832e+04 4.103064e+02 3.405384e+03 -2.519263e+03 3.547597e+02 -1.879143e+04 1.153308e+04 -2.981955e+03 2.757138e+04 -5.006634e+02 -4.423715e+03 2.874154e+03 1.153143e+04 3.451567e+03 -2.241992e+02 -1.448097e+04 3.854205e+03 2.876280e+03 2.124286e+04 3.394368e+02
-1.111111e-03 -1.124188e+04 -3.912035e+03 2.434892e+02 1.679732e+04 5.036843e+03 2.807478e+03 2.457184e+04 3.535419e+02 2.380458e+02 -1.678571e+04 8.648816e+03 -2.657465e+03 -2.458618e+04 3.489218e+02 3.422799e+03 -2.155046e+03 3.014030e+02 -1.912919e+04 9.861139e+03 -2.995452e+03 2.800284e+04 -4.257823e+02 -4.445978e+03 2.458660e+03 9.859731e+03 3.465933e+03 -1.904415e+02 -1.474019e+04 3.874538e+03 2.460478e+03 2.157425e+04 2.886607e+02
-9.090909e-04 -9.278668e+03 -3.926336e+03 1.998923e+02 1.704776e+04 5.058665e+03 2.318133e+03 2.489229e+04 2.904923e+02 1.954014e+02 -1.703664e+04 7.138406e+03 -2.666997e+03 -2.490619e+04 2.866787e+02 3.437456e+03 -1.779385e+03 2.474415e+02 -1.941534e+04 8.139033e+03 -3.006793e+03 2.836825e+04 -3.498432e+02 -4.464717e+03 2.030095e+03 8.137870e+03 3.478003e+03 -1.563199e+02 -1.495980e+04 3.891649e+03 2.031597e+03 2.185490e+04 2.371715e+02
-7.070707e-04 -7.267603e+03 -3.937855e+03 1.558935e+02 1.725085e+04 5.076266e+03 1.816285e+03 2.515208e+04 2.267103e+02 1.523772e+02 -1.724013e+04 5.591200e+03 -2.674673e+03 -2.516561e+04 2.237231e+02 3.449277e+03 -1.394148e+03 1.929796e+02 -1.964739e+04 6.374961e+03 -3.015927e+03 2.866447e+04 -2.730259e+02 -4.479832e+03 1.590592e+03 6.374050e+03 3.487724e+03 -1.218974e+02 -1.513789e+04 3.905450e+03 1.591769e+03 2.208242e+04 1.850904e+02
-5.050505e-04 -5.218649e+03 -3.946541e+03 1.115795e+02 1.740479e+04 5.089552e+03 1.304535e+03 2.534895e+04 1.623520e+02 1.090552e+02 -1.739436e+04 4.014861e+03 -2.680461e+03 -2.536220e+04 1.602069e+02 3.458199e+03 -1.001326e+03 1.381252e+02 -1.982328e+04 4.577662e+03 -3.022813e+03 2.888894e+04 -1.955174e+02 -4.491241e+03 1.142426e+03 4.577008e+03 3.495053e+03 -8.723918e+01 -1.527288e+04 3.915866e+03 1.143272e+03 2.225482e+04 1.325436e+02
-3.030303e-04 -3.142264e+03 -3.952353e+03 6.703876e+01 1.750819e+04 5.098450e+03 7.856163e+02 2.548117e+04 9.757835e+01 6.551907e+01 -1.749797e+04 2.417432e+03 -2.684333e+03 -2.549423e+04 9.628670e+01 3.464175e+03 -6.030133e+02 8.298855e+01 -1.994144e+04 2.756309e+03 -3.027422e+03 2.903971e+04 -1.175109e+02 -4.498882e+03 6.879887e+02 2.755915e+03 3.499958e+03 -5.241155e+01 -1.536356e+04 3.922841e+03 6.884977e+02 2.237062e+04 7.966124e+01
-1.010101e-04 -1.049275e+03 -3.955265e+03 2.236146e+01 1.756013e+04 5.102911e+03 2.623566e+02 2.554757e+04 3.255405e+01 2.185405e+01 -1.755001e+04 8.072357e+02 -2.686274e+03 -2.556054e+04 3.212273e+01 3.467171e+03 -2.013755e+02 2.768179e+01 -2.000078e+04 9.203949e+02 -3.029731e+03 2.911543e+04 -3.920378e+01 -4.502714e+03 2.297534e+02 9.202634e+02 3.502415e+03 -1.748188e+01 -1.540910e+04 3.926339e+03 2.299234e+02 2.242877e+04 2.657632e+01
1.010101e-04 1.049275e+03 -3.955265e+03 -2.236146e+01 1.756013e+04 5.102911e+03 -2.623566e+02 2.554757e+04 -3.255405e+01 -2.185405e+01 -1.755001e+04 -8.072357e+02 -2.686274e+03 -2.556054e+04 -3.212273e+01 3.467171e+03 2.013755e+02 -2.768179e+01 -2.000078e+04 -9.203949e+02 -3.029731e+03 2.911543e+04 3.920378e+01 -4.502714e+03 -2.297534e+02 -9.202634e+02 3.502415e+03 1.748188e+01 -1.540910e+04 3.926339e+03 -2.299234e+02 2.242877e+04 -2.657632e+01
3.030303e-04 3.142264e+03 -3.952353e+03 -6.703876e+01 1.750819e+04 5.098450e+03 -7.856163e+02 2.548117e+04 -9.757835e+01 -6.551907e+01 -1.749797e+04 -2.417432e+03 -2.684333e+03 -2.549423e+04 -9.628670e+01 3.464175e+03 6.030133e+02 -8.298855e+01 -1.994144e+04 -2.756309e+03 -3.027422e+03 2.903971e+04 1.175109e+02 -4.498882e+03 -6.879887e+02 -2.755915e+03 3.499958e+03 5.241155e+01 -1.536356e+04 3.922841e+03 -6.884977e+02 2.237062e+04 -7.966124e+01
5.050505e-04 5.218649e+03 -3.946541e+03 -1.115795e+02 1.740479e+04 5.089552e+03 -1.304535e+03 2.534895e+04 -1.623520e+02 -1.090552e+02 -1.739436e+04 -4.014861e+03 -2.680461e+03 -2.536220e+04 -1.602069e+02 3.458199e+03 1.001326e+03 -1.381252e+02 -1.982328e+04 -4.577662e+03 -3.022813e+03 2.888894e+04 1.955174e+02 -4.491241e+03 -1.142426e+03 -4.577008e+03 3.495053e+03 8.723918e+01 -1.527288e+04 3.915866e+03 -1.143272e+03 2.225482e+04 -1.325436e+02
7.070707e-04 7.267603e+03 -3.937855e+03 -1.558935e+02 1.725085e+04 5.076266e+03 -1.816285e+03 2.515208e+04 -2.267103e+02 -1.523772e+02 -1.724013e+04 -5.591200e+03 -2.674673e+03 -2.516561e+04 -2.237231e+02 3.449277e+03 1.394148e+03 -1.929796e+02 -1.964739e+04 -6.374961e+03 -3.015927e+03 2.866447e+04 2.730259e+02 -4.479832e+03 -1.590592e+03 -6.374050e+03 3.487724e+03 1.218974e+02 -1.513789e+04 3.905450e+03 -1.591769e+03 2.208242e+04 -1.850904e+02
9.090909e-04 9.278668e+03 -3.926336e+03 -1.998923e+02 1.704776e+04 5.058665e+03 -2.318133e+03 2.489229e+04 -2.904923e+02 -1.954014e+02 -1.703664e+04 -7.138406e+03 -2.666997e+03 -2.490619e+04 -2.866787e+02 3.437456e+03 1.779385e+03 -2.474415e+02 -1.941534e+04 -8.139033e+03 -3.006793e+03 2.836825e+04 3.498432e+02 -4.464717e+03 -2.030095e+03 -8.137870e+03 3.478003e+03 1.563199e+02 -1.495980e+04 3.891649e+03 -2.031597e+03 2.185490e+04 -2.371715e+02
1.111111e-03 1.124188e+04 -3.912035e+03 -2.434892e+02 1.679732e+04 5.036843e+03 -2.807478e+03 2.457184e+04 -3.535419e+02 -2.380458e+02 -1.678571e+04 -8.648816e+03 -2.657465e+03 -2.458618e+04 -3.489218e+02 3.422799e+03 2.155046e+03 -3.014030e+02 -1.912919e+04 -9.861139e+03 -2.995452e+03 2.800284e+04 4.257823e+02 -4.445978e+03 -2.458660e+03 -9.859731e+03 3.465933e+03 1.904415e+02 -1.474019e+04 3.874538e+03 -2.460478e+03 2.157425e+04 -2.886607e+02
1.313131e-03 1.314788e+04 -3.895014e+03 -2.866002e+02 1.650172e+04 5.010916e+03 -3.281884e+03 2.419344e+04 -4.157095e+02 -2.802306e+02 -1.648953e+04 -1.011524e+04 -2.646119e+03 -2.420832e+04 -4.103064e+02 3.405384e+03 2.519263e+03 -3.547597e+02 -1.879143e+04 -1.153308e+04 -2.981955e+03 2.757138e+04 5.006634e+02 -4.423715e+03 -2.874154e+03 -1.153143e+04 3.451567e+03 2.241992e+02 -1.448097e+04 3.854205e+03 -2.876280e+03 2.124286e+04 -3.394368e+02
1.515152e-03 1.498805e+04 -3.875349e+03 -3.291443e+02 1.616347e+04 4.981020e+03 -3.739102e+03 2.376028e+04 -4.768525e+02 -3.218788e+02 -1.615064e+04 -1.153105e+04 -2.633008e+03 -2.377576e+04 -4.706939e+02 3.385301e+03 2.870315e+03 -4.074110e+02 -1.840497e+04 -1.314729e+04 -2.966360e+03 2.707747e+04 5.743158e+02 -4.398045e+03 -3.274612e+03 -1.314541e+04 3.434967e+03 2.575316e+02 -1.418436e+04 3.830758e+03 -3.277033e+03 2.086350e+04 -3.893846e+02
1.717172e-03 1.675457e+04 -3.853125e+03 -3.710440e+02 1.578544e+04 4.947309e+03 -4.177103e+03 2.327591e+04 -5.368372e+02 -3.629166e+02 -1.577188e+04 -1.289023e+04 -2.618187e+03 -2.329206e+04 -5.299534e+02 3.362653e+03 3.206646e+03 -4.592606e+02 -1.797303e+04 -1.469691e+04 -2.948734e+03 2.652517e+04 6.465787e+02 -4.369100e+03 -3.658255e+03 -1.469482e+04 3.416204e+03 2.903801e+02 -1.385285e+04 3.804315e+03 -3.660960e+03 2.043928e+04 -4.383957e+02
1.919192e-03 1.844050e+04 -3.828435e+03 -4.122258e+02 1.537069e+04 4.909953e+03 -4.594087e+03 2.274419e+04 -5.955389e+02 -4.032736e+02 -1.535634e+04 -1.418744e+04 -2.601719e+03 -2.276107e+04 -5.879634e+02 3.337553e+03 3.526878e+03 -5.102174e+02 -1.749917e+04 -1.617587e+04 -2.929151e+03 2.591889e+04 7.173024e+02 -4.337026e+03 -4.023512e+03 -1.617356e+04 3.395356e+03 3.226887e+02 -1.348915e+04 3.775008e+03 -4.026486e+03 1.997359e+04 -4.863692e+02
2.121212e-03 2.003985e+04 -3.801383e+03 -4.526205e+02 1.492254e+04 4.869135e+03 -4.988503e+03 2.216926e+04 -6.528431e+02 -4.428834e+02 -1.490734e+04 -1.541808e+04 -2.583671e+03 -2.218693e+04 -6.446117e+02 3.310125e+03 3.829821e+03 -5.601957e+02 -1.698715e+04 -1.757890e+04 -2.907694e+03 2.526334e+04 7.863495e+02 -4.301982e+03 -4.369023e+03 -1.757639e+04 3.372511e+03 3.544043e+02 -1.309616e+04 3.742979e+03 -4.372252e+03 1.947005e+04 -5.332119e+02
2.323232e-03 2.154758e+04 -3.772079e+03 -4.921636e+02 1.444443e+04 4.825051e+03 -5.359055e+03 2.155544e+04 -7.086460e+02 -4.816839e+02 -1.442833e+04 -1.657827e+04 -2.564115e+03 -2.157394e+04 -6.997964e+02 3.280497e+03 4.114483e+03 -6.091157e+02 -1.644091e+04 -1.890157e+04 -2.884448e+03 2.456345e+04 8.535950e+02 -4.264135e+03 -4.693655e+03 -1.889888e+04 3.347759e+03 3.854773e+02 -1.267689e+04 3.708382e+03 -4.697124e+03 1.893245e+04 -5.788396e+02
2.525253e-03 2.295963e+04 -3.740639e+03 -5.307955e+02 1.393992e+04 4.777906e+03 -5.704708e+03 2.090720e+04 -7.628545e+02 -5.196174e+02 -1.392288e+04 -1.766489e+04 -2.543128e+03 -2.092657e+04 -7.534264e+02 3.248808e+03 4.380068e+03 -6.569036e+02 -1.586451e+04 -2.014035e+04 -2.859506e+03 2.382431e+04 9.189272e+02 -4.223664e+03 -4.996501e+03 -2.013748e+04 3.321199e+03 4.158614e+02 -1.223446e+04 3.671375e+03 -5.000193e+03 1.836467e+04 -6.231766e+02
2.727273e-03 2.427292e+04 -3.707186e+03 -5.684618e+02 1.341260e+04 4.727913e+03 -6.024682e+03 2.022905e+04 -8.153871e+02 -5.566308e+02 -1.339459e+04 -1.867557e+04 -2.520790e+03 -2.024932e+04 -8.054213e+02 3.215200e+03 4.625980e+03 -7.034925e+02 -1.526208e+04 -2.129252e+04 -2.832965e+03 2.305108e+04 9.822478e+02 -4.180749e+03 -5.276878e+03 -2.128949e+04 3.292933e+03 4.455140e+02 -1.177203e+04 3.632124e+03 -5.280776e+03 1.777070e+04 -6.661565e+02
2.929293e-03 2.548534e+04 -3.671846e+03 -6.051134e+02 1.286610e+04 4.675289e+03 -6.318449e+03 1.952553e+04 -8.661736e+02 -5.926762e+02 -1.284708e+04 -1.960869e+04 -2.497186e+03 -1.954672e+04 -8.557117e+02 3.179817e+03 4.851813e+03 -7.488220e+02 -1.463775e+04 -2.235622e+04 -2.804924e+03 2.224892e+04 1.043472e+03 -4.135579e+03 -5.534325e+03 -2.235304e+04 3.263067e+03 4.743964e+02 -1.129278e+04 3.590798e+03 -5.538413e+03 1.715448e+04 -7.077218e+02
3.131313e-03 2.659568e+04 -3.634749e+03 -6.407067e+02 1.230397e+04 4.620255e+03 -6.585727e+03 1.880112e+04 -9.151550e+02 -6.277104e+02 -1.228394e+04 -2.046331e+04 -2.472399e+03 -1.882325e+04 -9.042392e+02 3.142808e+03 5.057349e+03 -7.928383e+02 -1.399558e+04 -2.333041e+04 -2.775486e+03 2.142296e+04 1.102530e+03 -4.088343e+03 -5.768593e+03 -2.332709e+04 3.231709e+03 5.024737e+02 -1.079981e+04 3.547569e+03 -5.772853e+03 1.651997e+04 -7.478243e+02
3.333333e-03 2.760360e+04 -3.596026e+03 -6.752035e+02 1.172971e+04 4.563034e+03 -6.826461e+03 1.806023e+04 -9.622836e+02 -6.616956e+02 -1.170865e+04 -2.123918e+04 -2.446518e+03 -1.808331e+04 -9.509561e+02 3.104321e+03 5.242544e+03 -8.354950e+02 -1.333957e+04 -2.421478e+04 -2.744755e+03 2.057820e+04 1.159362e+03 -4.039233e+03 -5.979634e+03 -2.421134e+04 3.198970e+03 5.297152e+02 -1.029621e+04 3.502611e+03 -5.984049e+03 1.587099e+04 -7.864246e+02
3.535354e-03 2.850961e+04 -3.555811e+03 -7.085711e+02 1.114670e+04 4.503846e+03 -7.040811e+03 1.730710e+04 -1.007523e+03 -6.945989e+02 -1.112460e+04 -2.193667e+04 -2.419630e+03 -1.733113e+04 -9.958253e+02 3.064504e+03 5.407521e+03 -8.767521e+02 -1.267358e+04 -2.500978e+04 -2.712836e+03 1.971950e+04 1.213925e+03 -3.988439e+03 -6.167586e+03 -2.500622e+04 3.164962e+03 5.560941e+02 -9.784915e+03 3.456096e+03 -6.172139e+03 1.521128e+04 -8.234924e+02
3.737374e-03 2.931493e+04 -3.514236e+03 -7.407825e+02 1.055815e+04 4.442910e+03 -7.229131e+03 1.654581e+04 -1.050845e+03 -7.263926e+02 -1.053503e+04 -2.255674e+04 -2.391823e+03 -1.657078e+04 -1.038820e+03 3.023503e+03 5.552551e+03 -9.165767e+02 -1.200129e+04 -2.571647e+04 -2.679834e+03 1.885150e+04 1.266186e+03 -3.936148e+03 -6.332761e+03 -2.571282e+04 3.129796e+03 5.815877e+02 -9.268768e+03 3.408195e+03 -6.337435e+03 1.454439e+04 -8.590054e+02
3.939394e-03 3.002148e+04 -3.471435e+03 -7.718159e+02 9.967126e+03 4.380441e+03 -7.391957e+03 1.578022e+04 -1.092236e+03 -7.570542e+02 -9.942993e+03 -2.310085e+04 -2.363185e+03 -1.580612e+04 -1.079923e+03 2.981464e+03 5.678040e+03 -9.549426e+02 -1.132620e+04 -2.633653e+04 -2.645855e+03 1.797861e+04 1.316125e+03 -3.882546e+03 -6.475624e+03 -2.633280e+04 3.093584e+03 6.061771e+02 -8.750443e+03 3.359075e+03 -6.480402e+03 1.387372e+04 -8.929496e+02
4.141414e-03 3.063176e+04 -3.427537e+03 -8.016546e+02 9.376490e+03 4.316649e+03 -7.529976e+03 1.501396e+04 -1.131686e+03 -7.865659e+02 -9.351359e+03 -2.357092e+04 -2.333803e+03 -1.504076e+04 -1.119125e+03 2.938525e+03 5.784515e+03 -9.918301e+02 -1.065158e+04 -2.687217e+04 -2.611002e+03 1.710495e+04 1.363733e+03 -3.827813e+03 -6.596776e+03 -2.686836e+04 3.056436e+03 6.298477e+02 -8.232453e+03 3.308901e+03 -6.601643e+03 1.320243e+04 -9.253187e+02
4.343434e-03 3.114880e+04 -3.382671e+03 -8.302873e+02 8.788896e+03 4.251737e+03 -7.644014e+03 1.425038e+04 -1.169199e+03 -8.149151e+02 -8.762791e+03 -2.396929e+04 -2.303762e+03 -1.427808e+04 -1.156429e+03 2.894823e+03 5.872606e+03 -1.027226e+03 -9.980457e+03 -2.732604e+04 -2.575376e+03 1.623437e+04 1.409012e+03 -3.772123e+03 -6.696940e+03 -2.732217e+04 3.018460e+03 6.525884e+02 -7.717123e+03 3.257832e+03 -6.701880e+03 1.253348e+04 -9.561135e+02
4.545455e-03 3.157609e+04 -3.336963e+03 -8.577073e+02 8.206779e+03 4.185901e+03 -7.735011e+03 1.349260e+04 -1.204784e+03 -8.420934e+02 -8.179727e+03 -2.429864e+04 -2.273146e+03 -1.352116e+04 -1.191841e+03 2.850490e+03 5.943033e+03 -1.061122e+03 -9.315623e+03 -2.770120e+04 -2.539078e+03 1.537040e+04 1.451973e+03 -3.715645e+03 -6.776937e+03 -2.769727e+04 2.979762e+03 6.743920e+02 -7.206590e+03 3.206020e+03 -6.781934e+03 1.186958e+04 -9.853411e+02
4.747475e-03 3.191746e+04 -3.290536e+03 -8.839126e+02 7.632348e+03 4.119326e+03 -7.803999e+03 1.274343e+04 -1.238459e+03 -8.680973e+02 -7.604382e+03 -2.456190e+04 -2.242037e+03 -1.277283e+04 -1.225379e+03 2.805651e+03 5.996586e+03 -1.093517e+03 -8.659598e+03 -2.800099e+04 -2.502204e+03 1.451626e+04 1.492638e+03 -3.658538e+03 -6.837670e+03 -2.799703e+04 2.940446e+03 6.952548e+02 -6.702790e+03 3.153612e+03 -6.842711e+03 1.121319e+04 -1.013015e+03
4.949495e-03 3.217705e+04 -3.243506e+03 -9.089056e+02 7.067586e+03 4.052192e+03 -7.852089e+03 1.200541e+04 -1.270248e+03 -8.929272e+02 -7.038740e+03 -2.476226e+04 -2.210512e+03 -1.203560e+04 -1.257063e+03 2.760426e+03 6.034113e+03 -1.124415e+03 -8.014647e+03 -2.822906e+04 -2.464847e+03 1.367484e+04 1.531033e+03 -3.600955e+03 -6.880108e+03 -2.822507e+04 2.900610e+03 7.151766e+02 -6.207462e+03 3.100748e+03 -6.885180e+03 1.056655e+04 -1.039154e+03
5.151515e-03 3.235921e+04 -3.195988e+03 -9.326928e+02 6.514245e+03 3.984667e+03 -7.880444e+03 1.128078e+04 -1.300180e+03 -9.165876e+02 -6.484560e+03 -2.490307e+04 -2.178647e+03 -1.131174e+04 -1.286924e+03 2.714928e+03 6.056505e+03 -1.153824e+03 -7.382773e+03 -2.838922e+04 -2.427098e+03 1.284871e+04 1.567197e+03 -3.543043e+03 -6.905270e+03 -2.838521e+04 2.860352e+03 7.341601e+02 -5.722144e+03 3.047560e+03 -6.910360e+03 9.931614e+03 -1.063783e+03
5.353535e-03 3.246845e+04 -3.148090e+03 -9.552843e+02 5.973859e+03 3.916910e+03 -7.890268e+03 1.057154e+04 -1.328293e+03 -9.390867e+02 -5.943375e+03 -2.498779e+04 -2.146516e+03 -1.060321e+04 -1.314994e+03 2.669264e+03 6.064682e+03 -1.181758e+03 -6.765726e+03 -2.848542e+04 -2.389043e+03 1.204012e+04 1.601170e+03 -3.484936e+03 -6.914208e+03 -2.848140e+04 2.819761e+03 7.522114e+02 -5.248180e+03 2.994174e+03 -6.919304e+03 9.310125e+03 -1.086929e+03
5.555556e-03 3.250938e+04 -3.099916e+03 -9.766938e+02 5.447742e+03 3.849069e+03 -7.882785e+03 9.879383e+03 -1.354625e+03 -9.604362e+02 -5.416504e+03 -2.501996e+04 -2.114188e+03 -9.911737e+03 -1.341312e+03 2.623534e+03 6.059583e+03 -1.208234e+03 -6.165008e+03 -2.852171e+04 -2.350765e+03 1.125102e+04 1.633001e+03 -3.426761e+03 -6.907994e+03 -2.851768e+04 2.778927e+03 7.693390e+02 -4.786722e+03 2.940705e+03 -6.913084e+03 8.703581e+03 -1.108624e+03
5.757576e-03 3.248664e+04 -3.051563e+03 -9.969383e+02 4.937003e+03 3.781283e+03 -7.859232e+03 9.205767e+03 -1.379222e+03 -9.806507e+02 -4.905057e+03 -2.500316e+04 -2.081728e+03 -9.238756e+03 -1.365921e+03 2.577831e+03 6.042153e+03 -1.233275e+03 -5.581887e+03 -2.850215e+04 -2.312339e+03 1.048307e+04 1.662743e+03 -3.368639e+03 -6.887707e+03 -2.849813e+04 2.737932e+03 7.855541e+02 -4.338745e+03 2.887263e+03 -6.892782e+03 8.113251e+03 -1.128905e+03
5.959596e-03 3.240489e+04 -3.003124e+03 -1.016037e+03 4.442556e+03 3.713680e+03 -7.820837e+03 8.551897e+03 -1.402131e+03 -9.997481e+02 -4.409948e+03 -2.494096e+04 -2.049198e+03 -8.585477e+03 -1.388867e+03 2.532241e+03 6.013332e+03 -1.256904e+03 -5.017403e+03 -2.843082e+04 -2.273842e+03 9.737647e+03 1.690453e+03 -3.310678e+03 -6.854423e+03 -2.842682e+04 2.696855e+03 8.008703e+02 -3.905048e+03 2.833950e+03 -6.859473e+03 7.540194e+03 -1.147809e+03
6.161616e-03 3.226871e+04 -2.954686e+03 -1.034013e+03 3.965129e+03 3.646377e+03 -7.768815e+03 7.918751e+03 -1.423403e+03 -1.017748e+03 -3.931907e+03 -2.483688e+04 -2.016658e+03 -7.952877e+03 -1.410197e+03 2.486846e+03 5.974050e+03 -1.279150e+03 -4.472388e+03 -2.831175e+04 -2.235340e+03 9.015856e+03 1.716191e+03 -3.252980e+03 -6.809203e+03 -2.830777e+04 2.655769e+03 8.153032e+02 -3.486270e+03 2.780857e+03 -6.814220e+03 6.985267e+03 -1.165377e+03
6.363636e-03 3.208260e+04 -2.906330e+03 -1.050891e+03 3.505279e+03 3.579484e+03 -7.704354e+03 7.307090e+03 -1.443091e+03 -1.034674e+03 -3.471490e+03 -2.469439e+04 -1.984161e+03 -7.341717e+03 -1.429963e+03 2.441716e+03 5.925218e+03 -1.300044e+03 -3.947478e+03 -2.814889e+04 -2.196900e+03 8.318570e+03 1.740022e+03 -3.195638e+03 -6.753089e+03 -2.814493e+04 2.614744e+03 8.288702e+02 -3.082901e+03 2.728072e+03 -6.758064e+03 6.449137e+03 -1.181651e+03
6.565657e-03 3.185097e+04 -2.858132e+03 -1.066696e+03 3.063405e+03 3.513098e+03 -7.628613e+03 6.717480e+03 -1.461250e+03 -1.050550e+03 -3.029099e+03 -2.451687e+04 -1.951759e+03 -6.752561e+03 -1.448219e+03 2.396920e+03 5.867721e+03 -1.319620e+03 -3.443129e+03 -2.794609e+04 -2.158580e+03 7.646432e+03 1.762009e+03 -3.138735e+03 -6.687090e+03 -2.794216e+04 2.573843e+03 8.415906e+02 -2.695292e+03 2.675672e+03 -6.692017e+03 5.932301e+03 -1.196676e+03
6.767677e-03 3.157805e+04 -2.810161e+03 -1.081458e+03 2.639765e+03 3.447310e+03 -7.542706e+03 6.150302e+03 -1.477934e+03 -1.065401e+03 -2.604987e+03 -2.430758e+04 -1.919499e+03 -6.185794e+03 -1.465017e+03 2.352518e+03 5.802414e+03 -1.337911e+03 -2.959630e+03 -2.770707e+04 -2.120438e+03 6.999879e+03 1.782220e+03 -3.082349e+03 -6.612185e+03 -2.770318e+04 2.533127e+03 8.534848e+02 -2.323666e+03 2.623727e+03 -6.617057e+03 5.435094e+03 -1.210496e+03
6.969697e-03 3.126794e+04 -2.762482e+03 -1.095204e+03 2.234482e+03 3.382198e+03 -7.447704e+03 5.605777e+03 -1.493202e+03 -1.079256e+03 -2.199281e+03 -2.406966e+04 -1.887424e+03 -5.641634e+03 -1.480414e+03 2.308564e+03 5.730118e+03 -1.354956e+03 -2.497124e+03 -2.743542e+04 -2.082523e+03 6.379160e+03 1.800724e+03 -3.026548e+03 -6.529310e+03 -2.743156e+04 2.492650e+03 8.645747e+02 -1.968135e+03 2.572303e+03 -6.534121e+03 4.957710e+03 -1.223157e+03
7.171717e-03 3.092453e+04 -2.715155e+03 -1.107967e+03 1.847567e+03 3.317836e+03 -7.344631e+03 5.083975e+03 -1.507109e+03 -1.092144e+03 -1.811987e+03 -2.380612e+04 -1.855576e+03 -5.120155e+03 -1.494464e+03 2.265107e+03 5.651614e+03 -1.370792e+03 -2.055619e+03 -2.713455e+04 -2.044884e+03 5.784355e+03 1.817588e+03 -2.971393e+03 -6.439358e+03 -2.713074e+04 2.452463e+03 8.748830e+02 -1.628707e+03 2.521455e+03 -6.444104e+03 4.500213e+03 -1.234705e+03
7.373737e-03 3.055153e+04 -2.668232e+03 -1.119778e+03 1.478923e+03 3.254286e+03 -7.234456e+03 4.584837e+03 -1.519714e+03 -1.104094e+03 -1.443011e+03 -2.351980e+04 -1.823990e+03 -4.621297e+03 -1.507224e+03 2.222191e+03 5.567646e+03 -1.385458e+03 -1.635006e+03 -2.680773e+04 -2.007563e+03 5.215397e+03 1.832881e+03 -2.916939e+03 -6.343179e+03 -2.680397e+04 2.412612e+03 8.844333e+02 -1.305298e+03 2.471234e+03 -6.347855e+03 4.062552e+03 -1.245187e+03
7.575758e-03 3.015247e+04 -2.621764e+03 -1.130668e+03 1.128365e+03 3.191605e+03 -7.118093e+03 4.108188e+03 -1.531074e+03 -1.115137e+03 -1.092164e+03 -2.321342e+04 -1.792700e+03 -4.144886e+03 -1.518749e+03 2.179853e+03 5.478915e+03 -1.398995e+03 -1.235070e+03 -2.645803e+04 -1.970600e+03 4.672083e+03 1.846672e+03 -2.863234e+03 -6.241574e+03 -2.645432e+04 2.373138e+03 8.932499e+02 -9.977455e+02 2.421686e+03 -6.246176e+03 3.644573e+03 -1.254649e+03
7.777778e-03 2.973065e+04 -2.575793e+03 -1.140671e+03 7.956280e+02 3.129842e+03 -6.996405e+03 3.653749e+03 -1.541245e+03 -1.125304e+03 -7.591809e+02 -2.288951e+04 -1.761736e+03 -3.690645e+03 -1.529094e+03 2.138127e+03 5.386081e+03 -1.411444e+03 -8.555086e+02 -2.608836e+04 -1.934029e+03 4.154098e+03 1.859029e+03 -2.810319e+03 -6.135295e+03 -2.608470e+04 2.334080e+03 9.013576e+02 -7.058181e+02 2.372850e+03 -6.139820e+03 3.246036e+03 -1.263137e+03
7.979798e-03 2.928918e+04 -2.530361e+03 -1.149819e+03 4.803792e+02 3.069037e+03 -6.870195e+03 3.221156e+03 -1.550282e+03 -1.134627e+03 -4.437268e+02 -2.255046e+04 -1.731126e+03 -3.258213e+03 -1.538314e+03 2.097041e+03 5.289760e+03 -1.422844e+03 -4.959384e+02 -2.570145e+04 -1.897882e+03 3.661025e+03 1.870018e+03 -2.758229e+03 -6.025047e+03 -2.569784e+04 2.295472e+03 9.087814e+02 -4.292240e+02 2.324759e+03 -6.029492e+03 2.866621e+03 -1.270695e+03
8.181818e-03 2.883095e+04 -2.485500e+03 -1.158145e+03 1.822283e+02 3.009228e+03 -6.740214e+03 2.809971e+03 -1.558241e+03 -1.143137e+03 -1.454100e+02 -2.219851e+04 -1.700892e+03 -2.847150e+03 -1.546462e+03 2.056620e+03 5.190526e+03 -1.433237e+03 -1.559125e+02 -2.529982e+04 -1.862188e+03 3.192364e+03 1.879706e+03 -2.706997e+03 -5.911486e+03 -2.529627e+04 2.257343e+03 9.155465e+02 -1.676211e+02 2.277442e+03 -5.915848e+03 2.505947e+03 -1.277369e+03
8.383838e-03 2.835866e+04 -2.441244e+03 -1.165683e+03 -9.926305e+01 2.950444e+03 -6.607155e+03 2.419692e+03 -1.565175e+03 -1.150866e+03 1.362095e+02 -2.183571e+04 -1.671057e+03 -2.456959e+03 -1.553591e+03 2.016885e+03 5.088912e+03 -1.442664e+03 1.650710e+02 -2.488585e+04 -1.826971e+03 2.747543e+03 1.888156e+03 -2.656646e+03 -5.795218e+03 -2.488236e+04 2.219721e+03 9.216783e+02 7.937438e+01 2.230924e+03 -5.799497e+03 2.163575e+03 -1.283202e+03
8.585859e-03 2.787480e+04 -2.397618e+03 -1.172464e+03 -3.645719e+02 2.892709e+03 -6.471660e+03 2.049767e+03 -1.571137e+03 -1.157845e+03 4.016104e+02 -2.146400e+04 -1.641639e+03 -2.087089e+03 -1.559753e+03 1.977852e+03 4.985410e+03 -1.451165e+03 4.675586e+02 -2.446172e+04 -1.792252e+03 2.325931e+03 1.895433e+03 -2.607197e+03 -5.676807e+03 -2.445829e+04 2.182628e+03 9.272021e+02 3.121805e+02 2.185224e+03 -5.681000e+03 1.839023e+03 -1.288236e+03
8.787879e-03 2.738168e+04 -2.354646e+03 -1.178523e+03 -6.142063e+02 2.836043e+03 -6.334319e+03 1.699602e+03 -1.576178e+03 -1.164106e+03 6.513027e+02 -2.108514e+04 -1.612654e+03 -1.736946e+03 -1.564997e+03 1.939536e+03 4.880472e+03 -1.458781e+03 7.521323e+02 -2.402945e+04 -1.758051e+03 1.926850e+03 1.901597e+03 -2.558668e+03 -5.556769e+03 -2.402608e+04 2.146085e+03 9.321428e+02 5.312427e+02 2.140358e+03 -5.560875e+03 1.531771e+03 -1.292513e+03
8.989899e-03 2.688142e+04 -2.312348e+03 -1.183889e+03 -8.486982e+02 2.780460e+03 -6.195673e+03 1.368571e+03 -1.580347e+03 -1.169680e+03 8.858200e+02 -2.070076e+04 -1.584117e+03 -1.405906e+03 -1.569372e+03 1.901946e+03 4.774513e+03 -1.465550e+03 1.019401e+03 -2.359090e+04 -1.724383e+03 1.549586e+03 1.906708e+03 -2.511070e+03 -5.435575e+03 -2.358760e+04 2.110109e+03 9.365253e+02 7.370268e+02 2.096339e+03 -5.439595e+03 1.241272e+03 -1.296074e+03
9.191919e-03 2.637594e+04 -2.270741e+03 -1.188595e+03 -1.068597e+03 2.725971e+03 -6.056214e+03 1.056022e+03 -1.583692e+03 -1.174597e+03 1.105713e+03 -2.031236e+04 -1.556039e+03 -1.093320e+03 -1.572926e+03 1.865090e+03 4.667909e+03 -1.471511e+03 1.269993e+03 -2.314778e+04 -1.691262e+03 1.193396e+03 1.910823e+03 -2.464412e+03 -5.313658e+03 -2.314453e+04 2.074716e+03 9.403741e+02 9.300142e+02 2.053176e+03 -5.317590e+03 9.669564e+02 -1.298957e+03
9.393939e-03 2.586701e+04 -2.229839e+03 -1.192672e+03 -1.274462e+03 2.672583e+03 -5.916389e+03 7.612881e+02 -1.586260e+03 -1.178887e+03 1.311544e+03 -1.992128e+04 -1.528430e+03 -7.985217e+02 -1.575703e+03 1.828972e+03 4.561005e+03 -1.476704e+03 1.504550e+03 -2.270161e+04 -1.658700e+03 8.575193e+02 1.913999e+03 -2.418700e+03 -5.191409e+03 -2.269843e+04 2.039916e+03 9.437133e+02 1.110696e+03 2.010875e+03 -5.195254e+03 7.082413e+02 -1.301200e+03
9.595960e-03 2.535625e+04 -2.189651e+03 -1.196149e+03 -1.466862e+03 2.620300e+03 -5.776603e+03 4.836909e+02 -1.588095e+03 -1.182580e+03 1.503882e+03 -1.952876e+04 -1.501297e+03 -5.208352e+02 -1.577748e+03 1.793597e+03 4.454111e+03 -1.481163e+03 1.723721e+03 -2.225382e+04 -1.626704e+03 5.411813e+02 1.916289e+03 -2.373936e+03 -5.069183e+03 -2.225070e+04 2.005719e+03 9.465664e+02 1.279570e+03 1.969438e+03 -5.072940e+03 4.645332e+02 -1.302840e+03
9.797980e-03 2.484510e+04 -2.150188e+03 -1.199057e+03 -1.646365e+03 2.569121e+03 -5.637220e+03 2.225470e+02 -1.589240e+03 -1.185704e+03 1.683298e+03 -1.913593e+04 -1.474648e+03 -2.595783e+02 -1.579104e+03 1.758964e+03 4.347506e+03 -1.484927e+03 1.928157e+03 -2.180568e+04 -1.595282e+03 2.436025e+02 1.917745e+03 -2.330121e+03 -4.947298e+03 -2.180263e+04 1.972133e+03 9.489565e+02 1.437134e+03 1.928868e+03 -4.950968e+03 2.352344e+02 -1.303912e+03
1.000000e-02 2.433487e+04 -2.111454e+03 -1.201422e+03 -1.813538e+03 2.519043e+03 -5.498567e+03 -2.282713e+01 -1.589737e+03 -1.188287e+03 1.850361e+03 -1.874378e+04 -1.448485e+03 -1.406902e+01 -1.579810e+03 1.725071e+03 4.241440e+03 -1.488029e+03 2.118507e+03 -2.135834e+04 -1.564439e+03 -3.599684e+01 1.918416e+03 -2.287253e+03 -4.826039e+03 -2.135534e+04 1.939164e+03 9.509062e+02 1.583885e+03 1.889162e+03 -4.829623e+03 1.974697e+01 -1.304449e+03
