-1.000000e-02 -6.742313e+02 3.344839e+03 3.016095e+03 -1.811528e+04 -2.298054e+03 -6.740368e+04 -2.215170e+04 2.449469e+03 2.978275e+03 1.803761e+04 4.704637e+02 2.297546e+03 2.222947e+04 2.407389e+03 -1.587694e+03 5.194366e+04 3.625869e+03 2.064290e+04 5.674680e+02 3.047687e+03 -2.533112e+04 -2.986094e+03 1.669969e+03 -5.917282e+04 5.624339e+02 -2.505885e+03 -2.468648e+03 1.582972e+04 -2.156111e+03 -5.916901e+04 -1.943995e+04 1.962438e+03
-9.797980e-03 -6.449013e+02 3.490967e+03 3.077219e+03 -1.872063e+04 -2.378730e+03 -7.150156e+04 -2.310103e+04 2.490025e+03 3.037108e+03 1.863987e+04 4.469169e+02 2.397543e+03 2.318186e+04 2.445526e+03 -1.643211e+03 5.509964e+04 3.698333e+03 2.133281e+04 5.413295e+02 3.175356e+03 -2.641651e+04 -3.034865e+03 1.732771e+03 -6.276917e+04 5.359513e+02 -2.620408e+03 -2.518123e+03 1.635813e+04 -2.227379e+03 -6.276511e+04 -2.027292e+04 1.993937e+03
-9.595960e-03 -6.116471e+02 3.647597e+03 3.141176e+03 -1.935326e+04 -2.463713e+03 -7.594620e+04 -2.411523e+04 2.531916e+03 3.098578e+03 1.926921e+04 4.203147e+02 2.504721e+03 2.419930e+04 2.484794e+03 -1.701699e+03 5.852263e+04 3.774104e+03 2.205382e+04 5.117439e+02 3.312212e+03 -2.757604e+04 -3.085232e+03 1.798921e+03 -6.666980e+04 5.059906e+02 -2.743143e+03 -2.569852e+03 1.691030e+04 -2.302464e+03 -6.666548e+04 -2.116281e+04 2.026370e+03
-9.393939e-03 -5.739833e+02 3.815804e+03 3.208189e+03 -2.001442e+04 -2.553297e+03 -8.077576e+04 -2.520062e+04 2.575210e+03 3.162885e+03 1.992685e+04 3.902815e+02 2.619817e+03 2.528814e+04 2.525234e+03 -1.763362e+03 6.224201e+04 3.853438e+03 2.280734e+04 4.782860e+02 3.459197e+03 -2.881694e+04 -3.137273e+03 1.868646e+03 -7.090821e+04 4.721228e+02 -2.874930e+03 -2.624008e+03 1.748731e+04 -2.381628e+03 -7.090361e+04 -2.211516e+04 2.059775e+03
-9.191919e-03 -5.313549e+02 3.996810e+03 3.278506e+03 -2.070531e+04 -2.647798e+03 -8.603371e+04 -2.636436e+04 2.619978e+03 3.230251e+03 2.061401e+04 3.563875e+02 2.743665e+03 2.645556e+04 2.566895e+03 -1.828420e+03 6.629127e+04 3.936620e+03 2.359476e+04 4.404695e+02 3.617381e+03 -3.014741e+04 -3.191073e+03 1.942193e+03 -7.552256e+04 4.338577e+02 -3.016723e+03 -2.680786e+03 1.809020e+04 -2.465156e+03 -7.551765e+04 -2.313627e+04 2.094190e+03
-8.989899e-03 -4.831253e+02 4.192010e+03 3.352408e+03 -2.142715e+04 -2.747559e+03 -9.176976e+04 -2.761461e+04 2.666301e+03 3.300928e+03 2.133184e+04 3.181401e+02 2.877218e+03 2.770973e+04 2.609825e+03 -1.897111e+03 7.070864e+04 4.023971e+03 2.441745e+04 3.977365e+02 3.787987e+03 -3.157675e+04 -3.246723e+03 2.019826e+03 -8.055645e+04 3.906327e+02 -3.169610e+03 -2.740406e+03 1.872001e+04 -2.553352e+03 -8.055119e+04 -2.423328e+04 2.129660e+03
-8.787879e-03 -4.285617e+02 4.403007e+03 3.430212e+03 -2.218108e+04 -2.852951e+03 -9.804090e+04 -2.896068e+04 2.714267e+03 3.375202e+03 2.208148e+04 2.749721e+02 3.021573e+03 2.905999e+04 2.654078e+03 -1.969692e+03 7.553805e+04 4.115857e+03 2.527671e+04 3.494451e+02 3.972418e+03 -3.311560e+04 -3.304326e+03 2.101831e+03 -8.605989e+04 3.418005e+02 -3.334842e+03 -2.803115e+03 1.937772e+04 -2.646548e+03 -8.605426e+04 -2.541436e+04 2.166228e+03
-8.585859e-03 -3.668173e+02 4.631647e+03 3.512282e+03 -2.296813e+04 -2.964372e+03 -1.049128e+05 -3.041325e+04 2.763974e+03 3.453394e+03 2.286393e+04 2.262284e+02 3.177990e+03 3.051706e+04 2.699711e+03 -2.046440e+03 8.083005e+04 4.212692e+03 2.617374e+04 2.948537e+02 4.172293e+03 -3.477617e+04 -3.363994e+03 2.188519e+03 -9.209054e+04 2.866133e+02 -3.513859e+03 -2.869197e+03 2.006422e+04 -2.745102e+03 -9.208450e+04 -2.668888e+04 2.203946e+03
-8.383838e-03 -2.969101e+02 4.880074e+03 3.599034e+03 -2.378921e+04 -3.082254e+03 -1.124616e+05 -3.198467e+04 2.815533e+03 3.535876e+03 2.368006e+04 1.711491e+02 3.347933e+03 3.209329e+04 2.746786e+03 -2.127657e+03 8.664319e+04 4.314952e+03 2.710955e+04 2.331020e+02 4.389488e+03 -3.657256e+04 -3.425852e+03 2.280223e+03 -9.871512e+04 2.242034e+02 -3.708333e+03 -2.938974e+03 2.078027e+04 -2.849403e+03 -9.870861e+04 -2.806769e+04 2.242866e+03
-8.181818e-03 -2.176956e+02 5.150784e+03 3.690948e+03 -2.464498e+04 -3.207065e+03 -1.207756e+05 -3.368926e+04 2.869067e+03 3.623075e+03 2.453051e+04 1.088489e+02 3.533109e+03 3.380306e+04 2.795375e+03 -2.213669e+03 9.304557e+04 4.423186e+03 2.808491e+04 1.631878e+02 4.626193e+03 -3.852115e+04 -3.490045e+03 2.377304e+03 -1.060112e+05 1.535601e+02 -3.920209e+03 -3.012822e+03 2.152642e+04 -2.959871e+03 -1.060042e+05 -2.956335e+04 2.283052e+03
-7.979798e-03 -1.278339e+02 5.446710e+03 3.788583e+03 -2.553582e+04 -3.339307e+03 -1.299583e+05 -3.554378e+04 2.924722e+03 3.715488e+03 2.541559e+04 3.829124e+01 3.735521e+03 3.566316e+04 2.845554e+03 -2.304826e+03 1.001168e+05 4.538033e+03 2.910025e+04 8.393738e+01 4.884977e+03 -4.064106e+04 -3.556737e+03 2.480149e+03 -1.140696e+05 7.349961e+01 -4.151774e+03 -3.091175e+03 2.230295e+04 -3.076959e+03 -1.140620e+05 -3.119055e+04 2.324570e+03
-7.777778e-03 -2.574747e+01 5.771318e+03 3.892597e+03 -2.646165e+04 -3.479524e+03 -1.401313e+05 -3.756795e+04 2.982666e+03 3.813697e+03 2.633517e+04 -4.174423e+01 3.957535e+03 3.769336e+04 2.897416e+03 -2.401510e+03 1.079507e+05 4.660241e+03 3.015546e+04 -6.030624e+00 5.168878e+03 -4.295484e+04 -3.626118e+03 2.589178e+03 -1.229971e+05 -1.737138e+01 -4.405730e+03 -3.174544e+03 2.310975e+04 -3.201159e+03 -1.229889e+05 -3.296662e+04 2.367503e+03
-7.575758e-03 9.043225e+01 6.128735e+03 4.003767e+03 -2.742177e+04 -3.628300e+03 -1.514390e+05 -3.978519e+04 3.043098e+03 3.918390e+03 2.728851e+04 -1.327029e+02 4.201973e+03 3.991713e+04 2.951066e+03 -2.504131e+03 1.166581e+05 4.790699e+03 3.124978e+04 -1.083525e+02 5.481516e+03 -4.548924e+04 -3.698414e+03 2.704839e+03 -1.329202e+05 -1.207035e+02 -4.685293e+03 -3.263533e+03 2.394616e+04 -3.333002e+03 -1.329113e+05 -3.491209e+04 2.411944e+03
-7.373737e-03 2.229335e+02 6.523925e+03 4.123025e+03 -2.841468e+04 -3.786261e+03 -1.640532e+05 -4.222355e+04 3.106260e+03 4.030392e+03 2.827403e+04 -2.363083e+02 4.472222e+03 4.236260e+04 3.006634e+03 -2.613130e+03 1.263716e+05 4.930467e+03 3.238147e+04 -2.249794e+02 5.827240e+03 -4.827629e+04 -3.773898e+03 2.827615e+03 -1.439898e+05 -2.384651e+02 -4.994329e+03 -3.358864e+03 2.481080e+04 -3.473060e+03 -1.439801e+05 -3.705157e+04 2.458008e+03
-7.171717e-03 3.744340e+02 6.962906e+03 4.251498e+03 -2.943771e+04 -3.954081e+03 -1.781812e+05 -4.491696e+04 3.172446e+03 4.150697e+03 2.928896e+04 -3.546322e+02 4.772393e+03 4.506375e+04 3.064278e+03 -2.728983e+03 1.372506e+05 5.080829e+03 3.354751e+04 -3.582561e+02 6.211328e+03 -5.135475e+04 -3.852904e+03 2.958020e+03 -1.563877e+05 -3.730221e+02 -5.337528e+03 -3.461412e+03 2.570124e+04 -3.621950e+03 -1.563772e+05 -3.941485e+04 2.505836e+03
-6.969697e-03 5.481807e+02 7.453062e+03 4.390567e+03 -3.048664e+04 -4.132473e+03 -1.940744e+05 -4.790695e+04 3.242025e+03 4.280527e+03 3.032899e+04 -4.901865e+02 5.107529e+03 4.806222e+04 3.124200e+03 -2.852199e+03 1.494888e+05 5.243359e+03 3.474307e+04 -5.110255e+02 6.640255e+03 -5.477206e+04 -3.935847e+03 3.096600e+03 -1.703347e+05 -5.272431e+02 -5.720639e+03 -3.572249e+03 2.661369e+04 -3.780334e+03 -1.703231e+05 -4.203835e+04 2.555610e+03
-6.767677e-03 7.481500e+02 8.003561e+03 4.541950e+03 -3.155508e+04 -4.322196e+03 -2.120420e+05 -5.124499e+04 3.315470e+03 4.421396e+03 3.138761e+04 -6.460479e+02 5.483889e+03 5.140958e+04 3.186663e+03 -2.983320e+03 1.633242e+05 5.420012e+03 3.596089e+04 -6.867696e+02 7.122060e+03 -5.858700e+04 -4.023260e+03 3.243930e+03 -1.861020e+05 -7.046423e+02 -6.150802e+03 -3.692706e+03 2.754243e+04 -3.948919e+03 -1.860892e+05 -4.496724e+04 2.607563e+03
-6.565657e-03 9.792705e+02 8.625947e+03 4.707813e+03 -3.263369e+04 -4.524042e+03 -2.324685e+05 -5.499580e+04 3.393396e+03 4.575220e+03 3.245529e+04 -8.260307e+02 5.909357e+03 5.517071e+04 3.252018e+03 -3.122919e+03 1.790529e+05 5.613255e+03 3.719031e+04 -8.898036e+02 7.666869e+03 -6.287351e+04 -4.115838e+03 3.400608e+03 -2.040270e+05 -9.095757e+02 -6.637005e+03 -3.824466e+03 2.847912e+04 -4.128455e+03 -2.040130e+05 -4.825832e+04 2.662009e+03
-6.363636e-03 1.247736e+03 9.334994e+03 4.890944e+03 -3.370893e+04 -4.738826e+03 -2.558396e+05 -5.924221e+04 3.476625e+03 4.744457e+03 3.351833e+04 -1.034929e+03 6.394020e+03 5.942860e+04 3.320746e+03 -3.271594e+03 1.970489e+05 5.826263e+03 3.841592e+04 -1.125551e+03 8.287640e+03 -6.772616e+04 -4.214507e+03 3.567245e+03 -2.245360e+05 -1.147519e+03 -7.190749e+03 -3.969687e+03 2.941172e+04 -4.319730e+03 -2.245204e+05 -5.198425e+04 2.719379e+03
-6.161616e-03 1.561462e+03 1.014997e+04 5.094999e+03 -3.476136e+04 -4.967370e+03 -2.827793e+05 -6.409226e+04 3.566279e+03 4.932336e+03 3.455700e+04 -1.278871e+03 6.951030e+03 6.429150e+04 3.393525e+03 -3.429958e+03 2.177926e+05 6.063198e+03 3.961555e+04 -1.400942e+03 9.001272e+03 -7.326834e+04 -4.320536e+03 3.744445e+03 -2.481764e+05 -1.425470e+03 -7.827028e+03 -4.131209e+03 3.032292e+04 -4.523558e+03 -2.481591e+05 -5.623983e+04 2.780274e+03
-5.959596e-03 1.930764e+03 1.109655e+04 5.324891e+03 -3.576299e+04 -5.210459e+03 -3.141067e+05 -6.969019e+04 3.663935e+03 5.143200e+03 3.554299e+04 -1.565846e+03 7.597924e+03 6.990397e+04 3.471338e+03 -3.598622e+03 2.419146e+05 6.329658e+03 4.075732e+04 -1.725009e+03 9.830297e+03 -7.966479e+04 -4.435708e+03 3.932773e+03 -2.756672e+05 -1.752555e+03 -8.565834e+03 -4.312842e+03 3.118787e+04 -4.740759e+03 -2.756477e+05 -6.115164e+04 2.845569e+03
-5.757576e-03 2.369426e+03 1.220990e+04 5.587411e+03 -3.667320e+04 -5.468783e+03 -3.509243e+05 -7.623395e+04 3.771876e+03 5.383051e+03 3.643520e+04 -1.906531e+03 8.358709e+03 7.646435e+04 3.555647e+03 -3.778153e+03 2.702640e+05 6.633381e+03 4.179493e+04 -2.109822e+03 1.080557e+04 -8.714155e+04 -4.562605e+03 4.132699e+03 -3.079756e+05 -2.140966e+03 -9.434530e+03 -4.519857e+03 3.197050e+04 -4.972118e+03 -3.079537e+05 -6.689335e+04 2.916559e+03
-5.555556e-03 2.896428e+03 1.353976e+04 5.892270e+03 -3.743202e+04 -5.742820e+03 -3.947639e+05 -8.400440e+04 3.893516e+03 5.660481e+03 3.717302e+04 -2.315637e+03 9.267333e+03 8.425407e+04 3.648701e+03 -3.969020e+03 3.040201e+05 6.985432e+03 4.266006e+04 -2.571999e+03 1.197071e+04 -9.601935e+04 -4.705100e+03 4.344494e+03 -3.464460e+05 -2.607504e+03 -1.047181e+04 -4.759794e+03 3.261764e+04 -5.218314e+03 -3.464210e+05 -7.371141e+04 2.995236e+03
-5.353535e-03 3.538941e+03 1.515932e+04 6.253936e+03 -3.794879e+04 -6.032625e+03 -4.478390e+05 -9.341679e+04 4.034187e+03 5.988300e+03 3.766483e+04 -2.814226e+03 1.037377e+04 9.368918e+04 3.754105e+03 -4.171467e+03 3.448874e+05 7.402309e+03 4.324938e+04 -3.135333e+03 1.338996e+04 -1.067724e+05 -4.869240e+03 4.568048e+03 -3.930208e+05 -3.176223e+03 -1.173463e+04 -5.043891e+03 3.304888e+04 -5.479786e+03 -3.929920e+05 -8.197018e+04 3.084780e+03
-5.151515e-03 4.337859e+03 1.718202e+04 6.695137e+03 -3.808121e+04 -6.337407e+03 -5.135172e+05 -1.051181e+05 4.202636e+03 6.386647e+03 3.776685e+04 -3.434019e+03 1.175546e+04 1.054179e+05 3.877911e+03 -4.385282e+03 3.954588e+05 7.909934e+03 4.340073e+04 -3.835634e+03 1.516283e+04 -1.201394e+05 -5.064965e+03 4.802498e+03 -4.506550e+05 -3.883347e+03 -1.331125e+04 -5.389809e+03 3.313804e+04 -5.756465e+03 -4.506216e+05 -9.223732e+04 3.190528e+03
-4.949495e-03 5.359032e+03 1.979599e+04 7.254119e+03 -3.759348e+04 -6.654650e+03 -5.972822e+05 -1.201880e+05 4.414219e+03 6.889438e+03 3.724082e+04 -4.226116e+03 1.354085e+04 1.205221e+05 4.030961e+03 -4.609292e+03 4.599566e+05 8.551943e+03 4.284542e+04 -4.730567e+03 1.745445e+04 -1.373533e+05 -5.309736e+03 5.045453e+03 -5.241610e+05 -4.787230e+03 -1.534804e+04 -5.827275e+03 3.267604e+04 -6.047195e+03 -5.241213e+05 -1.054603e+05 3.322021e+03
-4.747475e-03 6.719010e+03 2.334431e+04 8.001680e+03 -3.606165e+04 -6.977968e+03 -7.089560e+05 -1.406088e+05 4.698500e+03 7.559493e+03 3.565832e+04 -5.281009e+03 1.596416e+04 1.409879e+05 4.234507e+03 -4.840144e+03 5.459438e+05 9.409133e+03 4.110033e+04 -5.922194e+03 2.056583e+04 -1.606777e+05 -5.637197e+03 5.291125e+03 -6.221577e+05 -5.991206e+03 -1.811192e+04 -6.411339e+03 3.128693e+04 -6.348348e+03 -6.221094e+05 -1.233783e+05 3.497943e+03
-4.545455e-03 8.655553e+03 2.854752e+04 9.088876e+03 -3.261805e+04 -7.291027e+03 -8.688237e+05 -1.705742e+05 5.120873e+03 8.530922e+03 3.214222e+04 -6.783399e+03 1.951731e+04 1.710172e+05 4.536277e+03 -5.068824e+03 6.690400e+05 1.065394e+04 3.717671e+04 -7.618733e+03 2.512929e+04 -1.949012e+05 -6.121818e+03 5.524995e+03 -7.624463e+05 -7.706186e+03 -2.216348e+04 -7.259489e+03 2.820099e+04 -6.649841e+03 -7.623852e+05 -1.496713e+05 3.760218e+03
-4.343434e-03 1.178527e+04 3.732815e+04 1.092537e+04 -2.503035e+04 -7.544296e+03 -1.130166e+06 -2.213560e+05 5.864677e+03 1.016756e+04 2.443488e+04 -9.212563e+03 2.551292e+04 2.219034e+05 5.071835e+03 -5.267291e+03 8.702716e+05 1.275408e+04 2.853072e+04 -1.036018e+04 3.283193e+04 -2.528947e+05 -6.972455e+03 5.703463e+03 -9.917834e+05 -1.047945e+04 -2.899848e+04 -8.690407e+03 2.143704e+04 -6.919882e+03 -9.917002e+05 -1.942296e+05 4.227858e+03
-4.141414e-03 1.883383e+04 5.843434e+04 1.540848e+04 -3.602814e+03 -7.491059e+03 -1.731774e+06 -3.446159e+05 7.806634e+03 1.415494e+04 2.724630e+03 -1.468837e+04 3.992397e+04 3.454084e+05 6.496982e+03 -5.293734e+03 1.333509e+06 1.787598e+04 4.113712e+03 -1.653354e+04 5.135066e+04 -3.936494e+05 -9.188094e+03 5.610232e+03 -1.519719e+06 -1.673162e+04 -4.542337e+04 -1.218025e+04 2.384862e+03 -6.996775e+03 -1.519581e+06 -3.023839e+05 5.476418e+03
-3.939394e-03 2.426826e+05 7.848049e+05 1.741060e+05 7.797202e+05 1.307042e+04 -2.145335e+07 -4.647873e+06 8.192503e+04 1.551529e+05 -7.902484e+05 -1.888281e+05 5.358826e+05 4.657036e+06 6.215050e+04 6.519047e+03 1.651942e+07 1.990917e+05 -8.885024e+05 -2.125696e+05 6.887800e+05 -5.307454e+06 -9.365017e+04 -1.244661e+04 -1.882655e+07 -2.155775e+05 -6.105840e+05 -1.356574e+05 -6.934955e+05 6.441764e+03 -1.882432e+07 -4.078285e+06 5.431387e+04
-3.737374e-03 1.487578e+04 3.684090e+04 9.735513e+03 -2.064534e+04 -9.654828e+03 -1.274745e+06 -2.063599e+05 4.294284e+03 9.120308e+03 2.006252e+04 -1.156689e+04 2.517641e+04 2.068937e+05 3.652716e+03 -6.694033e+03 9.815581e+05 1.140221e+04 2.353406e+04 -1.306839e+04 3.239411e+04 -2.357913e+05 -5.189747e+03 7.401122e+03 -1.118621e+06 -1.316623e+04 -2.862512e+04 -7.768044e+03 1.759989e+04 -8.699971e+03 -1.118552e+06 -1.810692e+05 2.977303e+03
-3.535354e-03 -3.991498e+04 -1.233622e+05 -2.252616e+04 -2.341536e+05 -1.367013e+04 3.300595e+06 7.218041e+05 -8.834734e+03 -1.953585e+04 2.356448e+05 3.095981e+04 -8.419003e+04 -7.230361e+05 -5.722185e+03 -8.972361e+03 -2.541407e+06 -2.543450e+04 2.668397e+05 3.491556e+04 -1.081928e+05 8.240208e+05 9.770453e+03 1.085970e+04 2.896393e+06 3.539309e+04 9.600088e+04 1.732919e+04 2.067801e+05 -1.135951e+04 2.896069e+06 6.333462e+05 -5.250311e+03
-3.333333e-03 1.728753e+03 -5.082075e+03 1.060101e+03 -7.806228e+04 -1.187630e+04 -1.425891e+05 4.292274e+04 4.252333e+02 1.416223e+03 7.802040e+04 -1.348620e+03 -3.443675e+03 -4.284778e+04 7.952013e+02 -8.085703e+03 1.097960e+05 1.497882e+03 8.896452e+04 -1.555150e+03 -4.402035e+03 4.883068e+04 -7.821451e+02 9.226522e+03 -1.251035e+05 -1.498030e+03 3.981833e+03 -1.019727e+03 6.845944e+04 -1.040937e+04 -1.251420e+05 3.766372e+04 4.686686e+02
-3.131313e-03 1.187321e+04 1.974014e+04 5.522179e+03 -3.932078e+04 -1.222908e+04 -9.335673e+05 -9.119080e+04 1.692782e+03 5.378198e+03 3.896653e+04 -9.199753e+03 1.349872e+04 9.153023e+04 1.542787e+03 -8.391506e+03 7.188229e+05 6.592382e+03 4.481590e+04 -1.043961e+04 1.737604e+04 -1.043167e+05 -2.225971e+03 9.468834e+03 -8.191970e+05 -1.046266e+04 -1.532919e+04 -4.489910e+03 3.418870e+04 -1.082533e+04 -8.191797e+05 -8.001319e+04 1.125188e+03
-2.929293e-03 1.255821e+04 1.907325e+04 5.179610e+03 -3.872680e+04 -1.302697e+04 -9.635169e+05 -8.057402e+04 1.281670e+03 5.070917e+03 3.838427e+04 -9.720118e+03 1.304226e+04 8.090431e+04 1.168465e+03 -8.930837e+03 7.418741e+05 6.199673e+03 4.413901e+04 -1.103948e+04 1.678666e+04 -9.220695e+04 -1.755713e+03 1.009630e+04 -8.454700e+05 -1.105691e+04 -1.481318e+04 -4.221991e+03 3.367776e+04 -1.151259e+04 -8.454566e+05 -7.069729e+04 7.980773e+02
-2.727273e-03 2.814778e+03 -5.363195e+03 1.117521e+03 -8.875463e+04 -1.398881e+04 -2.133533e+05 5.339508e+04 2.325248e+02 1.459167e+03 8.870324e+04 -2.182436e+03 -3.632836e+03 -5.330265e+04 5.865706e+02 -9.525180e+03 1.642762e+05 1.558707e+03 1.011508e+05 -2.505875e+03 -4.660644e+03 6.074580e+04 -5.570094e+02 1.086261e+04 -1.871948e+05 -2.450641e+03 4.185475e+03 -1.060989e+03 7.783264e+04 -1.226744e+04 -1.872321e+05 4.685265e+04 2.898535e+02
-2.525253e-03 -2.441210e+04 -6.557203e+04 -7.630706e+03 -2.379727e+05 -1.494333e+04 1.787474e+06 3.535735e+05 -6.947574e+02 -6.313810e+03 2.385971e+05 1.884133e+04 -4.470680e+04 -3.540230e+05 6.698596e+02 -1.004064e+04 -1.376247e+06 -8.434311e+03 2.712022e+05 2.134038e+04 -5.749765e+04 4.034716e+05 5.044058e+02 1.161771e+04 1.568513e+06 2.155357e+04 5.098960e+04 5.743360e+03 2.093627e+05 -1.293701e+04 1.568369e+06 3.102403e+05 3.665371e+02
-2.323232e-03 1.110866e+04 9.790152e+03 3.186189e+03 -5.264919e+04 -1.562249e+04 -8.021437e+05 -7.838957e+03 5.217456e+01 3.277556e+03 5.242833e+04 -8.577245e+03 6.704077e+03 8.072919e+03 1.465121e+02 -1.066959e+04 6.176033e+05 3.910194e+03 6.000493e+04 -9.768470e+03 8.627346e+03 -9.203149e+03 -3.403101e+02 1.212698e+04 -7.038466e+05 -9.753592e+03 -7.603526e+03 -2.661630e+03 4.600144e+04 -1.374085e+04 -7.038559e+05 -6.876144e+03 -8.768906e+01
-2.121212e-03 1.300507e+05 2.475887e+05 3.233089e+04 6.872548e+05 -1.696364e+04 -9.213511e+06 -1.028676e+06 -2.932216e+03 2.912446e+04 -6.898930e+05 -1.002817e+05 1.688648e+05 1.030801e+06 -6.251414e+03 -1.203921e+04 7.093789e+06 3.717887e+04 -7.832069e+05 -1.139397e+05 2.172868e+05 -1.174794e+06 3.069382e+03 1.321167e+04 -8.084674e+06 -1.144612e+05 -1.924104e+05 -2.530528e+04 -6.053729e+05 -1.539473e+04 -8.084272e+06 -9.025928e+05 -5.695127e+03
-1.919192e-03 -1.009684e+05 -2.132745e+05 -2.214499e+04 -8.242531e+05 -1.674092e+04 7.044079e+06 9.032016e+05 4.464672e+03 -1.922639e+04 8.261852e+05 7.780311e+04 -1.453780e+05 -9.045989e+05 7.483405e+03 -1.103454e+04 -5.423370e+06 -2.503095e+04 9.393563e+05 8.839506e+04 -1.871145e+05 1.030958e+06 -5.349318e+03 1.292289e+04 6.180980e+06 8.887010e+04 1.657060e+05 1.703366e+04 7.249494e+05 -1.434151e+04 6.180678e+06 7.925007e+05 6.365348e+03
-1.717172e-03 1.298500e+05 2.355416e+05 2.529487e+04 8.544879e+05 -1.940429e+04 -8.945951e+06 -7.762754e+05 -8.319489e+03 2.283046e+04 -8.566669e+05 -1.000198e+05 1.605656e+05 7.779565e+05 -1.086758e+04 -1.358635e+04 6.887677e+06 2.912107e+04 -9.738031e+05 -1.137619e+05 2.067036e+05 -8.866328e+05 9.233785e+03 1.515898e+04 -7.849796e+06 -1.141642e+05 -1.829642e+05 -1.981139e+04 -7.517037e+05 -1.735183e+04 -7.849480e+06 -6.811258e+05 -9.726500e+03
-1.515152e-03 1.016310e+04 2.798736e+03 1.765809e+03 -5.891449e+04 -1.935419e+04 -6.934546e+05 6.865345e+04 -8.414128e+02 1.935621e+03 5.879622e+04 -7.828899e+03 1.928213e+03 -6.849567e+04 -6.661374e+02 -1.318609e+04 5.339020e+05 2.240082e+03 6.714453e+04 -8.933710e+03 2.473596e+03 7.806058e+04 7.283316e+02 1.501703e+04 -6.084617e+05 -8.905934e+03 -2.179709e+03 -1.523443e+03 5.158950e+04 -1.699308e+04 -6.084800e+05 6.024129e+04 -7.620481e+02
-1.313131e-03 -3.079958e+04 -7.928402e+04 -4.741882e+03 -4.611536e+05 -1.990127e+04 2.074915e+06 2.983496e+05 2.903384e+03 -3.865130e+03 4.616335e+05 2.370007e+04 -5.398729e+04 -2.985902e+05 3.808789e+03 -1.346252e+04 -1.597488e+06 -5.209609e+03 5.255586e+05 2.694610e+04 -6.955510e+04 3.402976e+05 -3.519276e+03 1.539856e+04 1.820667e+06 2.708951e+04 6.154019e+04 3.542144e+03 4.050623e+05 -1.740651e+04 1.820571e+06 2.617835e+05 3.180043e+03
-1.111111e-03 -2.035859e+03 -2.307707e+04 -2.879668e+02 -1.861957e+05 -2.108446e+04 1.350065e+05 1.545053e+05 1.884552e+02 4.465585e+01 1.862677e+05 1.563147e+03 -1.569916e+04 -1.544697e+05 5.317403e+02 -1.433250e+04 -1.039399e+05 -1.473246e+02 2.122014e+05 1.756789e+03 -2.024010e+04 1.760444e+05 -4.014841e+02 1.634026e+04 1.184776e+05 1.811283e+03 1.790067e+04 1.001335e+02 1.634403e+05 -1.849456e+04 1.184406e+05 1.355704e+05 3.228247e+02
-9.090909e-04 1.617179e+03 -1.586061e+04 1.911641e+02 -1.462683e+05 -2.196330e+04 -1.082076e+05 1.469118e+05 -2.206297e+02 4.252888e+02 1.462968e+05 -1.246495e+03 -1.078547e+04 -1.468473e+05 2.090728e+01 -1.493653e+04 8.331089e+04 3.731909e+02 1.666978e+05 -1.438893e+03 -1.391183e+04 1.673571e+05 9.207199e+01 1.702170e+04 -9.493369e+04 -1.400497e+03 1.229689e+04 -2.536042e+02 1.283676e+05 -1.927266e+04 -9.495965e+04 1.289077e+05 -1.043593e+02
-7.070707e-04 -3.797049e+03 -3.078205e+04 -4.474865e+02 -2.455080e+05 -2.267346e+04 2.499303e+05 1.694103e+05 4.495979e+02 -1.898105e+02 2.456028e+05 2.917928e+03 -2.093997e+04 -1.693727e+05 7.154029e+02 -1.541266e+04 -1.924194e+05 -3.859700e+02 2.797980e+05 3.307529e+03 -2.700796e+04 1.930292e+05 -6.408913e+02 1.756559e+04 2.193120e+05 3.349811e+03 2.386631e+04 2.621219e+02 2.155035e+05 -1.989452e+04 2.192833e+05 1.486485e+05 5.287953e+02
-5.050505e-04 -8.030168e+04 -3.081545e+05 -8.596341e+03 -2.245087e+06 -2.290041e+04 5.277097e+06 3.218162e+05 1.053122e+04 -7.457814e+03 2.246147e+06 6.174191e+04 -2.096332e+05 -3.220403e+05 1.170580e+04 -1.550480e+04 -4.062794e+06 -9.722908e+03 2.558669e+06 7.031972e+04 -2.703891e+05 3.670238e+05 -1.209660e+04 1.770064e+04 4.630360e+06 7.050632e+04 2.389127e+05 6.602470e+03 1.970867e+06 -2.006356e+04 4.630257e+06 2.823736e+05 1.019847e+04
-3.030303e-04 -2.093262e+02 -2.259947e+04 -2.877292e+01 -1.934414e+05 -2.374487e+04 1.343009e+04 1.679077e+05 1.431033e+01 6.737945e+01 1.934983e+05 1.600568e+02 -1.537113e+04 -1.678487e+05 1.134595e+02 -1.614574e+04 -1.033914e+04 2.334999e+01 2.204597e+05 1.751780e+02 -1.983265e+04 1.912922e+05 -7.409539e+01 1.839499e+04 1.178904e+04 1.909716e+02 1.751521e+04 -1.588930e+01 1.697843e+05 -2.084070e+04 1.177836e+04 1.473301e+05 5.506399e+01
-1.010101e-04 1.403995e+03 1.641558e+03 1.366923e+02 -6.109805e+03 -2.397320e+04 -9.199198e+04 1.689970e+05 -1.980250e+02 1.522251e+02 6.104820e+03 -1.079642e+03 1.114733e+03 -1.689360e+05 -1.820159e+02 -1.630138e+04 7.082434e+04 1.749914e+02 6.963344e+03 -1.232449e+03 1.436601e+03 1.925313e+05 2.062257e+02 1.857142e+04 -8.071640e+04 -1.229897e+03 -1.274206e+03 -1.188059e+02 5.356556e+03 -2.104200e+04 -8.071806e+04 1.482860e+05 -1.746900e+02
1.010101e-04 -1.403995e+03 1.641558e+03 -1.366923e+02 -6.109805e+03 -2.397320e+04 9.199198e+04 1.689970e+05 1.980250e+02 -1.522251e+02 6.104820e+03 1.079642e+03 1.114733e+03 -1.689360e+05 1.820159e+02 -1.630138e+04 -7.082434e+04 -1.749914e+02 6.963344e+03 1.232449e+03 1.436601e+03 1.925313e+05 -2.062257e+02 1.857142e+04 8.071640e+04 1.229897e+03 -1.274206e+03 1.188059e+02 5.356556e+03 -2.104200e+04 8.071806e+04 1.482860e+05 1.746900e+02
3.030303e-04 2.093262e+02 -2.259947e+04 2.877292e+01 -1.934414e+05 -2.374487e+04 -1.343009e+04 1.679077e+05 -1.431033e+01 -6.737945e+01 1.934983e+05 -1.600568e+02 -1.537113e+04 -1.678487e+05 -1.134595e+02 -1.614574e+04 1.033914e+04 -2.334999e+01 2.204597e+05 -1.751780e+02 -1.983265e+04 1.912922e+05 7.409539e+01 1.839499e+04 -1.178904e+04 -1.909716e+02 1.751521e+04 1.588930e+01 1.697843e+05 -2.084070e+04 -1.177836e+04 1.473301e+05 -5.506399e+01
5.050505e-04 8.030168e+04 -3.081545e+05 8.596341e+03 -2.245087e+06 -2.290041e+04 -5.277097e+06 3.218162e+05 -1.053122e+04 7.457814e+03 2.246147e+06 -6.174191e+04 -2.096332e+05 -3.220403e+05 -1.170580e+04 -1.550480e+04 4.062794e+06 9.722908e+03 2.558669e+06 -7.031972e+04 -2.703891e+05 3.670238e+05 1.209660e+04 1.770064e+04 -4.630360e+06 -7.050632e+04 2.389127e+05 -6.602470e+03 1.970867e+06 -2.006356e+04 -4.630257e+06 2.823736e+05 -1.019847e+04
7.070707e-04 3.797049e+03 -3.078205e+04 4.474865e+02 -2.455080e+05 -2.267346e+04 -2.499303e+05 1.694103e+05 -4.495979e+02 1.898105e+02 2.456028e+05 -2.917928e+03 -2.093997e+04 -1.693727e+05 -7.154029e+02 -1.541266e+04 1.924194e+05 3.859700e+02 2.797980e+05 -3.307529e+03 -2.700796e+04 1.930292e+05 6.408913e+02 1.756559e+04 -2.193120e+05 -3.349811e+03 2.386631e+04 -2.621219e+02 2.155035e+05 -1.989452e+04 -2.192833e+05 1.486485e+05 -5.287953e+02
9.090909e-04 -1.617179e+03 -1.586061e+04 -1.911641e+02 -1.462683e+05 -2.196330e+04 1.082076e+05 1.469118e+05 2.206297e+02 -4.252888e+02 1.462968e+05 1.246495e+03 -1.078547e+04 -1.468473e+05 -2.090728e+01 -1.493653e+04 -8.331089e+04 -3.731909e+02 1.666978e+05 1.438893e+03 -1.391183e+04 1.673571e+05 -9.207199e+01 1.702170e+04 9.493369e+04 1.400497e+03 1.229689e+04 2.536042e+02 1.283676e+05 -1.927266e+04 9.495965e+04 1.289077e+05 1.043593e+02
1.111111e-03 2.035859e+03 -2.307707e+04 2.879668e+02 -1.861957e+05 -2.108446e+04 -1.350065e+05 1.545053e+05 -1.884552e+02 -4.465585e+01 1.862677e+05 -1.563147e+03 -1.569916e+04 -1.544697e+05 -5.317403e+02 -1.433250e+04 1.039399e+05 1.473246e+02 2.122014e+05 -1.756789e+03 -2.024010e+04 1.760444e+05 4.014841e+02 1.634026e+04 -1.184776e+05 -1.811283e+03 1.790067e+04 -1.001335e+02 1.634403e+05 -1.849456e+04 -1.184406e+05 1.355704e+05 -3.228247e+02
1.313131e-03 3.079958e+04 -7.928402e+04 4.741882e+03 -4.611536e+05 -1.990127e+04 -2.074915e+06 2.983496e+05 -2.903384e+03 3.865130e+03 4.616335e+05 -2.370007e+04 -5.398729e+04 -2.985902e+05 -3.808789e+03 -1.346252e+04 1.597488e+06 5.209609e+03 5.255586e+05 -2.694610e+04 -6.955510e+04 3.402976e+05 3.519276e+03 1.539856e+04 -1.820667e+06 -2.708951e+04 6.154019e+04 -3.542144e+03 4.050623e+05 -1.740651e+04 -1.820571e+06 2.617835e+05 -3.180043e+03
1.515152e-03 -1.016310e+04 2.798736e+03 -1.765809e+03 -5.891449e+04 -1.935419e+04 6.934546e+05 6.865345e+04 8.414128e+02 -1.935621e+03 5.879622e+04 7.828899e+03 1.928213e+03 -6.849567e+04 6.661374e+02 -1.318609e+04 -5.339020e+05 -2.240082e+03 6.714453e+04 8.933710e+03 2.473596e+03 7.806058e+04 -7.283316e+02 1.501703e+04 6.084617e+05 8.905934e+03 -2.179709e+03 1.523443e+03 5.158950e+04 -1.699308e+04 6.084800e+05 6.024129e+04 7.620481e+02
1.717172e-03 -1.298500e+05 2.355416e+05 -2.529487e+04 8.544879e+05 -1.940429e+04 8.945951e+06 -7.762754e+05 8.319489e+03 -2.283046e+04 -8.566669e+05 1.000198e+05 1.605656e+05 7.779565e+05 1.086758e+04 -1.358635e+04 -6.887677e+06 -2.912107e+04 -9.738032e+05 1.137619e+05 2.067036e+05 -8.866328e+05 -9.233785e+03 1.515898e+04 7.849796e+06 1.141642e+05 -1.829642e+05 1.981139e+04 -7.517037e+05 -1.735183e+04 7.849480e+06 -6.811258e+05 9.726500e+03
1.919192e-03 1.009684e+05 -2.132745e+05 2.214499e+04 -8.242531e+05 -1.674092e+04 -7.044079e+06 9.032016e+05 -4.464672e+03 1.922639e+04 8.261852e+05 -7.780311e+04 -1.453780e+05 -9.045989e+05 -7.483405e+03 -1.103454e+04 5.423370e+06 2.503095e+04 9.393563e+05 -8.839506e+04 -1.871145e+05 1.030958e+06 5.349318e+03 1.292289e+04 -6.180980e+06 -8.887010e+04 1.657060e+05 -1.703366e+04 7.249494e+05 -1.434151e+04 -6.180678e+06 7.925007e+05 -6.365348e+03
2.121212e-03 -1.300507e+05 2.475887e+05 -3.233089e+04 6.872548e+05 -1.696364e+04 9.213511e+06 -1.028676e+06 2.932216e+03 -2.912446e+04 -6.898930e+05 1.002817e+05 1.688648e+05 1.030801e+06 6.251414e+03 -1.203921e+04 -7.093789e+06 -3.717887e+04 -7.832069e+05 1.139397e+05 2.172868e+05 -1.174794e+06 -3.069382e+03 1.321167e+04 8.084674e+06 1.144612e+05 -1.924104e+05 2.530528e+04 -6.053729e+05 -1.539473e+04 8.084272e+06 -9.025928e+05 5.695127e+03
2.323232e-03 -1.110866e+04 9.790152e+03 -3.186189e+03 -5.264919e+04 -1.562249e+04 8.021437e+05 -7.838957e+03 -5.217456e+01 -3.277556e+03 5.242833e+04 8.577245e+03 6.704077e+03 8.072919e+03 -1.465121e+02 -1.066959e+04 -6.176033e+05 -3.910194e+03 6.000493e+04 9.768470e+03 8.627346e+03 -9.203149e+03 3.403101e+02 1.212698e+04 7.038466e+05 9.753592e+03 -7.603526e+03 2.661630e+03 4.600144e+04 -1.374085e+04 7.038559e+05 -6.876144e+03 8.768906e+01
2.525253e-03 2.441210e+04 -6.557203e+04 7.630706e+03 -2.379727e+05 -1.494333e+04 -1.787474e+06 3.535735e+05 6.947574e+02 6.313810e+03 2.385971e+05 -1.884133e+04 -4.470680e+04 -3.540230e+05 -6.698596e+02 -1.004064e+04 1.376247e+06 8.434311e+03 2.712022e+05 -2.134038e+04 -5.749765e+04 4.034716e+05 -5.044058e+02 1.161771e+04 -1.568513e+06 -2.155357e+04 5.098960e+04 -5.743360e+03 2.093627e+05 -1.293701e+04 -1.568369e+06 3.102403e+05 -3.665371e+02
2.727273e-03 -2.814778e+03 -5.363195e+03 -1.117521e+03 -8.875463e+04 -1.398881e+04 2.133533e+05 5.339508e+04 -2.325248e+02 -1.459167e+03 8.870324e+04 2.182436e+03 -3.632836e+03 -5.330265e+04 -5.865706e+02 -9.525180e+03 -1.642762e+05 -1.558707e+03 1.011508e+05 2.505875e+03 -4.660644e+03 6.074580e+04 5.570094e+02 1.086261e+04 1.871948e+05 2.450641e+03 4.185475e+03 1.060989e+03 7.783264e+04 -1.226744e+04 1.872321e+05 4.685265e+04 -2.898535e+02
2.929293e-03 -1.255821e+04 1.907325e+04 -5.179610e+03 -3.872680e+04 -1.302697e+04 9.635169e+05 -8.057402e+04 -1.281670e+03 -5.070917e+03 3.838427e+04 9.720118e+03 1.304226e+04 8.090431e+04 -1.168465e+03 -8.930837e+03 -7.418741e+05 -6.199673e+03 4.413901e+04 1.103948e+04 1.678666e+04 -9.220695e+04 1.755713e+03 1.009630e+04 8.454700e+05 1.105691e+04 -1.481318e+04 4.221991e+03 3.367776e+04 -1.151259e+04 8.454566e+05 -7.069729e+04 -7.980773e+02
3.131313e-03 -1.187321e+04 1.974014e+04 -5.522179e+03 -3.932078e+04 -1.222908e+04 9.335673e+05 -9.119080e+04 -1.692782e+03 -5.378198e+03 3.896653e+04 9.199753e+03 1.349872e+04 9.153023e+04 -1.542787e+03 -8.391506e+03 -7.188229e+05 -6.592382e+03 4.481590e+04 1.043961e+04 1.737604e+04 -1.043167e+05 2.225971e+03 9.468834e+03 8.191970e+05 1.046266e+04 -1.532919e+04 4.489910e+03 3.418870e+04 -1.082533e+04 8.191797e+05 -8.001319e+04 -1.125188e+03
3.333333e-03 -1.728753e+03 -5.082075e+03 -1.060101e+03 -7.806228e+04 -1.187630e+04 1.425891e+05 4.292274e+04 -4.252333e+02 -1.416223e+03 7.802040e+04 1.348620e+03 -3.443675e+03 -4.284778e+04 -7.952013e+02 -8.085703e+03 -1.097960e+05 -1.497882e+03 8.896452e+04 1.555150e+03 -4.402035e+03 4.883068e+04 7.821451e+02 9.226522e+03 1.251035e+05 1.498030e+03 3.981833e+03 1.019727e+03 6.845944e+04 -1.040937e+04 1.251420e+05 3.766372e+04 -4.686686e+02
3.535354e-03 3.991498e+04 -1.233622e+05 2.252616e+04 -2.341536e+05 -1.367013e+04 -3.300595e+06 7.218041e+05 8.834734e+03 1.953585e+04 2.356448e+05 -3.095981e+04 -8.419003e+04 -7.230361e+05 5.722185e+03 -8.972361e+03 2.541407e+06 2.543450e+04 2.668397e+05 -3.491556e+04 -1.081928e+05 8.240208e+05 -9.770453e+03 1.085970e+04 -2.896393e+06 -3.539309e+04 9.600088e+04 -1.732919e+04 2.067801e+05 -1.135951e+04 -2.896069e+06 6.333462e+05 5.250311e+03
3.737374e-03 -1.487578e+04 3.684090e+04 -9.735513e+03 -2.064534e+04 -9.654828e+03 1.274745e+06 -2.063599e+05 -4.294284e+03 -9.120308e+03 2.006252e+04 1.156689e+04 2.517641e+04 2.068937e+05 -3.652716e+03 -6.694033e+03 -9.815581e+05 -1.140221e+04 2.353406e+04 1.306839e+04 3.239411e+04 -2.357913e+05 5.189747e+03 7.401122e+03 1.118621e+06 1.316623e+04 -2.862512e+04 7.768044e+03 1.759989e+04 -8.699971e+03 1.118552e+06 -1.810692e+05 -2.977303e+03
3.939394e-03 -2.426826e+05 7.848049e+05 -1.741060e+05 7.797202e+05 1.307042e+04 2.145335e+07 -4.647873e+06 -8.192503e+04 -1.551529e+05 -7.902484e+05 1.888281e+05 5.358826e+05 4.657036e+06 -6.215050e+04 6.519046e+03 -1.651942e+07 -1.990917e+05 -8.885023e+05 2.125695e+05 6.887800e+05 -5.307454e+06 9.365017e+04 -1.244661e+04 1.882655e+07 2.155775e+05 -6.105840e+05 1.356574e+05 -6.934955e+05 6.441764e+03 1.882432e+07 -4.078285e+06 -5.431387e+04
4.141414e-03 -1.883383e+04 5.843434e+04 -1.540848e+04 -3.602814e+03 -7.491059e+03 1.731774e+06 -3.446159e+05 -7.806634e+03 -1.415494e+04 2.724630e+03 1.468837e+04 3.992397e+04 3.454084e+05 -6.496982e+03 -5.293734e+03 -1.333509e+06 -1.787598e+04 4.113712e+03 1.653354e+04 5.135066e+04 -3.936494e+05 9.188094e+03 5.610232e+03 1.519719e+06 1.673162e+04 -4.542337e+04 1.218025e+04 2.384862e+03 -6.996775e+03 1.519581e+06 -3.023839e+05 -5.476418e+03
4.343434e-03 -1.178527e+04 3.732815e+04 -1.092537e+04 -2.503035e+04 -7.544296e+03 1.130166e+06 -2.213560e+05 -5.864677e+03 -1.016756e+04 2.443488e+04 9.212563e+03 2.551292e+04 2.219034e+05 -5.071835e+03 -5.267291e+03 -8.702716e+05 -1.275408e+04 2.853072e+04 1.036018e+04 3.283193e+04 -2.528947e+05 6.972455e+03 5.703463e+03 9.917834e+05 1.047945e+04 -2.899848e+04 8.690407e+03 2.143704e+04 -6.919882e+03 9.917002e+05 -1.942296e+05 -4.227858e+03
4.545455e-03 -8.655553e+03 2.854752e+04 -9.088876e+03 -3.261805e+04 -7.291027e+03 8.688237e+05 -1.705742e+05 -5.120873e+03 -8.530922e+03 3.214222e+04 6.783399e+03 1.951731e+04 1.710172e+05 -4.536277e+03 -5.068824e+03 -6.690400e+05 -1.065394e+04 3.717671e+04 7.618733e+03 2.512929e+04 -1.949012e+05 6.121818e+03 5.524995e+03 7.624463e+05 7.706186e+03 -2.216348e+04 7.259489e+03 2.820099e+04 -6.649841e+03 7.623852e+05 -1.496713e+05 -3.760218e+03
4.747475e-03 -6.719010e+03 2.334431e+04 -8.001680e+03 -3.606165e+04 -6.977968e+03 7.089560e+05 -1.406088e+05 -4.698500e+03 -7.559493e+03 3.565832e+04 5.281009e+03 1.596416e+04 1.409879e+05 -4.234507e+03 -4.840144e+03 -5.459438e+05 -9.409133e+03 4.110033e+04 5.922194e+03 2.056583e+04 -1.606777e+05 5.637197e+03 5.291125e+03 6.221577e+05 5.991206e+03 -1.811192e+04 6.411339e+03 3.128693e+04 -6.348348e+03 6.221094e+05 -1.233783e+05 -3.497943e+03
4.949495e-03 -5.359032e+03 1.979599e+04 -7.254119e+03 -3.759348e+04 -6.654650e+03 5.972822e+05 -1.201880e+05 -4.414219e+03 -6.889438e+03 3.724082e+04 4.226116e+03 1.354085e+04 1.205221e+05 -4.030961e+03 -4.609292e+03 -4.599566e+05 -8.551943e+03 4.284542e+04 4.730567e+03 1.745445e+04 -1.373533e+05 5.309736e+03 5.045453e+03 5.241610e+05 4.787230e+03 -1.534804e+04 5.827275e+03 3.267604e+04 -6.047195e+03 5.241213e+05 -1.054603e+05 -3.322021e+03
5.151515e-03 -4.337859e+03 1.718202e+04 -6.695137e+03 -3.808121e+04 -6.337407e+03 5.135172e+05 -1.051181e+05 -4.202636e+03 -6.386647e+03 3.776685e+04 3.434019e+03 1.175546e+04 1.054179e+05 -3.877911e+03 -4.385282e+03 -3.954588e+05 -7.909934e+03 4.340073e+04 3.835634e+03 1.516283e+04 -1.201394e+05 5.064965e+03 4.802498e+03 4.506550e+05 3.883347e+03 -1.331125e+04 5.389809e+03 3.313804e+04 -5.756465e+03 4.506216e+05 -9.223732e+04 -3.190528e+03
5.353535e-03 -3.538941e+03 1.515932e+04 -6.253936e+03 -3.794879e+04 -6.032625e+03 4.478390e+05 -9.341679e+04 -4.034187e+03 -5.988300e+03 3.766483e+04 2.814226e+03 1.037377e+04 9.368918e+04 -3.754105e+03 -4.171467e+03 -3.448874e+05 -7.402309e+03 4.324938e+04 3.135333e+03 1.338996e+04 -1.067724e+05 4.869240e+03 4.568048e+03 3.930208e+05 3.176223e+03 -1.173463e+04 5.043891e+03 3.304888e+04 -5.479786e+03 3.929920e+05 -8.197018e+04 -3.084780e+03
5.555556e-03 -2.896428e+03 1.353976e+04 -5.892270e+03 -3.743202e+04 -5.742820e+03 3.947639e+05 -8.400440e+04 -3.893516e+03 -5.660481e+03 3.717302e+04 2.315637e+03 9.267333e+03 8.425407e+04 -3.648701e+03 -3.969020e+03 -3.040201e+05 -6.985432e+03 4.266006e+04 2.571999e+03 1.197071e+04 -9.601935e+04 4.705100e+03 4.344494e+03 3.464460e+05 2.607504e+03 -1.047181e+04 4.759794e+03 3.261764e+04 -5.218314e+03 3.464210e+05 -7.371141e+04 -2.995236e+03
5.757576e-03 -2.369426e+03 1.220990e+04 -5.587411e+03 -3.667320e+04 -5.468783e+03 3.509243e+05 -7.623395e+04 -3.771876e+03 -5.383051e+03 3.643520e+04 1.906531e+03 8.358709e+03 7.646435e+04 -3.555647e+03 -3.778153e+03 -2.702640e+05 -6.633381e+03 4.179493e+04 2.109822e+03 1.080557e+04 -8.714155e+04 4.562605e+03 4.132699e+03 3.079756e+05 2.140966e+03 -9.434530e+03 4.519857e+03 3.197050e+04 -4.972118e+03 3.079537e+05 -6.689335e+04 -2.916559e+03
5.959596e-03 -1.930764e+03 1.109655e+04 -5.324891e+03 -3.576299e+04 -5.210459e+03 3.141067e+05 -6.969019e+04 -3.663935e+03 -5.143200e+03 3.554299e+04 1.565846e+03 7.597924e+03 6.990397e+04 -3.471338e+03 -3.598622e+03 -2.419146e+05 -6.329658e+03 4.075732e+04 1.725009e+03 9.830297e+03 -7.966479e+04 4.435708e+03 3.932773e+03 2.756672e+05 1.752555e+03 -8.565834e+03 4.312842e+03 3.118787e+04 -4.740759e+03 2.756477e+05 -6.115164e+04 -2.845569e+03
6.161616e-03 -1.561462e+03 1.014997e+04 -5.094999e+03 -3.476136e+04 -4.967370e+03 2.827793e+05 -6.409226e+04 -3.566279e+03 -4.932336e+03 3.455700e+04 1.278871e+03 6.951030e+03 6.429150e+04 -3.393525e+03 -3.429958e+03 -2.177926e+05 -6.063198e+03 3.961555e+04 1.400942e+03 9.001272e+03 -7.326834e+04 4.320536e+03 3.744445e+03 2.481764e+05 1.425470e+03 -7.827028e+03 4.131209e+03 3.032292e+04 -4.523558e+03 2.481591e+05 -5.623983e+04 -2.780274e+03
6.363636e-03 -1.247736e+03 9.334994e+03 -4.890944e+03 -3.370893e+04 -4.738826e+03 2.558396e+05 -5.924221e+04 -3.476625e+03 -4.744457e+03 3.351833e+04 1.034929e+03 6.394020e+03 5.942860e+04 -3.320746e+03 -3.271594e+03 -1.970489e+05 -5.826263e+03 3.841592e+04 1.125551e+03 8.287640e+03 -6.772616e+04 4.214507e+03 3.567245e+03 2.245360e+05 1.147519e+03 -7.190749e+03 3.969687e+03 2.941172e+04 -4.319730e+03 2.245204e+05 -5.198425e+04 -2.719379e+03
6.565657e-03 -9.792705e+02 8.625947e+03 -4.707813e+03 -3.263369e+04 -4.524042e+03 2.324685e+05 -5.499580e+04 -3.393396e+03 -4.575220e+03 3.245529e+04 8.260307e+02 5.909357e+03 5.517071e+04 -3.252018e+03 -3.122919e+03 -1.790529e+05 -5.613255e+03 3.719031e+04 8.898036e+02 7.666869e+03 -6.287351e+04 4.115838e+03 3.400608e+03 2.040270e+05 9.095757e+02 -6.637005e+03 3.824466e+03 2.847912e+04 -4.128455e+03 2.040130e+05 -4.825832e+04 -2.662009e+03
6.767677e-03 -7.481500e+02 8.003561e+03 -4.541950e+03 -3.155508e+04 -4.322196e+03 2.120420e+05 -5.124499e+04 -3.315470e+03 -4.421396e+03 3.138761e+04 6.460479e+02 5.483889e+03 5.140958e+04 -3.186663e+03 -2.983320e+03 -1.633242e+05 -5.420012e+03 3.596089e+04 6.867696e+02 7.122060e+03 -5.858700e+04 4.023260e+03 3.243930e+03 1.861020e+05 7.046423e+02 -6.150802e+03 3.692706e+03 2.754243e+04 -3.948919e+03 1.860892e+05 -4.496724e+04 -2.607563e+03
6.969697e-03 -5.481807e+02 7.453062e+03 -4.390567e+03 -3.048664e+04 -4.132473e+03 1.940744e+05 -4.790695e+04 -3.242025e+03 -4.280527e+03 3.032899e+04 4.901865e+02 5.107529e+03 4.806222e+04 -3.124200e+03 -2.852199e+03 -1.494888e+05 -5.243359e+03 3.474307e+04 5.110255e+02 6.640255e+03 -5.477206e+04 3.935847e+03 3.096600e+03 1.703347e+05 5.272431e+02 -5.720639e+03 3.572249e+03 2.661369e+04 -3.780334e+03 1.703231e+05 -4.203835e+04 -2.555610e+03
7.171717e-03 -3.744340e+02 6.962906e+03 -4.251498e+03 -2.943771e+04 -3.954081e+03 1.781812e+05 -4.491696e+04 -3.172446e+03 -4.150697e+03 2.928896e+04 3.546322e+02 4.772393e+03 4.506375e+04 -3.064278e+03 -2.728983e+03 -1.372506e+05 -5.080829e+03 3.354751e+04 3.582561e+02 6.211328e+03 -5.135475e+04 3.852904e+03 2.958020e+03 1.563877e+05 3.730221e+02 -5.337528e+03 3.461412e+03 2.570124e+04 -3.621950e+03 1.563772e+05 -3.941485e+04 -2.505836e+03
7.373737e-03 -2.229335e+02 6.523925e+03 -4.123025e+03 -2.841468e+04 -3.786261e+03 1.640532e+05 -4.222355e+04 -3.106260e+03 -4.030392e+03 2.827403e+04 2.363083e+02 4.472222e+03 4.236260e+04 -3.006634e+03 -2.613130e+03 -1.263716e+05 -4.930467e+03 3.238147e+04 2.249794e+02 5.827240e+03 -4.827629e+04 3.773898e+03 2.827615e+03 1.439898e+05 2.384651e+02 -4.994329e+03 3.358864e+03 2.481080e+04 -3.473060e+03 1.439801e+05 -3.705157e+04 -2.458008e+03
7.575758e-03 -9.043225e+01 6.128735e+03 -4.003767e+03 -2.742177e+04 -3.628300e+03 1.514390e+05 -3.978519e+04 -3.043098e+03 -3.918390e+03 2.728851e+04 1.327029e+02 4.201973e+03 3.991713e+04 -2.951066e+03 -2.504131e+03 -1.166581e+05 -4.790699e+03 3.124978e+04 1.083525e+02 5.481516e+03 -4.548924e+04 3.698414e+03 2.704839e+03 1.329202e+05 1.207035e+02 -4.685293e+03 3.263533e+03 2.394616e+04 -3.333002e+03 1.329113e+05 -3.491209e+04 -2.411944e+03
7.777778e-03 2.574747e+01 5.771318e+03 -3.892597e+03 -2.646165e+04 -3.479524e+03 1.401313e+05 -3.756795e+04 -2.982666e+03 -3.813697e+03 2.633517e+04 4.174423e+01 3.957535e+03 3.769336e+04 -2.897416e+03 -2.401510e+03 -1.079507e+05 -4.660241e+03 3.015546e+04 6.030624e+00 5.168878e+03 -4.295484e+04 3.626118e+03 2.589178e+03 1.229971e+05 1.737138e+01 -4.405730e+03 3.174544e+03 2.310975e+04 -3.201159e+03 1.229889e+05 -3.296662e+04 -2.367503e+03
7.979798e-03 1.278339e+02 5.446710e+03 -3.788583e+03 -2.553582e+04 -3.339307e+03 1.299583e+05 -3.554378e+04 -2.924722e+03 -3.715488e+03 2.541559e+04 -3.829124e+01 3.735521e+03 3.566316e+04 -2.845554e+03 -2.304826e+03 -1.001168e+05 -4.538033e+03 2.910025e+04 -8.393738e+01 4.884977e+03 -4.064106e+04 3.556737e+03 2.480149e+03 1.140696e+05 -7.349961e+01 -4.151774e+03 3.091175e+03 2.230295e+04 -3.076959e+03 1.140620e+05 -3.119055e+04 -2.324570e+03
8.181818e-03 2.176956e+02 5.150784e+03 -3.690948e+03 -2.464498e+04 -3.207065e+03 1.207756e+05 -3.368926e+04 -2.869067e+03 -3.623075e+03 2.453051e+04 -1.088489e+02 3.533109e+03 3.380306e+04 -2.795375e+03 -2.213669e+03 -9.304557e+04 -4.423186e+03 2.808491e+04 -1.631878e+02 4.626193e+03 -3.852115e+04 3.490045e+03 2.377304e+03 1.060112e+05 -1.535601e+02 -3.920209e+03 3.012822e+03 2.152642e+04 -2.959871e+03 1.060042e+05 -2.956335e+04 -2.283052e+03
8.383838e-03 2.969101e+02 4.880074e+03 -3.599034e+03 -2.378921e+04 -3.082254e+03 1.124616e+05 -3.198467e+04 -2.815533e+03 -3.535876e+03 2.368006e+04 -1.711491e+02 3.347933e+03 3.209329e+04 -2.746786e+03 -2.127657e+03 -8.664319e+04 -4.314952e+03 2.710955e+04 -2.331020e+02 4.389488e+03 -3.657256e+04 3.425852e+03 2.280223e+03 9.871512e+04 -2.242034e+02 -3.708333e+03 2.938974e+03 2.078027e+04 -2.849403e+03 9.870861e+04 -2.806769e+04 -2.242866e+03
8.585859e-03 3.668173e+02 4.631647e+03 -3.512282e+03 -2.296813e+04 -2.964372e+03 1.049128e+05 -3.041325e+04 -2.763974e+03 -3.453394e+03 2.286393e+04 -2.262284e+02 3.177990e+03 3.051706e+04 -2.699711e+03 -2.046440e+03 -8.083005e+04 -4.212692e+03 2.617374e+04 -2.948537e+02 4.172293e+03 -3.477617e+04 3.363994e+03 2.188519e+03 9.209054e+04 -2.866133e+02 -3.513859e+03 2.869197e+03 2.006422e+04 -2.745102e+03 9.208450e+04 -2.668888e+04 -2.203946e+03
8.787879e-03 4.285617e+02 4.403007e+03 -3.430212e+03 -2.218108e+04 -2.852951e+03 9.804090e+04 -2.896068e+04 -2.714267e+03 -3.375202e+03 2.208148e+04 -2.749721e+02 3.021573e+03 2.905999e+04 -2.654078e+03 -1.969692e+03 -7.553805e+04 -4.115857e+03 2.527671e+04 -3.494451e+02 3.972418e+03 -3.311560e+04 3.304326e+03 2.101831e+03 8.605989e+04 -3.418005e+02 -3.334842e+03 2.803115e+03 1.937772e+04 -2.646548e+03 8.605426e+04 -2.541436e+04 -2.166228e+03
8.989899e-03 4.831253e+02 4.192010e+03 -3.352408e+03 -2.142715e+04 -2.747559e+03 9.176976e+04 -2.761461e+04 -2.666301e+03 -3.300928e+03 2.133184e+04 -3.181401e+02 2.877218e+03 2.770973e+04 -2.609825e+03 -1.897111e+03 -7.070864e+04 -4.023971e+03 2.441745e+04 -3.977365e+02 3.787987e+03 -3.157675e+04 3.246723e+03 2.019826e+03 8.055645e+04 -3.906327e+02 -3.169610e+03 2.740406e+03 1.872001e+04 -2.553352e+03 8.055119e+04 -2.423328e+04 -2.129660e+03
9.191919e-03 5.313549e+02 3.996810e+03 -3.278506e+03 -2.070531e+04 -2.647798e+03 8.603371e+04 -2.636436e+04 -2.619978e+03 -3.230251e+03 2.061401e+04 -3.563875e+02 2.743665e+03 2.645556e+04 -2.566895e+03 -1.828420e+03 -6.629127e+04 -3.936620e+03 2.359476e+04 -4.404695e+02 3.617381e+03 -3.014741e+04 3.191073e+03 1.942193e+03 7.552256e+04 -4.338577e+02 -3.016723e+03 2.680786e+03 1.809020e+04 -2.465156e+03 7.551765e+04 -2.313627e+04 -2.094190e+03
9.393939e-03 5.739833e+02 3.815804e+03 -3.208189e+03 -2.001442e+04 -2.553297e+03 8.077576e+04 -2.520062e+04 -2.575210e+03 -3.162885e+03 1.992685e+04 -3.902815e+02 2.619817e+03 2.528814e+04 -2.525234e+03 -1.763362e+03 -6.224201e+04 -3.853438e+03 2.280734e+04 -4.782860e+02 3.459197e+03 -2.881694e+04 3.137273e+03 1.868646e+03 7.090821e+04 -4.721228e+02 -2.874930e+03 2.624008e+03 1.748731e+04 -2.381628e+03 7.090361e+04 -2.211516e+04 -2.059775e+03
9.595960e-03 6.116471e+02 3.647597e+03 -3.141176e+03 -1.935326e+04 -2.463713e+03 7.594620e+04 -2.411523e+04 -2.531916e+03 -3.098578e+03 1.926921e+04 -4.203147e+02 2.504721e+03 2.419930e+04 -2.484794e+03 -1.701699e+03 -5.852263e+04 -3.774104e+03 2.205382e+04 -5.117439e+02 3.312212e+03 -2.757604e+04 3.085232e+03 1.798921e+03 6.666980e+04 -5.059906e+02 -2.743143e+03 2.569852e+03 1.691030e+04 -2.302464e+03 6.666548e+04 -2.116281e+04 -2.026370e+03
9.797980e-03 6.449013e+02 3.490967e+03 -3.077219e+03 -1.872063e+04 -2.378730e+03 7.150156e+04 -2.310103e+04 -2.490025e+03 -3.037108e+03 1.863987e+04 -4.469169e+02 2.397543e+03 2.318186e+04 -2.445526e+03 -1.643211e+03 -5.509964e+04 -3.698333e+03 2.133281e+04 -5.413295e+02 3.175356e+03 -2.641651e+04 3.034865e+03 1.732771e+03 6.276917e+04 -5.359513e+02 -2.620408e+03 2.518123e+03 1.635813e+04 -2.227379e+03 6.276511e+04 -2.027292e+04 -1.993937e+03
1.000000e-02 6.742313e+02 3.344839e+03 -3.016095e+03 -1.811528e+04 -2.298054e+03 6.740368e+04 -2.215170e+04 -2.449469e+03 -2.978275e+03 1.803761e+04 -4.704637e+02 2.297546e+03 2.222947e+04 -2.407389e+03 -1.587694e+03 -5.194366e+04 -3.625869e+03 2.064290e+04 -5.674680e+02 3.047687e+03 -2.533112e+04 2.986094e+03 1.669969e+03 5.917282e+04 -5.624339e+02 -2.505885e+03 2.468648e+03 1.582972e+04 -2.156111e+03 5.916901e+04 -1.943995e+04 -1.962438e+03
