-1.000000e-02 5.289300e+03 2.780151e+03 1.973583e+03 -3.236239e+03 -2.224667e+03 -3.448377e+04 -5.628469e+03 1.531686e+03 1.957815e+03 3.188251e+03 -4.090635e+03 1.905867e+03 5.676404e+03 1.512375e+03 -1.529055e+03 2.656787e+04 2.379225e+03 3.696093e+03 -4.648166e+03 2.523894e+03 -6.476734e+03 -1.885490e+03 1.645350e+03 -3.026965e+04 -4.652294e+03 -2.087717e+03 -1.618230e+03 2.791945e+03 -2.049439e+03 -3.026628e+04 -4.933193e+03 1.219119e+03
-9.797980e-03 5.490185e+03 2.851870e+03 1.983529e+03 -3.026518e+03 -2.276070e+03 -3.556975e+04 -5.549369e+03 1.535997e+03 1.967266e+03 2.977915e+03 -4.244723e+03 1.954612e+03 5.597889e+03 1.516158e+03 -1.563973e+03 2.740341e+04 2.390999e+03 3.457221e+03 -4.824059e+03 2.585714e+03 -6.387388e+03 -1.890570e+03 1.686102e+03 -3.122227e+04 -4.828334e+03 -2.144387e+03 -1.626188e+03 2.607248e+03 -2.093592e+03 -3.121879e+04 -4.863653e+03 1.222313e+03
-9.595960e-03 5.697261e+03 2.926042e+03 1.993005e+03 -2.794170e+03 -2.328940e+03 -3.668628e+04 -5.455583e+03 1.539786e+03 1.976233e+03 2.744963e+03 -4.403539e+03 2.005017e+03 5.504673e+03 1.519406e+03 -1.599881e+03 2.826242e+04 2.402199e+03 3.192561e+03 -5.005359e+03 2.649655e+03 -6.281288e+03 -1.895017e+03 1.728016e+03 -3.220167e+04 -5.009786e+03 -2.202980e+03 -1.633752e+03 2.402709e+03 -2.139000e+03 -3.219808e+04 -4.781228e+03 1.225066e+03
-9.393939e-03 5.910483e+03 3.002744e+03 2.001955e+03 -2.537447e+03 -2.383306e+03 -3.783294e+04 -5.345850e+03 1.543006e+03 1.984661e+03 2.487650e+03 -4.567048e+03 2.057136e+03 5.395493e+03 1.522071e+03 -1.636797e+03 2.914460e+04 2.412756e+03 2.900120e+03 -5.192028e+03 2.715784e+03 -6.156992e+03 -1.898773e+03 1.771112e+03 -3.320748e+04 -5.196612e+03 -2.263557e+03 -1.640876e+03 2.176796e+03 -2.185685e+03 -3.320379e+04 -4.684812e+03 1.227342e+03
-9.191919e-03 6.129766e+03 3.082055e+03 2.010321e+03 -2.254495e+03 -2.439193e+03 -3.900904e+04 -5.218828e+03 1.545611e+03 1.992490e+03 2.204124e+03 -4.735182e+03 2.111020e+03 5.269004e+03 1.524107e+03 -1.674737e+03 3.004940e+04 2.422599e+03 2.577783e+03 -5.383988e+03 2.784170e+03 -6.012968e+03 -1.901781e+03 1.815412e+03 -3.423912e+04 -5.388733e+03 -2.326179e+03 -1.647510e+03 1.927885e+03 -2.233669e+03 -3.423531e+04 -4.573229e+03 1.229100e+03
-8.989899e-03 6.354971e+03 3.164054e+03 2.018036e+03 -1.943351e+03 -2.496623e+03 -4.021366e+04 -5.073094e+03 1.547547e+03 1.999656e+03 1.892427e+03 -4.907835e+03 2.166722e+03 5.123780e+03 1.525462e+03 -1.713717e+03 3.097612e+04 2.431651e+03 2.223314e+03 -5.581120e+03 2.854881e+03 -5.847589e+03 -1.903979e+03 1.860933e+03 -3.529575e+04 -5.586030e+03 -2.390905e+03 -1.653603e+03 1.654259e+03 -2.282971e+03 -3.529181e+04 -4.445229e+03 1.230301e+03
-8.787879e-03 6.585906e+03 3.248819e+03 2.025032e+03 -1.601947e+03 -2.555618e+03 -4.144552e+04 -4.907140e+03 1.548763e+03 2.006090e+03 1.550492e+03 -5.084857e+03 2.224295e+03 4.958309e+03 1.526084e+03 -1.753750e+03 3.192377e+04 2.439827e+03 1.834354e+03 -5.783253e+03 2.927985e+03 -5.659131e+03 -1.905299e+03 1.907691e+03 -3.637627e+04 -5.788334e+03 -2.457796e+03 -1.659096e+03 1.354104e+03 -2.333607e+03 -3.637221e+04 -4.299491e+03 1.230901e+03
-8.585859e-03 6.822314e+03 3.336423e+03 2.031235e+03 -1.228108e+03 -2.616192e+03 -4.270304e+04 -4.719374e+03 1.549200e+03 2.011718e+03 1.176147e+03 -5.266051e+03 2.283787e+03 4.770996e+03 1.525916e+03 -1.794845e+03 3.289113e+04 2.447038e+03 1.408423e+03 -5.990161e+03 3.003547e+03 -5.445776e+03 -1.905672e+03 1.955699e+03 -3.747927e+04 -5.995417e+03 -2.526908e+03 -1.663928e+03 1.025516e+03 -2.385590e+03 -3.747509e+04 -4.134619e+03 1.230854e+03
-8.383838e-03 7.063864e+03 3.426942e+03 2.036564e+03 -8.195519e+02 -2.678361e+03 -4.398419e+04 -4.508123e+03 1.548799e+03 2.016462e+03 7.671155e+02 -5.451160e+03 2.345249e+03 4.560164e+03 1.524900e+03 -1.837010e+03 3.387664e+04 2.453188e+03 9.429210e+02 -6.201555e+03 3.081631e+03 -5.205610e+03 -1.905026e+03 2.004966e+03 -3.860299e+04 -6.206989e+03 -2.598299e+03 -1.668036e+03 6.664982e+02 -2.438931e+03 -3.859868e+04 -3.949146e+03 1.230112e+03
-8.181818e-03 7.310143e+03 3.520444e+03 2.040934e+03 -3.739006e+02 -2.742131e+03 -4.528651e+04 -4.271635e+03 1.547497e+03 2.020237e+03 3.210222e+02 -5.639867e+03 2.408726e+03 4.324056e+03 1.522973e+03 -1.880250e+03 3.487841e+04 2.458173e+03 4.351349e+02 -6.417071e+03 3.162299e+03 -4.936632e+03 -1.903283e+03 2.055499e+03 -3.974526e+04 -6.422688e+03 -2.672022e+03 -1.671347e+03 2.749666e+02 -2.493636e+03 -3.974082e+04 -3.741533e+03 1.228625e+03
-7.979798e-03 7.560644e+03 3.616997e+03 2.044254e+03 1.113185e+02 -2.807505e+03 -4.660704e+04 -4.008080e+03 1.545228e+03 2.022952e+03 -1.646013e+02 -5.831781e+03 2.474264e+03 4.060838e+03 1.520071e+03 -1.924566e+03 3.589416e+04 2.461884e+03 -1.177538e+02 -6.636266e+03 3.245608e+03 -4.636749e+03 -1.900362e+03 2.107300e+03 -4.090348e+04 -6.642068e+03 -2.748126e+03 -1.673788e+03 -1.512434e+02 -2.549706e+03 -4.089891e+04 -3.510178e+03 1.226342e+03
-7.777778e-03 7.814757e+03 3.716659e+03 2.046425e+03 6.386606e+02 -2.874482e+03 -4.794224e+04 -3.715561e+03 1.541923e+03 2.024512e+03 -6.923055e+02 -6.026434e+03 2.541900e+03 3.768610e+03 1.516128e+03 -1.969954e+03 3.692116e+04 2.464204e+03 -7.186586e+02 -6.858604e+03 3.331612e+03 -4.303795e+03 -1.896179e+03 2.160368e+03 -4.207456e+04 -6.864595e+03 -2.826656e+03 -1.675279e+03 -6.143689e+02 -2.607139e+03 -4.206985e+04 -3.253416e+03 1.223207e+03
-7.575758e-03 8.071756e+03 3.819486e+03 2.047344e+03 1.210750e+03 -2.943052e+03 -4.928796e+04 -3.392123e+03 1.537510e+03 2.024814e+03 -1.264711e+03 -6.223267e+03 2.611672e+03 3.445408e+03 1.511073e+03 -2.016408e+03 3.795622e+04 2.465007e+03 -1.370572e+03 -7.083449e+03 3.420357e+03 -3.935531e+03 -1.890646e+03 2.214693e+03 -4.325484e+04 -7.089632e+03 -2.907655e+03 -1.675735e+03 -1.116708e+03 -2.665924e+03 -4.324999e+04 -2.969533e+03 1.219165e+03
-7.373737e-03 8.330786e+03 3.925523e+03 2.046901e+03 1.830266e+03 -3.013197e+03 -5.063935e+04 -3.035759e+03 1.531915e+03 2.023751e+03 -1.884490e+03 -6.421624e+03 2.683608e+03 3.089223e+03 1.504835e+03 -2.063915e+03 3.899560e+04 2.464162e+03 -2.076547e+03 -7.310052e+03 3.511885e+03 -3.529666e+03 -1.883671e+03 2.270263e+03 -4.444008e+04 -7.316428e+03 -2.991154e+03 -1.675066e+03 -1.660605e+03 -2.726047e+03 -4.443509e+04 -2.656769e+03 1.214157e+03
-7.171717e-03 8.590853e+03 4.034806e+03 2.044977e+03 2.499915e+03 -3.084894e+03 -5.199081e+04 -2.644431e+03 1.525060e+03 2.021207e+03 -2.554346e+03 -6.620739e+03 2.757733e+03 2.698012e+03 1.497338e+03 -2.112456e+03 4.003499e+04 2.461527e+03 -2.839673e+03 -7.537542e+03 3.606227e+03 -3.083869e+03 -1.875160e+03 2.327058e+03 -4.562535e+04 -7.544112e+03 -3.077181e+03 -1.673177e+03 -2.248431e+03 -2.787485e+03 -4.562022e+04 -2.313337e+03 1.208123e+03
-6.969697e-03 8.850806e+03 4.147360e+03 2.041450e+03 3.222412e+03 -3.158108e+03 -5.333589e+04 -2.216087e+03 1.516866e+03 2.017061e+03 -3.276988e+03 -6.819731e+03 2.834062e+03 2.269715e+03 1.488507e+03 -2.162008e+03 4.106944e+04 2.456954e+03 -3.663042e+03 -7.764912e+03 3.703407e+03 -2.595792e+03 -1.865014e+03 2.385049e+03 -4.680501e+04 -7.771676e+03 -3.165752e+03 -1.669967e+03 -2.882561e+03 -2.850208e+03 -4.679974e+04 -1.937437e+03 1.201001e+03
-6.767677e-03 9.109328e+03 4.263196e+03 2.036188e+03 4.000441e+03 -3.232794e+03 -5.466727e+04 -1.748682e+03 1.507251e+03 2.011187e+03 -4.055096e+03 -7.017587e+03 2.912602e+03 1.802283e+03 1.478262e+03 -2.212537e+03 4.209331e+04 2.450287e+03 -4.549718e+03 -7.991007e+03 3.803433e+03 -2.063097e+03 -1.853133e+03 2.444202e+03 -4.797262e+04 -7.997965e+03 -3.256874e+03 -1.665331e+03 -3.565345e+03 -2.914175e+03 -4.796722e+04 -1.527276e+03 1.192728e+03
-6.565657e-03 9.364922e+03 4.382310e+03 2.029055e+03 4.836622e+03 -3.308898e+03 -5.597665e+04 -1.240208e+03 1.496132e+03 2.003450e+03 -4.891282e+03 -7.213158e+03 2.993347e+03 1.293701e+03 1.466526e+03 -2.264006e+03 4.310020e+04 2.441361e+03 -5.502685e+03 -8.214516e+03 3.906305e+03 -1.483487e+03 -1.839415e+03 2.504473e+03 -4.912091e+04 -8.221665e+03 -3.350542e+03 -1.659155e+03 -4.299075e+03 -2.979339e+03 -4.911537e+04 -1.081093e+03 1.183240e+03
-6.363636e-03 9.615895e+03 4.504679e+03 2.019905e+03 5.733460e+03 -3.386351e+03 -5.725469e+04 -6.887240e+02 1.483423e+03 1.993710e+03 -5.788048e+03 -7.405145e+03 3.076282e+03 7.420239e+02 1.453216e+03 -2.316368e+03 4.408295e+04 2.430005e+03 -6.524803e+03 -8.433956e+03 4.012003e+03 -8.547439e+02 -1.823754e+03 2.565808e+03 -5.024169e+04 -8.441295e+03 -3.446733e+03 -1.651326e+03 -5.085945e+03 -3.045640e+03 -5.023602e+04 -5.971864e+02 1.172473e+03
-6.161616e-03 9.860349e+03 4.630260e+03 2.008590e+03 6.693297e+03 -3.465073e+03 -5.849097e+04 -9.239798e+01 1.469037e+03 1.981823e+03 -6.747728e+03 -7.592092e+03 3.161376e+03 1.454125e+02 1.438253e+03 -2.369566e+03 4.503351e+04 2.416038e+03 -7.618739e+03 -8.647667e+03 4.120491e+03 -1.747699e+02 -1.806045e+03 2.628142e+03 -5.132581e+04 -8.655189e+03 -3.545413e+03 -1.641720e+03 -5.928001e+03 -3.113008e+03 -5.132000e+04 -7.395011e+01 1.160362e+03
-5.959596e-03 1.009617e+04 4.758985e+03 1.994952e+03 7.718243e+03 -3.544969e+03 -5.967390e+04 5.504511e+02 1.452890e+03 1.967637e+03 -7.772429e+03 -7.772376e+03 3.248582e+03 -4.978193e+02 1.421555e+03 -2.423535e+03 4.594300e+04 2.399276e+03 -8.786901e+03 -8.853797e+03 4.231712e+03 5.583582e+02 -1.786180e+03 2.691400e+03 -5.236311e+04 -8.861497e+03 -3.646526e+03 -1.630211e+03 -6.827090e+03 -3.181359e+03 -5.235719e+04 4.900900e+02 1.146841e+03
-5.757576e-03 1.032102e+04 4.890762e+03 1.978831e+03 8.810112e+03 -3.625929e+03 -6.079074e+04 1.241302e+03 1.434894e+03 1.950997e+03 -8.863958e+03 -7.944205e+03 3.337835e+03 -1.189155e+03 1.403042e+03 -2.478198e+03 4.680158e+04 2.379525e+03 -1.003136e+04 -9.050299e+03 4.345586e+03 1.346333e+03 -1.764054e+03 2.755494e+03 -5.334241e+04 -9.058169e+03 -3.749997e+03 -1.616671e+03 -7.784799e+03 -3.250599e+03 -5.333636e+04 1.096230e+03 1.131848e+03
-5.555556e-03 1.053233e+04 5.025466e+03 1.960061e+03 9.970339e+03 -3.707827e+03 -6.182750e+04 1.981372e+03 1.414965e+03 1.931743e+03 -1.002375e+04 -8.105608e+03 3.429052e+03 -1.929819e+03 1.382637e+03 -2.533470e+03 4.759851e+04 2.356587e+03 -1.135375e+04 -9.234925e+03 4.462008e+03 2.190550e+03 -1.739560e+03 2.820325e+03 -5.425144e+04 -9.242955e+03 -3.855724e+03 -1.600964e+03 -8.802381e+03 -3.320619e+03 -5.424528e+04 1.745538e+03 1.115320e+03
-5.353535e-03 1.072730e+04 5.162941e+03 1.938471e+03 1.119989e+04 -3.790519e+03 -6.276899e+04 2.771556e+03 1.393018e+03 1.909713e+03 -1.125276e+04 -8.254438e+03 3.522123e+03 -2.720708e+03 1.360262e+03 -2.589252e+03 4.832210e+04 2.330262e+03 -1.275518e+04 -9.405223e+03 4.580842e+03 3.092034e+03 -1.712597e+03 2.885778e+03 -5.507687e+04 -9.413402e+03 -3.963584e+03 -1.582956e+03 -9.880682e+03 -3.391293e+03 -5.507061e+04 2.438797e+03 1.097195e+03
-5.151515e-03 1.090291e+04 5.302992e+03 1.913890e+03 1.249918e+04 -3.873844e+03 -6.359880e+04 3.612356e+03 1.368973e+03 1.884741e+03 -1.255140e+04 -8.388373e+03 3.616918e+03 -3.562328e+03 1.335846e+03 -2.645433e+03 4.895972e+04 2.300343e+03 -1.423611e+04 -9.558543e+03 4.701922e+03 4.051362e+03 -1.683063e+03 2.951726e+03 -5.580432e+04 -9.566856e+03 -4.073422e+03 -1.562507e+03 -1.102005e+04 -3.462484e+03 -5.579797e+04 3.176447e+03 1.077418e+03
-4.949495e-03 1.105589e+04 5.445384e+03 1.886144e+03 1.386794e+04 -3.957622e+03 -6.429939e+04 4.503799e+03 1.342752e+03 1.856663e+03 -1.391940e+04 -8.504920e+03 3.713275e+03 -4.454711e+03 1.309320e+03 -2.701892e+03 4.949788e+04 2.266627e+03 -1.579624e+04 -9.692041e+03 4.825046e+03 5.068571e+03 -1.650862e+03 3.018025e+03 -5.641839e+04 -9.700471e+03 -4.185053e+03 -1.539479e+03 -1.222026e+04 -3.534035e+03 -5.641196e+04 3.958512e+03 1.055933e+03
-4.747475e-03 1.118280e+04 5.589840e+03 1.855061e+03 1.530513e+04 -4.041653e+03 -6.485214e+04 5.445367e+03 1.314285e+03 1.825314e+03 -1.535572e+04 -8.601431e+03 3.811007e+03 -5.397339e+03 1.280621e+03 -2.758493e+03 4.992224e+04 2.228907e+03 -1.743439e+04 -9.802692e+03 4.949973e+03 6.143071e+03 -1.615906e+03 3.084518e+03 -5.690275e+04 -9.811220e+03 -4.298255e+03 -1.513734e+03 -1.348039e+04 -3.605777e+03 -5.689625e+04 4.784536e+03 1.032691e+03
-4.545455e-03 1.128000e+04 5.736033e+03 1.820471e+03 1.680881e+04 -4.125718e+03 -6.523748e+04 6.435904e+03 1.283503e+03 1.790534e+03 -1.685843e+04 -8.675118e+03 3.909891e+03 -6.389056e+03 1.249692e+03 -2.815087e+03 5.021778e+04 2.186983e+03 -1.914835e+04 -9.887314e+03 5.076422e+03 7.273546e+03 -1.578109e+03 3.151032e+03 -5.724024e+04 -9.895918e+03 -4.412773e+03 -1.485137e+03 -1.479875e+04 -3.677521e+03 -5.723369e+04 5.653504e+03 1.007648e+03
-4.343434e-03 1.134371e+04 5.883586e+03 1.782208e+03 1.837605e+04 -4.209580e+03 -6.543510e+04 7.473534e+03 1.250347e+03 1.752167e+03 -1.842457e+04 -8.723079e+03 4.009673e+03 -7.427986e+03 1.216483e+03 -2.871513e+03 5.036884e+04 2.140660e+03 -2.093478e+04 -9.942594e+03 5.204068e+03 8.457857e+03 -1.537400e+03 3.217376e+03 -5.741304e+04 -9.951248e+03 -4.528310e+03 -1.453555e+03 -1.617275e+04 -3.749062e+03 -5.740647e+04 6.563772e+03 9.807654e+02
-4.141414e-03 1.137002e+04 6.032068e+03 1.740113e+03 2.000277e+04 -4.292978e+03 -6.542414e+04 8.555577e+03 1.214767e+03 1.710064e+03 -2.005009e+04 -8.742329e+03 4.110060e+03 -8.511445e+03 1.180954e+03 -2.927598e+03 5.035939e+04 2.089750e+03 -2.278902e+04 -9.965122e+03 5.332537e+03 9.692947e+03 -1.493712e+03 3.283348e+03 -5.740286e+04 -9.973798e+03 -4.644528e+03 -1.418864e+03 -1.759882e+04 -3.820180e+03 -5.739627e+04 7.512986e+03 9.520123e+02
-3.939394e-03 1.135500e+04 6.180992e+03 1.694041e+03 2.168365e+04 -4.375636e+03 -6.518349e+04 9.678468e+03 1.176722e+03 1.664087e+03 -2.172967e+04 -8.729840e+03 4.210723e+03 -9.635865e+03 1.143075e+03 -2.983153e+03 5.017320e+04 2.034080e+03 -2.470502e+04 -9.951443e+03 5.461409e+03 1.097474e+04 -1.446995e+03 3.348727e+03 -5.719117e+04 -9.960110e+03 -4.761047e+03 -1.380947e+03 -1.907230e+04 -3.890639e+03 -5.718460e+04 8.498020e+03 9.213658e+02
-3.737374e-03 1.129469e+04 6.329813e+03 1.643855e+03 2.341206e+04 -4.457257e+03 -6.469215e+04 1.083768e+04 1.136180e+03 1.614112e+03 -2.345667e+04 -8.682594e+03 4.311294e+03 -1.079672e+04 1.102825e+03 -3.037981e+03 4.979409e+04 1.973492e+03 -2.667522e+04 -9.898109e+03 5.590212e+03 1.229809e+04 -1.397209e+03 3.413280e+03 -5.675957e+04 -9.906734e+03 -4.877439e+03 -1.339698e+03 -2.058738e+04 -3.960185e+03 -5.675304e+04 9.514907e+03 8.888118e+02
-3.535354e-03 1.118525e+04 6.477928e+03 1.589439e+03 2.517994e+04 -4.537528e+03 -6.392961e+04 1.202768e+04 1.093125e+03 1.560031e+03 -2.522305e+04 -8.597638e+03 4.411366e+03 -1.198845e+04 1.060197e+03 -3.091872e+03 4.920630e+04 1.907848e+03 -2.869041e+04 -9.801749e+03 5.718422e+03 1.365665e+04 -1.344331e+03 3.476758e+03 -5.609005e+04 -9.810293e+03 -4.993234e+03 -1.295025e+03 -2.213698e+04 -4.028552e+03 -5.608359e+04 1.055879e+04 8.543460e+02
-3.333333e-03 1.102299e+04 6.624675e+03 1.530695e+03 2.697773e+04 -4.616120e+03 -6.287635e+04 1.324186e+04 1.047551e+03 1.501756e+03 -2.701926e+04 -8.472151e+03 4.510492e+03 -1.320444e+04 1.015197e+03 -3.144605e+03 4.839482e+04 1.837036e+03 -3.073973e+04 -9.659141e+03 5.845468e+03 1.504289e+04 -1.288353e+03 3.538901e+03 -5.516550e+04 -9.667564e+03 -5.107916e+03 -1.246853e+03 -2.371275e+04 -4.095461e+03 -5.515914e+04 1.162386e+04 8.179748e+02
-3.131313e-03 1.080451e+04 6.769335e+03 1.467550e+03 2.879440e+04 -4.692690e+03 -6.151433e+04 1.447254e+04 9.994688e+02 1.439224e+03 -2.883429e+04 -8.303521e+03 4.608188e+03 -1.443701e+04 9.678431e+02 -3.195952e+03 4.734577e+04 1.760973e+03 -3.281058e+04 -9.467302e+03 5.970725e+03 1.644803e+04 -1.229286e+03 3.599439e+03 -5.397011e+04 -9.475562e+03 -5.220925e+03 -1.195126e+03 -2.530500e+04 -4.160621e+03 -5.396387e+04 1.270340e+04 7.797157e+02
-2.929293e-03 1.052676e+04 6.911136e+03 1.399962e+03 3.061741e+04 -4.766884e+03 -5.982762e+04 1.571094e+04 9.489050e+02 1.372397e+03 -3.065559e+04 -8.089426e+03 4.703934e+03 -1.567735e+04 9.181704e+02 -3.245677e+03 4.604689e+04 1.679607e+03 -3.488867e+04 -9.223581e+03 6.093524e+03 1.786205e+04 -1.167162e+03 3.658092e+03 -5.248988e+04 -9.231632e+03 -5.331661e+03 -1.139812e+03 -2.690275e+04 -4.223733e+03 -5.248381e+04 1.378971e+04 7.395981e+02
-2.727273e-03 1.018722e+04 7.049256e+03 1.327916e+03 3.243276e+04 -4.838339e+03 -5.780292e+04 1.694727e+04 8.959022e+02 1.301271e+03 -3.246920e+04 -7.827920e+03 4.797176e+03 -1.691566e+04 8.662282e+02 -3.293539e+03 4.448795e+04 1.592928e+03 -3.695804e+04 -8.925754e+03 6.213152e+03 1.927376e+04 -1.102032e+03 3.714575e+03 -5.071317e+04 -8.933549e+03 -5.439486e+03 -1.080904e+03 -2.849374e+04 -4.284490e+03 -5.070729e+04 1.487418e+04 6.976638e+02
-2.525253e-03 9.783947e+03 7.182833e+03 1.251439e+03 3.422512e+04 -4.906687e+03 -5.543025e+04 1.817074e+04 8.405206e+02 1.225873e+03 -3.425981e+04 -7.517526e+03 4.887335e+03 -1.814113e+04 8.120821e+02 -3.339296e+03 4.266130e+04 1.500968e+03 -3.900123e+04 -8.572132e+03 6.328860e+03 2.067084e+04 -1.033967e+03 3.768596e+03 -4.863122e+04 -8.579622e+03 -5.543730e+03 -1.018424e+03 -3.006455e+04 -4.342581e+03 -4.862558e+04 1.594737e+04 6.539669e+02
-2.323232e-03 9.315730e+03 7.310971e+03 1.170592e+03 3.597800e+04 -4.971559e+03 -5.270355e+04 1.936973e+04 7.828387e+02 1.146271e+03 -3.601094e+04 -7.157317e+03 4.973807e+03 -1.934210e+04 7.558137e+02 -3.382703e+03 4.056224e+04 1.403803e+03 -4.099941e+04 -8.161657e+03 6.439871e+03 2.204001e+04 -9.630642e+02 3.819866e+03 -4.623870e+04 -8.168792e+03 -5.643697e+03 -9.524270e+02 -3.160071e+04 -4.397697e+03 -4.623333e+04 1.699908e+04 6.085746e+02
-2.121212e-03 8.782195e+03 7.432751e+03 1.085482e+03 3.767392e+04 -5.032590e+03 -4.962122e+04 2.053192e+04 7.229530e+02 1.062573e+03 -3.770513e+04 -6.747008e+03 5.055975e+03 -2.050624e+04 6.975205e+02 -3.423518e+03 3.818958e+04 1.301564e+03 -4.293267e+04 -7.694003e+03 6.545386e+03 2.336719e+04 -8.894408e+02 3.868095e+03 -4.353424e+04 -7.700731e+03 -5.738675e+03 -8.830000e+02 -3.308691e+04 -4.449530e+03 -4.352918e+04 1.801850e+04 5.615664e+02
-1.919192e-03 8.183895e+03 7.547245e+03 9.962607e+02 3.929473e+04 -5.089421e+03 -4.618672e+04 2.164446e+04 6.609788e+02 9.749270e+02 -3.932426e+04 -6.287028e+03 5.133214e+03 -2.162068e+04 6.373162e+02 -3.461505e+03 3.554597e+04 1.194433e+03 -4.478031e+04 -7.169655e+03 6.644599e+03 2.463772e+04 -8.132378e+02 3.913002e+03 -4.052085e+04 -7.175928e+03 -5.827946e+03 -8.102676e+02 -3.450726e+04 -4.497778e+03 -4.051613e+04 1.899436e+04 5.130346e+02
-1.717172e-03 7.522400e+03 7.653529e+03 9.031267e+02 4.082192e+04 -5.141705e+03 -4.240891e+04 2.269427e+04 5.970493e+02 8.835293e+02 -4.084984e+04 -5.778581e+03 5.204904e+03 -2.267230e+04 5.753296e+02 -3.496437e+03 3.263823e+04 1.082648e+03 -4.652124e+04 -6.589988e+03 6.736707e+03 2.583663e+04 -7.346187e+02 3.954312e+03 -3.720632e+04 -6.595757e+03 -5.910794e+03 -7.343914e+02 -3.584555e+04 -4.542150e+03 -3.720199e+04 1.991520e+04 4.630832e+02
-1.515152e-03 6.800348e+03 7.750700e+03 8.063260e+02 4.223701e+04 -5.189112e+03 -3.830245e+04 2.366827e+04 5.313152e+02 7.886189e+02 -4.226342e+04 -5.223693e+03 5.270439e+03 -2.364799e+04 5.117044e+02 -3.528097e+03 2.947763e+04 9.665038e+02 -4.813439e+04 -5.957314e+03 6.820927e+03 2.694900e+04 -6.537690e+02 3.991766e+03 -3.360349e+04 -5.962531e+03 -5.986522e+03 -6.555709e+02 -3.708558e+04 -4.582370e+03 -3.359958e+04 2.076954e+04 4.118279e+02
-1.313131e-03 6.021479e+03 7.837896e+03 7.061522e+02 4.352199e+04 -5.231334e+03 -3.388786e+04 2.455369e+04 4.639444e+02 6.904802e+02 -4.354702e+04 -4.625235e+03 5.329240e+03 -2.453497e+04 4.465981e+02 -3.556283e+03 2.607998e+04 8.463505e+02 -4.959922e+04 -5.274908e+03 6.896506e+03 2.796022e+04 -5.708952e+02 4.025121e+03 -2.973039e+04 -5.279528e+03 -6.054460e+03 -5.740434e+02 -3.821158e+04 -4.618180e+03 -2.972692e+04 2.154618e+04 3.593949e+02
-1.111111e-03 5.190633e+03 7.914307e+03 6.029453e+02 4.465973e+04 -5.268087e+03 -2.919157e+04 2.533840e+04 3.951201e+02 5.894407e+02 -4.468352e+04 -3.986917e+03 5.380762e+03 -2.532107e+04 3.801807e+02 -3.580810e+03 2.246560e+04 7.225934e+02 -5.089621e+04 -4.547004e+03 6.962744e+03 2.885643e+04 -4.862235e+02 4.054154e+03 -2.561018e+04 -4.550988e+03 -6.113985e+03 -4.900829e+02 -3.920855e+04 -4.649345e+03 -2.560719e+04 2.223448e+04 3.059204e+02
-9.090909e-04 4.313703e+03 7.979201e+03 4.970884e+02 4.563449e+04 -5.299121e+03 -2.424568e+04 2.601123e+04 3.250401e+02 4.858687e+02 -4.565721e+04 -3.313262e+03 5.424515e+03 -2.599508e+04 3.126337e+02 -3.601514e+03 1.865919e+04 5.956886e+02 -5.200740e+04 -3.778763e+03 7.019000e+03 2.962487e+04 -3.999979e+02 4.078668e+03 -2.127103e+04 -3.782075e+03 -6.164529e+03 -4.039977e+02 -4.006269e+04 -4.675653e+03 -2.126855e+04 2.282463e+04 2.515492e+02
-7.070707e-04 3.397564e+03 8.031935e+03 3.890042e+02 4.643230e+04 -5.324218e+03 -1.908752e+04 2.656227e+04 2.539144e+02 3.801695e+02 -4.645415e+04 -2.609541e+03 5.460066e+03 -2.654711e+04 2.441487e+02 -3.618253e+03 1.468948e+04 4.661389e+02 -5.291689e+04 -2.976204e+03 7.064718e+03 3.025422e+04 -3.124781e+02 4.098492e+03 -1.674569e+04 -2.978814e+03 -6.205597e+03 -3.161272e+02 -4.076177e+04 -4.696925e+03 -1.674373e+04 2.330797e+04 1.964336e+02
-5.050505e-04 2.449958e+03 8.071973e+03 2.791498e+02 4.704145e+04 -5.343202e+03 -1.375906e+04 2.698320e+04 1.819640e+02 2.727802e+02 -4.706262e+04 -1.881691e+03 5.487057e+03 -2.696880e+04 1.749251e+02 -3.630911e+03 1.058874e+04 3.344873e+02 -5.361130e+04 -2.146102e+03 7.099430e+03 3.073499e+04 -2.239374e+02 4.113486e+03 -1.207095e+04 -2.147984e+03 -6.236775e+03 -2.268383e+02 -4.129553e+04 -4.713013e+03 -1.206954e+04 2.367718e+04 1.407324e+02
-3.030303e-04 1.479335e+03 8.098901e+03 1.680100e+02 4.745278e+04 -5.355934e+03 -8.306071e+03 2.726754e+04 1.094183e+02 1.641643e+02 -4.747350e+04 -1.136192e+03 5.505210e+03 -2.725365e+04 1.051693e+02 -3.639401e+03 6.392198e+03 2.013097e+02 -5.408021e+04 -1.295854e+03 7.122777e+03 3.105974e+04 -1.346595e+02 4.123543e+03 -7.286986e+03 -1.296990e+03 -6.257742e+03 -1.365195e+02 -4.165596e+04 -4.723802e+03 -7.286134e+03 2.392658e+04 8.460920e+01
-1.010101e-04 4.946829e+02 8.112437e+03 5.609044e+01 4.766004e+04 -5.362324e+03 -2.777189e+03 2.741084e+04 3.651288e+01 5.480454e+01 -4.768053e+04 -3.799354e+02 5.514334e+03 -2.739721e+04 3.509223e+01 -3.643660e+03 2.137271e+03 6.720664e+01 -5.431648e+04 -4.333266e+02 7.134513e+03 3.122342e+04 -4.493616e+01 4.128589e+03 -2.436450e+03 -4.337066e+02 -6.268281e+03 -4.557629e+01 -4.183757e+04 -4.729216e+03 -2.436165e+03 2.405228e+04 2.823144e+01
1.010101e-04 -4.946829e+02 8.112437e+03 -5.609044e+01 4.766004e+04 -5.362324e+03 2.777189e+03 2.741084e+04 -3.651288e+01 -5.480454e+01 -4.768053e+04 3.799354e+02 5.514334e+03 -2.739721e+04 -3.509223e+01 -3.643660e+03 -2.137271e+03 -6.720664e+01 -5.431648e+04 4.333266e+02 7.134513e+03 3.122342e+04 4.493616e+01 4.128589e+03 2.436450e+03 4.337066e+02 -6.268281e+03 4.557629e+01 -4.183757e+04 -4.729216e+03 2.436165e+03 2.405228e+04 -2.823144e+01
3.030303e-04 -1.479335e+03 8.098901e+03 -1.680100e+02 4.745278e+04 -5.355934e+03 8.306071e+03 2.726754e+04 -1.094183e+02 -1.641643e+02 -4.747350e+04 1.136192e+03 5.505210e+03 -2.725365e+04 -1.051693e+02 -3.639401e+03 -6.392198e+03 -2.013097e+02 -5.408021e+04 1.295854e+03 7.122777e+03 3.105974e+04 1.346595e+02 4.123543e+03 7.286986e+03 1.296990e+03 -6.257742e+03 1.365195e+02 -4.165596e+04 -4.723802e+03 7.286134e+03 2.392658e+04 -8.460920e+01
5.050505e-04 -2.449958e+03 8.071973e+03 -2.791498e+02 4.704145e+04 -5.343202e+03 1.375906e+04 2.698320e+04 -1.819640e+02 -2.727802e+02 -4.706262e+04 1.881691e+03 5.487057e+03 -2.696880e+04 -1.749251e+02 -3.630911e+03 -1.058874e+04 -3.344873e+02 -5.361130e+04 2.146102e+03 7.099430e+03 3.073499e+04 2.239374e+02 4.113486e+03 1.207095e+04 2.147984e+03 -6.236775e+03 2.268383e+02 -4.129553e+04 -4.713013e+03 1.206954e+04 2.367718e+04 -1.407324e+02
7.070707e-04 -3.397564e+03 8.031935e+03 -3.890042e+02 4.643230e+04 -5.324218e+03 1.908752e+04 2.656227e+04 -2.539144e+02 -3.801695e+02 -4.645415e+04 2.609541e+03 5.460066e+03 -2.654711e+04 -2.441487e+02 -3.618253e+03 -1.468948e+04 -4.661389e+02 -5.291689e+04 2.976204e+03 7.064718e+03 3.025422e+04 3.124781e+02 4.098492e+03 1.674569e+04 2.978814e+03 -6.205597e+03 3.161272e+02 -4.076177e+04 -4.696925e+03 1.674373e+04 2.330797e+04 -1.964336e+02
9.090909e-04 -4.313703e+03 7.979201e+03 -4.970884e+02 4.563449e+04 -5.299121e+03 2.424568e+04 2.601123e+04 -3.250401e+02 -4.858687e+02 -4.565721e+04 3.313262e+03 5.424515e+03 -2.599508e+04 -3.126337e+02 -3.601514e+03 -1.865919e+04 -5.956886e+02 -5.200740e+04 3.778763e+03 7.019000e+03 2.962487e+04 3.999979e+02 4.078668e+03 2.127103e+04 3.782075e+03 -6.164529e+03 4.039977e+02 -4.006269e+04 -4.675653e+03 2.126855e+04 2.282463e+04 -2.515492e+02
1.111111e-03 -5.190633e+03 7.914307e+03 -6.029453e+02 4.465973e+04 -5.268087e+03 2.919157e+04 2.533840e+04 -3.951201e+02 -5.894407e+02 -4.468352e+04 3.986917e+03 5.380762e+03 -2.532107e+04 -3.801807e+02 -3.580810e+03 -2.246560e+04 -7.225934e+02 -5.089621e+04 4.547004e+03 6.962744e+03 2.885643e+04 4.862235e+02 4.054154e+03 2.561018e+04 4.550988e+03 -6.113985e+03 4.900829e+02 -3.920855e+04 -4.649345e+03 2.560719e+04 2.223448e+04 -3.059204e+02
1.313131e-03 -6.021479e+03 7.837896e+03 -7.061522e+02 4.352199e+04 -5.231334e+03 3.388786e+04 2.455369e+04 -4.639444e+02 -6.904802e+02 -4.354702e+04 4.625235e+03 5.329240e+03 -2.453497e+04 -4.465981e+02 -3.556283e+03 -2.607998e+04 -8.463505e+02 -4.959922e+04 5.274908e+03 6.896506e+03 2.796022e+04 5.708952e+02 4.025121e+03 2.973039e+04 5.279528e+03 -6.054460e+03 5.740434e+02 -3.821158e+04 -4.618180e+03 2.972692e+04 2.154618e+04 -3.593949e+02
1.515152e-03 -6.800348e+03 7.750700e+03 -8.063260e+02 4.223701e+04 -5.189112e+03 3.830245e+04 2.366827e+04 -5.313152e+02 -7.886189e+02 -4.226342e+04 5.223693e+03 5.270439e+03 -2.364799e+04 -5.117044e+02 -3.528097e+03 -2.947763e+04 -9.665038e+02 -4.813439e+04 5.957314e+03 6.820927e+03 2.694900e+04 6.537690e+02 3.991766e+03 3.360349e+04 5.962531e+03 -5.986522e+03 6.555709e+02 -3.708558e+04 -4.582370e+03 3.359958e+04 2.076954e+04 -4.118279e+02
1.717172e-03 -7.522400e+03 7.653529e+03 -9.031267e+02 4.082192e+04 -5.141705e+03 4.240891e+04 2.269427e+04 -5.970493e+02 -8.835293e+02 -4.084984e+04 5.778581e+03 5.204904e+03 -2.267230e+04 -5.753296e+02 -3.496437e+03 -3.263823e+04 -1.082648e+03 -4.652124e+04 6.589988e+03 6.736707e+03 2.583663e+04 7.346187e+02 3.954312e+03 3.720632e+04 6.595757e+03 -5.910794e+03 7.343914e+02 -3.584555e+04 -4.542150e+03 3.720199e+04 1.991520e+04 -4.630832e+02
1.919192e-03 -8.183895e+03 7.547245e+03 -9.962607e+02 3.929473e+04 -5.089421e+03 4.618672e+04 2.164446e+04 -6.609788e+02 -9.749270e+02 -3.932426e+04 6.287028e+03 5.133214e+03 -2.162068e+04 -6.373162e+02 -3.461505e+03 -3.554597e+04 -1.194433e+03 -4.478031e+04 7.169655e+03 6.644599e+03 2.463772e+04 8.132378e+02 3.913002e+03 4.052085e+04 7.175928e+03 -5.827946e+03 8.102676e+02 -3.450726e+04 -4.497778e+03 4.051613e+04 1.899436e+04 -5.130346e+02
2.121212e-03 -8.782195e+03 7.432751e+03 -1.085482e+03 3.767392e+04 -5.032590e+03 4.962122e+04 2.053192e+04 -7.229530e+02 -1.062573e+03 -3.770513e+04 6.747008e+03 5.055975e+03 -2.050624e+04 -6.975205e+02 -3.423518e+03 -3.818958e+04 -1.301564e+03 -4.293267e+04 7.694003e+03 6.545386e+03 2.336719e+04 8.894408e+02 3.868095e+03 4.353424e+04 7.700731e+03 -5.738675e+03 8.830000e+02 -3.308691e+04 -4.449530e+03 4.352918e+04 1.801850e+04 -5.615664e+02
2.323232e-03 -9.315730e+03 7.310971e+03 -1.170592e+03 3.597800e+04 -4.971559e+03 5.270355e+04 1.936973e+04 -7.828387e+02 -1.146271e+03 -3.601094e+04 7.157317e+03 4.973807e+03 -1.934210e+04 -7.558137e+02 -3.382703e+03 -4.056224e+04 -1.403803e+03 -4.099941e+04 8.161657e+03 6.439871e+03 2.204001e+04 9.630642e+02 3.819866e+03 4.623870e+04 8.168792e+03 -5.643697e+03 9.524270e+02 -3.160071e+04 -4.397697e+03 4.623333e+04 1.699908e+04 -6.085746e+02
2.525253e-03 -9.783947e+03 7.182833e+03 -1.251439e+03 3.422512e+04 -4.906687e+03 5.543025e+04 1.817074e+04 -8.405206e+02 -1.225873e+03 -3.425981e+04 7.517526e+03 4.887335e+03 -1.814113e+04 -8.120821e+02 -3.339296e+03 -4.266130e+04 -1.500968e+03 -3.900123e+04 8.572132e+03 6.328860e+03 2.067084e+04 1.033967e+03 3.768596e+03 4.863122e+04 8.579622e+03 -5.543730e+03 1.018424e+03 -3.006455e+04 -4.342581e+03 4.862558e+04 1.594737e+04 -6.539669e+02
2.727273e-03 -1.018722e+04 7.049256e+03 -1.327916e+03 3.243276e+04 -4.838339e+03 5.780292e+04 1.694727e+04 -8.959022e+02 -1.301271e+03 -3.246920e+04 7.827920e+03 4.797176e+03 -1.691566e+04 -8.662282e+02 -3.293539e+03 -4.448795e+04 -1.592928e+03 -3.695804e+04 8.925754e+03 6.213152e+03 1.927376e+04 1.102032e+03 3.714575e+03 5.071317e+04 8.933549e+03 -5.439486e+03 1.080904e+03 -2.849374e+04 -4.284490e+03 5.070729e+04 1.487418e+04 -6.976638e+02
2.929293e-03 -1.052676e+04 6.911136e+03 -1.399962e+03 3.061741e+04 -4.766884e+03 5.982762e+04 1.571094e+04 -9.489050e+02 -1.372397e+03 -3.065559e+04 8.089426e+03 4.703934e+03 -1.567735e+04 -9.181704e+02 -3.245677e+03 -4.604689e+04 -1.679607e+03 -3.488867e+04 9.223581e+03 6.093524e+03 1.786205e+04 1.167162e+03 3.658092e+03 5.248988e+04 9.231632e+03 -5.331661e+03 1.139812e+03 -2.690275e+04 -4.223733e+03 5.248381e+04 1.378971e+04 -7.395981e+02
3.131313e-03 -1.080451e+04 6.769335e+03 -1.467550e+03 2.879440e+04 -4.692690e+03 6.151433e+04 1.447254e+04 -9.994688e+02 -1.439224e+03 -2.883429e+04 8.303521e+03 4.608188e+03 -1.443701e+04 -9.678431e+02 -3.195952e+03 -4.734577e+04 -1.760973e+03 -3.281058e+04 9.467302e+03 5.970725e+03 1.644803e+04 1.229286e+03 3.599439e+03 5.397011e+04 9.475562e+03 -5.220925e+03 1.195126e+03 -2.530500e+04 -4.160621e+03 5.396387e+04 1.270340e+04 -7.797157e+02
3.333333e-03 -1.102299e+04 6.624675e+03 -1.530695e+03 2.697773e+04 -4.616120e+03 6.287635e+04 1.324186e+04 -1.047551e+03 -1.501756e+03 -2.701926e+04 8.472151e+03 4.510492e+03 -1.320444e+04 -1.015197e+03 -3.144605e+03 -4.839482e+04 -1.837036e+03 -3.073973e+04 9.659141e+03 5.845468e+03 1.504289e+04 1.288353e+03 3.538901e+03 5.516550e+04 9.667564e+03 -5.107916e+03 1.246853e+03 -2.371275e+04 -4.095461e+03 5.515914e+04 1.162386e+04 -8.179748e+02
3.535354e-03 -1.118525e+04 6.477928e+03 -1.589439e+03 2.517994e+04 -4.537528e+03 6.392961e+04 1.202768e+04 -1.093125e+03 -1.560031e+03 -2.522305e+04 8.597638e+03 4.411366e+03 -1.198845e+04 -1.060197e+03 -3.091872e+03 -4.920630e+04 -1.907848e+03 -2.869041e+04 9.801749e+03 5.718422e+03 1.365665e+04 1.344331e+03 3.476758e+03 5.609005e+04 9.810293e+03 -4.993234e+03 1.295025e+03 -2.213698e+04 -4.028552e+03 5.608359e+04 1.055879e+04 -8.543460e+02
3.737374e-03 -1.129469e+04 6.329813e+03 -1.643855e+03 2.341206e+04 -4.457257e+03 6.469215e+04 1.083768e+04 -1.136180e+03 -1.614112e+03 -2.345667e+04 8.682594e+03 4.311294e+03 -1.079672e+04 -1.102825e+03 -3.037981e+03 -4.979409e+04 -1.973492e+03 -2.667522e+04 9.898109e+03 5.590212e+03 1.229809e+04 1.397209e+03 3.413280e+03 5.675957e+04 9.906734e+03 -4.877439e+03 1.339698e+03 -2.058738e+04 -3.960185e+03 5.675304e+04 9.514907e+03 -8.888118e+02
3.939394e-03 -1.135500e+04 6.180992e+03 -1.694041e+03 2.168365e+04 -4.375636e+03 6.518349e+04 9.678468e+03 -1.176722e+03 -1.664087e+03 -2.172967e+04 8.729840e+03 4.210723e+03 -9.635865e+03 -1.143075e+03 -2.983153e+03 -5.017320e+04 -2.034080e+03 -2.470502e+04 9.951443e+03 5.461409e+03 1.097474e+04 1.446995e+03 3.348727e+03 5.719117e+04 9.960110e+03 -4.761047e+03 1.380947e+03 -1.907230e+04 -3.890639e+03 5.718460e+04 8.498020e+03 -9.213658e+02
4.141414e-03 -1.137002e+04 6.032068e+03 -1.740113e+03 2.000277e+04 -4.292978e+03 6.542414e+04 8.555577e+03 -1.214767e+03 -1.710064e+03 -2.005009e+04 8.742329e+03 4.110060e+03 -8.511445e+03 -1.180954e+03 -2.927598e+03 -5.035939e+04 -2.089750e+03 -2.278902e+04 9.965122e+03 5.332537e+03 9.692947e+03 1.493712e+03 3.283348e+03 5.740286e+04 9.973798e+03 -4.644528e+03 1.418864e+03 -1.759882e+04 -3.820180e+03 5.739627e+04 7.512986e+03 -9.520123e+02
4.343434e-03 -1.134371e+04 5.883586e+03 -1.782208e+03 1.837605e+04 -4.209580e+03 6.543510e+04 7.473534e+03 -1.250347e+03 -1.752167e+03 -1.842457e+04 8.723079e+03 4.009673e+03 -7.427986e+03 -1.216483e+03 -2.871513e+03 -5.036884e+04 -2.140660e+03 -2.093478e+04 9.942594e+03 5.204068e+03 8.457857e+03 1.537400e+03 3.217376e+03 5.741304e+04 9.951248e+03 -4.528310e+03 1.453555e+03 -1.617275e+04 -3.749062e+03 5.740647e+04 6.563772e+03 -9.807654e+02
4.545455e-03 -1.128000e+04 5.736033e+03 -1.820471e+03 1.680881e+04 -4.125718e+03 6.523748e+04 6.435904e+03 -1.283503e+03 -1.790534e+03 -1.685843e+04 8.675118e+03 3.909891e+03 -6.389056e+03 -1.249692e+03 -2.815087e+03 -5.021778e+04 -2.186983e+03 -1.914835e+04 9.887314e+03 5.076422e+03 7.273546e+03 1.578109e+03 3.151032e+03 5.724024e+04 9.895918e+03 -4.412773e+03 1.485137e+03 -1.479875e+04 -3.677521e+03 5.723369e+04 5.653504e+03 -1.007648e+03
4.747475e-03 -1.118280e+04 5.589840e+03 -1.855061e+03 1.530513e+04 -4.041653e+03 6.485214e+04 5.445367e+03 -1.314285e+03 -1.825314e+03 -1.535572e+04 8.601431e+03 3.811007e+03 -5.397339e+03 -1.280621e+03 -2.758493e+03 -4.992224e+04 -2.228907e+03 -1.743439e+04 9.802692e+03 4.949973e+03 6.143071e+03 1.615906e+03 3.084518e+03 5.690275e+04 9.811220e+03 -4.298255e+03 1.513734e+03 -1.348039e+04 -3.605777e+03 5.689625e+04 4.784536e+03 -1.032691e+03
4.949495e-03 -1.105589e+04 5.445384e+03 -1.886144e+03 1.386794e+04 -3.957622e+03 6.429939e+04 4.503799e+03 -1.342752e+03 -1.856663e+03 -1.391940e+04 8.504920e+03 3.713275e+03 -4.454711e+03 -1.309320e+03 -2.701892e+03 -4.949788e+04 -2.266627e+03 -1.579624e+04 9.692041e+03 4.825046e+03 5.068571e+03 1.650862e+03 3.018025e+03 5.641839e+04 9.700471e+03 -4.185053e+03 1.539479e+03 -1.222026e+04 -3.534035e+03 5.641196e+04 3.958512e+03 -1.055933e+03
5.151515e-03 -1.090291e+04 5.302992e+03 -1.913890e+03 1.249918e+04 -3.873844e+03 6.359880e+04 3.612356e+03 -1.368973e+03 -1.884741e+03 -1.255140e+04 8.388373e+03 3.616918e+03 -3.562328e+03 -1.335846e+03 -2.645433e+03 -4.895972e+04 -2.300343e+03 -1.423611e+04 9.558543e+03 4.701922e+03 4.051362e+03 1.683063e+03 2.951726e+03 5.580432e+04 9.566856e+03 -4.073422e+03 1.562507e+03 -1.102005e+04 -3.462484e+03 5.579797e+04 3.176447e+03 -1.077418e+03
5.353535e-03 -1.072730e+04 5.162941e+03 -1.938471e+03 1.119989e+04 -3.790519e+03 6.276899e+04 2.771556e+03 -1.393018e+03 -1.909713e+03 -1.125276e+04 8.254438e+03 3.522123e+03 -2.720708e+03 -1.360262e+03 -2.589252e+03 -4.832210e+04 -2.330262e+03 -1.275518e+04 9.405223e+03 4.580842e+03 3.092034e+03 1.712597e+03 2.885778e+03 5.507687e+04 9.413402e+03 -3.963584e+03 1.582956e+03 -9.880682e+03 -3.391293e+03 5.507061e+04 2.438797e+03 -1.097195e+03
5.555556e-03 -1.053233e+04 5.025466e+03 -1.960061e+03 9.970339e+03 -3.707827e+03 6.182750e+04 1.981372e+03 -1.414965e+03 -1.931743e+03 -1.002375e+04 8.105608e+03 3.429052e+03 -1.929819e+03 -1.382637e+03 -2.533470e+03 -4.759851e+04 -2.356587e+03 -1.135375e+04 9.234925e+03 4.462008e+03 2.190550e+03 1.739560e+03 2.820325e+03 5.425144e+04 9.242955e+03 -3.855724e+03 1.600964e+03 -8.802381e+03 -3.320619e+03 5.424528e+04 1.745538e+03 -1.115320e+03
5.757576e-03 -1.032102e+04 4.890762e+03 -1.978831e+03 8.810112e+03 -3.625929e+03 6.079074e+04 1.241302e+03 -1.434894e+03 -1.950997e+03 -8.863958e+03 7.944205e+03 3.337835e+03 -1.189155e+03 -1.403042e+03 -2.478198e+03 -4.680158e+04 -2.379525e+03 -1.003136e+04 9.050299e+03 4.345586e+03 1.346333e+03 1.764054e+03 2.755494e+03 5.334241e+04 9.058169e+03 -3.749997e+03 1.616671e+03 -7.784799e+03 -3.250599e+03 5.333636e+04 1.096230e+03 -1.131848e+03
5.959596e-03 -1.009617e+04 4.758985e+03 -1.994952e+03 7.718243e+03 -3.544969e+03 5.967390e+04 5.504511e+02 -1.452890e+03 -1.967637e+03 -7.772429e+03 7.772376e+03 3.248582e+03 -4.978193e+02 -1.421555e+03 -2.423535e+03 -4.594300e+04 -2.399276e+03 -8.786901e+03 8.853797e+03 4.231712e+03 5.583582e+02 1.786180e+03 2.691400e+03 5.236311e+04 8.861497e+03 -3.646526e+03 1.630211e+03 -6.827090e+03 -3.181359e+03 5.235719e+04 4.900900e+02 -1.146841e+03
6.161616e-03 -9.860349e+03 4.630260e+03 -2.008590e+03 6.693297e+03 -3.465073e+03 5.849097e+04 -9.239798e+01 -1.469037e+03 -1.981823e+03 -6.747728e+03 7.592092e+03 3.161376e+03 1.454125e+02 -1.438253e+03 -2.369566e+03 -4.503351e+04 -2.416038e+03 -7.618739e+03 8.647667e+03 4.120491e+03 -1.747699e+02 1.806045e+03 2.628142e+03 5.132581e+04 8.655189e+03 -3.545413e+03 1.641720e+03 -5.928001e+03 -3.113008e+03 5.132000e+04 -7.395011e+01 -1.160362e+03
6.363636e-03 -9.615895e+03 4.504679e+03 -2.019905e+03 5.733460e+03 -3.386351e+03 5.725469e+04 -6.887240e+02 -1.483423e+03 -1.993710e+03 -5.788048e+03 7.405145e+03 3.076282e+03 7.420239e+02 -1.453216e+03 -2.316368e+03 -4.408295e+04 -2.430005e+03 -6.524803e+03 8.433956e+03 4.012003e+03 -8.547439e+02 1.823754e+03 2.565808e+03 5.024169e+04 8.441295e+03 -3.446733e+03 1.651326e+03 -5.085945e+03 -3.045640e+03 5.023602e+04 -5.971864e+02 -1.172473e+03
6.565657e-03 -9.364922e+03 4.382310e+03 -2.029055e+03 4.836622e+03 -3.308898e+03 5.597665e+04 -1.240208e+03 -1.496132e+03 -2.003450e+03 -4.891282e+03 7.213158e+03 2.993347e+03 1.293701e+03 -1.466526e+03 -2.264006e+03 -4.310020e+04 -2.441361e+03 -5.502685e+03 8.214516e+03 3.906305e+03 -1.483487e+03 1.839415e+03 2.504473e+03 4.912091e+04 8.221665e+03 -3.350542e+03 1.659155e+03 -4.299075e+03 -2.979339e+03 4.911537e+04 -1.081093e+03 -1.183240e+03
6.767677e-03 -9.109328e+03 4.263196e+03 -2.036188e+03 4.000441e+03 -3.232794e+03 5.466727e+04 -1.748682e+03 -1.507251e+03 -2.011187e+03 -4.055096e+03 7.017587e+03 2.912602e+03 1.802283e+03 -1.478262e+03 -2.212537e+03 -4.209331e+04 -2.450287e+03 -4.549718e+03 7.991007e+03 3.803433e+03 -2.063097e+03 1.853133e+03 2.444202e+03 4.797262e+04 7.997965e+03 -3.256874e+03 1.665331e+03 -3.565345e+03 -2.914175e+03 4.796722e+04 -1.527276e+03 -1.192728e+03
6.969697e-03 -8.850806e+03 4.147360e+03 -2.041450e+03 3.222412e+03 -3.158108e+03 5.333589e+04 -2.216087e+03 -1.516866e+03 -2.017061e+03 -3.276988e+03 6.819731e+03 2.834062e+03 2.269715e+03 -1.488507e+03 -2.162008e+03 -4.106944e+04 -2.456954e+03 -3.663042e+03 7.764912e+03 3.703407e+03 -2.595792e+03 1.865014e+03 2.385049e+03 4.680501e+04 7.771676e+03 -3.165752e+03 1.669967e+03 -2.882561e+03 -2.850208e+03 4.679974e+04 -1.937437e+03 -1.201001e+03
7.171717e-03 -8.590853e+03 4.034806e+03 -2.044977e+03 2.499915e+03 -3.084894e+03 5.199081e+04 -2.644431e+03 -1.525060e+03 -2.021207e+03 -2.554346e+03 6.620739e+03 2.757733e+03 2.698012e+03 -1.497338e+03 -2.112456e+03 -4.003499e+04 -2.461527e+03 -2.839673e+03 7.537542e+03 3.606227e+03 -3.083869e+03 1.875160e+03 2.327058e+03 4.562535e+04 7.544112e+03 -3.077181e+03 1.673177e+03 -2.248431e+03 -2.787485e+03 4.562022e+04 -2.313337e+03 -1.208123e+03
7.373737e-03 -8.330786e+03 3.925523e+03 -2.046901e+03 1.830266e+03 -3.013197e+03 5.063935e+04 -3.035759e+03 -1.531915e+03 -2.023751e+03 -1.884490e+03 6.421624e+03 2.683608e+03 3.089223e+03 -1.504835e+03 -2.063915e+03 -3.899560e+04 -2.464162e+03 -2.076547e+03 7.310052e+03 3.511885e+03 -3.529666e+03 1.883671e+03 2.270263e+03 4.444008e+04 7.316428e+03 -2.991154e+03 1.675066e+03 -1.660605e+03 -2.726047e+03 4.443509e+04 -2.656769e+03 -1.214157e+03
7.575758e-03 -8.071756e+03 3.819486e+03 -2.047344e+03 1.210750e+03 -2.943052e+03 4.928796e+04 -3.392123e+03 -1.537510e+03 -2.024814e+03 -1.264711e+03 6.223267e+03 2.611672e+03 3.445408e+03 -1.511073e+03 -2.016408e+03 -3.795622e+04 -2.465007e+03 -1.370572e+03 7.083449e+03 3.420357e+03 -3.935531e+03 1.890646e+03 2.214693e+03 4.325484e+04 7.089632e+03 -2.907655e+03 1.675735e+03 -1.116708e+03 -2.665924e+03 4.324999e+04 -2.969533e+03 -1.219165e+03
7.777778e-03 -7.814757e+03 3.716659e+03 -2.046425e+03 6.386606e+02 -2.874482e+03 4.794224e+04 -3.715561e+03 -1.541923e+03 -2.024512e+03 -6.923055e+02 6.026434e+03 2.541900e+03 3.768610e+03 -1.516128e+03 -1.969954e+03 -3.692116e+04 -2.464204e+03 -7.186586e+02 6.858604e+03 3.331612e+03 -4.303795e+03 1.896179e+03 2.160368e+03 4.207456e+04 6.864595e+03 -2.826656e+03 1.675279e+03 -6.143689e+02 -2.607139e+03 4.206985e+04 -3.253416e+03 -1.223207e+03
7.979798e-03 -7.560644e+03 3.616997e+03 -2.044254e+03 1.113185e+02 -2.807505e+03 4.660704e+04 -4.008080e+03 -1.545228e+03 -2.022952e+03 -1.646013e+02 5.831781e+03 2.474264e+03 4.060838e+03 -1.520071e+03 -1.924566e+03 -3.589416e+04 -2.461884e+03 -1.177538e+02 6.636266e+03 3.245608e+03 -4.636749e+03 1.900362e+03 2.107300e+03 4.090348e+04 6.642068e+03 -2.748126e+03 1.673788e+03 -1.512434e+02 -2.549706e+03 4.089891e+04 -3.510178e+03 -1.226342e+03
8.181818e-03 -7.310143e+03 3.520444e+03 -2.040934e+03 -3.739006e+02 -2.742131e+03 4.528651e+04 -4.271635e+03 -1.547497e+03 -2.020237e+03 3.210222e+02 5.639867e+03 2.408726e+03 4.324056e+03 -1.522973e+03 -1.880250e+03 -3.487841e+04 -2.458173e+03 4.351349e+02 6.417071e+03 3.162299e+03 -4.936632e+03 1.903283e+03 2.055499e+03 3.974526e+04 6.422688e+03 -2.672022e+03 1.671347e+03 2.749666e+02 -2.493636e+03 3.974082e+04 -3.741533e+03 -1.228625e+03
8.383838e-03 -7.063864e+03 3.426942e+03 -2.036564e+03 -8.195519e+02 -2.678361e+03 4.398419e+04 -4.508123e+03 -1.548799e+03 -2.016462e+03 7.671155e+02 5.451160e+03 2.345249e+03 4.560164e+03 -1.524900e+03 -1.837010e+03 -3.387664e+04 -2.453188e+03 9.429210e+02 6.201555e+03 3.081631e+03 -5.205610e+03 1.905026e+03 2.004966e+03 3.860299e+04 6.206989e+03 -2.598299e+03 1.668036e+03 6.664982e+02 -2.438931e+03 3.859868e+04 -3.949146e+03 -1.230112e+03
8.585859e-03 -6.822314e+03 3.336423e+03 -2.031235e+03 -1.228108e+03 -2.616192e+03 4.270304e+04 -4.719374e+03 -1.549200e+03 -2.011718e+03 1.176147e+03 5.266051e+03 2.283787e+03 4.770996e+03 -1.525916e+03 -1.794845e+03 -3.289113e+04 -2.447038e+03 1.408423e+03 5.990161e+03 3.003547e+03 -5.445776e+03 1.905672e+03 1.955699e+03 3.747927e+04 5.995417e+03 -2.526908e+03 1.663928e+03 1.025516e+03 -2.385590e+03 3.747509e+04 -4.134619e+03 -1.230854e+03
8.787879e-03 -6.585906e+03 3.248819e+03 -2.025032e+03 -1.601947e+03 -2.555618e+03 4.144552e+04 -4.907140e+03 -1.548763e+03 -2.006090e+03 1.550492e+03 5.084857e+03 2.224295e+03 4.958309e+03 -1.526084e+03 -1.753750e+03 -3.192377e+04 -2.439827e+03 1.834354e+03 5.783253e+03 2.927985e+03 -5.659131e+03 1.905299e+03 1.907691e+03 3.637627e+04 5.788334e+03 -2.457796e+03 1.659096e+03 1.354104e+03 -2.333607e+03 3.637221e+04 -4.299491e+03 -1.230901e+03
8.989899e-03 -6.354971e+03 3.164054e+03 -2.018036e+03 -1.943351e+03 -2.496623e+03 4.021366e+04 -5.073094e+03 -1.547547e+03 -1.999656e+03 1.892427e+03 4.907835e+03 2.166722e+03 5.123780e+03 -1.525462e+03 -1.713717e+03 -3.097612e+04 -2.431651e+03 2.223314e+03 5.581120e+03 2.854881e+03 -5.847589e+03 1.903979e+03 1.860933e+03 3.529575e+04 5.586030e+03 -2.390905e+03 1.653603e+03 1.654259e+03 -2.282971e+03 3.529181e+04 -4.445229e+03 -1.230301e+03
9.191919e-03 -6.129766e+03 3.082055e+03 -2.010321e+03 -2.254495e+03 -2.439193e+03 3.900904e+04 -5.218828e+03 -1.545611e+03 -1.992490e+03 2.204124e+03 4.735182e+03 2.111020e+03 5.269004e+03 -1.524107e+03 -1.674737e+03 -3.004940e+04 -2.422599e+03 2.577783e+03 5.383988e+03 2.784170e+03 -6.012968e+03 1.901781e+03 1.815412e+03 3.423912e+04 5.388733e+03 -2.326179e+03 1.647510e+03 1.927885e+03 -2.233669e+03 3.423531e+04 -4.573229e+03 -1.229100e+03
9.393939e-03 -5.910483e+03 3.002744e+03 -2.001955e+03 -2.537447e+03 -2.383306e+03 3.783294e+04 -5.345850e+03 -1.543006e+03 -1.984661e+03 2.487650e+03 4.567048e+03 2.057136e+03 5.395493e+03 -1.522071e+03 -1.636797e+03 -2.914460e+04 -2.412756e+03 2.900120e+03 5.192028e+03 2.715784e+03 -6.156992e+03 1.898773e+03 1.771112e+03 3.320748e+04 5.196612e+03 -2.263557e+03 1.640876e+03 2.176796e+03 -2.185685e+03 3.320379e+04 -4.684812e+03 -1.227342e+03
9.595960e-03 -5.697261e+03 2.926042e+03 -1.993005e+03 -2.794170e+03 -2.328940e+03 3.668628e+04 -5.455583e+03 -1.539786e+03 -1.976233e+03 2.744963e+03 4.403539e+03 2.005017e+03 5.504673e+03 -1.519406e+03 -1.599881e+03 -2.826242e+04 -2.402199e+03 3.192561e+03 5.005359e+03 2.649655e+03 -6.281288e+03 1.895017e+03 1.728016e+03 3.220167e+04 5.009786e+03 -2.202980e+03 1.633752e+03 2.402709e+03 -2.139000e+03 3.219808e+04 -4.781228e+03 -1.225066e+03
9.797980e-03 -5.490185e+03 2.851870e+03 -1.983529e+03 -3.026518e+03 -2.276070e+03 3.556975e+04 -5.549369e+03 -1.535997e+03 -1.967266e+03 2.977915e+03 4.244723e+03 1.954612e+03 5.597889e+03 -1.516158e+03 -1.563973e+03 -2.740341e+04 -2.390999e+03 3.457221e+03 4.824059e+03 2.585714e+03 -6.387388e+03 1.890570e+03 1.686102e+03 3.122227e+04 4.828334e+03 -2.144387e+03 1.626188e+03 2.607248e+03 -2.093592e+03 3.121879e+04 -4.863653e+03 -1.222313e+03
1.000000e-02 -5.289300e+03 2.780151e+03 -1.973583e+03 -3.236239e+03 -2.224667e+03 3.448377e+04 -5.628469e+03 -1.531686e+03 -1.957815e+03 3.188251e+03 4.090635e+03 1.905867e+03 5.676404e+03 -1.512375e+03 -1.529055e+03 -2.656787e+04 -2.379225e+03 3.696093e+03 4.648166e+03 2.523894e+03 -6.476734e+03 1.885490e+03 1.645350e+03 3.026965e+04 4.652294e+03 -2.087717e+03 1.618230e+03 2.791945e+03 -2.049439e+03 3.026628e+04 -4.933193e+03 -1.219119e+03
