-1.000000e-02 -2.774634e+04 -2.157208e+03 1.316632e+03 -3.005396e+03 2.614530e+03 5.532350e+03 -1.006431e+03 1.724126e+03 1.301472e+03 3.046080e+03 2.137382e+04 -1.480876e+03 9.656789e+02 1.712296e+03 1.791162e+03 -4.270955e+03 1.626749e+03 3.480595e+03 2.435384e+04 -1.597871e+03 -1.156364e+03 -2.079879e+03 -2.373430e+03 4.857634e+03 2.435070e+04 1.982800e+03 -1.044536e+03 2.630255e+03 1.962105e+03 4.861421e+03 -8.404792e+02 1.414339e+03
-9.797980e-03 -2.842992e+04 -2.200402e+03 1.316225e+03 -2.856378e+03 2.671826e+03 5.695669e+03 -7.625038e+02 1.726791e+03 1.300757e+03 2.897312e+03 2.189945e+04 -1.510113e+03 7.214742e+02 1.714670e+03 1.830004e+03 -4.396023e+03 1.626059e+03 3.311131e+03 2.495330e+04 -1.632217e+03 -8.784517e+02 -2.082979e+03 -2.422605e+03 5.000530e+03 2.495009e+04 2.019684e+03 -1.044086e+03 2.499405e+03 2.007479e+03 5.004424e+03 -6.261076e+02 1.416376e+03
-9.595960e-03 -2.912165e+04 -2.244557e+03 1.315259e+03 -2.693502e+03 2.730621e+03 5.861418e+03 -4.999908e+02 1.728832e+03 1.299481e+03 2.734664e+03 2.243132e+04 -1.539995e+03 4.587050e+02 1.716414e+03 1.869857e+03 -4.522933e+03 1.624689e+03 3.125842e+03 2.555990e+04 -1.667324e+03 -5.793526e+02 -2.085322e+03 -2.473071e+03 5.145542e+03 2.555661e+04 2.057383e+03 -1.043179e+03 2.356401e+03 2.054029e+03 5.149544e+03 -3.954514e+02 1.417895e+03
-9.393939e-03 -2.982026e+04 -2.289675e+03 1.313701e+03 -2.515957e+03 2.790936e+03 6.029323e+03 -2.178747e+02 1.730198e+03 1.297611e+03 2.557322e+03 2.296845e+04 -1.570522e+03 1.763554e+02 1.717482e+03 1.910735e+03 -4.651475e+03 1.622596e+03 2.923803e+03 2.617252e+04 -1.703196e+03 -2.579060e+02 -2.086849e+03 -2.524847e+03 5.292428e+03 2.616915e+04 2.095899e+03 -1.041785e+03 2.200532e+03 2.101771e+03 5.296540e+03 -1.476199e+02 1.418857e+03
-9.191919e-03 -3.052429e+04 -2.335757e+03 1.311514e+03 -2.322910e+03 2.852789e+03 6.199067e+03 8.488734e+01 1.730840e+03 1.295109e+03 2.364450e+03 2.350974e+04 -1.601693e+03 -1.266153e+02 1.717823e+03 1.952649e+03 -4.781405e+03 1.619737e+03 2.704058e+03 2.678988e+04 -1.739830e+03 8.707698e+01 -2.087500e+03 -2.577946e+03 5.440911e+03 2.678643e+04 2.135231e+03 -1.039877e+03 2.031066e+03 2.150718e+03 5.445135e+03 1.182994e+02 1.419222e+03
-8.989899e-03 -3.123207e+04 -2.382798e+03 1.308659e+03 -2.113509e+03 2.916195e+03 6.370284e+03 4.093585e+02 1.730704e+03 1.291940e+03 2.155195e+03 2.405389e+04 -1.633507e+03 -4.512679e+02 1.717385e+03 1.995608e+03 -4.912441e+03 1.616064e+03 2.465633e+03 2.741053e+04 -1.777224e+03 4.568090e+02 -2.087208e+03 -2.632384e+03 5.590670e+03 2.740699e+04 2.175377e+03 -1.037424e+03 1.847256e+03 2.200882e+03 5.595006e+03 4.032368e+02 1.418944e+03
-8.787879e-03 -3.194173e+04 -2.430794e+03 1.305099e+03 -1.886886e+03 2.981165e+03 6.542555e+03 7.566168e+02 1.729735e+03 1.288066e+03 1.928686e+03 2.459945e+04 -1.665958e+03 -7.986785e+02 1.716111e+03 2.039620e+03 -5.044263e+03 1.611529e+03 2.207536e+03 2.803279e+04 -1.815375e+03 8.525197e+02 -2.085909e+03 -2.688169e+03 5.741339e+03 2.802918e+04 2.216329e+03 -1.034396e+03 1.648342e+03 2.252269e+03 5.745788e+03 7.081357e+02 1.417979e+03
-8.585859e-03 -3.265113e+04 -2.479735e+03 1.300792e+03 -1.642164e+03 3.047707e+03 6.715406e+03 1.127749e+03 1.727872e+03 1.283446e+03 1.684042e+03 2.514479e+04 -1.699039e+03 -1.169931e+03 1.713945e+03 2.084690e+03 -5.176505e+03 1.606084e+03 1.928763e+03 2.865482e+04 -1.854272e+03 1.275448e+03 -2.083530e+03 -2.745308e+03 5.892501e+03 2.865112e+04 2.258081e+03 -1.030761e+03 1.433554e+03 2.304885e+03 5.897064e+03 1.033947e+03 1.416278e+03
-8.383838e-03 -3.335788e+04 -2.529606e+03 1.295698e+03 -1.378461e+03 3.115822e+03 6.888302e+03 1.523842e+03 1.725056e+03 1.278042e+03 1.420381e+03 2.568806e+04 -1.732740e+03 -1.566111e+03 1.710827e+03 2.130817e+03 -5.308757e+03 1.599677e+03 1.628306e+03 2.927451e+04 -1.893907e+03 1.726835e+03 -2.079998e+03 -2.803805e+03 6.043688e+03 2.927073e+04 2.300620e+03 -1.026487e+03 1.202120e+03 2.358731e+03 6.048365e+03 1.381621e+03 1.413791e+03
-8.181818e-03 -3.405931e+04 -2.580392e+03 1.289773e+03 -1.094897e+03 3.185509e+03 7.060640e+03 1.945975e+03 1.721222e+03 1.271811e+03 1.136820e+03 2.622723e+04 -1.767050e+03 -1.988294e+03 1.706692e+03 2.178001e+03 -5.440556e+03 1.592255e+03 1.305159e+03 2.988952e+04 -1.934265e+03 2.207909e+03 -2.075236e+03 -2.863656e+03 6.194374e+03 2.988567e+04 2.343930e+03 -1.021541e+03 9.532697e+02 2.413804e+03 6.199164e+03 1.752102e+03 1.410467e+03
-7.979798e-03 -3.475248e+04 -2.632071e+03 1.282975e+03 -7.906067e+02 3.256760e+03 7.231751e+03 2.395207e+03 1.716303e+03 1.264711e+03 8.324901e+02 2.675999e+04 -1.801953e+03 -2.437537e+03 1.701476e+03 2.226236e+03 -5.571389e+03 1.583766e+03 9.583301e+02 3.049726e+04 -1.975329e+03 2.719880e+03 -2.069164e+03 -2.924857e+03 6.343969e+03 3.049333e+04 2.387993e+03 -1.015888e+03 6.862416e+02 2.470097e+03 6.348873e+03 2.146317e+03 1.406250e+03
-7.777778e-03 -3.543409e+04 -2.684615e+03 1.275259e+03 -4.647417e+02 3.329561e+03 7.400890e+03 2.872566e+03 1.710230e+03 1.256701e+03 5.065406e+02 2.728385e+04 -1.837430e+03 -2.914865e+03 1.695110e+03 2.275510e+03 -5.700684e+03 1.574154e+03 5.868490e+02 3.109486e+04 -2.017077e+03 3.263920e+03 -2.061698e+03 -2.987394e+03 6.491824e+03 3.109084e+04 2.432785e+03 -1.009495e+03 4.002937e+02 2.527598e+03 6.496839e+03 2.565164e+03 1.401085e+03
-7.575758e-03 -3.610056e+04 -2.737993e+03 1.266580e+03 -1.164868e+02 3.403888e+03 7.567234e+03 3.379033e+03 1.702930e+03 1.247736e+03 1.581537e+02 2.779603e+04 -1.873460e+03 -3.421257e+03 1.687525e+03 2.325809e+03 -5.827810e+03 1.563363e+03 1.897828e+02 3.167916e+04 -2.059483e+03 3.841148e+03 -2.052752e+03 -3.051249e+03 6.637217e+03 3.167506e+04 2.478280e+03 -1.002326e+03 9.471118e+01 2.586288e+03 6.642343e+03 3.009502e+03 1.394913e+03
-7.373737e-03 -3.674793e+04 -2.792168e+03 1.256892e+03 2.549296e+02 3.479714e+03 7.729877e+03 3.915530e+03 1.694330e+03 1.237772e+03 -2.134449e+02 2.829350e+04 -1.910015e+03 -3.957632e+03 1.678647e+03 2.377112e+03 -5.952073e+03 1.551339e+03 -2.337518e+02 3.224669e+04 -2.102519e+03 4.452616e+03 -2.042237e+03 -3.116398e+03 6.779356e+03 3.224252e+04 2.524444e+03 -9.943467e+02 -2.311822e+02 2.646143e+03 6.784590e+03 3.480136e+03 1.387673e+03
-7.171717e-03 -3.737191e+04 -2.847096e+03 1.246150e+03 6.502213e+02 3.557000e+03 7.887832e+03 4.482896e+03 1.684354e+03 1.226766e+03 -6.089713e+02 2.877294e+04 -1.947068e+03 -4.524828e+03 1.668402e+03 2.429392e+03 -6.072714e+03 1.538022e+03 -6.845721e+02 3.279369e+04 -2.146149e+03 5.099280e+03 -2.030062e+03 -3.182808e+03 6.917376e+03 3.278944e+04 2.571239e+03 -9.855218e+02 -5.780122e+02 2.707132e+03 6.922715e+03 3.977799e+03 1.379304e+03
-6.969697e-03 -3.796782e+04 -2.902729e+03 1.234306e+03 1.070029e+03 3.635699e+03 8.040020e+03 5.081873e+03 1.672922e+03 1.214673e+03 -1.029068e+03 2.923076e+04 -1.984582e+03 -5.123583e+03 1.656713e+03 2.482618e+03 -6.188907e+03 1.523357e+03 -1.163412e+03 3.331605e+04 -2.190334e+03 5.781988e+03 -2.016132e+03 -3.250438e+03 7.050333e+03 3.331174e+04 2.618625e+03 -9.758161e+02 -9.463398e+02 2.769216e+03 7.055773e+03 4.503140e+03 1.369742e+03
-6.767677e-03 -3.853063e+04 -2.959009e+03 1.221316e+03 1.514901e+03 3.715752e+03 8.185275e+03 5.713079e+03 1.659955e+03 1.201451e+03 -1.474288e+03 2.966309e+04 -2.022521e+03 -5.754514e+03 1.643504e+03 2.536749e+03 -6.299759e+03 1.507287e+03 -1.670901e+03 3.380937e+04 -2.235030e+03 6.501445e+03 -2.000351e+03 -3.319240e+03 7.177207e+03 3.380499e+04 2.666551e+03 -9.651950e+02 -1.336647e+03 2.832349e+03 7.182744e+03 5.056700e+03 1.358923e+03
-6.565657e-03 -3.905492e+04 -3.015873e+03 1.207133e+03 1.985280e+03 3.797091e+03 8.322341e+03 6.376989e+03 1.645371e+03 1.187056e+03 -1.945074e+03 3.006577e+04 -2.060839e+03 -6.418093e+03 1.628693e+03 2.591738e+03 -6.404306e+03 1.489754e+03 -2.207544e+03 3.426888e+04 -2.280184e+03 7.258193e+03 -1.982622e+03 -3.389153e+03 7.296898e+03 3.426443e+04 2.714963e+03 -9.536242e+02 -1.749319e+03 2.896475e+03 7.302527e+03 5.638891e+03 1.346780e+03
-6.363636e-03 -3.953489e+04 -3.073250e+03 1.191713e+03 2.481475e+03 3.879634e+03 8.449871e+03 7.073905e+03 1.629088e+03 1.171446e+03 -2.441737e+03 3.043433e+04 -2.099490e+03 -7.114620e+03 1.612203e+03 2.647530e+03 -6.501516e+03 1.470704e+03 -2.773698e+03 3.468951e+04 -2.325741e+03 8.052575e+03 -1.962846e+03 -3.460109e+03 7.408227e+03 3.468500e+04 2.763800e+03 -9.410703e+02 -2.184629e+03 2.961530e+03 7.413941e+03 6.249976e+03 1.333247e+03
-6.161616e-03 -3.996440e+04 -3.131062e+03 1.175012e+03 3.003645e+03 3.963286e+03 8.566429e+03 7.803927e+03 1.611023e+03 1.154580e+03 -2.964438e+03 3.076405e+04 -2.138418e+03 -7.844195e+03 1.593951e+03 2.704059e+03 -6.590289e+03 1.450082e+03 -3.369547e+03 3.506586e+04 -2.371638e+03 8.884709e+03 -1.940924e+03 -3.532026e+03 7.509938e+03 3.506130e+04 2.812995e+03 -9.275010e+02 -2.642714e+03 3.027438e+03 7.515731e+03 6.890042e+03 1.318257e+03
-5.959596e-03 -4.033693e+04 -3.189221e+03 1.156989e+03 3.551773e+03 4.047940e+03 8.670496e+03 8.566929e+03 1.591092e+03 1.136420e+03 -3.513161e+03 3.104991e+04 -2.177566e+03 -8.606689e+03 1.573859e+03 2.761254e+03 -6.669461e+03 1.427835e+03 -3.995074e+03 3.539222e+04 -2.417807e+03 9.754451e+03 -1.916758e+03 -3.604813e+03 7.600703e+03 3.538762e+04 2.862473e+03 -9.128853e+02 -3.123560e+03 3.094113e+03 7.606565e+03 7.558977e+03 1.301743e+03
-5.757576e-03 -4.064566e+04 -3.247632e+03 1.137602e+03 4.125644e+03 4.133473e+03 8.760473e+03 9.362523e+03 1.569215e+03 1.116927e+03 -4.087692e+03 3.128668e+04 -2.216868e+03 -9.401714e+03 1.551846e+03 2.819030e+03 -6.737807e+03 1.403914e+03 -4.650033e+03 3.566261e+04 -2.464170e+03 1.066136e+04 -1.890247e+03 -3.678362e+03 7.679121e+03 3.565797e+04 2.912153e+03 -8.971941e+02 -3.626977e+03 3.161458e+03 7.685044e+03 8.256439e+03 1.283640e+03
-5.555556e-03 -4.088346e+04 -3.306192e+03 1.116813e+03 4.724817e+03 4.219747e+03 8.834688e+03 1.019003e+04 1.545309e+03 1.096068e+03 -4.687591e+03 3.146887e+04 -2.256255e+03 -1.022859e+04 1.527836e+03 2.877293e+03 -6.794047e+03 1.378270e+03 -5.333924e+03 3.587078e+04 -2.510646e+03 1.160466e+04 -1.861297e+03 -3.752556e+03 7.743731e+03 3.586610e+04 2.961946e+03 -8.804002e+02 -4.152579e+03 3.229363e+03 7.749704e+03 8.981830e+03 1.263881e+03
-5.353535e-03 -4.104297e+04 -3.364788e+03 1.094588e+03 5.348601e+03 4.306605e+03 8.891410e+03 1.104844e+04 1.519296e+03 1.073810e+03 -5.312166e+03 3.159081e+04 -2.295650e+03 -1.108631e+04 1.501751e+03 2.935939e+03 -6.836852e+03 1.350859e+03 -6.045959e+03 3.601026e+04 -2.557146e+03 1.258320e+04 -1.829813e+03 -3.827262e+03 7.793017e+03 3.600556e+04 3.011757e+03 -8.624786e+02 -4.699758e+03 3.297706e+03 7.799028e+03 9.734269e+03 1.242405e+03
-5.151515e-03 -4.111661e+04 -3.423299e+03 1.070894e+03 5.996029e+03 4.393878e+03 8.928856e+03 1.193640e+04 1.491101e+03 1.050125e+03 -5.960450e+03 3.164669e+04 -2.334972e+03 -1.197352e+04 1.473520e+03 2.994851e+03 -6.864859e+03 1.321642e+03 -6.785036e+03 3.607442e+04 -2.603573e+03 1.359544e+04 -1.795705e+03 -3.902332e+03 7.825419e+03 3.606972e+04 3.061481e+03 -8.434075e+02 -5.267668e+03 3.366352e+03 7.831456e+03 1.051256e+04 1.219149e+03
-4.949495e-03 -4.109670e+04 -3.481595e+03 1.045704e+03 6.665836e+03 4.481376e+03 8.945208e+03 1.285216e+04 1.460649e+03 1.024988e+03 -6.631174e+03 3.163059e+04 -2.374133e+03 -1.288846e+04 1.443074e+03 3.053902e+03 -6.876676e+03 1.290582e+03 -7.549708e+03 3.605652e+04 -2.649824e+03 1.463938e+04 -1.758886e+03 -3.977603e+03 7.839348e+03 3.605181e+04 3.111010e+03 -8.231678e+02 -5.855197e+03 3.435151e+03 7.845397e+03 1.131518e+04 1.194056e+03
-4.747475e-03 -4.097549e+04 -3.539538e+03 1.018992e+03 7.356429e+03 4.568892e+03 8.938636e+03 1.379355e+04 1.427876e+03 9.983800e+02 -7.322747e+03 3.153655e+04 -2.413040e+03 -1.382898e+04 1.410348e+03 3.112953e+03 -6.870901e+03 1.257649e+03 -8.338161e+03 3.594976e+04 -2.695790e+03 1.571255e+04 -1.719276e+03 -4.052898e+03 7.833203e+03 3.594506e+04 3.160224e+03 -8.017440e+02 -6.460949e+03 3.503942e+03 7.839248e+03 1.214022e+04 1.167074e+03
-4.545455e-03 -4.074529e+04 -3.596980e+03 9.907407e+02 8.065874e+03 4.656200e+03 8.907314e+03 1.475796e+04 1.392718e+03 9.702840e+02 -8.033228e+03 3.135866e+04 -2.451595e+03 -1.479247e+04 1.375286e+03 3.171851e+03 -6.846134e+03 1.222818e+03 -9.148182e+03 3.574739e+04 -2.741354e+03 1.681198e+04 -1.676804e+03 -4.128022e+03 7.805386e+03 3.574271e+04 3.209000e+03 -7.791247e+02 -7.083226e+03 3.572547e+03 7.811411e+03 1.298539e+04 1.138152e+03
-4.343434e-03 -4.039852e+04 -3.653767e+03 9.609353e+02 8.791872e+03 4.743059e+03 8.849446e+03 1.574232e+04 1.355123e+03 9.406900e+02 -8.760317e+03 3.109111e+04 -2.489694e+03 -1.577585e+04 1.337835e+03 3.230433e+03 -6.801003e+03 1.186072e+03 -9.977149e+03 3.544278e+04 -2.786392e+03 1.793416e+04 -1.631404e+03 -4.202768e+03 7.754327e+03 3.543814e+04 3.257206e+03 -7.553024e+02 -7.720014e+03 3.640776e+03 7.760314e+03 1.384801e+04 1.107249e+03
-4.141414e-03 -3.992792e+04 -3.709738e+03 9.295678e+02 9.531749e+03 4.829207e+03 8.763296e+03 1.674306e+04 1.315043e+03 9.095932e+02 -9.501334e+03 3.072828e+04 -2.527229e+03 -1.677557e+04 1.297952e+03 3.288523e+03 -6.734178e+03 1.147398e+03 -1.082201e+04 3.502954e+04 -2.830778e+03 1.907504e+04 -1.583022e+03 -4.276910e+03 7.678507e+03 3.502495e+04 3.304705e+03 -7.302744e+02 -8.368966e+03 3.708425e+03 7.684437e+03 1.472495e+04 1.074327e+03
-3.939394e-03 -3.932657e+04 -3.764721e+03 8.966364e+02 1.028244e+04 4.914368e+03 8.647217e+03 1.775615e+04 1.272442e+03 8.769951e+02 -1.025321e+04 3.026489e+04 -2.564086e+03 -1.778759e+04 1.255605e+03 3.345935e+03 -6.644397e+03 1.106795e+03 -1.167926e+04 3.450163e+04 -2.874377e+03 2.022999e+04 -1.531615e+03 -4.350209e+03 7.576486e+03 3.449711e+04 3.351354e+03 -7.040426e+02 -9.027398e+03 3.775276e+03 7.582338e+03 1.561267e+04 1.039359e+03
-3.737374e-03 -3.858813e+04 -3.818544e+03 8.621458e+02 1.104051e+04 4.998245e+03 8.499682e+03 1.877703e+04 1.227295e+03 8.429033e+02 -1.101250e+04 2.969604e+04 -2.600150e+03 -1.880736e+04 1.210770e+03 3.402470e+03 -6.530493e+03 1.064266e+03 -1.254497e+04 3.385348e+04 -2.917049e+03 2.139384e+04 -1.477154e+03 -4.422411e+03 7.446929e+03 3.384903e+04 3.397004e+03 -6.766145e+02 -9.692289e+03 3.841099e+03 7.452683e+03 1.650718e+04 1.002324e+03
-3.535354e-03 -3.770692e+04 -3.871024e+03 8.261081e+02 1.180212e+04 5.080532e+03 8.319324e+03 1.980066e+04 1.179586e+03 8.073326e+02 -1.177536e+04 2.901737e+04 -2.635299e+03 -1.982987e+04 1.163435e+03 3.457922e+03 -6.391420e+03 1.019825e+03 -1.341476e+04 3.308009e+04 -2.958653e+03 2.256085e+04 -1.419621e+03 -4.493251e+03 7.288641e+03 3.307575e+04 3.441503e+03 -6.480027e+02 -1.036028e+04 3.905654e+03 7.294274e+03 1.740408e+04 9.632125e+02
-3.333333e-03 -3.667810e+04 -3.921978e+03 7.885427e+02 1.256308e+04 5.160905e+03 8.104969e+03 2.082156e+04 1.129316e+03 7.703046e+02 -1.253759e+04 2.822516e+04 -2.669412e+03 -2.084961e+04 1.113602e+03 3.512073e+03 -6.226280e+03 9.734965e+02 -1.428383e+04 3.217724e+04 -2.999043e+03 2.372474e+04 -1.359017e+03 -4.562450e+03 7.100595e+03 3.217301e+04 3.484696e+03 -6.182256e+02 -1.102769e+04 3.968689e+03 7.106084e+03 1.829855e+04 9.220250e+02
-3.131313e-03 -3.549782e+04 -3.971217e+03 7.494769e+02 1.331883e+04 5.239030e+03 7.855675e+03 2.183377e+04 1.076498e+03 7.318483e+02 -1.329462e+04 2.731646e+04 -2.702364e+03 -2.186066e+04 1.061286e+03 3.564700e+03 -6.034352e+03 9.253118e+02 -1.514700e+04 3.114156e+04 -3.038069e+03 2.487873e+04 -1.295359e+03 -4.629720e+03 6.881968e+03 3.113746e+04 3.526425e+03 -5.873075e+02 -1.169052e+04 4.029942e+03 6.887289e+03 1.918538e+04 8.787734e+02
-2.929293e-03 -3.416341e+04 -4.018553e+03 7.089461e+02 1.406452e+04 5.314564e+03 7.570767e+03 2.283094e+04 1.021160e+03 6.920005e+02 -1.404160e+04 2.628919e+04 -2.734029e+03 -2.285666e+04 1.006517e+03 3.615571e+03 -5.815122e+03 8.753143e+02 -1.599870e+04 2.997068e+04 -3.075583e+03 2.601559e+04 -1.228682e+03 -4.694764e+03 6.632170e+03 2.996673e+04 3.566529e+03 -5.552784e+02 -1.234453e+04 4.089147e+03 6.637299e+03 2.005902e+04 8.334821e+02
-2.727273e-03 -3.267346e+04 -4.063797e+03 6.669939e+02 1.479502e+04 5.387157e+03 7.249875e+03 2.380640e+04 9.633486e+02 6.508053e+02 -1.477337e+04 2.514230e+04 -2.764283e+03 -2.383096e+04 9.493406e+02 3.664454e+03 -5.568306e+03 8.235568e+02 -1.683307e+04 2.866339e+04 -3.111435e+03 2.712771e+04 -1.159041e+03 -4.757282e+03 6.350878e+03 2.865961e+04 3.604851e+03 -5.221747e+02 -1.298521e+04 4.146031e+03 6.355792e+03 2.091360e+04 7.861888e+02
-2.525253e-03 -3.102803e+04 -4.106760e+03 6.236722e+02 1.550497e+04 5.456457e+03 6.892967e+03 2.475318e+04 9.031250e+02 6.083145e+02 -1.548458e+04 2.387583e+04 -2.793001e+03 -2.477660e+04 8.898196e+02 3.711110e+03 -5.293884e+03 7.701030e+02 -1.764400e+04 2.721973e+04 -3.145477e+03 2.820713e+04 -1.086512e+03 -4.816968e+03 6.038067e+03 2.721614e+04 3.641233e+03 -4.880385e+02 -1.360786e+04 4.200321e+03 6.042739e+03 2.174305e+04 7.369447e+02
-2.323232e-03 -2.922874e+04 -4.147258e+03 5.790413e+02 1.618887e+04 5.522110e+03 6.500378e+03 2.566413e+04 8.405696e+02 5.645877e+02 -1.616970e+04 2.249102e+04 -2.820061e+03 -2.568643e+04 8.280332e+02 3.755305e+03 -4.992112e+03 7.150266e+02 -1.842520e+04 2.564113e+04 -3.177562e+03 2.924570e+04 -1.011190e+03 -4.873519e+03 5.694028e+03 2.563774e+04 3.675518e+03 -4.529180e+02 -1.420767e+04 4.251741e+03 5.698436e+03 2.254108e+04 6.858157e+02
-2.121212e-03 -2.727887e+04 -4.185111e+03 5.331696e+02 1.684114e+04 5.583769e+03 6.072835e+03 2.653198e+04 7.757806e+02 5.196917e+02 -1.682314e+04 2.099039e+04 -2.845345e+03 -2.655321e+04 7.640783e+02 3.796804e+03 -4.663549e+03 6.584118e+02 -1.917027e+04 2.393046e+04 -3.207550e+03 3.023515e+04 -9.331953e+02 -4.926632e+03 5.319400e+03 2.392730e+04 3.707557e+03 -4.168673e+02 -1.477972e+04 4.300021e+03 5.323519e+03 2.330135e+04 6.328818e+02
-1.919192e-03 -2.518344e+04 -4.220146e+03 4.861337e+02 1.745617e+04 5.641092e+03 5.611473e+03 2.734950e+04 7.088747e+02 4.737007e+02 -1.743929e+04 1.937782e+04 -2.868739e+03 -2.736970e+04 6.980692e+02 3.835379e+03 -4.309067e+03 6.003529e+02 -1.987283e+04 2.209213e+04 -3.235302e+03 3.116721e+04 -8.526666e+02 -4.976014e+03 4.915177e+03 2.208921e+04 3.737204e+03 -3.799459e+02 -1.531911e+04 4.344897e+03 4.918983e+03 2.401750e+04 5.782379e+02
-1.717172e-03 -2.294926e+04 -4.252197e+03 4.380180e+02 1.802847e+04 5.693751e+03 5.117848e+03 2.810955e+04 6.399864e+02 4.266957e+02 -1.801264e+04 1.765853e+04 -2.890135e+03 -2.812879e+04 6.301379e+02 3.870812e+03 -3.929859e+03 5.409540e+02 -2.052659e+04 2.013211e+04 -3.260688e+03 3.203376e+04 -7.697659e+02 -5.021381e+03 4.482721e+03 2.012945e+04 3.764321e+03 -3.422190e+02 -1.582103e+04 4.386113e+03 4.486193e+03 2.468330e+04 5.219934e+02
-1.515152e-03 -2.058494e+04 -4.281110e+03 3.889141e+02 1.855271e+04 5.741435e+03 4.593940e+03 2.880522e+04 5.692683e+02 3.787644e+02 -1.853785e+04 1.583915e+04 -2.909430e+03 -2.882358e+04 5.604330e+02 3.902892e+03 -3.527442e+03 4.803284e+02 -2.112546e+04 1.805795e+04 -3.283588e+03 3.282692e+04 -6.846760e+02 -5.062464e+03 4.023764e+03 1.805556e+04 3.788778e+03 -3.037565e+02 -1.628079e+04 4.423429e+03 4.026881e+03 2.529271e+04 4.642721e+02
-1.313131e-03 -1.810083e+04 -4.306743e+03 3.389206e+02 1.902384e+04 5.783853e+03 4.042142e+03 2.943001e+04 4.968898e+02 3.300005e+02 -1.900986e+04 1.392765e+04 -2.926533e+03 -2.944756e+04 4.891197e+02 3.931427e+03 -3.103652e+03 4.185980e+02 -2.166367e+04 1.587873e+04 -3.303889e+03 3.353925e+04 -5.976000e+02 -5.099012e+03 3.540401e+03 1.587663e+04 3.810457e+03 -2.646333e+02 -1.669398e+04 4.456617e+03 3.543145e+03 2.584000e+04 4.052110e+02
-1.111111e-03 -1.550898e+04 -4.328967e+03 2.881425e+02 1.943719e+04 5.820739e+03 3.465245e+03 2.997784e+04 4.230365e+02 2.805031e+02 -1.942398e+04 1.193328e+04 -2.941357e+03 -2.999469e+04 4.163781e+02 3.956239e+03 -2.660629e+03 3.558930e+02 -2.213588e+04 1.360502e+04 -3.321488e+03 3.416385e+04 -5.087600e+02 -5.130796e+03 3.035076e+03 1.360322e+04 3.829250e+03 -2.249283e+02 -1.705649e+04 4.485474e+03 3.037428e+03 2.631989e+04 3.449602e+02
-9.090909e-04 -1.282301e+04 -4.347667e+03 2.366904e+02 1.978855e+04 5.851858e+03 2.866412e+03 3.044329e+04 3.479083e+02 2.303764e+02 -1.977600e+04 9.866528e+03 -2.953828e+03 -3.045953e+04 3.424026e+02 3.977169e+03 -2.200795e+03 2.923504e+02 -2.253727e+04 1.124877e+04 -3.336297e+03 3.469452e+04 -4.183956e+02 -5.157610e+03 2.510555e+03 1.124728e+04 3.845062e+03 -1.847245e+02 -1.736463e+04 4.509816e+03 2.512501e+03 2.672760e+04 2.836813e+02
-7.070707e-04 -1.005794e+04 -4.362747e+03 1.846798e+02 2.007426e+04 5.877006e+03 2.249137e+03 3.082161e+04 2.717184e+02 1.797288e+02 -2.006224e+04 7.738942e+03 -2.963884e+03 -3.083736e+04 2.673995e+02 3.994082e+03 -1.726829e+03 2.281137e+02 -2.286366e+04 8.823137e+03 -3.348238e+03 3.512586e+04 -3.267615e+02 -5.179281e+03 1.969897e+03 8.821968e+03 3.857811e+03 -1.441080e+02 -1.761520e+04 4.529485e+03 1.971424e+03 2.705899e+04 2.215464e+02
-5.050505e-04 -7.230014e+03 -4.374128e+03 1.322304e+02 2.029128e+04 5.896017e+03 1.617204e+03 3.110890e+04 1.946908e+02 1.286722e+02 -2.027968e+04 5.563018e+03 -2.971472e+03 -3.112427e+04 1.915860e+02 4.006867e+03 -1.241632e+03 1.633316e+02 -2.311159e+04 6.342385e+03 -3.357250e+03 3.545341e+04 -2.341258e+02 -5.195664e+03 1.416413e+03 6.341544e+03 3.867432e+03 -1.031675e+02 -1.780552e+04 4.544353e+03 1.417511e+03 2.731064e+04 1.587360e+02
-3.030303e-04 -4.356466e+03 -4.381749e+03 7.946523e+01 2.043729e+04 5.908763e+03 9.746287e+02 3.130213e+04 1.170583e+02 7.732156e+01 -2.042596e+04 3.352006e+03 -2.976553e+03 -3.131725e+04 1.151874e+02 4.015439e+03 -7.482787e+02 9.815687e+01 -2.327839e+04 3.821618e+03 -3.363284e+03 3.567372e+04 -1.407669e+02 -5.206647e+03 8.536155e+02 3.821112e+03 3.873874e+03 -6.199411e+01 -1.793357e+04 4.554321e+03 8.542773e+02 2.747990e+04 9.543810e+01
-1.010101e-04 -1.455246e+03 -4.385570e+03 2.650962e+01 2.051069e+04 5.915157e+03 3.255975e+02 3.139927e+04 3.906018e+01 2.579360e+01 -2.049950e+04 1.119713e+03 -2.979100e+03 -3.141426e+04 3.843522e+01 4.019739e+03 -2.499789e+02 3.274534e+01 -2.336225e+04 1.276584e+03 -3.366310e+03 3.578447e+04 -4.697105e+01 -5.212158e+03 2.851696e+02 1.276415e+03 3.877104e+03 -2.068034e+01 -1.799795e+04 4.559322e+03 2.853907e+02 2.756498e+04 3.184555e+01
1.010101e-04 1.455246e+03 -4.385570e+03 -2.650962e+01 2.051069e+04 5.915157e+03 -3.255975e+02 3.139927e+04 -3.906018e+01 -2.579360e+01 -2.049950e+04 -1.119713e+03 -2.979100e+03 -3.141426e+04 -3.843522e+01 4.019739e+03 2.499789e+02 -3.274534e+01 -2.336225e+04 -1.276584e+03 -3.366310e+03 3.578447e+04 4.697105e+01 -5.212158e+03 -2.851696e+02 -1.276415e+03 3.877104e+03 2.068034e+01 -1.799795e+04 4.559322e+03 -2.853907e+02 2.756498e+04 -3.184555e+01
3.030303e-04 4.356466e+03 -4.381749e+03 -7.946523e+01 2.043729e+04 5.908763e+03 -9.746287e+02 3.130213e+04 -1.170583e+02 -7.732156e+01 -2.042596e+04 -3.352006e+03 -2.976553e+03 -3.131725e+04 -1.151874e+02 4.015439e+03 7.482787e+02 -9.815687e+01 -2.327839e+04 -3.821618e+03 -3.363284e+03 3.567372e+04 1.407669e+02 -5.206647e+03 -8.536155e+02 -3.821112e+03 3.873874e+03 6.199411e+01 -1.793357e+04 4.554321e+03 -8.542773e+02 2.747990e+04 -9.543810e+01
5.050505e-04 7.230014e+03 -4.374128e+03 -1.322304e+02 2.029128e+04 5.896017e+03 -1.617204e+03 3.110890e+04 -1.946908e+02 -1.286722e+02 -2.027968e+04 -5.563018e+03 -2.971472e+03 -3.112427e+04 -1.915860e+02 4.006867e+03 1.241632e+03 -1.633316e+02 -2.311159e+04 -6.342385e+03 -3.357250e+03 3.545341e+04 2.341258e+02 -5.195664e+03 -1.416413e+03 -6.341544e+03 3.867432e+03 1.031675e+02 -1.780552e+04 4.544353e+03 -1.417511e+03 2.731064e+04 -1.587360e+02
7.070707e-04 1.005794e+04 -4.362747e+03 -1.846798e+02 2.007426e+04 5.877006e+03 -2.249137e+03 3.082161e+04 -2.717184e+02 -1.797288e+02 -2.006224e+04 -7.738942e+03 -2.963884e+03 -3.083736e+04 -2.673995e+02 3.994082e+03 1.726829e+03 -2.281137e+02 -2.286366e+04 -8.823137e+03 -3.348238e+03 3.512586e+04 3.267615e+02 -5.179281e+03 -1.969897e+03 -8.821968e+03 3.857811e+03 1.441080e+02 -1.761520e+04 4.529485e+03 -1.971424e+03 2.705899e+04 -2.215464e+02
9.090909e-04 1.282301e+04 -4.347667e+03 -2.366904e+02 1.978855e+04 5.851858e+03 -2.866412e+03 3.044329e+04 -3.479083e+02 -2.303764e+02 -1.977600e+04 -9.866528e+03 -2.953828e+03 -3.045953e+04 -3.424026e+02 3.977169e+03 2.200795e+03 -2.923504e+02 -2.253727e+04 -1.124877e+04 -3.336297e+03 3.469452e+04 4.183956e+02 -5.157610e+03 -2.510555e+03 -1.124728e+04 3.845062e+03 1.847245e+02 -1.736463e+04 4.509816e+03 -2.512501e+03 2.672760e+04 -2.836813e+02
1.111111e-03 1.550898e+04 -4.328967e+03 -2.881425e+02 1.943719e+04 5.820739e+03 -3.465245e+03 2.997784e+04 -4.230365e+02 -2.805031e+02 -1.942398e+04 -1.193328e+04 -2.941357e+03 -2.999469e+04 -4.163781e+02 3.956239e+03 2.660629e+03 -3.558930e+02 -2.213588e+04 -1.360502e+04 -3.321488e+03 3.416385e+04 5.087600e+02 -5.130796e+03 -3.035076e+03 -1.360322e+04 3.829250e+03 2.249283e+02 -1.705649e+04 4.485474e+03 -3.037428e+03 2.631989e+04 -3.449602e+02
1.313131e-03 1.810083e+04 -4.306743e+03 -3.389206e+02 1.902384e+04 5.783853e+03 -4.042142e+03 2.943001e+04 -4.968898e+02 -3.300005e+02 -1.900986e+04 -1.392765e+04 -2.926533e+03 -2.944756e+04 -4.891197e+02 3.931427e+03 3.103652e+03 -4.185980e+02 -2.166367e+04 -1.587873e+04 -3.303889e+03 3.353925e+04 5.976000e+02 -5.099012e+03 -3.540401e+03 -1.587663e+04 3.810457e+03 2.646333e+02 -1.669398e+04 4.456617e+03 -3.543145e+03 2.584000e+04 -4.052110e+02
1.515152e-03 2.058494e+04 -4.281110e+03 -3.889141e+02 1.855271e+04 5.741435e+03 -4.593940e+03 2.880522e+04 -5.692683e+02 -3.787644e+02 -1.853785e+04 -1.583915e+04 -2.909430e+03 -2.882358e+04 -5.604330e+02 3.902892e+03 3.527442e+03 -4.803284e+02 -2.112546e+04 -1.805795e+04 -3.283588e+03 3.282692e+04 6.846760e+02 -5.062464e+03 -4.023764e+03 -1.805556e+04 3.788778e+03 3.037565e+02 -1.628079e+04 4.423429e+03 -4.026881e+03 2.529271e+04 -4.642721e+02
1.717172e-03 2.294926e+04 -4.252197e+03 -4.380180e+02 1.802847e+04 5.693751e+03 -5.117848e+03 2.810955e+04 -6.399864e+02 -4.266957e+02 -1.801264e+04 -1.765853e+04 -2.890135e+03 -2.812879e+04 -6.301379e+02 3.870812e+03 3.929859e+03 -5.409540e+02 -2.052659e+04 -2.013211e+04 -3.260688e+03 3.203376e+04 7.697659e+02 -5.021381e+03 -4.482721e+03 -2.012945e+04 3.764321e+03 3.422190e+02 -1.582103e+04 4.386113e+03 -4.486193e+03 2.468330e+04 -5.219934e+02
1.919192e-03 2.518344e+04 -4.220146e+03 -4.861337e+02 1.745617e+04 5.641092e+03 -5.611473e+03 2.734950e+04 -7.088747e+02 -4.737007e+02 -1.743929e+04 -1.937782e+04 -2.868739e+03 -2.736970e+04 -6.980692e+02 3.835379e+03 4.309067e+03 -6.003529e+02 -1.987283e+04 -2.209213e+04 -3.235302e+03 3.116721e+04 8.526666e+02 -4.976014e+03 -4.915177e+03 -2.208921e+04 3.737204e+03 3.799459e+02 -1.531911e+04 4.344897e+03 -4.918983e+03 2.401750e+04 -5.782379e+02
2.121212e-03 2.727887e+04 -4.185111e+03 -5.331696e+02 1.684114e+04 5.583769e+03 -6.072835e+03 2.653198e+04 -7.757806e+02 -5.196917e+02 -1.682314e+04 -2.099039e+04 -2.845345e+03 -2.655321e+04 -7.640783e+02 3.796804e+03 4.663549e+03 -6.584118e+02 -1.917027e+04 -2.393046e+04 -3.207550e+03 3.023515e+04 9.331953e+02 -4.926632e+03 -5.319400e+03 -2.392730e+04 3.707557e+03 4.168673e+02 -1.477972e+04 4.300021e+03 -5.323519e+03 2.330135e+04 -6.328818e+02
2.323232e-03 2.922874e+04 -4.147258e+03 -5.790413e+02 1.618887e+04 5.522110e+03 -6.500378e+03 2.566413e+04 -8.405696e+02 -5.645877e+02 -1.616970e+04 -2.249102e+04 -2.820061e+03 -2.568643e+04 -8.280332e+02 3.755305e+03 4.992112e+03 -7.150266e+02 -1.842520e+04 -2.564113e+04 -3.177562e+03 2.924570e+04 1.011190e+03 -4.873519e+03 -5.694028e+03 -2.563774e+04 3.675518e+03 4.529180e+02 -1.420767e+04 4.251741e+03 -5.698436e+03 2.254108e+04 -6.858157e+02
2.525253e-03 3.102803e+04 -4.106760e+03 -6.236722e+02 1.550497e+04 5.456457e+03 -6.892967e+03 2.475318e+04 -9.031250e+02 -6.083145e+02 -1.548458e+04 -2.387583e+04 -2.793001e+03 -2.477660e+04 -8.898196e+02 3.711110e+03 5.293884e+03 -7.701030e+02 -1.764400e+04 -2.721973e+04 -3.145477e+03 2.820713e+04 1.086512e+03 -4.816968e+03 -6.038067e+03 -2.721614e+04 3.641233e+03 4.880385e+02 -1.360786e+04 4.200321e+03 -6.042739e+03 2.174305e+04 -7.369447e+02
2.727273e-03 3.267346e+04 -4.063797e+03 -6.669939e+02 1.479502e+04 5.387157e+03 -7.249875e+03 2.380640e+04 -9.633486e+02 -6.508053e+02 -1.477337e+04 -2.514230e+04 -2.764283e+03 -2.383096e+04 -9.493406e+02 3.664454e+03 5.568306e+03 -8.235568e+02 -1.683307e+04 -2.866339e+04 -3.111435e+03 2.712771e+04 1.159041e+03 -4.757282e+03 -6.350878e+03 -2.865961e+04 3.604851e+03 5.221747e+02 -1.298521e+04 4.146031e+03 -6.355792e+03 2.091360e+04 -7.861888e+02
2.929293e-03 3.416341e+04 -4.018553e+03 -7.089461e+02 1.406452e+04 5.314564e+03 -7.570767e+03 2.283094e+04 -1.021160e+03 -6.920005e+02 -1.404160e+04 -2.628919e+04 -2.734029e+03 -2.285666e+04 -1.006517e+03 3.615571e+03 5.815122e+03 -8.753143e+02 -1.599870e+04 -2.997068e+04 -3.075583e+03 2.601559e+04 1.228682e+03 -4.694764e+03 -6.632170e+03 -2.996673e+04 3.566529e+03 5.552784e+02 -1.234453e+04 4.089147e+03 -6.637299e+03 2.005902e+04 -8.334821e+02
3.131313e-03 3.549782e+04 -3.971217e+03 -7.494769e+02 1.331883e+04 5.239030e+03 -7.855675e+03 2.183377e+04 -1.076498e+03 -7.318483e+02 -1.329462e+04 -2.731646e+04 -2.702364e+03 -2.186066e+04 -1.061286e+03 3.564700e+03 6.034352e+03 -9.253118e+02 -1.514700e+04 -3.114156e+04 -3.038069e+03 2.487873e+04 1.295359e+03 -4.629720e+03 -6.881968e+03 -3.113746e+04 3.526425e+03 5.873075e+02 -1.169052e+04 4.029942e+03 -6.887289e+03 1.918538e+04 -8.787734e+02
3.333333e-03 3.667810e+04 -3.921978e+03 -7.885427e+02 1.256308e+04 5.160905e+03 -8.104969e+03 2.082156e+04 -1.129316e+03 -7.703046e+02 -1.253759e+04 -2.822516e+04 -2.669412e+03 -2.084961e+04 -1.113602e+03 3.512073e+03 6.226280e+03 -9.734965e+02 -1.428383e+04 -3.217724e+04 -2.999043e+03 2.372474e+04 1.359017e+03 -4.562450e+03 -7.100595e+03 -3.217301e+04 3.484696e+03 6.182256e+02 -1.102769e+04 3.968689e+03 -7.106084e+03 1.829855e+04 -9.220250e+02
3.535354e-03 3.770692e+04 -3.871024e+03 -8.261081e+02 1.180212e+04 5.080532e+03 -8.319324e+03 1.980066e+04 -1.179586e+03 -8.073326e+02 -1.177536e+04 -2.901737e+04 -2.635299e+03 -1.982987e+04 -1.163435e+03 3.457922e+03 6.391420e+03 -1.019825e+03 -1.341476e+04 -3.308009e+04 -2.958653e+03 2.256085e+04 1.419621e+03 -4.493251e+03 -7.288641e+03 -3.307575e+04 3.441503e+03 6.480027e+02 -1.036028e+04 3.905654e+03 -7.294274e+03 1.740408e+04 -9.632125e+02
3.737374e-03 3.858813e+04 -3.818544e+03 -8.621458e+02 1.104051e+04 4.998245e+03 -8.499682e+03 1.877703e+04 -1.227295e+03 -8.429033e+02 -1.101250e+04 -2.969604e+04 -2.600150e+03 -1.880736e+04 -1.210770e+03 3.402470e+03 6.530493e+03 -1.064266e+03 -1.254497e+04 -3.385348e+04 -2.917049e+03 2.139384e+04 1.477154e+03 -4.422411e+03 -7.446929e+03 -3.384903e+04 3.397004e+03 6.766145e+02 -9.692289e+03 3.841099e+03 -7.452683e+03 1.650718e+04 -1.002324e+03
3.939394e-03 3.932657e+04 -3.764721e+03 -8.966364e+02 1.028244e+04 4.914368e+03 -8.647217e+03 1.775615e+04 -1.272442e+03 -8.769951e+02 -1.025321e+04 -3.026489e+04 -2.564086e+03 -1.778759e+04 -1.255605e+03 3.345935e+03 6.644397e+03 -1.106795e+03 -1.167926e+04 -3.450163e+04 -2.874377e+03 2.022999e+04 1.531615e+03 -4.350209e+03 -7.576486e+03 -3.449711e+04 3.351354e+03 7.040426e+02 -9.027398e+03 3.775276e+03 -7.582338e+03 1.561267e+04 -1.039359e+03
4.141414e-03 3.992792e+04 -3.709738e+03 -9.295678e+02 9.531749e+03 4.829207e+03 -8.763296e+03 1.674306e+04 -1.315043e+03 -9.095932e+02 -9.501334e+03 -3.072828e+04 -2.527229e+03 -1.677557e+04 -1.297952e+03 3.288523e+03 6.734178e+03 -1.147398e+03 -1.082201e+04 -3.502954e+04 -2.830778e+03 1.907504e+04 1.583022e+03 -4.276910e+03 -7.678507e+03 -3.502495e+04 3.304705e+03 7.302744e+02 -8.368966e+03 3.708425e+03 -7.684437e+03 1.472495e+04 -1.074327e+03
4.343434e-03 4.039852e+04 -3.653767e+03 -9.609353e+02 8.791872e+03 4.743059e+03 -8.849446e+03 1.574232e+04 -1.355123e+03 -9.406900e+02 -8.760317e+03 -3.109111e+04 -2.489694e+03 -1.577585e+04 -1.337835e+03 3.230433e+03 6.801003e+03 -1.186072e+03 -9.977149e+03 -3.544278e+04 -2.786392e+03 1.793416e+04 1.631404e+03 -4.202768e+03 -7.754327e+03 -3.543814e+04 3.257206e+03 7.553024e+02 -7.720014e+03 3.640776e+03 -7.760314e+03 1.384801e+04 -1.107249e+03
4.545455e-03 4.074529e+04 -3.596980e+03 -9.907407e+02 8.065874e+03 4.656200e+03 -8.907314e+03 1.475796e+04 -1.392718e+03 -9.702840e+02 -8.033228e+03 -3.135866e+04 -2.451595e+03 -1.479247e+04 -1.375286e+03 3.171851e+03 6.846134e+03 -1.222818e+03 -9.148182e+03 -3.574739e+04 -2.741354e+03 1.681198e+04 1.676804e+03 -4.128022e+03 -7.805386e+03 -3.574271e+04 3.209000e+03 7.791247e+02 -7.083226e+03 3.572547e+03 -7.811411e+03 1.298539e+04 -1.138152e+03
4.747475e-03 4.097549e+04 -3.539538e+03 -1.018992e+03 7.356429e+03 4.568892e+03 -8.938636e+03 1.379355e+04 -1.427876e+03 -9.983800e+02 -7.322747e+03 -3.153655e+04 -2.413040e+03 -1.382898e+04 -1.410348e+03 3.112953e+03 6.870901e+03 -1.257649e+03 -8.338161e+03 -3.594976e+04 -2.695790e+03 1.571255e+04 1.719276e+03 -4.052898e+03 -7.833203e+03 -3.594506e+04 3.160224e+03 8.017440e+02 -6.460949e+03 3.503942e+03 -7.839248e+03 1.214022e+04 -1.167074e+03
4.949495e-03 4.109670e+04 -3.481595e+03 -1.045704e+03 6.665836e+03 4.481376e+03 -8.945208e+03 1.285216e+04 -1.460649e+03 -1.024988e+03 -6.631174e+03 -3.163059e+04 -2.374133e+03 -1.288846e+04 -1.443074e+03 3.053902e+03 6.876676e+03 -1.290582e+03 -7.549708e+03 -3.605652e+04 -2.649824e+03 1.463938e+04 1.758886e+03 -3.977603e+03 -7.839348e+03 -3.605181e+04 3.111010e+03 8.231678e+02 -5.855197e+03 3.435151e+03 -7.845397e+03 1.131518e+04 -1.194056e+03
5.151515e-03 4.111661e+04 -3.423299e+03 -1.070894e+03 5.996029e+03 4.393878e+03 -8.928856e+03 1.193640e+04 -1.491101e+03 -1.050125e+03 -5.960450e+03 -3.164669e+04 -2.334972e+03 -1.197352e+04 -1.473520e+03 2.994851e+03 6.864859e+03 -1.321642e+03 -6.785036e+03 -3.607442e+04 -2.603573e+03 1.359544e+04 1.795705e+03 -3.902332e+03 -7.825419e+03 -3.606972e+04 3.061481e+03 8.434075e+02 -5.267668e+03 3.366352e+03 -7.831456e+03 1.051256e+04 -1.219149e+03
5.353535e-03 4.104297e+04 -3.364788e+03 -1.094588e+03 5.348601e+03 4.306605e+03 -8.891410e+03 1.104844e+04 -1.519296e+03 -1.073810e+03 -5.312166e+03 -3.159081e+04 -2.295650e+03 -1.108631e+04 -1.501751e+03 2.935939e+03 6.836852e+03 -1.350859e+03 -6.045959e+03 -3.601026e+04 -2.557146e+03 1.258320e+04 1.829813e+03 -3.827262e+03 -7.793017e+03 -3.600556e+04 3.011757e+03 8.624786e+02 -4.699758e+03 3.297706e+03 -7.799028e+03 9.734269e+03 -1.242405e+03
5.555556e-03 4.088346e+04 -3.306192e+03 -1.116813e+03 4.724817e+03 4.219747e+03 -8.834688e+03 1.019003e+04 -1.545309e+03 -1.096068e+03 -4.687591e+03 -3.146887e+04 -2.256255e+03 -1.022859e+04 -1.527836e+03 2.877293e+03 6.794047e+03 -1.378270e+03 -5.333924e+03 -3.587078e+04 -2.510646e+03 1.160466e+04 1.861297e+03 -3.752556e+03 -7.743731e+03 -3.586610e+04 2.961946e+03 8.804002e+02 -4.152579e+03 3.229363e+03 -7.749704e+03 8.981830e+03 -1.263881e+03
5.757576e-03 4.064566e+04 -3.247632e+03 -1.137602e+03 4.125644e+03 4.133473e+03 -8.760473e+03 9.362523e+03 -1.569215e+03 -1.116927e+03 -4.087692e+03 -3.128668e+04 -2.216868e+03 -9.401714e+03 -1.551846e+03 2.819030e+03 6.737807e+03 -1.403914e+03 -4.650033e+03 -3.566261e+04 -2.464170e+03 1.066136e+04 1.890247e+03 -3.678362e+03 -7.679121e+03 -3.565797e+04 2.912153e+03 8.971941e+02 -3.626977e+03 3.161458e+03 -7.685044e+03 8.256439e+03 -1.283640e+03
5.959596e-03 4.033693e+04 -3.189221e+03 -1.156989e+03 3.551773e+03 4.047940e+03 -8.670496e+03 8.566929e+03 -1.591092e+03 -1.136420e+03 -3.513161e+03 -3.104991e+04 -2.177566e+03 -8.606689e+03 -1.573859e+03 2.761254e+03 6.669461e+03 -1.427835e+03 -3.995074e+03 -3.539222e+04 -2.417807e+03 9.754451e+03 1.916758e+03 -3.604813e+03 -7.600703e+03 -3.538762e+04 2.862473e+03 9.128853e+02 -3.123560e+03 3.094113e+03 -7.606565e+03 7.558977e+03 -1.301743e+03
6.161616e-03 3.996440e+04 -3.131062e+03 -1.175012e+03 3.003645e+03 3.963286e+03 -8.566429e+03 7.803927e+03 -1.611023e+03 -1.154580e+03 -2.964438e+03 -3.076405e+04 -2.138418e+03 -7.844195e+03 -1.593951e+03 2.704059e+03 6.590289e+03 -1.450082e+03 -3.369547e+03 -3.506586e+04 -2.371638e+03 8.884709e+03 1.940924e+03 -3.532026e+03 -7.509938e+03 -3.506130e+04 2.812995e+03 9.275010e+02 -2.642714e+03 3.027438e+03 -7.515731e+03 6.890042e+03 -1.318257e+03
6.363636e-03 3.953489e+04 -3.073250e+03 -1.191713e+03 2.481475e+03 3.879634e+03 -8.449871e+03 7.073905e+03 -1.629088e+03 -1.171446e+03 -2.441737e+03 -3.043433e+04 -2.099490e+03 -7.114620e+03 -1.612203e+03 2.647530e+03 6.501516e+03 -1.470704e+03 -2.773698e+03 -3.468951e+04 -2.325741e+03 8.052575e+03 1.962846e+03 -3.460109e+03 -7.408227e+03 -3.468500e+04 2.763800e+03 9.410703e+02 -2.184629e+03 2.961530e+03 -7.413941e+03 6.249976e+03 -1.333247e+03
6.565657e-03 3.905492e+04 -3.015873e+03 -1.207133e+03 1.985280e+03 3.797091e+03 -8.322341e+03 6.376989e+03 -1.645371e+03 -1.187056e+03 -1.945074e+03 -3.006577e+04 -2.060839e+03 -6.418093e+03 -1.628693e+03 2.591738e+03 6.404306e+03 -1.489754e+03 -2.207544e+03 -3.426888e+04 -2.280184e+03 7.258193e+03 1.982622e+03 -3.389153e+03 -7.296898e+03 -3.426443e+04 2.714963e+03 9.536242e+02 -1.749319e+03 2.896475e+03 -7.302527e+03 5.638891e+03 -1.346780e+03
6.767677e-03 3.853063e+04 -2.959009e+03 -1.221316e+03 1.514901e+03 3.715752e+03 -8.185275e+03 5.713079e+03 -1.659955e+03 -1.201451e+03 -1.474288e+03 -2.966309e+04 -2.022521e+03 -5.754514e+03 -1.643504e+03 2.536749e+03 6.299759e+03 -1.507287e+03 -1.670901e+03 -3.380937e+04 -2.235030e+03 6.501445e+03 2.000351e+03 -3.319240e+03 -7.177207e+03 -3.380499e+04 2.666551e+03 9.651950e+02 -1.336647e+03 2.832349e+03 -7.182744e+03 5.056700e+03 -1.358923e+03
6.969697e-03 3.796782e+04 -2.902729e+03 -1.234306e+03 1.070029e+03 3.635699e+03 -8.040020e+03 5.081873e+03 -1.672922e+03 -1.214673e+03 -1.029068e+03 -2.923076e+04 -1.984582e+03 -5.123583e+03 -1.656713e+03 2.482618e+03 6.188907e+03 -1.523357e+03 -1.163412e+03 -3.331605e+04 -2.190334e+03 5.781988e+03 2.016132e+03 -3.250438e+03 -7.050333e+03 -3.331174e+04 2.618625e+03 9.758161e+02 -9.463398e+02 2.769216e+03 -7.055773e+03 4.503140e+03 -1.369742e+03
7.171717e-03 3.737191e+04 -2.847096e+03 -1.246150e+03 6.502213e+02 3.557000e+03 -7.887832e+03 4.482896e+03 -1.684354e+03 -1.226766e+03 -6.089713e+02 -2.877294e+04 -1.947068e+03 -4.524828e+03 -1.668402e+03 2.429392e+03 6.072714e+03 -1.538022e+03 -6.845721e+02 -3.279369e+04 -2.146149e+03 5.099280e+03 2.030062e+03 -3.182808e+03 -6.917376e+03 -3.278944e+04 2.571239e+03 9.855218e+02 -5.780122e+02 2.707132e+03 -6.922715e+03 3.977799e+03 -1.379304e+03
7.373737e-03 3.674793e+04 -2.792168e+03 -1.256892e+03 2.549296e+02 3.479714e+03 -7.729877e+03 3.915530e+03 -1.694330e+03 -1.237772e+03 -2.134449e+02 -2.829350e+04 -1.910015e+03 -3.957632e+03 -1.678647e+03 2.377112e+03 5.952073e+03 -1.551339e+03 -2.337518e+02 -3.224669e+04 -2.102519e+03 4.452616e+03 2.042237e+03 -3.116398e+03 -6.779356e+03 -3.224252e+04 2.524444e+03 9.943467e+02 -2.311822e+02 2.646143e+03 -6.784590e+03 3.480136e+03 -1.387673e+03
7.575758e-03 3.610056e+04 -2.737993e+03 -1.266580e+03 -1.164868e+02 3.403888e+03 -7.567234e+03 3.379033e+03 -1.702930e+03 -1.247736e+03 1.581537e+02 -2.779603e+04 -1.873460e+03 -3.421257e+03 -1.687525e+03 2.325809e+03 5.827810e+03 -1.563363e+03 1.897828e+02 -3.167916e+04 -2.059483e+03 3.841148e+03 2.052752e+03 -3.051249e+03 -6.637217e+03 -3.167506e+04 2.478280e+03 1.002326e+03 9.471118e+01 2.586288e+03 -6.642343e+03 3.009502e+03 -1.394913e+03
7.777778e-03 3.543409e+04 -2.684615e+03 -1.275259e+03 -4.647417e+02 3.329561e+03 -7.400890e+03 2.872566e+03 -1.710230e+03 -1.256701e+03 5.065406e+02 -2.728385e+04 -1.837430e+03 -2.914865e+03 -1.695110e+03 2.275510e+03 5.700684e+03 -1.574154e+03 5.868490e+02 -3.109486e+04 -2.017077e+03 3.263920e+03 2.061698e+03 -2.987394e+03 -6.491824e+03 -3.109084e+04 2.432785e+03 1.009495e+03 4.002937e+02 2.527598e+03 -6.496839e+03 2.565164e+03 -1.401085e+03
7.979798e-03 3.475248e+04 -2.632071e+03 -1.282975e+03 -7.906067e+02 3.256760e+03 -7.231751e+03 2.395207e+03 -1.716303e+03 -1.264711e+03 8.324901e+02 -2.675999e+04 -1.801953e+03 -2.437537e+03 -1.701476e+03 2.226236e+03 5.571389e+03 -1.583766e+03 9.583301e+02 -3.049726e+04 -1.975329e+03 2.719880e+03 2.069164e+03 -2.924857e+03 -6.343969e+03 -3.049333e+04 2.387993e+03 1.015888e+03 6.862416e+02 2.470097e+03 -6.348873e+03 2.146317e+03 -1.406250e+03
8.181818e-03 3.405931e+04 -2.580392e+03 -1.289773e+03 -1.094897e+03 3.185509e+03 -7.060640e+03 1.945975e+03 -1.721222e+03 -1.271811e+03 1.136820e+03 -2.622723e+04 -1.767050e+03 -1.988294e+03 -1.706692e+03 2.178001e+03 5.440556e+03 -1.592255e+03 1.305159e+03 -2.988952e+04 -1.934265e+03 2.207909e+03 2.075236e+03 -2.863656e+03 -6.194374e+03 -2.988567e+04 2.343930e+03 1.021541e+03 9.532697e+02 2.413804e+03 -6.199164e+03 1.752102e+03 -1.410467e+03
8.383838e-03 3.335788e+04 -2.529606e+03 -1.295698e+03 -1.378461e+03 3.115822e+03 -6.888302e+03 1.523842e+03 -1.725056e+03 -1.278042e+03 1.420381e+03 -2.568806e+04 -1.732740e+03 -1.566111e+03 -1.710827e+03 2.130817e+03 5.308757e+03 -1.599677e+03 1.628306e+03 -2.927451e+04 -1.893907e+03 1.726835e+03 2.079998e+03 -2.803805e+03 -6.043688e+03 -2.927073e+04 2.300620e+03 1.026487e+03 1.202120e+03 2.358731e+03 -6.048365e+03 1.381621e+03 -1.413791e+03
8.585859e-03 3.265113e+04 -2.479735e+03 -1.300792e+03 -1.642164e+03 3.047707e+03 -6.715406e+03 1.127749e+03 -1.727872e+03 -1.283446e+03 1.684042e+03 -2.514479e+04 -1.699039e+03 -1.169931e+03 -1.713945e+03 2.084690e+03 5.176505e+03 -1.606084e+03 1.928763e+03 -2.865482e+04 -1.854272e+03 1.275448e+03 2.083530e+03 -2.745308e+03 -5.892501e+03 -2.865112e+04 2.258081e+03 1.030761e+03 1.433554e+03 2.304885e+03 -5.897064e+03 1.033947e+03 -1.416278e+03
8.787879e-03 3.194173e+04 -2.430794e+03 -1.305099e+03 -1.886886e+03 2.981165e+03 -6.542555e+03 7.566168e+02 -1.729735e+03 -1.288066e+03 1.928686e+03 -2.459945e+04 -1.665958e+03 -7.986785e+02 -1.716111e+03 2.039620e+03 5.044263e+03 -1.611529e+03 2.207536e+03 -2.803279e+04 -1.815375e+03 8.525197e+02 2.085909e+03 -2.688169e+03 -5.741339e+03 -2.802918e+04 2.216329e+03 1.034396e+03 1.648342e+03 2.252269e+03 -5.745788e+03 7.081357e+02 -1.417979e+03
8.989899e-03 3.123207e+04 -2.382798e+03 -1.308659e+03 -2.113509e+03 2.916195e+03 -6.370284e+03 4.093585e+02 -1.730704e+03 -1.291940e+03 2.155195e+03 -2.405389e+04 -1.633507e+03 -4.512679e+02 -1.717385e+03 1.995608e+03 4.912441e+03 -1.616064e+03 2.465633e+03 -2.741053e+04 -1.777224e+03 4.568090e+02 2.087208e+03 -2.632384e+03 -5.590670e+03 -2.740699e+04 2.175377e+03 1.037424e+03 1.847256e+03 2.200882e+03 -5.595006e+03 4.032368e+02 -1.418944e+03
9.191919e-03 3.052429e+04 -2.335757e+03 -1.311514e+03 -2.322910e+03 2.852789e+03 -6.199067e+03 8.488734e+01 -1.730840e+03 -1.295109e+03 2.364450e+03 -2.350974e+04 -1.601693e+03 -1.266153e+02 -1.717823e+03 1.952649e+03 4.781405e+03 -1.619737e+03 2.704058e+03 -2.678988e+04 -1.739830e+03 8.707698e+01 2.087500e+03 -2.577946e+03 -5.440911e+03 -2.678643e+04 2.135231e+03 1.039877e+03 2.031066e+03 2.150718e+03 -5.445135e+03 1.182994e+02 -1.419222e+03
9.393939e-03 2.982026e+04 -2.289675e+03 -1.313701e+03 -2.515957e+03 2.790936e+03 -6.029323e+03 -2.178747e+02 -1.730198e+03 -1.297611e+03 2.557322e+03 -2.296845e+04 -1.570522e+03 1.763554e+02 -1.717482e+03 1.910735e+03 4.651475e+03 -1.622596e+03 2.923803e+03 -2.617252e+04 -1.703196e+03 -2.579060e+02 2.086849e+03 -2.524847e+03 -5.292428e+03 -2.616915e+04 2.095899e+03 1.041785e+03 2.200532e+03 2.101771e+03 -5.296540e+03 -1.476199e+02 -1.418857e+03
9.595960e-03 2.912165e+04 -2.244557e+03 -1.315259e+03 -2.693502e+03 2.730621e+03 -5.861418e+03 -4.999908e+02 -1.728832e+03 -1.299481e+03 2.734664e+03 -2.243132e+04 -1.539995e+03 4.587050e+02 -1.716414e+03 1.869857e+03 4.522933e+03 -1.624689e+03 3.125842e+03 -2.555990e+04 -1.667324e+03 -5.793526e+02 2.085322e+03 -2.473071e+03 -5.145542e+03 -2.555661e+04 2.057383e+03 1.043179e+03 2.356401e+03 2.054029e+03 -5.149544e+03 -3.954514e+02 -1.417895e+03
9.797980e-03 2.842992e+04 -2.200402e+03 -1.316225e+03 -2.856378e+03 2.671826e+03 -5.695669e+03 -7.625038e+02 -1.726791e+03 -1.300757e+03 2.897312e+03 -2.189945e+04 -1.510113e+03 7.214742e+02 -1.714670e+03 1.830004e+03 4.396023e+03 -1.626059e+03 3.311131e+03 -2.495330e+04 -1.632217e+03 -8.784517e+02 2.082979e+03 -2.422605e+03 -5.000530e+03 -2.495009e+04 2.019684e+03 1.044086e+03 2.499405e+03 2.007479e+03 -5.004424e+03 -6.261076e+02 -1.416376e+03
1.000000e-02 2.774634e+04 -2.157208e+03 -1.316632e+03 -3.005396e+03 2.614530e+03 -5.532350e+03 -1.006431e+03 -1.724126e+03 -1.301472e+03 3.046080e+03 -2.137382e+04 -1.480876e+03 9.656789e+02 -1.712296e+03 1.791162e+03 4.270955e+03 -1.626749e+03 3.480595e+03 -2.435384e+04 -1.597871e+03 -1.156364e+03 2.079879e+03 -2.373430e+03 -4.857634e+03 -2.435070e+04 1.982800e+03 1.044536e+03 2.630255e+03 1.962105e+03 -4.861421e+03 -8.404792e+02 -1.414339e+03
