-1.000000e-02 -2.927086e+04 -2.174901e+03 1.366616e+03 -3.569332e+03 2.654425e+03 5.512054e+03 -1.479363e+03 1.782270e+03 1.350534e+03 3.611698e+03 2.254912e+04 -1.493452e+03 1.436931e+03 1.769569e+03 1.818785e+03 -4.256883e+03 1.686912e+03 4.124891e+03 2.569245e+04 -1.610580e+03 -1.695038e+03 -2.149693e+03 -2.409558e+03 4.840690e+03 2.568926e+04 1.999952e+03 -1.085134e+03 3.125359e+03 1.992470e+03 4.844562e+03 -1.254246e+03 1.461874e+03
-9.797980e-03 -3.003862e+04 -2.220021e+03 1.367182e+03 -3.432148e+03 2.714964e+03 5.685295e+03 -1.239492e+03 1.786468e+03 1.350747e+03 3.474833e+03 2.313957e+04 -1.524020e+03 1.196713e+03 1.773434e+03 1.859852e+03 -4.389604e+03 1.687415e+03 3.969007e+03 2.636579e+04 -1.646434e+03 -1.421764e+03 -2.154620e+03 -2.461572e+03 4.992296e+03 2.636251e+04 2.038534e+03 -1.085433e+03 3.004883e+03 2.040387e+03 4.996283e+03 -1.043361e+03 1.465157e+03
-9.595960e-03 -3.081861e+04 -2.266211e+03 1.367189e+03 -3.280634e+03 2.777199e+03 5.861788e+03 -9.799158e+02 1.790062e+03 1.350397e+03 3.323618e+03 2.373941e+04 -1.555306e+03 9.368090e+02 1.776690e+03 1.902064e+03 -4.524797e+03 1.687239e+03 3.796764e+03 2.704985e+04 -1.683136e+03 -1.126028e+03 -2.158815e+03 -2.515047e+03 5.146736e+03 2.704649e+04 2.078025e+03 -1.085271e+03 2.871837e+03 2.089634e+03 5.150841e+03 -8.152071e+02 1.467940e+03
-9.393939e-03 -3.160967e+04 -2.313479e+03 1.366601e+03 -3.113870e+03 2.841160e+03 6.041296e+03 -6.994557e+02 1.793003e+03 1.349447e+03 3.157128e+03 2.434773e+04 -1.587315e+03 6.560429e+02 1.779287e+03 1.945441e+03 -4.662281e+03 1.686338e+03 3.607108e+03 2.774359e+04 -1.720692e+03 -8.064856e+02 -2.162218e+03 -2.570011e+03 5.303803e+03 2.774014e+04 2.118432e+03 -1.084619e+03 2.725415e+03 2.140235e+03 5.308028e+03 -5.687522e+02 1.470182e+03
-9.191919e-03 -3.241039e+04 -2.361829e+03 1.365377e+03 -2.930901e+03 2.906876e+03 6.223538e+03 -3.968936e+02 1.795235e+03 1.347859e+03 2.974406e+03 2.496347e+04 -1.620050e+03 3.531987e+02 1.781171e+03 1.990002e+03 -4.801838e+03 1.684663e+03 3.398947e+03 2.844580e+04 -1.759105e+03 -4.617481e+02 -2.164762e+03 -2.626488e+03 5.463250e+03 2.844226e+04 2.159757e+03 -1.083446e+03 2.564779e+03 2.192211e+03 5.467596e+03 -3.029303e+02 1.471838e+03
-8.989899e-03 -3.321916e+04 -2.411262e+03 1.363477e+03 -2.730742e+03 2.974373e+03 6.408182e+03 -7.097543e+01 1.796703e+03 1.345592e+03 2.774464e+03 2.558537e+04 -1.653510e+03 2.702476e+01 1.782288e+03 2.035763e+03 -4.943214e+03 1.682164e+03 3.171155e+03 2.915506e+04 -1.798375e+03 -9.038566e+01 -2.166381e+03 -2.684500e+03 5.624785e+03 2.915143e+04 2.202001e+03 -1.081717e+03 2.389064e+03 2.245582e+03 5.629256e+03 -1.664384e+01 1.472862e+03
-8.787879e-03 -3.403413e+04 -2.461778e+03 1.360859e+03 -2.512378e+03 3.043673e+03 6.594841e+03 2.795836e+02 1.797347e+03 1.342604e+03 2.556287e+03 2.621201e+04 -1.687694e+03 -3.237613e+02 1.782577e+03 2.082739e+03 -5.086111e+03 1.678789e+03 2.922573e+03 2.986974e+04 -1.838503e+03 3.090672e+02 -2.167002e+03 -2.744067e+03 5.788071e+03 2.986602e+04 2.245163e+03 -1.079401e+03 2.197383e+03 2.300364e+03 5.792667e+03 2.912317e+02 1.473204e+03
-8.585859e-03 -3.485315e+04 -2.513370e+03 1.357477e+03 -2.274773e+03 3.114795e+03 6.783069e+03 6.560935e+02 1.797103e+03 1.338853e+03 2.318834e+03 2.684174e+04 -1.722599e+03 -7.004665e+02 1.781977e+03 2.130943e+03 -5.230185e+03 1.674484e+03 2.652014e+03 3.058795e+04 -1.879482e+03 7.381041e+02 -2.166549e+03 -2.805206e+03 5.952715e+03 3.058414e+04 2.289237e+03 -1.076462e+03 1.988825e+03 2.356571e+03 5.957438e+03 6.218427e+02 1.472815e+03
-8.383838e-03 -3.567379e+04 -2.566030e+03 1.353287e+03 -2.016873e+03 3.187752e+03 6.972350e+03 1.059881e+03 1.795905e+03 1.334293e+03 2.061047e+03 2.747269e+04 -1.758216e+03 -1.104416e+03 1.780422e+03 2.180382e+03 -5.375042e+03 1.669192e+03 2.358273e+03 3.130757e+04 -1.921307e+03 1.198239e+03 -2.164942e+03 -2.867930e+03 6.118266e+03 3.130367e+04 2.334216e+03 -1.072864e+03 1.762467e+03 2.414213e+03 6.123117e+03 9.763504e+02 1.471639e+03
-8.181818e-03 -3.649330e+04 -2.619746e+03 1.348241e+03 -1.737611e+03 3.262553e+03 7.162102e+03 1.492282e+03 1.793683e+03 1.328880e+03 1.781860e+03 2.810274e+04 -1.794537e+03 -1.536941e+03 1.777844e+03 2.231063e+03 -5.520232e+03 1.662855e+03 2.040131e+03 3.202619e+04 -1.963966e+03 1.690993e+03 -2.162098e+03 -2.932245e+03 6.284214e+03 3.202219e+04 2.380088e+03 -1.068570e+03 1.517375e+03 2.473295e+03 6.289193e+03 1.355923e+03 1.469619e+03
-7.979798e-03 -3.730858e+04 -2.674498e+03 1.342291e+03 -1.435921e+03 3.339203e+03 7.351661e+03 1.954629e+03 1.790365e+03 1.322565e+03 1.480200e+03 2.872951e+04 -1.831549e+03 -1.999372e+03 1.774171e+03 2.282987e+03 -5.665249e+03 1.655414e+03 1.696367e+03 3.274108e+04 -2.007446e+03 2.217889e+03 -2.157929e+03 -2.998156e+03 6.449977e+03 3.273699e+04 2.426836e+03 -1.063543e+03 1.252612e+03 2.533819e+03 6.455084e+03 1.761728e+03 1.466697e+03
-7.777778e-03 -3.811617e+04 -2.730265e+03 1.335387e+03 -1.110741e+03 3.417697e+03 7.540283e+03 2.448240e+03 1.785874e+03 1.315302e+03 1.155003e+03 2.935034e+04 -1.869235e+03 -2.493024e+03 1.769328e+03 2.336150e+03 -5.809519e+03 1.646807e+03 1.325767e+03 3.344920e+04 -2.051727e+03 2.780427e+03 -2.152342e+03 -3.065660e+03 6.614905e+03 3.344502e+04 2.474440e+03 -1.057743e+03 9.672477e+02 2.595781e+03 6.620140e+03 2.194916e+03 1.462809e+03
-7.575758e-03 -3.891221e+04 -2.787017e+03 1.327477e+03 -7.610272e+02 3.498025e+03 7.727137e+03 2.974400e+03 1.780131e+03 1.307040e+03 8.052239e+02 2.996224e+04 -1.907575e+03 -3.019180e+03 1.763238e+03 2.390546e+03 -5.952404e+03 1.636972e+03 9.271363e+02 3.414717e+04 -2.096786e+03 3.380076e+03 -2.145244e+03 -3.134748e+03 6.778268e+03 3.414291e+04 2.522875e+03 -1.051132e+03 6.603679e+02 2.659172e+03 6.783630e+03 2.656613e+03 1.457892e+03
-7.373737e-03 -3.969241e+04 -2.844719e+03 1.318511e+03 -3.857691e+02 3.580167e+03 7.911294e+03 3.534350e+03 1.773052e+03 1.297730e+03 4.298470e+02 3.056194e+04 -1.946546e+03 -3.579077e+03 1.755818e+03 2.446159e+03 -6.093194e+03 1.625844e+03 4.993188e+02 3.483125e+04 -2.142597e+03 4.018247e+03 -2.136534e+03 -3.205403e+03 6.939255e+03 3.482689e+04 2.572111e+03 -1.043668e+03 3.310858e+02 2.723974e+03 6.944742e+03 3.147903e+03 1.451877e+03
-7.171717e-03 -4.045209e+04 -2.903332e+03 1.308435e+03 1.599850e+01 3.664094e+03 8.091732e+03 4.129259e+03 1.764552e+03 1.287322e+03 2.790441e+01 3.114581e+04 -1.986117e+03 -4.173881e+03 1.746987e+03 2.502971e+03 -6.231103e+03 1.613359e+03 4.120981e+01 3.549729e+04 -2.189125e+03 4.696278e+03 -2.126109e+03 -3.277602e+03 7.096968e+03 3.549285e+04 2.622113e+03 -1.035313e+03 -2.144445e+01 2.790165e+03 7.102578e+03 3.669811e+03 1.444697e+03
-6.969697e-03 -4.118605e+04 -2.962805e+03 1.297196e+03 4.451770e+02 3.749768e+03 8.267320e+03 4.760210e+03 1.754543e+03 1.275765e+03 -4.015081e+02 3.170987e+04 -2.026256e+03 -4.804672e+03 1.736656e+03 2.560953e+03 -6.365264e+03 1.599451e+03 -4.482225e+02 3.614077e+04 -2.236332e+03 5.415402e+03 -2.113864e+03 -3.351312e+03 7.250421e+03 3.613624e+04 2.672837e+03 -1.026024e+03 -3.980129e+02 2.857711e+03 7.256150e+03 4.223280e+03 1.436277e+03
-6.767677e-03 -4.188866e+04 -3.023083e+03 1.284741e+03 9.025844e+02 3.837138e+03 8.436824e+03 5.428167e+03 1.742932e+03 1.263009e+03 -8.592116e+02 3.224979e+04 -2.066925e+03 -5.472412e+03 1.724738e+03 2.620072e+03 -6.494731e+03 1.584055e+03 -9.699148e+02 3.675673e+04 -2.284174e+03 6.176719e+03 -2.099689e+03 -3.426490e+03 7.398531e+03 3.675212e+04 2.724236e+03 -1.015763e+03 -7.993365e+02 2.926572e+03 7.404376e+03 4.809156e+03 1.426546e+03
-6.565657e-03 -4.255381e+04 -3.084103e+03 1.271018e+03 1.388934e+03 3.926142e+03 8.598899e+03 6.133953e+03 1.729628e+03 1.249002e+03 -1.345922e+03 3.276085e+04 -2.108079e+03 -6.177921e+03 1.711142e+03 2.680283e+03 -6.618473e+03 1.567104e+03 -1.524684e+03 3.733981e+04 -2.332599e+03 6.981167e+03 -2.083472e+03 -3.503081e+03 7.540122e+03 3.733512e+04 2.776254e+03 -1.004488e+03 -1.226041e+03 2.996698e+03 7.546078e+03 5.428156e+03 1.415427e+03
-6.363636e-03 -4.317486e+04 -3.145791e+03 1.255972e+03 1.904811e+03 4.016701e+03 8.752089e+03 6.878215e+03 1.714533e+03 1.233697e+03 -1.862228e+03 3.323797e+04 -2.149669e+03 -6.921842e+03 1.695775e+03 2.741534e+03 -6.735372e+03 1.548533e+03 -2.113202e+03 3.788420e+04 -2.381550e+03 7.829486e+03 -2.065100e+03 -3.581020e+03 7.673918e+03 3.787944e+04 2.828830e+03 -9.921610e+02 -1.678638e+03 3.068025e+03 7.679979e+03 6.080845e+03 1.402843e+03
-6.161616e-03 -4.374473e+04 -3.208068e+03 1.239553e+03 2.450646e+03 4.108726e+03 8.894826e+03 7.661392e+03 1.697553e+03 1.217043e+03 -2.408561e+03 3.367568e+04 -2.191638e+03 -7.704613e+03 1.678544e+03 2.803763e+03 -6.844228e+03 1.528277e+03 -2.735961e+03 3.838368e+04 -2.430963e+03 8.722177e+03 -2.044457e+03 -3.660229e+03 7.798548e+03 3.837885e+04 2.881892e+03 -9.787423e+02 -2.157504e+03 3.140482e+03 7.804707e+03 6.767605e+03 1.388716e+03
-5.959596e-03 -4.425584e+04 -3.270841e+03 1.221710e+03 3.026685e+03 4.202107e+03 9.025431e+03 8.483679e+03 1.678589e+03 1.198994e+03 -2.985170e+03 3.406816e+04 -2.233927e+03 -8.526427e+03 1.659354e+03 2.866895e+03 -6.943754e+03 1.506275e+03 -3.393246e+03 3.883159e+04 -2.480765e+03 9.659461e+03 -2.021426e+03 -3.740615e+03 7.912544e+03 3.882671e+04 2.935364e+03 -9.641950e+02 -2.662857e+03 3.213982e+03 7.918792e+03 7.488606e+03 1.372968e+03
-5.757576e-03 -4.470013e+04 -3.334010e+03 1.202393e+03 3.632963e+03 4.296719e+03 9.142121e+03 9.344985e+03 1.657543e+03 1.179505e+03 -3.592092e+03 3.440921e+04 -2.276465e+03 -9.387191e+03 1.638111e+03 2.930847e+03 -7.032582e+03 1.482464e+03 -4.085100e+03 3.922089e+04 -2.530875e+03 1.064124e+04 -1.995890e+03 -3.822070e+03 8.014343e+03 3.921595e+04 2.989159e+03 -9.484834e+02 -3.194726e+03 3.288426e+03 8.020672e+03 8.243766e+03 1.355519e+03
-5.555556e-03 -4.506913e+04 -3.397465e+03 1.181556e+03 4.269271e+03 4.392419e+03 9.243011e+03 1.024490e+04 1.634318e+03 1.158533e+03 -4.229117e+03 3.469233e+04 -2.319178e+03 -1.028649e+04 1.614722e+03 2.995519e+03 -7.109270e+03 1.456787e+03 -4.811284e+03 3.954413e+04 -2.581208e+03 1.166703e+04 -1.967734e+03 -3.904471e+03 8.102297e+03 3.953915e+04 3.043182e+03 -9.315738e+02 -3.752926e+03 3.363699e+03 8.108696e+03 9.032721e+03 1.336293e+03
-5.353535e-03 -4.535398e+04 -3.461085e+03 1.159155e+03 4.935119e+03 4.489042e+03 9.326126e+03 1.118263e+04 1.608818e+03 1.136039e+03 -4.895759e+03 3.491068e+04 -2.361984e+03 -1.122355e+04 1.589094e+03 3.060801e+03 -7.172303e+03 1.429188e+03 -5.571243e+03 3.979356e+04 -2.631665e+03 1.273596e+04 -1.936842e+03 -3.987678e+03 8.174678e+03 3.978854e+04 3.097331e+03 -9.134352e+02 -4.337029e+03 3.439672e+03 8.181135e+03 9.854784e+03 1.315211e+03
-5.151515e-03 -4.554549e+04 -3.524739e+03 1.135150e+03 5.629711e+03 4.586406e+03 9.389412e+03 1.215700e+04 1.580950e+03 1.111986e+03 -5.591218e+03 3.505720e+04 -2.404794e+03 -1.219716e+04 1.561139e+03 3.126568e+03 -7.220108e+03 1.399617e+03 -6.364068e+03 3.996108e+04 -2.682144e+03 1.384666e+04 -1.903105e+03 -4.071531e+03 8.229689e+03 3.995604e+04 3.151492e+03 -8.940391e+02 -4.946334e+03 3.516200e+03 8.236190e+03 1.070891e+04 1.292198e+03
-4.949495e-03 -4.563418e+04 -3.588284e+03 1.109503e+03 6.351901e+03 4.684303e+03 9.430755e+03 1.316636e+04 1.550623e+03 1.086341e+03 -6.314350e+03 3.512461e+04 -2.447513e+03 -1.320570e+04 1.530768e+03 3.192682e+03 -7.251064e+03 1.368028e+03 -7.188454e+03 4.003842e+04 -2.732531e+03 1.499727e+04 -1.866413e+03 -4.155855e+03 8.265479e+03 4.003336e+04 3.205545e+03 -8.733607e+02 -5.579838e+03 3.593121e+03 8.272010e+03 1.159366e+04 1.267183e+03
-4.747475e-03 -4.561042e+04 -3.651569e+03 1.082182e+03 7.100171e+03 4.782506e+03 9.447992e+03 1.420858e+04 1.517752e+03 1.059078e+03 -7.063634e+03 3.510551e+04 -2.490038e+03 -1.424703e+04 1.497903e+03 3.258987e+03 -7.263517e+03 1.334380e+03 -8.042666e+03 4.001712e+04 -2.782705e+03 1.618534e+04 -1.826667e+03 -4.240451e+03 8.280159e+03 4.001205e+04 3.259361e+03 -8.513787e+02 -6.236207e+03 3.670255e+03 8.286702e+03 1.250716e+04 1.240098e+03
-4.545455e-03 -4.546452e+04 -3.714430e+03 1.053161e+03 7.872592e+03 4.880763e+03 9.438946e+03 1.528097e+04 1.482256e+03 1.030174e+03 -7.837138e+03 3.499242e+04 -2.532260e+03 -1.531846e+04 1.462466e+03 3.325314e+03 -7.255798e+03 1.298639e+03 -8.924503e+03 3.988866e+04 -2.832539e+03 1.740782e+04 -1.783770e+03 -4.325104e+03 8.271821e+03 3.988361e+04 3.312801e+03 -8.280762e+02 -6.913749e+03 3.747405e+03 8.278358e+03 1.344706e+04 1.210878e+03
-4.343434e-03 -4.518683e+04 -3.776696e+03 1.022419e+03 8.666799e+03 4.978801e+03 9.401445e+03 1.638030e+04 1.444064e+03 9.996124e+02 -8.632495e+03 3.477794e+04 -2.574063e+03 -1.641678e+04 1.424390e+03 3.391478e+03 -7.226244e+03 1.260776e+03 -9.831265e+03 3.964461e+04 -2.881894e+03 1.866103e+04 -1.737638e+03 -4.409578e+03 8.238566e+03 3.963958e+04 3.365717e+03 -8.034410e+02 -7.610392e+03 3.824355e+03 8.245079e+03 1.441053e+04 1.179467e+03
-4.141414e-03 -4.476790e+04 -3.838183e+03 9.899395e+02 9.479970e+03 5.076320e+03 9.333359e+03 1.750273e+04 1.403111e+03 9.673825e+02 -9.446878e+03 3.445480e+04 -2.615324e+03 -1.753813e+04 1.383614e+03 3.457278e+03 -7.173222e+03 1.220775e+03 -1.075973e+04 3.927666e+04 -2.930628e+03 1.994058e+04 -1.688193e+03 -4.493615e+03 8.178531e+03 3.927168e+04 3.417957e+03 -7.774660e+02 -8.323660e+03 3.900872e+03 8.184998e+03 1.539420e+04 1.145814e+03
-3.939394e-03 -4.419866e+04 -3.898701e+03 9.557163e+02 1.030881e+04 5.173001e+03 9.232632e+03 1.864381e+04 1.359344e+03 9.334812e+02 -1.027698e+04 3.401603e+04 -2.655917e+03 -1.867807e+04 1.340089e+03 3.522498e+03 -7.095161e+03 1.178622e+03 -1.170613e+04 3.877687e+04 -2.978587e+03 2.124140e+04 -1.635374e+03 -4.576939e+03 8.089919e+03 3.877194e+04 3.469356e+03 -7.501496e+02 -9.050658e+03 3.976706e+03 8.096318e+03 1.639417e+04 1.109876e+03
-3.737374e-03 -4.347057e+04 -3.958050e+03 9.197489e+02 1.114952e+04 5.268501e+03 9.097326e+03 1.979843e+04 1.312720e+03 8.979126e+02 -1.111901e+04 3.345504e+04 -2.695708e+03 -1.983151e+04 1.293777e+03 3.586908e+03 -6.990576e+03 1.134318e+03 -1.266614e+04 3.813774e+04 -3.025615e+03 2.255767e+04 -1.579131e+03 -4.659255e+03 7.971034e+03 3.813289e+04 3.519748e+03 -7.214962e+02 -9.788066e+03 4.051588e+03 7.977340e+03 1.740596e+04 1.071621e+03
-3.535354e-03 -4.257581e+04 -4.016025e+03 8.820455e+02 1.199784e+04 5.362456e+03 8.925662e+03 2.096087e+04 1.263211e+03 8.606884e+02 -1.196868e+04 3.276585e+04 -2.734559e+03 -2.099274e+04 1.244653e+03 3.650262e+03 -6.858104e+03 1.087871e+03 -1.363487e+04 3.735242e+04 -3.071549e+03 2.388287e+04 -1.519431e+03 -4.740247e+03 7.820319e+03 3.734766e+04 3.568958e+03 -6.915165e+02 -1.053213e+04 4.125234e+03 7.826508e+03 1.842458e+04 1.031028e+03
-3.333333e-03 -4.150752e+04 -4.072413e+03 8.426228e+02 1.284901e+04 5.454482e+03 8.716066e+03 2.212478e+04 1.210802e+03 8.218287e+02 -1.282124e+04 3.194317e+04 -2.772330e+03 -2.215540e+04 1.192705e+03 3.712304e+03 -6.696543e+03 1.039302e+03 -1.460690e+04 3.641489e+04 -3.116220e+03 2.520976e+04 -1.456258e+03 -4.819586e+03 7.636400e+03 3.641025e+04 3.616805e+03 -6.602279e+02 -1.127869e+04 4.197345e+03 7.642445e+03 1.944445e+04 9.880858e+02
-3.131313e-03 -4.025997e+04 -4.126997e+03 8.015070e+02 1.369781e+04 5.544179e+03 8.467217e+03 2.328322e+04 1.155498e+03 7.813624e+02 -1.367145e+04 3.098260e+04 -2.808877e+03 -2.331257e+04 1.137940e+03 3.772763e+03 -6.504881e+03 9.886394e+02 -1.557626e+04 3.532013e+04 -3.159458e+03 2.653042e+04 -1.389616e+03 -4.896925e+03 7.418120e+03 3.531563e+04 3.663109e+03 -6.276544e+02 -1.202317e+04 4.267610e+03 7.423994e+03 2.045949e+04 9.427995e+02
-2.929293e-03 -3.882881e+04 -4.179558e+03 7.587335e+02 1.453860e+04 5.631133e+03 8.178095e+03 2.442870e+04 1.097318e+03 7.393268e+02 -1.451366e+04 2.988078e+04 -2.844054e+03 -2.445677e+04 1.080380e+03 3.831362e+03 -6.282338e+03 9.359279e+02 -1.653651e+04 3.406432e+04 -3.201089e+03 2.783631e+04 -1.319533e+03 -4.971905e+03 7.164589e+03 3.405998e+04 3.707683e+03 -5.938272e+02 -1.276062e+04 4.335704e+03 7.170264e+03 2.146314e+04 8.951867e+02
-2.727273e-03 -3.721125e+04 -4.229876e+03 7.143475e+02 1.536537e+04 5.714916e+03 7.848029e+03 2.555322e+04 1.036302e+03 6.957685e+02 -1.534184e+04 2.863559e+04 -2.877714e+03 -2.558002e+04 1.020066e+03 3.887814e+03 -6.028403e+03 8.812218e+02 -1.748077e+04 3.264502e+04 -3.240939e+03 2.911833e+04 -1.246057e+03 -5.044160e+03 6.875221e+03 3.264085e+04 3.750342e+03 -5.587845e+02 -1.348576e+04 4.401298e+03 6.880668e+03 2.244841e+04 8.452814e+02
-2.525253e-03 -3.540627e+04 -4.277729e+03 6.684042e+02 1.617178e+04 5.795098e+03 7.476742e+03 2.664841e+04 9.725124e+02 6.507433e+02 -1.614964e+04 2.724623e+04 -2.909714e+03 -2.667394e+04 9.570593e+02 3.941829e+03 -5.742865e+03 8.245884e+02 -1.840180e+04 3.106133e+04 -3.278833e+03 3.036690e+04 -1.169262e+03 -5.113314e+03 6.549774e+03 3.105736e+04 3.790901e+03 -5.225718e+02 -1.419303e+04 4.464053e+03 6.554965e+03 2.340796e+04 7.931337e+02
-2.323232e-03 -3.341482e+04 -4.322901e+03 6.209687e+02 1.695123e+04 5.871240e+03 7.064393e+03 2.770556e+04 9.060300e+02 6.043156e+02 -1.693046e+04 2.571344e+04 -2.939909e+03 -2.772985e+04 8.914424e+02 3.993115e+03 -5.425847e+03 7.661074e+02 -1.929208e+04 2.931409e+04 -3.314601e+03 3.157212e+04 -1.089247e+03 -5.178991e+03 6.188389e+03 2.931034e+04 3.829176e+03 -4.852417e+02 -1.487666e+04 4.523632e+03 6.193294e+03 2.433415e+04 7.388112e+02
-2.121212e-03 -3.123994e+04 -4.365180e+03 5.721161e+02 1.769699e+04 5.942910e+03 6.611610e+03 2.871577e+04 8.369595e+02 5.565592e+02 -1.767755e+04 2.403955e+04 -2.968158e+03 -2.873886e+04 8.233182e+02 4.041381e+03 -5.077833e+03 7.058710e+02 -2.014390e+04 2.740597e+04 -3.348075e+03 3.272383e+04 -1.006137e+03 -5.240815e+03 5.791615e+03 2.740246e+04 3.864991e+03 -4.468537e+02 -1.553074e+04 4.579698e+03 5.796207e+03 2.521920e+04 6.823992e+02
-1.919192e-03 -2.888692e+04 -4.404359e+03 5.219312e+02 1.840228e+04 6.009681e+03 6.119520e+03 2.967010e+04 7.654278e+02 5.075563e+02 -1.838410e+04 2.222865e+04 -2.994328e+03 -2.969203e+04 7.528112e+02 4.086341e+03 -4.699688e+03 6.439834e+02 -2.094950e+04 2.534160e+04 -3.379092e+03 3.381182e+04 -9.200845e+02 -5.298418e+03 5.360441e+03 2.533836e+04 3.898173e+03 -4.074740e+02 -1.614932e+04 4.631918e+03 5.364692e+03 2.605527e+04 6.240012e+02
-1.717172e-03 -2.636336e+04 -4.440244e+03 4.705084e+02 1.906036e+04 6.071139e+03 5.589768e+03 3.055966e+04 6.915845e+02 4.573976e+02 -1.904337e+04 2.028657e+04 -3.018289e+03 -3.058051e+04 6.800676e+02 4.127718e+03 -4.292673e+03 5.805609e+02 -2.170119e+04 2.312765e+04 -3.407499e+03 3.482599e+04 -8.312699e+02 -5.351441e+03 4.896305e+03 2.312469e+04 3.928557e+03 -3.671755e+02 -1.672648e+04 4.679974e+03 4.900190e+03 2.683459e+04 5.637386e+02
-1.515152e-03 -2.367918e+04 -4.472649e+03 4.179509e+02 1.966468e+04 6.126889e+03 5.024522e+03 3.137583e+04 6.156013e+02 4.061815e+02 -1.964878e+04 1.822095e+04 -3.039920e+03 -3.139569e+04 6.052551e+02 4.165248e+03 -3.858452e+03 5.157310e+02 -2.239149e+04 2.077284e+04 -3.433149e+03 3.575650e+04 -7.398985e+02 -5.399543e+03 4.401107e+03 2.077018e+04 3.955989e+03 -3.260371e+02 -1.725650e+04 4.723558e+03 4.404600e+03 2.754961e+04 5.017506e+02
-1.313131e-03 -2.084666e+04 -4.501405e+03 3.643704e+02 2.020899e+04 6.176563e+03 4.426469e+03 3.211040e+04 5.376715e+02 3.540139e+02 -2.019409e+04 1.604123e+04 -3.059110e+03 -3.212935e+04 5.285613e+02 4.198683e+03 -3.399086e+03 4.496318e+02 -2.301325e+04 1.828791e+04 -3.455910e+03 3.659397e+04 -6.462016e+02 -5.442404e+03 3.877199e+03 1.828557e+04 3.980328e+03 -2.841433e+02 -1.773388e+04 4.762385e+03 3.880277e+03 2.819313e+04 4.381937e+02
-1.111111e-03 -1.788028e+04 -4.526356e+03 3.098865e+02 2.068748e+04 6.219820e+03 3.798800e+03 3.275572e+04 4.580085e+02 3.010073e+02 -2.067346e+04 1.375856e+04 -3.075757e+03 -3.277387e+04 4.501935e+02 4.227796e+03 -2.917020e+03 3.824112e+02 -2.355984e+04 1.568559e+04 -3.475658e+03 3.732969e+04 -5.504348e+02 -5.479731e+03 3.327373e+03 1.568357e+04 4.001442e+03 -2.415838e+02 -1.815354e+04 4.796191e+03 3.330014e+03 2.875845e+04 3.732402e+02
-9.090909e-04 -1.479665e+04 -4.547367e+03 2.546256e+02 2.109489e+04 6.256358e+03 3.145174e+03 3.330488e+04 3.768446e+02 2.472802e+02 -2.108162e+04 1.138571e+04 -3.089772e+03 -3.332233e+04 3.703765e+02 4.252386e+03 -2.415060e+03 3.142259e+02 -2.402523e+04 1.298042e+04 -3.492286e+03 3.795578e+04 -4.528754e+02 -5.511261e+03 2.754832e+03 1.297876e+04 4.019220e+03 -1.984531e+02 -1.851085e+04 4.824742e+03 2.757019e+03 2.923953e+04 3.070777e+02
-7.070707e-04 -1.161426e+04 -4.564320e+03 1.987204e+02 2.142663e+04 6.285915e+03 2.469677e+03 3.375183e+04 2.944283e+02 1.929563e+02 -2.141398e+04 8.936893e+03 -3.101078e+03 -3.376873e+04 2.893509e+02 4.272276e+03 -1.896338e+03 2.452405e+02 -2.440419e+04 1.018864e+04 -3.505702e+03 3.846535e+04 -3.538207e+02 -5.536768e+03 2.163151e+03 1.018733e+04 4.033562e+03 -1.548494e+02 -1.880180e+04 4.847836e+03 2.164869e+03 2.963108e+04 2.399066e+02
-5.050505e-04 -8.353256e+03 -4.577120e+03 1.423085e+02 2.167889e+04 6.308277e+03 1.776764e+03 3.409160e+04 2.110228e+02 1.381638e+02 -2.166672e+04 6.427607e+03 -3.109614e+03 -3.410806e+04 2.073706e+02 4.287323e+03 -1.364267e+03 1.756257e+02 -2.469236e+04 7.327901e+03 -3.515832e+03 3.885271e+04 -2.535848e+02 -5.556067e+03 1.556229e+03 7.326960e+03 4.044391e+03 -1.108742e+02 -1.902304e+04 4.865307e+03 1.557465e+03 2.992872e+04 1.719389e+02
-3.030303e-04 -5.035096e+03 -4.585694e+03 8.553188e+01 2.184874e+04 6.323278e+03 1.071187e+03 3.432030e+04 1.269021e+02 8.303387e+01 -2.183688e+04 3.874364e+03 -3.115331e+03 -3.433648e+04 1.247006e+02 4.297417e+03 -8.224907e+02 1.055578e+02 -2.488639e+04 4.417038e+03 -3.522617e+03 3.911346e+04 -1.524952e+02 -5.569013e+03 9.382255e+02 4.416471e+03 4.051643e+03 -6.663193e+01 -1.917201e+04 4.877026e+03 9.389706e+02 3.012906e+04 1.033955e+02
-1.010101e-04 -1.682243e+03 -4.589994e+03 2.853515e+01 2.193418e+04 6.330807e+03 3.579216e+02 3.443532e+04 4.234893e+01 2.770061e+01 -2.192247e+04 1.294437e+03 -3.118197e+03 -3.445135e+04 4.161338e+01 4.302483e+03 -2.748222e+02 3.521640e+01 -2.498398e+04 1.475747e+03 -3.526019e+03 3.924459e+04 -5.088932e+01 -5.575510e+03 3.134938e+02 1.475557e+03 4.055280e+03 -2.222858e+01 -1.924693e+04 4.882908e+03 3.137428e+02 3.022982e+04 3.450401e+01
1.010101e-04 1.682243e+03 -4.589994e+03 -2.853515e+01 2.193418e+04 6.330807e+03 -3.579216e+02 3.443532e+04 -4.234893e+01 -2.770061e+01 -2.192247e+04 -1.294437e+03 -3.118197e+03 -3.445135e+04 -4.161338e+01 4.302483e+03 2.748222e+02 -3.521640e+01 -2.498398e+04 -1.475747e+03 -3.526019e+03 3.924459e+04 5.088932e+01 -5.575510e+03 -3.134938e+02 -1.475557e+03 4.055280e+03 2.222858e+01 -1.924693e+04 4.882908e+03 -3.137428e+02 3.022982e+04 -3.450401e+01
3.030303e-04 5.035096e+03 -4.585694e+03 -8.553188e+01 2.184874e+04 6.323278e+03 -1.071187e+03 3.432030e+04 -1.269021e+02 -8.303387e+01 -2.183688e+04 -3.874364e+03 -3.115331e+03 -3.433648e+04 -1.247006e+02 4.297417e+03 8.224907e+02 -1.055578e+02 -2.488639e+04 -4.417038e+03 -3.522617e+03 3.911346e+04 1.524952e+02 -5.569013e+03 -9.382255e+02 -4.416471e+03 4.051643e+03 6.663193e+01 -1.917201e+04 4.877026e+03 -9.389706e+02 3.012906e+04 -1.033955e+02
5.050505e-04 8.353256e+03 -4.577120e+03 -1.423085e+02 2.167889e+04 6.308277e+03 -1.776764e+03 3.409160e+04 -2.110228e+02 -1.381638e+02 -2.166672e+04 -6.427607e+03 -3.109614e+03 -3.410806e+04 -2.073706e+02 4.287323e+03 1.364267e+03 -1.756257e+02 -2.469236e+04 -7.327901e+03 -3.515832e+03 3.885271e+04 2.535848e+02 -5.556067e+03 -1.556229e+03 -7.326960e+03 4.044391e+03 1.108742e+02 -1.902304e+04 4.865307e+03 -1.557465e+03 2.992872e+04 -1.719389e+02
7.070707e-04 1.161426e+04 -4.564320e+03 -1.987204e+02 2.142663e+04 6.285915e+03 -2.469677e+03 3.375183e+04 -2.944283e+02 -1.929563e+02 -2.141398e+04 -8.936893e+03 -3.101078e+03 -3.376873e+04 -2.893509e+02 4.272276e+03 1.896338e+03 -2.452405e+02 -2.440419e+04 -1.018864e+04 -3.505702e+03 3.846535e+04 3.538207e+02 -5.536768e+03 -2.163151e+03 -1.018733e+04 4.033562e+03 1.548494e+02 -1.880180e+04 4.847836e+03 -2.164869e+03 2.963108e+04 -2.399066e+02
9.090909e-04 1.479665e+04 -4.547367e+03 -2.546256e+02 2.109489e+04 6.256358e+03 -3.145174e+03 3.330488e+04 -3.768446e+02 -2.472802e+02 -2.108162e+04 -1.138571e+04 -3.089772e+03 -3.332233e+04 -3.703765e+02 4.252386e+03 2.415060e+03 -3.142259e+02 -2.402523e+04 -1.298042e+04 -3.492286e+03 3.795578e+04 4.528754e+02 -5.511261e+03 -2.754832e+03 -1.297876e+04 4.019220e+03 1.984531e+02 -1.851085e+04 4.824742e+03 -2.757019e+03 2.923953e+04 -3.070777e+02
1.111111e-03 1.788028e+04 -4.526356e+03 -3.098865e+02 2.068748e+04 6.219820e+03 -3.798800e+03 3.275572e+04 -4.580085e+02 -3.010073e+02 -2.067346e+04 -1.375856e+04 -3.075757e+03 -3.277387e+04 -4.501935e+02 4.227796e+03 2.917020e+03 -3.824112e+02 -2.355984e+04 -1.568559e+04 -3.475658e+03 3.732969e+04 5.504348e+02 -5.479731e+03 -3.327373e+03 -1.568357e+04 4.001442e+03 2.415838e+02 -1.815354e+04 4.796191e+03 -3.330014e+03 2.875845e+04 -3.732402e+02
1.313131e-03 2.084666e+04 -4.501405e+03 -3.643704e+02 2.020899e+04 6.176563e+03 -4.426469e+03 3.211040e+04 -5.376715e+02 -3.540139e+02 -2.019409e+04 -1.604123e+04 -3.059110e+03 -3.212935e+04 -5.285613e+02 4.198683e+03 3.399086e+03 -4.496318e+02 -2.301325e+04 -1.828791e+04 -3.455910e+03 3.659397e+04 6.462016e+02 -5.442404e+03 -3.877199e+03 -1.828557e+04 3.980328e+03 2.841433e+02 -1.773388e+04 4.762385e+03 -3.880277e+03 2.819313e+04 -4.381937e+02
1.515152e-03 2.367918e+04 -4.472649e+03 -4.179509e+02 1.966468e+04 6.126889e+03 -5.024522e+03 3.137583e+04 -6.156013e+02 -4.061815e+02 -1.964878e+04 -1.822095e+04 -3.039920e+03 -3.139569e+04 -6.052551e+02 4.165248e+03 3.858452e+03 -5.157310e+02 -2.239149e+04 -2.077284e+04 -3.433149e+03 3.575650e+04 7.398985e+02 -5.399543e+03 -4.401107e+03 -2.077018e+04 3.955989e+03 3.260371e+02 -1.725650e+04 4.723558e+03 -4.404600e+03 2.754961e+04 -5.017506e+02
1.717172e-03 2.636336e+04 -4.440244e+03 -4.705084e+02 1.906036e+04 6.071139e+03 -5.589768e+03 3.055966e+04 -6.915845e+02 -4.573976e+02 -1.904337e+04 -2.028657e+04 -3.018289e+03 -3.058051e+04 -6.800676e+02 4.127718e+03 4.292673e+03 -5.805609e+02 -2.170119e+04 -2.312765e+04 -3.407499e+03 3.482599e+04 8.312699e+02 -5.351441e+03 -4.896305e+03 -2.312469e+04 3.928557e+03 3.671755e+02 -1.672648e+04 4.679974e+03 -4.900190e+03 2.683459e+04 -5.637386e+02
1.919192e-03 2.888692e+04 -4.404359e+03 -5.219312e+02 1.840228e+04 6.009681e+03 -6.119520e+03 2.967010e+04 -7.654278e+02 -5.075563e+02 -1.838410e+04 -2.222865e+04 -2.994328e+03 -2.969203e+04 -7.528112e+02 4.086341e+03 4.699688e+03 -6.439834e+02 -2.094950e+04 -2.534160e+04 -3.379092e+03 3.381182e+04 9.200845e+02 -5.298418e+03 -5.360441e+03 -2.533836e+04 3.898173e+03 4.074740e+02 -1.614932e+04 4.631918e+03 -5.364692e+03 2.605527e+04 -6.240012e+02
2.121212e-03 3.123994e+04 -4.365180e+03 -5.721161e+02 1.769699e+04 5.942910e+03 -6.611610e+03 2.871577e+04 -8.369595e+02 -5.565592e+02 -1.767755e+04 -2.403955e+04 -2.968158e+03 -2.873886e+04 -8.233182e+02 4.041381e+03 5.077833e+03 -7.058710e+02 -2.014390e+04 -2.740597e+04 -3.348075e+03 3.272383e+04 1.006137e+03 -5.240815e+03 -5.791615e+03 -2.740246e+04 3.864991e+03 4.468537e+02 -1.553074e+04 4.579698e+03 -5.796207e+03 2.521920e+04 -6.823992e+02
2.323232e-03 3.341482e+04 -4.322901e+03 -6.209687e+02 1.695123e+04 5.871240e+03 -7.064393e+03 2.770556e+04 -9.060300e+02 -6.043156e+02 -1.693046e+04 -2.571344e+04 -2.939909e+03 -2.772985e+04 -8.914424e+02 3.993115e+03 5.425847e+03 -7.661074e+02 -1.929208e+04 -2.931409e+04 -3.314601e+03 3.157212e+04 1.089247e+03 -5.178991e+03 -6.188389e+03 -2.931034e+04 3.829176e+03 4.852417e+02 -1.487666e+04 4.523632e+03 -6.193294e+03 2.433415e+04 -7.388112e+02
2.525253e-03 3.540627e+04 -4.277729e+03 -6.684042e+02 1.617178e+04 5.795098e+03 -7.476742e+03 2.664841e+04 -9.725124e+02 -6.507433e+02 -1.614964e+04 -2.724623e+04 -2.909714e+03 -2.667394e+04 -9.570593e+02 3.941829e+03 5.742865e+03 -8.245884e+02 -1.840180e+04 -3.106133e+04 -3.278833e+03 3.036690e+04 1.169262e+03 -5.113314e+03 -6.549774e+03 -3.105736e+04 3.790901e+03 5.225718e+02 -1.419303e+04 4.464053e+03 -6.554965e+03 2.340796e+04 -7.931337e+02
2.727273e-03 3.721125e+04 -4.229876e+03 -7.143475e+02 1.536537e+04 5.714916e+03 -7.848029e+03 2.555322e+04 -1.036302e+03 -6.957685e+02 -1.534184e+04 -2.863559e+04 -2.877714e+03 -2.558002e+04 -1.020066e+03 3.887814e+03 6.028403e+03 -8.812218e+02 -1.748077e+04 -3.264502e+04 -3.240939e+03 2.911833e+04 1.246057e+03 -5.044160e+03 -6.875221e+03 -3.264085e+04 3.750342e+03 5.587845e+02 -1.348576e+04 4.401298e+03 -6.880668e+03 2.244841e+04 -8.452814e+02
2.929293e-03 3.882881e+04 -4.179558e+03 -7.587335e+02 1.453860e+04 5.631133e+03 -8.178095e+03 2.442870e+04 -1.097318e+03 -7.393268e+02 -1.451366e+04 -2.988078e+04 -2.844054e+03 -2.445677e+04 -1.080380e+03 3.831362e+03 6.282338e+03 -9.359279e+02 -1.653651e+04 -3.406432e+04 -3.201089e+03 2.783631e+04 1.319533e+03 -4.971905e+03 -7.164589e+03 -3.405998e+04 3.707683e+03 5.938272e+02 -1.276062e+04 4.335704e+03 -7.170264e+03 2.146314e+04 -8.951867e+02
3.131313e-03 4.025997e+04 -4.126997e+03 -8.015070e+02 1.369781e+04 5.544179e+03 -8.467217e+03 2.328322e+04 -1.155498e+03 -7.813624e+02 -1.367145e+04 -3.098260e+04 -2.808877e+03 -2.331257e+04 -1.137940e+03 3.772763e+03 6.504881e+03 -9.886394e+02 -1.557626e+04 -3.532013e+04 -3.159458e+03 2.653042e+04 1.389616e+03 -4.896925e+03 -7.418120e+03 -3.531563e+04 3.663109e+03 6.276544e+02 -1.202317e+04 4.267610e+03 -7.423994e+03 2.045949e+04 -9.427995e+02
3.333333e-03 4.150752e+04 -4.072413e+03 -8.426228e+02 1.284901e+04 5.454482e+03 -8.716066e+03 2.212478e+04 -1.210802e+03 -8.218287e+02 -1.282124e+04 -3.194317e+04 -2.772330e+03 -2.215540e+04 -1.192705e+03 3.712304e+03 6.696543e+03 -1.039302e+03 -1.460690e+04 -3.641489e+04 -3.116220e+03 2.520976e+04 1.456258e+03 -4.819586e+03 -7.636400e+03 -3.641025e+04 3.616805e+03 6.602279e+02 -1.127869e+04 4.197345e+03 -7.642445e+03 1.944445e+04 -9.880858e+02
3.535354e-03 4.257581e+04 -4.016025e+03 -8.820455e+02 1.199784e+04 5.362456e+03 -8.925662e+03 2.096087e+04 -1.263211e+03 -8.606884e+02 -1.196868e+04 -3.276585e+04 -2.734559e+03 -2.099274e+04 -1.244653e+03 3.650262e+03 6.858104e+03 -1.087871e+03 -1.363487e+04 -3.735242e+04 -3.071549e+03 2.388287e+04 1.519431e+03 -4.740247e+03 -7.820319e+03 -3.734766e+04 3.568958e+03 6.915165e+02 -1.053213e+04 4.125234e+03 -7.826508e+03 1.842458e+04 -1.031028e+03
3.737374e-03 4.347057e+04 -3.958050e+03 -9.197489e+02 1.114952e+04 5.268501e+03 -9.097326e+03 1.979843e+04 -1.312720e+03 -8.979126e+02 -1.111901e+04 -3.345504e+04 -2.695708e+03 -1.983151e+04 -1.293777e+03 3.586908e+03 6.990576e+03 -1.134318e+03 -1.266614e+04 -3.813774e+04 -3.025615e+03 2.255767e+04 1.579131e+03 -4.659255e+03 -7.971034e+03 -3.813289e+04 3.519748e+03 7.214962e+02 -9.788066e+03 4.051588e+03 -7.977340e+03 1.740596e+04 -1.071621e+03
3.939394e-03 4.419866e+04 -3.898701e+03 -9.557163e+02 1.030881e+04 5.173001e+03 -9.232632e+03 1.864381e+04 -1.359344e+03 -9.334812e+02 -1.027698e+04 -3.401603e+04 -2.655917e+03 -1.867807e+04 -1.340089e+03 3.522498e+03 7.095161e+03 -1.178622e+03 -1.170613e+04 -3.877687e+04 -2.978587e+03 2.124140e+04 1.635374e+03 -4.576939e+03 -8.089919e+03 -3.877194e+04 3.469356e+03 7.501496e+02 -9.050658e+03 3.976706e+03 -8.096318e+03 1.639417e+04 -1.109876e+03
4.141414e-03 4.476790e+04 -3.838183e+03 -9.899395e+02 9.479970e+03 5.076320e+03 -9.333359e+03 1.750273e+04 -1.403111e+03 -9.673825e+02 -9.446878e+03 -3.445480e+04 -2.615324e+03 -1.753813e+04 -1.383614e+03 3.457278e+03 7.173222e+03 -1.220775e+03 -1.075973e+04 -3.927666e+04 -2.930628e+03 1.994058e+04 1.688193e+03 -4.493615e+03 -8.178531e+03 -3.927168e+04 3.417957e+03 7.774660e+02 -8.323660e+03 3.900872e+03 -8.184998e+03 1.539420e+04 -1.145814e+03
4.343434e-03 4.518683e+04 -3.776696e+03 -1.022419e+03 8.666799e+03 4.978801e+03 -9.401445e+03 1.638030e+04 -1.444064e+03 -9.996124e+02 -8.632495e+03 -3.477794e+04 -2.574063e+03 -1.641678e+04 -1.424390e+03 3.391478e+03 7.226244e+03 -1.260776e+03 -9.831265e+03 -3.964461e+04 -2.881894e+03 1.866103e+04 1.737638e+03 -4.409578e+03 -8.238566e+03 -3.963958e+04 3.365717e+03 8.034410e+02 -7.610392e+03 3.824355e+03 -8.245079e+03 1.441053e+04 -1.179467e+03
4.545455e-03 4.546452e+04 -3.714430e+03 -1.053161e+03 7.872592e+03 4.880763e+03 -9.438946e+03 1.528097e+04 -1.482256e+03 -1.030174e+03 -7.837138e+03 -3.499242e+04 -2.532260e+03 -1.531846e+04 -1.462466e+03 3.325314e+03 7.255798e+03 -1.298639e+03 -8.924503e+03 -3.988866e+04 -2.832539e+03 1.740782e+04 1.783770e+03 -4.325104e+03 -8.271821e+03 -3.988361e+04 3.312801e+03 8.280762e+02 -6.913749e+03 3.747405e+03 -8.278358e+03 1.344706e+04 -1.210878e+03
4.747475e-03 4.561042e+04 -3.651569e+03 -1.082182e+03 7.100171e+03 4.782506e+03 -9.447992e+03 1.420858e+04 -1.517752e+03 -1.059078e+03 -7.063634e+03 -3.510551e+04 -2.490038e+03 -1.424703e+04 -1.497903e+03 3.258987e+03 7.263517e+03 -1.334380e+03 -8.042666e+03 -4.001712e+04 -2.782705e+03 1.618534e+04 1.826667e+03 -4.240451e+03 -8.280159e+03 -4.001205e+04 3.259361e+03 8.513787e+02 -6.236207e+03 3.670255e+03 -8.286702e+03 1.250716e+04 -1.240098e+03
4.949495e-03 4.563418e+04 -3.588284e+03 -1.109503e+03 6.351901e+03 4.684303e+03 -9.430755e+03 1.316636e+04 -1.550623e+03 -1.086341e+03 -6.314350e+03 -3.512461e+04 -2.447513e+03 -1.320570e+04 -1.530768e+03 3.192682e+03 7.251064e+03 -1.368028e+03 -7.188454e+03 -4.003842e+04 -2.732531e+03 1.499727e+04 1.866413e+03 -4.155855e+03 -8.265479e+03 -4.003336e+04 3.205545e+03 8.733607e+02 -5.579838e+03 3.593121e+03 -8.272010e+03 1.159366e+04 -1.267183e+03
5.151515e-03 4.554549e+04 -3.524739e+03 -1.135150e+03 5.629711e+03 4.586406e+03 -9.389412e+03 1.215700e+04 -1.580950e+03 -1.111986e+03 -5.591218e+03 -3.505720e+04 -2.404794e+03 -1.219716e+04 -1.561139e+03 3.126568e+03 7.220108e+03 -1.399617e+03 -6.364068e+03 -3.996108e+04 -2.682144e+03 1.384666e+04 1.903105e+03 -4.071531e+03 -8.229689e+03 -3.995604e+04 3.151492e+03 8.940391e+02 -4.946334e+03 3.516200e+03 -8.236190e+03 1.070891e+04 -1.292198e+03
5.353535e-03 4.535398e+04 -3.461085e+03 -1.159155e+03 4.935119e+03 4.489042e+03 -9.326126e+03 1.118263e+04 -1.608818e+03 -1.136039e+03 -4.895759e+03 -3.491068e+04 -2.361984e+03 -1.122355e+04 -1.589094e+03 3.060801e+03 7.172303e+03 -1.429188e+03 -5.571243e+03 -3.979356e+04 -2.631665e+03 1.273596e+04 1.936842e+03 -3.987678e+03 -8.174678e+03 -3.978854e+04 3.097331e+03 9.134352e+02 -4.337029e+03 3.439672e+03 -8.181135e+03 9.854784e+03 -1.315211e+03
5.555556e-03 4.506913e+04 -3.397465e+03 -1.181556e+03 4.269271e+03 4.392419e+03 -9.243011e+03 1.024490e+04 -1.634318e+03 -1.158533e+03 -4.229117e+03 -3.469233e+04 -2.319178e+03 -1.028649e+04 -1.614722e+03 2.995519e+03 7.109270e+03 -1.456787e+03 -4.811284e+03 -3.954413e+04 -2.581208e+03 1.166703e+04 1.967734e+03 -3.904471e+03 -8.102297e+03 -3.953915e+04 3.043182e+03 9.315738e+02 -3.752926e+03 3.363699e+03 -8.108696e+03 9.032721e+03 -1.336293e+03
5.757576e-03 4.470013e+04 -3.334010e+03 -1.202393e+03 3.632963e+03 4.296719e+03 -9.142121e+03 9.344985e+03 -1.657543e+03 -1.179505e+03 -3.592092e+03 -3.440921e+04 -2.276465e+03 -9.387191e+03 -1.638111e+03 2.930847e+03 7.032582e+03 -1.482464e+03 -4.085100e+03 -3.922089e+04 -2.530875e+03 1.064124e+04 1.995890e+03 -3.822070e+03 -8.014343e+03 -3.921595e+04 2.989159e+03 9.484834e+02 -3.194726e+03 3.288426e+03 -8.020672e+03 8.243766e+03 -1.355519e+03
5.959596e-03 4.425584e+04 -3.270841e+03 -1.221710e+03 3.026685e+03 4.202107e+03 -9.025431e+03 8.483679e+03 -1.678589e+03 -1.198994e+03 -2.985170e+03 -3.406816e+04 -2.233927e+03 -8.526427e+03 -1.659354e+03 2.866895e+03 6.943754e+03 -1.506275e+03 -3.393246e+03 -3.883159e+04 -2.480765e+03 9.659461e+03 2.021426e+03 -3.740615e+03 -7.912544e+03 -3.882671e+04 2.935364e+03 9.641950e+02 -2.662857e+03 3.213982e+03 -7.918792e+03 7.488606e+03 -1.372968e+03
6.161616e-03 4.374473e+04 -3.208068e+03 -1.239553e+03 2.450646e+03 4.108726e+03 -8.894826e+03 7.661392e+03 -1.697553e+03 -1.217043e+03 -2.408561e+03 -3.367568e+04 -2.191638e+03 -7.704613e+03 -1.678544e+03 2.803763e+03 6.844228e+03 -1.528277e+03 -2.735961e+03 -3.838368e+04 -2.430963e+03 8.722177e+03 2.044457e+03 -3.660229e+03 -7.798548e+03 -3.837885e+04 2.881892e+03 9.787423e+02 -2.157504e+03 3.140482e+03 -7.804707e+03 6.767605e+03 -1.388716e+03
6.363636e-03 4.317486e+04 -3.145791e+03 -1.255972e+03 1.904811e+03 4.016701e+03 -8.752089e+03 6.878215e+03 -1.714533e+03 -1.233697e+03 -1.862228e+03 -3.323797e+04 -2.149669e+03 -6.921842e+03 -1.695775e+03 2.741534e+03 6.735372e+03 -1.548533e+03 -2.113202e+03 -3.788420e+04 -2.381550e+03 7.829486e+03 2.065100e+03 -3.581020e+03 -7.673918e+03 -3.787944e+04 2.828830e+03 9.921610e+02 -1.678638e+03 3.068025e+03 -7.679979e+03 6.080845e+03 -1.402843e+03
6.565657e-03 4.255381e+04 -3.084103e+03 -1.271018e+03 1.388934e+03 3.926142e+03 -8.598899e+03 6.133953e+03 -1.729628e+03 -1.249002e+03 -1.345922e+03 -3.276085e+04 -2.108079e+03 -6.177921e+03 -1.711142e+03 2.680283e+03 6.618473e+03 -1.567104e+03 -1.524684e+03 -3.733981e+04 -2.332599e+03 6.981167e+03 2.083472e+03 -3.503081e+03 -7.540122e+03 -3.733512e+04 2.776254e+03 1.004488e+03 -1.226041e+03 2.996698e+03 -7.546078e+03 5.428156e+03 -1.415427e+03
6.767677e-03 4.188866e+04 -3.023083e+03 -1.284741e+03 9.025844e+02 3.837138e+03 -8.436824e+03 5.428167e+03 -1.742932e+03 -1.263009e+03 -8.592116e+02 -3.224979e+04 -2.066925e+03 -5.472412e+03 -1.724738e+03 2.620072e+03 6.494731e+03 -1.584055e+03 -9.699148e+02 -3.675673e+04 -2.284174e+03 6.176719e+03 2.099689e+03 -3.426490e+03 -7.398531e+03 -3.675212e+04 2.724236e+03 1.015763e+03 -7.993365e+02 2.926572e+03 -7.404376e+03 4.809156e+03 -1.426546e+03
6.969697e-03 4.118605e+04 -2.962805e+03 -1.297196e+03 4.451770e+02 3.749768e+03 -8.267320e+03 4.760210e+03 -1.754543e+03 -1.275765e+03 -4.015081e+02 -3.170987e+04 -2.026256e+03 -4.804672e+03 -1.736656e+03 2.560953e+03 6.365264e+03 -1.599451e+03 -4.482225e+02 -3.614077e+04 -2.236332e+03 5.415402e+03 2.113864e+03 -3.351312e+03 -7.250421e+03 -3.613624e+04 2.672837e+03 1.026024e+03 -3.980129e+02 2.857711e+03 -7.256150e+03 4.223280e+03 -1.436277e+03
7.171717e-03 4.045209e+04 -2.903332e+03 -1.308435e+03 1.599850e+01 3.664094e+03 -8.091732e+03 4.129259e+03 -1.764552e+03 -1.287322e+03 2.790441e+01 -3.114581e+04 -1.986117e+03 -4.173881e+03 -1.746987e+03 2.502971e+03 6.231103e+03 -1.613359e+03 4.120981e+01 -3.549729e+04 -2.189125e+03 4.696278e+03 2.126109e+03 -3.277602e+03 -7.096968e+03 -3.549285e+04 2.622113e+03 1.035313e+03 -2.144445e+01 2.790165e+03 -7.102578e+03 3.669811e+03 -1.444697e+03
7.373737e-03 3.969241e+04 -2.844719e+03 -1.318511e+03 -3.857691e+02 3.580167e+03 -7.911294e+03 3.534350e+03 -1.773052e+03 -1.297730e+03 4.298470e+02 -3.056194e+04 -1.946546e+03 -3.579077e+03 -1.755818e+03 2.446159e+03 6.093194e+03 -1.625844e+03 4.993188e+02 -3.483125e+04 -2.142597e+03 4.018247e+03 2.136534e+03 -3.205403e+03 -6.939255e+03 -3.482689e+04 2.572111e+03 1.043668e+03 3.310858e+02 2.723974e+03 -6.944742e+03 3.147903e+03 -1.451877e+03
7.575758e-03 3.891221e+04 -2.787017e+03 -1.327477e+03 -7.610272e+02 3.498025e+03 -7.727137e+03 2.974400e+03 -1.780131e+03 -1.307040e+03 8.052239e+02 -2.996224e+04 -1.907575e+03 -3.019180e+03 -1.763238e+03 2.390546e+03 5.952404e+03 -1.636972e+03 9.271363e+02 -3.414717e+04 -2.096786e+03 3.380076e+03 2.145244e+03 -3.134748e+03 -6.778268e+03 -3.414291e+04 2.522875e+03 1.051132e+03 6.603679e+02 2.659172e+03 -6.783630e+03 2.656613e+03 -1.457892e+03
7.777778e-03 3.811617e+04 -2.730265e+03 -1.335387e+03 -1.110741e+03 3.417697e+03 -7.540283e+03 2.448240e+03 -1.785874e+03 -1.315302e+03 1.155003e+03 -2.935034e+04 -1.869235e+03 -2.493024e+03 -1.769328e+03 2.336150e+03 5.809519e+03 -1.646807e+03 1.325767e+03 -3.344920e+04 -2.051727e+03 2.780427e+03 2.152342e+03 -3.065660e+03 -6.614905e+03 -3.344502e+04 2.474440e+03 1.057743e+03 9.672477e+02 2.595781e+03 -6.620140e+03 2.194916e+03 -1.462809e+03
7.979798e-03 3.730858e+04 -2.674498e+03 -1.342291e+03 -1.435921e+03 3.339203e+03 -7.351661e+03 1.954629e+03 -1.790365e+03 -1.322565e+03 1.480200e+03 -2.872951e+04 -1.831549e+03 -1.999372e+03 -1.774171e+03 2.282987e+03 5.665249e+03 -1.655414e+03 1.696367e+03 -3.274108e+04 -2.007446e+03 2.217889e+03 2.157929e+03 -2.998156e+03 -6.449977e+03 -3.273699e+04 2.426836e+03 1.063543e+03 1.252612e+03 2.533819e+03 -6.455084e+03 1.761728e+03 -1.466697e+03
8.181818e-03 3.649330e+04 -2.619746e+03 -1.348241e+03 -1.737611e+03 3.262553e+03 -7.162102e+03 1.492282e+03 -1.793683e+03 -1.328880e+03 1.781860e+03 -2.810274e+04 -1.794537e+03 -1.536941e+03 -1.777844e+03 2.231063e+03 5.520232e+03 -1.662855e+03 2.040131e+03 -3.202619e+04 -1.963966e+03 1.690993e+03 2.162098e+03 -2.932245e+03 -6.284214e+03 -3.202219e+04 2.380088e+03 1.068570e+03 1.517375e+03 2.473295e+03 -6.289193e+03 1.355923e+03 -1.469619e+03
8.383838e-03 3.567379e+04 -2.566030e+03 -1.353287e+03 -2.016873e+03 3.187752e+03 -6.972350e+03 1.059881e+03 -1.795905e+03 -1.334293e+03 2.061047e+03 -2.747269e+04 -1.758216e+03 -1.104416e+03 -1.780422e+03 2.180382e+03 5.375042e+03 -1.669192e+03 2.358273e+03 -3.130757e+04 -1.921307e+03 1.198239e+03 2.164942e+03 -2.867930e+03 -6.118266e+03 -3.130367e+04 2.334216e+03 1.072864e+03 1.762467e+03 2.414213e+03 -6.123117e+03 9.763504e+02 -1.471639e+03
8.585859e-03 3.485315e+04 -2.513370e+03 -1.357477e+03 -2.274773e+03 3.114795e+03 -6.783069e+03 6.560935e+02 -1.797103e+03 -1.338853e+03 2.318834e+03 -2.684174e+04 -1.722599e+03 -7.004665e+02 -1.781977e+03 2.130943e+03 5.230185e+03 -1.674484e+03 2.652014e+03 -3.058795e+04 -1.879482e+03 7.381041e+02 2.166549e+03 -2.805206e+03 -5.952715e+03 -3.058414e+04 2.289237e+03 1.076462e+03 1.988825e+03 2.356571e+03 -5.957438e+03 6.218427e+02 -1.472815e+03
8.787879e-03 3.403413e+04 -2.461778e+03 -1.360859e+03 -2.512378e+03 3.043673e+03 -6.594841e+03 2.795836e+02 -1.797347e+03 -1.342604e+03 2.556287e+03 -2.621201e+04 -1.687694e+03 -3.237613e+02 -1.782577e+03 2.082739e+03 5.086111e+03 -1.678789e+03 2.922573e+03 -2.986974e+04 -1.838503e+03 3.090672e+02 2.167002e+03 -2.744067e+03 -5.788071e+03 -2.986602e+04 2.245163e+03 1.079401e+03 2.197383e+03 2.300364e+03 -5.792667e+03 2.912317e+02 -1.473204e+03
8.989899e-03 3.321916e+04 -2.411262e+03 -1.363477e+03 -2.730742e+03 2.974373e+03 -6.408182e+03 -7.097543e+01 -1.796703e+03 -1.345592e+03 2.774464e+03 -2.558537e+04 -1.653510e+03 2.702476e+01 -1.782288e+03 2.035763e+03 4.943214e+03 -1.682164e+03 3.171155e+03 -2.915506e+04 -1.798375e+03 -9.038566e+01 2.166381e+03 -2.684500e+03 -5.624785e+03 -2.915143e+04 2.202001e+03 1.081717e+03 2.389064e+03 2.245582e+03 -5.629256e+03 -1.664384e+01 -1.472862e+03
9.191919e-03 3.241039e+04 -2.361829e+03 -1.365377e+03 -2.930901e+03 2.906876e+03 -6.223538e+03 -3.968936e+02 -1.795235e+03 -1.347859e+03 2.974406e+03 -2.496347e+04 -1.620050e+03 3.531987e+02 -1.781171e+03 1.990002e+03 4.801838e+03 -1.684663e+03 3.398947e+03 -2.844580e+04 -1.759105e+03 -4.617481e+02 2.164762e+03 -2.626488e+03 -5.463250e+03 -2.844226e+04 2.159757e+03 1.083446e+03 2.564779e+03 2.192211e+03 -5.467596e+03 -3.029303e+02 -1.471838e+03
9.393939e-03 3.160967e+04 -2.313479e+03 -1.366601e+03 -3.113870e+03 2.841160e+03 -6.041296e+03 -6.994557e+02 -1.793003e+03 -1.349447e+03 3.157128e+03 -2.434773e+04 -1.587315e+03 6.560429e+02 -1.779287e+03 1.945441e+03 4.662281e+03 -1.686338e+03 3.607108e+03 -2.774359e+04 -1.720692e+03 -8.064856e+02 2.162218e+03 -2.570011e+03 -5.303803e+03 -2.774014e+04 2.118432e+03 1.084619e+03 2.725415e+03 2.140235e+03 -5.308028e+03 -5.687522e+02 -1.470182e+03
9.595960e-03 3.081861e+04 -2.266211e+03 -1.367189e+03 -3.280634e+03 2.777199e+03 -5.861788e+03 -9.799158e+02 -1.790062e+03 -1.350397e+03 3.323618e+03 -2.373941e+04 -1.555306e+03 9.368090e+02 -1.776690e+03 1.902064e+03 4.524797e+03 -1.687239e+03 3.796764e+03 -2.704985e+04 -1.683136e+03 -1.126028e+03 2.158815e+03 -2.515047e+03 -5.146736e+03 -2.704649e+04 2.078025e+03 1.085271e+03 2.871837e+03 2.089634e+03 -5.150841e+03 -8.152071e+02 -1.467940e+03
9.797980e-03 3.003862e+04 -2.220021e+03 -1.367182e+03 -3.432148e+03 2.714964e+03 -5.685295e+03 -1.239492e+03 -1.786468e+03 -1.350747e+03 3.474833e+03 -2.313957e+04 -1.524020e+03 1.196713e+03 -1.773434e+03 1.859852e+03 4.389604e+03 -1.687415e+03 3.969007e+03 -2.636579e+04 -1.646434e+03 -1.421764e+03 2.154620e+03 -2.461572e+03 -4.992296e+03 -2.636251e+04 2.038534e+03 1.085433e+03 3.004883e+03 2.040387e+03 -4.996283e+03 -1.043361e+03 -1.465157e+03
1.000000e-02 2.927086e+04 -2.174901e+03 -1.366616e+03 -3.569332e+03 2.654425e+03 -5.512054e+03 -1.479363e+03 -1.782270e+03 -1.350534e+03 3.611698e+03 -2.254912e+04 -1.493452e+03 1.436931e+03 -1.769569e+03 1.818785e+03 4.256883e+03 -1.686912e+03 4.124891e+03 -2.569245e+04 -1.610580e+03 -1.695038e+03 2.149693e+03 -2.409558e+03 -4.840690e+03 -2.568926e+04 1.999952e+03 1.085134e+03 3.125359e+03 1.992470e+03 -4.844562e+03 -1.254246e+03 -1.461874e+03
