-1.000000e-02 -8.332577e+04 -2.238945e+03 2.852704e+03 -3.183036e+04 3.535108e+03 -5.992748e+03 -2.714017e+04 3.461556e+03 2.798278e+03 3.191978e+04 6.421496e+04 -1.550709e+03 2.705096e+04 3.411610e+03 2.429638e+03 4.552590e+03 3.467657e+03 3.636892e+04 7.315087e+04 -1.604989e+03 -3.092247e+04 -4.156692e+03 -3.229094e+03 -5.226965e+03 7.314710e+04 2.127098e+03 -2.288480e+03 2.793712e+04 2.641998e+03 -5.221797e+03 -2.374300e+04 2.831061e+03
-9.797980e-03 -8.946520e+04 -2.327197e+03 2.917840e+03 -3.371693e+04 3.719908e+03 -6.346840e+03 -2.856335e+04 3.555390e+03 2.859558e+03 3.381095e+04 6.894398e+04 -1.611801e+03 2.846951e+04 3.501767e+03 2.556321e+03 4.823027e+03 3.545777e+03 3.852389e+04 7.853928e+04 -1.672811e+03 -3.254414e+04 -4.267775e+03 -3.391243e+03 -5.536609e+03 7.853523e+04 2.206347e+03 -2.339257e+03 2.959272e+04 2.786389e+03 -5.531011e+03 -2.498789e+04 2.906990e+03
-9.595960e-03 -9.626604e+04 -2.420918e+03 2.986544e+03 -3.578978e+04 3.921395e+03 -6.736894e+03 -3.011190e+04 3.655529e+03 2.923988e+03 3.588881e+04 7.418240e+04 -1.676710e+03 3.001299e+04 3.597826e+03 2.694444e+03 5.120983e+03 3.628142e+03 4.089159e+04 8.450817e+04 -1.744815e+03 -3.430865e+04 -4.386231e+03 -3.568037e+03 -5.877737e+03 8.450379e+04 2.290566e+03 -2.392658e+03 3.141179e+04 2.943813e+03 -5.871659e+03 -2.634244e+04 2.987956e+03
-9.393939e-03 -1.038254e+05 -2.520558e+03 3.059166e+03 -3.807556e+04 4.141808e+03 -7.168086e+03 -3.180212e+04 3.762708e+03 2.991853e+03 3.818006e+04 8.000503e+04 -1.745755e+03 3.169769e+04 3.700460e+03 2.845541e+03 5.450421e+03 3.715161e+03 4.350246e+04 9.114277e+04 -1.821339e+03 -3.623460e+04 -4.512908e+03 -3.761442e+03 -6.254880e+03 9.113802e+04 2.380171e+03 -2.448929e+03 3.341772e+04 3.116021e+03 -6.248266e+03 -2.782091e+04 3.074540e+03
-9.191919e-03 -1.122592e+05 -2.626608e+03 3.136113e+03 -4.060609e+04 4.383806e+03 -7.646578e+03 -3.365329e+04 3.877788e+03 3.063484e+03 4.071658e+04 8.650110e+04 -1.819285e+03 3.354279e+04 3.810458e+03 3.011435e+03 5.816060e+03 3.807312e+03 4.639282e+04 9.854476e+04 -1.902754e+03 -3.834395e+04 -4.648803e+03 -3.973792e+03 -6.673437e+03 9.853961e+04 2.475621e+03 -2.508348e+03 3.563843e+04 3.305087e+03 -6.666220e+03 -2.944014e+04 3.167422e+03
-8.989899e-03 -1.217066e+05 -2.739608e+03 3.217859e+03 -4.341960e+04 4.650566e+03 -8.179770e+03 -3.568826e+04 4.001789e+03 3.139264e+03 4.353667e+04 9.377780e+04 -1.897686e+03 3.557109e+04 3.928753e+03 3.194303e+03 6.223566e+03 3.905149e+03 4.960633e+04 1.068363e+05 -1.989466e+03 -4.066275e+04 -4.795095e+03 -4.207873e+03 -7.139887e+03 1.068307e+05 2.577423e+03 -2.571240e+03 3.810747e+04 3.513493e+03 -7.131991e+03 -3.122015e+04 3.267409e+03
-8.787879e-03 -1.323362e+05 -2.860150e+03 3.304964e+03 -4.656245e+04 4.945918e+03 -8.776610e+03 -3.793444e+04 4.135934e+03 3.219642e+03 4.668678e+04 1.019649e+05 -1.981381e+03 3.780989e+04 4.056458e+03 3.396770e+03 6.679792e+03 4.009326e+03 5.319590e+04 1.161653e+05 -2.081918e+03 -4.322221e+04 -4.953194e+03 -4.467049e+03 -7.662069e+03 1.161592e+05 2.686137e+03 -2.637988e+03 4.086552e+04 3.744230e+03 -7.653403e+03 -3.318489e+04 3.375465e+03
-8.585859e-03 -1.443539e+05 -2.988880e+03 3.398098e+03 -5.009135e+04 5.274527e+03 -9.448024e+03 -4.042493e+04 4.281695e+03 3.305149e+03 5.022374e+04 1.112211e+05 -2.070838e+03 4.029218e+04 4.194913e+03 3.622035e+03 7.193105e+03 4.120625e+03 5.722631e+04 1.267126e+05 -2.180593e+03 -4.606007e+04 -5.124798e+03 -4.755415e+03 -8.249552e+03 1.267058e+05 2.802380e+03 -2.709045e+03 4.396235e+04 4.000941e+03 -8.240009e+03 -3.536331e+04 3.492750e+03
-8.383838e-03 -1.580138e+05 -3.126505e+03 3.498069e+03 -5.407645e+04 5.642136e+03 -1.020748e+04 -4.320012e+04 4.440871e+03 3.396424e+03 5.421782e+04 1.217421e+05 -2.166569e+03 4.305823e+04 4.345753e+03 3.874033e+03 7.773822e+03 4.239985e+03 6.177762e+04 1.387011e+05 -2.286014e+03 -4.922235e+04 -5.311980e+03 -5.078009e+03 -8.914135e+03 1.386936e+05 2.926833e+03 -2.784955e+03 4.745951e+04 4.288110e+03 -8.903588e+03 -3.779075e+04 3.620682e+03
-8.181818e-03 -1.736331e+05 -3.273790e+03 3.605870e+03 -5.860546e+04 6.055900e+03 -1.107178e+04 -4.630988e+04 4.615691e+03 3.494242e+03 5.875690e+04 1.337721e+05 -2.269135e+03 4.615771e+04 4.510997e+03 4.157667e+03 8.434808e+03 4.368558e+03 6.694999e+04 1.524091e+05 -2.398743e+03 -5.276586e+04 -5.517304e+03 -5.441113e+03 -9.670531e+03 1.524009e+05 3.060242e+03 -2.866382e+03 5.143399e+04 4.611324e+03 -9.658827e+03 -4.051080e+04 3.761014e+03
-7.979798e-03 -1.916124e+05 -3.431556e+03 3.722736e+03 -6.378957e+04 6.524858e+03 -1.206214e+04 -4.981650e+04 4.808946e+03 3.599563e+03 6.395238e+04 1.476196e+05 -2.379146e+03 4.965271e+04 4.693171e+03 4.479132e+03 9.192311e+03 4.507777e+03 7.287034e+04 1.681883e+05 -2.519380e+03 -5.676160e+04 -5.743981e+03 -5.852661e+03 -1.053732e+04 1.681792e+05 3.203428e+03 -2.954151e+03 5.598335e+04 4.977641e+03 -1.052428e+04 -4.357796e+04 3.915941e+03
-7.777778e-03 -2.124655e+05 -3.600674e+03 3.850236e+03 -6.977184e+04 7.060615e+03 -1.320575e+04 -5.379899e+04 5.024201e+03 3.713600e+03 6.994756e+04 1.636803e+05 -2.497259e+03 5.362195e+04 4.895496e+03 4.846380e+03 1.006715e+04 4.659457e+03 7.970200e+04 1.864895e+05 -2.648547e+03 -6.129958e+04 -5.996106e+03 -6.322836e+03 -1.153833e+04 1.864793e+05 3.357278e+03 -3.049305e+03 6.123312e+04 5.396121e+03 -1.152371e+04 -4.706130e+04 4.088263e+03
-7.575758e-03 -2.368618e+05 -3.782038e+03 3.990407e+03 -7.673953e+04 7.678339e+03 -1.453803e+04 -5.835918e+04 5.266093e+03 3.837914e+03 7.693007e+04 1.824699e+05 -2.624168e+03 5.816693e+04 5.122150e+03 5.269807e+03 1.108647e+04 4.825947e+03 8.765876e+04 2.079003e+05 -2.786869e+03 -6.649586e+04 -6.279001e+03 -6.864952e+03 -1.270458e+04 2.078889e+05 3.522744e+03 -3.153191e+03 6.734764e+04 5.878606e+03 -1.268810e+04 -5.104990e+04 4.281619e+03
-7.373737e-03 -2.656917e+05 -3.976528e+03 4.145958e+03 -8.494285e+04 8.398292e+03 -1.610611e+04 -6.363099e+04 5.540784e+03 3.974574e+03 8.515055e+04 2.046738e+05 -2.760584e+03 6.342106e+04 5.378681e+03 5.763294e+03 1.228635e+04 5.010369e+03 9.702624e+04 2.332020e+05 -2.934935e+03 -7.250301e+04 -6.599735e+03 -7.496793e+03 -1.407735e+04 2.331891e+05 3.700820e+03 -3.267600e+03 7.454649e+04 6.440916e+03 -1.405865e+04 -5.566085e+04 4.500843e+03
-7.171717e-03 -3.001666e+05 -4.184922e+03 4.320599e+03 -9.472425e+04 9.248238e+03 -1.797411e+04 -6.979460e+04 5.856691e+03 4.126408e+03 9.495208e+04 2.312251e+05 -2.907189e+03 6.956392e+04 5.672648e+03 6.345867e+03 1.371591e+04 5.216991e+03 1.081954e+05 2.634577e+05 -3.093215e+03 -7.952636e+04 -6.967953e+03 -8.242728e+03 -1.571281e+04 2.634430e+05 3.892496e+03 -3.394980e+03 8.313017e+04 7.104724e+03 -1.569142e+04 -6.105172e+04 4.752528e+03
-6.969697e-03 -3.419826e+05 -4.407735e+03 4.519603e+03 -1.065664e+05 1.026741e+04 -2.023185e+04 -7.709949e+04 6.225678e+03 4.297419e+03 1.068182e+05 2.634301e+05 -3.064549e+03 7.684404e+04 6.014694e+03 7.044406e+03 1.544395e+04 5.451865e+03 1.217172e+05 3.001560e+05 -3.261915e+03 -8.785019e+04 -7.397241e+03 -9.137191e+03 -1.768966e+04 3.001391e+05 4.098665e+03 -3.538813e+03 9.352223e+04 7.900660e+03 -1.766496e+04 -6.744065e+04 5.045964e+03
-6.767677e-03 -3.936001e+05 -4.644905e+03 4.750784e+03 -1.211746e+05 1.151342e+04 -2.300977e+04 -8.590336e+04 6.665136e+03 4.493541e+03 1.214554e+05 3.031836e+05 -3.232936e+03 8.561783e+04 6.420398e+03 7.898374e+03 1.757034e+04 5.723946e+03 1.383969e+05 3.454562e+05 -3.440696e+03 -9.788207e+04 -7.907503e+03 -1.023074e+04 -2.012214e+04 3.454364e+05 4.319921e+03 -3.704264e+03 1.063417e+05 8.873684e+03 -2.009328e+04 -7.514041e+04 5.394759e+03
-6.565657e-03 -4.587527e+05 -4.895139e+03 5.026363e+03 -1.396286e+05 1.307501e+04 -2.650597e+04 -9.674266e+04 7.201856e+03 4.724064e+03 1.399453e+05 3.533609e+05 -3.411950e+03 9.641973e+04 6.913721e+03 8.968567e+03 2.024682e+04 6.047220e+03 1.594668e+05 4.026347e+05 -3.628088e+03 -1.102333e+05 -8.529379e+03 -1.160127e+04 -2.318381e+04 4.026113e+05 4.556144e+03 -3.899443e+03 1.225359e+05 1.009307e+04 -2.314959e+04 -8.462003e+04 5.819860e+03
-6.363636e-03 -5.434559e+05 -5.154500e+03 5.366818e+03 -1.636845e+05 1.509787e+04 -3.104018e+04 -1.104713e+05 7.879866e+03 5.004600e+03 1.640471e+05 4.185946e+05 -3.599691e+03 1.101004e+05 7.533999e+03 1.035477e+04 2.371824e+04 6.445092e+03 1.869318e+05 4.769709e+05 -3.820244e+03 -1.258768e+05 -9.313195e+03 -1.337663e+04 -2.715474e+04 4.769427e+05 4.805566e+03 -4.137994e+03 1.436460e+05 1.167251e+04 -2.711339e+04 -9.662604e+04 6.355673e+03
-6.161616e-03 -6.582421e+05 -5.413003e+03 5.809787e+03 -1.964510e+05 1.784286e+04 -3.717330e+04 -1.285658e+05 8.778208e+03 5.363971e+03 1.968749e+05 5.069964e+05 -3.790746e+03 1.281307e+05 8.351771e+03 1.223565e+04 2.841411e+04 6.960533e+03 2.243405e+05 5.777081e+05 -4.007944e+03 -1.464952e+05 -1.034926e+04 -1.578578e+04 -3.252631e+04 5.776732e+05 5.062483e+03 -4.445148e+03 1.724001e+05 1.381558e+04 -3.247498e+04 -1.124492e+05 7.063931e+03
-5.959596e-03 -8.239835e+05 -5.645111e+03 6.434288e+03 -2.441632e+05 2.184077e+04 -4.601964e+04 -1.539148e+05 1.005839e+04 5.863047e+03 2.446745e+05 6.346406e+05 -3.970517e+03 1.533877e+05 9.511047e+03 1.497469e+04 3.518770e+04 7.683678e+03 2.788103e+05 7.231639e+05 -4.168242e+03 -1.753798e+05 -1.182203e+04 -1.929454e+04 -4.027468e+04 7.231189e+05 5.310804e+03 -4.874249e+03 2.142696e+05 1.693645e+04 -4.020837e+04 -1.346147e+05 8.070715e+03
-5.757576e-03 -1.091454e+06 -5.775801e+03 7.445759e+03 -3.221912e+05 2.842247e+04 -6.029828e+04 -1.934540e+05 1.212780e+04 6.661228e+03 3.228426e+05 8.406308e+05 -4.094834e+03 1.927789e+05 1.137485e+04 1.948319e+04 4.612089e+04 8.848739e+03 3.678864e+05 9.578987e+05 -4.234718e+03 -2.204335e+05 -1.419668e+04 -2.507093e+04 -5.278185e+04 9.578364e+05 5.500807e+03 -5.565093e+03 2.827425e+05 2.207347e+04 -5.269005e+04 -1.691844e+05 9.693953e+03
-5.555556e-03 -1.649106e+06 -5.482777e+03 9.666534e+03 -4.884135e+05 4.270007e+04 -9.013902e+04 -2.725882e+05 1.656431e+04 8.401790e+03 4.893577e+05 1.270103e+06 -3.970477e+03 2.716025e+05 1.534850e+04 2.926112e+04 6.896890e+04 1.139287e+04 5.576379e+05 1.447301e+06 -3.924173e+03 -3.106039e+05 -1.927450e+04 -3.760146e+04 -7.892185e+04 1.447200e+06 5.412790e+03 -7.082117e+03 4.286098e+05 3.321466e+04 -7.877270e+04 -2.383606e+05 1.316464e+04
-5.353535e-03 8.585481e+05 -1.176807e+04 -3.950375e+03 3.167228e+05 -3.273388e+04 4.636121e+04 5.145447e+04 -7.365892e+03 -2.460654e+03 -3.171749e+05 -6.612061e+05 -7.875264e+03 -5.094890e+04 -5.930685e+03 -2.236685e+04 -3.549962e+04 -4.107677e+03 -3.614372e+05 -7.534999e+05 -9.369484e+03 5.861854e+04 8.027600e+03 2.860139e+04 4.065681e+04 -7.533873e+05 9.931046e+03 2.462635e+03 -2.779361e+05 -2.561217e+04 4.047918e+04 4.472194e+04 -5.487754e+03
-5.151515e-03 1.823532e+06 -1.369922e+04 -7.174151e+03 6.071250e+05 -5.708411e+04 9.757777e+04 1.791876e+05 -1.435942e+04 -4.866125e+03 -6.080612e+05 -1.404373e+06 -9.064982e+03 -1.781617e+05 -1.213338e+04 -3.904043e+04 -7.472285e+04 -7.764551e+03 -6.929177e+05 -1.600378e+06 -1.099224e+04 2.041646e+05 1.599422e+04 4.997070e+04 8.552688e+04 -1.600197e+06 1.135824e+04 4.586401e+03 -5.327747e+05 -4.461170e+04 8.525024e+04 1.563656e+05 -1.093421e+04
-4.949495e-03 5.544293e+06 -1.849386e+04 -1.782208e+04 1.691251e+06 -1.442074e+05 2.939680e+05 6.938595e+05 -3.935522e+04 -1.266313e+04 -1.694005e+06 -4.269807e+06 -1.186486e+04 -6.908868e+05 -3.437385e+04 -9.871629e+04 -2.251488e+05 -1.987928e+04 -1.930410e+06 -4.865696e+06 -1.511355e+04 7.906211e+05 4.450804e+04 1.264287e+05 2.575783e+05 -4.865298e+06 1.463344e+04 1.144315e+04 -1.484134e+06 -1.126119e+05 2.569559e+05 6.063310e+05 -3.043220e+04
-4.747475e-03 -3.988605e+06 -8.905764e+03 9.967001e+03 -1.070440e+06 7.735628e+04 -2.096260e+05 -6.465990e+05 2.527029e+04 7.865031e+03 1.072372e+06 3.071708e+06 -6.531551e+03 6.445716e+05 2.323904e+04 5.305770e+04 1.605733e+05 1.180640e+04 1.222023e+06 3.500351e+06 -6.622352e+03 -7.367981e+05 -2.928135e+04 -6.801610e+04 -1.835952e+05 3.500171e+06 8.637226e+03 -6.556344e+03 9.393519e+05 6.032962e+04 -1.833410e+05 -5.656632e+05 2.002405e+04
-4.545455e-03 -7.125727e+03 -1.364207e+04 1.182385e+02 7.121128e+04 -1.160713e+04 -4.274570e+02 -8.992932e+04 2.068366e+02 8.778833e+02 -7.118659e+04 5.494391e+03 -9.272705e+03 8.994204e+04 9.424877e+02 -7.889721e+03 3.168768e+02 6.076378e+02 -8.112644e+04 6.226894e+03 -1.066445e+04 -1.024862e+05 -6.955045e+02 1.005632e+04 -3.221180e+02 6.287395e+03 1.187354e+04 -4.062138e+02 -6.248614e+04 -9.120009e+03 -4.150044e+02 -7.892241e+04 4.729449e+02
-4.343434e-03 -1.378761e+07 -1.035350e+04 1.343295e+04 -3.565270e+06 2.290113e+05 -7.117061e+05 -2.166537e+06 6.416494e+04 7.115904e+03 3.571331e+06 1.061781e+07 -8.513993e+03 2.160140e+06 5.804527e+04 1.571517e+05 5.454696e+05 1.580736e+04 4.069759e+06 1.209965e+07 -7.655895e+03 -2.468787e+06 -7.372779e+04 -2.011065e+05 -6.234545e+05 1.209905e+07 1.113524e+04 -5.859311e+03 3.128628e+06 1.789433e+05 -6.226831e+05 -1.895677e+06 5.047852e+04
-4.141414e-03 1.578451e+06 -1.667408e+04 -3.944243e+02 4.952846e+05 -3.857738e+04 8.072999e+04 1.340645e+05 -6.017649e+03 1.153626e+03 -4.959120e+05 -1.215527e+06 -1.117478e+04 -1.333471e+05 -4.515616e+03 -2.638483e+04 -6.190073e+04 8.388576e+01 -5.651324e+05 -1.385216e+06 -1.303841e+04 1.527573e+05 6.349610e+03 3.372006e+04 7.078639e+04 -1.385091e+06 1.432746e+04 -6.016495e+02 -4.346194e+05 -3.019984e+04 7.059517e+04 1.170293e+05 -4.354682e+03
-3.939394e-03 -5.812552e+04 -1.851959e+04 -5.630995e+01 9.430713e+04 -1.578805e+04 -3.002068e+03 -1.342125e+05 2.081174e+02 8.715511e+02 -9.425165e+04 4.476736e+04 -1.259438e+04 1.342152e+05 1.109531e+03 -1.072863e+04 2.292303e+03 5.097284e+02 -1.074140e+05 5.097362e+04 -1.446182e+04 -1.529530e+05 -7.966420e+02 1.371751e+04 -2.566047e+03 5.104850e+04 1.614157e+04 -3.228825e+02 -8.275080e+04 -1.236277e+04 -2.681362e+03 -1.177708e+05 5.427989e+02
-3.737374e-03 -4.852553e+05 -2.124450e+04 -6.213175e+02 1.429751e+04 -1.410291e+04 -2.449060e+04 -2.246287e+05 1.119775e+03 2.967080e+02 -1.407784e+04 3.736815e+05 -1.448495e+04 2.244714e+05 2.012547e+03 -9.545882e+03 1.877526e+04 -8.143785e+01 -1.605135e+04 4.257928e+05 -1.659691e+04 -2.559889e+05 -1.889054e+03 1.223331e+04 -2.138639e+04 4.258667e+05 1.855213e+04 2.221385e+02 -1.253966e+04 -1.102036e+04 -2.150109e+04 -1.969725e+05 1.294156e+03
-3.535354e-03 1.036031e+06 -2.418076e+04 1.595667e+03 3.830401e+05 -3.055623e+04 5.174410e+04 9.349462e+03 -1.872616e+03 2.953938e+03 -3.833590e+05 -7.977850e+05 -1.635266e+04 -8.930356e+03 -5.506074e+02 -2.086171e+04 -3.970728e+04 2.519495e+03 -4.368787e+05 -9.091919e+05 -1.881608e+04 1.064022e+04 1.453231e+03 2.666263e+04 4.541275e+04 -9.090820e+05 2.103781e+04 -2.052261e+03 -3.361158e+05 -2.392438e+04 4.524230e+04 7.847285e+03 -1.007671e+03
-3.333333e-03 1.746433e+07 -1.947589e+04 4.018273e+04 3.869054e+06 -1.135640e+05 8.667747e+05 2.955617e+06 -1.814351e+04 4.332498e+04 -3.874787e+06 -1.344815e+07 -1.188829e+04 -2.949632e+06 -1.508283e+04 -7.856587e+04 -6.651573e+05 4.661720e+04 -4.415658e+06 -1.532535e+07 -1.412116e+04 3.368133e+06 1.990213e+04 9.948573e+04 7.595015e+05 -1.532512e+07 1.651599e+04 -3.738252e+04 -3.395137e+06 -8.970047e+04 7.591044e+05 2.588372e+06 -1.383375e+04
-3.131313e-03 -2.111342e+07 -6.225701e+04 -6.181107e+04 -3.888602e+06 -2.810177e+03 -1.040889e+06 -4.351336e+06 7.675162e+03 -6.034884e+04 3.895275e+06 1.625795e+07 -4.384937e+04 4.344790e+06 9.100884e+03 -3.911965e+02 7.989334e+05 -6.924891e+04 4.438982e+06 1.852725e+07 -5.005951e+04 -4.958729e+06 -9.922762e+03 2.234661e+03 -9.118292e+05 1.852735e+07 5.454171e+04 5.387322e+04 3.412308e+06 -6.767661e+02 -9.120150e+05 -3.812599e+06 7.081136e+03
-2.929293e-03 -2.121336e+08 1.965798e+05 -7.207873e+05 -4.235605e+07 1.388006e+05 -1.039020e+07 -4.004693e+07 -3.627496e+04 -7.278796e+05 4.241660e+07 1.633452e+08 1.195383e+05 3.998558e+07 -4.320157e+04 1.085038e+05 7.976888e+06 -8.304294e+05 4.833817e+07 1.861490e+08 1.360567e+05 -4.563710e+07 5.022062e+04 -1.201006e+05 -9.104346e+06 1.861466e+08 -1.726682e+05 6.317694e+05 3.716731e+07 1.253453e+05 -9.103509e+06 -3.508768e+07 -3.108214e+04
-2.727273e-03 -8.581332e+06 8.134231e+03 -3.328874e+04 -1.632923e+06 -1.999996e+04 -4.178171e+05 -1.721638e+06 -5.967114e+03 -3.304813e+04 1.635208e+06 6.607705e+06 5.004712e+03 1.719376e+06 -5.731900e+03 -1.307264e+04 3.208304e+05 -3.829298e+04 1.863483e+06 7.530129e+06 5.596996e+03 -1.961980e+06 7.158977e+03 1.761959e+04 -3.661109e+05 7.530138e+06 -7.244342e+03 2.872477e+04 1.432891e+06 -1.482809e+04 -3.661422e+05 -1.508753e+06 -4.754672e+03
-2.525253e-03 -5.805574e+06 2.134163e+04 -2.495247e+04 -1.156972e+06 -1.757822e+04 -2.810770e+05 -1.132699e+06 -6.745038e+03 -2.501861e+04 1.158365e+06 4.470300e+06 1.418572e+04 1.131297e+06 -6.809421e+03 -1.162633e+04 2.158731e+05 -2.900236e+04 1.320083e+06 5.094382e+06 1.608989e+04 -1.290830e+06 8.251849e+03 1.552485e+04 -2.463313e+05 5.094368e+06 -1.880356e+04 2.151763e+04 1.015236e+06 -1.314955e+04 -2.463232e+05 -9.927093e+05 -5.541376e+03
-2.323232e-03 2.049999e+07 -2.674620e+05 9.570372e+04 5.175283e+06 -3.985995e+04 9.871438e+05 2.931250e+06 3.244495e+04 1.010234e+05 -5.179396e+06 -1.578497e+07 -1.808135e+05 -2.926481e+06 3.764668e+04 -2.816405e+04 -7.583187e+05 1.147286e+05 -5.902525e+06 -1.798883e+07 -2.061150e+05 3.340435e+06 -4.257698e+04 3.412938e+04 8.655424e+05 -1.798848e+07 2.346377e+05 -8.428636e+04 -4.541249e+06 -3.294219e+04 8.648555e+05 2.568004e+06 2.872690e+04
-2.121212e-03 9.677015e+04 -2.195275e+04 4.450511e+02 1.596960e+05 -1.826750e+04 4.606693e+03 -1.388136e+05 1.828555e+02 1.089082e+03 -1.596670e+05 -7.451007e+04 -1.492172e+04 1.388744e+05 8.133325e+02 -1.242803e+04 -3.545351e+03 9.095620e+02 -1.819652e+05 -8.494080e+04 -1.704839e+04 -1.582015e+05 -6.036254e+02 1.598234e+04 4.082669e+03 -8.488675e+04 1.921983e+04 -6.458379e+02 -1.401266e+05 -1.421027e+04 3.999560e+03 -1.218552e+05 4.093687e+02
-1.919192e-03 4.294017e+06 -1.105329e+05 2.304167e+04 1.376382e+06 -2.069738e+04 2.048237e+05 3.979820e+05 1.017023e+04 2.495104e+04 -1.376937e+06 -3.306319e+06 -7.498243e+04 -3.971296e+05 1.203997e+04 -1.425651e+04 -1.574034e+05 2.815694e+04 -1.569208e+06 -3.768020e+06 -8.548529e+04 4.535320e+05 -1.346901e+04 1.793171e+04 1.796782e+05 -3.767865e+06 9.695702e+04 -2.043263e+04 -1.207737e+06 -1.647658e+04 1.794312e+05 3.484879e+05 9.120028e+03
-1.717172e-03 -1.041984e+07 2.648969e+05 -5.907483e+04 -3.252462e+06 -6.331103e+03 -4.950964e+05 -1.313918e+06 -2.815621e+04 -6.245643e+04 3.253571e+06 8.022981e+06 1.797505e+05 1.312194e+06 -3.146946e+04 -3.918089e+03 3.805154e+05 -7.141246e+04 3.707932e+06 9.143374e+06 2.048284e+05 -1.497354e+06 3.614562e+04 6.027435e+03 -4.342596e+05 9.143031e+06 -2.324614e+05 5.165579e+04 2.853914e+06 -3.993816e+03 -4.338234e+05 -1.151442e+06 -2.449416e+04
-1.515152e-03 7.539787e+06 -2.737015e+05 4.485094e+04 2.854987e+06 -2.091690e+04 3.569306e+05 6.252741e+05 2.271114e+04 4.827929e+04 -2.855465e+06 -5.805444e+06 -1.858789e+05 -6.241107e+05 2.607142e+04 -1.447318e+04 -2.743692e+05 5.482500e+04 -3.254217e+06 -6.616158e+06 -2.118539e+05 7.125572e+05 -2.956322e+04 1.799236e+04 3.131620e+05 -6.615896e+06 2.401459e+05 -3.950628e+04 -2.505155e+06 -1.685526e+04 3.127156e+05 5.476615e+05 2.004680e+04
-1.313131e-03 3.502935e+05 -3.118377e+04 2.181748e+03 2.527581e+05 -1.425289e+04 1.651133e+04 -9.491720e+04 1.182174e+03 2.644514e+03 -2.527280e+05 -2.697130e+05 -2.119458e+04 9.499589e+04 1.636127e+03 -9.704098e+03 -1.269730e+04 2.850750e+03 -2.880239e+05 -3.073936e+05 -2.416740e+04 -1.081758e+05 -1.707370e+03 1.248513e+04 1.450929e+04 -3.073542e+05 2.734956e+04 -2.039959e+03 -2.217839e+05 -1.108048e+04 1.444899e+04 -8.335281e+04 1.158558e+03
-1.111111e-03 -1.918885e+06 8.744908e+04 -1.224297e+04 -8.382906e+05 -1.217897e+04 -9.032336e+04 -2.637215e+05 -6.692116e+03 -1.288981e+04 8.382835e+05 1.477468e+06 5.942624e+04 2.635443e+05 -7.326554e+03 -8.238239e+03 6.944271e+04 -1.482339e+04 9.553592e+05 1.683803e+06 6.771703e+04 -3.005462e+05 8.492601e+03 1.076166e+04 -7.924006e+04 1.683743e+06 -7.674128e+04 1.063995e+04 7.355613e+05 -9.313734e+03 -7.915591e+04 -2.312533e+05 -5.763206e+03
-9.090909e-04 -3.513338e+05 8.999057e+03 -2.288230e+03 -1.094359e+05 -1.281882e+04 -1.651043e+04 -1.405857e+05 -1.268184e+03 -2.259591e+03 1.094447e+05 2.705137e+05 6.115040e+03 1.405860e+05 -1.239971e+03 -8.712325e+03 1.269267e+04 -2.681347e+03 1.247298e+05 3.082855e+05 6.963482e+03 -1.602197e+05 1.519359e+03 1.126348e+04 -1.447444e+04 3.082876e+05 -7.901853e+03 1.926065e+03 9.602498e+04 -9.913556e+03 -1.447824e+04 -1.233581e+05 -1.031226e+03
-7.070707e-04 -3.009419e+05 1.284157e+04 -2.001390e+03 -1.319387e+05 -1.255603e+04 -1.411535e+04 -1.314910e+05 -1.133532e+03 -2.001726e+03 1.319274e+05 2.317130e+05 8.730528e+03 1.315013e+05 -1.133775e+03 -8.535968e+03 1.085240e+04 -2.362146e+03 1.503532e+05 2.640686e+05 9.946720e+03 -1.498552e+05 1.373317e+03 1.103246e+04 -1.237688e+04 2.640683e+05 -1.127100e+04 1.693873e+03 1.157696e+05 -9.712995e+03 -1.237689e+04 -1.153863e+05 -9.323074e+02
-5.050505e-04 -1.826196e+06 2.283803e+05 -1.241480e+04 -1.853054e+06 -1.186780e+04 -8.547935e+04 -1.774928e+05 -7.229845e+03 -1.327088e+04 1.852568e+06 1.406084e+06 1.552958e+05 1.774332e+05 -8.070295e+03 -8.052909e+03 6.573451e+04 -1.518132e+04 2.111322e+06 1.602471e+06 1.769850e+05 -2.022793e+05 9.266317e+03 1.045974e+04 -7.501557e+04 1.602390e+06 -2.003925e+05 1.084953e+04 1.625952e+06 -9.131340e+03 -7.490380e+04 -1.556913e+05 -6.291998e+03
-3.030303e-04 7.311563e+03 -1.625541e+04 5.790142e+01 1.086994e+05 -1.230456e+04 3.372923e+02 -1.147515e+05 4.168892e+01 1.263865e+02 -1.086591e+05 -5.629219e+03 -1.105272e+04 1.147823e+05 1.089687e+02 -8.369616e+03 -2.602898e+02 1.102721e+02 -1.238354e+05 -6.418415e+03 -1.259673e+04 -1.307787e+05 -9.121327e+01 1.080732e+04 3.007624e+02 -6.412542e+03 1.426299e+04 -7.680346e+01 -9.537801e+04 -9.527888e+03 2.917776e+02 -1.007156e+05 6.196854e+01
-1.010101e-04 6.563984e+04 -5.944396e+04 4.563183e+02 4.446938e+05 -1.223272e+04 3.066412e+03 -1.139955e+05 2.723303e+02 5.133905e+02 -4.445462e+05 -5.053952e+04 -4.042383e+04 1.140266e+05 3.283823e+02 -8.320865e+03 -2.358577e+03 5.738970e+02 -5.066359e+05 -5.759937e+04 -4.606956e+04 -1.299172e+05 -3.637830e+02 1.074486e+04 2.693038e+03 -5.759448e+04 5.215919e+04 -4.090173e+02 -3.901953e+05 -9.471747e+03 2.685557e+03 -1.000525e+05 2.470548e+02
1.010101e-04 -6.563984e+04 -5.944396e+04 -4.563183e+02 4.446938e+05 -1.223272e+04 -3.066412e+03 -1.139955e+05 -2.723303e+02 -5.133905e+02 -4.445462e+05 5.053952e+04 -4.042383e+04 1.140266e+05 -3.283823e+02 -8.320865e+03 2.358577e+03 -5.738970e+02 -5.066359e+05 5.759937e+04 -4.606956e+04 -1.299172e+05 3.637830e+02 1.074486e+04 -2.693038e+03 5.759448e+04 5.215919e+04 4.090173e+02 -3.901953e+05 -9.471747e+03 -2.685557e+03 -1.000525e+05 -2.470548e+02
3.030303e-04 -7.311563e+03 -1.625541e+04 -5.790142e+01 1.086994e+05 -1.230456e+04 -3.372923e+02 -1.147515e+05 -4.168892e+01 -1.263865e+02 -1.086591e+05 5.629219e+03 -1.105272e+04 1.147823e+05 -1.089687e+02 -8.369616e+03 2.602898e+02 -1.102721e+02 -1.238354e+05 6.418415e+03 -1.259673e+04 -1.307787e+05 9.121327e+01 1.080732e+04 -3.007624e+02 6.412542e+03 1.426299e+04 7.680346e+01 -9.537801e+04 -9.527888e+03 -2.917776e+02 -1.007156e+05 -6.196854e+01
5.050505e-04 1.826196e+06 2.283803e+05 1.241480e+04 -1.853054e+06 -1.186780e+04 8.547935e+04 -1.774928e+05 7.229845e+03 1.327088e+04 1.852568e+06 -1.406084e+06 1.552958e+05 1.774332e+05 8.070295e+03 -8.052909e+03 -6.573451e+04 1.518132e+04 2.111322e+06 -1.602471e+06 1.769850e+05 -2.022793e+05 -9.266317e+03 1.045974e+04 7.501557e+04 -1.602390e+06 -2.003925e+05 -1.084953e+04 1.625952e+06 -9.131340e+03 7.490380e+04 -1.556913e+05 6.291998e+03
7.070707e-04 3.009419e+05 1.284157e+04 2.001390e+03 -1.319387e+05 -1.255603e+04 1.411535e+04 -1.314910e+05 1.133532e+03 2.001726e+03 1.319274e+05 -2.317130e+05 8.730528e+03 1.315013e+05 1.133775e+03 -8.535968e+03 -1.085240e+04 2.362146e+03 1.503532e+05 -2.640686e+05 9.946720e+03 -1.498552e+05 -1.373317e+03 1.103246e+04 1.237688e+04 -2.640683e+05 -1.127100e+04 -1.693873e+03 1.157696e+05 -9.712995e+03 1.237689e+04 -1.153863e+05 9.323074e+02
9.090909e-04 3.513338e+05 8.999057e+03 2.288230e+03 -1.094359e+05 -1.281882e+04 1.651043e+04 -1.405857e+05 1.268184e+03 2.259591e+03 1.094447e+05 -2.705137e+05 6.115040e+03 1.405860e+05 1.239971e+03 -8.712325e+03 -1.269267e+04 2.681347e+03 1.247298e+05 -3.082855e+05 6.963482e+03 -1.602197e+05 -1.519359e+03 1.126348e+04 1.447444e+04 -3.082876e+05 -7.901853e+03 -1.926065e+03 9.602498e+04 -9.913556e+03 1.447824e+04 -1.233581e+05 1.031226e+03
1.111111e-03 1.918885e+06 8.744908e+04 1.224297e+04 -8.382906e+05 -1.217897e+04 9.032336e+04 -2.637215e+05 6.692116e+03 1.288981e+04 8.382835e+05 -1.477468e+06 5.942624e+04 2.635443e+05 7.326554e+03 -8.238239e+03 -6.944271e+04 1.482339e+04 9.553592e+05 -1.683803e+06 6.771703e+04 -3.005462e+05 -8.492601e+03 1.076166e+04 7.924006e+04 -1.683743e+06 -7.674128e+04 -1.063995e+04 7.355613e+05 -9.313734e+03 7.915591e+04 -2.312533e+05 5.763206e+03
1.313131e-03 -3.502935e+05 -3.118377e+04 -2.181748e+03 2.527581e+05 -1.425289e+04 -1.651133e+04 -9.491720e+04 -1.182174e+03 -2.644514e+03 -2.527280e+05 2.697130e+05 -2.119458e+04 9.499589e+04 -1.636127e+03 -9.704098e+03 1.269730e+04 -2.850750e+03 -2.880239e+05 3.073936e+05 -2.416740e+04 -1.081758e+05 1.707370e+03 1.248513e+04 -1.450929e+04 3.073542e+05 2.734956e+04 2.039959e+03 -2.217839e+05 -1.108048e+04 -1.444899e+04 -8.335281e+04 -1.158558e+03
1.515152e-03 -7.539787e+06 -2.737015e+05 -4.485094e+04 2.854987e+06 -2.091690e+04 -3.569306e+05 6.252741e+05 -2.271114e+04 -4.827929e+04 -2.855465e+06 5.805444e+06 -1.858789e+05 -6.241107e+05 -2.607142e+04 -1.447318e+04 2.743692e+05 -5.482500e+04 -3.254217e+06 6.616158e+06 -2.118539e+05 7.125572e+05 2.956322e+04 1.799236e+04 -3.131620e+05 6.615896e+06 2.401459e+05 3.950628e+04 -2.505155e+06 -1.685526e+04 -3.127156e+05 5.476615e+05 -2.004680e+04
1.717172e-03 1.041984e+07 2.648969e+05 5.907483e+04 -3.252462e+06 -6.331103e+03 4.950964e+05 -1.313918e+06 2.815621e+04 6.245643e+04 3.253571e+06 -8.022981e+06 1.797505e+05 1.312194e+06 3.146946e+04 -3.918089e+03 -3.805154e+05 7.141246e+04 3.707932e+06 -9.143374e+06 2.048284e+05 -1.497354e+06 -3.614562e+04 6.027435e+03 4.342596e+05 -9.143031e+06 -2.324614e+05 -5.165579e+04 2.853914e+06 -3.993816e+03 4.338234e+05 -1.151442e+06 2.449416e+04
1.919192e-03 -4.294017e+06 -1.105329e+05 -2.304167e+04 1.376382e+06 -2.069738e+04 -2.048237e+05 3.979820e+05 -1.017023e+04 -2.495104e+04 -1.376937e+06 3.306319e+06 -7.498243e+04 -3.971296e+05 -1.203997e+04 -1.425651e+04 1.574034e+05 -2.815694e+04 -1.569208e+06 3.768020e+06 -8.548529e+04 4.535320e+05 1.346901e+04 1.793171e+04 -1.796782e+05 3.767865e+06 9.695702e+04 2.043263e+04 -1.207737e+06 -1.647658e+04 -1.794312e+05 3.484879e+05 -9.120028e+03
2.121212e-03 -9.677015e+04 -2.195275e+04 -4.450511e+02 1.596960e+05 -1.826750e+04 -4.606693e+03 -1.388136e+05 -1.828555e+02 -1.089082e+03 -1.596670e+05 7.451007e+04 -1.492172e+04 1.388744e+05 -8.133325e+02 -1.242803e+04 3.545351e+03 -9.095620e+02 -1.819652e+05 8.494080e+04 -1.704839e+04 -1.582015e+05 6.036254e+02 1.598234e+04 -4.082669e+03 8.488675e+04 1.921983e+04 6.458379e+02 -1.401266e+05 -1.421027e+04 -3.999560e+03 -1.218552e+05 -4.093687e+02
2.323232e-03 -2.049999e+07 -2.674620e+05 -9.570372e+04 5.175283e+06 -3.985995e+04 -9.871438e+05 2.931250e+06 -3.244495e+04 -1.010234e+05 -5.179396e+06 1.578497e+07 -1.808135e+05 -2.926481e+06 -3.764668e+04 -2.816405e+04 7.583187e+05 -1.147286e+05 -5.902525e+06 1.798883e+07 -2.061150e+05 3.340435e+06 4.257698e+04 3.412938e+04 -8.655424e+05 1.798848e+07 2.346377e+05 8.428636e+04 -4.541249e+06 -3.294219e+04 -8.648555e+05 2.568004e+06 -2.872690e+04
2.525253e-03 5.805574e+06 2.134163e+04 2.495247e+04 -1.156972e+06 -1.757822e+04 2.810770e+05 -1.132699e+06 6.745038e+03 2.501861e+04 1.158365e+06 -4.470300e+06 1.418572e+04 1.131297e+06 6.809421e+03 -1.162633e+04 -2.158731e+05 2.900236e+04 1.320083e+06 -5.094382e+06 1.608989e+04 -1.290830e+06 -8.251849e+03 1.552485e+04 2.463313e+05 -5.094368e+06 -1.880356e+04 -2.151763e+04 1.015236e+06 -1.314955e+04 2.463232e+05 -9.927093e+05 5.541376e+03
2.727273e-03 8.581332e+06 8.134231e+03 3.328874e+04 -1.632923e+06 -1.999996e+04 4.178171e+05 -1.721638e+06 5.967114e+03 3.304813e+04 1.635208e+06 -6.607705e+06 5.004712e+03 1.719376e+06 5.731900e+03 -1.307264e+04 -3.208304e+05 3.829298e+04 1.863483e+06 -7.530129e+06 5.596996e+03 -1.961980e+06 -7.158977e+03 1.761959e+04 3.661109e+05 -7.530138e+06 -7.244342e+03 -2.872477e+04 1.432891e+06 -1.482809e+04 3.661422e+05 -1.508753e+06 4.754672e+03
2.929293e-03 2.121336e+08 1.965798e+05 7.207873e+05 -4.235605e+07 1.388006e+05 1.039020e+07 -4.004693e+07 3.627496e+04 7.278796e+05 4.241660e+07 -1.633452e+08 1.195383e+05 3.998558e+07 4.320157e+04 1.085038e+05 -7.976888e+06 8.304294e+05 4.833817e+07 -1.861490e+08 1.360567e+05 -4.563710e+07 -5.022062e+04 -1.201006e+05 9.104346e+06 -1.861466e+08 -1.726682e+05 -6.317694e+05 3.716731e+07 1.253453e+05 9.103509e+06 -3.508768e+07 3.108214e+04
3.131313e-03 2.111342e+07 -6.225701e+04 6.181107e+04 -3.888602e+06 -2.810177e+03 1.040889e+06 -4.351336e+06 -7.675162e+03 6.034884e+04 3.895275e+06 -1.625795e+07 -4.384937e+04 4.344790e+06 -9.100884e+03 -3.911965e+02 -7.989334e+05 6.924891e+04 4.438982e+06 -1.852725e+07 -5.005951e+04 -4.958729e+06 9.922762e+03 2.234661e+03 9.118292e+05 -1.852735e+07 5.454171e+04 -5.387322e+04 3.412308e+06 -6.767661e+02 9.120150e+05 -3.812599e+06 -7.081136e+03
3.333333e-03 -1.746433e+07 -1.947589e+04 -4.018273e+04 3.869054e+06 -1.135640e+05 -8.667747e+05 2.955617e+06 1.814351e+04 -4.332498e+04 -3.874787e+06 1.344815e+07 -1.188829e+04 -2.949632e+06 1.508283e+04 -7.856587e+04 6.651573e+05 -4.661720e+04 -4.415658e+06 1.532535e+07 -1.412116e+04 3.368133e+06 -1.990213e+04 9.948573e+04 -7.595015e+05 1.532512e+07 1.651599e+04 3.738252e+04 -3.395137e+06 -8.970047e+04 -7.591044e+05 2.588372e+06 1.383375e+04
3.535354e-03 -1.036031e+06 -2.418076e+04 -1.595667e+03 3.830401e+05 -3.055623e+04 -5.174410e+04 9.349462e+03 1.872616e+03 -2.953938e+03 -3.833590e+05 7.977850e+05 -1.635266e+04 -8.930356e+03 5.506074e+02 -2.086171e+04 3.970728e+04 -2.519495e+03 -4.368787e+05 9.091919e+05 -1.881608e+04 1.064022e+04 -1.453231e+03 2.666263e+04 -4.541275e+04 9.090820e+05 2.103781e+04 2.052261e+03 -3.361158e+05 -2.392438e+04 -4.524230e+04 7.847285e+03 1.007671e+03
3.737374e-03 4.852553e+05 -2.124450e+04 6.213175e+02 1.429751e+04 -1.410291e+04 2.449060e+04 -2.246287e+05 -1.119775e+03 -2.967080e+02 -1.407784e+04 -3.736815e+05 -1.448495e+04 2.244714e+05 -2.012547e+03 -9.545882e+03 -1.877526e+04 8.143785e+01 -1.605135e+04 -4.257928e+05 -1.659691e+04 -2.559889e+05 1.889054e+03 1.223331e+04 2.138639e+04 -4.258667e+05 1.855213e+04 -2.221385e+02 -1.253966e+04 -1.102036e+04 2.150109e+04 -1.969725e+05 -1.294156e+03
3.939394e-03 5.812552e+04 -1.851959e+04 5.630995e+01 9.430713e+04 -1.578805e+04 3.002068e+03 -1.342125e+05 -2.081174e+02 -8.715511e+02 -9.425165e+04 -4.476736e+04 -1.259438e+04 1.342152e+05 -1.109531e+03 -1.072863e+04 -2.292303e+03 -5.097284e+02 -1.074140e+05 -5.097362e+04 -1.446182e+04 -1.529530e+05 7.966420e+02 1.371751e+04 2.566047e+03 -5.104850e+04 1.614157e+04 3.228825e+02 -8.275080e+04 -1.236277e+04 2.681362e+03 -1.177708e+05 -5.427989e+02
4.141414e-03 -1.578451e+06 -1.667408e+04 3.944243e+02 4.952846e+05 -3.857738e+04 -8.072999e+04 1.340645e+05 6.017649e+03 -1.153626e+03 -4.959120e+05 1.215527e+06 -1.117478e+04 -1.333471e+05 4.515616e+03 -2.638483e+04 6.190073e+04 -8.388576e+01 -5.651324e+05 1.385216e+06 -1.303841e+04 1.527573e+05 -6.349610e+03 3.372006e+04 -7.078639e+04 1.385091e+06 1.432746e+04 6.016495e+02 -4.346194e+05 -3.019984e+04 -7.059517e+04 1.170293e+05 4.354682e+03
4.343434e-03 1.378761e+07 -1.035350e+04 -1.343295e+04 -3.565270e+06 2.290113e+05 7.117061e+05 -2.166537e+06 -6.416494e+04 -7.115904e+03 3.571331e+06 -1.061781e+07 -8.513993e+03 2.160140e+06 -5.804527e+04 1.571517e+05 -5.454696e+05 -1.580736e+04 4.069759e+06 -1.209965e+07 -7.655895e+03 -2.468787e+06 7.372779e+04 -2.011065e+05 6.234545e+05 -1.209905e+07 1.113524e+04 5.859311e+03 3.128628e+06 1.789433e+05 6.226831e+05 -1.895677e+06 -5.047852e+04
4.545455e-03 7.125727e+03 -1.364207e+04 -1.182385e+02 7.121128e+04 -1.160713e+04 4.274570e+02 -8.992932e+04 -2.068366e+02 -8.778833e+02 -7.118659e+04 -5.494391e+03 -9.272705e+03 8.994204e+04 -9.424877e+02 -7.889721e+03 -3.168768e+02 -6.076378e+02 -8.112644e+04 -6.226894e+03 -1.066445e+04 -1.024862e+05 6.955045e+02 1.005632e+04 3.221180e+02 -6.287395e+03 1.187354e+04 4.062138e+02 -6.248614e+04 -9.120009e+03 4.150044e+02 -7.892241e+04 -4.729449e+02
4.747475e-03 3.988605e+06 -8.905764e+03 -9.967001e+03 -1.070440e+06 7.735628e+04 2.096260e+05 -6.465990e+05 -2.527029e+04 -7.865031e+03 1.072372e+06 -3.071708e+06 -6.531551e+03 6.445716e+05 -2.323904e+04 5.305770e+04 -1.605733e+05 -1.180640e+04 1.222023e+06 -3.500351e+06 -6.622352e+03 -7.367981e+05 2.928135e+04 -6.801610e+04 1.835952e+05 -3.500171e+06 8.637226e+03 6.556344e+03 9.393519e+05 6.032962e+04 1.833410e+05 -5.656632e+05 -2.002405e+04
4.949495e-03 -5.544293e+06 -1.849386e+04 1.782208e+04 1.691251e+06 -1.442074e+05 -2.939680e+05 6.938595e+05 3.935522e+04 1.266313e+04 -1.694005e+06 4.269807e+06 -1.186486e+04 -6.908868e+05 3.437385e+04 -9.871629e+04 2.251488e+05 1.987928e+04 -1.930410e+06 4.865696e+06 -1.511355e+04 7.906212e+05 -4.450804e+04 1.264287e+05 -2.575783e+05 4.865298e+06 1.463344e+04 -1.144315e+04 -1.484134e+06 -1.126119e+05 -2.569559e+05 6.063310e+05 3.043220e+04
5.151515e-03 -1.823532e+06 -1.369922e+04 7.174151e+03 6.071250e+05 -5.708411e+04 -9.757777e+04 1.791876e+05 1.435942e+04 4.866125e+03 -6.080612e+05 1.404373e+06 -9.064982e+03 -1.781617e+05 1.213338e+04 -3.904043e+04 7.472285e+04 7.764551e+03 -6.929177e+05 1.600378e+06 -1.099224e+04 2.041646e+05 -1.599422e+04 4.997070e+04 -8.552688e+04 1.600197e+06 1.135824e+04 -4.586401e+03 -5.327747e+05 -4.461170e+04 -8.525024e+04 1.563656e+05 1.093421e+04
5.353535e-03 -8.585481e+05 -1.176807e+04 3.950375e+03 3.167228e+05 -3.273388e+04 -4.636121e+04 5.145447e+04 7.365892e+03 2.460654e+03 -3.171749e+05 6.612061e+05 -7.875264e+03 -5.094890e+04 5.930685e+03 -2.236685e+04 3.549962e+04 4.107677e+03 -3.614372e+05 7.534999e+05 -9.369484e+03 5.861854e+04 -8.027600e+03 2.860139e+04 -4.065681e+04 7.533873e+05 9.931046e+03 -2.462635e+03 -2.779361e+05 -2.561217e+04 -4.047918e+04 4.472194e+04 5.487754e+03
5.555556e-03 1.649106e+06 -5.482777e+03 -9.666534e+03 -4.884135e+05 4.270007e+04 9.013902e+04 -2.725882e+05 -1.656431e+04 -8.401790e+03 4.893577e+05 -1.270103e+06 -3.970477e+03 2.716025e+05 -1.534850e+04 2.926112e+04 -6.896890e+04 -1.139287e+04 5.576379e+05 -1.447301e+06 -3.924173e+03 -3.106039e+05 1.927450e+04 -3.760146e+04 7.892185e+04 -1.447200e+06 5.412790e+03 7.082117e+03 4.286098e+05 3.321466e+04 7.877270e+04 -2.383606e+05 -1.316464e+04
5.757576e-03 1.091454e+06 -5.775801e+03 -7.445759e+03 -3.221912e+05 2.842247e+04 6.029828e+04 -1.934540e+05 -1.212780e+04 -6.661228e+03 3.228426e+05 -8.406308e+05 -4.094834e+03 1.927789e+05 -1.137485e+04 1.948319e+04 -4.612089e+04 -8.848739e+03 3.678864e+05 -9.578987e+05 -4.234718e+03 -2.204335e+05 1.419668e+04 -2.507093e+04 5.278185e+04 -9.578364e+05 5.500807e+03 5.565093e+03 2.827425e+05 2.207347e+04 5.269005e+04 -1.691844e+05 -9.693953e+03
5.959596e-03 8.239835e+05 -5.645111e+03 -6.434288e+03 -2.441632e+05 2.184077e+04 4.601964e+04 -1.539148e+05 -1.005839e+04 -5.863047e+03 2.446745e+05 -6.346406e+05 -3.970517e+03 1.533877e+05 -9.511047e+03 1.497469e+04 -3.518770e+04 -7.683678e+03 2.788103e+05 -7.231639e+05 -4.168242e+03 -1.753798e+05 1.182203e+04 -1.929454e+04 4.027468e+04 -7.231189e+05 5.310804e+03 4.874249e+03 2.142696e+05 1.693645e+04 4.020837e+04 -1.346147e+05 -8.070715e+03
6.161616e-03 6.582421e+05 -5.413003e+03 -5.809787e+03 -1.964510e+05 1.784286e+04 3.717330e+04 -1.285658e+05 -8.778208e+03 -5.363971e+03 1.968749e+05 -5.069964e+05 -3.790746e+03 1.281307e+05 -8.351771e+03 1.223565e+04 -2.841411e+04 -6.960533e+03 2.243405e+05 -5.777081e+05 -4.007944e+03 -1.464952e+05 1.034926e+04 -1.578578e+04 3.252631e+04 -5.776732e+05 5.062483e+03 4.445148e+03 1.724001e+05 1.381558e+04 3.247498e+04 -1.124492e+05 -7.063931e+03
6.363636e-03 5.434559e+05 -5.154500e+03 -5.366818e+03 -1.636845e+05 1.509787e+04 3.104018e+04 -1.104713e+05 -7.879866e+03 -5.004600e+03 1.640471e+05 -4.185946e+05 -3.599691e+03 1.101004e+05 -7.533999e+03 1.035477e+04 -2.371824e+04 -6.445092e+03 1.869318e+05 -4.769709e+05 -3.820244e+03 -1.258768e+05 9.313195e+03 -1.337663e+04 2.715474e+04 -4.769427e+05 4.805566e+03 4.137994e+03 1.436460e+05 1.167251e+04 2.711339e+04 -9.662604e+04 -6.355673e+03
6.565657e-03 4.587527e+05 -4.895139e+03 -5.026363e+03 -1.396286e+05 1.307501e+04 2.650597e+04 -9.674266e+04 -7.201856e+03 -4.724064e+03 1.399453e+05 -3.533609e+05 -3.411950e+03 9.641973e+04 -6.913721e+03 8.968567e+03 -2.024682e+04 -6.047220e+03 1.594668e+05 -4.026347e+05 -3.628088e+03 -1.102333e+05 8.529379e+03 -1.160127e+04 2.318381e+04 -4.026113e+05 4.556144e+03 3.899443e+03 1.225359e+05 1.009307e+04 2.314959e+04 -8.462003e+04 -5.819860e+03
6.767677e-03 3.936001e+05 -4.644905e+03 -4.750784e+03 -1.211746e+05 1.151342e+04 2.300977e+04 -8.590336e+04 -6.665136e+03 -4.493541e+03 1.214554e+05 -3.031836e+05 -3.232936e+03 8.561783e+04 -6.420398e+03 7.898374e+03 -1.757034e+04 -5.723946e+03 1.383969e+05 -3.454562e+05 -3.440696e+03 -9.788207e+04 7.907503e+03 -1.023074e+04 2.012214e+04 -3.454364e+05 4.319921e+03 3.704264e+03 1.063417e+05 8.873684e+03 2.009328e+04 -7.514041e+04 -5.394759e+03
6.969697e-03 3.419826e+05 -4.407735e+03 -4.519603e+03 -1.065664e+05 1.026741e+04 2.023185e+04 -7.709949e+04 -6.225678e+03 -4.297419e+03 1.068182e+05 -2.634301e+05 -3.064549e+03 7.684404e+04 -6.014694e+03 7.044406e+03 -1.544395e+04 -5.451865e+03 1.217172e+05 -3.001560e+05 -3.261915e+03 -8.785019e+04 7.397241e+03 -9.137191e+03 1.768966e+04 -3.001391e+05 4.098665e+03 3.538813e+03 9.352223e+04 7.900660e+03 1.766496e+04 -6.744065e+04 -5.045964e+03
7.171717e-03 3.001666e+05 -4.184922e+03 -4.320599e+03 -9.472425e+04 9.248238e+03 1.797411e+04 -6.979460e+04 -5.856691e+03 -4.126408e+03 9.495208e+04 -2.312251e+05 -2.907189e+03 6.956392e+04 -5.672648e+03 6.345867e+03 -1.371591e+04 -5.216991e+03 1.081954e+05 -2.634577e+05 -3.093215e+03 -7.952636e+04 6.967953e+03 -8.242728e+03 1.571281e+04 -2.634430e+05 3.892496e+03 3.394980e+03 8.313017e+04 7.104724e+03 1.569142e+04 -6.105172e+04 -4.752528e+03
7.373737e-03 2.656917e+05 -3.976528e+03 -4.145958e+03 -8.494285e+04 8.398292e+03 1.610611e+04 -6.363099e+04 -5.540784e+03 -3.974574e+03 8.515055e+04 -2.046738e+05 -2.760584e+03 6.342106e+04 -5.378681e+03 5.763294e+03 -1.228635e+04 -5.010369e+03 9.702624e+04 -2.332020e+05 -2.934935e+03 -7.250301e+04 6.599735e+03 -7.496793e+03 1.407735e+04 -2.331891e+05 3.700820e+03 3.267600e+03 7.454649e+04 6.440916e+03 1.405865e+04 -5.566085e+04 -4.500843e+03
7.575758e-03 2.368618e+05 -3.782038e+03 -3.990407e+03 -7.673953e+04 7.678339e+03 1.453803e+04 -5.835918e+04 -5.266093e+03 -3.837914e+03 7.693007e+04 -1.824699e+05 -2.624168e+03 5.816693e+04 -5.122150e+03 5.269807e+03 -1.108647e+04 -4.825947e+03 8.765876e+04 -2.079003e+05 -2.786869e+03 -6.649586e+04 6.279001e+03 -6.864952e+03 1.270458e+04 -2.078889e+05 3.522744e+03 3.153191e+03 6.734764e+04 5.878606e+03 1.268810e+04 -5.104990e+04 -4.281619e+03
7.777778e-03 2.124655e+05 -3.600674e+03 -3.850236e+03 -6.977184e+04 7.060615e+03 1.320575e+04 -5.379899e+04 -5.024201e+03 -3.713600e+03 6.994756e+04 -1.636803e+05 -2.497259e+03 5.362195e+04 -4.895496e+03 4.846380e+03 -1.006715e+04 -4.659457e+03 7.970200e+04 -1.864895e+05 -2.648547e+03 -6.129958e+04 5.996106e+03 -6.322836e+03 1.153833e+04 -1.864793e+05 3.357278e+03 3.049305e+03 6.123312e+04 5.396121e+03 1.152371e+04 -4.706130e+04 -4.088263e+03
7.979798e-03 1.916124e+05 -3.431556e+03 -3.722736e+03 -6.378957e+04 6.524858e+03 1.206214e+04 -4.981650e+04 -4.808946e+03 -3.599563e+03 6.395238e+04 -1.476196e+05 -2.379146e+03 4.965271e+04 -4.693171e+03 4.479132e+03 -9.192311e+03 -4.507777e+03 7.287034e+04 -1.681883e+05 -2.519380e+03 -5.676160e+04 5.743981e+03 -5.852661e+03 1.053732e+04 -1.681792e+05 3.203428e+03 2.954151e+03 5.598335e+04 4.977641e+03 1.052428e+04 -4.357796e+04 -3.915941e+03
8.181818e-03 1.736331e+05 -3.273790e+03 -3.605870e+03 -5.860546e+04 6.055900e+03 1.107178e+04 -4.630988e+04 -4.615691e+03 -3.494242e+03 5.875690e+04 -1.337721e+05 -2.269135e+03 4.615771e+04 -4.510997e+03 4.157667e+03 -8.434808e+03 -4.368558e+03 6.694999e+04 -1.524091e+05 -2.398743e+03 -5.276586e+04 5.517304e+03 -5.441113e+03 9.670531e+03 -1.524009e+05 3.060242e+03 2.866382e+03 5.143399e+04 4.611324e+03 9.658827e+03 -4.051080e+04 -3.761014e+03
8.383838e-03 1.580138e+05 -3.126505e+03 -3.498069e+03 -5.407645e+04 5.642136e+03 1.020748e+04 -4.320012e+04 -4.440871e+03 -3.396424e+03 5.421782e+04 -1.217421e+05 -2.166569e+03 4.305823e+04 -4.345753e+03 3.874033e+03 -7.773822e+03 -4.239985e+03 6.177762e+04 -1.387011e+05 -2.286014e+03 -4.922235e+04 5.311980e+03 -5.078009e+03 8.914135e+03 -1.386936e+05 2.926833e+03 2.784955e+03 4.745951e+04 4.288110e+03 8.903588e+03 -3.779075e+04 -3.620682e+03
8.585859e-03 1.443539e+05 -2.988880e+03 -3.398098e+03 -5.009135e+04 5.274527e+03 9.448024e+03 -4.042493e+04 -4.281695e+03 -3.305149e+03 5.022374e+04 -1.112211e+05 -2.070838e+03 4.029218e+04 -4.194913e+03 3.622035e+03 -7.193105e+03 -4.120625e+03 5.722631e+04 -1.267126e+05 -2.180593e+03 -4.606007e+04 5.124798e+03 -4.755415e+03 8.249552e+03 -1.267058e+05 2.802380e+03 2.709045e+03 4.396235e+04 4.000941e+03 8.240009e+03 -3.536331e+04 -3.492750e+03
8.787879e-03 1.323362e+05 -2.860150e+03 -3.304964e+03 -4.656245e+04 4.945918e+03 8.776610e+03 -3.793444e+04 -4.135934e+03 -3.219642e+03 4.668678e+04 -1.019649e+05 -1.981381e+03 3.780989e+04 -4.056458e+03 3.396770e+03 -6.679792e+03 -4.009326e+03 5.319590e+04 -1.161653e+05 -2.081918e+03 -4.322221e+04 4.953194e+03 -4.467049e+03 7.662069e+03 -1.161592e+05 2.686137e+03 2.637988e+03 4.086552e+04 3.744230e+03 7.653403e+03 -3.318489e+04 -3.375465e+03
8.989899e-03 1.217066e+05 -2.739608e+03 -3.217859e+03 -4.341960e+04 4.650566e+03 8.179770e+03 -3.568826e+04 -4.001789e+03 -3.139264e+03 4.353667e+04 -9.377780e+04 -1.897686e+03 3.557109e+04 -3.928753e+03 3.194303e+03 -6.223566e+03 -3.905149e+03 4.960633e+04 -1.068363e+05 -1.989466e+03 -4.066275e+04 4.795095e+03 -4.207873e+03 7.139887e+03 -1.068307e+05 2.577423e+03 2.571240e+03 3.810747e+04 3.513493e+03 7.131991e+03 -3.122015e+04 -3.267409e+03
9.191919e-03 1.122592e+05 -2.626608e+03 -3.136113e+03 -4.060609e+04 4.383806e+03 7.646578e+03 -3.365329e+04 -3.877788e+03 -3.063484e+03 4.071658e+04 -8.650110e+04 -1.819285e+03 3.354279e+04 -3.810458e+03 3.011435e+03 -5.816060e+03 -3.807312e+03 4.639282e+04 -9.854476e+04 -1.902754e+03 -3.834395e+04 4.648803e+03 -3.973792e+03 6.673437e+03 -9.853961e+04 2.475621e+03 2.508348e+03 3.563843e+04 3.305087e+03 6.666220e+03 -2.944014e+04 -3.167422e+03
9.393939e-03 1.038254e+05 -2.520558e+03 -3.059166e+03 -3.807556e+04 4.141808e+03 7.168086e+03 -3.180212e+04 -3.762708e+03 -2.991853e+03 3.818006e+04 -8.000503e+04 -1.745755e+03 3.169769e+04 -3.700460e+03 2.845541e+03 -5.450421e+03 -3.715161e+03 4.350246e+04 -9.114277e+04 -1.821339e+03 -3.623460e+04 4.512908e+03 -3.761442e+03 6.254880e+03 -9.113802e+04 2.380171e+03 2.448929e+03 3.341772e+04 3.116021e+03 6.248266e+03 -2.782091e+04 -3.074540e+03
9.595960e-03 9.626604e+04 -2.420918e+03 -2.986544e+03 -3.578978e+04 3.921395e+03 6.736894e+03 -3.011190e+04 -3.655529e+03 -2.923988e+03 3.588881e+04 -7.418240e+04 -1.676710e+03 3.001299e+04 -3.597826e+03 2.694444e+03 -5.120983e+03 -3.628142e+03 4.089159e+04 -8.450817e+04 -1.744815e+03 -3.430865e+04 4.386231e+03 -3.568037e+03 5.877737e+03 -8.450379e+04 2.290566e+03 2.392658e+03 3.141179e+04 2.943813e+03 5.871659e+03 -2.634244e+04 -2.987956e+03
9.797980e-03 8.946520e+04 -2.327197e+03 -2.917840e+03 -3.371693e+04 3.719908e+03 6.346840e+03 -2.856335e+04 -3.555390e+03 -2.859558e+03 3.381095e+04 -6.894398e+04 -1.611801e+03 2.846951e+04 -3.501767e+03 2.556321e+03 -4.823027e+03 -3.545777e+03 3.852389e+04 -7.853928e+04 -1.672811e+03 -3.254414e+04 4.267775e+03 -3.391243e+03 5.536609e+03 -7.853523e+04 2.206347e+03 2.339257e+03 2.959272e+04 2.786389e+03 5.531011e+03 -2.498789e+04 -2.906990e+03
1.000000e-02 8.332577e+04 -2.238945e+03 -2.852704e+03 -3.183036e+04 3.535108e+03 5.992748e+03 -2.714017e+04 -3.461556e+03 -2.798278e+03 3.191978e+04 -6.421496e+04 -1.550709e+03 2.705096e+04 -3.411610e+03 2.429638e+03 -4.552590e+03 -3.467657e+03 3.636892e+04 -7.315087e+04 -1.604989e+03 -3.092247e+04 4.156692e+03 -3.229094e+03 5.226965e+03 -7.314710e+04 2.127098e+03 2.288480e+03 2.793712e+04 2.641998e+03 5.221797e+03 -2.374300e+04 -2.831061e+03
