-1.000000e-02 -1.835551e+05 2.944094e+03 7.327663e+03 -1.794327e+05 1.697232e+03 -2.152831e+05 -1.814195e+05 7.146971e+03 7.093689e+03 1.793983e+05 1.412892e+05 2.007287e+03 1.814562e+05 6.911799e+03 1.140221e+03 1.657818e+05 8.733300e+03 2.044745e+05 1.610416e+05 2.911376e+03 -2.067790e+05 -8.527381e+03 -1.856273e+03 -1.889177e+05 1.610426e+05 -1.959632e+03 -5.930197e+03 1.574286e+05 9.323773e+02 -1.889193e+05 -1.592032e+05 5.770462e+03
-9.797980e-03 -2.214055e+05 3.512429e+03 8.071027e+03 -2.153399e+05 2.104427e+03 -2.597575e+05 -2.178140e+05 7.860185e+03 7.786741e+03 2.152993e+05 1.704251e+05 2.394712e+03 2.178573e+05 7.574514e+03 1.414903e+03 2.000289e+05 9.602014e+03 2.453936e+05 1.942500e+05 3.426285e+03 -2.482607e+05 -9.361623e+03 -2.232855e+03 -2.279448e+05 1.942511e+05 -2.384951e+03 -6.521744e+03 1.889323e+05 1.226127e+03 -2.279466e+05 -1.911402e+05 6.335462e+03
-9.595960e-03 -2.733264e+05 4.298346e+03 9.032033e+03 -2.645373e+05 2.680762e+03 -3.207712e+05 -2.677011e+05 8.780367e+03 8.677449e+03 2.644882e+05 2.103921e+05 2.930422e+03 2.677534e+05 8.424142e+03 1.803807e+03 2.470118e+05 1.072188e+04 3.014579e+05 2.398035e+05 4.134582e+03 -3.051209e+05 -1.043482e+04 -2.760763e+03 -2.814853e+05 2.398047e+05 -2.976797e+03 -7.284327e+03 2.320964e+05 1.647136e+03 -2.814874e+05 -2.349172e+05 7.062096e+03
-9.393939e-03 -3.482319e+05 5.449034e+03 1.034060e+04 -3.354352e+05 3.544770e+03 -4.088032e+05 -3.396322e+05 1.003075e+04 9.881993e+03 3.353740e+05 2.680520e+05 3.714700e+03 3.396973e+05 9.570133e+03 2.387031e+03 3.147998e+05 1.224173e+04 3.822517e+05 3.055228e+05 5.166029e+03 -3.871063e+05 -1.188816e+04 -3.544710e+03 -3.587347e+05 3.055241e+05 -3.848849e+03 -8.319305e+03 2.942998e+05 2.285979e+03 -3.587372e+05 -2.980382e+05 8.045832e+03
-9.191919e-03 -4.648723e+05 7.287193e+03 1.227357e+04 -4.457173e+05 4.958673e+03 -5.458949e+05 -4.516016e+05 1.187411e+04 1.164700e+04 4.456373e+05 3.578383e+05 4.967382e+03 4.516864e+05 1.124492e+04 3.341799e+03 4.203655e+05 1.447812e+04 5.079271e+05 4.078590e+05 6.804621e+03 -5.147264e+05 -1.402210e+04 -4.815736e+03 -4.790348e+05 4.078604e+05 -5.250805e+03 -9.842270e+03 3.910575e+05 3.343679e+03 -4.790379e+05 -3.962936e+05 9.489848e+03
-8.989899e-03 -6.728615e+05 1.071449e+04 1.558640e+04 -6.421495e+05 7.661308e+03 -7.903667e+05 -6.512453e+05 1.502842e+04 1.464309e+04 6.420363e+05 5.179424e+05 7.302601e+03 6.513651e+05 1.408141e+04 5.167578e+03 6.086177e+05 1.829352e+04 7.317776e+05 5.903416e+05 9.842738e+03 -7.422754e+05 -1.765629e+04 -7.223441e+03 -6.935624e+05 5.903432e+05 -7.881374e+03 -1.244051e+04 5.634006e+05 5.388145e+03 -6.935666e+05 -5.714848e+05 1.194841e+04
-8.787879e-03 -1.196847e+06 2.012405e+04 2.389799e+04 -1.136326e+06 1.528028e+04 -1.406265e+06 -1.154395e+06 2.294141e+04 2.207450e+04 1.136130e+06 9.212918e+05 1.371190e+04 1.154603e+06 2.111118e+04 1.031729e+04 1.082882e+06 2.781476e+04 1.294932e+06 1.050069e+06 1.813708e+04 -1.315753e+06 -2.672176e+04 -1.395255e+04 -1.234022e+06 1.050071e+06 -1.514798e+04 -1.892371e+04 9.969751e+05 1.121316e+04 -1.234030e+06 -1.013009e+06 1.808019e+04
-8.585859e-03 -2.161126e+06 3.473304e+04 3.658413e+04 -2.046812e+06 2.699805e+04 -2.539980e+06 -2.079192e+06 3.491578e+04 3.340144e+04 2.046464e+06 1.663568e+06 2.366896e+04 2.079557e+06 3.172199e+04 1.823380e+04 1.955880e+06 4.233350e+04 2.332507e+06 1.896095e+06 3.100323e+04 -2.369811e+06 -4.042710e+04 -2.428883e+04 -2.228873e+06 1.896098e+06 -2.644832e+04 -2.881586e+04 1.795806e+06 2.018070e+04 -2.228884e+06 -1.824533e+06 2.734548e+04
-8.383838e-03 -1.434462e+06 1.359876e+04 2.026132e+04 -1.366074e+06 9.022892e+03 -1.686380e+06 -1.378090e+06 1.918510e+04 1.910223e+04 1.365846e+06 1.104206e+06 9.290561e+03 1.378323e+06 1.802213e+04 6.066981e+03 1.298567e+06 2.380520e+04 1.556754e+06 1.258547e+06 1.251748e+04 -1.570710e+06 -2.257696e+04 -8.589436e+03 -1.479822e+06 1.258548e+06 -1.000307e+04 -1.621168e+04 1.198551e+06 6.241853e+03 -1.479825e+06 -1.209297e+06 1.526494e+04
-8.181818e-03 -1.571161e+06 8.739168e+03 1.759059e+04 -1.499000e+06 4.446905e+03 -1.847579e+06 -1.506037e+06 1.645037e+04 1.691980e+04 1.498754e+06 1.209437e+06 5.994842e+03 1.506284e+06 1.577743e+04 2.958192e+03 1.422689e+06 2.086281e+04 1.708237e+06 1.378485e+06 8.333632e+03 -1.716538e+06 -1.956238e+04 -4.670452e+03 -1.621274e+06 1.378486e+06 -6.166828e+03 -1.421864e+04 1.315177e+06 2.602688e+03 -1.621275e+06 -1.321568e+06 1.321673e+04
-7.979798e-03 -2.235480e+06 7.475649e+03 1.841704e+04 -2.132457e+06 2.493241e+03 -2.629470e+06 -2.137743e+06 1.685244e+04 1.791301e+04 2.132116e+06 1.720821e+06 5.159340e+03 2.138085e+06 1.634687e+04 1.610157e+03 2.024757e+06 2.194976e+04 2.430120e+06 1.961342e+06 7.340311e+03 -2.436534e+06 -2.016588e+04 -3.093610e+03 -2.307388e+06 1.961343e+06 -5.099285e+03 -1.497844e+04 1.870956e+06 9.289742e+02 -2.307388e+06 -1.875894e+06 1.360454e+04
-7.777778e-03 -4.199080e+06 8.587979e+03 2.229135e+04 -4.001840e+06 1.463994e+03 -4.940427e+06 -4.007047e+06 1.946197e+04 2.178378e+04 4.001217e+06 3.232373e+06 5.980768e+03 4.007670e+06 1.895294e+04 8.459391e+02 3.804235e+06 2.659715e+04 4.560454e+06 3.684154e+06 8.501686e+03 -4.567099e+06 -2.337173e+04 -2.410524e+03 -4.335269e+06 3.684155e+06 -5.850105e+03 -1.819627e+04 3.511105e+06 -1.620330e+02 -4.335268e+06 -3.516219e+06 1.571269e+04
-7.575758e-03 -1.357710e+07 1.414929e+04 3.302208e+04 -1.292900e+07 -1.395172e+03 -1.597821e+07 -1.293468e+07 2.422260e+04 3.237621e+04 1.292704e+07 1.045145e+07 1.006694e+04 1.293663e+07 2.357501e+04 -1.404157e+03 1.230351e+07 3.931177e+04 1.473378e+07 1.191220e+07 1.377117e+04 -1.474249e+07 -2.928203e+04 -3.628735e+02 -1.402099e+07 1.191220e+07 -1.011733e+04 -2.711712e+04 1.134357e+07 -3.187587e+03 -1.402098e+07 -1.135027e+07 1.939504e+04
-7.373737e-03 7.328343e+07 -1.187547e+05 2.163132e+04 6.970071e+07 -7.635408e+04 8.626503e+07 6.981268e+07 6.729112e+04 3.167353e+04 -6.969045e+07 -5.641280e+07 -8.301246e+04 -6.982293e+07 7.735655e+04 -4.951985e+04 -6.642542e+07 3.376876e+04 -7.943056e+07 -6.429719e+07 -9.683050e+04 7.956977e+07 -8.581836e+04 5.831666e+04 7.569799e+07 -6.429711e+07 1.019768e+05 -2.077358e+04 -6.115371e+07 -6.511669e+04 7.569806e+07 6.126102e+07 6.084763e+04
-7.171717e-03 1.054115e+08 -4.478909e+05 2.988444e+05 1.000732e+08 -4.475646e+05 1.241140e+08 1.006357e+08 3.623248e+05 3.448528e+05 -1.000585e+08 -8.114476e+07 -3.075002e+05 -1.006504e+08 4.084342e+05 -3.008235e+05 -9.556972e+07 3.918007e+05 -1.140431e+08 -9.248594e+07 -3.516682e+05 1.147003e+08 -4.641951e+05 3.438231e+05 1.089104e+08 -9.248534e+07 3.917778e+05 -2.631608e+05 -8.780164e+07 -3.917339e+05 1.089110e+08 8.830858e+07 3.189076e+05
-6.969697e-03 -1.113299e+07 6.111498e+04 -5.974113e+04 -1.056810e+07 6.776197e+04 -1.311142e+07 -1.065209e+07 -6.611870e+04 -6.634436e+04 1.056665e+07 8.570157e+06 4.184347e+04 1.065353e+07 -7.273459e+04 4.571751e+04 1.009590e+07 -7.654190e+04 1.204339e+07 9.767887e+06 4.680752e+04 -1.214076e+07 8.381566e+04 -5.135558e+04 -1.150529e+07 9.767872e+06 -5.450480e+04 5.170327e+04 9.272249e+06 6.020540e+04 -1.150528e+07 -9.347220e+06 -5.730517e+04
-6.767677e-03 -3.520735e+06 2.138598e+04 -2.761849e+04 -3.346366e+06 2.563015e+04 -4.147354e+06 -3.377971e+06 -2.955625e+04 -3.001782e+04 3.345919e+06 2.710268e+06 1.462789e+04 3.378408e+06 -3.195979e+04 1.731878e+04 3.193485e+06 -3.495495e+04 3.813521e+06 3.089039e+06 1.596072e+04 -3.850041e+06 3.716476e+04 -1.914051e+04 -3.639304e+06 3.089031e+06 -1.947506e+04 2.366078e+04 2.936045e+06 2.308655e+04 -3.639300e+06 -2.964168e+06 -2.536323e+04
-6.565657e-03 -1.800564e+06 1.166161e+04 -1.848235e+04 -1.715242e+06 1.496524e+04 -2.121503e+06 -1.733683e+06 -1.943347e+04 -1.983461e+04 1.715020e+06 1.386083e+06 7.971459e+03 1.733898e+06 -2.078788e+04 1.012278e+04 1.633562e+06 -2.322599e+04 1.954694e+06 1.579792e+06 8.488480e+03 -1.975957e+06 2.431039e+04 -1.103842e+04 -1.861616e+06 1.579786e+06 -1.082863e+04 1.573928e+04 1.504929e+06 1.362958e+04 -1.861613e+06 -1.521304e+06 -1.657508e+04
-6.363636e-03 -1.278223e+06 1.018926e+04 -1.619635e+04 -1.218953e+06 1.340192e+04 -1.506389e+06 -1.235859e+06 -1.684265e+04 -1.739169e+04 1.218800e+06 9.839881e+05 6.956246e+03 1.236004e+06 -1.803967e+04 9.076548e+03 1.159920e+06 -2.035253e+04 1.389123e+06 1.121501e+06 7.414073e+03 -1.408558e+06 2.108923e+04 -9.917349e+03 -1.321853e+06 1.121495e+06 -9.454149e+03 1.380220e+04 1.069495e+06 1.218655e+04 -1.321850e+06 -1.084462e+06 -1.437040e+04
-6.161616e-03 -2.248556e+06 3.317606e+04 -3.443572e+04 -2.124727e+06 4.073828e+04 -2.650521e+06 -2.180104e+06 -3.551187e+04 -3.820361e+04 2.124461e+06 1.730976e+06 2.260108e+04 2.180342e+06 -3.928420e+04 2.763571e+04 2.040900e+06 -4.400452e+04 2.421346e+06 1.972877e+06 2.530817e+04 -2.484736e+06 4.523124e+04 -3.112175e+04 -2.325827e+06 1.972854e+06 -2.955956e+04 2.985779e+04 1.864212e+06 3.611981e+04 -2.325817e+06 -1.913030e+06 -3.080525e+04
-5.959596e-03 -8.328574e+05 1.007299e+04 -1.454557e+04 -7.949770e+05 1.341725e+04 -9.819421e+05 -8.130498e+05 -1.492908e+04 -1.573294e+04 7.948820e+05 6.411493e+05 6.865273e+03 8.131339e+05 -1.611767e+04 9.101551e+03 7.560917e+05 -1.833925e+04 9.059595e+05 7.307477e+05 7.422942e+03 -9.266557e+05 1.877603e+04 -1.004286e+04 -8.616507e+05 7.307399e+05 -9.239602e+03 1.244829e+04 6.975073e+05 1.210296e+04 -8.616470e+05 -7.134461e+05 -1.278587e+04
-5.757576e-03 -5.335347e+05 5.913114e+03 -1.046225e+04 -5.135221e+05 8.438789e+03 -6.291641e+05 -5.248791e+05 -1.069785e+04 -1.118158e+04 5.134633e+05 4.107266e+05 4.030786e+03 5.249302e+05 -1.141781e+04 5.725319e+03 4.844522e+05 -1.310740e+04 5.852127e+05 4.681235e+05 4.232543e+03 -5.982167e+05 1.337551e+04 -6.229928e+03 -5.520884e+05 4.681184e+05 -5.549586e+03 8.899846e+03 4.505628e+05 7.699729e+03 -5.520859e+05 -4.605776e+05 -9.107270e+03
-5.555556e-03 -3.843214e+05 4.003462e+03 -8.337777e+03 -3.732857e+05 6.114193e+03 -4.532933e+05 -3.815218e+05 -8.500368e+03 -8.840034e+03 3.732449e+05 2.958600e+05 2.729298e+03 3.815565e+05 -9.002991e+03 4.149004e+03 3.490316e+05 -1.040151e+04 4.253988e+05 3.372044e+05 2.782397e+03 -4.348269e+05 1.058637e+04 -4.462188e+03 -3.977621e+05 3.372006e+05 -3.840864e+03 7.064444e+03 3.275214e+05 5.631262e+03 -3.977601e+05 -3.347823e+05 -7.207636e+03
-5.353535e-03 -2.936090e+05 2.906614e+03 -6.962602e+03 -2.881464e+05 4.753315e+03 -3.463657e+05 -2.945602e+05 -7.081536e+03 -7.338690e+03 2.881163e+05 2.260282e+05 1.981657e+03 2.945850e+05 -7.457845e+03 3.226199e+03 2.666974e+05 -8.658786e+03 3.283737e+05 2.576138e+05 1.958174e+03 -3.357135e+05 8.793892e+03 -3.434605e+03 -3.039334e+05 2.576107e+05 -2.850611e+03 5.882183e+03 2.528213e+05 4.413041e+03 -3.039317e+05 -2.584739e+05 -5.986969e+03
-5.151515e-03 -2.327574e+05 2.202339e+03 -5.973452e+03 -2.311564e+05 3.861749e+03 -2.746294e+05 -2.363781e+05 -6.063690e+03 -6.267458e+03 2.311334e+05 1.791836e+05 1.501557e+03 2.363963e+05 -6.357827e+03 2.621612e+03 2.114607e+05 -7.410620e+03 2.634275e+05 2.042228e+05 1.434712e+03 -2.694011e+05 7.513024e+03 -2.766077e+03 -2.409850e+05 2.042203e+05 -2.208961e+03 5.035278e+03 2.028190e+05 3.610229e+03 -2.409836e+05 -2.074195e+05 -5.114821e+03
-4.949495e-03 -1.893613e+05 1.718028e+03 -5.215662e+03 -1.906368e+05 3.235848e+03 -2.234652e+05 -1.950222e+05 -5.285901e+03 -5.452412e+03 1.906188e+05 1.457765e+05 1.171381e+03 1.950360e+05 -5.522725e+03 2.197151e+03 1.720645e+05 -6.457888e+03 2.172511e+05 1.661472e+05 1.078798e+03 -2.222664e+05 6.537510e+03 -2.299952e+03 -1.960887e+05 1.661450e+05 -1.763633e+03 4.388712e+03 1.672676e+05 3.043406e+03 -1.960874e+05 -1.711300e+05 -4.450661e+03
-4.747475e-03 -1.570606e+05 1.368901e+03 -4.610003e+03 -1.605979e+05 2.775132e+03 -1.853781e+05 -1.643680e+05 -4.665729e+03 -4.804839e+03 1.605835e+05 1.209108e+05 9.333530e+02 1.643784e+05 -4.860601e+03 1.884689e+03 1.427376e+05 -5.698821e+03 1.830185e+05 1.378066e+05 8.252015e+02 -1.873286e+05 5.761914e+03 -1.959129e+03 -1.626674e+05 1.378047e+05 -1.439621e+03 3.873480e+03 1.409118e+05 2.623865e+03 -1.626663e+05 -1.442312e+05 -3.922660e+03
-4.545455e-03 -1.322324e+05 1.108340e+03 -4.110857e+03 -1.376271e+05 2.424027e+03 -1.560984e+05 -1.409283e+05 -4.155727e+03 -4.273889e+03 1.376155e+05 1.017975e+05 7.556995e+02 1.409362e+05 -4.318769e+03 1.646544e+03 1.201925e+05 -5.074956e+03 1.568408e+05 1.160223e+05 6.381822e+02 -1.606136e+05 5.125693e+03 -1.701073e+03 -1.369747e+05 1.160207e+05 -1.195550e+03 3.449942e+03 1.207574e+05 2.302435e+03 -1.369736e+05 -1.236630e+05 -3.489570e+03
-4.343434e-03 -1.126566e+05 9.086114e+02 -3.689733e+03 -1.196334e+05 2.149245e+03 -1.330099e+05 -1.225676e+05 -3.726290e+03 -3.827945e+03 1.196239e+05 8.672762e+04 6.195177e+02 1.225736e+05 -3.864494e+03 1.460150e+03 1.024145e+05 -4.549873e+03 1.363350e+05 9.884650e+04 4.965602e+02 -1.396873e+05 4.591151e+03 -1.500380e+03 -1.167146e+05 9.884506e+04 -1.006722e+03 3.093402e+03 1.049699e+05 2.049589e+03 -1.167137e+05 -1.075517e+05 -3.125713e+03
-4.141414e-03 -9.689715e+04 7.522279e+02 -3.327741e+03 -1.052647e+05 1.929633e+03 -1.144200e+05 -1.079055e+05 -3.357811e+03 -3.446139e+03 1.052569e+05 7.459557e+04 5.128870e+02 1.079100e+05 -3.476188e+03 1.311166e+03 8.810052e+04 -4.099476e+03 1.199602e+05 8.501909e+04 3.870358e+02 -1.229764e+05 4.133379e+03 -1.340955e+03 -1.004021e+05 8.501782e+04 -8.575074e+02 2.787521e+03 9.236295e+04 1.846521e+03 -1.004013e+05 -9.468587e+04 -2.814122e+03
-3.939394e-03 -8.398516e+04 6.276518e+02 -3.011765e+03 -9.360922e+04 1.751122e+03 -9.918691e+04 -9.601147e+04 -3.036693e+03 -3.114041e+03 9.360278e+04 6.465556e+04 4.279421e+02 9.601481e+04 -3.138940e+03 1.190053e+03 7.637123e+04 -3.707076e+03 1.066776e+05 7.369006e+04 3.008732e+02 -1.094205e+05 3.735136e+03 -1.212123e+03 -8.703519e+04 7.368891e+04 -7.375545e+02 2.520982e+03 8.213657e+04 1.680686e+03 -8.703444e+04 -8.424902e+04 -2.543055e+03
-3.737374e-03 -7.324450e+04 5.269913e+02 -2.732360e+03 -8.403148e+04 1.604002e+03 -8.651367e+04 -8.623703e+04 -2.753159e+03 -2.821303e+03 8.402613e+04 5.638707e+04 3.593034e+02 8.623941e+04 -2.842068e+03 1.090228e+03 6.661302e+04 -3.360677e+03 9.576264e+04 6.426614e+04 2.321250e+02 -9.828025e+04 3.384050e+03 -1.106543e+03 -7.591453e+04 6.426511e+04 -6.397552e+02 2.285650e+03 7.373314e+04 1.543407e+03 -7.591384e+04 -7.567207e+04 -2.304086e+03
-3.535354e-03 -6.418987e+04 4.446866e+02 -2.482514e+03 -7.607596e+04 1.481372e+03 -7.582827e+04 -7.811746e+04 -2.499959e+03 -2.560273e+03 7.607150e+04 4.941652e+04 3.031801e+02 7.811907e+04 -2.577681e+03 1.007013e+03 5.838544e+04 -3.051397e+03 8.669642e+04 5.632153e+04 1.766210e+02 -8.902615e+04 3.070967e+03 -1.019011e+03 -6.653819e+04 5.632060e+04 -5.590812e+02 2.075501e+03 6.675303e+04 1.428498e+03 -6.653756e+04 -6.854727e+04 -2.090981e+03
-3.333333e-03 -5.646457e+04 3.767223e+02 -2.256892e+03 -6.940866e+04 1.378199e+03 -6.671026e+04 -7.131208e+04 -2.271588e+03 -2.325151e+03 6.940494e+04 4.346931e+04 2.568348e+02 7.131304e+04 -2.339808e+03 9.369948e+02 5.136475e+04 -2.772487e+03 7.909826e+04 4.954328e+04 1.313645e+02 -8.126986e+04 2.788942e+03 -9.457451e+02 -5.853723e+04 4.954244e+04 -4.918860e+02 1.885957e+03 6.090318e+04 1.331436e+03 -5.853666e+04 -6.257564e+04 -1.899012e+03
-3.131313e-03 -4.980100e+04 3.201377e+02 -2.051349e+03 -6.377985e+04 1.290739e+03 -5.884419e+04 -6.556616e+04 -2.063770e+03 -2.111444e+03 6.377675e+04 3.833945e+04 2.182488e+02 6.556659e+04 -2.123826e+03 8.776345e+02 4.530804e+04 -2.518713e+03 7.268357e+04 4.369658e+04 9.415707e+01 -7.472106e+04 2.532594e+03 -8.839394e+02 -5.163485e+04 4.369582e+04 -4.354697e+02 1.713468e+03 5.596450e+04 1.248846e+03 -5.163432e+04 -5.753367e+04 -1.724516e+03
-2.929293e-03 -4.399474e+04 2.727099e+02 -1.862597e+03 -5.899965e+04 1.216151e+03 -5.198910e+04 -6.068603e+04 -1.873123e+03 -1.915602e+03 5.899707e+04 3.386956e+04 1.859067e+02 6.068601e+04 -1.926089e+03 8.270068e+02 4.002978e+04 -2.285935e+03 6.723598e+04 3.860209e+04 6.335675e+01 -6.915905e+04 2.297673e+03 -8.314736e+02 -4.561959e+04 3.860141e+04 -3.877967e+02 1.555225e+03 5.177038e+04 1.178165e+03 -4.561911e+04 -5.325144e+04 -1.564598e+03
-2.727273e-03 -3.888712e+04 2.327449e+02 -1.687992e+03 -5.492163e+04 1.152251e+03 -4.595791e+04 -5.652235e+04 -1.696926e+03 -1.734779e+03 5.491949e+04 2.993749e+04 1.586534e+02 5.652197e+04 -1.743675e+03 7.836302e+02 3.538591e+04 -2.070823e+03 6.258859e+04 3.412058e+04 3.771854e+01 -6.441360e+04 2.080766e+03 -7.867210e+02 -4.032729e+04 3.411996e+04 -3.473091e+02 1.408971e+03 4.819235e+04 1.117412e+03 -4.032686e+04 -4.959788e+04 -1.416937e+03
-2.525253e-03 -3.435311e+04 1.989342e+02 -1.525371e+03 -5.143145e+04 1.097334e+03 -4.060323e+04 -5.295852e+04 -1.532960e+03 -1.566654e+03 5.142968e+04 2.644701e+04 1.355966e+02 5.295783e+04 -1.574206e+03 7.463492e+02 3.126295e+04 -1.870662e+03 5.861112e+04 3.014237e+04 1.628593e+01 -6.035181e+04 1.879090e+03 -7.484169e+02 -3.562863e+04 3.014181e+04 -3.127985e+02 1.272863e+03 4.513008e+04 1.065041e+03 -3.562823e+04 -4.647068e+04 -1.279639e+03
-2.323232e-03 -3.029289e+04 1.702558e+02 -1.372941e+03 -4.843892e+04 1.050059e+03 -3.580735e+04 -4.990256e+04 -1.379386e+03 -1.409307e+03 4.843746e+04 2.332126e+04 1.160396e+02 4.990159e+04 -1.415717e+03 7.142530e+02 2.757026e+04 -1.683204e+03 5.520077e+04 2.657985e+04 -1.684207e+00 -5.686885e+04 1.690346e+03 -7.155673e+02 -3.142031e+04 2.657935e+04 -2.833173e+02 1.145375e+03 4.250445e+04 1.019828e+03 -3.141996e+04 -4.378913e+04 -1.151137e+03
-2.121212e-03 -2.662571e+04 1.459043e+02 -1.229198e+03 -4.587226e+04 1.009355e+03 -3.147505e+04 -4.728126e+04 -1.234664e+03 -1.261132e+03 4.587107e+04 2.049808e+04 9.943312e+01 4.728007e+04 -1.266566e+03 6.866169e+02 2.423453e+04 -1.506564e+03 5.227575e+04 2.336219e+04 -1.677465e+01 -5.388129e+04 1.512608e+03 -6.873835e+02 -2.761879e+04 2.336174e+04 -2.581155e+02 1.025229e+03 4.025247e+04 9.807996e+02 -2.761847e+04 -4.148898e+04 -1.030122e+03
-1.919192e-03 -2.328540e+04 1.252399e+02 -1.092863e+03 -4.367399e+04 9.743669e+02 -2.752833e+04 -4.503599e+04 -1.097485e+03 -1.120768e+03 4.367301e+04 1.792654e+04 8.534100e+01 4.503462e+04 -1.125360e+03 6.628601e+02 2.119569e+04 -1.339141e+03 4.977055e+04 2.043133e+04 -2.944589e+01 -5.132230e+04 1.344241e+03 -6.632355e+02 -2.415560e+04 2.043093e+04 -2.365952e+02 9.113393e+02 3.832371e+04 9.471719e+02 -2.415532e+04 -3.951880e+04 -9.154819e+02
-1.717172e-03 -2.021713e+04 1.077517e+02 -9.628344e+02 -4.179780e+04 9.444050e+02 -2.390250e+04 -4.311955e+04 -9.667233e+02 -9.870458e+02 4.179702e+04 1.556441e+04 7.341485e+01 4.311802e+04 -9.909076e+02 6.425149e+02 1.840393e+04 -1.179561e+03 4.763241e+04 1.773915e+04 -4.006386e+01 -4.913809e+04 1.183844e+03 -6.426168e+02 -2.097400e+04 1.773880e+04 -2.182770e+02 8.027722e+02 3.667755e+04 9.183129e+02 -2.097375e+04 -3.783717e+04 -8.062624e+02
-1.515152e-03 -1.737481e+04 9.303054e+01 -8.381532e+02 -4.020636e+04 9.189121e+02 -2.054323e+04 -4.149384e+04 -8.414008e+02 -8.589482e+02 4.020574e+04 1.337623e+04 6.337560e+01 4.149218e+04 -8.621716e+02 6.252035e+02 1.581741e+04 -1.026628e+03 4.581876e+04 1.524522e+04 -4.892038e+01 -4.728524e+04 1.030197e+03 -6.251198e+02 -1.802629e+04 1.524492e+04 -2.027756e+02 6.987160e+02 3.528123e+04 8.937114e+02 -1.802607e+04 -3.641064e+04 -7.016341e+02
-1.313131e-03 -1.471926e+04 8.074827e+01 -7.179740e+02 -3.886952e+04 8.974383e+02 -1.740428e+04 -4.012813e+04 -7.206550e+02 -7.355817e+02 3.886903e+04 1.133183e+04 5.499956e+01 4.012636e+04 -7.382416e+02 6.106207e+02 1.340054e+04 -8.792864e+02 4.429527e+04 1.291516e+04 -5.624831e+01 -4.572870e+04 8.822279e+02 -6.104156e+02 -1.527192e+04 1.291490e+04 -1.897810e+02 5.984557e+02 3.410829e+04 8.729533e+02 -1.527173e+04 -3.521226e+04 -6.008674e+02
-1.111111e-03 -1.221664e+04 7.064278e+01 -6.015414e+02 -3.776305e+04 8.796217e+02 -1.444577e+04 -3.899770e+04 -6.037167e+02 -6.161492e+02 3.776267e+04 9.405165e+03 4.810796e+01 3.899584e+04 -6.183064e+02 5.985210e+02 1.112261e+04 -7.365974e+02 4.303431e+04 1.071929e+04 -6.223296e+01 -4.444033e+04 7.389801e+02 -5.982404e+02 -1.267588e+04 1.071907e+04 -1.790449e+02 5.013530e+02 3.313747e+04 8.557054e+02 -1.267572e+04 -3.422033e+04 -5.033117e+02
-9.090909e-04 -9.837351e+03 6.250633e+01 -4.881723e+02 -3.686765e+04 8.651737e+02 -1.163275e+04 -3.808287e+04 -4.898904e+02 -4.999309e+02 3.686736e+04 7.573437e+03 4.255916e+01 3.808093e+04 -5.016342e+02 5.887088e+02 8.956702e+03 -5.977106e+02 4.201389e+04 8.631626e+03 -6.702065e+01 -4.339767e+04 5.995898e+02 -5.883841e+02 -1.020751e+04 8.631449e+03 -1.703698e+02 4.068311e+02 3.235185e+04 8.417011e+02 -1.020738e+04 -3.341758e+04 -4.083795e+02
-7.070707e-04 -7.555011e+03 5.617687e+01 -3.772395e+02 -3.616819e+04 8.538680e+02 -8.934120e+03 -3.736820e+04 -3.785384e+02 -3.862675e+02 3.616798e+04 5.816346e+03 3.824267e+01 3.736621e+04 -3.875549e+02 5.810304e+02 6.878872e+03 -4.618469e+02 4.121677e+04 6.629026e+03 -7.072514e+01 -4.258315e+04 4.632660e+02 -5.806824e+02 -7.839513e+03 6.628890e+03 -1.636014e+02 3.143613e+02 3.173815e+04 8.307316e+02 -7.839414e+03 -3.279047e+04 -3.155328e+02
-5.050505e-04 -5.345721e+03 5.153162e+01 -2.681596e+02 -3.565318e+04 8.455323e+02 -6.321677e+03 -3.684197e+04 -2.690677e+02 -2.745463e+02 3.565301e+04 4.115491e+03 3.507474e+01 3.683994e+04 -2.754461e+02 5.753690e+02 4.867406e+03 -3.282818e+02 4.062985e+04 4.690521e+03 -7.343241e+01 -4.198339e+04 3.292730e+02 -5.750101e+02 -5.547145e+03 4.690424e+03 -1.586225e+02 2.234517e+02 3.128628e+04 8.226373e+02 -5.547075e+03 -3.232872e+04 -2.242712e+02
-3.030303e-04 -3.187386e+03 4.848223e+01 -1.603812e+02 -3.531431e+04 8.400421e+02 -3.769353e+03 -3.649570e+04 -1.609183e+02 -1.641887e+02 3.531417e+04 2.453862e+03 3.299515e+01 3.649365e+04 -1.647209e+02 5.716401e+02 2.902231e+03 -1.963309e+02 4.024366e+04 2.796723e+03 -7.520416e+01 -4.158874e+04 1.969169e+02 -5.712772e+02 -3.307532e+03 2.796665e+03 -1.553487e+02 1.336379e+02 3.098895e+04 8.173032e+02 -3.307489e+03 -3.202488e+04 -1.341228e+02
-1.010101e-04 -1.059144e+03 4.697157e+01 -5.337507e+01 -3.514619e+04 8.373169e+02 -1.252537e+03 -3.632392e+04 -5.355283e+01 -5.464020e+01 3.514607e+04 8.154000e+02 3.196492e+01 3.632185e+04 -5.481630e+01 5.697892e+02 9.643963e+02 -6.533783e+01 4.005207e+04 9.293303e+02 -7.608026e+01 -4.139296e+04 6.553168e+01 -5.694250e+02 -1.099076e+03 9.293110e+02 -1.537252e+02 4.447413e+01 3.084145e+04 8.146545e+02 -1.099062e+03 -3.187414e+04 -4.463463e+01
1.010101e-04 1.059144e+03 4.697157e+01 5.337507e+01 -3.514619e+04 8.373169e+02 1.252537e+03 -3.632392e+04 5.355283e+01 5.464020e+01 3.514607e+04 -8.154000e+02 3.196492e+01 3.632185e+04 5.481630e+01 5.697892e+02 -9.643963e+02 6.533783e+01 4.005207e+04 -9.293303e+02 -7.608026e+01 -4.139296e+04 -6.553168e+01 -5.694250e+02 1.099076e+03 -9.293110e+02 -1.537252e+02 -4.447413e+01 3.084145e+04 8.146545e+02 1.099062e+03 -3.187414e+04 4.463463e+01
3.030303e-04 3.187386e+03 4.848223e+01 1.603812e+02 -3.531431e+04 8.400421e+02 3.769353e+03 -3.649570e+04 1.609183e+02 1.641887e+02 3.531417e+04 -2.453862e+03 3.299515e+01 3.649365e+04 1.647209e+02 5.716401e+02 -2.902231e+03 1.963309e+02 4.024366e+04 -2.796723e+03 -7.520416e+01 -4.158874e+04 -1.969169e+02 -5.712772e+02 3.307532e+03 -2.796665e+03 -1.553487e+02 -1.336379e+02 3.098895e+04 8.173032e+02 3.307489e+03 -3.202488e+04 1.341228e+02
5.050505e-04 5.345721e+03 5.153162e+01 2.681596e+02 -3.565318e+04 8.455323e+02 6.321677e+03 -3.684197e+04 2.690677e+02 2.745463e+02 3.565301e+04 -4.115491e+03 3.507474e+01 3.683994e+04 2.754461e+02 5.753690e+02 -4.867406e+03 3.282818e+02 4.062985e+04 -4.690521e+03 -7.343241e+01 -4.198339e+04 -3.292730e+02 -5.750101e+02 5.547145e+03 -4.690424e+03 -1.586225e+02 -2.234517e+02 3.128628e+04 8.226373e+02 5.547075e+03 -3.232872e+04 2.242712e+02
7.070707e-04 7.555011e+03 5.617687e+01 3.772395e+02 -3.616819e+04 8.538680e+02 8.934120e+03 -3.736820e+04 3.785384e+02 3.862675e+02 3.616798e+04 -5.816346e+03 3.824267e+01 3.736621e+04 3.875549e+02 5.810304e+02 -6.878872e+03 4.618469e+02 4.121677e+04 -6.629026e+03 -7.072514e+01 -4.258315e+04 -4.632660e+02 -5.806824e+02 7.839513e+03 -6.628890e+03 -1.636014e+02 -3.143613e+02 3.173815e+04 8.307316e+02 7.839414e+03 -3.279047e+04 3.155328e+02
9.090909e-04 9.837351e+03 6.250633e+01 4.881723e+02 -3.686765e+04 8.651737e+02 1.163275e+04 -3.808287e+04 4.898904e+02 4.999309e+02 3.686736e+04 -7.573437e+03 4.255916e+01 3.808093e+04 5.016342e+02 5.887088e+02 -8.956702e+03 5.977106e+02 4.201389e+04 -8.631626e+03 -6.702065e+01 -4.339767e+04 -5.995898e+02 -5.883841e+02 1.020751e+04 -8.631449e+03 -1.703698e+02 -4.068311e+02 3.235185e+04 8.417011e+02 1.020738e+04 -3.341758e+04 4.083795e+02
1.111111e-03 1.221664e+04 7.064278e+01 6.015414e+02 -3.776305e+04 8.796217e+02 1.444577e+04 -3.899770e+04 6.037167e+02 6.161492e+02 3.776267e+04 -9.405165e+03 4.810796e+01 3.899584e+04 6.183064e+02 5.985210e+02 -1.112261e+04 7.365974e+02 4.303431e+04 -1.071929e+04 -6.223296e+01 -4.444033e+04 -7.389801e+02 -5.982404e+02 1.267588e+04 -1.071907e+04 -1.790449e+02 -5.013530e+02 3.313747e+04 8.557054e+02 1.267572e+04 -3.422033e+04 5.033117e+02
1.313131e-03 1.471926e+04 8.074827e+01 7.179740e+02 -3.886952e+04 8.974383e+02 1.740428e+04 -4.012813e+04 7.206550e+02 7.355817e+02 3.886903e+04 -1.133183e+04 5.499956e+01 4.012636e+04 7.382416e+02 6.106207e+02 -1.340054e+04 8.792864e+02 4.429527e+04 -1.291516e+04 -5.624831e+01 -4.572870e+04 -8.822279e+02 -6.104156e+02 1.527192e+04 -1.291490e+04 -1.897810e+02 -5.984557e+02 3.410829e+04 8.729533e+02 1.527173e+04 -3.521226e+04 6.008674e+02
1.515152e-03 1.737481e+04 9.303054e+01 8.381532e+02 -4.020636e+04 9.189121e+02 2.054323e+04 -4.149384e+04 8.414008e+02 8.589482e+02 4.020574e+04 -1.337623e+04 6.337560e+01 4.149218e+04 8.621716e+02 6.252035e+02 -1.581741e+04 1.026628e+03 4.581876e+04 -1.524522e+04 -4.892038e+01 -4.728524e+04 -1.030197e+03 -6.251198e+02 1.802629e+04 -1.524492e+04 -2.027756e+02 -6.987160e+02 3.528123e+04 8.937114e+02 1.802607e+04 -3.641064e+04 7.016341e+02
1.717172e-03 2.021713e+04 1.077517e+02 9.628344e+02 -4.179780e+04 9.444050e+02 2.390250e+04 -4.311955e+04 9.667233e+02 9.870458e+02 4.179702e+04 -1.556441e+04 7.341485e+01 4.311802e+04 9.909076e+02 6.425149e+02 -1.840393e+04 1.179561e+03 4.763241e+04 -1.773915e+04 -4.006386e+01 -4.913809e+04 -1.183844e+03 -6.426168e+02 2.097400e+04 -1.773880e+04 -2.182770e+02 -8.027722e+02 3.667755e+04 9.183129e+02 2.097375e+04 -3.783717e+04 8.062624e+02
1.919192e-03 2.328540e+04 1.252399e+02 1.092863e+03 -4.367399e+04 9.743669e+02 2.752833e+04 -4.503599e+04 1.097485e+03 1.120768e+03 4.367301e+04 -1.792654e+04 8.534100e+01 4.503462e+04 1.125360e+03 6.628601e+02 -2.119569e+04 1.339141e+03 4.977055e+04 -2.043133e+04 -2.944589e+01 -5.132230e+04 -1.344241e+03 -6.632355e+02 2.415560e+04 -2.043093e+04 -2.365952e+02 -9.113393e+02 3.832371e+04 9.471719e+02 2.415532e+04 -3.951880e+04 9.154819e+02
2.121212e-03 2.662571e+04 1.459043e+02 1.229198e+03 -4.587226e+04 1.009355e+03 3.147505e+04 -4.728126e+04 1.234664e+03 1.261132e+03 4.587107e+04 -2.049808e+04 9.943312e+01 4.728007e+04 1.266566e+03 6.866169e+02 -2.423453e+04 1.506564e+03 5.227575e+04 -2.336219e+04 -1.677465e+01 -5.388129e+04 -1.512608e+03 -6.873835e+02 2.761879e+04 -2.336174e+04 -2.581155e+02 -1.025229e+03 4.025247e+04 9.807996e+02 2.761847e+04 -4.148898e+04 1.030122e+03
2.323232e-03 3.029289e+04 1.702558e+02 1.372941e+03 -4.843892e+04 1.050059e+03 3.580735e+04 -4.990256e+04 1.379386e+03 1.409307e+03 4.843746e+04 -2.332126e+04 1.160396e+02 4.990159e+04 1.415717e+03 7.142530e+02 -2.757026e+04 1.683204e+03 5.520077e+04 -2.657985e+04 -1.684207e+00 -5.686885e+04 -1.690346e+03 -7.155673e+02 3.142031e+04 -2.657935e+04 -2.833173e+02 -1.145375e+03 4.250445e+04 1.019828e+03 3.141996e+04 -4.378913e+04 1.151137e+03
2.525253e-03 3.435311e+04 1.989342e+02 1.525371e+03 -5.143145e+04 1.097334e+03 4.060323e+04 -5.295852e+04 1.532960e+03 1.566654e+03 5.142968e+04 -2.644701e+04 1.355966e+02 5.295783e+04 1.574206e+03 7.463492e+02 -3.126295e+04 1.870662e+03 5.861112e+04 -3.014237e+04 1.628593e+01 -6.035181e+04 -1.879090e+03 -7.484169e+02 3.562863e+04 -3.014181e+04 -3.127985e+02 -1.272863e+03 4.513008e+04 1.065041e+03 3.562823e+04 -4.647068e+04 1.279639e+03
2.727273e-03 3.888712e+04 2.327449e+02 1.687992e+03 -5.492163e+04 1.152251e+03 4.595791e+04 -5.652235e+04 1.696926e+03 1.734779e+03 5.491949e+04 -2.993749e+04 1.586534e+02 5.652197e+04 1.743675e+03 7.836302e+02 -3.538591e+04 2.070823e+03 6.258859e+04 -3.412058e+04 3.771854e+01 -6.441360e+04 -2.080766e+03 -7.867210e+02 4.032729e+04 -3.411996e+04 -3.473091e+02 -1.408971e+03 4.819235e+04 1.117412e+03 4.032686e+04 -4.959788e+04 1.416937e+03
2.929293e-03 4.399474e+04 2.727099e+02 1.862597e+03 -5.899965e+04 1.216151e+03 5.198910e+04 -6.068603e+04 1.873123e+03 1.915602e+03 5.899707e+04 -3.386956e+04 1.859067e+02 6.068601e+04 1.926089e+03 8.270068e+02 -4.002978e+04 2.285935e+03 6.723598e+04 -3.860209e+04 6.335675e+01 -6.915905e+04 -2.297673e+03 -8.314736e+02 4.561959e+04 -3.860141e+04 -3.877967e+02 -1.555225e+03 5.177038e+04 1.178165e+03 4.561911e+04 -5.325144e+04 1.564598e+03
3.131313e-03 4.980100e+04 3.201377e+02 2.051349e+03 -6.377985e+04 1.290739e+03 5.884419e+04 -6.556616e+04 2.063770e+03 2.111444e+03 6.377675e+04 -3.833945e+04 2.182488e+02 6.556659e+04 2.123826e+03 8.776345e+02 -4.530804e+04 2.518713e+03 7.268357e+04 -4.369658e+04 9.415707e+01 -7.472106e+04 -2.532594e+03 -8.839394e+02 5.163485e+04 -4.369582e+04 -4.354697e+02 -1.713468e+03 5.596450e+04 1.248846e+03 5.163432e+04 -5.753367e+04 1.724516e+03
3.333333e-03 5.646457e+04 3.767223e+02 2.256892e+03 -6.940866e+04 1.378199e+03 6.671026e+04 -7.131208e+04 2.271588e+03 2.325151e+03 6.940494e+04 -4.346931e+04 2.568348e+02 7.131304e+04 2.339808e+03 9.369948e+02 -5.136475e+04 2.772487e+03 7.909826e+04 -4.954328e+04 1.313645e+02 -8.126986e+04 -2.788942e+03 -9.457451e+02 5.853723e+04 -4.954244e+04 -4.918860e+02 -1.885957e+03 6.090318e+04 1.331436e+03 5.853666e+04 -6.257564e+04 1.899012e+03
3.535354e-03 6.418987e+04 4.446866e+02 2.482514e+03 -7.607596e+04 1.481372e+03 7.582827e+04 -7.811746e+04 2.499959e+03 2.560273e+03 7.607150e+04 -4.941652e+04 3.031801e+02 7.811907e+04 2.577681e+03 1.007013e+03 -5.838544e+04 3.051397e+03 8.669642e+04 -5.632153e+04 1.766210e+02 -8.902615e+04 -3.070967e+03 -1.019011e+03 6.653819e+04 -5.632060e+04 -5.590812e+02 -2.075501e+03 6.675303e+04 1.428498e+03 6.653756e+04 -6.854727e+04 2.090981e+03
3.737374e-03 7.324450e+04 5.269913e+02 2.732360e+03 -8.403148e+04 1.604002e+03 8.651367e+04 -8.623703e+04 2.753159e+03 2.821303e+03 8.402613e+04 -5.638707e+04 3.593034e+02 8.623941e+04 2.842068e+03 1.090228e+03 -6.661302e+04 3.360677e+03 9.576264e+04 -6.426614e+04 2.321250e+02 -9.828025e+04 -3.384050e+03 -1.106543e+03 7.591453e+04 -6.426511e+04 -6.397552e+02 -2.285650e+03 7.373314e+04 1.543407e+03 7.591384e+04 -7.567207e+04 2.304086e+03
3.939394e-03 8.398516e+04 6.276518e+02 3.011765e+03 -9.360922e+04 1.751122e+03 9.918691e+04 -9.601147e+04 3.036693e+03 3.114041e+03 9.360278e+04 -6.465556e+04 4.279421e+02 9.601481e+04 3.138940e+03 1.190053e+03 -7.637123e+04 3.707076e+03 1.066776e+05 -7.369006e+04 3.008732e+02 -1.094205e+05 -3.735136e+03 -1.212123e+03 8.703519e+04 -7.368891e+04 -7.375545e+02 -2.520982e+03 8.213657e+04 1.680686e+03 8.703444e+04 -8.424902e+04 2.543055e+03
4.141414e-03 9.689715e+04 7.522279e+02 3.327741e+03 -1.052647e+05 1.929633e+03 1.144200e+05 -1.079055e+05 3.357811e+03 3.446139e+03 1.052569e+05 -7.459557e+04 5.128870e+02 1.079100e+05 3.476188e+03 1.311166e+03 -8.810052e+04 4.099476e+03 1.199602e+05 -8.501909e+04 3.870358e+02 -1.229764e+05 -4.133379e+03 -1.340955e+03 1.004021e+05 -8.501782e+04 -8.575074e+02 -2.787521e+03 9.236295e+04 1.846521e+03 1.004013e+05 -9.468587e+04 2.814122e+03
4.343434e-03 1.126566e+05 9.086114e+02 3.689733e+03 -1.196334e+05 2.149245e+03 1.330099e+05 -1.225676e+05 3.726290e+03 3.827945e+03 1.196239e+05 -8.672762e+04 6.195177e+02 1.225736e+05 3.864494e+03 1.460150e+03 -1.024145e+05 4.549873e+03 1.363350e+05 -9.884650e+04 4.965602e+02 -1.396873e+05 -4.591151e+03 -1.500380e+03 1.167146e+05 -9.884506e+04 -1.006722e+03 -3.093402e+03 1.049699e+05 2.049589e+03 1.167137e+05 -1.075517e+05 3.125713e+03
4.545455e-03 1.322324e+05 1.108340e+03 4.110857e+03 -1.376271e+05 2.424027e+03 1.560984e+05 -1.409283e+05 4.155727e+03 4.273889e+03 1.376155e+05 -1.017975e+05 7.556995e+02 1.409362e+05 4.318769e+03 1.646544e+03 -1.201925e+05 5.074956e+03 1.568408e+05 -1.160223e+05 6.381822e+02 -1.606136e+05 -5.125693e+03 -1.701073e+03 1.369747e+05 -1.160207e+05 -1.195550e+03 -3.449942e+03 1.207574e+05 2.302435e+03 1.369736e+05 -1.236630e+05 3.489570e+03
4.747475e-03 1.570606e+05 1.368901e+03 4.610003e+03 -1.605979e+05 2.775132e+03 1.853781e+05 -1.643680e+05 4.665729e+03 4.804839e+03 1.605835e+05 -1.209108e+05 9.333530e+02 1.643784e+05 4.860601e+03 1.884689e+03 -1.427376e+05 5.698821e+03 1.830185e+05 -1.378066e+05 8.252015e+02 -1.873286e+05 -5.761914e+03 -1.959129e+03 1.626674e+05 -1.378047e+05 -1.439621e+03 -3.873480e+03 1.409118e+05 2.623865e+03 1.626663e+05 -1.442312e+05 3.922660e+03
4.949495e-03 1.893613e+05 1.718028e+03 5.215662e+03 -1.906368e+05 3.235848e+03 2.234652e+05 -1.950222e+05 5.285901e+03 5.452412e+03 1.906188e+05 -1.457765e+05 1.171381e+03 1.950360e+05 5.522725e+03 2.197151e+03 -1.720645e+05 6.457888e+03 2.172511e+05 -1.661472e+05 1.078798e+03 -2.222664e+05 -6.537510e+03 -2.299952e+03 1.960887e+05 -1.661450e+05 -1.763633e+03 -4.388712e+03 1.672676e+05 3.043406e+03 1.960874e+05 -1.711300e+05 4.450661e+03
5.151515e-03 2.327574e+05 2.202339e+03 5.973452e+03 -2.311564e+05 3.861749e+03 2.746294e+05 -2.363781e+05 6.063690e+03 6.267458e+03 2.311334e+05 -1.791836e+05 1.501557e+03 2.363963e+05 6.357827e+03 2.621612e+03 -2.114607e+05 7.410620e+03 2.634275e+05 -2.042228e+05 1.434712e+03 -2.694011e+05 -7.513024e+03 -2.766077e+03 2.409850e+05 -2.042203e+05 -2.208961e+03 -5.035278e+03 2.028190e+05 3.610229e+03 2.409836e+05 -2.074195e+05 5.114821e+03
5.353535e-03 2.936090e+05 2.906614e+03 6.962602e+03 -2.881464e+05 4.753315e+03 3.463657e+05 -2.945602e+05 7.081536e+03 7.338690e+03 2.881163e+05 -2.260282e+05 1.981657e+03 2.945850e+05 7.457845e+03 3.226199e+03 -2.666974e+05 8.658786e+03 3.283737e+05 -2.576138e+05 1.958174e+03 -3.357135e+05 -8.793892e+03 -3.434605e+03 3.039334e+05 -2.576107e+05 -2.850611e+03 -5.882183e+03 2.528213e+05 4.413041e+03 3.039317e+05 -2.584739e+05 5.986969e+03
5.555556e-03 3.843214e+05 4.003462e+03 8.337777e+03 -3.732857e+05 6.114193e+03 4.532933e+05 -3.815218e+05 8.500368e+03 8.840034e+03 3.732449e+05 -2.958600e+05 2.729298e+03 3.815565e+05 9.002991e+03 4.149004e+03 -3.490316e+05 1.040151e+04 4.253988e+05 -3.372044e+05 2.782397e+03 -4.348269e+05 -1.058637e+04 -4.462188e+03 3.977621e+05 -3.372006e+05 -3.840864e+03 -7.064444e+03 3.275214e+05 5.631262e+03 3.977601e+05 -3.347823e+05 7.207636e+03
5.757576e-03 5.335347e+05 5.913114e+03 1.046225e+04 -5.135221e+05 8.438789e+03 6.291641e+05 -5.248791e+05 1.069785e+04 1.118158e+04 5.134633e+05 -4.107266e+05 4.030786e+03 5.249302e+05 1.141781e+04 5.725319e+03 -4.844522e+05 1.310740e+04 5.852127e+05 -4.681235e+05 4.232543e+03 -5.982167e+05 -1.337551e+04 -6.229928e+03 5.520884e+05 -4.681184e+05 -5.549586e+03 -8.899846e+03 4.505628e+05 7.699729e+03 5.520859e+05 -4.605776e+05 9.107270e+03
5.959596e-03 8.328574e+05 1.007299e+04 1.454557e+04 -7.949770e+05 1.341725e+04 9.819421e+05 -8.130498e+05 1.492908e+04 1.573294e+04 7.948820e+05 -6.411493e+05 6.865273e+03 8.131339e+05 1.611767e+04 9.101551e+03 -7.560917e+05 1.833925e+04 9.059595e+05 -7.307477e+05 7.422942e+03 -9.266557e+05 -1.877603e+04 -1.004286e+04 8.616507e+05 -7.307399e+05 -9.239602e+03 -1.244829e+04 6.975073e+05 1.210296e+04 8.616470e+05 -7.134461e+05 1.278587e+04
6.161616e-03 2.248556e+06 3.317606e+04 3.443572e+04 -2.124727e+06 4.073828e+04 2.650521e+06 -2.180104e+06 3.551187e+04 3.820361e+04 2.124461e+06 -1.730976e+06 2.260108e+04 2.180342e+06 3.928420e+04 2.763571e+04 -2.040900e+06 4.400452e+04 2.421346e+06 -1.972877e+06 2.530817e+04 -2.484736e+06 -4.523124e+04 -3.112175e+04 2.325827e+06 -1.972854e+06 -2.955956e+04 -2.985779e+04 1.864212e+06 3.611981e+04 2.325817e+06 -1.913030e+06 3.080525e+04
6.363636e-03 1.278223e+06 1.018926e+04 1.619635e+04 -1.218953e+06 1.340192e+04 1.506389e+06 -1.235859e+06 1.684265e+04 1.739169e+04 1.218800e+06 -9.839881e+05 6.956246e+03 1.236004e+06 1.803967e+04 9.076548e+03 -1.159920e+06 2.035253e+04 1.389123e+06 -1.121501e+06 7.414073e+03 -1.408558e+06 -2.108923e+04 -9.917349e+03 1.321853e+06 -1.121495e+06 -9.454149e+03 -1.380220e+04 1.069495e+06 1.218655e+04 1.321850e+06 -1.084462e+06 1.437040e+04
6.565657e-03 1.800564e+06 1.166161e+04 1.848235e+04 -1.715242e+06 1.496524e+04 2.121503e+06 -1.733683e+06 1.943347e+04 1.983461e+04 1.715020e+06 -1.386083e+06 7.971459e+03 1.733898e+06 2.078788e+04 1.012278e+04 -1.633562e+06 2.322599e+04 1.954694e+06 -1.579792e+06 8.488480e+03 -1.975957e+06 -2.431039e+04 -1.103842e+04 1.861616e+06 -1.579786e+06 -1.082863e+04 -1.573928e+04 1.504929e+06 1.362958e+04 1.861613e+06 -1.521304e+06 1.657508e+04
6.767677e-03 3.520735e+06 2.138598e+04 2.761849e+04 -3.346366e+06 2.563015e+04 4.147354e+06 -3.377971e+06 2.955625e+04 3.001782e+04 3.345919e+06 -2.710268e+06 1.462789e+04 3.378408e+06 3.195979e+04 1.731878e+04 -3.193485e+06 3.495495e+04 3.813521e+06 -3.089039e+06 1.596072e+04 -3.850041e+06 -3.716476e+04 -1.914051e+04 3.639304e+06 -3.089031e+06 -1.947506e+04 -2.366078e+04 2.936045e+06 2.308655e+04 3.639300e+06 -2.964168e+06 2.536323e+04
6.969697e-03 1.113299e+07 6.111498e+04 5.974113e+04 -1.056810e+07 6.776197e+04 1.311142e+07 -1.065209e+07 6.611870e+04 6.634436e+04 1.056665e+07 -8.570157e+06 4.184347e+04 1.065353e+07 7.273459e+04 4.571751e+04 -1.009590e+07 7.654190e+04 1.204339e+07 -9.767887e+06 4.680752e+04 -1.214076e+07 -8.381566e+04 -5.135558e+04 1.150529e+07 -9.767872e+06 -5.450480e+04 -5.170327e+04 9.272249e+06 6.020540e+04 1.150528e+07 -9.347220e+06 5.730517e+04
7.171717e-03 -1.054115e+08 -4.478910e+05 -2.988444e+05 1.000732e+08 -4.475646e+05 -1.241140e+08 1.006357e+08 -3.623249e+05 -3.448528e+05 -1.000585e+08 8.114476e+07 -3.075002e+05 -1.006504e+08 -4.084342e+05 -3.008235e+05 9.556972e+07 -3.918007e+05 -1.140432e+08 9.248594e+07 -3.516682e+05 1.147003e+08 4.641951e+05 3.438231e+05 -1.089104e+08 9.248534e+07 3.917778e+05 2.631609e+05 -8.780165e+07 -3.917339e+05 -1.089110e+08 8.830859e+07 -3.189076e+05
7.373737e-03 -7.328343e+07 -1.187547e+05 -2.163132e+04 6.970071e+07 -7.635408e+04 -8.626503e+07 6.981268e+07 -6.729112e+04 -3.167353e+04 -6.969045e+07 5.641280e+07 -8.301246e+04 -6.982293e+07 -7.735655e+04 -4.951985e+04 6.642542e+07 -3.376876e+04 -7.943056e+07 6.429719e+07 -9.683050e+04 7.956977e+07 8.581836e+04 5.831666e+04 -7.569799e+07 6.429711e+07 1.019768e+05 2.077358e+04 -6.115371e+07 -6.511669e+04 -7.569806e+07 6.126102e+07 -6.084763e+04
7.575758e-03 1.357710e+07 1.414929e+04 -3.302208e+04 -1.292900e+07 -1.395172e+03 1.597821e+07 -1.293468e+07 -2.422260e+04 -3.237621e+04 1.292704e+07 -1.045145e+07 1.006694e+04 1.293663e+07 -2.357501e+04 -1.404157e+03 -1.230351e+07 -3.931177e+04 1.473378e+07 -1.191220e+07 1.377117e+04 -1.474249e+07 2.928203e+04 -3.628735e+02 1.402099e+07 -1.191220e+07 -1.011733e+04 2.711712e+04 1.134357e+07 -3.187587e+03 1.402098e+07 -1.135027e+07 -1.939504e+04
7.777778e-03 4.199080e+06 8.587979e+03 -2.229135e+04 -4.001840e+06 1.463994e+03 4.940427e+06 -4.007047e+06 -1.946197e+04 -2.178378e+04 4.001217e+06 -3.232373e+06 5.980768e+03 4.007670e+06 -1.895294e+04 8.459391e+02 -3.804235e+06 -2.659715e+04 4.560454e+06 -3.684154e+06 8.501686e+03 -4.567099e+06 2.337173e+04 -2.410524e+03 4.335269e+06 -3.684155e+06 -5.850105e+03 1.819627e+04 3.511105e+06 -1.620330e+02 4.335268e+06 -3.516219e+06 -1.571269e+04
7.979798e-03 2.235480e+06 7.475649e+03 -1.841704e+04 -2.132457e+06 2.493241e+03 2.629470e+06 -2.137743e+06 -1.685244e+04 -1.791301e+04 2.132116e+06 -1.720821e+06 5.159340e+03 2.138085e+06 -1.634687e+04 1.610157e+03 -2.024757e+06 -2.194976e+04 2.430120e+06 -1.961342e+06 7.340311e+03 -2.436534e+06 2.016588e+04 -3.093610e+03 2.307388e+06 -1.961343e+06 -5.099285e+03 1.497844e+04 1.870956e+06 9.289742e+02 2.307388e+06 -1.875894e+06 -1.360454e+04
8.181818e-03 1.571161e+06 8.739168e+03 -1.759059e+04 -1.499000e+06 4.446905e+03 1.847579e+06 -1.506037e+06 -1.645037e+04 -1.691980e+04 1.498754e+06 -1.209437e+06 5.994842e+03 1.506284e+06 -1.577743e+04 2.958192e+03 -1.422689e+06 -2.086281e+04 1.708237e+06 -1.378485e+06 8.333632e+03 -1.716538e+06 1.956238e+04 -4.670452e+03 1.621274e+06 -1.378486e+06 -6.166828e+03 1.421864e+04 1.315177e+06 2.602688e+03 1.621275e+06 -1.321568e+06 -1.321673e+04
8.383838e-03 1.434462e+06 1.359876e+04 -2.026132e+04 -1.366074e+06 9.022892e+03 1.686380e+06 -1.378090e+06 -1.918510e+04 -1.910223e+04 1.365846e+06 -1.104206e+06 9.290561e+03 1.378323e+06 -1.802213e+04 6.066981e+03 -1.298567e+06 -2.380520e+04 1.556754e+06 -1.258547e+06 1.251748e+04 -1.570710e+06 2.257696e+04 -8.589436e+03 1.479822e+06 -1.258548e+06 -1.000307e+04 1.621168e+04 1.198551e+06 6.241853e+03 1.479825e+06 -1.209297e+06 -1.526494e+04
8.585859e-03 2.161126e+06 3.473304e+04 -3.658413e+04 -2.046812e+06 2.699805e+04 2.539980e+06 -2.079192e+06 -3.491578e+04 -3.340144e+04 2.046464e+06 -1.663568e+06 2.366896e+04 2.079557e+06 -3.172199e+04 1.823380e+04 -1.955880e+06 -4.233350e+04 2.332507e+06 -1.896095e+06 3.100323e+04 -2.369811e+06 4.042710e+04 -2.428883e+04 2.228873e+06 -1.896098e+06 -2.644832e+04 2.881586e+04 1.795806e+06 2.018070e+04 2.228884e+06 -1.824533e+06 -2.734548e+04
8.787879e-03 1.196847e+06 2.012405e+04 -2.389799e+04 -1.136326e+06 1.528028e+04 1.406265e+06 -1.154395e+06 -2.294141e+04 -2.207450e+04 1.136130e+06 -9.212918e+05 1.371190e+04 1.154603e+06 -2.111118e+04 1.031729e+04 -1.082882e+06 -2.781476e+04 1.294932e+06 -1.050069e+06 1.813708e+04 -1.315753e+06 2.672176e+04 -1.395255e+04 1.234022e+06 -1.050071e+06 -1.514798e+04 1.892371e+04 9.969751e+05 1.121316e+04 1.234030e+06 -1.013009e+06 -1.808019e+04
8.989899e-03 6.728615e+05 1.071449e+04 -1.558640e+04 -6.421495e+05 7.661308e+03 7.903667e+05 -6.512453e+05 -1.502842e+04 -1.464309e+04 6.420363e+05 -5.179424e+05 7.302601e+03 6.513651e+05 -1.408141e+04 5.167578e+03 -6.086177e+05 -1.829352e+04 7.317776e+05 -5.903416e+05 9.842738e+03 -7.422754e+05 1.765629e+04 -7.223441e+03 6.935624e+05 -5.903432e+05 -7.881374e+03 1.244051e+04 5.634006e+05 5.388145e+03 6.935666e+05 -5.714848e+05 -1.194841e+04
9.191919e-03 4.648723e+05 7.287193e+03 -1.227357e+04 -4.457173e+05 4.958673e+03 5.458949e+05 -4.516016e+05 -1.187411e+04 -1.164700e+04 4.456373e+05 -3.578383e+05 4.967382e+03 4.516864e+05 -1.124492e+04 3.341799e+03 -4.203655e+05 -1.447812e+04 5.079271e+05 -4.078590e+05 6.804621e+03 -5.147264e+05 1.402210e+04 -4.815736e+03 4.790348e+05 -4.078604e+05 -5.250805e+03 9.842270e+03 3.910575e+05 3.343679e+03 4.790379e+05 -3.962936e+05 -9.489848e+03
9.393939e-03 3.482319e+05 5.449034e+03 -1.034060e+04 -3.354352e+05 3.544770e+03 4.088032e+05 -3.396322e+05 -1.003075e+04 -9.881993e+03 3.353740e+05 -2.680520e+05 3.714700e+03 3.396973e+05 -9.570133e+03 2.387031e+03 -3.147998e+05 -1.224173e+04 3.822517e+05 -3.055228e+05 5.166029e+03 -3.871063e+05 1.188816e+04 -3.544710e+03 3.587347e+05 -3.055241e+05 -3.848849e+03 8.319305e+03 2.942998e+05 2.285979e+03 3.587372e+05 -2.980382e+05 -8.045832e+03
9.595960e-03 2.733264e+05 4.298346e+03 -9.032033e+03 -2.645373e+05 2.680762e+03 3.207712e+05 -2.677011e+05 -8.780367e+03 -8.677449e+03 2.644882e+05 -2.103921e+05 2.930422e+03 2.677534e+05 -8.424142e+03 1.803807e+03 -2.470118e+05 -1.072188e+04 3.014579e+05 -2.398035e+05 4.134582e+03 -3.051209e+05 1.043482e+04 -2.760763e+03 2.814853e+05 -2.398047e+05 -2.976797e+03 7.284327e+03 2.320964e+05 1.647136e+03 2.814874e+05 -2.349172e+05 -7.062096e+03
9.797980e-03 2.214055e+05 3.512429e+03 -8.071027e+03 -2.153399e+05 2.104427e+03 2.597575e+05 -2.178140e+05 -7.860185e+03 -7.786741e+03 2.152993e+05 -1.704251e+05 2.394712e+03 2.178573e+05 -7.574514e+03 1.414903e+03 -2.000289e+05 -9.602014e+03 2.453936e+05 -1.942500e+05 3.426285e+03 -2.482607e+05 9.361623e+03 -2.232855e+03 2.279448e+05 -1.942511e+05 -2.384951e+03 6.521744e+03 1.889323e+05 1.226127e+03 2.279466e+05 -1.911402e+05 -6.335462e+03
1.000000e-02 1.835551e+05 2.944094e+03 -7.327663e+03 -1.794327e+05 1.697232e+03 2.152831e+05 -1.814195e+05 -7.146971e+03 -7.093689e+03 1.793983e+05 -1.412892e+05 2.007287e+03 1.814562e+05 -6.911799e+03 1.140221e+03 -1.657818e+05 -8.733300e+03 2.044745e+05 -1.610416e+05 2.911376e+03 -2.067790e+05 8.527381e+03 -1.856273e+03 1.889177e+05 -1.610426e+05 -1.959632e+03 5.930197e+03 1.574286e+05 9.323773e+02 1.889193e+05 -1.592032e+05 -5.770462e+03
