-1.000000e-02 -1.297143e+05 -1.823179e+03 3.983552e+03 -6.528021e+04 3.909257e+03 -3.013429e+04 -5.919234e+04 4.662103e+03 3.888160e+03 6.539385e+04 9.995870e+04 -1.274403e+03 5.907934e+04 4.571482e+03 2.688957e+03 2.311089e+04 4.811857e+03 7.450070e+04 1.138704e+05 -1.214674e+03 -6.743415e+04 -5.582585e+03 -3.601472e+03 -2.639327e+04 1.138674e+05 1.837733e+03 -3.202135e+03 5.730128e+04 2.893493e+03 -2.638849e+04 -5.185956e+04 3.804350e+03
-9.797980e-03 -1.439559e+05 -1.903993e+03 4.148206e+03 -7.181977e+04 4.218143e+03 -3.330921e+04 -6.489580e+04 4.880032e+03 4.042444e+03 7.194321e+04 1.109303e+05 -1.331849e+03 6.477300e+04 4.779370e+03 2.901268e+03 2.554853e+04 5.007742e+03 8.196267e+04 1.263707e+05 -1.271663e+03 -7.393219e+04 -5.839478e+03 -3.874940e+03 -2.917552e+04 1.263674e+05 1.917140e+03 -3.331164e+03 6.304101e+04 3.133036e+03 -2.917013e+04 -5.685697e+04 3.980214e+03
-9.595960e-03 -1.606609e+05 -1.989487e+03 4.330937e+03 -7.946962e+04 4.572941e+03 -3.702802e+04 -7.154434e+04 5.124483e+03 4.212967e+03 7.960438e+04 1.237996e+05 -1.392866e+03 7.141019e+04 5.011992e+03 3.145153e+03 2.840388e+04 5.224886e+03 9.069142e+04 1.410331e+05 -1.331486e+03 -8.150700e+04 -6.127280e+03 -4.188926e+03 -3.243447e+04 1.410293e+05 2.001890e+03 -3.473935e+03 6.975522e+04 3.408332e+03 -3.242835e+04 -6.268252e+04 4.177257e+03
-9.393939e-03 -1.804468e+05 -2.079573e+03 4.535345e+03 -8.850821e+04 4.984461e+03 -4.142662e+04 -7.937102e+04 5.401101e+03 4.402851e+03 8.865618e+04 1.390421e+05 -1.457487e+03 7.922362e+04 5.274529e+03 3.428048e+03 3.178132e+04 5.467477e+03 1.010046e+05 1.583997e+05 -1.393894e+03 -9.042412e+04 -6.452516e+03 -4.552948e+03 -3.628923e+04 1.583954e+05 2.092194e+03 -3.633122e+03 7.768828e+04 3.727823e+03 -3.628225e+04 -6.954045e+04 4.399958e+03
-9.191919e-03 -2.041457e+05 -2.173871e+03 4.766161e+03 -9.931109e+04 5.467216e+03 -4.668803e+04 -8.868912e+04 5.717366e+03 4.616173e+03 9.947465e+04 1.572989e+05 -1.525579e+03 8.852607e+04 5.573823e+03 3.759936e+03 3.582143e+04 5.741006e+03 1.133307e+05 1.792006e+05 -1.458350e+03 -1.010405e+05 -6.823818e+03 -4.979781e+03 -4.090023e+04 1.791957e+05 2.188104e+03 -3.812228e+03 8.716979e+04 4.102845e+03 -4.089220e+04 -7.770528e+04 4.654235e+03
-8.989899e-03 -2.329044e+05 -2.271500e+03 5.029761e+03 -1.123966e+05 6.041184e+03 -5.306445e+04 -9.992943e+04 6.083426e+03 4.858399e+03 1.125788e+05 1.794535e+05 -1.596715e+03 9.974764e+04 5.919138e+03 4.154555e+03 4.071792e+04 6.052859e+03 1.282612e+05 2.044425e+05 -1.523836e+03 -1.138469e+05 -7.252885e+03 -5.487003e+03 -4.648853e+04 2.044368e+05 2.289378e+03 -4.015953e+03 9.865473e+04 4.549009e+03 -4.647921e+04 -8.755451e+04 4.948117e+03
-8.787879e-03 -2.683476e+05 -2.370690e+03 5.335012e+03 -1.285004e+05 6.734696e+03 -6.091307e+04 -1.137007e+05 6.513483e+03 5.137081e+03 1.287053e+05 2.067572e+05 -1.669932e+03 1.134961e+05 6.323394e+03 4.631392e+03 4.674515e+04 6.413286e+03 1.466351e+05 2.355514e+05 -1.588503e+03 -1.295370e+05 -7.756063e+03 -6.099532e+03 -5.336722e+04 2.355447e+05 2.395216e+03 -4.250814e+03 1.127887e+05 5.088462e+03 -5.335627e+04 -9.962159e+04 5.292819e+03
-8.585859e-03 -3.128550e+05 -2.468077e+03 5.694729e+03 -1.487022e+05 7.589426e+03 -7.075702e+04 -1.308922e+05 7.028152e+03 5.463072e+03 1.489351e+05 2.410433e+05 -1.743299e+03 1.306594e+05 6.805295e+03 5.219104e+03 5.430494e+04 6.837065e+03 1.696844e+05 2.746159e+05 -1.649042e+03 -1.491240e+05 -8.357044e+03 -6.854012e+03 -6.199483e+04 2.746080e+05 2.503775e+03 -4.526199e+03 1.305193e+05 5.753792e+03 -6.198182e+04 -1.146858e+05 5.704599e+03
-8.383838e-03 -3.700626e+05 -2.557316e+03 6.128356e+03 -1.746556e+05 8.669557e+03 -8.339548e+04 -1.528588e+05 7.658777e+03 5.852749e+03 1.749241e+05 2.851126e+05 -1.813040e+03 1.525902e+05 7.393196e+03 5.961823e+03 6.401115e+04 7.346574e+03 1.992956e+05 3.248272e+05 -1.699441e+03 -1.741514e+05 -9.091807e+03 -7.806856e+03 -7.307189e+04 3.248177e+05 2.611198e+03 -4.856310e+03 1.532979e+05 6.595198e+03 -7.305616e+04 -1.339344e+05 6.208146e+03
-8.181818e-03 -4.458376e+05 -2.626158e+03 6.667327e+03 -2.090370e+05 1.007999e+04 -1.001181e+05 -1.817793e+05 8.455995e+03 6.332450e+03 2.093519e+05 3.434846e+05 -1.871702e+03 1.814639e+05 8.132775e+03 6.931670e+03 7.685439e+04 7.977901e+03 2.385220e+05 3.913350e+05 -1.728407e+03 -2.071019e+05 -1.001839e+04 -9.050239e+03 -8.772884e+04 3.913233e+05 2.709541e+03 -5.264053e+03 1.834734e+05 7.694751e+03 -8.770944e+04 -1.592768e+05 6.843289e+03
-7.979798e-03 -5.503828e+05 -2.649687e+03 7.366994e+03 -2.565171e+05 1.200662e+04 -1.231680e+05 -2.214288e+05 9.508594e+03 6.948373e+03 2.568952e+05 4.240188e+05 -1.903867e+03 2.210494e+05 9.103898e+03 8.256414e+03 9.455754e+04 8.794465e+03 2.926921e+05 4.830942e+05 -1.713388e+03 -2.522764e+05 -1.123843e+04 -1.074744e+04 -1.079318e+05 4.830793e+05 2.781926e+03 -5.789703e+03 2.251451e+05 9.197893e+03 -1.079072e+05 -1.940208e+05 7.679769e+03
-7.777778e-03 -7.034844e+05 -2.572202e+03 8.337573e+03 -3.261938e+05 1.481951e+04 -1.568963e+05 -2.790959e+05 1.099181e+04 7.792236e+03 3.266635e+05 5.419566e+05 -1.874640e+03 2.786239e+05 1.046378e+04 1.019036e+04 1.204629e+05 9.922294e+03 3.721852e+05 6.174709e+05 -1.604643e+03 -3.179794e+05 -1.295230e+04 -1.322344e+04 -1.374949e+05 6.174513e+05 2.789460e+03 -6.513411e+03 2.862978e+05 1.139420e+04 -1.374624e+05 -2.445535e+05 8.855054e+03
-7.575758e-03 -9.509171e+05 -2.246735e+03 9.845276e+03 -4.392291e+05 1.940558e+04 -2.113756e+05 -3.715561e+05 1.332304e+04 9.085298e+03 4.398455e+05 7.325592e+05 -1.691051e+03 3.709354e+05 1.258606e+04 1.334280e+04 1.623069e+05 1.166529e+04 5.011437e+05 8.346415e+05 -1.272142e+03 -4.233239e+05 -1.563676e+04 -1.725692e+04 -1.852471e+05 8.346138e+05 2.627288e+03 -7.628915e+03 3.855046e+05 1.497763e+04 -1.852011e+05 -3.255748e+05 1.069619e+04
-7.373737e-03 -1.442185e+06 -1.129434e+03 1.281635e+04 -6.652076e+05 2.879922e+04 -3.195320e+05 -5.532609e+05 1.792622e+04 1.159797e+04 6.661141e+05 1.110993e+06 -1.006404e+03 5.523459e+05 1.674292e+04 1.979743e+04 2.453795e+05 1.507958e+04 7.589524e+05 1.265826e+06 -2.375452e+02 -6.303488e+05 -2.091709e+04 -2.551144e+04 -2.800498e+05 1.265781e+06 1.901512e+03 -9.811786e+03 5.838371e+05 2.232195e+04 -2.799751e+05 -4.847979e+05 1.431771e+04
-7.171717e-03 -4.095169e+06 8.790167e+03 3.039498e+04 -1.905427e+06 8.469421e+04 -9.044016e+05 -1.516828e+06 4.441843e+04 2.630173e+04 1.907918e+06 3.154657e+06 5.321767e+03 1.514303e+06 4.043688e+04 5.817087e+04 6.945923e+05 3.514189e+04 2.173852e+06 3.594358e+06 8.522919e+03 -1.728178e+06 -5.117443e+04 -7.458233e+04 -7.927126e+05 3.594204e+06 -5.252367e+03 -2.269088e+04 1.672331e+06 6.603058e+04 -7.924579e+05 -1.329110e+06 3.506047e+04
-6.969697e-03 -2.508997e+06 -1.446381e+03 1.548119e+04 -1.131791e+06 4.121938e+04 -5.524479e+05 -9.637554e+05 2.387269e+04 1.376221e+04 1.133274e+06 1.932738e+06 -1.361151e+03 9.622550e+05 2.219889e+04 2.837691e+04 4.243132e+05 1.819141e+04 1.291241e+06 2.202132e+06 -3.707778e+02 -1.098059e+06 -2.777516e+04 -3.643778e+04 -4.842144e+05 2.202063e+06 2.450967e+03 -1.165308e+04 9.933315e+05 3.207171e+04 -4.841070e+05 -8.445620e+05 1.904315e+04
-6.767677e-03 1.465623e+06 -1.597768e+04 -6.790859e+03 7.122486e+05 -3.616036e+04 3.216471e+05 4.842304e+05 -1.145964e+04 -4.544712e+03 -7.130745e+05 -1.128968e+06 -1.064305e+04 -4.833787e+05 -9.268575e+03 -2.477427e+04 -2.470819e+05 -7.133984e+03 -8.124853e+05 -1.286369e+06 -1.301094e+04 5.517010e+05 1.248331e+04 3.146030e+04 2.819815e+05 -1.286288e+06 1.313749e+04 4.453499e+03 -6.251017e+05 -2.850367e+04 2.818372e+05 4.242631e+05 -8.578002e+03
-6.565657e-03 -4.044899e+06 -4.924833e+03 1.444477e+04 -1.769422e+06 4.811680e+04 -8.853690e+05 -1.579458e+06 2.721862e+04 1.261970e+04 1.771662e+06 3.115756e+06 -3.899307e+03 1.577193e+06 2.543716e+04 3.324269e+04 6.801242e+05 1.712457e+04 2.018640e+06 3.550099e+06 -3.198901e+03 -1.799603e+06 -3.170389e+04 -4.253065e+04 -7.760488e+05 3.550019e+06 5.567742e+03 -1.056255e+04 1.552936e+06 3.757642e+04 -7.759329e+05 -1.384257e+06 2.179586e+04
-6.363636e-03 1.831915e+06 -1.759971e+04 -4.105142e+03 8.671709e+05 -3.598933e+04 3.997448e+05 6.225103e+05 -9.633965e+03 -1.851409e+03 -8.681333e+05 -1.411070e+06 -1.171913e+04 -6.215138e+05 -7.430215e+03 -2.469014e+04 -3.071175e+05 -3.927446e+03 -9.891752e+05 -1.607823e+06 -1.414644e+04 7.092673e+05 1.025531e+04 3.125681e+04 3.504571e+05 -1.607740e+06 1.465177e+04 2.202532e+03 -7.610579e+05 -2.846105e+04 3.503089e+05 5.454902e+05 -7.078140e+03
-6.161616e-03 -2.678507e+06 -1.629992e+04 2.810818e+03 -1.086305e+06 8.442621e+03 -5.830206e+05 -1.125282e+06 1.082702e+04 3.143702e+03 1.087697e+06 2.063157e+06 -1.140651e+04 1.123895e+06 1.115334e+04 6.067946e+03 4.479292e+05 4.069357e+03 1.239335e+06 2.350779e+06 -1.277829e+04 -1.282165e+06 -1.320156e+04 -7.782384e+03 -5.110193e+05 2.350787e+06 1.452417e+04 -2.091507e+03 9.533908e+05 6.541522e+03 -5.110424e+05 -9.863789e+05 9.123420e+03
-5.959596e-03 5.925989e+07 -1.728450e+04 8.572790e+03 2.521043e+07 -4.021065e+05 1.286228e+07 2.323725e+07 -1.617884e+05 2.568277e+04 -2.523953e+07 -4.564418e+07 -4.802451e+03 -2.320785e+07 -1.450203e+05 -2.801827e+05 -9.883094e+06 1.081816e+04 -2.875870e+07 -5.200839e+07 -1.328318e+04 2.647721e+07 1.835291e+05 3.524601e+05 1.127534e+07 -5.200832e+07 7.349182e+03 -2.173124e+04 -2.212546e+07 -3.196895e+05 1.127409e+07 2.036796e+07 -1.279196e+05
-5.757576e-03 8.230992e+06 -2.477386e+04 1.056649e+04 3.551664e+06 -5.804410e+04 1.781791e+06 3.150589e+06 -1.238794e+04 1.390123e+04 -3.555560e+06 -6.339760e+06 -1.591891e+04 -3.146623e+06 -9.115939e+03 -4.036194e+04 -1.369191e+06 1.346928e+04 -4.051358e+06 -7.223805e+06 -1.911591e+04 3.589859e+06 1.272648e+04 5.035306e+04 1.562040e+06 -7.223688e+06 2.076370e+04 -1.109914e+04 -3.117018e+06 -4.657726e+04 1.561811e+06 2.761589e+06 -9.071031e+03
-5.555556e-03 -1.288664e+07 -5.102703e+04 -3.320544e+04 -5.064429e+06 -2.641329e+04 -2.782618e+06 -5.457604e+06 1.840640e+03 -3.013643e+04 5.070365e+06 9.925511e+06 -3.603814e+04 5.451737e+06 4.855314e+03 -1.659177e+04 2.138398e+06 -3.628912e+04 5.777382e+06 1.130953e+07 -4.184928e+04 -6.218668e+06 -3.621509e+03 2.255992e+04 -2.439226e+06 1.130962e+07 4.399561e+04 2.763958e+04 4.444661e+06 -1.952569e+04 -2.439441e+06 -4.784533e+06 3.086698e+03
-5.353535e-03 4.826787e+05 -2.711022e+04 1.377636e+03 3.216313e+05 -2.521044e+04 1.039054e+05 5.396207e+04 1.653112e+02 3.418242e+03 -3.218183e+05 -3.717639e+05 -1.837699e+04 -5.372282e+04 2.172219e+03 -1.718336e+04 -7.986581e+04 2.830247e+03 -3.667137e+05 -4.236452e+05 -2.135736e+04 6.146338e+04 -1.430400e+03 2.163370e+04 9.116666e+04 -4.235676e+05 2.337414e+04 -2.029080e+03 -2.822549e+05 -2.007047e+04 9.102448e+04 4.716584e+04 9.497983e+02
-5.151515e-03 1.182828e+05 -2.084571e+04 4.388143e+02 1.432746e+05 -1.887126e+04 2.535699e+04 -6.488636e+04 1.916953e+02 1.961351e+03 -1.433026e+05 -9.109988e+04 -1.415715e+04 6.495705e+04 1.690859e+03 -1.283852e+04 -1.949966e+04 1.437130e+03 -1.633009e+05 -1.038352e+05 -1.643662e+04 -7.395390e+04 -1.143179e+03 1.620894e+04 2.228934e+04 -1.037753e+05 1.798885e+04 -9.995560e+02 -1.257285e+05 -1.498127e+04 2.218233e+04 -5.699304e+04 7.716778e+02
-4.949495e-03 -9.997807e+05 -7.661771e+03 -5.463321e+03 -3.621512e+05 -1.242824e+04 -2.143750e+05 -4.708329e+05 -2.942407e+03 -4.704353e+03 3.625624e+05 7.700133e+05 -5.296664e+03 4.704445e+05 -2.194072e+03 -8.359185e+03 1.647715e+05 -6.004427e+03 4.131251e+05 8.773932e+05 -6.275416e+03 -5.365113e+05 3.137393e+03 1.083422e+04 -1.879172e+05 8.774225e+05 6.483639e+03 4.298634e+03 3.178276e+05 -9.597805e+03 -1.879714e+05 -4.128542e+05 -2.091867e+03
-4.747475e-03 -3.681764e+06 3.223303e+04 -2.365900e+04 -1.595866e+06 -8.550298e+02 -7.875064e+05 -1.427458e+06 -1.480678e+04 -2.479824e+04 1.597240e+06 2.835577e+06 2.160196e+04 1.426044e+06 -1.593029e+04 -2.714974e+02 6.053615e+05 -2.879674e+04 1.820045e+06 3.231115e+06 2.441953e+04 -1.626553e+06 1.870326e+04 1.431290e+03 -6.904938e+05 3.231061e+06 -2.848315e+04 2.034738e+04 1.400504e+06 3.708182e+02 -6.904141e+05 -1.251492e+06 -1.257198e+04
-4.545455e-03 3.466352e+06 -7.009834e+04 2.581261e+04 1.671935e+06 -2.441529e+04 7.397025e+05 1.145172e+06 1.782919e+04 2.919693e+04 -1.673116e+06 -2.669637e+06 -4.737777e+04 -1.143867e+06 2.117165e+04 -1.687382e+04 -5.686748e+05 3.280837e+04 -1.906535e+06 -3.042092e+06 -5.415093e+04 1.304875e+06 -2.369401e+04 2.024009e+04 6.486974e+05 -3.041954e+06 6.135254e+04 -2.300805e+04 -1.467238e+06 -2.041275e+04 6.484528e+05 1.003869e+06 1.598070e+04
-4.343434e-03 -1.117618e+06 1.069228e+04 -9.095650e+03 -4.820783e+05 -5.720230e+03 -2.380627e+05 -4.554719e+05 -6.545773e+03 -9.260659e+03 4.824527e+05 8.607305e+05 7.186419e+03 4.550899e+05 -6.708515e+03 -3.805915e+03 1.830208e+05 -1.095421e+04 5.497605e+05 9.808042e+05 8.050396e+03 -5.190107e+05 8.048824e+03 5.235210e+03 -2.087414e+05 9.807954e+05 -9.521987e+03 7.672780e+03 4.230572e+05 -4.121809e+03 -2.087299e+05 -3.993768e+05 -5.433796e+03
-4.141414e-03 1.708273e+06 -5.255165e+04 1.597633e+04 8.975906e+05 -1.671696e+04 3.630042e+05 4.933562e+05 1.231213e+04 1.833066e+04 -8.980795e+05 -1.315599e+06 -3.560769e+04 -4.927662e+05 1.464218e+04 -1.148603e+04 -2.791193e+05 2.053553e+04 -1.023395e+06 -1.499183e+06 -4.069503e+04 5.621577e+05 -1.635263e+04 1.391739e+04 3.183965e+05 -1.499084e+06 4.599779e+04 -1.429183e+04 -7.876797e+05 -1.384062e+04 3.182235e+05 4.324571e+05 1.106207e+04
-3.939394e-03 -6.638482e+07 1.890558e+06 -6.690200e+05 -3.412166e+07 2.970834e+05 -1.408100e+07 -2.112446e+07 -5.302304e+05 -7.408919e+05 3.413895e+07 5.112367e+07 1.281029e+06 2.110350e+07 -6.014398e+05 2.063417e+05 1.082764e+07 -8.446064e+05 3.890352e+07 5.825870e+07 1.459712e+06 -2.407098e+07 6.863232e+05 -2.346047e+05 -1.235020e+07 5.825458e+07 -1.659121e+06 5.868434e+05 2.994273e+07 2.612098e+05 -1.234506e+07 -1.852023e+07 -4.646242e+05
-3.737374e-03 -1.729170e+06 4.787989e+04 -1.865059e+04 -8.825999e+05 5.337082e+02 -3.661492e+05 -5.902323e+05 -1.509639e+04 -2.018219e+04 8.830335e+05 1.331660e+06 3.244910e+04 5.897197e+05 -1.661451e+04 4.687950e+02 2.815593e+05 -2.327717e+04 1.006263e+06 1.517488e+06 3.688813e+04 -6.725722e+05 1.922666e+04 1.654800e+02 -3.211378e+05 1.517420e+06 -4.210581e+04 1.615211e+04 7.745147e+05 1.167432e+03 -3.210240e+05 -5.175233e+05 -1.302334e+04
-3.535354e-03 -9.916314e+05 2.881279e+04 -1.138864e+04 -5.133881e+05 -2.285776e+03 -2.096230e+05 -3.504880e+05 -9.399489e+03 -1.219447e+04 5.136154e+05 7.636618e+05 1.953507e+04 3.502154e+05 -1.019880e+04 -1.497835e+03 1.612022e+05 -1.414546e+04 5.852962e+05 8.702313e+05 2.218331e+04 -3.993875e+05 1.187972e+04 2.364779e+03 -1.838556e+05 8.701953e+05 -2.536230e+04 9.802033e+03 4.505141e+05 -1.348279e+03 -1.837953e+05 -3.073366e+05 -8.051095e+03
-3.333333e-03 -7.004846e+05 2.190446e+04 -8.515589e+03 -3.714106e+05 -3.164416e+03 -1.478389e+05 -2.544027e+05 -7.144747e+03 -9.060385e+03 3.715549e+05 5.394420e+05 1.485778e+04 2.542250e+05 -7.685508e+03 -2.114887e+03 1.136950e+05 -1.054838e+04 4.234130e+05 6.147243e+05 1.686290e+04 -2.898997e+05 8.987645e+03 3.031398e+03 -1.296686e+05 6.146998e+05 -1.929034e+04 7.300566e+03 3.259218e+05 -2.155756e+03 -1.296275e+05 -2.230965e+05 -6.093809e+03
-3.131313e-03 -5.325195e+05 1.809500e+04 -6.812484e+03 -2.910660e+05 -3.559348e+03 -1.122186e+05 -1.988404e+05 -5.795250e+03 -7.215197e+03 2.911629e+05 4.100882e+05 1.227887e+04 1.987165e+05 -6.195244e+03 -2.394568e+03 8.630527e+04 -8.422997e+03 3.318033e+05 4.673206e+05 1.393232e+04 -2.265870e+05 7.265378e+03 3.318604e+03 -9.842820e+04 4.673023e+05 -1.593915e+04 5.823509e+03 2.554155e+05 -2.533764e+03 -9.839768e+04 -1.743830e+05 -4.927926e+03
-2.929293e-03 -4.210372e+05 1.563670e+04 -5.638203e+03 -2.387026e+05 -3.755857e+03 -8.859879e+04 -1.621536e+05 -4.852520e+03 -5.950404e+03 2.387686e+05 3.242336e+05 1.061466e+04 1.620647e+05 -5.162807e+03 -2.535398e+03 6.814270e+04 -6.961378e+03 2.720980e+05 3.694857e+05 1.204294e+04 -1.847828e+05 6.067668e+03 3.451875e+03 -7.771261e+04 3.694715e+05 -1.377482e+04 4.808683e+03 2.094640e+05 -2.733377e+03 -7.768882e+04 -1.422180e+05 -4.116856e+03
-2.727273e-03 -3.411187e+05 1.391055e+04 -4.758849e+03 -2.018998e+05 -3.854368e+03 -7.168540e+04 -1.361542e+05 -4.136420e+03 -5.008127e+03 2.019442e+05 2.626873e+05 9.446024e+03 1.360897e+05 -4.384314e+03 -2.607385e+03 5.513662e+04 -5.869227e+03 2.301352e+05 2.993510e+05 1.071733e+04 -1.551566e+05 5.161534e+03 3.510334e+03 -6.287863e+04 2.993395e+05 -1.225392e+04 4.051169e+03 1.771678e+05 -2.843366e+03 -6.285953e+04 -1.194228e+05 -3.503000e+03
-2.525253e-03 -2.808565e+05 1.263325e+04 -4.064260e+03 -1.747841e+05 -3.899813e+03 -5.894782e+04 -1.168946e+05 -3.562616e+03 -4.267212e+03 1.748129e+05 2.162790e+05 8.581172e+03 1.168478e+05 -3.764551e+03 -2.641912e+03 4.534129e+04 -5.008148e+03 1.992179e+05 2.464664e+05 9.737098e+03 -1.332103e+05 4.438035e+03 3.529213e+03 -5.170688e+04 2.464571e+05 -1.112772e+04 3.454555e+03 1.533725e+05 -2.903688e+03 -5.169125e+04 -1.025365e+05 -3.012679e+03
-2.323232e-03 -2.337051e+05 1.165443e+04 -3.494281e+03 -1.541580e+05 -3.915184e+03 -4.899481e+04 -1.021927e+05 -3.085186e+03 -3.661674e+03 1.541752e+05 1.799678e+05 7.918343e+03 1.021591e+05 -3.251824e+03 -2.655072e+03 3.768702e+04 -4.302675e+03 1.757003e+05 2.050878e+05 8.986379e+03 -1.164574e+05 3.837944e+03 3.526423e+03 -4.297724e+04 2.050800e+05 -1.026415e+04 2.966260e+03 1.352722e+05 -2.934943e+03 -4.296428e+04 -8.964604e+04 -2.605837e+03
-2.121212e-03 -1.957212e+05 1.088612e+04 -3.012675e+03 -1.381142e+05 -3.913297e+03 -4.098824e+04 -9.073094e+04 -2.676474e+03 -3.151871e+03 1.381224e+05 1.507167e+05 7.397998e+03 9.070756e+04 -2.815106e+03 -2.655855e+03 3.152937e+04 -3.707416e+03 1.574074e+05 1.717544e+05 8.397422e+03 -1.033967e+05 3.325652e+03 3.511867e+03 -3.595464e+04 1.717479e+05 -9.585921e+03 2.554654e+03 1.211931e+05 -2.948719e+03 -3.594382e+04 -7.959646e+04 -2.258394e+03
-1.919192e-03 -1.643682e+05 1.027316e+04 -2.596012e+03 -1.254398e+05 -3.901727e+03 -3.438902e+04 -8.166362e+04 -2.318562e+03 -2.712239e+03 1.254410e+05 1.265722e+05 6.982811e+03 8.164816e+04 -2.434367e+03 -2.649589e+03 2.645385e+04 -3.193058e+03 1.429563e+05 1.442402e+05 7.927763e+03 -9.306436e+04 2.878132e+03 3.491341e+03 -3.016630e+04 1.442348e+05 -9.044549e+03 2.199315e+03 1.100708e+05 -2.951938e+03 -3.015724e+04 -7.164619e+04 -1.954780e+03
-1.717172e-03 -1.379309e+05 9.779154e+03 -2.228296e+03 -1.153266e+05 -3.885147e+03 -2.883271e+04 -7.442279e+04 -1.999170e+03 -2.325371e+03 1.153223e+05 1.062135e+05 6.648160e+03 7.441355e+04 -2.095930e+03 -2.639568e+03 2.218025e+04 -2.739614e+03 1.314256e+05 1.210400e+05 7.549403e+03 -8.481335e+04 2.479638e+03 3.468376e+03 -2.529262e+04 1.210355e+05 -8.608045e+03 1.886324e+03 1.011960e+05 -2.948924e+03 -2.528502e+04 -6.529732e+04 -1.684342e+03
-1.515152e-03 -1.152016e+05 9.379168e+03 -1.898113e+03 -1.072169e+05 -3.866525e+03 -2.406278e+04 -6.861417e+04 -1.709492e+03 -1.978879e+03 1.072084e+05 8.871035e+04 6.377167e+03 6.860985e+04 -1.790023e+03 -2.627894e+03 1.851132e+04 -2.332839e+03 1.221793e+05 1.010938e+05 7.243155e+03 -7.819434e+04 2.118896e+03 3.445182e+03 -2.110861e+04 1.010900e+05 -8.254475e+03 1.605761e+03 9.407952e+04 -2.942463e+03 -2.110226e+04 -6.020418e+04 -1.439457e+03
-1.313131e-03 -9.529995e+04 9.055613e+03 -1.597007e+03 -1.007160e+05 -3.847794e+03 -1.989231e+04 -6.395724e+04 -1.442960e+03 -1.663610e+03 1.007041e+05 7.338487e+04 6.157935e+03 6.395681e+04 -1.509389e+03 -2.615935e+03 1.530333e+04 -1.962192e+03 1.147673e+05 8.362919e+04 6.995500e+03 -7.288768e+04 1.787521e+03 3.423176e+03 -1.745034e+04 8.362605e+04 -7.968368e+03 1.350293e+03 8.837472e+04 -2.934397e+03 -1.744509e+04 -5.612084e+04 -1.214450e+03
-1.111111e-03 -7.756409e+04 8.795843e+03 -1.318498e+03 -9.553919e+04 -3.830229e+03 -1.618081e+04 -6.024905e+04 -1.194510e+03 -1.372569e+03 9.552461e+04 5.972730e+04 5.981906e+03 6.025168e+04 -1.248452e+03 -2.604602e+03 1.244827e+04 -1.619605e+03 1.088650e+05 6.806519e+04 6.796716e+03 -6.866213e+04 1.479056e+03 3.403275e+03 -1.419459e+04 6.806264e+04 -7.738596e+03 1.114307e+03 8.383191e+04 -2.925965e+03 -1.419032e+04 -5.286936e+04 -1.004954e+03
-9.090909e-04 -6.148106e+04 8.590663e+03 -1.057464e+03 -9.147945e+04 -3.814684e+03 -1.281946e+04 -5.734143e+04 -9.601016e+02 -1.100235e+03 9.146281e+04 4.734260e+04 5.842857e+03 5.734645e+04 -1.002781e+03 -2.594504e+03 9.862459e+03 -1.298705e+03 1.042363e+05 5.395168e+04 6.639738e+03 -6.534884e+04 1.188365e+03 3.386076e+03 -1.124595e+04 5.394966e+04 -7.557064e+03 8.933718e+02 8.026935e+04 -2.918009e+03 -1.124256e+04 -5.031983e+04 -8.074918e+02
-7.070707e-04 -4.664103e+04 8.433382e+03 -8.097194e+02 -8.838607e+04 -3.801726e+03 -9.721375e+03 -5.512635e+04 -7.364150e+02 -8.421164e+02 8.836787e+04 3.591515e+04 5.736263e+03 5.513316e+04 -7.687476e+02 -2.586049e+03 7.479083e+03 -9.942911e+02 1.007095e+05 4.092900e+04 6.519426e+03 -6.282470e+04 9.112320e+02 3.371973e+03 -8.528184e+03 4.092747e+04 -7.417884e+03 6.838768e+02 7.755481e+04 -2.911103e+03 -8.525617e+03 -4.837754e+04 -6.192106e+02
-5.050505e-04 -3.270571e+04 8.319199e+03 -5.717388e+02 -8.615098e+04 -3.791736e+03 -6.814851e+03 -5.352616e+04 -5.206291e+02 -5.944305e+02 8.613167e+04 2.518444e+04 5.658873e+03 5.353426e+04 -5.432785e+02 -2.579511e+03 5.243014e+03 -7.019858e+02 9.816118e+04 2.870028e+04 6.432093e+03 -6.100124e+04 6.440836e+02 3.361218e+03 -5.978433e+03 2.869921e+04 -7.316826e+03 4.827811e+02 7.559345e+04 -2.905637e+03 -5.976632e+03 -4.697440e+04 -4.376905e+02
-3.030303e-04 -1.938560e+04 8.244800e+03 -3.404452e+02 -8.469966e+04 -3.784956e+03 -4.038568e+03 -5.248726e+04 -3.102667e+02 -3.538851e+02 8.467963e+04 1.492751e+04 5.608447e+03 5.249619e+04 -3.236828e+02 -2.575065e+03 3.107097e+03 -4.179709e+02 9.650649e+04 1.701146e+04 6.375195e+03 -5.981739e+04 3.837852e+02 3.353972e+03 -3.542907e+03 1.701082e+04 -7.250972e+03 2.874353e+02 7.431987e+04 -2.901866e+03 -3.541840e+03 -4.606343e+04 -2.608095e+02
-1.010101e-04 -6.422801e+03 8.208104e+03 -1.130540e+02 -8.398529e+04 -3.781532e+03 -1.337921e+03 -5.197594e+04 -1.030745e+02 -1.175053e+02 8.396491e+04 4.945752e+03 5.583573e+03 5.198528e+04 -1.075181e+02 -2.572817e+03 1.029341e+03 -1.387935e+02 9.569202e+04 5.636204e+03 6.347131e+03 -5.923473e+04 1.274895e+02 3.350327e+03 -1.173717e+03 5.635992e+03 -7.218488e+03 9.544415e+01 7.369299e+04 -2.899944e+03 -1.173364e+03 -4.561508e+04 -8.663922e+01
1.010101e-04 6.422801e+03 8.208104e+03 1.130540e+02 -8.398529e+04 -3.781532e+03 1.337921e+03 -5.197594e+04 1.030745e+02 1.175053e+02 8.396491e+04 -4.945752e+03 5.583573e+03 5.198528e+04 1.075181e+02 -2.572817e+03 -1.029341e+03 1.387935e+02 9.569202e+04 -5.636204e+03 6.347131e+03 -5.923473e+04 -1.274895e+02 3.350327e+03 1.173717e+03 -5.635992e+03 -7.218488e+03 -9.544415e+01 7.369299e+04 -2.899944e+03 1.173364e+03 -4.561508e+04 8.663922e+01
3.030303e-04 1.938560e+04 8.244800e+03 3.404452e+02 -8.469966e+04 -3.784956e+03 4.038568e+03 -5.248726e+04 3.102667e+02 3.538851e+02 8.467963e+04 -1.492751e+04 5.608447e+03 5.249619e+04 3.236828e+02 -2.575065e+03 -3.107097e+03 4.179709e+02 9.650649e+04 -1.701146e+04 6.375195e+03 -5.981739e+04 -3.837852e+02 3.353972e+03 3.542907e+03 -1.701082e+04 -7.250972e+03 -2.874353e+02 7.431987e+04 -2.901866e+03 3.541840e+03 -4.606343e+04 2.608095e+02
5.050505e-04 3.270571e+04 8.319199e+03 5.717388e+02 -8.615098e+04 -3.791736e+03 6.814851e+03 -5.352616e+04 5.206291e+02 5.944305e+02 8.613167e+04 -2.518444e+04 5.658873e+03 5.353426e+04 5.432785e+02 -2.579511e+03 -5.243014e+03 7.019858e+02 9.816118e+04 -2.870028e+04 6.432093e+03 -6.100124e+04 -6.440836e+02 3.361218e+03 5.978433e+03 -2.869921e+04 -7.316826e+03 -4.827811e+02 7.559345e+04 -2.905637e+03 5.976632e+03 -4.697440e+04 4.376905e+02
7.070707e-04 4.664103e+04 8.433382e+03 8.097194e+02 -8.838607e+04 -3.801726e+03 9.721375e+03 -5.512635e+04 7.364150e+02 8.421164e+02 8.836787e+04 -3.591515e+04 5.736263e+03 5.513316e+04 7.687476e+02 -2.586049e+03 -7.479083e+03 9.942911e+02 1.007095e+05 -4.092900e+04 6.519426e+03 -6.282470e+04 -9.112320e+02 3.371973e+03 8.528184e+03 -4.092747e+04 -7.417884e+03 -6.838768e+02 7.755481e+04 -2.911103e+03 8.525617e+03 -4.837754e+04 6.192106e+02
9.090909e-04 6.148106e+04 8.590663e+03 1.057464e+03 -9.147945e+04 -3.814684e+03 1.281946e+04 -5.734143e+04 9.601016e+02 1.100235e+03 9.146281e+04 -4.734260e+04 5.842857e+03 5.734645e+04 1.002781e+03 -2.594504e+03 -9.862459e+03 1.298705e+03 1.042363e+05 -5.395168e+04 6.639738e+03 -6.534884e+04 -1.188365e+03 3.386076e+03 1.124595e+04 -5.394966e+04 -7.557064e+03 -8.933718e+02 8.026935e+04 -2.918009e+03 1.124256e+04 -5.031983e+04 8.074918e+02
1.111111e-03 7.756409e+04 8.795843e+03 1.318498e+03 -9.553919e+04 -3.830229e+03 1.618081e+04 -6.024905e+04 1.194510e+03 1.372569e+03 9.552461e+04 -5.972730e+04 5.981906e+03 6.025168e+04 1.248452e+03 -2.604602e+03 -1.244827e+04 1.619605e+03 1.088650e+05 -6.806519e+04 6.796716e+03 -6.866213e+04 -1.479056e+03 3.403275e+03 1.419459e+04 -6.806264e+04 -7.738596e+03 -1.114307e+03 8.383191e+04 -2.925965e+03 1.419032e+04 -5.286936e+04 1.004954e+03
1.313131e-03 9.529995e+04 9.055613e+03 1.597007e+03 -1.007160e+05 -3.847794e+03 1.989231e+04 -6.395724e+04 1.442960e+03 1.663610e+03 1.007041e+05 -7.338487e+04 6.157935e+03 6.395681e+04 1.509389e+03 -2.615935e+03 -1.530333e+04 1.962192e+03 1.147673e+05 -8.362919e+04 6.995500e+03 -7.288768e+04 -1.787521e+03 3.423176e+03 1.745034e+04 -8.362605e+04 -7.968368e+03 -1.350293e+03 8.837472e+04 -2.934397e+03 1.744509e+04 -5.612084e+04 1.214450e+03
1.515152e-03 1.152016e+05 9.379168e+03 1.898113e+03 -1.072169e+05 -3.866525e+03 2.406278e+04 -6.861417e+04 1.709492e+03 1.978879e+03 1.072084e+05 -8.871035e+04 6.377167e+03 6.860985e+04 1.790023e+03 -2.627894e+03 -1.851132e+04 2.332839e+03 1.221793e+05 -1.010938e+05 7.243155e+03 -7.819434e+04 -2.118896e+03 3.445182e+03 2.110861e+04 -1.010900e+05 -8.254475e+03 -1.605761e+03 9.407952e+04 -2.942463e+03 2.110226e+04 -6.020418e+04 1.439457e+03
1.717172e-03 1.379309e+05 9.779154e+03 2.228296e+03 -1.153266e+05 -3.885147e+03 2.883271e+04 -7.442279e+04 1.999170e+03 2.325371e+03 1.153223e+05 -1.062135e+05 6.648160e+03 7.441355e+04 2.095930e+03 -2.639568e+03 -2.218025e+04 2.739614e+03 1.314256e+05 -1.210400e+05 7.549403e+03 -8.481335e+04 -2.479638e+03 3.468376e+03 2.529262e+04 -1.210355e+05 -8.608045e+03 -1.886324e+03 1.011960e+05 -2.948924e+03 2.528502e+04 -6.529732e+04 1.684342e+03
1.919192e-03 1.643682e+05 1.027316e+04 2.596012e+03 -1.254398e+05 -3.901727e+03 3.438902e+04 -8.166362e+04 2.318562e+03 2.712239e+03 1.254410e+05 -1.265722e+05 6.982811e+03 8.164816e+04 2.434367e+03 -2.649589e+03 -2.645385e+04 3.193058e+03 1.429563e+05 -1.442402e+05 7.927763e+03 -9.306436e+04 -2.878132e+03 3.491341e+03 3.016630e+04 -1.442348e+05 -9.044549e+03 -2.199315e+03 1.100708e+05 -2.951938e+03 3.015724e+04 -7.164619e+04 1.954780e+03
2.121212e-03 1.957212e+05 1.088612e+04 3.012675e+03 -1.381142e+05 -3.913297e+03 4.098824e+04 -9.073094e+04 2.676474e+03 3.151871e+03 1.381224e+05 -1.507167e+05 7.397998e+03 9.070756e+04 2.815106e+03 -2.655855e+03 -3.152937e+04 3.707416e+03 1.574074e+05 -1.717544e+05 8.397422e+03 -1.033967e+05 -3.325652e+03 3.511867e+03 3.595464e+04 -1.717479e+05 -9.585921e+03 -2.554654e+03 1.211931e+05 -2.948719e+03 3.594382e+04 -7.959646e+04 2.258394e+03
2.323232e-03 2.337051e+05 1.165443e+04 3.494281e+03 -1.541580e+05 -3.915184e+03 4.899481e+04 -1.021927e+05 3.085186e+03 3.661674e+03 1.541752e+05 -1.799678e+05 7.918343e+03 1.021591e+05 3.251824e+03 -2.655072e+03 -3.768702e+04 4.302675e+03 1.757003e+05 -2.050878e+05 8.986379e+03 -1.164574e+05 -3.837944e+03 3.526423e+03 4.297724e+04 -2.050800e+05 -1.026415e+04 -2.966260e+03 1.352722e+05 -2.934943e+03 4.296428e+04 -8.964604e+04 2.605837e+03
2.525253e-03 2.808565e+05 1.263325e+04 4.064260e+03 -1.747841e+05 -3.899813e+03 5.894782e+04 -1.168946e+05 3.562616e+03 4.267212e+03 1.748129e+05 -2.162790e+05 8.581172e+03 1.168478e+05 3.764551e+03 -2.641912e+03 -4.534129e+04 5.008148e+03 1.992179e+05 -2.464664e+05 9.737098e+03 -1.332103e+05 -4.438035e+03 3.529213e+03 5.170688e+04 -2.464571e+05 -1.112772e+04 -3.454555e+03 1.533725e+05 -2.903688e+03 5.169125e+04 -1.025365e+05 3.012679e+03
2.727273e-03 3.411187e+05 1.391055e+04 4.758849e+03 -2.018998e+05 -3.854368e+03 7.168540e+04 -1.361542e+05 4.136420e+03 5.008127e+03 2.019442e+05 -2.626873e+05 9.446024e+03 1.360897e+05 4.384314e+03 -2.607385e+03 -5.513662e+04 5.869227e+03 2.301352e+05 -2.993510e+05 1.071733e+04 -1.551566e+05 -5.161534e+03 3.510334e+03 6.287863e+04 -2.993395e+05 -1.225392e+04 -4.051169e+03 1.771678e+05 -2.843366e+03 6.285953e+04 -1.194228e+05 3.503000e+03
2.929293e-03 4.210372e+05 1.563670e+04 5.638203e+03 -2.387026e+05 -3.755857e+03 8.859879e+04 -1.621536e+05 4.852520e+03 5.950404e+03 2.387686e+05 -3.242336e+05 1.061466e+04 1.620647e+05 5.162807e+03 -2.535398e+03 -6.814270e+04 6.961378e+03 2.720980e+05 -3.694857e+05 1.204294e+04 -1.847828e+05 -6.067668e+03 3.451875e+03 7.771261e+04 -3.694715e+05 -1.377482e+04 -4.808683e+03 2.094640e+05 -2.733377e+03 7.768882e+04 -1.422180e+05 4.116856e+03
3.131313e-03 5.325195e+05 1.809500e+04 6.812484e+03 -2.910660e+05 -3.559348e+03 1.122186e+05 -1.988404e+05 5.795250e+03 7.215197e+03 2.911629e+05 -4.100882e+05 1.227887e+04 1.987165e+05 6.195244e+03 -2.394568e+03 -8.630527e+04 8.422997e+03 3.318033e+05 -4.673206e+05 1.393232e+04 -2.265870e+05 -7.265378e+03 3.318604e+03 9.842820e+04 -4.673023e+05 -1.593915e+04 -5.823509e+03 2.554155e+05 -2.533764e+03 9.839768e+04 -1.743830e+05 4.927926e+03
3.333333e-03 7.004846e+05 2.190446e+04 8.515589e+03 -3.714106e+05 -3.164416e+03 1.478389e+05 -2.544027e+05 7.144747e+03 9.060385e+03 3.715549e+05 -5.394420e+05 1.485778e+04 2.542250e+05 7.685508e+03 -2.114887e+03 -1.136950e+05 1.054838e+04 4.234130e+05 -6.147243e+05 1.686290e+04 -2.898997e+05 -8.987645e+03 3.031398e+03 1.296686e+05 -6.146998e+05 -1.929034e+04 -7.300566e+03 3.259218e+05 -2.155756e+03 1.296275e+05 -2.230965e+05 6.093809e+03
3.535354e-03 9.916314e+05 2.881279e+04 1.138864e+04 -5.133881e+05 -2.285776e+03 2.096230e+05 -3.504880e+05 9.399489e+03 1.219447e+04 5.136154e+05 -7.636618e+05 1.953507e+04 3.502154e+05 1.019880e+04 -1.497835e+03 -1.612022e+05 1.414546e+04 5.852962e+05 -8.702313e+05 2.218331e+04 -3.993875e+05 -1.187972e+04 2.364779e+03 1.838556e+05 -8.701953e+05 -2.536230e+04 -9.802033e+03 4.505141e+05 -1.348279e+03 1.837953e+05 -3.073366e+05 8.051095e+03
3.737374e-03 1.729170e+06 4.787989e+04 1.865059e+04 -8.825999e+05 5.337082e+02 3.661492e+05 -5.902323e+05 1.509639e+04 2.018219e+04 8.830335e+05 -1.331660e+06 3.244910e+04 5.897197e+05 1.661451e+04 4.687950e+02 -2.815593e+05 2.327717e+04 1.006263e+06 -1.517488e+06 3.688813e+04 -6.725722e+05 -1.922666e+04 1.654800e+02 3.211378e+05 -1.517420e+06 -4.210581e+04 -1.615211e+04 7.745147e+05 1.167432e+03 3.210240e+05 -5.175233e+05 1.302334e+04
3.939394e-03 6.638481e+07 1.890558e+06 6.690199e+05 -3.412166e+07 2.970834e+05 1.408100e+07 -2.112446e+07 5.302303e+05 7.408918e+05 3.413895e+07 -5.112367e+07 1.281029e+06 2.110349e+07 6.014398e+05 2.063417e+05 -1.082764e+07 8.446064e+05 3.890352e+07 -5.825869e+07 1.459712e+06 -2.407097e+07 -6.863232e+05 -2.346047e+05 1.235020e+07 -5.825457e+07 -1.659121e+06 -5.868433e+05 2.994273e+07 2.612098e+05 1.234506e+07 -1.852023e+07 4.646241e+05
4.141414e-03 -1.708273e+06 -5.255165e+04 -1.597633e+04 8.975906e+05 -1.671696e+04 -3.630042e+05 4.933562e+05 -1.231213e+04 -1.833066e+04 -8.980795e+05 1.315599e+06 -3.560769e+04 -4.927662e+05 -1.464218e+04 -1.148603e+04 2.791193e+05 -2.053553e+04 -1.023395e+06 1.499183e+06 -4.069503e+04 5.621577e+05 1.635263e+04 1.391739e+04 -3.183965e+05 1.499084e+06 4.599779e+04 1.429183e+04 -7.876797e+05 -1.384062e+04 -3.182235e+05 4.324571e+05 -1.106207e+04
4.343434e-03 1.117618e+06 1.069228e+04 9.095650e+03 -4.820783e+05 -5.720230e+03 2.380627e+05 -4.554719e+05 6.545773e+03 9.260659e+03 4.824527e+05 -8.607305e+05 7.186419e+03 4.550899e+05 6.708515e+03 -3.805915e+03 -1.830208e+05 1.095421e+04 5.497605e+05 -9.808042e+05 8.050396e+03 -5.190107e+05 -8.048824e+03 5.235210e+03 2.087414e+05 -9.807954e+05 -9.521987e+03 -7.672780e+03 4.230572e+05 -4.121809e+03 2.087299e+05 -3.993768e+05 5.433796e+03
4.545455e-03 -3.466352e+06 -7.009834e+04 -2.581261e+04 1.671935e+06 -2.441529e+04 -7.397025e+05 1.145172e+06 -1.782919e+04 -2.919693e+04 -1.673116e+06 2.669637e+06 -4.737777e+04 -1.143867e+06 -2.117165e+04 -1.687382e+04 5.686748e+05 -3.280837e+04 -1.906535e+06 3.042092e+06 -5.415093e+04 1.304875e+06 2.369401e+04 2.024009e+04 -6.486974e+05 3.041954e+06 6.135254e+04 2.300805e+04 -1.467238e+06 -2.041275e+04 -6.484528e+05 1.003869e+06 -1.598070e+04
4.747475e-03 3.681764e+06 3.223303e+04 2.365900e+04 -1.595866e+06 -8.550298e+02 7.875064e+05 -1.427458e+06 1.480678e+04 2.479824e+04 1.597240e+06 -2.835577e+06 2.160196e+04 1.426044e+06 1.593029e+04 -2.714974e+02 -6.053615e+05 2.879674e+04 1.820045e+06 -3.231115e+06 2.441953e+04 -1.626553e+06 -1.870326e+04 1.431290e+03 6.904938e+05 -3.231061e+06 -2.848315e+04 -2.034738e+04 1.400504e+06 3.708182e+02 6.904141e+05 -1.251492e+06 1.257198e+04
4.949495e-03 9.997807e+05 -7.661771e+03 5.463321e+03 -3.621512e+05 -1.242824e+04 2.143750e+05 -4.708329e+05 2.942407e+03 4.704353e+03 3.625624e+05 -7.700133e+05 -5.296664e+03 4.704445e+05 2.194072e+03 -8.359185e+03 -1.647715e+05 6.004427e+03 4.131251e+05 -8.773932e+05 -6.275416e+03 -5.365113e+05 -3.137393e+03 1.083422e+04 1.879172e+05 -8.774225e+05 6.483639e+03 -4.298634e+03 3.178276e+05 -9.597805e+03 1.879714e+05 -4.128542e+05 2.091867e+03
5.151515e-03 -1.182828e+05 -2.084571e+04 -4.388143e+02 1.432746e+05 -1.887126e+04 -2.535699e+04 -6.488636e+04 -1.916953e+02 -1.961351e+03 -1.433026e+05 9.109988e+04 -1.415715e+04 6.495705e+04 -1.690859e+03 -1.283852e+04 1.949966e+04 -1.437130e+03 -1.633009e+05 1.038352e+05 -1.643662e+04 -7.395390e+04 1.143179e+03 1.620894e+04 -2.228934e+04 1.037753e+05 1.798885e+04 9.995560e+02 -1.257285e+05 -1.498127e+04 -2.218233e+04 -5.699304e+04 -7.716778e+02
5.353535e-03 -4.826787e+05 -2.711022e+04 -1.377636e+03 3.216313e+05 -2.521044e+04 -1.039054e+05 5.396207e+04 -1.653112e+02 -3.418242e+03 -3.218183e+05 3.717639e+05 -1.837699e+04 -5.372282e+04 -2.172219e+03 -1.718336e+04 7.986581e+04 -2.830247e+03 -3.667137e+05 4.236452e+05 -2.135736e+04 6.146338e+04 1.430400e+03 2.163370e+04 -9.116666e+04 4.235676e+05 2.337414e+04 2.029080e+03 -2.822549e+05 -2.007047e+04 -9.102448e+04 4.716584e+04 -9.497983e+02
5.555556e-03 1.288664e+07 -5.102703e+04 3.320544e+04 -5.064429e+06 -2.641329e+04 2.782618e+06 -5.457604e+06 -1.840640e+03 3.013643e+04 5.070365e+06 -9.925511e+06 -3.603814e+04 5.451737e+06 -4.855314e+03 -1.659177e+04 -2.138398e+06 3.628912e+04 5.777382e+06 -1.130953e+07 -4.184928e+04 -6.218668e+06 3.621509e+03 2.255992e+04 2.439226e+06 -1.130962e+07 4.399561e+04 -2.763958e+04 4.444661e+06 -1.952569e+04 2.439441e+06 -4.784533e+06 -3.086698e+03
5.757576e-03 -8.230992e+06 -2.477386e+04 -1.056649e+04 3.551664e+06 -5.804410e+04 -1.781791e+06 3.150589e+06 1.238794e+04 -1.390123e+04 -3.555560e+06 6.339760e+06 -1.591891e+04 -3.146623e+06 9.115939e+03 -4.036194e+04 1.369191e+06 -1.346928e+04 -4.051358e+06 7.223805e+06 -1.911591e+04 3.589859e+06 -1.272648e+04 5.035306e+04 -1.562040e+06 7.223688e+06 2.076370e+04 1.109914e+04 -3.117018e+06 -4.657726e+04 -1.561811e+06 2.761589e+06 9.071031e+03
5.959596e-03 -5.925989e+07 -1.728450e+04 -8.572790e+03 2.521043e+07 -4.021065e+05 -1.286228e+07 2.323725e+07 1.617884e+05 -2.568277e+04 -2.523953e+07 4.564418e+07 -4.802451e+03 -2.320785e+07 1.450203e+05 -2.801827e+05 9.883094e+06 -1.081816e+04 -2.875870e+07 5.200839e+07 -1.328318e+04 2.647721e+07 -1.835291e+05 3.524601e+05 -1.127534e+07 5.200832e+07 7.349182e+03 2.173124e+04 -2.212546e+07 -3.196895e+05 -1.127409e+07 2.036796e+07 1.279196e+05
6.161616e-03 2.678507e+06 -1.629992e+04 -2.810818e+03 -1.086305e+06 8.442621e+03 5.830206e+05 -1.125282e+06 -1.082702e+04 -3.143702e+03 1.087697e+06 -2.063157e+06 -1.140651e+04 1.123895e+06 -1.115334e+04 6.067946e+03 -4.479292e+05 -4.069357e+03 1.239335e+06 -2.350779e+06 -1.277829e+04 -1.282165e+06 1.320156e+04 -7.782384e+03 5.110193e+05 -2.350787e+06 1.452417e+04 2.091507e+03 9.533908e+05 6.541522e+03 5.110424e+05 -9.863789e+05 -9.123420e+03
6.363636e-03 -1.831915e+06 -1.759971e+04 4.105142e+03 8.671709e+05 -3.598933e+04 -3.997448e+05 6.225103e+05 9.633965e+03 1.851409e+03 -8.681333e+05 1.411070e+06 -1.171913e+04 -6.215138e+05 7.430215e+03 -2.469014e+04 3.071175e+05 3.927446e+03 -9.891752e+05 1.607823e+06 -1.414644e+04 7.092673e+05 -1.025531e+04 3.125681e+04 -3.504571e+05 1.607740e+06 1.465177e+04 -2.202532e+03 -7.610579e+05 -2.846105e+04 -3.503089e+05 5.454902e+05 7.078140e+03
6.565657e-03 4.044899e+06 -4.924833e+03 -1.444477e+04 -1.769422e+06 4.811680e+04 8.853690e+05 -1.579458e+06 -2.721862e+04 -1.261970e+04 1.771662e+06 -3.115756e+06 -3.899307e+03 1.577193e+06 -2.543716e+04 3.324269e+04 -6.801242e+05 -1.712457e+04 2.018640e+06 -3.550099e+06 -3.198901e+03 -1.799603e+06 3.170389e+04 -4.253065e+04 7.760488e+05 -3.550019e+06 5.567742e+03 1.056255e+04 1.552936e+06 3.757642e+04 7.759329e+05 -1.384257e+06 -2.179586e+04
6.767677e-03 -1.465623e+06 -1.597768e+04 6.790859e+03 7.122486e+05 -3.616036e+04 -3.216471e+05 4.842304e+05 1.145964e+04 4.544712e+03 -7.130745e+05 1.128968e+06 -1.064305e+04 -4.833787e+05 9.268575e+03 -2.477427e+04 2.470819e+05 7.133984e+03 -8.124853e+05 1.286369e+06 -1.301094e+04 5.517010e+05 -1.248331e+04 3.146030e+04 -2.819815e+05 1.286288e+06 1.313749e+04 -4.453499e+03 -6.251017e+05 -2.850367e+04 -2.818372e+05 4.242631e+05 8.578002e+03
6.969697e-03 2.508997e+06 -1.446381e+03 -1.548119e+04 -1.131791e+06 4.121938e+04 5.524479e+05 -9.637554e+05 -2.387269e+04 -1.376221e+04 1.133274e+06 -1.932738e+06 -1.361151e+03 9.622550e+05 -2.219889e+04 2.837691e+04 -4.243132e+05 -1.819141e+04 1.291241e+06 -2.202132e+06 -3.707778e+02 -1.098059e+06 2.777516e+04 -3.643778e+04 4.842144e+05 -2.202063e+06 2.450967e+03 1.165308e+04 9.933315e+05 3.207171e+04 4.841070e+05 -8.445620e+05 -1.904315e+04
7.171717e-03 4.095169e+06 8.790167e+03 -3.039498e+04 -1.905427e+06 8.469421e+04 9.044016e+05 -1.516828e+06 -4.441843e+04 -2.630173e+04 1.907918e+06 -3.154657e+06 5.321767e+03 1.514303e+06 -4.043688e+04 5.817087e+04 -6.945923e+05 -3.514189e+04 2.173852e+06 -3.594358e+06 8.522919e+03 -1.728178e+06 5.117443e+04 -7.458233e+04 7.927126e+05 -3.594204e+06 -5.252367e+03 2.269088e+04 1.672331e+06 6.603058e+04 7.924579e+05 -1.329110e+06 -3.506047e+04
7.373737e-03 1.442185e+06 -1.129434e+03 -1.281635e+04 -6.652076e+05 2.879922e+04 3.195320e+05 -5.532609e+05 -1.792622e+04 -1.159797e+04 6.661141e+05 -1.110993e+06 -1.006404e+03 5.523459e+05 -1.674292e+04 1.979743e+04 -2.453795e+05 -1.507958e+04 7.589524e+05 -1.265826e+06 -2.375452e+02 -6.303488e+05 2.091709e+04 -2.551144e+04 2.800498e+05 -1.265781e+06 1.901512e+03 9.811786e+03 5.838371e+05 2.232195e+04 2.799751e+05 -4.847979e+05 -1.431771e+04
7.575758e-03 9.509171e+05 -2.246735e+03 -9.845276e+03 -4.392291e+05 1.940558e+04 2.113756e+05 -3.715561e+05 -1.332304e+04 -9.085298e+03 4.398455e+05 -7.325592e+05 -1.691051e+03 3.709354e+05 -1.258606e+04 1.334280e+04 -1.623069e+05 -1.166529e+04 5.011437e+05 -8.346415e+05 -1.272142e+03 -4.233239e+05 1.563676e+04 -1.725692e+04 1.852471e+05 -8.346138e+05 2.627288e+03 7.628915e+03 3.855046e+05 1.497763e+04 1.852011e+05 -3.255748e+05 -1.069619e+04
7.777778e-03 7.034844e+05 -2.572202e+03 -8.337573e+03 -3.261938e+05 1.481951e+04 1.568963e+05 -2.790959e+05 -1.099181e+04 -7.792236e+03 3.266635e+05 -5.419566e+05 -1.874640e+03 2.786239e+05 -1.046378e+04 1.019036e+04 -1.204629e+05 -9.922294e+03 3.721852e+05 -6.174709e+05 -1.604643e+03 -3.179794e+05 1.295230e+04 -1.322344e+04 1.374949e+05 -6.174513e+05 2.789460e+03 6.513411e+03 2.862978e+05 1.139420e+04 1.374624e+05 -2.445535e+05 -8.855054e+03
7.979798e-03 5.503828e+05 -2.649687e+03 -7.366994e+03 -2.565171e+05 1.200662e+04 1.231680e+05 -2.214288e+05 -9.508594e+03 -6.948373e+03 2.568952e+05 -4.240188e+05 -1.903867e+03 2.210494e+05 -9.103898e+03 8.256414e+03 -9.455754e+04 -8.794465e+03 2.926921e+05 -4.830942e+05 -1.713388e+03 -2.522764e+05 1.123843e+04 -1.074744e+04 1.079318e+05 -4.830793e+05 2.781926e+03 5.789703e+03 2.251451e+05 9.197893e+03 1.079072e+05 -1.940208e+05 -7.679769e+03
8.181818e-03 4.458376e+05 -2.626158e+03 -6.667327e+03 -2.090370e+05 1.007999e+04 1.001181e+05 -1.817793e+05 -8.455995e+03 -6.332450e+03 2.093519e+05 -3.434846e+05 -1.871702e+03 1.814639e+05 -8.132775e+03 6.931670e+03 -7.685439e+04 -7.977901e+03 2.385220e+05 -3.913350e+05 -1.728407e+03 -2.071019e+05 1.001839e+04 -9.050239e+03 8.772884e+04 -3.913233e+05 2.709541e+03 5.264053e+03 1.834734e+05 7.694751e+03 8.770944e+04 -1.592768e+05 -6.843289e+03
8.383838e-03 3.700626e+05 -2.557316e+03 -6.128356e+03 -1.746556e+05 8.669557e+03 8.339548e+04 -1.528588e+05 -7.658777e+03 -5.852749e+03 1.749241e+05 -2.851126e+05 -1.813040e+03 1.525902e+05 -7.393196e+03 5.961823e+03 -6.401115e+04 -7.346574e+03 1.992956e+05 -3.248272e+05 -1.699441e+03 -1.741514e+05 9.091807e+03 -7.806856e+03 7.307189e+04 -3.248177e+05 2.611198e+03 4.856310e+03 1.532979e+05 6.595198e+03 7.305616e+04 -1.339344e+05 -6.208146e+03
8.585859e-03 3.128550e+05 -2.468077e+03 -5.694729e+03 -1.487022e+05 7.589426e+03 7.075702e+04 -1.308922e+05 -7.028152e+03 -5.463072e+03 1.489351e+05 -2.410433e+05 -1.743299e+03 1.306594e+05 -6.805295e+03 5.219104e+03 -5.430494e+04 -6.837065e+03 1.696844e+05 -2.746159e+05 -1.649042e+03 -1.491240e+05 8.357044e+03 -6.854012e+03 6.199483e+04 -2.746080e+05 2.503775e+03 4.526199e+03 1.305193e+05 5.753792e+03 6.198182e+04 -1.146858e+05 -5.704599e+03
8.787879e-03 2.683476e+05 -2.370690e+03 -5.335012e+03 -1.285004e+05 6.734696e+03 6.091307e+04 -1.137007e+05 -6.513483e+03 -5.137081e+03 1.287053e+05 -2.067572e+05 -1.669932e+03 1.134961e+05 -6.323394e+03 4.631392e+03 -4.674515e+04 -6.413286e+03 1.466351e+05 -2.355514e+05 -1.588503e+03 -1.295370e+05 7.756063e+03 -6.099532e+03 5.336722e+04 -2.355447e+05 2.395216e+03 4.250814e+03 1.127887e+05 5.088462e+03 5.335627e+04 -9.962159e+04 -5.292819e+03
8.989899e-03 2.329044e+05 -2.271500e+03 -5.029761e+03 -1.123966e+05 6.041184e+03 5.306445e+04 -9.992943e+04 -6.083426e+03 -4.858399e+03 1.125788e+05 -1.794535e+05 -1.596715e+03 9.974764e+04 -5.919138e+03 4.154555e+03 -4.071792e+04 -6.052859e+03 1.282612e+05 -2.044425e+05 -1.523836e+03 -1.138469e+05 7.252885e+03 -5.487003e+03 4.648853e+04 -2.044368e+05 2.289378e+03 4.015953e+03 9.865473e+04 4.549009e+03 4.647921e+04 -8.755451e+04 -4.948117e+03
9.191919e-03 2.041457e+05 -2.173871e+03 -4.766161e+03 -9.931109e+04 5.467216e+03 4.668803e+04 -8.868912e+04 -5.717366e+03 -4.616173e+03 9.947465e+04 -1.572989e+05 -1.525579e+03 8.852607e+04 -5.573823e+03 3.759936e+03 -3.582143e+04 -5.741006e+03 1.133307e+05 -1.792006e+05 -1.458350e+03 -1.010405e+05 6.823818e+03 -4.979781e+03 4.090023e+04 -1.791957e+05 2.188104e+03 3.812228e+03 8.716979e+04 4.102845e+03 4.089220e+04 -7.770528e+04 -4.654235e+03
9.393939e-03 1.804468e+05 -2.079573e+03 -4.535345e+03 -8.850821e+04 4.984461e+03 4.142662e+04 -7.937102e+04 -5.401101e+03 -4.402851e+03 8.865618e+04 -1.390421e+05 -1.457487e+03 7.922362e+04 -5.274529e+03 3.428048e+03 -3.178132e+04 -5.467477e+03 1.010046e+05 -1.583997e+05 -1.393894e+03 -9.042412e+04 6.452516e+03 -4.552948e+03 3.628923e+04 -1.583954e+05 2.092194e+03 3.633122e+03 7.768828e+04 3.727823e+03 3.628225e+04 -6.954045e+04 -4.399958e+03
9.595960e-03 1.606609e+05 -1.989487e+03 -4.330937e+03 -7.946962e+04 4.572941e+03 3.702802e+04 -7.154434e+04 -5.124483e+03 -4.212967e+03 7.960438e+04 -1.237996e+05 -1.392866e+03 7.141019e+04 -5.011992e+03 3.145153e+03 -2.840388e+04 -5.224886e+03 9.069142e+04 -1.410331e+05 -1.331486e+03 -8.150700e+04 6.127280e+03 -4.188926e+03 3.243447e+04 -1.410293e+05 2.001890e+03 3.473935e+03 6.975522e+04 3.408332e+03 3.242835e+04 -6.268252e+04 -4.177257e+03
9.797980e-03 1.439559e+05 -1.903993e+03 -4.148206e+03 -7.181977e+04 4.218143e+03 3.330921e+04 -6.489580e+04 -4.880032e+03 -4.042444e+03 7.194321e+04 -1.109303e+05 -1.331849e+03 6.477300e+04 -4.779370e+03 2.901268e+03 -2.554853e+04 -5.007742e+03 8.196267e+04 -1.263707e+05 -1.271663e+03 -7.393219e+04 5.839478e+03 -3.874940e+03 2.917552e+04 -1.263674e+05 1.917140e+03 3.331164e+03 6.304101e+04 3.133036e+03 2.917013e+04 -5.685697e+04 -3.980214e+03
1.000000e-02 1.297143e+05 -1.823179e+03 -3.983552e+03 -6.528021e+04 3.909257e+03 3.013429e+04 -5.919234e+04 -4.662103e+03 -3.888160e+03 6.539385e+04 -9.995870e+04 -1.274403e+03 5.907934e+04 -4.571482e+03 2.688957e+03 -2.311089e+04 -4.811857e+03 7.450070e+04 -1.138704e+05 -1.214674e+03 -6.743415e+04 5.582585e+03 -3.601472e+03 2.639327e+04 -1.138674e+05 1.837733e+03 3.202135e+03 5.730128e+04 2.893493e+03 2.638849e+04 -5.185956e+04 -3.804350e+03
