-1.000000e-02 5.534497e+03 2.594951e+03 1.696027e+03 -7.881230e+02 -2.148210e+03 -2.701997e+04 -2.743290e+03 1.292507e+03 1.684608e+03 7.481800e+02 -4.271864e+03 1.777608e+03 2.783163e+03 1.277782e+03 -1.474492e+03 2.081384e+04 2.046131e+03 9.077060e+02 -4.859103e+03 2.355727e+03 -3.181102e+03 -1.597706e+03 1.591356e+03 -2.371604e+04 -4.862849e+03 -1.947179e+03 -1.391365e+03 6.495123e+02 -1.974144e+03 -2.371293e+04 -2.400142e+03 1.024936e+03
-9.797980e-03 5.692834e+03 2.650705e+03 1.697988e+03 -5.430082e+02 -2.190472e+03 -2.766489e+04 -2.589445e+03 1.291657e+03 1.686296e+03 5.028202e+02 -4.393091e+03 1.815393e+03 2.629537e+03 1.276645e+03 -1.503086e+03 2.130969e+04 2.048392e+03 6.284328e+02 -4.997628e+03 2.403554e+03 -3.006094e+03 -1.596472e+03 1.624971e+03 -2.428157e+04 -5.001476e+03 -1.991344e+03 -1.392828e+03 4.341328e+02 -2.010207e+03 -2.427839e+04 -2.265062e+03 1.024147e+03
-9.595960e-03 5.853221e+03 2.707870e+03 1.699315e+03 -2.798751e+02 -2.233644e+03 -2.831619e+04 -2.422016e+03 1.290250e+03 1.687347e+03 2.394632e+02 -4.515870e+03 1.854128e+03 2.462304e+03 1.274950e+03 -1.532290e+03 2.181043e+04 2.049885e+03 3.286187e+02 -5.137935e+03 2.452594e+03 -2.815573e+03 -1.594560e+03 1.659308e+03 -2.485270e+04 -5.141887e+03 -2.036614e+03 -1.393768e+03 2.029670e+02 -2.047043e+03 -2.484944e+04 -2.118069e+03 1.022901e+03
-9.393939e-03 6.015369e+03 2.766460e+03 1.699963e+03 2.219849e+00 -2.277727e+03 -2.897260e+04 -2.240245e+03 1.288254e+03 1.687716e+03 -4.283241e+01 -4.639978e+03 1.893824e+03 2.280703e+03 1.272663e+03 -1.562103e+03 2.231508e+04 2.050555e+03 7.187952e+00 -5.279772e+03 2.502862e+03 -2.608672e+03 -1.591928e+03 1.694366e+03 -2.542829e+04 -5.283829e+03 -2.083003e+03 -1.394146e+03 -4.481063e+01 -2.084649e+03 -2.542495e+04 -1.958498e+03 1.021173e+03
-9.191919e-03 6.178948e+03 2.826491e+03 1.699880e+03 3.042385e+02 -2.322717e+03 -2.963263e+04 -2.043357e+03 1.285633e+03 1.687353e+03 -3.450266e+02 -4.765161e+03 1.934489e+03 2.083958e+03 1.269751e+03 -1.592524e+03 2.282248e+04 2.050342e+03 -3.369567e+02 -5.422848e+03 2.554370e+03 -2.384503e+03 -1.588534e+03 1.730144e+03 -2.600704e+04 -5.427011e+03 -2.130520e+03 -1.393922e+03 -3.100419e+02 -2.123025e+03 -2.600363e+04 -1.785667e+03 1.018935e+03
-8.989899e-03 6.343578e+03 2.887971e+03 1.699017e+03 6.271570e+02 -2.368612e+03 -3.029461e+04 -1.830561e+03 1.282351e+03 1.686209e+03 -6.680934e+02 -4.891127e+03 1.976130e+03 1.871275e+03 1.266178e+03 -1.623548e+03 2.333137e+04 2.049184e+03 -7.049285e+02 -5.566831e+03 2.607125e+03 -2.142163e+03 -1.584334e+03 1.766637e+03 -2.658749e+04 -5.571101e+03 -2.179173e+03 -1.393053e+03 -5.935807e+02 -2.162165e+03 -2.658400e+04 -1.598885e+03 1.016159e+03
-8.787879e-03 6.508830e+03 2.950907e+03 1.697318e+03 9.719597e+02 -2.415401e+03 -3.095666e+04 -1.601058e+03 1.278371e+03 1.684229e+03 -1.013015e+03 -5.017548e+03 2.018750e+03 1.641854e+03 1.261908e+03 -1.655169e+03 2.384029e+04 2.047016e+03 -1.097850e+03 -5.711346e+03 2.661136e+03 -1.880738e+03 -1.579282e+03 1.803839e+03 -2.716799e+04 -5.715724e+03 -2.228965e+03 -1.391497e+03 -8.962883e+02 -2.202062e+03 -2.716443e+04 -1.397452e+03 1.012815e+03
-8.585859e-03 6.674223e+03 3.015303e+03 1.694727e+03 1.339633e+03 -2.463074e+03 -3.161669e+04 -1.354045e+03 1.273654e+03 1.681358e+03 -1.380775e+03 -5.144053e+03 2.062352e+03 1.394887e+03 1.256904e+03 -1.687380e+03 2.434761e+04 2.043770e+03 -1.516846e+03 -5.855970e+03 2.716403e+03 -1.599308e+03 -1.573330e+03 1.841741e+03 -2.774669e+04 -5.860455e+03 -2.279898e+03 -1.389205e+03 -1.219027e+03 -2.242705e+03 -2.774305e+04 -1.180661e+03 1.008873e+03
-8.383838e-03 6.839212e+03 3.081157e+03 1.691186e+03 1.731156e+03 -2.511617e+03 -3.227233e+04 -1.088718e+03 1.268161e+03 1.677538e+03 -1.772352e+03 -5.270225e+03 2.106933e+03 1.129571e+03 1.251127e+03 -1.720169e+03 2.485155e+04 2.039376e+03 -1.963035e+03 -6.000227e+03 2.772926e+03 -1.296955e+03 -1.566430e+03 1.880331e+03 -2.832154e+04 -6.004820e+03 -2.331970e+03 -1.386132e+03 -1.562655e+03 -2.284083e+03 -2.831782e+04 -9.478106e+02 1.004302e+03
-8.181818e-03 7.003195e+03 3.148461e+03 1.686633e+03 2.147495e+03 -2.561009e+03 -3.292098e+04 -8.042846e+02 1.261853e+03 1.672710e+03 -2.188708e+03 -5.395601e+03 2.152488e+03 8.451094e+02 1.244539e+03 -1.753523e+03 2.535008e+04 2.033758e+03 -2.437517e+03 -6.143590e+03 2.830699e+03 -9.727711e+02 -1.558533e+03 1.919593e+03 -2.889024e+04 -6.148290e+03 -2.385174e+03 -1.382226e+03 -1.928016e+03 -2.326177e+03 -2.888645e+04 -6.982041e+02 9.990711e+02
-7.979798e-03 7.165502e+03 3.217203e+03 1.681004e+03 2.589588e+03 -2.611228e+03 -3.355977e+04 -4.999668e+02 1.254686e+03 1.666809e+03 -2.630780e+03 -5.519667e+03 2.199008e+03 5.407217e+02 1.237099e+03 -1.787426e+03 2.584099e+04 2.026842e+03 -2.941363e+03 -6.285471e+03 2.889711e+03 -6.258657e+02 -1.549587e+03 1.959509e+03 -2.945027e+04 -6.290277e+03 -2.439500e+03 -1.377435e+03 -2.315930e+03 -2.368967e+03 -2.944641e+04 -4.311603e+02 9.931483e+02
-7.777778e-03 7.325393e+03 3.287364e+03 1.674234e+03 3.058337e+03 -2.662247e+03 -3.418553e+04 -1.750134e+02 1.246621e+03 1.659772e+03 -3.099468e+03 -5.641856e+03 2.246480e+03 2.156544e+02 1.228768e+03 -1.821858e+03 2.632186e+04 2.018548e+03 -3.475601e+03 -6.425223e+03 2.949948e+03 -2.553793e+02 -1.539541e+03 2.000056e+03 -2.999887e+04 -6.430133e+03 -2.494932e+03 -1.371707e+03 -2.727187e+03 -2.412431e+03 -2.999493e+04 -1.460204e+02 9.865012e+02
-7.575758e-03 7.482055e+03 3.358919e+03 1.666253e+03 3.554593e+03 -2.714031e+03 -3.479480e+04 1.712909e+02 1.237614e+03 1.651531e+03 -3.595618e+03 -5.761544e+03 2.294886e+03 -1.308100e+02 1.219504e+03 -1.856796e+03 2.679002e+04 2.008793e+03 -4.041203e+03 -6.562134e+03 3.011387e+03 1.395068e+02 -1.528343e+03 2.041209e+03 -3.053298e+04 -6.567147e+03 -2.551449e+03 -1.364985e+03 -3.162530e+03 -2.456538e+03 -3.052897e+04 1.578421e+02 9.790971e+02
-7.373737e-03 7.634599e+03 3.431834e+03 1.656992e+03 4.079140e+03 -2.766543e+03 -3.538380e+04 5.396124e+02 1.227623e+03 1.642019e+03 -4.120015e+03 -5.878051e+03 2.344204e+03 -4.993404e+02 1.209266e+03 -1.892215e+03 2.724257e+04 1.997493e+03 -4.639063e+03 -6.695427e+03 3.074000e+03 5.595557e+02 -1.515939e+03 2.082936e+03 -3.104931e+04 -6.700541e+03 -2.609022e+03 -1.357213e+03 -3.622644e+03 -2.501255e+03 -3.104522e+04 4.810116e+02 9.709031e+02
-7.171717e-03 7.782059e+03 3.506069e+03 1.646378e+03 4.632678e+03 -2.819739e+03 -3.594844e+04 9.305564e+02 1.216605e+03 1.631165e+03 -4.673355e+03 -5.990634e+03 2.394403e+03 -8.905441e+02 1.198014e+03 -1.928084e+03 2.767635e+04 1.984562e+03 -5.269979e+03 -6.824255e+03 3.137751e+03 1.005461e+03 -1.502277e+03 2.125202e+03 -3.154425e+04 -6.829466e+03 -2.667620e+03 -1.348332e+03 -4.108141e+03 -2.546546e+03 -3.154010e+04 8.240183e+02 9.618865e+02
-6.969697e-03 7.923387e+03 3.581572e+03 1.634339e+03 5.215807e+03 -2.873570e+03 -3.648430e+04 1.344652e+03 1.204516e+03 1.618897e+03 -5.256236e+03 -6.098491e+03 2.445450e+03 -1.304952e+03 1.185706e+03 -1.964368e+03 2.808796e+04 1.969912e+03 -5.934636e+03 -6.947701e+03 3.202598e+03 1.477827e+03 -1.487302e+03 2.167969e+03 -3.201393e+04 -6.953005e+03 -2.727201e+03 -1.338282e+03 -4.619546e+03 -2.592367e+03 -3.200972e+04 1.187325e+03 9.520146e+02
-6.767677e-03 8.057453e+03 3.658283e+03 1.620799e+03 5.829002e+03 -2.927979e+03 -3.698662e+04 1.782334e+03 1.191314e+03 1.605141e+03 -5.869132e+03 -6.200756e+03 2.497304e+03 -1.743003e+03 1.172302e+03 -2.001029e+03 2.847374e+04 1.953453e+03 -6.633578e+03 -7.064777e+03 3.268490e+03 1.977156e+03 -1.470964e+03 2.211190e+03 -3.245418e+04 -7.070170e+03 -2.787717e+03 -1.327004e+03 -5.157272e+03 -2.638670e+03 -3.244990e+04 1.571315e+03 9.412553e+02
-6.565657e-03 8.183048e+03 3.736131e+03 1.605682e+03 6.472595e+03 -2.982903e+03 -3.745032e+04 2.243931e+03 1.176957e+03 1.589825e+03 -6.512374e+03 -6.296501e+03 2.549916e+03 -2.205024e+03 1.157763e+03 -2.038025e+03 2.882980e+04 1.935093e+03 -7.367182e+03 -7.174425e+03 3.335364e+03 2.503823e+03 -1.453208e+03 2.254816e+03 -3.286054e+04 -7.179900e+03 -2.849110e+03 -1.314434e+03 -5.721609e+03 -2.685401e+03 -3.285621e+04 1.976274e+03 9.295769e+02
-6.363636e-03 8.298881e+03 3.815034e+03 1.588911e+03 7.146751e+03 -3.038272e+03 -3.786998e+04 2.729640e+03 1.161404e+03 1.572874e+03 -7.186122e+03 -6.384739e+03 2.603230e+03 -2.691216e+03 1.142049e+03 -2.075308e+03 2.915196e+04 1.914742e+03 -8.135637e+03 -7.275514e+03 3.403152e+03 3.058054e+03 -1.433984e+03 2.298791e+03 -3.322827e+04 -7.281066e+03 -2.911316e+03 -1.300512e+03 -6.312699e+03 -2.732499e+03 -3.322388e+04 2.402374e+03 9.169489e+02
-6.161616e-03 8.403583e+03 3.894899e+03 1.570410e+03 7.851438e+03 -3.094009e+03 -3.823989e+04 3.239510e+03 1.144614e+03 1.554214e+03 -7.890346e+03 -6.464419e+03 2.657181e+03 -3.201628e+03 1.125124e+03 -2.112824e+03 2.943583e+04 1.892307e+03 -8.938907e+03 -7.366847e+03 3.471772e+03 3.639908e+03 -1.413242e+03 2.343054e+03 -3.355234e+04 -7.372469e+03 -2.974259e+03 -1.285176e+03 -6.930514e+03 -2.779899e+03 -3.354791e+04 2.849659e+03 9.033417e+02
-5.959596e-03 8.495712e+03 3.975617e+03 1.550102e+03 8.586406e+03 -3.150030e+03 -3.855403e+04 3.773420e+03 1.126550e+03 1.533771e+03 -8.624793e+03 -6.534438e+03 2.711698e+03 -3.736142e+03 1.106951e+03 -2.150517e+03 2.967678e+04 1.867697e+03 -9.776709e+03 -7.447162e+03 3.541133e+03 4.249250e+03 -1.390934e+03 2.387537e+03 -3.382749e+04 -7.452846e+03 -3.037855e+03 -1.268365e+03 -7.574831e+03 -2.827528e+03 -3.382302e+04 3.318022e+03 8.887271e+02
-5.757576e-03 8.573757e+03 4.057068e+03 1.527913e+03 9.351156e+03 -3.206241e+03 -3.880611e+04 4.331058e+03 1.107174e+03 1.511471e+03 -9.388965e+03 -6.593637e+03 2.766698e+03 -4.294444e+03 1.087497e+03 -2.188324e+03 2.986997e+04 1.840822e+03 -1.064847e+04 -7.515138e+03 3.611130e+03 4.885723e+03 -1.367014e+03 2.432166e+03 -3.404819e+04 -7.520874e+03 -3.102007e+03 -1.250016e+03 -8.245214e+03 -2.875307e+03 -3.404368e+04 3.807188e+03 8.730786e+02
-5.555556e-03 8.636147e+03 4.139117e+03 1.503767e+03 1.014491e+04 -3.262543e+03 -3.898960e+04 4.911897e+03 1.086452e+03 1.487245e+03 -1.018209e+04 -6.640814e+03 2.822091e+03 -4.876009e+03 1.066730e+03 -2.226177e+03 3.001038e+04 1.811594e+03 -1.155332e+04 -7.569400e+03 3.681649e+03 5.548729e+03 -1.341439e+03 2.476863e+03 -3.420872e+04 -7.575178e+03 -3.166609e+03 -1.230072e+03 -8.940982e+03 -2.923152e+03 -3.420419e+04 4.316697e+03 8.563719e+02
-5.353535e-03 8.681263e+03 4.221615e+03 1.477595e+03 1.096660e+04 -3.318827e+03 -3.909779e+04 5.515176e+03 1.064354e+03 1.461024e+03 -1.100308e+04 -6.674728e+03 2.877774e+03 -5.480074e+03 1.044623e+03 -2.264003e+03 3.009286e+04 1.779928e+03 -1.249001e+04 -7.608531e+03 3.752561e+03 6.237397e+03 -1.314170e+03 2.521540e+03 -3.430320e+04 -7.614339e+03 -3.231543e+03 -1.208476e+03 -9.661190e+03 -2.970968e+03 -3.429865e+04 4.845878e+03 8.385848e+02
-5.151515e-03 8.707445e+03 4.304396e+03 1.449327e+03 1.181481e+04 -3.374977e+03 -3.912381e+04 6.139872e+03 1.040850e+03 1.432742e+03 -1.185054e+04 -6.694109e+03 2.933636e+03 -6.105617e+03 1.021151e+03 -2.301725e+03 3.011212e+04 1.745741e+03 -1.345695e+04 -7.631081e+03 3.823723e+03 6.950563e+03 -1.285171e+03 2.566106e+03 -3.432560e+04 -7.636906e+03 -3.296678e+03 -1.185171e+03 -1.040460e+04 -3.018659e+03 -3.432104e+04 5.393836e+03 8.196981e+02
-4.949495e-03 8.713013e+03 4.387280e+03 1.418899e+03 1.268777e+04 -3.430869e+03 -3.906072e+04 6.784685e+03 1.015916e+03 1.402337e+03 -1.272269e+04 -6.697669e+03 2.989555e+03 -6.751334e+03 9.962905e+02 -2.339257e+03 3.006282e+04 1.708959e+03 -1.445212e+04 -7.635578e+03 3.894981e+03 7.686741e+03 -1.254411e+03 2.610462e+03 -3.426983e+04 -7.641408e+03 -3.361874e+03 -1.160107e+03 -1.116966e+04 -3.066117e+03 -3.426528e+04 5.959430e+03 7.996952e+02
-4.747475e-03 8.696281e+03 4.470070e+03 1.386251e+03 1.358333e+04 -3.486371e+03 -3.890158e+04 7.448015e+03 9.895308e+02 1.369753e+03 -1.361739e+04 -6.684119e+03 3.045399e+03 -7.415624e+03 9.700259e+02 -2.376512e+03 2.993963e+04 1.669509e+03 -1.547307e+04 -7.620548e+03 3.966166e+03 8.444105e+03 -1.221863e+03 2.654503e+03 -3.412981e+04 -7.626368e+03 -3.426974e+03 -1.133237e+03 -1.195450e+04 -3.113231e+03 -3.412528e+04 6.541256e+03 7.785632e+02
-4.545455e-03 8.655579e+03 4.552554e+03 1.351331e+03 1.449893e+04 -3.541343e+03 -3.863952e+04 8.127946e+03 9.616793e+02 1.334940e+03 -1.453209e+04 -6.652179e+03 3.101025e+03 -8.096567e+03 9.423438e+02 -2.413397e+03 2.973726e+04 1.627328e+03 -1.651688e+04 -7.584532e+03 4.037095e+03 9.220467e+03 -1.187507e+03 2.698119e+03 -3.389952e+04 -7.590325e+03 -3.491812e+03 -1.104518e+03 -1.275686e+04 -3.159883e+03 -3.389501e+04 7.137634e+03 7.562927e+02
-4.343434e-03 8.589277e+03 4.634504e+03 1.314090e+03 1.543161e+04 -3.595639e+03 -3.826786e+04 8.822230e+03 9.323503e+02 1.297854e+03 -1.546381e+04 -6.600601e+03 3.156278e+03 -8.791912e+03 9.132366e+02 -2.449812e+03 2.945058e+04 1.582361e+03 -1.758017e+04 -7.526102e+03 4.107571e+03 1.001326e+04 -1.151329e+03 2.741194e+03 -3.357308e+04 -7.531852e+03 -3.556209e+03 -1.073913e+03 -1.357415e+04 -3.205949e+03 -3.356862e+04 7.746592e+03 7.328782e+02
-4.141414e-03 8.495807e+03 4.715676e+03 1.274491e+03 1.637795e+04 -3.649106e+03 -3.778017e+04 9.528280e+03 9.015382e+02 1.258459e+03 -1.640916e+04 -6.528186e+03 3.210995e+03 -9.499067e+03 8.827015e+02 -2.485657e+03 2.907465e+04 1.534562e+03 -1.865904e+04 -7.443888e+03 4.177385e+03 1.081953e+04 -1.113320e+03 2.783607e+03 -3.314489e+04 -7.449576e+03 -3.619975e+03 -1.041392e+03 -1.440337e+04 -3.251299e+03 -3.314047e+04 8.365861e+03 7.083186e+02
-3.939394e-03 8.373694e+03 4.795810e+03 1.232504e+03 1.733410e+04 -3.701585e+03 -3.717046e+04 1.024316e+04 8.692434e+02 1.216727e+03 -1.736428e+04 -6.433806e+03 3.265002e+03 -1.021509e+04 8.507419e+02 -2.520825e+03 2.860486e+04 1.483896e+03 -1.974911e+04 -7.336601e+03 4.246314e+03 1.163592e+04 -1.073480e+03 2.825230e+03 -3.260966e+04 -7.342208e+03 -3.682906e+03 -1.006932e+03 -1.524117e+04 -3.295799e+03 -3.260531e+04 8.992869e+03 6.826176e+02
-3.737374e-03 8.221587e+03 4.874636e+03 1.188109e+03 1.829578e+04 -3.752910e+03 -3.643322e+04 1.096360e+04 8.354727e+02 1.172641e+03 -1.832489e+04 -6.316425e+03 3.318115e+03 -1.093670e+04 8.173670e+02 -2.555205e+03 2.803698e+04 1.430341e+03 -2.084550e+04 -7.203058e+03 4.314123e+03 1.245868e+04 -1.031818e+03 2.865934e+03 -3.196259e+04 -7.208565e+03 -3.744790e+03 -9.705171e+02 -1.608377e+04 -3.339309e+03 -3.195832e+04 9.624739e+03 6.557834e+02
-3.535354e-03 8.038289e+03 4.951866e+03 1.141298e+03 1.925828e+04 -3.802914e+03 -3.556364e+04 1.168597e+04 8.002394e+02 1.126196e+03 -1.928630e+04 -6.175129e+03 3.370143e+03 -1.166027e+04 7.825923e+02 -2.588687e+03 2.736731e+04 1.373887e+03 -2.194282e+04 -7.042214e+03 4.380567e+03 1.328370e+04 -9.883467e+02 2.905586e+03 -3.119943e+04 -7.047599e+03 -3.805403e+03 -9.321428e+02 -1.692706e+04 -3.381687e+03 -3.119526e+04 1.025830e+04 6.278295e+02
-3.333333e-03 7.822789e+03 5.027206e+03 1.092074e+03 2.021647e+04 -3.851424e+03 -3.455765e+04 1.240633e+04 7.635638e+02 1.077396e+03 -2.024338e+04 -6.009144e+03 3.420887e+03 -1.238185e+04 7.464400e+02 -2.621155e+03 2.659271e+04 1.314540e+03 -2.303523e+04 -6.853184e+03 4.445389e+03 1.410645e+04 -9.430921e+02 2.944049e+03 -3.031664e+04 -6.858426e+03 -3.864515e+03 -8.918131e+02 -1.776655e+04 -3.422788e+03 -3.031259e+04 1.089009e+04 5.987745e+02
-3.131313e-03 7.574297e+03 5.100348e+03 1.040456e+03 2.116484e+04 -3.898264e+03 -3.341214e+04 1.312044e+04 7.254735e+02 1.026262e+03 -2.119063e+04 -5.817867e+03 3.470142e+03 -1.309719e+04 7.089391e+02 -2.652493e+03 2.571081e+04 1.252321e+03 -2.411647e+04 -6.635279e+03 4.508327e+03 1.492209e+04 -8.960870e+02 2.981184e+03 -2.931148e+04 -6.640355e+03 -3.921887e+03 -8.495430e+02 -1.859741e+04 -3.462464e+03 -2.930756e+04 1.151640e+04 5.686425e+02
-2.929293e-03 7.292275e+03 5.170980e+03 9.864750e+02 2.209755e+04 -3.943260e+03 -3.212504e+04 1.382379e+04 6.860036e+02 9.728245e+02 -2.212223e+04 -5.600888e+03 3.517698e+03 -1.380177e+04 6.701256e+02 -2.682586e+03 2.472000e+04 1.187270e+03 -2.517986e+04 -6.388028e+03 4.569109e+03 1.572546e+04 -8.473739e+02 3.016853e+03 -2.818213e+04 -6.392917e+03 -3.977274e+03 -8.053592e+02 -1.941453e+04 -3.500568e+03 -2.817836e+04 1.213326e+04 5.374632e+02
-2.727273e-03 6.976471e+03 5.238784e+03 9.301771e+02 2.300847e+04 -3.986235e+03 -3.069546e+04 1.451164e+04 6.451967e+02 9.171314e+02 -2.303204e+04 -5.358014e+03 3.563342e+03 -1.449083e+04 6.300425e+02 -2.711316e+03 2.361962e+04 1.119442e+03 -2.621841e+04 -6.111212e+03 4.627463e+03 1.651115e+04 -7.970047e+02 3.050917e+03 -2.692782e+04 -6.115890e+03 -4.030429e+03 -7.593001e+02 -2.021255e+04 -3.536952e+03 -2.692422e+04 1.273652e+04 5.052715e+02
-2.525253e-03 6.626942e+03 5.303440e+03 8.716249e+02 2.389124e+04 -4.027016e+03 -2.912382e+04 1.517905e+04 6.031030e+02 8.592447e+02 -2.391373e+04 -5.089292e+03 3.606859e+03 -1.515943e+04 5.887397e+02 -2.738569e+03 2.240997e+04 1.048913e+03 -2.722488e+04 -5.804883e+03 4.683112e+03 1.727352e+04 -7.450408e+02 3.083238e+03 -2.554892e+04 -5.809327e+03 -4.081104e+03 -7.114171e+02 -2.098588e+04 -3.571470e+03 -2.554550e+04 1.332185e+04 4.721082e+02
-2.323232e-03 6.244086e+03 5.364630e+03 8.108969e+02 2.473936e+04 -4.065431e+03 -2.741194e+04 1.582099e+04 5.597803e+02 7.992422e+02 -2.476078e+04 -4.795026e+03 3.648036e+03 -1.580253e+04 5.462744e+02 -2.764233e+03 2.109247e+04 9.757772e+02 -2.819184e+04 -5.469387e+03 4.735781e+03 1.800681e+04 -6.915532e+02 3.113682e+03 -2.404703e+04 -5.473576e+03 -4.129050e+03 -6.617745e+02 -2.172884e+04 -3.603978e+03 -2.404381e+04 1.388484e+04 4.380195e+02
-2.121212e-03 5.828655e+03 5.422039e+03 7.480879e+02 2.554625e+04 -4.101315e+03 -2.556312e+04 1.643235e+04 5.152942e+02 7.372173e+02 -2.556665e+04 -4.475796e+03 3.686664e+03 -1.641500e+04 5.027102e+02 -2.788198e+03 1.966966e+04 9.001491e+02 -2.911180e+04 -5.105386e+03 4.785199e+03 1.870518e+04 -6.366224e+02 3.142117e+03 -2.242504e+04 -5.109297e+03 -4.174024e+03 -6.104496e+02 -2.243567e+04 -3.634338e+03 -2.242204e+04 1.442101e+04 4.030567e+02
-1.919192e-03 5.381777e+03 5.475361e+03 6.833094e+02 2.630536e+04 -4.134508e+03 -2.358223e+04 1.700804e+04 4.697173e+02 6.732795e+02 -2.632480e+04 -4.132466e+03 3.722537e+03 -1.699175e+04 4.581177e+02 -2.810359e+03 1.814527e+04 8.221625e+02 -2.997729e+04 -4.713866e+03 4.831103e+03 1.936283e+04 -5.803381e+02 3.168418e+03 -2.068721e+04 -4.717477e+03 -4.215787e+03 -5.575333e+02 -2.310063e+04 -3.662415e+03 -2.068444e+04 1.492589e+04 3.672764e+02
-1.717172e-03 4.904957e+03 5.524303e+03 6.166894e+02 2.701027e+04 -4.164859e+03 -2.147567e+04 1.754307e+04 4.231295e+02 6.075540e+02 -2.702880e+04 -3.766191e+03 3.755458e+03 -1.752777e+04 4.125735e+02 -2.830616e+03 1.652423e+04 7.419709e+02 -3.078098e+04 -4.296145e+03 4.873238e+03 1.997403e+04 -5.227988e+02 3.192465e+03 -1.883918e+04 -4.299437e+03 -4.254113e+03 -5.031293e+02 -2.371811e+04 -3.688083e+03 -1.883665e+04 1.539511e+04 3.307403e+02
-1.515152e-03 4.400083e+03 5.568585e+03 5.483715e+02 2.765479e+04 -4.192225e+03 -1.925145e+04 1.803263e+04 3.756173e+02 5.401811e+02 -2.767248e+04 -3.378418e+03 3.785242e+03 -1.801823e+04 3.661605e+02 -2.848877e+03 1.481271e+04 6.597469e+02 -3.151583e+04 -3.853875e+03 4.911364e+03 2.053329e+04 -4.641115e+02 3.214145e+03 -1.688795e+04 -3.856829e+03 -4.288783e+03 -4.473543e+02 -2.428267e+04 -3.711223e+03 -1.688568e+04 1.582444e+04 2.935145e+02
-1.313131e-03 3.869414e+03 5.607949e+03 4.785148e+02 2.823307e+04 -4.216476e+03 -1.691911e+04 1.847215e+04 3.272735e+02 4.713158e+02 -2.825000e+04 -2.970878e+03 3.811715e+03 -1.845857e+04 3.189670e+02 -2.865055e+03 1.301804e+04 5.756810e+02 -3.217515e+04 -3.389033e+03 4.945257e+03 2.103541e+04 -4.043911e+02 3.233356e+03 -1.484190e+04 -3.391631e+03 -4.319598e+03 -3.903370e+02 -2.478921e+04 -3.731725e+03 -1.483991e+04 1.620990e+04 2.556694e+02
-1.111111e-03 3.315563e+03 5.642159e+03 4.072926e+02 2.873970e+04 -4.237493e+03 -1.448966e+04 1.885742e+04 2.781966e+02 4.011266e+02 -2.875597e+04 -2.545575e+03 3.834719e+03 -1.884457e+04 2.710861e+02 -2.879073e+03 1.114868e+04 4.899809e+02 -3.275279e+04 -2.903907e+03 4.974712e+03 2.147555e+04 -3.437596e+02 3.250005e+03 -1.271068e+04 -2.906133e+03 -4.346374e+03 -3.322177e+02 -2.523298e+04 -3.749491e+03 -1.270897e+04 1.654778e+04 2.172792e+02
-9.090909e-04 2.741477e+03 5.671003e+03 3.348911e+02 2.916982e+04 -4.255172e+03 -1.197547e+04 1.918467e+04 2.284902e+02 3.297945e+02 -2.918552e+04 -2.104768e+03 3.854114e+03 -1.917244e+04 2.226158e+02 -2.890862e+03 9.214160e+03 4.028696e+02 -3.324319e+04 -2.401075e+03 4.999550e+03 2.184941e+04 -2.823457e+02 3.264009e+03 -1.050515e+04 -2.402916e+03 -4.368948e+03 -2.731468e+02 -2.560973e+04 -3.764434e+03 -1.050374e+04 1.683477e+04 1.784219e+02
-7.070707e-04 2.150398e+03 5.694304e+03 2.615081e+02 2.951922e+04 -4.269426e+03 -9.390152e+03 1.945060e+04 1.782626e+02 2.575115e+02 -2.953446e+04 -1.650939e+03 3.869780e+03 -1.943887e+04 1.736578e+02 -2.900366e+03 7.224934e+03 3.145840e+02 -3.364156e+04 -1.883373e+03 5.019614e+03 2.215323e+04 -2.202836e+02 3.275299e+03 -8.237233e+03 -1.884817e+03 -4.387182e+03 -2.132841e+02 -2.591578e+04 -3.776480e+03 -8.236125e+03 1.706799e+04 1.391782e+02
-5.050505e-04 1.545822e+03 5.711911e+03 1.873512e+02 2.978442e+04 -4.280180e+03 -6.748352e+03 1.965251e+04 1.276254e+02 1.844788e+02 -2.979931e+04 -1.186769e+03 3.881618e+03 -1.964116e+04 1.243169e+02 -2.907536e+03 5.192275e+03 2.253725e+02 -3.394394e+04 -1.353862e+03 5.034776e+03 2.238390e+04 -1.577124e+02 3.283817e+03 -5.919783e+03 -1.354901e+03 -4.400959e+03 -1.527972e+02 -2.614807e+04 -3.785569e+03 -5.918986e+03 1.724505e+04 9.963126e+01
-3.030303e-04 9.314540e+02 5.723714e+03 1.126358e+02 2.996274e+04 -4.287381e+03 -4.065579e+03 1.978830e+04 7.669372e+01 1.109052e+02 -2.997739e+04 -7.150962e+02 3.889553e+03 -1.977721e+04 7.470078e+01 -2.912336e+03 3.128106e+03 1.354927e+02 -3.414725e+04 -8.157829e+02 5.044940e+03 2.253903e+04 -9.477479e+01 3.289521e+03 -3.566400e+03 -8.164086e+02 -4.410194e+03 -9.185981e+01 -2.630426e+04 -3.791653e+03 -3.565920e+03 1.736414e+04 5.986635e+01
-1.010101e-04 3.111479e+02 5.729634e+03 3.758288e+01 3.005236e+04 -4.290991e+03 -1.357967e+03 1.985655e+04 2.558436e+01 3.700484e+01 -3.006689e+04 -2.388736e+02 3.893533e+03 -1.984559e+04 2.491874e+01 -2.914742e+03 1.044836e+03 4.520925e+01 -3.424943e+04 -2.725080e+02 5.050038e+03 2.261701e+04 -3.161621e+01 3.292380e+03 -1.191233e+03 -2.727170e+02 -4.414826e+03 -3.065028e+01 -2.638276e+04 -3.794704e+03 -1.191073e+03 1.742399e+04 1.997008e+01
1.010101e-04 -3.111479e+02 5.729634e+03 -3.758288e+01 3.005236e+04 -4.290991e+03 1.357967e+03 1.985655e+04 -2.558436e+01 -3.700484e+01 -3.006689e+04 2.388736e+02 3.893533e+03 -1.984559e+04 -2.491874e+01 -2.914742e+03 -1.044836e+03 -4.520925e+01 -3.424943e+04 2.725080e+02 5.050038e+03 2.261701e+04 3.161621e+01 3.292380e+03 1.191233e+03 2.727170e+02 -4.414826e+03 3.065028e+01 -2.638276e+04 -3.794704e+03 1.191073e+03 1.742399e+04 -1.997008e+01
3.030303e-04 -9.314540e+02 5.723714e+03 -1.126358e+02 2.996274e+04 -4.287381e+03 4.065579e+03 1.978830e+04 -7.669372e+01 -1.109052e+02 -2.997739e+04 7.150962e+02 3.889553e+03 -1.977721e+04 -7.470078e+01 -2.912336e+03 -3.128106e+03 -1.354927e+02 -3.414725e+04 8.157829e+02 5.044940e+03 2.253903e+04 9.477479e+01 3.289521e+03 3.566400e+03 8.164086e+02 -4.410194e+03 9.185981e+01 -2.630426e+04 -3.791653e+03 3.565920e+03 1.736414e+04 -5.986635e+01
5.050505e-04 -1.545822e+03 5.711911e+03 -1.873512e+02 2.978442e+04 -4.280180e+03 6.748352e+03 1.965251e+04 -1.276254e+02 -1.844788e+02 -2.979931e+04 1.186769e+03 3.881618e+03 -1.964116e+04 -1.243169e+02 -2.907536e+03 -5.192275e+03 -2.253725e+02 -3.394394e+04 1.353862e+03 5.034776e+03 2.238390e+04 1.577124e+02 3.283817e+03 5.919783e+03 1.354901e+03 -4.400959e+03 1.527972e+02 -2.614807e+04 -3.785569e+03 5.918986e+03 1.724505e+04 -9.963126e+01
7.070707e-04 -2.150398e+03 5.694304e+03 -2.615081e+02 2.951922e+04 -4.269426e+03 9.390152e+03 1.945060e+04 -1.782626e+02 -2.575115e+02 -2.953446e+04 1.650939e+03 3.869780e+03 -1.943887e+04 -1.736578e+02 -2.900366e+03 -7.224934e+03 -3.145840e+02 -3.364156e+04 1.883373e+03 5.019614e+03 2.215323e+04 2.202836e+02 3.275299e+03 8.237233e+03 1.884817e+03 -4.387182e+03 2.132841e+02 -2.591578e+04 -3.776480e+03 8.236125e+03 1.706799e+04 -1.391782e+02
9.090909e-04 -2.741477e+03 5.671003e+03 -3.348911e+02 2.916982e+04 -4.255172e+03 1.197547e+04 1.918467e+04 -2.284902e+02 -3.297945e+02 -2.918552e+04 2.104768e+03 3.854114e+03 -1.917244e+04 -2.226158e+02 -2.890862e+03 -9.214160e+03 -4.028696e+02 -3.324319e+04 2.401075e+03 4.999550e+03 2.184941e+04 2.823457e+02 3.264009e+03 1.050515e+04 2.402916e+03 -4.368948e+03 2.731468e+02 -2.560973e+04 -3.764434e+03 1.050374e+04 1.683477e+04 -1.784219e+02
1.111111e-03 -3.315563e+03 5.642159e+03 -4.072926e+02 2.873970e+04 -4.237493e+03 1.448966e+04 1.885742e+04 -2.781966e+02 -4.011266e+02 -2.875597e+04 2.545575e+03 3.834719e+03 -1.884457e+04 -2.710861e+02 -2.879073e+03 -1.114868e+04 -4.899809e+02 -3.275279e+04 2.903907e+03 4.974712e+03 2.147555e+04 3.437596e+02 3.250005e+03 1.271068e+04 2.906133e+03 -4.346374e+03 3.322177e+02 -2.523298e+04 -3.749491e+03 1.270897e+04 1.654778e+04 -2.172792e+02
1.313131e-03 -3.869414e+03 5.607949e+03 -4.785148e+02 2.823307e+04 -4.216476e+03 1.691911e+04 1.847215e+04 -3.272735e+02 -4.713158e+02 -2.825000e+04 2.970878e+03 3.811715e+03 -1.845857e+04 -3.189670e+02 -2.865055e+03 -1.301804e+04 -5.756810e+02 -3.217515e+04 3.389033e+03 4.945257e+03 2.103541e+04 4.043911e+02 3.233356e+03 1.484190e+04 3.391631e+03 -4.319598e+03 3.903370e+02 -2.478921e+04 -3.731725e+03 1.483991e+04 1.620990e+04 -2.556694e+02
1.515152e-03 -4.400083e+03 5.568585e+03 -5.483715e+02 2.765479e+04 -4.192225e+03 1.925145e+04 1.803263e+04 -3.756173e+02 -5.401811e+02 -2.767248e+04 3.378418e+03 3.785242e+03 -1.801823e+04 -3.661605e+02 -2.848877e+03 -1.481271e+04 -6.597469e+02 -3.151583e+04 3.853875e+03 4.911364e+03 2.053329e+04 4.641115e+02 3.214145e+03 1.688795e+04 3.856829e+03 -4.288783e+03 4.473543e+02 -2.428267e+04 -3.711223e+03 1.688568e+04 1.582444e+04 -2.935145e+02
1.717172e-03 -4.904957e+03 5.524303e+03 -6.166894e+02 2.701027e+04 -4.164859e+03 2.147567e+04 1.754307e+04 -4.231295e+02 -6.075540e+02 -2.702880e+04 3.766191e+03 3.755458e+03 -1.752777e+04 -4.125735e+02 -2.830616e+03 -1.652423e+04 -7.419709e+02 -3.078098e+04 4.296145e+03 4.873238e+03 1.997403e+04 5.227988e+02 3.192465e+03 1.883918e+04 4.299437e+03 -4.254113e+03 5.031293e+02 -2.371811e+04 -3.688083e+03 1.883665e+04 1.539511e+04 -3.307403e+02
1.919192e-03 -5.381777e+03 5.475361e+03 -6.833094e+02 2.630536e+04 -4.134508e+03 2.358223e+04 1.700804e+04 -4.697173e+02 -6.732795e+02 -2.632480e+04 4.132466e+03 3.722537e+03 -1.699175e+04 -4.581177e+02 -2.810359e+03 -1.814527e+04 -8.221625e+02 -2.997729e+04 4.713866e+03 4.831103e+03 1.936283e+04 5.803381e+02 3.168418e+03 2.068721e+04 4.717477e+03 -4.215787e+03 5.575333e+02 -2.310063e+04 -3.662415e+03 2.068444e+04 1.492589e+04 -3.672764e+02
2.121212e-03 -5.828655e+03 5.422039e+03 -7.480879e+02 2.554625e+04 -4.101315e+03 2.556312e+04 1.643235e+04 -5.152942e+02 -7.372173e+02 -2.556665e+04 4.475796e+03 3.686664e+03 -1.641500e+04 -5.027102e+02 -2.788198e+03 -1.966966e+04 -9.001491e+02 -2.911180e+04 5.105386e+03 4.785199e+03 1.870518e+04 6.366224e+02 3.142117e+03 2.242504e+04 5.109297e+03 -4.174024e+03 6.104496e+02 -2.243567e+04 -3.634338e+03 2.242204e+04 1.442101e+04 -4.030567e+02
2.323232e-03 -6.244086e+03 5.364630e+03 -8.108969e+02 2.473936e+04 -4.065431e+03 2.741194e+04 1.582099e+04 -5.597803e+02 -7.992422e+02 -2.476078e+04 4.795026e+03 3.648036e+03 -1.580253e+04 -5.462744e+02 -2.764233e+03 -2.109247e+04 -9.757772e+02 -2.819184e+04 5.469387e+03 4.735781e+03 1.800681e+04 6.915532e+02 3.113682e+03 2.404703e+04 5.473576e+03 -4.129050e+03 6.617745e+02 -2.172884e+04 -3.603978e+03 2.404381e+04 1.388484e+04 -4.380195e+02
2.525253e-03 -6.626942e+03 5.303440e+03 -8.716249e+02 2.389124e+04 -4.027016e+03 2.912382e+04 1.517905e+04 -6.031030e+02 -8.592447e+02 -2.391373e+04 5.089292e+03 3.606859e+03 -1.515943e+04 -5.887397e+02 -2.738569e+03 -2.240997e+04 -1.048913e+03 -2.722488e+04 5.804883e+03 4.683112e+03 1.727352e+04 7.450408e+02 3.083238e+03 2.554892e+04 5.809327e+03 -4.081104e+03 7.114171e+02 -2.098588e+04 -3.571470e+03 2.554550e+04 1.332185e+04 -4.721082e+02
2.727273e-03 -6.976471e+03 5.238784e+03 -9.301771e+02 2.300847e+04 -3.986235e+03 3.069546e+04 1.451164e+04 -6.451967e+02 -9.171314e+02 -2.303204e+04 5.358014e+03 3.563342e+03 -1.449083e+04 -6.300425e+02 -2.711316e+03 -2.361962e+04 -1.119442e+03 -2.621841e+04 6.111212e+03 4.627463e+03 1.651115e+04 7.970047e+02 3.050917e+03 2.692782e+04 6.115890e+03 -4.030429e+03 7.593001e+02 -2.021255e+04 -3.536952e+03 2.692422e+04 1.273652e+04 -5.052715e+02
2.929293e-03 -7.292275e+03 5.170980e+03 -9.864750e+02 2.209755e+04 -3.943260e+03 3.212504e+04 1.382379e+04 -6.860036e+02 -9.728245e+02 -2.212223e+04 5.600888e+03 3.517698e+03 -1.380177e+04 -6.701256e+02 -2.682586e+03 -2.472000e+04 -1.187270e+03 -2.517986e+04 6.388028e+03 4.569109e+03 1.572546e+04 8.473739e+02 3.016853e+03 2.818213e+04 6.392917e+03 -3.977274e+03 8.053592e+02 -1.941453e+04 -3.500568e+03 2.817836e+04 1.213326e+04 -5.374632e+02
3.131313e-03 -7.574297e+03 5.100348e+03 -1.040456e+03 2.116484e+04 -3.898264e+03 3.341214e+04 1.312044e+04 -7.254735e+02 -1.026262e+03 -2.119063e+04 5.817867e+03 3.470142e+03 -1.309719e+04 -7.089391e+02 -2.652493e+03 -2.571081e+04 -1.252321e+03 -2.411647e+04 6.635279e+03 4.508327e+03 1.492209e+04 8.960870e+02 2.981184e+03 2.931148e+04 6.640355e+03 -3.921887e+03 8.495430e+02 -1.859741e+04 -3.462464e+03 2.930756e+04 1.151640e+04 -5.686425e+02
3.333333e-03 -7.822789e+03 5.027206e+03 -1.092074e+03 2.021647e+04 -3.851424e+03 3.455765e+04 1.240633e+04 -7.635638e+02 -1.077396e+03 -2.024338e+04 6.009144e+03 3.420887e+03 -1.238185e+04 -7.464400e+02 -2.621155e+03 -2.659271e+04 -1.314540e+03 -2.303523e+04 6.853184e+03 4.445389e+03 1.410645e+04 9.430921e+02 2.944049e+03 3.031664e+04 6.858426e+03 -3.864515e+03 8.918131e+02 -1.776655e+04 -3.422788e+03 3.031259e+04 1.089009e+04 -5.987745e+02
3.535354e-03 -8.038289e+03 4.951866e+03 -1.141298e+03 1.925828e+04 -3.802914e+03 3.556364e+04 1.168597e+04 -8.002394e+02 -1.126196e+03 -1.928630e+04 6.175129e+03 3.370143e+03 -1.166027e+04 -7.825923e+02 -2.588687e+03 -2.736731e+04 -1.373887e+03 -2.194282e+04 7.042214e+03 4.380567e+03 1.328370e+04 9.883467e+02 2.905586e+03 3.119943e+04 7.047599e+03 -3.805403e+03 9.321428e+02 -1.692706e+04 -3.381687e+03 3.119526e+04 1.025830e+04 -6.278295e+02
3.737374e-03 -8.221587e+03 4.874636e+03 -1.188109e+03 1.829578e+04 -3.752910e+03 3.643322e+04 1.096360e+04 -8.354727e+02 -1.172641e+03 -1.832489e+04 6.316425e+03 3.318115e+03 -1.093670e+04 -8.173670e+02 -2.555205e+03 -2.803698e+04 -1.430341e+03 -2.084550e+04 7.203058e+03 4.314123e+03 1.245868e+04 1.031818e+03 2.865934e+03 3.196259e+04 7.208565e+03 -3.744790e+03 9.705171e+02 -1.608377e+04 -3.339309e+03 3.195832e+04 9.624739e+03 -6.557834e+02
3.939394e-03 -8.373694e+03 4.795810e+03 -1.232504e+03 1.733410e+04 -3.701585e+03 3.717046e+04 1.024316e+04 -8.692434e+02 -1.216727e+03 -1.736428e+04 6.433806e+03 3.265002e+03 -1.021509e+04 -8.507419e+02 -2.520825e+03 -2.860486e+04 -1.483896e+03 -1.974911e+04 7.336601e+03 4.246314e+03 1.163592e+04 1.073480e+03 2.825230e+03 3.260966e+04 7.342208e+03 -3.682906e+03 1.006932e+03 -1.524117e+04 -3.295799e+03 3.260531e+04 8.992869e+03 -6.826176e+02
4.141414e-03 -8.495807e+03 4.715676e+03 -1.274491e+03 1.637795e+04 -3.649106e+03 3.778017e+04 9.528280e+03 -9.015382e+02 -1.258459e+03 -1.640916e+04 6.528186e+03 3.210995e+03 -9.499067e+03 -8.827015e+02 -2.485657e+03 -2.907465e+04 -1.534562e+03 -1.865904e+04 7.443888e+03 4.177385e+03 1.081953e+04 1.113320e+03 2.783607e+03 3.314489e+04 7.449576e+03 -3.619975e+03 1.041392e+03 -1.440337e+04 -3.251299e+03 3.314047e+04 8.365861e+03 -7.083186e+02
4.343434e-03 -8.589277e+03 4.634504e+03 -1.314090e+03 1.543161e+04 -3.595639e+03 3.826786e+04 8.822230e+03 -9.323503e+02 -1.297854e+03 -1.546381e+04 6.600601e+03 3.156278e+03 -8.791912e+03 -9.132366e+02 -2.449812e+03 -2.945058e+04 -1.582361e+03 -1.758017e+04 7.526102e+03 4.107571e+03 1.001326e+04 1.151329e+03 2.741194e+03 3.357308e+04 7.531852e+03 -3.556209e+03 1.073913e+03 -1.357415e+04 -3.205949e+03 3.356862e+04 7.746592e+03 -7.328782e+02
4.545455e-03 -8.655579e+03 4.552554e+03 -1.351331e+03 1.449893e+04 -3.541343e+03 3.863952e+04 8.127946e+03 -9.616793e+02 -1.334940e+03 -1.453209e+04 6.652179e+03 3.101025e+03 -8.096567e+03 -9.423438e+02 -2.413397e+03 -2.973726e+04 -1.627328e+03 -1.651688e+04 7.584532e+03 4.037095e+03 9.220467e+03 1.187507e+03 2.698119e+03 3.389952e+04 7.590325e+03 -3.491812e+03 1.104518e+03 -1.275686e+04 -3.159883e+03 3.389501e+04 7.137634e+03 -7.562927e+02
4.747475e-03 -8.696281e+03 4.470070e+03 -1.386251e+03 1.358333e+04 -3.486371e+03 3.890158e+04 7.448015e+03 -9.895308e+02 -1.369753e+03 -1.361739e+04 6.684119e+03 3.045399e+03 -7.415624e+03 -9.700259e+02 -2.376512e+03 -2.993963e+04 -1.669509e+03 -1.547307e+04 7.620548e+03 3.966166e+03 8.444105e+03 1.221863e+03 2.654503e+03 3.412981e+04 7.626368e+03 -3.426974e+03 1.133237e+03 -1.195450e+04 -3.113231e+03 3.412528e+04 6.541256e+03 -7.785632e+02
4.949495e-03 -8.713013e+03 4.387280e+03 -1.418899e+03 1.268777e+04 -3.430869e+03 3.906072e+04 6.784685e+03 -1.015916e+03 -1.402337e+03 -1.272269e+04 6.697669e+03 2.989555e+03 -6.751334e+03 -9.962905e+02 -2.339257e+03 -3.006282e+04 -1.708959e+03 -1.445212e+04 7.635578e+03 3.894981e+03 7.686741e+03 1.254411e+03 2.610462e+03 3.426983e+04 7.641408e+03 -3.361874e+03 1.160107e+03 -1.116966e+04 -3.066117e+03 3.426528e+04 5.959430e+03 -7.996952e+02
5.151515e-03 -8.707445e+03 4.304396e+03 -1.449327e+03 1.181481e+04 -3.374977e+03 3.912381e+04 6.139872e+03 -1.040850e+03 -1.432742e+03 -1.185054e+04 6.694109e+03 2.933636e+03 -6.105617e+03 -1.021151e+03 -2.301725e+03 -3.011212e+04 -1.745741e+03 -1.345695e+04 7.631081e+03 3.823723e+03 6.950563e+03 1.285171e+03 2.566106e+03 3.432560e+04 7.636906e+03 -3.296678e+03 1.185171e+03 -1.040460e+04 -3.018659e+03 3.432104e+04 5.393836e+03 -8.196981e+02
5.353535e-03 -8.681263e+03 4.221615e+03 -1.477595e+03 1.096660e+04 -3.318827e+03 3.909779e+04 5.515176e+03 -1.064354e+03 -1.461024e+03 -1.100308e+04 6.674728e+03 2.877774e+03 -5.480074e+03 -1.044623e+03 -2.264003e+03 -3.009286e+04 -1.779928e+03 -1.249001e+04 7.608531e+03 3.752561e+03 6.237397e+03 1.314170e+03 2.521540e+03 3.430320e+04 7.614339e+03 -3.231543e+03 1.208476e+03 -9.661190e+03 -2.970968e+03 3.429865e+04 4.845878e+03 -8.385848e+02
5.555556e-03 -8.636147e+03 4.139117e+03 -1.503767e+03 1.014491e+04 -3.262543e+03 3.898960e+04 4.911897e+03 -1.086452e+03 -1.487245e+03 -1.018209e+04 6.640814e+03 2.822091e+03 -4.876009e+03 -1.066730e+03 -2.226177e+03 -3.001038e+04 -1.811594e+03 -1.155332e+04 7.569400e+03 3.681649e+03 5.548729e+03 1.341439e+03 2.476863e+03 3.420872e+04 7.575178e+03 -3.166609e+03 1.230072e+03 -8.940982e+03 -2.923152e+03 3.420419e+04 4.316697e+03 -8.563719e+02
5.757576e-03 -8.573757e+03 4.057068e+03 -1.527913e+03 9.351156e+03 -3.206241e+03 3.880611e+04 4.331058e+03 -1.107174e+03 -1.511471e+03 -9.388965e+03 6.593637e+03 2.766698e+03 -4.294444e+03 -1.087497e+03 -2.188324e+03 -2.986997e+04 -1.840822e+03 -1.064847e+04 7.515138e+03 3.611130e+03 4.885723e+03 1.367014e+03 2.432166e+03 3.404819e+04 7.520874e+03 -3.102007e+03 1.250016e+03 -8.245214e+03 -2.875307e+03 3.404368e+04 3.807188e+03 -8.730786e+02
5.959596e-03 -8.495712e+03 3.975617e+03 -1.550102e+03 8.586406e+03 -3.150030e+03 3.855403e+04 3.773420e+03 -1.126550e+03 -1.533771e+03 -8.624793e+03 6.534438e+03 2.711698e+03 -3.736142e+03 -1.106951e+03 -2.150517e+03 -2.967678e+04 -1.867697e+03 -9.776709e+03 7.447162e+03 3.541133e+03 4.249250e+03 1.390934e+03 2.387537e+03 3.382749e+04 7.452846e+03 -3.037855e+03 1.268365e+03 -7.574831e+03 -2.827528e+03 3.382302e+04 3.318022e+03 -8.887271e+02
6.161616e-03 -8.403583e+03 3.894899e+03 -1.570410e+03 7.851438e+03 -3.094009e+03 3.823989e+04 3.239510e+03 -1.144614e+03 -1.554214e+03 -7.890346e+03 6.464419e+03 2.657181e+03 -3.201628e+03 -1.125124e+03 -2.112824e+03 -2.943583e+04 -1.892307e+03 -8.938907e+03 7.366847e+03 3.471772e+03 3.639908e+03 1.413242e+03 2.343054e+03 3.355234e+04 7.372469e+03 -2.974259e+03 1.285176e+03 -6.930514e+03 -2.779899e+03 3.354791e+04 2.849659e+03 -9.033417e+02
6.363636e-03 -8.298881e+03 3.815034e+03 -1.588911e+03 7.146751e+03 -3.038272e+03 3.786998e+04 2.729640e+03 -1.161404e+03 -1.572874e+03 -7.186122e+03 6.384739e+03 2.603230e+03 -2.691216e+03 -1.142049e+03 -2.075308e+03 -2.915196e+04 -1.914742e+03 -8.135637e+03 7.275514e+03 3.403152e+03 3.058054e+03 1.433984e+03 2.298791e+03 3.322827e+04 7.281066e+03 -2.911316e+03 1.300512e+03 -6.312699e+03 -2.732499e+03 3.322388e+04 2.402374e+03 -9.169489e+02
6.565657e-03 -8.183048e+03 3.736131e+03 -1.605682e+03 6.472595e+03 -2.982903e+03 3.745032e+04 2.243931e+03 -1.176957e+03 -1.589825e+03 -6.512374e+03 6.296501e+03 2.549916e+03 -2.205024e+03 -1.157763e+03 -2.038025e+03 -2.882980e+04 -1.935093e+03 -7.367182e+03 7.174425e+03 3.335364e+03 2.503823e+03 1.453208e+03 2.254816e+03 3.286054e+04 7.179900e+03 -2.849110e+03 1.314434e+03 -5.721609e+03 -2.685401e+03 3.285621e+04 1.976274e+03 -9.295769e+02
6.767677e-03 -8.057453e+03 3.658283e+03 -1.620799e+03 5.829002e+03 -2.927979e+03 3.698662e+04 1.782334e+03 -1.191314e+03 -1.605141e+03 -5.869132e+03 6.200756e+03 2.497304e+03 -1.743003e+03 -1.172302e+03 -2.001029e+03 -2.847374e+04 -1.953453e+03 -6.633578e+03 7.064777e+03 3.268490e+03 1.977156e+03 1.470964e+03 2.211190e+03 3.245418e+04 7.070170e+03 -2.787717e+03 1.327004e+03 -5.157272e+03 -2.638670e+03 3.244990e+04 1.571315e+03 -9.412553e+02
6.969697e-03 -7.923387e+03 3.581572e+03 -1.634339e+03 5.215807e+03 -2.873570e+03 3.648430e+04 1.344652e+03 -1.204516e+03 -1.618897e+03 -5.256236e+03 6.098491e+03 2.445450e+03 -1.304952e+03 -1.185706e+03 -1.964368e+03 -2.808796e+04 -1.969912e+03 -5.934636e+03 6.947701e+03 3.202598e+03 1.477827e+03 1.487302e+03 2.167969e+03 3.201393e+04 6.953005e+03 -2.727201e+03 1.338282e+03 -4.619546e+03 -2.592367e+03 3.200972e+04 1.187325e+03 -9.520146e+02
7.171717e-03 -7.782059e+03 3.506069e+03 -1.646378e+03 4.632678e+03 -2.819739e+03 3.594844e+04 9.305564e+02 -1.216605e+03 -1.631165e+03 -4.673355e+03 5.990634e+03 2.394403e+03 -8.905441e+02 -1.198014e+03 -1.928084e+03 -2.767635e+04 -1.984562e+03 -5.269979e+03 6.824255e+03 3.137751e+03 1.005461e+03 1.502277e+03 2.125202e+03 3.154425e+04 6.829466e+03 -2.667620e+03 1.348332e+03 -4.108141e+03 -2.546546e+03 3.154010e+04 8.240183e+02 -9.618865e+02
7.373737e-03 -7.634599e+03 3.431834e+03 -1.656992e+03 4.079140e+03 -2.766543e+03 3.538380e+04 5.396124e+02 -1.227623e+03 -1.642019e+03 -4.120015e+03 5.878051e+03 2.344204e+03 -4.993404e+02 -1.209266e+03 -1.892215e+03 -2.724257e+04 -1.997493e+03 -4.639063e+03 6.695427e+03 3.074000e+03 5.595557e+02 1.515939e+03 2.082936e+03 3.104931e+04 6.700541e+03 -2.609022e+03 1.357213e+03 -3.622644e+03 -2.501255e+03 3.104522e+04 4.810116e+02 -9.709031e+02
7.575758e-03 -7.482055e+03 3.358919e+03 -1.666253e+03 3.554593e+03 -2.714031e+03 3.479480e+04 1.712909e+02 -1.237614e+03 -1.651531e+03 -3.595618e+03 5.761544e+03 2.294886e+03 -1.308100e+02 -1.219504e+03 -1.856796e+03 -2.679002e+04 -2.008793e+03 -4.041203e+03 6.562134e+03 3.011387e+03 1.395068e+02 1.528343e+03 2.041209e+03 3.053298e+04 6.567147e+03 -2.551449e+03 1.364985e+03 -3.162530e+03 -2.456538e+03 3.052897e+04 1.578421e+02 -9.790971e+02
7.777778e-03 -7.325393e+03 3.287364e+03 -1.674234e+03 3.058337e+03 -2.662247e+03 3.418553e+04 -1.750134e+02 -1.246621e+03 -1.659772e+03 -3.099468e+03 5.641856e+03 2.246480e+03 2.156544e+02 -1.228768e+03 -1.821858e+03 -2.632186e+04 -2.018548e+03 -3.475601e+03 6.425223e+03 2.949948e+03 -2.553793e+02 1.539541e+03 2.000056e+03 2.999887e+04 6.430133e+03 -2.494932e+03 1.371707e+03 -2.727187e+03 -2.412431e+03 2.999493e+04 -1.460204e+02 -9.865012e+02
7.979798e-03 -7.165502e+03 3.217203e+03 -1.681004e+03 2.589588e+03 -2.611228e+03 3.355977e+04 -4.999668e+02 -1.254686e+03 -1.666809e+03 -2.630780e+03 5.519667e+03 2.199008e+03 5.407217e+02 -1.237099e+03 -1.787426e+03 -2.584099e+04 -2.026842e+03 -2.941363e+03 6.285471e+03 2.889711e+03 -6.258657e+02 1.549587e+03 1.959509e+03 2.945027e+04 6.290277e+03 -2.439500e+03 1.377435e+03 -2.315930e+03 -2.368967e+03 2.944641e+04 -4.311603e+02 -9.931483e+02
8.181818e-03 -7.003195e+03 3.148461e+03 -1.686633e+03 2.147495e+03 -2.561009e+03 3.292098e+04 -8.042846e+02 -1.261853e+03 -1.672710e+03 -2.188708e+03 5.395601e+03 2.152488e+03 8.451094e+02 -1.244539e+03 -1.753523e+03 -2.535008e+04 -2.033758e+03 -2.437517e+03 6.143590e+03 2.830699e+03 -9.727711e+02 1.558533e+03 1.919593e+03 2.889024e+04 6.148290e+03 -2.385174e+03 1.382226e+03 -1.928016e+03 -2.326177e+03 2.888645e+04 -6.982041e+02 -9.990711e+02
8.383838e-03 -6.839212e+03 3.081157e+03 -1.691186e+03 1.731156e+03 -2.511617e+03 3.227233e+04 -1.088718e+03 -1.268161e+03 -1.677538e+03 -1.772352e+03 5.270225e+03 2.106933e+03 1.129571e+03 -1.251127e+03 -1.720169e+03 -2.485155e+04 -2.039376e+03 -1.963035e+03 6.000227e+03 2.772926e+03 -1.296955e+03 1.566430e+03 1.880331e+03 2.832154e+04 6.004820e+03 -2.331970e+03 1.386132e+03 -1.562655e+03 -2.284083e+03 2.831782e+04 -9.478106e+02 -1.004302e+03
8.585859e-03 -6.674223e+03 3.015303e+03 -1.694727e+03 1.339633e+03 -2.463074e+03 3.161669e+04 -1.354045e+03 -1.273654e+03 -1.681358e+03 -1.380775e+03 5.144053e+03 2.062352e+03 1.394887e+03 -1.256904e+03 -1.687380e+03 -2.434761e+04 -2.043770e+03 -1.516846e+03 5.855970e+03 2.716403e+03 -1.599308e+03 1.573330e+03 1.841741e+03 2.774669e+04 5.860455e+03 -2.279898e+03 1.389205e+03 -1.219027e+03 -2.242705e+03 2.774305e+04 -1.180661e+03 -1.008873e+03
8.787879e-03 -6.508830e+03 2.950907e+03 -1.697318e+03 9.719597e+02 -2.415401e+03 3.095666e+04 -1.601058e+03 -1.278371e+03 -1.684229e+03 -1.013015e+03 5.017548e+03 2.018750e+03 1.641854e+03 -1.261908e+03 -1.655169e+03 -2.384029e+04 -2.047016e+03 -1.097850e+03 5.711346e+03 2.661136e+03 -1.880738e+03 1.579282e+03 1.803839e+03 2.716799e+04 5.715724e+03 -2.228965e+03 1.391497e+03 -8.962883e+02 -2.202062e+03 2.716443e+04 -1.397452e+03 -1.012815e+03
8.989899e-03 -6.343578e+03 2.887971e+03 -1.699017e+03 6.271570e+02 -2.368612e+03 3.029461e+04 -1.830561e+03 -1.282351e+03 -1.686209e+03 -6.680934e+02 4.891127e+03 1.976130e+03 1.871275e+03 -1.266178e+03 -1.623548e+03 -2.333137e+04 -2.049184e+03 -7.049285e+02 5.566831e+03 2.607125e+03 -2.142163e+03 1.584334e+03 1.766637e+03 2.658749e+04 5.571101e+03 -2.179173e+03 1.393053e+03 -5.935807e+02 -2.162165e+03 2.658400e+04 -1.598885e+03 -1.016159e+03
9.191919e-03 -6.178948e+03 2.826491e+03 -1.699880e+03 3.042385e+02 -2.322717e+03 2.963263e+04 -2.043357e+03 -1.285633e+03 -1.687353e+03 -3.450266e+02 4.765161e+03 1.934489e+03 2.083958e+03 -1.269751e+03 -1.592524e+03 -2.282248e+04 -2.050342e+03 -3.369567e+02 5.422848e+03 2.554370e+03 -2.384503e+03 1.588534e+03 1.730144e+03 2.600704e+04 5.427011e+03 -2.130520e+03 1.393922e+03 -3.100419e+02 -2.123025e+03 2.600363e+04 -1.785667e+03 -1.018935e+03
9.393939e-03 -6.015369e+03 2.766460e+03 -1.699963e+03 2.219849e+00 -2.277727e+03 2.897260e+04 -2.240245e+03 -1.288254e+03 -1.687716e+03 -4.283241e+01 4.639978e+03 1.893824e+03 2.280703e+03 -1.272663e+03 -1.562103e+03 -2.231508e+04 -2.050555e+03 7.187952e+00 5.279772e+03 2.502862e+03 -2.608672e+03 1.591928e+03 1.694366e+03 2.542829e+04 5.283829e+03 -2.083003e+03 1.394146e+03 -4.481063e+01 -2.084649e+03 2.542495e+04 -1.958498e+03 -1.021173e+03
9.595960e-03 -5.853221e+03 2.707870e+03 -1.699315e+03 -2.798751e+02 -2.233644e+03 2.831619e+04 -2.422016e+03 -1.290250e+03 -1.687347e+03 2.394632e+02 4.515870e+03 1.854128e+03 2.462304e+03 -1.274950e+03 -1.532290e+03 -2.181043e+04 -2.049885e+03 3.286187e+02 5.137935e+03 2.452594e+03 -2.815573e+03 1.594560e+03 1.659308e+03 2.485270e+04 5.141887e+03 -2.036614e+03 1.393768e+03 2.029670e+02 -2.047043e+03 2.484944e+04 -2.118069e+03 -1.022901e+03
9.797980e-03 -5.692834e+03 2.650705e+03 -1.697988e+03 -5.430082e+02 -2.190472e+03 2.766489e+04 -2.589445e+03 -1.291657e+03 -1.686296e+03 5.028202e+02 4.393091e+03 1.815393e+03 2.629537e+03 -1.276645e+03 -1.503086e+03 -2.130969e+04 -2.048392e+03 6.284328e+02 4.997628e+03 2.403554e+03 -3.006094e+03 1.596472e+03 1.624971e+03 2.428157e+04 5.001476e+03 -1.991344e+03 1.392828e+03 4.341328e+02 -2.010207e+03 2.427839e+04 -2.265062e+03 -1.024147e+03
1.000000e-02 -5.534497e+03 2.594951e+03 -1.696027e+03 -7.881230e+02 -2.148210e+03 2.701997e+04 -2.743290e+03 -1.292507e+03 -1.684608e+03 7.481800e+02 4.271864e+03 1.777608e+03 2.783163e+03 -1.277782e+03 -1.474492e+03 -2.081384e+04 -2.046131e+03 9.077060e+02 4.859103e+03 2.355727e+03 -3.181102e+03 1.597706e+03 1.591356e+03 2.371604e+04 4.862849e+03 -1.947179e+03 1.391365e+03 6.495123e+02 -1.974144e+03 2.371293e+04 -2.400142e+03 -1.024936e+03
