-1.000000e-02 3.631157e+03 3.059345e+03 2.446931e+03 -8.892149e+03 -2.296904e+03 -4.856581e+04 -1.203953e+04 1.944340e+03 2.422260e+03 8.830419e+03 -2.827618e+03 2.099422e+03 1.210127e+04 1.915766e+03 -1.582333e+03 3.742343e+04 2.946072e+03 1.013795e+04 -3.200856e+03 2.780582e+03 -1.379484e+04 -2.381112e+03 1.688964e+03 -4.263390e+04 -3.205499e+03 -2.296641e+03 -2.004723e+03 7.745881e+03 -2.129961e+03 -4.263023e+04 -1.056190e+04 1.553607e+03
-9.797980e-03 3.843047e+03 3.162040e+03 2.475864e+03 -8.894812e+03 -2.363012e+03 -5.073484e+04 -1.225724e+04 1.961658e+03 2.450097e+03 8.831551e+03 -2.990647e+03 2.169478e+03 1.232046e+04 1.931917e+03 -1.627508e+03 3.909329e+04 2.980411e+03 1.014115e+04 -3.386627e+03 2.869713e+03 -1.404480e+04 -2.401958e+03 1.741015e+03 -4.453714e+04 -3.391503e+03 -2.377469e+03 -2.028104e+03 7.746715e+03 -2.187410e+03 -4.453330e+04 -1.075278e+04 1.566926e+03
-9.595960e-03 4.067365e+03 3.269914e+03 2.505181e+03 -8.878057e+03 -2.431782e+03 -5.302278e+04 -1.247320e+04 1.978867e+03 2.478258e+03 8.813225e+03 -3.163208e+03 2.243059e+03 1.253796e+04 1.947895e+03 -1.674499e+03 4.085467e+04 3.015180e+03 1.012223e+04 -3.583275e+03 2.963349e+03 -1.429284e+04 -2.422672e+03 1.795161e+03 -4.654469e+04 -3.588397e+03 -2.462352e+03 -2.051774e+03 7.730470e+03 -2.247168e+03 -4.654068e+04 -1.094212e+04 1.580099e+03
-9.393939e-03 4.304860e+03 3.383297e+03 2.534860e+03 -8.839126e+03 -2.503332e+03 -5.543652e+04 -1.268635e+04 1.995923e+03 2.506716e+03 8.772680e+03 -3.345874e+03 2.320392e+03 1.275267e+04 1.963654e+03 -1.723384e+03 4.271285e+04 3.050352e+03 1.007805e+04 -3.791454e+03 3.061779e+03 -1.453771e+04 -2.443201e+03 1.851494e+03 -4.866261e+04 -3.796839e+03 -2.551549e+03 -2.075714e+03 7.694724e+03 -2.309336e+03 -4.865841e+04 -1.112899e+04 1.593089e+03
-9.191919e-03 4.556317e+03 3.502545e+03 2.564875e+03 -8.774918e+03 -2.577782e+03 -5.798328e+04 -1.289542e+04 2.012777e+03 2.535442e+03 8.706815e+03 -3.539248e+03 2.401716e+03 1.296335e+04 1.979139e+03 -1.774244e+03 4.467342e+04 3.085892e+03 1.000506e+04 -4.011854e+03 3.165314e+03 -1.477799e+04 -2.463484e+03 1.910108e+03 -5.089723e+04 -4.017515e+03 -2.645338e+03 -2.099900e+03 7.636757e+03 -2.374018e+03 -5.089283e+04 -1.131228e+04 1.605850e+03
-8.989899e-03 4.822559e+03 3.628040e+03 2.595195e+03 -8.681948e+03 -2.655255e+03 -6.067058e+04 -1.309899e+04 2.029373e+03 2.564401e+03 8.612148e+03 -3.743959e+03 2.487292e+03 1.316855e+04 1.994292e+03 -1.827163e+03 4.674213e+04 3.121762e+03 9.899308e+03 -4.245191e+03 3.274287e+03 -1.501203e+04 -2.483455e+03 1.971101e+03 -5.325514e+04 -4.251146e+03 -2.744015e+03 -2.124304e+03 7.553513e+03 -2.441321e+03 -5.325053e+04 -1.149073e+04 1.618334e+03
-8.787879e-03 5.104440e+03 3.760196e+03 2.625784e+03 -8.556304e+03 -2.735879e+03 -6.350622e+04 -1.329539e+04 2.045651e+03 2.593553e+03 8.484766e+03 -3.960660e+03 2.577401e+03 1.336662e+04 2.009047e+03 -1.882228e+03 4.892502e+04 3.157915e+03 9.756322e+03 -4.492213e+03 3.389058e+03 -1.523795e+04 -2.503039e+03 2.034573e+03 -5.574320e+04 -4.498479e+03 -2.847902e+03 -2.148896e+03 7.441558e+03 -2.511353e+03 -5.573837e+04 -1.166288e+04 1.630488e+03
-8.585859e-03 5.402847e+03 3.899455e+03 2.656599e+03 -8.393595e+03 -2.819784e+03 -6.649827e+04 -1.348273e+04 2.061544e+03 2.622850e+03 8.320280e+03 -4.190032e+03 2.672341e+03 1.355566e+04 2.023332e+03 -1.939524e+03 5.122826e+04 3.194297e+03 9.571100e+03 -4.753696e+03 3.510015e+03 -1.545361e+04 -2.522154e+03 2.100626e+03 -5.836847e+04 -4.760292e+03 -2.957343e+03 -2.173638e+03 7.297042e+03 -2.584227e+03 -5.836340e+04 -1.182709e+04 1.642254e+03
-8.383838e-03 5.718693e+03 4.046295e+03 2.687591e+03 -8.188894e+03 -2.907103e+03 -6.965499e+04 -1.365887e+04 2.076977e+03 2.652238e+03 8.113764e+03 -4.432772e+03 2.772438e+03 1.373353e+04 2.037069e+03 -1.999143e+03 5.365823e+04 3.230846e+03 9.338027e+03 -5.030438e+03 3.637575e+03 -1.565652e+04 -2.540709e+03 2.169364e+03 -6.113820e+04 -5.037383e+03 -3.072709e+03 -2.198486e+03 7.115641e+03 -2.660057e+03 -6.113288e+04 -1.198147e+04 1.653566e+03
-8.181818e-03 6.052914e+03 4.201229e+03 2.718700e+03 -7.936674e+03 -2.997969e+03 -7.298479e+04 -1.382134e+04 2.091868e+03 2.681654e+03 7.859694e+03 -4.689597e+03 2.878040e+03 1.389776e+04 2.050172e+03 -2.061173e+03 5.622140e+04 3.267487e+03 9.050805e+03 -5.323257e+03 3.772187e+03 -1.584389e+04 -2.558605e+03 2.240893e+03 -6.405979e+04 -5.330572e+03 -3.194400e+03 -2.223391e+03 6.892511e+03 -2.738958e+03 -6.405420e+04 -1.212384e+04 1.664354e+03
-7.979798e-03 6.406458e+03 4.364812e+03 2.749860e+03 -7.630743e+03 -3.092518e+03 -7.649619e+04 -1.396735e+04 2.106127e+03 2.711025e+03 7.551880e+03 -4.961232e+03 2.989522e+03 1.404554e+04 2.062544e+03 -2.125706e+03 5.892432e+04 3.304138e+03 8.702376e+03 -5.632982e+03 3.914334e+03 -1.601253e+04 -2.575731e+03 2.315319e+03 -6.714068e+04 -5.640689e+03 -3.322845e+03 -2.248295e+03 6.622219e+03 -2.821045e+03 -6.713481e+04 -1.225177e+04 1.674539e+03
-7.777778e-03 6.780279e+03 4.537641e+03 2.780993e+03 -7.264165e+03 -3.190885e+03 -8.019766e+04 -1.409373e+04 2.119656e+03 2.740270e+03 7.183390e+03 -5.248407e+03 3.107289e+03 1.417371e+04 2.074081e+03 -2.192833e+03 6.177349e+04 3.340701e+03 8.284834e+03 -5.960446e+03 4.064539e+03 -1.615882e+04 -2.591966e+03 2.392747e+03 -7.038830e+04 -5.968569e+03 -3.458506e+03 -2.273131e+03 6.298684e+03 -2.906434e+03 -7.038214e+04 -1.236246e+04 1.684037e+03
-7.575758e-03 7.175323e+03 4.720357e+03 2.812009e+03 -6.829180e+03 -3.293204e+03 -8.409751e+04 -1.419687e+04 2.132344e+03 2.769294e+03 6.746467e+03 -5.551844e+03 3.231775e+03 1.427865e+04 2.084670e+03 -2.262642e+03 6.477533e+04 3.377067e+03 7.789336e+03 -6.306476e+03 4.223363e+03 -1.627865e+04 -2.607178e+03 2.473283e+03 -7.380997e+04 -6.315038e+03 -3.601883e+03 -2.297823e+03 5.915100e+03 -2.995240e+03 -7.380350e+04 -1.245277e+04 1.692754e+03
-7.373737e-03 7.592509e+03 4.913652e+03 2.842806e+03 -6.317112e+03 -3.399606e+03 -8.820377e+04 -1.427273e+04 2.144072e+03 2.797989e+03 6.232442e+03 -5.872247e+03 3.363451e+03 1.435632e+04 2.094187e+03 -2.335220e+03 6.793601e+04 3.413107e+03 7.205993e+03 -6.671875e+03 4.391412e+03 -1.636739e+04 -2.621219e+03 2.557031e+03 -7.741272e+04 -6.680901e+03 -3.753510e+03 -2.322286e+03 5.463861e+03 -3.087573e+03 -7.740591e+04 -1.251913e+04 1.700589e+03
-7.171717e-03 8.032713e+03 5.118273e+03 2.873267e+03 -5.718276e+03 -3.510219e+03 -9.252394e+04 -1.431672e+04 2.154712e+03 2.826234e+03 5.631633e+03 -6.210284e+03 3.502820e+03 1.440211e+04 2.102497e+03 -2.410654e+03 7.126129e+04 3.448678e+03 6.523764e+03 -7.057407e+03 4.569336e+03 -1.641981e+04 -2.633932e+03 2.644089e+03 -8.120311e+04 -7.066925e+03 -3.913966e+03 -2.346419e+03 4.936472e+03 -3.183543e+03 -8.119596e+04 -1.255754e+04 1.707433e+03
-6.969697e-03 8.496740e+03 5.335019e+03 2.903257e+03 -5.021868e+03 -3.625162e+03 -9.706476e+04 -1.432371e+04 2.164119e+03 2.853890e+03 4.933248e+03 -6.566569e+03 3.650425e+03 1.441089e+04 2.109453e+03 -2.489021e+03 7.475636e+04 3.483615e+03 5.730338e+03 -7.463776e+03 4.757839e+03 -1.643005e+04 -2.645142e+03 2.734553e+03 -8.518708e+04 -7.473812e+03 -4.083869e+03 -2.370111e+03 4.323465e+03 -3.283251e+03 -8.517955e+04 -1.256347e+04 1.713164e+03
-6.767677e-03 8.985294e+03 5.564753e+03 2.932623e+03 -4.215866e+03 -3.744550e+03 -1.018319e+05 -1.428792e+04 2.172141e+03 2.880800e+03 4.125269e+03 -6.941639e+03 3.806850e+03 1.437686e+04 2.114897e+03 -2.570396e+03 7.842558e+04 3.517730e+03 4.812011e+03 -7.891596e+03 4.957674e+03 -1.639150e+04 -2.654662e+03 2.828511e+03 -8.936958e+04 -7.902179e+03 -4.263886e+03 -2.393233e+03 3.614295e+03 -3.386791e+03 -8.936167e+04 -1.253187e+04 1.717655e+03
-6.565657e-03 9.498937e+03 5.808401e+03 2.961191e+03 -3.286908e+03 -3.868482e+03 -1.068296e+05 -1.420290e+04 2.178609e+03 2.906785e+03 3.194346e+03 -7.335923e+03 3.972719e+03 1.429357e+04 2.118658e+03 -2.654843e+03 8.227222e+04 3.550811e+03 3.753553e+03 -8.341356e+03 5.169652e+03 -1.629681e+04 -2.662285e+03 2.926042e+03 -9.375435e+04 -8.352516e+03 -4.454733e+03 -2.415640e+03 2.797250e+03 -3.494247e+03 -9.374603e+04 -1.245707e+04 1.720766e+03
-6.363636e-03 1.003805e+04 6.066954e+03 2.988763e+03 -2.220182e+03 -3.997045e+03 -1.120602e+05 -1.406146e+04 2.183343e+03 2.931647e+03 2.125676e+03 -7.749705e+03 4.148707e+03 1.415381e+04 2.120552e+03 -2.742419e+03 8.629806e+04 3.582618e+03 2.538080e+03 -8.813386e+03 5.394642e+03 -1.613776e+04 -2.667791e+03 3.027214e+03 -9.834344e+04 -8.825152e+03 -4.657177e+03 -2.437168e+03 1.859343e+03 -3.605691e+03 -9.833468e+04 -1.233276e+04 1.722347e+03
-6.161616e-03 1.060276e+04 6.341476e+03 3.015115e+03 -9.993056e+02 -4.130309e+03 -1.175237e+05 -1.385561e+04 2.186147e+03 2.955158e+03 9.028936e+02 -8.183086e+03 4.335530e+03 1.394957e+04 2.120383e+03 -2.833166e+03 9.050305e+04 3.612878e+03 1.146923e+03 -9.307800e+03 5.633578e+03 -1.590523e+04 -2.670941e+03 3.132080e+03 -1.031367e+05 -9.320204e+03 -4.872036e+03 -2.457631e+03 7.862153e+02 -3.721178e+03 -1.031275e+05 -1.215195e+04 1.722238e+03
-5.959596e-03 1.119291e+04 6.633103e+03 3.039991e+03 3.937754e+02 -4.268320e+03 -1.232168e+05 -1.357653e+04 2.186810e+03 2.977063e+03 -4.920432e+02 -8.635924e+03 4.533957e+03 1.367202e+04 2.117940e+03 -2.927111e+03 9.488471e+04 3.641282e+03 -4.404981e+02 -9.824443e+03 5.887453e+03 -1.558913e+04 -2.671477e+03 3.240677e+03 -1.081315e+05 -9.837515e+03 -5.100188e+03 -2.476819e+03 -4.379623e+02 -3.840744e+03 -1.081218e+05 -1.190689e+04 1.720270e+03
-5.757576e-03 1.180791e+04 6.943044e+03 3.063105e+03 1.978892e+03 -4.411097e+03 -1.291324e+05 -1.321451e+04 2.185109e+03 2.997076e+03 -2.078948e+03 -9.107783e+03 4.744806e+03 1.331142e+04 2.113001e+03 -3.024263e+03 9.943764e+04 3.667484e+03 -2.246787e+03 -1.036282e+04 6.157330e+03 -1.517837e+04 -2.669124e+03 3.353020e+03 -1.133215e+05 -1.037659e+04 -5.342564e+03 -2.494495e+03 -1.830573e+03 -3.964400e+03 -1.133113e+05 -1.158906e+04 1.716260e+03
-5.555556e-03 1.244673e+04 7.272582e+03 3.084129e+03 3.777727e+03 -4.558631e+03 -1.352589e+05 -1.275891e+04 2.180804e+03 3.014874e+03 -3.879484e+03 -9.597852e+03 4.968944e+03 1.285712e+04 2.105330e+03 -3.124609e+03 1.041527e+05 3.691091e+03 -4.296659e+03 -1.092200e+04 6.444334e+03 -1.466081e+04 -2.663590e+03 3.469100e+03 -1.186964e+05 -1.093650e+04 -5.600153e+03 -2.510393e+03 -3.410622e+03 -4.092131e+03 -1.186857e+05 -1.118913e+04 1.710017e+03
-5.353535e-03 1.310772e+04 7.623073e+03 3.102697e+03 5.813866e+03 -4.710871e+03 -1.415785e+05 -1.219818e+04 2.173640e+03 3.030097e+03 -5.917217e+03 -1.010486e+04 5.207287e+03 1.229753e+04 2.094679e+03 -3.228107e+03 1.090164e+05 3.711662e+03 -6.616996e+03 -1.150055e+04 6.749656e+03 -1.402325e+04 -2.654561e+03 3.588878e+03 -1.242407e+05 -1.151580e+04 -5.873998e+03 -2.524211e+03 -5.198786e+03 -4.223887e+03 -1.242295e+05 -1.069696e+04 1.701342e+03
-5.151515e-03 1.378851e+04 7.995942e+03 3.118393e+03 8.112803e+03 -4.867726e+03 -1.480665e+05 -1.151985e+04 2.163347e+03 3.042340e+03 -8.217615e+03 -1.062699e+04 5.460796e+03 1.162015e+04 2.080790e+03 -3.334691e+03 1.140096e+05 3.728702e+03 -9.236856e+03 -1.209638e+04 7.074547e+03 -1.325143e+04 -2.641709e+03 3.712281e+03 -1.299328e+05 -1.211243e+04 -6.165193e+03 -2.535615e+03 -7.217408e+03 -4.359582e+03 -1.299210e+05 -1.010162e+04 1.690024e+03
-4.949495e-03 1.448586e+04 8.392671e+03 3.130752e+03 1.070188e+04 -5.029052e+03 -1.546897e+05 -1.071059e+04 2.149644e+03 3.051150e+03 -1.080800e+04 -1.116175e+04 5.730474e+03 1.081164e+04 2.063395e+03 -3.444253e+03 1.191068e+05 3.741653e+03 -1.218741e+04 -1.270667e+04 7.420310e+03 -1.233013e+04 -2.624686e+03 3.839197e+03 -1.357434e+05 -1.272352e+04 -6.474878e+03 -2.544224e+03 -9.490454e+03 -4.499083e+03 -1.357310e+05 -9.391419e+03 1.675848e+03
-4.747475e-03 1.519549e+04 8.814790e+03 3.139249e+03 1.361015e+04 -5.194650e+03 -1.614048e+05 -9.756307e+03 2.132234e+03 3.056022e+03 -1.371739e+04 -1.170584e+04 6.017354e+03 9.857845e+03 2.042219e+03 -3.556651e+03 1.242746e+05 3.749894e+03 -1.550176e+04 -1.332765e+04 7.788290e+03 -1.124323e+04 -2.603131e+03 3.969467e+03 -1.416345e+05 -1.334533e+04 -6.804228e+03 -2.549615e+03 -1.204339e+04 -4.642208e+03 -1.416215e+05 -8.553983e+03 1.658592e+03
-4.545455e-03 1.591190e+04 9.263857e+03 3.143296e+03 1.686812e+04 -5.364253e+03 -1.681566e+05 -8.642296e+03 2.110810e+03 3.056392e+03 -1.697626e+04 -1.225503e+04 6.322485e+03 8.744045e+03 2.016980e+03 -3.671696e+03 1.294705e+05 3.752724e+03 -1.921470e+04 -1.395451e+04 8.179858e+03 -9.973951e+03 -2.576667e+03 4.102882e+03 -1.475578e+05 -1.397303e+04 -7.154436e+03 -2.551316e+03 -1.490296e+04 -4.788719e+03 -1.475442e+05 -7.576421e+03 1.638028e+03
-4.343434e-03 1.662814e+04 9.741428e+03 3.142232e+03 2.050737e+04 -5.537524e+03 -1.748760e+05 -7.353486e+03 2.085054e+03 3.051633e+03 -2.061616e+04 -1.280401e+04 6.646920e+03 7.455124e+03 1.987396e+03 -3.789147e+03 1.346413e+05 3.749366e+03 -2.336219e+04 -1.458117e+04 8.596386e+03 -8.505054e+03 -2.544905e+03 4.239176e+03 -1.534526e+05 -1.460053e+04 -7.526694e+03 -2.548796e+03 -1.809682e+04 -4.938311e+03 -1.534384e+05 -6.445511e+03 1.613930e+03
-4.141414e-03 1.733563e+04 1.024902e+04 3.135323e+03 2.455992e+04 -5.714043e+03 -1.814779e+05 -5.874763e+03 2.054643e+03 3.041050e+03 -2.466909e+04 -1.334615e+04 6.991681e+03 5.975929e+03 1.953184e+03 -3.908713e+03 1.397217e+05 3.738950e+03 -2.798077e+04 -1.520009e+04 9.039210e+03 -6.819266e+03 -2.507447e+03 4.378019e+03 -1.592442e+05 -1.522031e+04 -7.922164e+03 -2.541468e+03 -2.165305e+04 -5.090611e+03 -1.592295e+05 -5.147994e+03 1.586071e+03
-3.939394e-03 1.802388e+04 1.078806e+04 3.121748e+03 2.905744e+04 -5.893301e+03 -1.878590e+05 -4.191415e+03 2.019245e+03 3.023872e+03 -2.916667e+04 -1.387342e+04 7.357729e+03 4.291708e+03 1.914068e+03 -4.030037e+03 1.446320e+05 3.720514e+03 -3.310652e+04 -1.580211e+04 9.509588e+03 -4.899769e+03 -2.463889e+03 4.519012e+03 -1.648421e+05 -1.582315e+04 -8.341933e+03 -2.528679e+03 -2.559941e+04 -5.245170e+03 -1.648268e+05 -3.670965e+03 1.554230e+03
-3.737374e-03 1.868029e+04 1.135981e+04 3.100595e+03 3.403014e+04 -6.074696e+03 -1.938956e+05 -2.289719e+03 1.978527e+03 2.999252e+03 -3.413908e+04 -1.437614e+04 7.745914e+03 2.388697e+03 1.869779e+03 -4.152701e+03 1.492770e+05 3.692990e+03 -3.877386e+04 -1.637618e+04 1.000864e+04 -2.730874e+03 -2.413824e+03 4.661681e+03 -1.701377e+05 -1.639803e+04 -8.786959e+03 -2.509705e+03 -2.996236e+04 -5.401454e+03 -1.701218e+05 -2.002387e+03 1.518192e+03
-3.535354e-03 1.928992e+04 1.196528e+04 3.070857e+03 3.950522e+04 -6.257522e+03 -1.994413e+05 -1.576846e+02 1.932154e+03 2.966256e+03 -3.961350e+04 -1.484283e+04 8.156911e+03 2.548710e+02 1.820063e+03 -4.276216e+03 1.535441e+05 3.655201e+03 -4.501382e+04 -1.690921e+04 1.053725e+04 -2.988695e+02 -2.356844e+03 4.805472e+03 -1.750025e+05 -1.693182e+04 -9.258004e+03 -2.483751e+03 -3.476575e+04 -5.558841e+03 -1.749861e+05 -1.317439e+02 1.477754e+03
-3.333333e-03 1.983527e+04 1.260508e+04 3.031428e+03 4.550504e+04 -6.440965e+03 -2.043256e+05 2.214018e+03 1.879798e+03 2.923867e+03 -4.561225e+04 -1.526008e+04 8.591139e+03 -2.119136e+03 1.764684e+03 -4.400025e+03 1.573019e+05 3.605858e+03 -5.185187e+04 -1.738591e+04 1.109598e+04 2.406922e+03 -2.292550e+03 4.949746e+03 -1.792870e+05 -1.740922e+04 -9.755533e+03 -2.449944e+03 -4.002916e+04 -5.716620e+03 -1.792700e+05 1.949149e+03 1.432729e+03
-3.131313e-03 2.029623e+04 1.327932e+04 2.981099e+03 5.204464e+04 -6.624103e+03 -2.083521e+05 4.830936e+03 1.821135e+03 2.870983e+03 -5.215035e+04 -1.561242e+04 9.048657e+03 -4.738897e+03 1.703429e+03 -4.523492e+03 1.603994e+05 3.543559e+03 -5.930517e+04 -1.778864e+04 1.168493e+04 5.392856e+03 -2.220547e+03 5.093779e+03 -1.828188e+05 -1.781255e+04 -1.027960e+04 -2.407336e+03 -4.576577e+04 -5.873983e+03 -1.828014e+05 4.245156e+03 1.382946e+03
-2.929293e-03 2.064995e+04 1.398734e+04 2.918562e+03 5.912883e+04 -6.805899e+03 -2.112988e+05 7.693504e+03 1.755850e+03 2.806418e+03 -5.923259e+04 -1.588235e+04 9.529027e+03 -7.604865e+03 1.636113e+03 -4.645912e+03 1.626657e+05 3.466791e+03 -6.737919e+04 -1.809741e+04 1.230355e+04 8.659451e+03 -2.140462e+03 5.236758e+03 -1.854032e+05 -1.812182e+04 -1.082969e+04 -2.354904e+03 -5.197977e+04 -6.030029e+03 -1.853855e+05 6.756657e+03 1.328260e+03
-2.727273e-03 2.087102e+04 1.472756e+04 2.842423e+03 6.674861e+04 -6.985210e+03 -2.129187e+05 1.079552e+04 1.683647e+03 2.728916e+03 -6.684997e+04 -1.605033e+04 1.003116e+04 -1.071084e+04 1.562583e+03 -4.766507e+03 1.639107e+05 3.373945e+03 -7.606368e+04 -1.828997e+04 1.295045e+04 1.219965e+04 -2.051936e+03 5.377785e+03 -1.868234e+05 -1.831473e+04 -1.140454e+04 -2.291562e+03 -5.866327e+04 -6.183765e+03 -1.868055e+05 9.478207e+03 1.268550e+03
-2.525253e-03 2.093173e+04 1.549712e+04 2.751218e+03 7.487705e+04 -7.160783e+03 -2.129431e+05 1.412246e+04 1.604248e+03 2.637169e+03 -7.497556e+04 -1.609513e+04 1.055312e+04 -1.404230e+04 1.482725e+03 -4.884432e+03 1.639275e+05 3.263335e+03 -8.532795e+04 -1.834207e+04 1.362315e+04 1.599687e+04 -1.954641e+03 5.515879e+03 -1.868438e+05 -1.836700e+04 -1.200194e+04 -2.216172e+03 -6.579265e+04 -6.334112e+03 -1.868257e+05 1.239707e+04 1.203722e+03
-2.323232e-03 2.080269e+04 1.629158e+04 2.643443e+03 8.346472e+04 -7.331271e+03 -2.110870e+05 1.764970e+04 1.517400e+03 2.529841e+03 -8.355997e+04 -1.599418e+04 1.109191e+04 -1.757456e+04 1.396465e+03 -4.998779e+03 1.624969e+05 3.133240e+03 -9.511566e+04 -1.822798e+04 1.431778e+04 2.002303e+04 -1.848287e+03 5.649982e+03 -1.852142e+05 -1.825285e+04 -1.261844e+04 -2.127571e+03 -7.332455e+04 -6.479911e+03 -1.851962e+05 1.549162e+04 1.133716e+03
-2.121212e-03 2.045371e+04 1.710458e+04 2.517609e+03 9.243482e+04 -7.495244e+03 -2.070583e+05 2.134075e+04 1.422891e+03 2.405622e+03 -9.252642e+04 -1.572431e+04 1.164321e+04 -2.127111e+04 1.303776e+03 -5.108593e+03 1.593940e+05 2.981958e+03 -1.053393e+05 -1.792128e+04 1.502877e+04 2.423646e+04 -1.732628e+03 5.778969e+03 -1.816785e+05 -1.794583e+04 -1.324910e+04 -2.024609e+03 -8.119164e+04 -6.619940e+03 -1.816607e+05 1.872988e+04 1.058510e+03
-1.919192e-03 1.985516e+04 1.792747e+04 2.372307e+03 1.016785e+05 -7.651200e+03 -2.005704e+05 2.514571e+04 1.320556e+03 2.263285e+03 -1.017661e+05 -1.526279e+04 1.220115e+04 -2.508194e+04 1.204683e+03 -5.212878e+03 1.543982e+05 2.807888e+03 -1.158747e+05 -1.739601e+04 1.574855e+04 2.858019e+04 -1.607487e+03 5.901666e+03 -1.759850e+05 -1.741996e+04 -1.388722e+04 -1.906209e+03 -8.929842e+04 -6.752926e+03 -1.759677e+05 2.206804e+04 9.781196e+02
-1.717172e-03 1.897976e+04 1.874898e+04 2.206310e+03 1.110507e+05 -7.797598e+03 -1.913599e+05 2.900016e+04 1.210304e+03 2.101774e+03 -1.111342e+05 -1.458869e+04 1.275812e+04 -2.894253e+04 1.099275e+03 -5.310614e+03 1.473067e+05 2.609641e+03 -1.265567e+05 -1.662833e+04 1.646726e+04 3.298066e+04 -1.472774e+03 6.016856e+03 -1.679029e+05 -1.665131e+04 -1.452408e+04 -1.771433e+03 -9.751784e+04 -6.877567e+03 -1.678863e+05 2.544960e+04 8.926095e+02
-1.515152e-03 1.780487e+04 1.955502e+04 2.018692e+03 1.203684e+05 -7.932872e+03 -1.792088e+05 3.282484e+04 1.092134e+03 1.920315e+03 -1.204475e+05 -1.368464e+04 1.330456e+04 -3.277346e+04 9.877118e+02 -5.400780e+03 1.379520e+05 2.386186e+03 -1.371765e+05 -1.559841e+04 1.717257e+04 3.734735e+04 -1.328514e+03 6.123311e+03 -1.572408e+05 -1.562006e+04 -1.514879e+04 -1.619587e+03 -1.056892e+05 -6.992556e+03 -1.572252e+05 2.880503e+04 8.021016e+02
-1.313131e-03 1.631522e+04 2.032868e+04 1.808982e+03 1.294103e+05 -8.055472e+03 -1.639710e+05 3.652648e+04 9.661791e+02 1.718550e+03 -1.294852e+05 -1.253893e+04 1.382901e+04 -3.648129e+04 8.702413e+02 -5.482369e+03 1.262213e+05 2.137015e+03 -1.474822e+05 -1.429288e+04 1.784964e+04 4.157373e+04 -1.174890e+03 6.219810e+03 -1.438704e+05 -1.431281e+04 -1.574826e+04 -1.450331e+03 -1.136187e+05 -7.096606e+03 -1.438561e+05 3.205250e+04 7.067880e+02
-1.111111e-03 1.450583e+04 2.105049e+04 1.577329e+03 1.379223e+05 -8.163898e+03 -1.456005e+05 4.000021e+04 8.327359e+02 1.496681e+03 -1.379930e+05 -1.114774e+04 1.431829e+04 -3.996093e+04 7.472173e+02 -5.554413e+03 1.120796e+05 1.862340e+03 -1.571837e+05 -1.270740e+04 1.848142e+04 4.554004e+04 -1.012284e+03 6.305168e+03 -1.277516e+05 -1.272519e+04 -1.630743e+04 -1.263812e+03 -1.210833e+05 -7.188483e+03 -1.277388e+05 3.510001e+04 6.069465e+02
-9.090909e-04 1.238490e+04 2.169915e+04 1.324666e+03 1.456264e+05 -8.256737e+03 -1.241800e+05 4.313381e+04 6.923096e+02 1.255617e+03 -1.456933e+05 -9.517376e+03 1.475798e+04 -4.309995e+04 6.191187e+02 -5.616012e+03 9.559016e+04 1.563277e+03 -1.659645e+05 -1.084916e+04 1.904925e+04 4.911809e+04 -8.413220e+02 6.378269e+03 -1.089568e+05 -1.086440e+04 -1.680986e+04 -1.060787e+03 -1.278394e+05 -7.267038e+03 -1.089458e+05 3.784912e+04 5.029579e+02
-7.070707e-04 9.976107e+03 2.225269e+04 1.052846e+03 1.522370e+05 -8.332713e+03 -9.994289e+04 4.581396e+04 5.456475e+02 9.970927e+02 -1.523006e+05 -7.666029e+03 1.513318e+04 -4.578479e+04 4.865671e+02 -5.666358e+03 7.693283e+04 1.242000e+03 -1.734990e+05 -8.738888e+03 1.953385e+04 5.217845e+04 -6.629154e+02 6.438102e+03 -8.769075e+04 -8.751202e+03 -1.723855e+04 -8.427294e+02 -1.336365e+05 -7.331239e+03 -8.768186e+04 4.020041e+04 3.953219e+02
-5.050505e-04 7.319824e+03 2.269006e+04 7.647169e+02 1.574814e+05 -8.390729e+03 -7.328501e+04 4.793418e+04 3.937587e+02 7.237293e+02 -1.575424e+05 -5.624688e+03 1.542963e+04 -4.790875e+04 3.503355e+02 -5.704762e+03 5.641229e+04 9.018269e+02 -1.794764e+05 -6.411938e+03 1.991679e+04 5.459948e+04 -4.782809e+02 6.483799e+03 -6.430082e+04 -6.420995e+03 -1.757724e+04 -6.118851e+02 -1.382355e+05 -7.380210e+03 -6.429428e+04 4.206046e+04 2.846655e+02
-3.030303e-04 4.472595e+03 2.299304e+04 4.640888e+02 1.611243e+05 -8.429913e+03 -4.475999e+04 4.940366e+04 2.379093e+02 4.390106e+02 -1.611835e+05 -3.436764e+03 1.563498e+04 -4.938084e+04 2.113449e+02 -5.730679e+03 3.445464e+04 5.471822e+02 -1.836285e+05 -3.917815e+03 2.018207e+04 5.627748e+04 -2.889343e+02 6.514668e+03 -3.927271e+04 -3.923358e+03 -1.781184e+04 -3.712489e+02 -1.414301e+05 -7.413258e+03 -3.926872e+04 4.334963e+04 1.717407e+02
-1.010101e-04 1.504639e+03 2.314812e+04 1.555922e+02 1.629920e+05 -8.449661e+03 -1.505465e+04 5.015597e+04 7.958402e+01 1.471497e+02 -1.630502e+05 -1.156162e+03 1.574010e+04 -5.013450e+04 7.064193e+01 -5.743734e+03 1.158852e+04 1.834308e+02 -1.857572e+05 -1.317998e+03 2.031786e+04 5.713655e+04 -9.664514e+01 6.530226e+03 -1.320905e+04 -1.319864e+03 -1.793192e+04 -1.244511e+02 -1.430680e+05 -7.429904e+03 -1.320770e+04 4.400963e+04 5.740637e+01
1.010101e-04 -1.504639e+03 2.314812e+04 -1.555922e+02 1.629920e+05 -8.449661e+03 1.505465e+04 5.015597e+04 -7.958402e+01 -1.471497e+02 -1.630502e+05 1.156162e+03 1.574010e+04 -5.013450e+04 -7.064193e+01 -5.743734e+03 -1.158852e+04 -1.834308e+02 -1.857572e+05 1.317998e+03 2.031786e+04 5.713655e+04 9.664514e+01 6.530226e+03 1.320905e+04 1.319864e+03 -1.793192e+04 1.244511e+02 -1.430680e+05 -7.429904e+03 1.320770e+04 4.400963e+04 -5.740637e+01
3.030303e-04 -4.472595e+03 2.299304e+04 -4.640888e+02 1.611243e+05 -8.429913e+03 4.475999e+04 4.940366e+04 -2.379093e+02 -4.390106e+02 -1.611835e+05 3.436764e+03 1.563498e+04 -4.938084e+04 -2.113449e+02 -5.730679e+03 -3.445464e+04 -5.471822e+02 -1.836285e+05 3.917815e+03 2.018207e+04 5.627748e+04 2.889343e+02 6.514668e+03 3.927271e+04 3.923358e+03 -1.781184e+04 3.712489e+02 -1.414301e+05 -7.413258e+03 3.926872e+04 4.334963e+04 -1.717407e+02
5.050505e-04 -7.319824e+03 2.269006e+04 -7.647169e+02 1.574814e+05 -8.390729e+03 7.328501e+04 4.793418e+04 -3.937587e+02 -7.237293e+02 -1.575424e+05 5.624688e+03 1.542963e+04 -4.790875e+04 -3.503355e+02 -5.704762e+03 -5.641229e+04 -9.018269e+02 -1.794764e+05 6.411938e+03 1.991679e+04 5.459948e+04 4.782809e+02 6.483799e+03 6.430082e+04 6.420995e+03 -1.757724e+04 6.118851e+02 -1.382355e+05 -7.380210e+03 6.429428e+04 4.206046e+04 -2.846655e+02
7.070707e-04 -9.976107e+03 2.225269e+04 -1.052846e+03 1.522370e+05 -8.332713e+03 9.994289e+04 4.581396e+04 -5.456475e+02 -9.970927e+02 -1.523006e+05 7.666029e+03 1.513318e+04 -4.578479e+04 -4.865671e+02 -5.666358e+03 -7.693283e+04 -1.242000e+03 -1.734990e+05 8.738888e+03 1.953385e+04 5.217845e+04 6.629154e+02 6.438102e+03 8.769075e+04 8.751202e+03 -1.723855e+04 8.427294e+02 -1.336365e+05 -7.331239e+03 8.768186e+04 4.020041e+04 -3.953219e+02
9.090909e-04 -1.238490e+04 2.169915e+04 -1.324666e+03 1.456264e+05 -8.256737e+03 1.241800e+05 4.313381e+04 -6.923096e+02 -1.255617e+03 -1.456933e+05 9.517376e+03 1.475798e+04 -4.309995e+04 -6.191187e+02 -5.616012e+03 -9.559016e+04 -1.563277e+03 -1.659645e+05 1.084916e+04 1.904925e+04 4.911809e+04 8.413220e+02 6.378269e+03 1.089568e+05 1.086440e+04 -1.680986e+04 1.060787e+03 -1.278394e+05 -7.267038e+03 1.089458e+05 3.784912e+04 -5.029579e+02
1.111111e-03 -1.450583e+04 2.105049e+04 -1.577329e+03 1.379223e+05 -8.163898e+03 1.456005e+05 4.000021e+04 -8.327359e+02 -1.496681e+03 -1.379930e+05 1.114774e+04 1.431829e+04 -3.996093e+04 -7.472173e+02 -5.554413e+03 -1.120796e+05 -1.862340e+03 -1.571837e+05 1.270740e+04 1.848142e+04 4.554004e+04 1.012284e+03 6.305168e+03 1.277516e+05 1.272519e+04 -1.630743e+04 1.263812e+03 -1.210833e+05 -7.188483e+03 1.277388e+05 3.510001e+04 -6.069465e+02
1.313131e-03 -1.631522e+04 2.032868e+04 -1.808982e+03 1.294103e+05 -8.055472e+03 1.639710e+05 3.652648e+04 -9.661791e+02 -1.718550e+03 -1.294852e+05 1.253893e+04 1.382901e+04 -3.648129e+04 -8.702413e+02 -5.482369e+03 -1.262213e+05 -2.137015e+03 -1.474822e+05 1.429288e+04 1.784964e+04 4.157373e+04 1.174890e+03 6.219810e+03 1.438704e+05 1.431281e+04 -1.574826e+04 1.450331e+03 -1.136187e+05 -7.096606e+03 1.438561e+05 3.205250e+04 -7.067880e+02
1.515152e-03 -1.780487e+04 1.955502e+04 -2.018692e+03 1.203684e+05 -7.932872e+03 1.792088e+05 3.282484e+04 -1.092134e+03 -1.920315e+03 -1.204475e+05 1.368464e+04 1.330456e+04 -3.277346e+04 -9.877118e+02 -5.400780e+03 -1.379520e+05 -2.386186e+03 -1.371765e+05 1.559841e+04 1.717257e+04 3.734735e+04 1.328514e+03 6.123311e+03 1.572408e+05 1.562006e+04 -1.514879e+04 1.619587e+03 -1.056892e+05 -6.992556e+03 1.572252e+05 2.880503e+04 -8.021016e+02
1.717172e-03 -1.897976e+04 1.874898e+04 -2.206310e+03 1.110507e+05 -7.797598e+03 1.913599e+05 2.900016e+04 -1.210304e+03 -2.101774e+03 -1.111342e+05 1.458869e+04 1.275812e+04 -2.894253e+04 -1.099275e+03 -5.310614e+03 -1.473067e+05 -2.609641e+03 -1.265567e+05 1.662833e+04 1.646726e+04 3.298066e+04 1.472774e+03 6.016856e+03 1.679029e+05 1.665131e+04 -1.452408e+04 1.771433e+03 -9.751784e+04 -6.877567e+03 1.678863e+05 2.544960e+04 -8.926095e+02
1.919192e-03 -1.985516e+04 1.792747e+04 -2.372307e+03 1.016785e+05 -7.651200e+03 2.005704e+05 2.514571e+04 -1.320556e+03 -2.263285e+03 -1.017661e+05 1.526279e+04 1.220115e+04 -2.508194e+04 -1.204683e+03 -5.212878e+03 -1.543982e+05 -2.807888e+03 -1.158747e+05 1.739601e+04 1.574855e+04 2.858019e+04 1.607487e+03 5.901666e+03 1.759850e+05 1.741996e+04 -1.388722e+04 1.906209e+03 -8.929842e+04 -6.752926e+03 1.759677e+05 2.206804e+04 -9.781196e+02
2.121212e-03 -2.045371e+04 1.710458e+04 -2.517609e+03 9.243482e+04 -7.495244e+03 2.070583e+05 2.134075e+04 -1.422891e+03 -2.405622e+03 -9.252642e+04 1.572431e+04 1.164321e+04 -2.127111e+04 -1.303776e+03 -5.108593e+03 -1.593940e+05 -2.981958e+03 -1.053393e+05 1.792128e+04 1.502877e+04 2.423646e+04 1.732628e+03 5.778969e+03 1.816785e+05 1.794583e+04 -1.324910e+04 2.024609e+03 -8.119164e+04 -6.619940e+03 1.816607e+05 1.872988e+04 -1.058510e+03
2.323232e-03 -2.080269e+04 1.629158e+04 -2.643443e+03 8.346472e+04 -7.331271e+03 2.110870e+05 1.764970e+04 -1.517400e+03 -2.529841e+03 -8.355997e+04 1.599418e+04 1.109191e+04 -1.757456e+04 -1.396465e+03 -4.998779e+03 -1.624969e+05 -3.133240e+03 -9.511566e+04 1.822798e+04 1.431778e+04 2.002303e+04 1.848287e+03 5.649982e+03 1.852142e+05 1.825285e+04 -1.261844e+04 2.127571e+03 -7.332455e+04 -6.479911e+03 1.851962e+05 1.549162e+04 -1.133716e+03
2.525253e-03 -2.093173e+04 1.549712e+04 -2.751218e+03 7.487705e+04 -7.160783e+03 2.129431e+05 1.412246e+04 -1.604248e+03 -2.637169e+03 -7.497556e+04 1.609513e+04 1.055312e+04 -1.404230e+04 -1.482725e+03 -4.884432e+03 -1.639275e+05 -3.263335e+03 -8.532795e+04 1.834207e+04 1.362315e+04 1.599687e+04 1.954641e+03 5.515879e+03 1.868438e+05 1.836700e+04 -1.200194e+04 2.216172e+03 -6.579265e+04 -6.334112e+03 1.868257e+05 1.239707e+04 -1.203722e+03
2.727273e-03 -2.087102e+04 1.472756e+04 -2.842423e+03 6.674861e+04 -6.985210e+03 2.129187e+05 1.079552e+04 -1.683647e+03 -2.728916e+03 -6.684997e+04 1.605033e+04 1.003116e+04 -1.071084e+04 -1.562583e+03 -4.766507e+03 -1.639107e+05 -3.373945e+03 -7.606368e+04 1.828997e+04 1.295045e+04 1.219965e+04 2.051936e+03 5.377785e+03 1.868234e+05 1.831473e+04 -1.140454e+04 2.291562e+03 -5.866327e+04 -6.183765e+03 1.868055e+05 9.478207e+03 -1.268550e+03
2.929293e-03 -2.064995e+04 1.398734e+04 -2.918562e+03 5.912883e+04 -6.805899e+03 2.112988e+05 7.693504e+03 -1.755850e+03 -2.806418e+03 -5.923259e+04 1.588235e+04 9.529027e+03 -7.604865e+03 -1.636113e+03 -4.645912e+03 -1.626657e+05 -3.466791e+03 -6.737919e+04 1.809741e+04 1.230355e+04 8.659451e+03 2.140462e+03 5.236758e+03 1.854032e+05 1.812182e+04 -1.082969e+04 2.354904e+03 -5.197977e+04 -6.030029e+03 1.853855e+05 6.756657e+03 -1.328260e+03
3.131313e-03 -2.029623e+04 1.327932e+04 -2.981099e+03 5.204464e+04 -6.624103e+03 2.083521e+05 4.830936e+03 -1.821135e+03 -2.870983e+03 -5.215035e+04 1.561242e+04 9.048657e+03 -4.738897e+03 -1.703429e+03 -4.523492e+03 -1.603994e+05 -3.543559e+03 -5.930517e+04 1.778864e+04 1.168493e+04 5.392856e+03 2.220547e+03 5.093779e+03 1.828188e+05 1.781255e+04 -1.027960e+04 2.407336e+03 -4.576577e+04 -5.873983e+03 1.828014e+05 4.245156e+03 -1.382946e+03
3.333333e-03 -1.983527e+04 1.260508e+04 -3.031428e+03 4.550504e+04 -6.440965e+03 2.043256e+05 2.214018e+03 -1.879798e+03 -2.923867e+03 -4.561225e+04 1.526008e+04 8.591139e+03 -2.119136e+03 -1.764684e+03 -4.400025e+03 -1.573019e+05 -3.605858e+03 -5.185187e+04 1.738591e+04 1.109598e+04 2.406922e+03 2.292550e+03 4.949746e+03 1.792870e+05 1.740922e+04 -9.755533e+03 2.449944e+03 -4.002916e+04 -5.716620e+03 1.792700e+05 1.949149e+03 -1.432729e+03
3.535354e-03 -1.928992e+04 1.196528e+04 -3.070857e+03 3.950522e+04 -6.257522e+03 1.994413e+05 -1.576846e+02 -1.932154e+03 -2.966256e+03 -3.961350e+04 1.484283e+04 8.156911e+03 2.548710e+02 -1.820063e+03 -4.276216e+03 -1.535441e+05 -3.655201e+03 -4.501382e+04 1.690921e+04 1.053725e+04 -2.988695e+02 2.356844e+03 4.805472e+03 1.750025e+05 1.693182e+04 -9.258004e+03 2.483751e+03 -3.476575e+04 -5.558841e+03 1.749861e+05 -1.317439e+02 -1.477754e+03
3.737374e-03 -1.868029e+04 1.135981e+04 -3.100595e+03 3.403014e+04 -6.074696e+03 1.938956e+05 -2.289719e+03 -1.978527e+03 -2.999252e+03 -3.413908e+04 1.437614e+04 7.745914e+03 2.388697e+03 -1.869779e+03 -4.152701e+03 -1.492770e+05 -3.692990e+03 -3.877386e+04 1.637618e+04 1.000864e+04 -2.730874e+03 2.413824e+03 4.661681e+03 1.701377e+05 1.639803e+04 -8.786959e+03 2.509705e+03 -2.996236e+04 -5.401454e+03 1.701218e+05 -2.002387e+03 -1.518192e+03
3.939394e-03 -1.802388e+04 1.078806e+04 -3.121748e+03 2.905744e+04 -5.893301e+03 1.878590e+05 -4.191415e+03 -2.019245e+03 -3.023872e+03 -2.916667e+04 1.387342e+04 7.357729e+03 4.291708e+03 -1.914068e+03 -4.030037e+03 -1.446320e+05 -3.720514e+03 -3.310652e+04 1.580211e+04 9.509588e+03 -4.899769e+03 2.463889e+03 4.519012e+03 1.648421e+05 1.582315e+04 -8.341933e+03 2.528679e+03 -2.559941e+04 -5.245170e+03 1.648268e+05 -3.670965e+03 -1.554230e+03
4.141414e-03 -1.733563e+04 1.024902e+04 -3.135323e+03 2.455992e+04 -5.714043e+03 1.814779e+05 -5.874763e+03 -2.054643e+03 -3.041050e+03 -2.466909e+04 1.334615e+04 6.991681e+03 5.975929e+03 -1.953184e+03 -3.908713e+03 -1.397217e+05 -3.738950e+03 -2.798077e+04 1.520009e+04 9.039210e+03 -6.819266e+03 2.507447e+03 4.378019e+03 1.592442e+05 1.522031e+04 -7.922164e+03 2.541468e+03 -2.165305e+04 -5.090611e+03 1.592295e+05 -5.147994e+03 -1.586071e+03
4.343434e-03 -1.662814e+04 9.741428e+03 -3.142232e+03 2.050737e+04 -5.537524e+03 1.748760e+05 -7.353486e+03 -2.085054e+03 -3.051633e+03 -2.061616e+04 1.280401e+04 6.646920e+03 7.455124e+03 -1.987396e+03 -3.789147e+03 -1.346413e+05 -3.749366e+03 -2.336219e+04 1.458117e+04 8.596386e+03 -8.505054e+03 2.544905e+03 4.239176e+03 1.534526e+05 1.460053e+04 -7.526694e+03 2.548796e+03 -1.809682e+04 -4.938311e+03 1.534384e+05 -6.445511e+03 -1.613930e+03
4.545455e-03 -1.591190e+04 9.263857e+03 -3.143296e+03 1.686812e+04 -5.364253e+03 1.681566e+05 -8.642296e+03 -2.110810e+03 -3.056392e+03 -1.697626e+04 1.225503e+04 6.322485e+03 8.744045e+03 -2.016980e+03 -3.671696e+03 -1.294705e+05 -3.752724e+03 -1.921470e+04 1.395451e+04 8.179858e+03 -9.973951e+03 2.576667e+03 4.102882e+03 1.475578e+05 1.397303e+04 -7.154436e+03 2.551316e+03 -1.490296e+04 -4.788719e+03 1.475442e+05 -7.576421e+03 -1.638028e+03
4.747475e-03 -1.519549e+04 8.814790e+03 -3.139249e+03 1.361015e+04 -5.194650e+03 1.614048e+05 -9.756307e+03 -2.132234e+03 -3.056022e+03 -1.371739e+04 1.170584e+04 6.017354e+03 9.857845e+03 -2.042219e+03 -3.556651e+03 -1.242746e+05 -3.749894e+03 -1.550176e+04 1.332765e+04 7.788290e+03 -1.124323e+04 2.603131e+03 3.969467e+03 1.416345e+05 1.334533e+04 -6.804228e+03 2.549615e+03 -1.204339e+04 -4.642208e+03 1.416215e+05 -8.553983e+03 -1.658592e+03
4.949495e-03 -1.448586e+04 8.392671e+03 -3.130752e+03 1.070188e+04 -5.029052e+03 1.546897e+05 -1.071059e+04 -2.149644e+03 -3.051150e+03 -1.080800e+04 1.116175e+04 5.730474e+03 1.081164e+04 -2.063395e+03 -3.444253e+03 -1.191068e+05 -3.741653e+03 -1.218741e+04 1.270667e+04 7.420310e+03 -1.233013e+04 2.624686e+03 3.839197e+03 1.357434e+05 1.272352e+04 -6.474878e+03 2.544224e+03 -9.490454e+03 -4.499083e+03 1.357310e+05 -9.391419e+03 -1.675848e+03
5.151515e-03 -1.378851e+04 7.995942e+03 -3.118393e+03 8.112803e+03 -4.867726e+03 1.480665e+05 -1.151985e+04 -2.163347e+03 -3.042340e+03 -8.217615e+03 1.062699e+04 5.460796e+03 1.162015e+04 -2.080790e+03 -3.334691e+03 -1.140096e+05 -3.728702e+03 -9.236856e+03 1.209638e+04 7.074547e+03 -1.325143e+04 2.641709e+03 3.712281e+03 1.299328e+05 1.211243e+04 -6.165193e+03 2.535615e+03 -7.217408e+03 -4.359582e+03 1.299210e+05 -1.010162e+04 -1.690024e+03
5.353535e-03 -1.310772e+04 7.623073e+03 -3.102697e+03 5.813866e+03 -4.710871e+03 1.415785e+05 -1.219818e+04 -2.173640e+03 -3.030097e+03 -5.917217e+03 1.010486e+04 5.207287e+03 1.229753e+04 -2.094679e+03 -3.228107e+03 -1.090164e+05 -3.711662e+03 -6.616996e+03 1.150055e+04 6.749656e+03 -1.402325e+04 2.654561e+03 3.588878e+03 1.242407e+05 1.151580e+04 -5.873998e+03 2.524211e+03 -5.198786e+03 -4.223887e+03 1.242295e+05 -1.069696e+04 -1.701342e+03
5.555556e-03 -1.244673e+04 7.272582e+03 -3.084129e+03 3.777727e+03 -4.558631e+03 1.352589e+05 -1.275891e+04 -2.180804e+03 -3.014874e+03 -3.879484e+03 9.597852e+03 4.968944e+03 1.285712e+04 -2.105330e+03 -3.124609e+03 -1.041527e+05 -3.691091e+03 -4.296659e+03 1.092200e+04 6.444334e+03 -1.466081e+04 2.663590e+03 3.469100e+03 1.186964e+05 1.093650e+04 -5.600153e+03 2.510393e+03 -3.410622e+03 -4.092131e+03 1.186857e+05 -1.118913e+04 -1.710017e+03
5.757576e-03 -1.180791e+04 6.943044e+03 -3.063105e+03 1.978892e+03 -4.411097e+03 1.291324e+05 -1.321451e+04 -2.185109e+03 -2.997076e+03 -2.078948e+03 9.107783e+03 4.744806e+03 1.331142e+04 -2.113001e+03 -3.024263e+03 -9.943764e+04 -3.667484e+03 -2.246787e+03 1.036282e+04 6.157330e+03 -1.517837e+04 2.669124e+03 3.353020e+03 1.133215e+05 1.037659e+04 -5.342564e+03 2.494495e+03 -1.830573e+03 -3.964400e+03 1.133113e+05 -1.158906e+04 -1.716260e+03
5.959596e-03 -1.119291e+04 6.633103e+03 -3.039991e+03 3.937754e+02 -4.268320e+03 1.232168e+05 -1.357653e+04 -2.186810e+03 -2.977063e+03 -4.920432e+02 8.635924e+03 4.533957e+03 1.367202e+04 -2.117940e+03 -2.927111e+03 -9.488471e+04 -3.641282e+03 -4.404981e+02 9.824443e+03 5.887453e+03 -1.558913e+04 2.671477e+03 3.240677e+03 1.081315e+05 9.837515e+03 -5.100188e+03 2.476819e+03 -4.379623e+02 -3.840744e+03 1.081218e+05 -1.190689e+04 -1.720270e+03
6.161616e-03 -1.060276e+04 6.341476e+03 -3.015115e+03 -9.993056e+02 -4.130309e+03 1.175237e+05 -1.385561e+04 -2.186147e+03 -2.955158e+03 9.028936e+02 8.183086e+03 4.335530e+03 1.394957e+04 -2.120383e+03 -2.833166e+03 -9.050305e+04 -3.612878e+03 1.146923e+03 9.307800e+03 5.633578e+03 -1.590523e+04 2.670941e+03 3.132080e+03 1.031367e+05 9.320204e+03 -4.872036e+03 2.457631e+03 7.862153e+02 -3.721178e+03 1.031275e+05 -1.215195e+04 -1.722238e+03
6.363636e-03 -1.003805e+04 6.066954e+03 -2.988763e+03 -2.220182e+03 -3.997045e+03 1.120602e+05 -1.406146e+04 -2.183343e+03 -2.931647e+03 2.125676e+03 7.749705e+03 4.148707e+03 1.415381e+04 -2.120552e+03 -2.742419e+03 -8.629806e+04 -3.582618e+03 2.538080e+03 8.813386e+03 5.394642e+03 -1.613776e+04 2.667791e+03 3.027214e+03 9.834344e+04 8.825152e+03 -4.657177e+03 2.437168e+03 1.859343e+03 -3.605691e+03 9.833468e+04 -1.233276e+04 -1.722347e+03
6.565657e-03 -9.498937e+03 5.808401e+03 -2.961191e+03 -3.286908e+03 -3.868482e+03 1.068296e+05 -1.420290e+04 -2.178609e+03 -2.906785e+03 3.194346e+03 7.335923e+03 3.972719e+03 1.429357e+04 -2.118658e+03 -2.654843e+03 -8.227222e+04 -3.550811e+03 3.753553e+03 8.341356e+03 5.169652e+03 -1.629681e+04 2.662285e+03 2.926042e+03 9.375435e+04 8.352516e+03 -4.454733e+03 2.415640e+03 2.797250e+03 -3.494247e+03 9.374603e+04 -1.245707e+04 -1.720766e+03
6.767677e-03 -8.985294e+03 5.564753e+03 -2.932623e+03 -4.215866e+03 -3.744550e+03 1.018319e+05 -1.428792e+04 -2.172141e+03 -2.880800e+03 4.125269e+03 6.941639e+03 3.806850e+03 1.437686e+04 -2.114897e+03 -2.570396e+03 -7.842558e+04 -3.517730e+03 4.812011e+03 7.891596e+03 4.957674e+03 -1.639150e+04 2.654662e+03 2.828511e+03 8.936958e+04 7.902179e+03 -4.263886e+03 2.393233e+03 3.614295e+03 -3.386791e+03 8.936167e+04 -1.253187e+04 -1.717655e+03
6.969697e-03 -8.496740e+03 5.335019e+03 -2.903257e+03 -5.021868e+03 -3.625162e+03 9.706476e+04 -1.432371e+04 -2.164119e+03 -2.853890e+03 4.933248e+03 6.566569e+03 3.650425e+03 1.441089e+04 -2.109453e+03 -2.489021e+03 -7.475636e+04 -3.483615e+03 5.730338e+03 7.463776e+03 4.757839e+03 -1.643005e+04 2.645142e+03 2.734553e+03 8.518708e+04 7.473812e+03 -4.083869e+03 2.370111e+03 4.323465e+03 -3.283251e+03 8.517955e+04 -1.256347e+04 -1.713164e+03
7.171717e-03 -8.032713e+03 5.118273e+03 -2.873267e+03 -5.718276e+03 -3.510219e+03 9.252394e+04 -1.431672e+04 -2.154712e+03 -2.826234e+03 5.631633e+03 6.210284e+03 3.502820e+03 1.440211e+04 -2.102497e+03 -2.410654e+03 -7.126129e+04 -3.448678e+03 6.523764e+03 7.057407e+03 4.569336e+03 -1.641981e+04 2.633932e+03 2.644089e+03 8.120311e+04 7.066925e+03 -3.913966e+03 2.346419e+03 4.936472e+03 -3.183543e+03 8.119596e+04 -1.255754e+04 -1.707433e+03
7.373737e-03 -7.592509e+03 4.913652e+03 -2.842806e+03 -6.317112e+03 -3.399606e+03 8.820377e+04 -1.427273e+04 -2.144072e+03 -2.797989e+03 6.232442e+03 5.872247e+03 3.363451e+03 1.435632e+04 -2.094187e+03 -2.335220e+03 -6.793601e+04 -3.413107e+03 7.205993e+03 6.671875e+03 4.391412e+03 -1.636739e+04 2.621219e+03 2.557031e+03 7.741272e+04 6.680901e+03 -3.753510e+03 2.322286e+03 5.463861e+03 -3.087573e+03 7.740591e+04 -1.251913e+04 -1.700589e+03
7.575758e-03 -7.175323e+03 4.720357e+03 -2.812009e+03 -6.829180e+03 -3.293204e+03 8.409751e+04 -1.419687e+04 -2.132344e+03 -2.769294e+03 6.746467e+03 5.551844e+03 3.231775e+03 1.427865e+04 -2.084670e+03 -2.262642e+03 -6.477533e+04 -3.377067e+03 7.789336e+03 6.306476e+03 4.223363e+03 -1.627865e+04 2.607178e+03 2.473283e+03 7.380997e+04 6.315038e+03 -3.601883e+03 2.297823e+03 5.915100e+03 -2.995240e+03 7.380350e+04 -1.245277e+04 -1.692754e+03
7.777778e-03 -6.780279e+03 4.537641e+03 -2.780993e+03 -7.264165e+03 -3.190885e+03 8.019766e+04 -1.409373e+04 -2.119656e+03 -2.740270e+03 7.183390e+03 5.248407e+03 3.107289e+03 1.417371e+04 -2.074081e+03 -2.192833e+03 -6.177349e+04 -3.340701e+03 8.284834e+03 5.960446e+03 4.064539e+03 -1.615882e+04 2.591966e+03 2.392747e+03 7.038830e+04 5.968569e+03 -3.458506e+03 2.273131e+03 6.298684e+03 -2.906434e+03 7.038214e+04 -1.236246e+04 -1.684037e+03
7.979798e-03 -6.406458e+03 4.364812e+03 -2.749860e+03 -7.630743e+03 -3.092518e+03 7.649619e+04 -1.396735e+04 -2.106127e+03 -2.711025e+03 7.551880e+03 4.961232e+03 2.989522e+03 1.404554e+04 -2.062544e+03 -2.125706e+03 -5.892432e+04 -3.304138e+03 8.702376e+03 5.632982e+03 3.914334e+03 -1.601253e+04 2.575731e+03 2.315319e+03 6.714068e+04 5.640689e+03 -3.322845e+03 2.248295e+03 6.622219e+03 -2.821045e+03 6.713481e+04 -1.225177e+04 -1.674539e+03
8.181818e-03 -6.052914e+03 4.201229e+03 -2.718700e+03 -7.936674e+03 -2.997969e+03 7.298479e+04 -1.382134e+04 -2.091868e+03 -2.681654e+03 7.859694e+03 4.689597e+03 2.878040e+03 1.389776e+04 -2.050172e+03 -2.061173e+03 -5.622140e+04 -3.267487e+03 9.050805e+03 5.323257e+03 3.772187e+03 -1.584389e+04 2.558605e+03 2.240893e+03 6.405979e+04 5.330572e+03 -3.194400e+03 2.223391e+03 6.892511e+03 -2.738958e+03 6.405420e+04 -1.212384e+04 -1.664354e+03
8.383838e-03 -5.718693e+03 4.046295e+03 -2.687591e+03 -8.188894e+03 -2.907103e+03 6.965499e+04 -1.365887e+04 -2.076977e+03 -2.652238e+03 8.113764e+03 4.432772e+03 2.772438e+03 1.373353e+04 -2.037069e+03 -1.999143e+03 -5.365823e+04 -3.230846e+03 9.338027e+03 5.030438e+03 3.637575e+03 -1.565652e+04 2.540709e+03 2.169364e+03 6.113820e+04 5.037383e+03 -3.072709e+03 2.198486e+03 7.115641e+03 -2.660057e+03 6.113288e+04 -1.198147e+04 -1.653566e+03
8.585859e-03 -5.402847e+03 3.899455e+03 -2.656599e+03 -8.393595e+03 -2.819784e+03 6.649827e+04 -1.348273e+04 -2.061544e+03 -2.622850e+03 8.320280e+03 4.190032e+03 2.672341e+03 1.355566e+04 -2.023332e+03 -1.939524e+03 -5.122826e+04 -3.194297e+03 9.571100e+03 4.753696e+03 3.510015e+03 -1.545361e+04 2.522154e+03 2.100626e+03 5.836847e+04 4.760292e+03 -2.957343e+03 2.173638e+03 7.297042e+03 -2.584227e+03 5.836340e+04 -1.182709e+04 -1.642254e+03
8.787879e-03 -5.104440e+03 3.760196e+03 -2.625784e+03 -8.556304e+03 -2.735879e+03 6.350622e+04 -1.329539e+04 -2.045651e+03 -2.593553e+03 8.484766e+03 3.960660e+03 2.577401e+03 1.336662e+04 -2.009047e+03 -1.882228e+03 -4.892502e+04 -3.157915e+03 9.756322e+03 4.492213e+03 3.389058e+03 -1.523795e+04 2.503039e+03 2.034573e+03 5.574320e+04 4.498479e+03 -2.847902e+03 2.148896e+03 7.441558e+03 -2.511353e+03 5.573837e+04 -1.166288e+04 -1.630488e+03
8.989899e-03 -4.822559e+03 3.628040e+03 -2.595195e+03 -8.681948e+03 -2.655255e+03 6.067058e+04 -1.309899e+04 -2.029373e+03 -2.564401e+03 8.612148e+03 3.743959e+03 2.487292e+03 1.316855e+04 -1.994292e+03 -1.827163e+03 -4.674213e+04 -3.121762e+03 9.899308e+03 4.245191e+03 3.274287e+03 -1.501203e+04 2.483455e+03 1.971101e+03 5.325514e+04 4.251146e+03 -2.744015e+03 2.124304e+03 7.553513e+03 -2.441321e+03 5.325053e+04 -1.149073e+04 -1.618334e+03
9.191919e-03 -4.556317e+03 3.502545e+03 -2.564875e+03 -8.774918e+03 -2.577782e+03 5.798328e+04 -1.289542e+04 -2.012777e+03 -2.535442e+03 8.706815e+03 3.539248e+03 2.401716e+03 1.296335e+04 -1.979139e+03 -1.774244e+03 -4.467342e+04 -3.085892e+03 1.000506e+04 4.011854e+03 3.165314e+03 -1.477799e+04 2.463484e+03 1.910108e+03 5.089723e+04 4.017515e+03 -2.645338e+03 2.099900e+03 7.636757e+03 -2.374018e+03 5.089283e+04 -1.131228e+04 -1.605850e+03
9.393939e-03 -4.304860e+03 3.383297e+03 -2.534860e+03 -8.839126e+03 -2.503332e+03 5.543652e+04 -1.268635e+04 -1.995923e+03 -2.506716e+03 8.772680e+03 3.345874e+03 2.320392e+03 1.275267e+04 -1.963654e+03 -1.723384e+03 -4.271285e+04 -3.050352e+03 1.007805e+04 3.791454e+03 3.061779e+03 -1.453771e+04 2.443201e+03 1.851494e+03 4.866261e+04 3.796839e+03 -2.551549e+03 2.075714e+03 7.694724e+03 -2.309336e+03 4.865841e+04 -1.112899e+04 -1.593089e+03
9.595960e-03 -4.067365e+03 3.269914e+03 -2.505181e+03 -8.878057e+03 -2.431782e+03 5.302278e+04 -1.247320e+04 -1.978867e+03 -2.478258e+03 8.813225e+03 3.163208e+03 2.243059e+03 1.253796e+04 -1.947895e+03 -1.674499e+03 -4.085467e+04 -3.015180e+03 1.012223e+04 3.583275e+03 2.963349e+03 -1.429284e+04 2.422672e+03 1.795161e+03 4.654469e+04 3.588397e+03 -2.462352e+03 2.051774e+03 7.730470e+03 -2.247168e+03 4.654068e+04 -1.094212e+04 -1.580099e+03
9.797980e-03 -3.843047e+03 3.162040e+03 -2.475864e+03 -8.894812e+03 -2.363012e+03 5.073484e+04 -1.225724e+04 -1.961658e+03 -2.450097e+03 8.831551e+03 2.990647e+03 2.169478e+03 1.232046e+04 -1.931917e+03 -1.627508e+03 -3.909329e+04 -2.980411e+03 1.014115e+04 3.386627e+03 2.869713e+03 -1.404480e+04 2.401958e+03 1.741015e+03 4.453714e+04 3.391503e+03 -2.377469e+03 2.028104e+03 7.746715e+03 -2.187410e+03 4.453330e+04 -1.075278e+04 -1.566926e+03
1.000000e-02 -3.631157e+03 3.059345e+03 -2.446931e+03 -8.892149e+03 -2.296904e+03 4.856581e+04 -1.203953e+04 -1.944340e+03 -2.422260e+03 8.830419e+03 2.827618e+03 2.099422e+03 1.210127e+04 -1.915766e+03 -1.582333e+03 -3.742343e+04 -2.946072e+03 1.013795e+04 3.200856e+03 2.780582e+03 -1.379484e+04 2.381112e+03 1.688964e+03 4.263390e+04 3.205499e+03 -2.296641e+03 2.004723e+03 7.745881e+03 -2.129961e+03 4.263023e+04 -1.056190e+04 -1.553607e+03
