-1.000000e-02 4.582831e+03 2.938541e+03 2.233316e+03 -6.110494e+03 -2.272836e+03 -4.201384e+04 -8.916987e+03 1.757339e+03 2.212893e+03 6.054944e+03 -3.554106e+03 2.015644e+03 8.972511e+03 1.733168e+03 -1.564127e+03 3.237277e+04 2.690442e+03 6.969759e+03 -4.032410e+03 2.669022e+03 -1.023112e+04 -2.156662e+03 1.676389e+03 -3.688125e+04 -4.036842e+03 -2.206705e+03 -1.830373e+03 5.308968e+03 -2.100654e+03 -3.687770e+04 -7.820405e+03 1.402098e+03
-9.797980e-03 4.802684e+03 3.026676e+03 2.252828e+03 -5.990035e+03 -2.332508e+03 -4.363945e+04 -8.970802e+03 1.768111e+03 2.231619e+03 5.933412e+03 -3.723007e+03 2.075677e+03 9.027364e+03 1.743101e+03 -1.604798e+03 3.362397e+04 2.713593e+03 6.832648e+03 -4.225041e+03 2.745293e+03 -1.029379e+04 -2.169592e+03 1.723529e+03 -3.830750e+04 -4.229667e+03 -2.276192e+03 -1.846106e+03 5.202170e+03 -2.152231e+03 -3.830380e+04 -7.867471e+03 1.410312e+03
-9.595960e-03 5.032689e+03 3.118595e+03 2.272232e+03 -5.846201e+03 -2.394270e+03 -4.533522e+04 -9.013867e+03 1.778519e+03 2.250204e+03 5.788494e+03 -3.899683e+03 2.138281e+03 9.071474e+03 1.752636e+03 -1.646888e+03 3.492917e+04 2.736596e+03 6.668900e+03 -4.426552e+03 2.824847e+03 -1.034423e+04 -2.182082e+03 1.772320e+03 -3.979529e+04 -4.431380e+03 -2.348645e+03 -1.861733e+03 5.074848e+03 -2.205610e+03 -3.979145e+04 -7.905102e+03 1.418196e+03
-9.393939e-03 5.273209e+03 3.214485e+03 2.291481e+03 -5.676518e+03 -2.458194e+03 -4.710347e+04 -9.044715e+03 1.788514e+03 2.268596e+03 5.617718e+03 -4.084410e+03 2.203581e+03 9.103372e+03 1.761720e+03 -1.690443e+03 3.629011e+04 2.759393e+03 6.475697e+03 -4.637259e+03 2.907849e+03 -1.038075e+04 -2.194072e+03 1.822816e+03 -4.134666e+04 -4.642298e+03 -2.424210e+03 -1.877215e+03 4.924836e+03 -2.260850e+03 -4.134266e+04 -7.932010e+03 1.425709e+03
-9.191919e-03 5.524595e+03 3.314543e+03 2.310520e+03 -5.478281e+03 -2.524347e+03 -4.894638e+04 -9.061727e+03 1.798041e+03 2.286743e+03 5.418381e+03 -4.277456e+03 2.271713e+03 9.121437e+03 1.770298e+03 -1.735510e+03 3.770850e+04 2.781917e+03 6.249954e+03 -4.857468e+03 2.994469e+03 -1.040151e+04 -2.205495e+03 1.875070e+03 -4.296351e+04 -4.862729e+03 -2.503039e+03 -1.892507e+03 4.749761e+03 -2.318009e+03 -4.295936e+04 -7.946777e+03 1.432803e+03
-8.989899e-03 5.787177e+03 3.418977e+03 2.329290e+03 -5.248532e+03 -2.592799e+03 -5.086599e+04 -9.063123e+03 1.807041e+03 2.304584e+03 5.187528e+03 -4.479073e+03 2.342814e+03 9.123883e+03 1.778310e+03 -1.782134e+03 3.918589e+04 2.804097e+03 5.988300e+03 -5.087469e+03 3.084887e+03 -1.040448e+04 -2.216279e+03 1.929139e+03 -4.464764e+04 -5.092961e+03 -2.585293e+03 -1.907560e+03 4.547030e+03 -2.377146e+03 -4.464332e+04 -7.947840e+03 1.439430e+03
-8.787879e-03 6.061261e+03 3.528001e+03 2.347726e+03 -4.984042e+03 -2.663619e+03 -5.286412e+04 -9.046943e+03 1.815450e+03 2.322051e+03 4.921933e+03 -4.689494e+03 2.417032e+03 9.108751e+03 1.785692e+03 -1.830362e+03 4.072367e+04 2.825852e+03 5.687056e+03 -5.327527e+03 3.179293e+03 -1.038741e+04 -2.226347e+03 1.985076e+03 -4.640064e+04 -5.333262e+03 -2.671139e+03 -1.922318e+03 4.313815e+03 -2.438319e+03 -4.639615e+04 -7.933481e+03 1.445537e+03
-8.585859e-03 6.347119e+03 3.641841e+03 2.365753e+03 -4.681295e+03 -2.736873e+03 -5.494231e+04 -9.011041e+03 1.823198e+03 2.339070e+03 4.618082e+03 -4.908926e+03 2.494517e+03 9.073887e+03 1.792372e+03 -1.880238e+03 4.232305e+04 2.847093e+03 5.342213e+03 -5.577880e+03 3.277881e+03 -1.034786e+04 -2.235613e+03 2.042933e+03 -4.822387e+04 -5.583867e+03 -2.760752e+03 -1.936721e+03 4.047032e+03 -2.501586e+03 -4.821919e+04 -7.901815e+03 1.451066e+03
-8.383838e-03 6.644977e+03 3.760730e+03 2.383290e+03 -4.336461e+03 -2.812626e+03 -5.710178e+04 -8.953063e+03 1.830211e+03 2.355559e+03 4.272150e+03 -5.137540e+03 2.575429e+03 9.016935e+03 1.798276e+03 -1.931804e+03 4.398495e+04 2.867721e+03 4.949404e+03 -5.838724e+03 3.380856e+03 -1.028313e+04 -2.243986e+03 2.102761e+03 -5.011838e+04 -5.844975e+03 -2.854312e+03 -1.950701e+03 3.743325e+03 -2.567000e+03 -5.011351e+04 -7.850779e+03 1.455957e+03
-8.181818e-03 6.955006e+03 3.884911e+03 2.400249e+03 -3.945382e+03 -2.890941e+03 -5.934328e+04 -8.870438e+03 1.836408e+03 2.371428e+03 3.879983e+03 -5.375464e+03 2.659929e+03 8.935318e+03 1.803323e+03 -1.985103e+03 4.570994e+04 2.887628e+03 4.503892e+03 -6.110207e+03 3.488429e+03 -1.019029e+04 -2.251369e+03 2.164611e+03 -5.208484e+04 -6.116733e+03 -2.952007e+03 -1.964185e+03 3.399051e+03 -2.634615e+03 -5.207978e+04 -7.778118e+03 1.460142e+03
-7.979798e-03 7.277304e+03 4.014636e+03 2.416529e+03 -3.503549e+03 -2.971877e+03 -6.166706e+04 -8.760364e+03 1.841704e+03 2.386578e+03 3.437078e+03 -5.622773e+03 2.748189e+03 8.826229e+03 1.807426e+03 -2.040171e+03 4.749822e+04 2.906693e+03 4.000535e+03 -6.392415e+03 3.600821e+03 -1.006615e+04 -2.257657e+03 2.228527e+03 -5.412346e+04 -6.399228e+03 -3.054032e+03 -1.977090e+03 3.010257e+03 -2.704479e+03 -5.411820e+04 -7.681373e+03 1.463552e+03
-7.777778e-03 7.611885e+03 4.150162e+03 2.432021e+03 -3.006088e+03 -3.055487e+03 -6.407269e+04 -8.619794e+03 1.846004e+03 2.400899e+03 2.938564e+03 -5.879475e+03 2.840382e+03 8.686615e+03 1.810493e+03 -2.097045e+03 4.934946e+04 2.924785e+03 3.433778e+03 -6.685358e+03 3.718257e+03 -9.907211e+03 -2.262735e+03 2.294552e+03 -5.623388e+04 -6.692469e+03 -3.160586e+03 -1.989326e+03 2.572673e+03 -2.776638e+03 -5.622840e+04 -7.557872e+03 1.466111e+03
-7.575758e-03 7.958658e+03 4.291758e+03 2.446605e+03 -2.447739e+03 -3.141821e+03 -6.655900e+04 -8.445424e+03 1.849211e+03 2.414271e+03 2.379189e+03 -6.145497e+03 2.936687e+03 8.513164e+03 1.812424e+03 -2.155754e+03 5.126274e+04 2.941758e+03 2.797626e+03 -6.988956e+03 3.840970e+03 -9.709708e+03 -2.266483e+03 2.362723e+03 -5.841505e+04 -6.996376e+03 -3.271874e+03 -2.000794e+03 2.081690e+03 -2.851132e+03 -5.840935e+04 -7.404716e+03 1.467739e+03
-7.373737e-03 8.317406e+03 4.439694e+03 2.460149e+03 -1.822849e+03 -3.230918e+03 -6.912384e+04 -8.233685e+03 1.851218e+03 2.426563e+03 1.753306e+03 -6.420671e+03 3.037289e+03 8.302301e+03 1.813116e+03 -2.216327e+03 5.323642e+04 2.957453e+03 2.085633e+03 -7.303016e+03 3.969198e+03 -9.469562e+03 -2.268772e+03 2.433075e+03 -6.066510e+04 -7.310756e+03 -3.388106e+03 -2.011386e+03 1.532354e+03 -2.927993e+03 -6.065916e+04 -7.218774e+03 1.468349e+03
-7.171717e-03 8.687761e+03 4.594247e+03 2.472507e+03 -1.125358e+03 -3.322812e+03 -7.176400e+04 -7.980733e+03 1.851912e+03 2.437630e+03 1.054863e+03 -6.704710e+03 3.142372e+03 8.050173e+03 1.812456e+03 -2.278782e+03 5.526802e+04 2.971693e+03 1.290893e+03 -7.627215e+03 4.103183e+03 -9.182383e+03 -2.269462e+03 2.505631e+03 -6.298119e+04 -7.635287e+03 -3.509494e+03 -2.020981e+03 9.193559e+02 -3.007249e+03 -6.297502e+04 -6.996676e+03 1.467852e+03
-6.969697e-03 9.069179e+03 4.755695e+03 2.483520e+03 -3.488023e+02 -3.417526e+03 -7.447494e+04 -7.682449e+03 1.851173e+03 2.447315e+03 2.774029e+02 -6.997196e+03 3.252124e+03 7.752652e+03 1.810326e+03 -2.343132e+03 5.735404e+04 2.984288e+03 4.060371e+02 -7.961076e+03 4.243169e+03 -8.843464e+03 -2.268408e+03 2.580409e+03 -6.535936e+04 -7.969489e+03 -3.636253e+03 -2.029450e+03 2.370322e+02 -3.088917e+03 -6.535294e+04 -6.734808e+03 1.466151e+03
-6.767677e-03 9.460907e+03 4.924318e+03 2.493013e+03 5.136852e+02 -3.515070e+03 -7.725062e+04 -7.334440e+03 1.848874e+03 2.455447e+03 -5.859311e+02 -7.297548e+03 3.366732e+03 7.405335e+03 1.806602e+03 -2.409383e+03 5.948983e+04 2.995029e+03 -5.767631e+02 -8.303937e+03 4.389400e+03 -8.447783e+03 -2.265454e+03 2.657418e+03 -6.779429e+04 -8.312701e+03 -3.768595e+03 -2.036651e+03 -5.206332e+02 -3.173002e+03 -6.778762e+04 -6.429316e+03 1.463145e+03
-6.565657e-03 9.861950e+03 5.100390e+03 2.500796e+03 1.469357e+03 -3.615441e+03 -8.008323e+04 -6.932044e+03 1.844879e+03 2.461838e+03 -1.542383e+03 -7.605000e+03 3.486381e+03 7.003548e+03 1.801154e+03 -2.477530e+03 6.166938e+04 3.003686e+03 -1.665775e+03 -8.654925e+03 4.542118e+03 -7.990015e+03 -2.260436e+03 2.736654e+03 -7.027914e+04 -8.664050e+03 -3.906731e+03 -2.042427e+03 -1.359994e+03 -3.259502e+03 -7.027221e+04 -6.076112e+03 1.458728e+03
-6.363636e-03 1.027103e+04 5.284181e+03 2.506661e+03 2.525825e+03 -3.718622e+03 -8.296293e+04 -6.470347e+03 1.839049e+03 2.466284e+03 -2.599553e+03 -7.918570e+03 3.611252e+03 6.542369e+03 1.793844e+03 -2.547557e+03 6.388512e+04 3.010011e+03 -2.869676e+03 -9.012924e+03 4.701559e+03 -7.464545e+03 -2.253180e+03 2.818103e+03 -7.280527e+04 -9.022418e+03 -4.050867e+03 -2.046609e+03 -2.287719e+03 -3.348395e+03 -7.279808e+04 -5.670885e+03 1.452791e+03
-6.161616e-03 1.068656e+04 5.475948e+03 2.510383e+03 3.691016e+03 -3.824573e+03 -8.587757e+04 -5.944213e+03 1.831235e+03 2.468567e+03 -3.765356e+03 -8.237032e+03 3.741515e+03 6.016646e+03 1.784532e+03 -2.619436e+03 6.612768e+04 3.013734e+03 -4.197500e+03 -9.376534e+03 4.867949e+03 -6.865500e+03 -2.243505e+03 2.901735e+03 -7.536202e+04 -9.386403e+03 -4.201198e+03 -2.049015e+03 -3.310750e+03 -3.439647e+03 -7.535456e+04 -5.209131e+03 1.445217e+03
-5.959596e-03 1.110657e+04 5.675932e+03 2.511716e+03 4.973108e+03 -3.933238e+03 -8.881234e+04 -5.348314e+03 1.821282e+03 2.468447e+03 -5.047961e+03 -8.558875e+03 3.877333e+03 5.421040e+03 1.773070e+03 -2.693125e+03 6.838568e+04 3.014562e+03 -5.658573e+03 -9.744034e+03 5.041502e+03 -6.186795e+03 -2.231223e+03 2.987503e+03 -7.793639e+04 -9.754283e+03 -4.357906e+03 -2.049446e+03 -4.436253e+03 -3.533206e+03 -7.792867e+04 -4.686176e+03 1.435888e+03
-5.757576e-03 1.152868e+04 5.884350e+03 2.510396e+03 6.380448e+03 -4.044534e+03 -9.174948e+04 -4.677191e+03 1.809030e+03 2.465668e+03 -6.455701e+03 -8.882275e+03 4.018849e+03 4.750076e+03 1.759307e+03 -2.768564e+03 7.064543e+04 3.012180e+03 -7.262410e+03 -1.011334e+04 5.222408e+03 -5.422187e+03 -2.216136e+03 3.075343e+03 -8.051281e+04 -1.012397e+04 -4.521155e+03 -2.047686e+03 -5.671538e+03 -3.628996e+03 -8.050481e+04 -4.097231e+03 1.424682e+03
-5.555556e-03 1.195006e+04 6.101388e+03 2.506137e+03 7.921437e+03 -4.158355e+03 -9.466787e+04 -3.925318e+03 1.794314e+03 2.459955e+03 -7.996963e+03 -9.205047e+03 4.166188e+03 3.998216e+03 1.743087e+03 -2.845678e+03 7.289070e+04 3.006246e+03 -9.018585e+03 -1.048197e+04 5.410833e+03 -4.565361e+03 -2.198043e+03 3.165170e+03 -8.307275e+04 -1.049299e+04 -4.691083e+03 -2.043506e+03 -7.023963e+03 -3.726922e+03 -8.306447e+04 -3.437451e+03 1.411473e+03
-5.353535e-03 1.236734e+04 6.327191e+03 2.498631e+03 9.604382e+03 -4.274563e+03 -9.754273e+04 -3.087196e+03 1.776964e+03 2.451011e+03 -9.680043e+03 -9.524615e+03 4.319444e+03 3.159946e+03 1.724254e+03 -2.924369e+03 7.510239e+04 2.996397e+03 -1.093657e+04 -1.084697e+04 5.606907e+03 -3.610030e+03 -2.176735e+03 3.256874e+03 -8.559445e+04 -1.085837e+04 -4.867797e+03 -2.036657e+03 -8.500803e+03 -3.826863e+03 -8.558591e+04 -2.702013e+03 1.396136e+03
-5.151515e-03 1.277660e+04 6.561854e+03 2.487552e+03 1.143732e+04 -4.392989e+03 -1.003452e+05 -2.157468e+03 1.756808e+03 2.438523e+03 -1.151296e+04 -9.837964e+03 4.478678e+03 2.229893e+03 1.702650e+03 -3.004519e+03 7.725832e+04 2.982241e+03 -1.302553e+04 -1.120492e+04 5.810715e+03 -2.550069e+03 -2.152000e+03 3.350322e+03 -8.805263e+04 -1.121669e+04 -5.051364e+03 -2.026876e+03 -1.010909e+04 -3.928668e+03 -8.804382e+04 -1.886217e+03 1.378543e+03
-4.949495e-03 1.317330e+04 6.805407e+03 2.472547e+03 1.342778e+04 -4.513429e+03 -1.030421e+05 -1.131057e+03 1.733671e+03 2.422155e+03 -1.350324e+04 -1.014161e+04 4.643909e+03 1.202966e+03 1.678118e+03 -3.085987e+03 7.933291e+04 2.963365e+03 -1.529405e+04 -1.155183e+04 6.022287e+03 -1.379673e+03 -2.123624e+03 3.445353e+03 -9.041812e+04 -1.156397e+04 -5.241800e+03 -2.013882e+03 -1.185543e+04 -4.032159e+03 -9.040905e+04 -9.856121e+02 1.358568e+03
-4.747475e-03 1.355225e+04 7.057802e+03 2.453247e+03 1.558253e+04 -4.635640e+03 -1.055955e+05 -3.343514e+00 1.707378e+03 2.401556e+03 -1.565762e+04 -1.043156e+04 4.815100e+03 7.453055e+01 1.650502e+03 -3.168605e+03 8.129699e+04 2.939329e+03 -1.774984e+04 -1.188316e+04 6.241586e+03 -9.355650e+01 -2.091393e+03 3.541774e+03 -9.265768e+04 -1.189565e+04 -5.439061e+03 -1.997377e+03 -1.374574e+04 -4.137123e+03 -9.264836e+04 3.854919e+00 1.336087e+03
-4.545455e-03 1.390754e+04 7.318897e+03 2.429262e+03 1.790724e+04 -4.759339e+03 -1.079625e+05 1.229638e+03 1.677759e+03 2.376357e+03 -1.798177e+04 -1.070330e+04 4.992153e+03 -1.159393e+03 1.619653e+03 -3.252176e+03 8.311758e+04 2.909673e+03 -2.039936e+04 -1.219374e+04 6.468491e+03 1.312817e+03 -2.055095e+03 3.639362e+03 -9.473369e+04 -1.220655e+04 -5.643028e+03 -1.977049e+03 -1.578497e+04 -4.243312e+03 -9.472414e+04 1.085661e+03 1.310980e+03
-4.343434e-03 1.423256e+04 7.588436e+03 2.400182e+03 2.040608e+04 -4.884198e+03 -1.100952e+05 2.570959e+03 1.644643e+03 2.346171e+03 -2.047985e+04 -1.095173e+04 5.174891e+03 -2.501885e+03 1.585427e+03 -3.336476e+03 8.475779e+04 2.873914e+03 -2.324738e+04 -1.247777e+04 6.702785e+03 2.842962e+03 -2.014524e+03 3.737859e+03 -9.660412e+04 -1.249090e+04 -5.853496e+03 -1.952574e+03 -1.797679e+04 -4.350442e+03 -9.659436e+04 2.262498e+03 1.283133e+03
-4.141414e-03 1.451998e+04 7.866031e+03 2.365584e+03 2.308134e+04 -5.009844e+03 -1.119406e+05 4.022522e+03 1.607870e+03 2.310602e+03 -2.315413e+04 -1.117125e+04 5.363050e+03 -3.954862e+03 1.547691e+03 -3.421251e+03 8.617679e+04 2.831554e+03 -2.629650e+04 -1.272884e+04 6.944133e+03 4.499064e+03 -1.969479e+03 3.836969e+03 -9.822242e+04 -1.274224e+04 -6.070155e+03 -1.923614e+03 -2.032319e+04 -4.458188e+03 -9.821247e+04 3.536035e+03 1.252441e+03
-3.939394e-03 1.476174e+04 8.151140e+03 2.325033e+03 2.593290e+04 -5.135857e+03 -1.134405e+05 5.584763e+03 1.567288e+03 2.269244e+03 -2.600449e+04 -1.135566e+04 5.556258e+03 -5.518766e+03 1.506323e+03 -3.506212e+03 8.732992e+04 2.782083e+03 -2.954659e+04 -1.293990e+04 7.192066e+03 6.281627e+03 -1.919774e+03 3.936361e+03 -9.953766e+04 -1.295353e+04 -6.292576e+03 -1.889825e+03 -2.282404e+04 -4.566187e+03 -9.952755e+04 4.906653e+03 1.218808e+03
-3.737374e-03 1.494914e+04 8.443040e+03 2.278090e+03 2.895770e+04 -5.261768e+03 -1.145324e+05 7.256314e+03 1.522757e+03 2.221688e+03 -2.902786e+04 -1.149830e+04 5.754025e+03 -7.192233e+03 1.461216e+03 -3.591041e+03 8.816894e+04 2.724986e+03 -3.299415e+04 -1.310333e+04 7.445959e+03 8.189100e+03 -1.865236e+03 4.035664e+03 -1.004949e+05 -1.311714e+04 -6.520192e+03 -1.850859e+03 -2.547667e+04 -4.674033e+03 -1.004846e+05 6.373152e+03 1.182150e+03
-3.535354e-03 1.507288e+04 8.740807e+03 2.224313e+03 3.214916e+04 -5.387058e+03 -1.151495e+05 9.033654e+03 1.474153e+03 2.167528e+03 -3.221767e+04 -1.159203e+04 5.955723e+03 -8.971742e+03 1.412283e+03 -3.675387e+03 8.864254e+04 2.659746e+03 -3.663171e+04 -1.321099e+04 7.705009e+03 1.021747e+04 -1.805714e+03 4.134471e+03 -1.010355e+05 -1.322492e+04 -6.752278e+03 -1.806368e+03 -2.827531e+04 -4.781281e+03 -1.010252e+05 7.932440e+03 1.142399e+03
-3.333333e-03 1.512322e+04 9.043289e+03 2.163271e+03 3.549663e+04 -5.511159e+03 -1.152221e+05 1.091074e+04 1.421372e+03 2.106367e+03 -3.556326e+04 -1.162938e+04 6.160573e+03 -1.085125e+04 1.359458e+03 -3.758867e+03 8.869698e+04 2.585862e+03 -4.044711e+04 -1.325435e+04 7.968217e+03 1.235984e+04 -1.741076e+03 4.232333e+03 -1.010984e+05 -1.326835e+04 -6.987935e+03 -1.756014e+03 -3.121060e+04 -4.887442e+03 -1.010881e+05 9.579220e+03 1.099505e+03
-3.131313e-03 1.509016e+04 9.349086e+03 2.094551e+03 3.898474e+04 -5.633459e+03 -1.146784e+05 1.287867e+04 1.364333e+03 2.037830e+03 -3.904928e+04 -1.160267e+04 6.367623e+03 -1.282183e+04 1.302698e+03 -3.841067e+03 8.827713e+04 2.502853e+03 -4.442284e+04 -1.322466e+04 8.234364e+03 1.460605e+04 -1.671224e+03 4.328768e+03 -1.006206e+05 -1.323864e+04 -7.226069e+03 -1.699473e+03 -3.426907e+04 -4.991992e+03 -1.006103e+05 1.130567e+04 1.053437e+03
-2.929293e-03 1.496362e+04 9.656523e+03 2.017771e+03 4.259290e+04 -5.753300e+03 -1.134467e+05 1.492531e+04 1.302982e+03 1.961572e+03 -4.265516e+04 -1.150419e+04 6.575745e+03 -1.487135e+04 1.241988e+03 -3.921548e+03 8.732775e+04 2.410277e+03 -4.853543e+04 -1.311310e+04 8.501993e+03 1.694227e+04 -1.596089e+03 4.423257e+03 -9.953920e+04 -1.312698e+04 -7.465381e+03 -1.636450e+03 -3.743268e+04 -5.094369e+03 -9.952895e+04 1.310117e+04 1.004187e+03
-2.727273e-03 1.473380e+04 9.963645e+03 1.932592e+03 4.629483e+04 -5.869986e+03 -1.114570e+05 1.703509e+04 1.237295e+03 1.877292e+03 -4.635461e+04 -1.132642e+04 6.783611e+03 -1.698419e+04 1.177343e+03 -3.999842e+03 8.579507e+04 2.307745e+03 -5.275492e+04 -1.291109e+04 8.769400e+03 1.935068e+04 -1.515641e+03 4.515253e+03 -9.779285e+04 -1.292477e+04 -7.704348e+03 -1.566681e+03 -4.067837e+04 -5.193980e+03 -9.778276e+04 1.495202e+04 9.517697e+02
-2.525253e-03 1.439148e+04 1.026820e+04 1.838737e+03 5.005820e+04 -5.982786e+03 -1.086441e+05 1.918872e+04 1.167283e+03 1.784747e+03 -5.011536e+04 -1.106228e+04 6.989702e+03 -1.914105e+04 1.108813e+03 -4.075463e+03 8.362875e+04 2.194938e+03 -5.704446e+04 -1.261057e+04 9.034620e+03 2.180930e+04 -1.429894e+03 4.604179e+03 -9.532419e+04 -1.262395e+04 -7.941222e+03 -1.489954e+03 -4.397781e+04 -5.290205e+03 -9.531432e+04 1.684135e+04 8.962281e+02
-2.323232e-03 1.392847e+04 1.056763e+04 1.736005e+03 5.384452e+04 -6.090946e+03 -1.049497e+05 2.136323e+04 1.092996e+03 1.683767e+03 -5.389894e+04 -1.070550e+04 7.192294e+03 -2.131891e+04 1.036479e+03 -4.147911e+03 8.078414e+04 2.071632e+03 -6.136018e+04 -1.220436e+04 9.295431e+03 2.429187e+04 -1.338907e+03 4.689442e+03 -9.208229e+04 -1.221733e+04 -8.174029e+03 -1.406119e+03 -4.729727e+04 -5.382404e+03 -9.207274e+04 1.874897e+04 8.376315e+02
-2.121212e-03 1.333801e+04 1.085912e+04 1.624289e+03 5.760924e+04 -6.193693e+03 -1.003266e+05 2.353196e+04 1.014524e+03 1.574274e+03 -5.766084e+04 -1.025090e+04 7.389480e+03 -2.349106e+04 9.604597e+02 -4.216674e+03 7.722470e+04 1.937711e+03 -6.565130e+04 -1.168655e+04 9.549367e+03 2.676794e+04 -1.242790e+03 4.770433e+03 -8.802550e+04 -1.169899e+04 -8.400578e+03 -1.315101e+03 -5.059770e+04 -5.469927e+03 -8.801635e+04 2.065150e+04 7.760784e+02
-1.919192e-03 1.261528e+04 1.113959e+04 1.503597e+03 6.130219e+04 -6.290248e+03 -9.474107e+04 2.566490e+04 9.320021e+02 1.456294e+03 -6.135096e+04 -9.694795e+03 7.579180e+03 -2.562743e+04 8.809112e+02 -4.281239e+03 7.292467e+04 1.793196e+03 -6.986064e+04 -1.105294e+04 9.793741e+03 2.920324e+04 -1.141710e+03 4.846541e+03 -8.312446e+04 -1.106471e+04 -8.618488e+03 -1.216915e+03 -5.383514e+04 -5.552117e+03 -8.311580e+04 2.252262e+04 7.116967e+02
-1.717172e-03 1.175789e+04 1.140575e+04 1.374069e+03 6.486839e+04 -6.379841e+03 -8.817716e+04 2.772913e+04 8.456127e+02 1.329979e+03 -6.491435e+04 -9.035343e+03 7.759177e+03 -2.769504e+04 7.980265e+02 -4.341100e+03 6.787168e+04 1.638261e+03 -7.392551e+04 -1.030142e+04 1.002568e+04 3.156018e+04 -1.035889e+03 4.917156e+03 -7.736506e+04 -1.031241e+04 -8.825216e+03 -1.111681e+03 -5.696138e+04 -5.628327e+03 -7.735698e+04 2.433347e+04 6.446438e+02
-1.515152e-03 1.076630e+04 1.165417e+04 1.235992e+03 6.824919e+04 -6.461719e+03 -8.063937e+04 2.968961e+04 7.555861e+02 1.195615e+03 -6.829243e+04 -8.272905e+03 7.927160e+03 -2.965878e+04 7.120359e+02 -4.395762e+03 6.206923e+04 1.473254e+03 -7.777906e+04 -9.432404e+03 1.024220e+04 3.379872e+04 -9.256094e+02 4.981688e+03 -7.075128e+04 -9.442476e+03 -9.018115e+03 -9.996366e+02 -5.992504e+04 -5.697928e+03 -7.074388e+04 2.605329e+04 5.751063e+02
-1.313131e-03 9.644208e+03 1.188138e+04 1.089814e+03 7.138391e+04 -6.535162e+03 -7.215558e+04 3.151011e+04 6.622014e+02 1.053639e+03 -7.142459e+04 -7.410331e+03 8.080779e+03 -3.148235e+04 6.232055e+02 -4.444758e+03 5.553877e+04 1.298710e+03 -8.135214e+04 -8.449134e+03 1.044025e+04 3.587748e+04 -8.112142e+02 5.039570e+03 -6.330758e+04 -8.458166e+03 -9.194496e+03 -8.811447e+02 -6.267293e+04 -5.760321e+03 -6.330095e+04 2.765030e+04 5.032992e+02
-1.111111e-03 8.398842e+03 1.208393e+04 9.361515e+02 7.421180e+04 -6.599498e+03 -6.277894e+04 3.315439e+04 5.657862e+02 9.046417e+02 -7.425013e+04 -6.453166e+03 8.217717e+03 -3.312944e+04 5.318355e+02 -4.487650e+03 4.832122e+04 1.115361e+03 -8.457549e+04 -7.357940e+03 1.061683e+04 3.775507e+04 -6.931047e+02 5.090274e+03 -5.508059e+04 -7.365814e+03 -9.351703e+03 -7.567012e+02 -6.515183e+04 -5.814946e+03 -5.507481e+04 2.909273e+04 4.294639e+02
-9.090909e-04 7.041074e+03 1.225856e+04 7.757905e+02 7.667428e+04 -6.654121e+03 -5.258877e+04 3.458757e+04 4.667142e+02 7.493690e+02 -7.671055e+04 -5.409756e+03 8.335765e+03 -3.456508e+04 4.382578e+02 -4.524045e+03 4.047761e+04 9.241369e+02 -8.738234e+04 -6.168341e+03 1.076908e+04 3.939163e+04 -5.717396e+02 5.133321e+03 -4.613990e+04 -6.174948e+03 -9.487211e+03 -6.269356e+02 -6.731038e+04 -5.861300e+03 -4.613505e+04 3.034996e+04 3.538668e+02
-7.070707e-04 5.585363e+03 1.240228e+04 6.096815e+02 7.871741e+04 -6.698496e+03 -4.169014e+04 3.577755e+04 3.654024e+02 5.887186e+02 -7.875195e+04 -4.291197e+03 8.432908e+03 -3.575713e+04 3.428322e+02 -4.553597e+03 3.208880e+04 7.261586e+02 -8.971119e+04 -4.892998e+03 1.089439e+04 4.075050e+04 -4.476299e+02 5.168291e+03 -3.657768e+04 -4.898242e+03 -9.598710e+03 -4.926063e+02 -6.910133e+04 -5.898942e+03 -3.657383e+04 3.139385e+04 2.767960e+02
-5.050505e-04 4.049503e+03 1.251250e+04 4.389256e+02 8.029433e+04 -6.732181e+03 -3.021200e+04 3.669649e+04 2.623055e+02 4.237246e+02 -8.032751e+04 -3.111143e+03 8.507407e+03 -3.667767e+04 2.459430e+02 -4.576021e+03 2.325404e+04 5.227223e+02 -9.150864e+04 -3.547488e+03 1.099050e+04 4.179987e+04 -3.213329e+02 5.194837e+03 -2.650707e+04 -3.551292e+03 -9.684214e+03 -3.545892e+02 -7.048359e+04 -5.927506e+03 -2.650428e+04 3.219997e+04 1.985583e+02
-3.030303e-04 2.454151e+03 1.258717e+04 2.647514e+02 8.136754e+04 -6.754833e+03 -1.830387e+04 3.732212e+04 1.579097e+02 2.555380e+02 -8.139980e+04 -1.885444e+03 8.557879e+03 -3.730440e+04 1.479939e+02 -4.591095e+03 1.408838e+04 3.152722e+02 -9.273193e+04 -2.149896e+03 1.105562e+04 4.251431e+04 -1.934446e+02 5.212688e+03 -1.605923e+04 -2.152203e+03 -9.742139e+03 -2.138606e+02 -7.142433e+04 -5.946709e+03 -1.605754e+04 3.274880e+04 1.194760e+02
-1.010101e-04 8.221728e+02 1.262487e+04 8.848523e+01 8.191087e+04 -6.766219e+03 -6.131078e+03 3.763893e+04 5.272480e+01 8.539842e+01 -8.194267e+04 -6.316443e+02 8.583362e+03 -3.762176e+04 4.940294e+01 -4.598671e+03 4.719050e+03 1.053663e+02 -9.335125e+04 -7.202410e+02 1.108850e+04 4.287609e+04 -6.458963e+01 5.221660e+03 -5.379210e+03 -7.210139e+02 -9.771383e+03 -7.147302e+01 -7.190059e+04 -5.956359e+03 -5.378642e+03 3.302671e+04 3.988241e+01
1.010101e-04 -8.221728e+02 1.262487e+04 -8.848523e+01 8.191087e+04 -6.766219e+03 6.131078e+03 3.763893e+04 -5.272480e+01 -8.539842e+01 -8.194267e+04 6.316443e+02 8.583362e+03 -3.762176e+04 -4.940294e+01 -4.598671e+03 -4.719050e+03 -1.053663e+02 -9.335125e+04 7.202410e+02 1.108850e+04 4.287609e+04 6.458963e+01 5.221660e+03 5.379210e+03 7.210139e+02 -9.771383e+03 7.147302e+01 -7.190059e+04 -5.956359e+03 5.378642e+03 3.302671e+04 -3.988241e+01
3.030303e-04 -2.454151e+03 1.258717e+04 -2.647514e+02 8.136754e+04 -6.754833e+03 1.830387e+04 3.732212e+04 -1.579097e+02 -2.555380e+02 -8.139980e+04 1.885444e+03 8.557879e+03 -3.730440e+04 -1.479939e+02 -4.591095e+03 -1.408838e+04 -3.152722e+02 -9.273193e+04 2.149896e+03 1.105562e+04 4.251431e+04 1.934446e+02 5.212688e+03 1.605923e+04 2.152203e+03 -9.742139e+03 2.138606e+02 -7.142433e+04 -5.946709e+03 1.605754e+04 3.274880e+04 -1.194760e+02
5.050505e-04 -4.049503e+03 1.251250e+04 -4.389256e+02 8.029433e+04 -6.732181e+03 3.021200e+04 3.669649e+04 -2.623055e+02 -4.237246e+02 -8.032751e+04 3.111143e+03 8.507407e+03 -3.667767e+04 -2.459430e+02 -4.576021e+03 -2.325404e+04 -5.227223e+02 -9.150864e+04 3.547488e+03 1.099050e+04 4.179987e+04 3.213329e+02 5.194837e+03 2.650707e+04 3.551292e+03 -9.684214e+03 3.545892e+02 -7.048359e+04 -5.927506e+03 2.650428e+04 3.219997e+04 -1.985583e+02
7.070707e-04 -5.585363e+03 1.240228e+04 -6.096815e+02 7.871741e+04 -6.698496e+03 4.169014e+04 3.577755e+04 -3.654024e+02 -5.887186e+02 -7.875195e+04 4.291197e+03 8.432908e+03 -3.575713e+04 -3.428322e+02 -4.553597e+03 -3.208880e+04 -7.261586e+02 -8.971119e+04 4.892998e+03 1.089439e+04 4.075050e+04 4.476299e+02 5.168291e+03 3.657768e+04 4.898242e+03 -9.598710e+03 4.926063e+02 -6.910133e+04 -5.898942e+03 3.657383e+04 3.139385e+04 -2.767960e+02
9.090909e-04 -7.041074e+03 1.225856e+04 -7.757905e+02 7.667428e+04 -6.654121e+03 5.258877e+04 3.458757e+04 -4.667142e+02 -7.493690e+02 -7.671055e+04 5.409756e+03 8.335765e+03 -3.456508e+04 -4.382578e+02 -4.524045e+03 -4.047761e+04 -9.241369e+02 -8.738234e+04 6.168341e+03 1.076908e+04 3.939163e+04 5.717396e+02 5.133321e+03 4.613990e+04 6.174948e+03 -9.487211e+03 6.269356e+02 -6.731038e+04 -5.861300e+03 4.613505e+04 3.034996e+04 -3.538668e+02
1.111111e-03 -8.398842e+03 1.208393e+04 -9.361515e+02 7.421180e+04 -6.599498e+03 6.277894e+04 3.315439e+04 -5.657862e+02 -9.046417e+02 -7.425013e+04 6.453166e+03 8.217717e+03 -3.312944e+04 -5.318355e+02 -4.487650e+03 -4.832122e+04 -1.115361e+03 -8.457549e+04 7.357940e+03 1.061683e+04 3.775507e+04 6.931047e+02 5.090274e+03 5.508059e+04 7.365814e+03 -9.351703e+03 7.567012e+02 -6.515183e+04 -5.814946e+03 5.507481e+04 2.909273e+04 -4.294639e+02
1.313131e-03 -9.644208e+03 1.188138e+04 -1.089814e+03 7.138391e+04 -6.535162e+03 7.215558e+04 3.151011e+04 -6.622014e+02 -1.053639e+03 -7.142459e+04 7.410331e+03 8.080779e+03 -3.148235e+04 -6.232055e+02 -4.444758e+03 -5.553877e+04 -1.298710e+03 -8.135214e+04 8.449134e+03 1.044025e+04 3.587748e+04 8.112142e+02 5.039570e+03 6.330758e+04 8.458166e+03 -9.194496e+03 8.811447e+02 -6.267293e+04 -5.760321e+03 6.330095e+04 2.765030e+04 -5.032992e+02
1.515152e-03 -1.076630e+04 1.165417e+04 -1.235992e+03 6.824919e+04 -6.461719e+03 8.063937e+04 2.968961e+04 -7.555861e+02 -1.195615e+03 -6.829243e+04 8.272905e+03 7.927160e+03 -2.965878e+04 -7.120359e+02 -4.395762e+03 -6.206923e+04 -1.473254e+03 -7.777906e+04 9.432404e+03 1.024220e+04 3.379872e+04 9.256094e+02 4.981688e+03 7.075128e+04 9.442476e+03 -9.018115e+03 9.996366e+02 -5.992504e+04 -5.697928e+03 7.074388e+04 2.605329e+04 -5.751063e+02
1.717172e-03 -1.175789e+04 1.140575e+04 -1.374069e+03 6.486839e+04 -6.379841e+03 8.817716e+04 2.772913e+04 -8.456127e+02 -1.329979e+03 -6.491435e+04 9.035343e+03 7.759177e+03 -2.769504e+04 -7.980265e+02 -4.341100e+03 -6.787168e+04 -1.638261e+03 -7.392551e+04 1.030142e+04 1.002568e+04 3.156018e+04 1.035889e+03 4.917156e+03 7.736506e+04 1.031241e+04 -8.825216e+03 1.111681e+03 -5.696138e+04 -5.628327e+03 7.735698e+04 2.433347e+04 -6.446438e+02
1.919192e-03 -1.261528e+04 1.113959e+04 -1.503597e+03 6.130219e+04 -6.290248e+03 9.474107e+04 2.566490e+04 -9.320021e+02 -1.456294e+03 -6.135096e+04 9.694795e+03 7.579180e+03 -2.562743e+04 -8.809112e+02 -4.281239e+03 -7.292467e+04 -1.793196e+03 -6.986064e+04 1.105294e+04 9.793741e+03 2.920324e+04 1.141710e+03 4.846541e+03 8.312446e+04 1.106471e+04 -8.618488e+03 1.216915e+03 -5.383514e+04 -5.552117e+03 8.311580e+04 2.252262e+04 -7.116967e+02
2.121212e-03 -1.333801e+04 1.085912e+04 -1.624289e+03 5.760924e+04 -6.193693e+03 1.003266e+05 2.353196e+04 -1.014524e+03 -1.574274e+03 -5.766084e+04 1.025090e+04 7.389480e+03 -2.349106e+04 -9.604597e+02 -4.216674e+03 -7.722470e+04 -1.937711e+03 -6.565130e+04 1.168655e+04 9.549367e+03 2.676794e+04 1.242790e+03 4.770433e+03 8.802550e+04 1.169899e+04 -8.400578e+03 1.315101e+03 -5.059770e+04 -5.469927e+03 8.801635e+04 2.065150e+04 -7.760784e+02
2.323232e-03 -1.392847e+04 1.056763e+04 -1.736005e+03 5.384452e+04 -6.090946e+03 1.049497e+05 2.136323e+04 -1.092996e+03 -1.683767e+03 -5.389894e+04 1.070550e+04 7.192294e+03 -2.131891e+04 -1.036479e+03 -4.147911e+03 -8.078414e+04 -2.071632e+03 -6.136018e+04 1.220436e+04 9.295431e+03 2.429187e+04 1.338907e+03 4.689442e+03 9.208229e+04 1.221733e+04 -8.174029e+03 1.406119e+03 -4.729727e+04 -5.382404e+03 9.207274e+04 1.874897e+04 -8.376315e+02
2.525253e-03 -1.439148e+04 1.026820e+04 -1.838737e+03 5.005820e+04 -5.982786e+03 1.086441e+05 1.918872e+04 -1.167283e+03 -1.784747e+03 -5.011536e+04 1.106228e+04 6.989702e+03 -1.914105e+04 -1.108813e+03 -4.075463e+03 -8.362875e+04 -2.194938e+03 -5.704446e+04 1.261057e+04 9.034620e+03 2.180930e+04 1.429894e+03 4.604179e+03 9.532419e+04 1.262395e+04 -7.941222e+03 1.489954e+03 -4.397781e+04 -5.290205e+03 9.531432e+04 1.684135e+04 -8.962281e+02
2.727273e-03 -1.473380e+04 9.963645e+03 -1.932592e+03 4.629483e+04 -5.869986e+03 1.114570e+05 1.703509e+04 -1.237295e+03 -1.877292e+03 -4.635461e+04 1.132642e+04 6.783611e+03 -1.698419e+04 -1.177343e+03 -3.999842e+03 -8.579507e+04 -2.307745e+03 -5.275492e+04 1.291109e+04 8.769400e+03 1.935068e+04 1.515641e+03 4.515253e+03 9.779285e+04 1.292477e+04 -7.704348e+03 1.566681e+03 -4.067837e+04 -5.193980e+03 9.778276e+04 1.495202e+04 -9.517697e+02
2.929293e-03 -1.496362e+04 9.656523e+03 -2.017771e+03 4.259290e+04 -5.753300e+03 1.134467e+05 1.492531e+04 -1.302982e+03 -1.961572e+03 -4.265516e+04 1.150419e+04 6.575745e+03 -1.487135e+04 -1.241988e+03 -3.921548e+03 -8.732775e+04 -2.410277e+03 -4.853543e+04 1.311310e+04 8.501993e+03 1.694227e+04 1.596089e+03 4.423257e+03 9.953920e+04 1.312698e+04 -7.465381e+03 1.636450e+03 -3.743268e+04 -5.094369e+03 9.952895e+04 1.310117e+04 -1.004187e+03
3.131313e-03 -1.509016e+04 9.349086e+03 -2.094551e+03 3.898474e+04 -5.633459e+03 1.146784e+05 1.287867e+04 -1.364333e+03 -2.037830e+03 -3.904928e+04 1.160267e+04 6.367623e+03 -1.282183e+04 -1.302698e+03 -3.841067e+03 -8.827713e+04 -2.502853e+03 -4.442284e+04 1.322466e+04 8.234364e+03 1.460605e+04 1.671224e+03 4.328768e+03 1.006206e+05 1.323864e+04 -7.226069e+03 1.699473e+03 -3.426907e+04 -4.991992e+03 1.006103e+05 1.130567e+04 -1.053437e+03
3.333333e-03 -1.512322e+04 9.043289e+03 -2.163271e+03 3.549663e+04 -5.511159e+03 1.152221e+05 1.091074e+04 -1.421372e+03 -2.106367e+03 -3.556326e+04 1.162938e+04 6.160573e+03 -1.085125e+04 -1.359458e+03 -3.758867e+03 -8.869698e+04 -2.585862e+03 -4.044711e+04 1.325435e+04 7.968217e+03 1.235984e+04 1.741076e+03 4.232333e+03 1.010984e+05 1.326835e+04 -6.987935e+03 1.756014e+03 -3.121060e+04 -4.887442e+03 1.010881e+05 9.579220e+03 -1.099505e+03
3.535354e-03 -1.507288e+04 8.740807e+03 -2.224313e+03 3.214916e+04 -5.387058e+03 1.151495e+05 9.033654e+03 -1.474153e+03 -2.167528e+03 -3.221767e+04 1.159203e+04 5.955723e+03 -8.971742e+03 -1.412283e+03 -3.675387e+03 -8.864254e+04 -2.659746e+03 -3.663171e+04 1.321099e+04 7.705009e+03 1.021747e+04 1.805714e+03 4.134471e+03 1.010355e+05 1.322492e+04 -6.752278e+03 1.806368e+03 -2.827531e+04 -4.781281e+03 1.010252e+05 7.932440e+03 -1.142399e+03
3.737374e-03 -1.494914e+04 8.443040e+03 -2.278090e+03 2.895770e+04 -5.261768e+03 1.145324e+05 7.256314e+03 -1.522757e+03 -2.221688e+03 -2.902786e+04 1.149830e+04 5.754025e+03 -7.192233e+03 -1.461216e+03 -3.591041e+03 -8.816894e+04 -2.724986e+03 -3.299415e+04 1.310333e+04 7.445959e+03 8.189100e+03 1.865236e+03 4.035664e+03 1.004949e+05 1.311714e+04 -6.520192e+03 1.850859e+03 -2.547667e+04 -4.674033e+03 1.004846e+05 6.373152e+03 -1.182150e+03
3.939394e-03 -1.476174e+04 8.151140e+03 -2.325033e+03 2.593290e+04 -5.135857e+03 1.134405e+05 5.584763e+03 -1.567288e+03 -2.269244e+03 -2.600449e+04 1.135566e+04 5.556258e+03 -5.518766e+03 -1.506323e+03 -3.506212e+03 -8.732992e+04 -2.782083e+03 -2.954659e+04 1.293990e+04 7.192066e+03 6.281627e+03 1.919774e+03 3.936361e+03 9.953766e+04 1.295353e+04 -6.292576e+03 1.889825e+03 -2.282404e+04 -4.566187e+03 9.952755e+04 4.906653e+03 -1.218808e+03
4.141414e-03 -1.451998e+04 7.866031e+03 -2.365584e+03 2.308134e+04 -5.009844e+03 1.119406e+05 4.022522e+03 -1.607870e+03 -2.310602e+03 -2.315413e+04 1.117125e+04 5.363050e+03 -3.954862e+03 -1.547691e+03 -3.421251e+03 -8.617679e+04 -2.831554e+03 -2.629650e+04 1.272884e+04 6.944133e+03 4.499064e+03 1.969479e+03 3.836969e+03 9.822242e+04 1.274224e+04 -6.070155e+03 1.923614e+03 -2.032319e+04 -4.458188e+03 9.821247e+04 3.536035e+03 -1.252441e+03
4.343434e-03 -1.423256e+04 7.588436e+03 -2.400182e+03 2.040608e+04 -4.884198e+03 1.100952e+05 2.570959e+03 -1.644643e+03 -2.346171e+03 -2.047985e+04 1.095173e+04 5.174891e+03 -2.501885e+03 -1.585427e+03 -3.336476e+03 -8.475779e+04 -2.873914e+03 -2.324738e+04 1.247777e+04 6.702785e+03 2.842962e+03 2.014524e+03 3.737859e+03 9.660412e+04 1.249090e+04 -5.853496e+03 1.952574e+03 -1.797679e+04 -4.350442e+03 9.659436e+04 2.262498e+03 -1.283133e+03
4.545455e-03 -1.390754e+04 7.318897e+03 -2.429262e+03 1.790724e+04 -4.759339e+03 1.079625e+05 1.229638e+03 -1.677759e+03 -2.376357e+03 -1.798177e+04 1.070330e+04 4.992153e+03 -1.159393e+03 -1.619653e+03 -3.252176e+03 -8.311758e+04 -2.909673e+03 -2.039936e+04 1.219374e+04 6.468491e+03 1.312817e+03 2.055095e+03 3.639362e+03 9.473369e+04 1.220655e+04 -5.643028e+03 1.977049e+03 -1.578497e+04 -4.243312e+03 9.472414e+04 1.085661e+03 -1.310980e+03
4.747475e-03 -1.355225e+04 7.057802e+03 -2.453247e+03 1.558253e+04 -4.635640e+03 1.055955e+05 -3.343514e+00 -1.707378e+03 -2.401556e+03 -1.565762e+04 1.043156e+04 4.815100e+03 7.453055e+01 -1.650502e+03 -3.168605e+03 -8.129699e+04 -2.939329e+03 -1.774984e+04 1.188316e+04 6.241586e+03 -9.355650e+01 2.091393e+03 3.541774e+03 9.265768e+04 1.189565e+04 -5.439061e+03 1.997377e+03 -1.374574e+04 -4.137123e+03 9.264836e+04 3.854919e+00 -1.336087e+03
4.949495e-03 -1.317330e+04 6.805407e+03 -2.472547e+03 1.342778e+04 -4.513429e+03 1.030421e+05 -1.131057e+03 -1.733671e+03 -2.422155e+03 -1.350324e+04 1.014161e+04 4.643909e+03 1.202966e+03 -1.678118e+03 -3.085987e+03 -7.933291e+04 -2.963365e+03 -1.529405e+04 1.155183e+04 6.022287e+03 -1.379673e+03 2.123624e+03 3.445353e+03 9.041812e+04 1.156397e+04 -5.241800e+03 2.013882e+03 -1.185543e+04 -4.032159e+03 9.040905e+04 -9.856121e+02 -1.358568e+03
5.151515e-03 -1.277660e+04 6.561854e+03 -2.487552e+03 1.143732e+04 -4.392989e+03 1.003452e+05 -2.157468e+03 -1.756808e+03 -2.438523e+03 -1.151296e+04 9.837964e+03 4.478678e+03 2.229893e+03 -1.702650e+03 -3.004519e+03 -7.725832e+04 -2.982241e+03 -1.302553e+04 1.120492e+04 5.810715e+03 -2.550069e+03 2.152000e+03 3.350322e+03 8.805263e+04 1.121669e+04 -5.051364e+03 2.026876e+03 -1.010909e+04 -3.928668e+03 8.804382e+04 -1.886217e+03 -1.378543e+03
5.353535e-03 -1.236734e+04 6.327191e+03 -2.498631e+03 9.604382e+03 -4.274563e+03 9.754273e+04 -3.087196e+03 -1.776964e+03 -2.451011e+03 -9.680043e+03 9.524615e+03 4.319444e+03 3.159946e+03 -1.724254e+03 -2.924369e+03 -7.510239e+04 -2.996397e+03 -1.093657e+04 1.084697e+04 5.606907e+03 -3.610030e+03 2.176735e+03 3.256874e+03 8.559445e+04 1.085837e+04 -4.867797e+03 2.036657e+03 -8.500803e+03 -3.826863e+03 8.558591e+04 -2.702013e+03 -1.396136e+03
5.555556e-03 -1.195006e+04 6.101388e+03 -2.506137e+03 7.921437e+03 -4.158355e+03 9.466787e+04 -3.925318e+03 -1.794314e+03 -2.459955e+03 -7.996963e+03 9.205047e+03 4.166188e+03 3.998216e+03 -1.743087e+03 -2.845678e+03 -7.289070e+04 -3.006246e+03 -9.018585e+03 1.048197e+04 5.410833e+03 -4.565361e+03 2.198043e+03 3.165170e+03 8.307275e+04 1.049299e+04 -4.691083e+03 2.043506e+03 -7.023963e+03 -3.726922e+03 8.306447e+04 -3.437451e+03 -1.411473e+03
5.757576e-03 -1.152868e+04 5.884350e+03 -2.510396e+03 6.380448e+03 -4.044534e+03 9.174948e+04 -4.677191e+03 -1.809030e+03 -2.465668e+03 -6.455701e+03 8.882275e+03 4.018849e+03 4.750076e+03 -1.759307e+03 -2.768564e+03 -7.064543e+04 -3.012180e+03 -7.262410e+03 1.011334e+04 5.222408e+03 -5.422187e+03 2.216136e+03 3.075343e+03 8.051281e+04 1.012397e+04 -4.521155e+03 2.047686e+03 -5.671538e+03 -3.628996e+03 8.050481e+04 -4.097231e+03 -1.424682e+03
5.959596e-03 -1.110657e+04 5.675932e+03 -2.511716e+03 4.973108e+03 -3.933238e+03 8.881234e+04 -5.348314e+03 -1.821282e+03 -2.468447e+03 -5.047961e+03 8.558875e+03 3.877333e+03 5.421040e+03 -1.773070e+03 -2.693125e+03 -6.838568e+04 -3.014562e+03 -5.658573e+03 9.744034e+03 5.041502e+03 -6.186795e+03 2.231223e+03 2.987503e+03 7.793639e+04 9.754283e+03 -4.357906e+03 2.049446e+03 -4.436253e+03 -3.533206e+03 7.792867e+04 -4.686176e+03 -1.435888e+03
6.161616e-03 -1.068656e+04 5.475948e+03 -2.510383e+03 3.691016e+03 -3.824573e+03 8.587757e+04 -5.944213e+03 -1.831235e+03 -2.468567e+03 -3.765356e+03 8.237032e+03 3.741515e+03 6.016646e+03 -1.784532e+03 -2.619436e+03 -6.612768e+04 -3.013734e+03 -4.197500e+03 9.376534e+03 4.867949e+03 -6.865500e+03 2.243505e+03 2.901735e+03 7.536202e+04 9.386403e+03 -4.201198e+03 2.049015e+03 -3.310750e+03 -3.439647e+03 7.535456e+04 -5.209131e+03 -1.445217e+03
6.363636e-03 -1.027103e+04 5.284181e+03 -2.506661e+03 2.525825e+03 -3.718622e+03 8.296293e+04 -6.470347e+03 -1.839049e+03 -2.466284e+03 -2.599553e+03 7.918570e+03 3.611252e+03 6.542369e+03 -1.793844e+03 -2.547557e+03 -6.388512e+04 -3.010011e+03 -2.869676e+03 9.012924e+03 4.701559e+03 -7.464545e+03 2.253180e+03 2.818103e+03 7.280527e+04 9.022418e+03 -4.050867e+03 2.046609e+03 -2.287719e+03 -3.348395e+03 7.279808e+04 -5.670885e+03 -1.452791e+03
6.565657e-03 -9.861950e+03 5.100390e+03 -2.500796e+03 1.469357e+03 -3.615441e+03 8.008323e+04 -6.932044e+03 -1.844879e+03 -2.461838e+03 -1.542383e+03 7.605000e+03 3.486381e+03 7.003548e+03 -1.801154e+03 -2.477530e+03 -6.166938e+04 -3.003686e+03 -1.665775e+03 8.654925e+03 4.542118e+03 -7.990015e+03 2.260436e+03 2.736654e+03 7.027914e+04 8.664050e+03 -3.906731e+03 2.042427e+03 -1.359994e+03 -3.259502e+03 7.027221e+04 -6.076112e+03 -1.458728e+03
6.767677e-03 -9.460907e+03 4.924318e+03 -2.493013e+03 5.136852e+02 -3.515070e+03 7.725062e+04 -7.334440e+03 -1.848874e+03 -2.455447e+03 -5.859311e+02 7.297548e+03 3.366732e+03 7.405335e+03 -1.806602e+03 -2.409383e+03 -5.948983e+04 -2.995029e+03 -5.767631e+02 8.303937e+03 4.389400e+03 -8.447783e+03 2.265454e+03 2.657418e+03 6.779429e+04 8.312701e+03 -3.768595e+03 2.036651e+03 -5.206332e+02 -3.173002e+03 6.778762e+04 -6.429316e+03 -1.463145e+03
6.969697e-03 -9.069179e+03 4.755695e+03 -2.483520e+03 -3.488023e+02 -3.417526e+03 7.447494e+04 -7.682449e+03 -1.851173e+03 -2.447315e+03 2.774029e+02 6.997196e+03 3.252124e+03 7.752652e+03 -1.810326e+03 -2.343132e+03 -5.735404e+04 -2.984288e+03 4.060371e+02 7.961076e+03 4.243169e+03 -8.843464e+03 2.268408e+03 2.580409e+03 6.535936e+04 7.969489e+03 -3.636253e+03 2.029450e+03 2.370322e+02 -3.088917e+03 6.535294e+04 -6.734808e+03 -1.466151e+03
7.171717e-03 -8.687761e+03 4.594247e+03 -2.472507e+03 -1.125358e+03 -3.322812e+03 7.176400e+04 -7.980733e+03 -1.851912e+03 -2.437630e+03 1.054863e+03 6.704710e+03 3.142372e+03 8.050173e+03 -1.812456e+03 -2.278782e+03 -5.526802e+04 -2.971693e+03 1.290893e+03 7.627215e+03 4.103183e+03 -9.182383e+03 2.269462e+03 2.505631e+03 6.298119e+04 7.635287e+03 -3.509494e+03 2.020981e+03 9.193559e+02 -3.007249e+03 6.297502e+04 -6.996676e+03 -1.467852e+03
7.373737e-03 -8.317406e+03 4.439694e+03 -2.460149e+03 -1.822849e+03 -3.230918e+03 6.912384e+04 -8.233685e+03 -1.851218e+03 -2.426563e+03 1.753306e+03 6.420671e+03 3.037289e+03 8.302301e+03 -1.813116e+03 -2.216327e+03 -5.323642e+04 -2.957453e+03 2.085633e+03 7.303016e+03 3.969198e+03 -9.469562e+03 2.268772e+03 2.433075e+03 6.066510e+04 7.310756e+03 -3.388106e+03 2.011386e+03 1.532354e+03 -2.927993e+03 6.065916e+04 -7.218774e+03 -1.468349e+03
7.575758e-03 -7.958658e+03 4.291758e+03 -2.446605e+03 -2.447739e+03 -3.141821e+03 6.655900e+04 -8.445424e+03 -1.849211e+03 -2.414271e+03 2.379189e+03 6.145497e+03 2.936687e+03 8.513164e+03 -1.812424e+03 -2.155754e+03 -5.126274e+04 -2.941758e+03 2.797626e+03 6.988956e+03 3.840970e+03 -9.709708e+03 2.266483e+03 2.362723e+03 5.841505e+04 6.996376e+03 -3.271874e+03 2.000794e+03 2.081690e+03 -2.851132e+03 5.840935e+04 -7.404716e+03 -1.467739e+03
7.777778e-03 -7.611885e+03 4.150162e+03 -2.432021e+03 -3.006088e+03 -3.055487e+03 6.407269e+04 -8.619794e+03 -1.846004e+03 -2.400899e+03 2.938564e+03 5.879475e+03 2.840382e+03 8.686615e+03 -1.810493e+03 -2.097045e+03 -4.934946e+04 -2.924785e+03 3.433778e+03 6.685358e+03 3.718257e+03 -9.907211e+03 2.262735e+03 2.294552e+03 5.623388e+04 6.692469e+03 -3.160586e+03 1.989326e+03 2.572673e+03 -2.776638e+03 5.622840e+04 -7.557872e+03 -1.466111e+03
7.979798e-03 -7.277304e+03 4.014636e+03 -2.416529e+03 -3.503549e+03 -2.971877e+03 6.166706e+04 -8.760364e+03 -1.841704e+03 -2.386578e+03 3.437078e+03 5.622773e+03 2.748189e+03 8.826229e+03 -1.807426e+03 -2.040171e+03 -4.749822e+04 -2.906693e+03 4.000535e+03 6.392415e+03 3.600821e+03 -1.006615e+04 2.257657e+03 2.228527e+03 5.412346e+04 6.399228e+03 -3.054032e+03 1.977090e+03 3.010257e+03 -2.704479e+03 5.411820e+04 -7.681373e+03 -1.463552e+03
8.181818e-03 -6.955006e+03 3.884911e+03 -2.400249e+03 -3.945382e+03 -2.890941e+03 5.934328e+04 -8.870438e+03 -1.836408e+03 -2.371428e+03 3.879983e+03 5.375464e+03 2.659929e+03 8.935318e+03 -1.803323e+03 -1.985103e+03 -4.570994e+04 -2.887628e+03 4.503892e+03 6.110207e+03 3.488429e+03 -1.019029e+04 2.251369e+03 2.164611e+03 5.208484e+04 6.116733e+03 -2.952007e+03 1.964185e+03 3.399051e+03 -2.634615e+03 5.207978e+04 -7.778118e+03 -1.460142e+03
8.383838e-03 -6.644977e+03 3.760730e+03 -2.383290e+03 -4.336461e+03 -2.812626e+03 5.710178e+04 -8.953063e+03 -1.830211e+03 -2.355559e+03 4.272150e+03 5.137540e+03 2.575429e+03 9.016935e+03 -1.798276e+03 -1.931804e+03 -4.398495e+04 -2.867721e+03 4.949404e+03 5.838724e+03 3.380856e+03 -1.028313e+04 2.243986e+03 2.102761e+03 5.011838e+04 5.844975e+03 -2.854312e+03 1.950701e+03 3.743325e+03 -2.567000e+03 5.011351e+04 -7.850779e+03 -1.455957e+03
8.585859e-03 -6.347119e+03 3.641841e+03 -2.365753e+03 -4.681295e+03 -2.736873e+03 5.494231e+04 -9.011041e+03 -1.823198e+03 -2.339070e+03 4.618082e+03 4.908926e+03 2.494517e+03 9.073887e+03 -1.792372e+03 -1.880238e+03 -4.232305e+04 -2.847093e+03 5.342213e+03 5.577880e+03 3.277881e+03 -1.034786e+04 2.235613e+03 2.042933e+03 4.822387e+04 5.583867e+03 -2.760752e+03 1.936721e+03 4.047032e+03 -2.501586e+03 4.821919e+04 -7.901815e+03 -1.451066e+03
8.787879e-03 -6.061261e+03 3.528001e+03 -2.347726e+03 -4.984042e+03 -2.663619e+03 5.286412e+04 -9.046943e+03 -1.815450e+03 -2.322051e+03 4.921933e+03 4.689494e+03 2.417032e+03 9.108751e+03 -1.785692e+03 -1.830362e+03 -4.072367e+04 -2.825852e+03 5.687056e+03 5.327527e+03 3.179293e+03 -1.038741e+04 2.226347e+03 1.985076e+03 4.640064e+04 5.333262e+03 -2.671139e+03 1.922318e+03 4.313815e+03 -2.438319e+03 4.639615e+04 -7.933481e+03 -1.445537e+03
8.989899e-03 -5.787177e+03 3.418977e+03 -2.329290e+03 -5.248532e+03 -2.592799e+03 5.086599e+04 -9.063123e+03 -1.807041e+03 -2.304584e+03 5.187528e+03 4.479073e+03 2.342814e+03 9.123883e+03 -1.778310e+03 -1.782134e+03 -3.918589e+04 -2.804097e+03 5.988300e+03 5.087469e+03 3.084887e+03 -1.040448e+04 2.216279e+03 1.929139e+03 4.464764e+04 5.092961e+03 -2.585293e+03 1.907560e+03 4.547030e+03 -2.377146e+03 4.464332e+04 -7.947840e+03 -1.439430e+03
9.191919e-03 -5.524595e+03 3.314543e+03 -2.310520e+03 -5.478281e+03 -2.524347e+03 4.894638e+04 -9.061727e+03 -1.798041e+03 -2.286743e+03 5.418381e+03 4.277456e+03 2.271713e+03 9.121437e+03 -1.770298e+03 -1.735510e+03 -3.770850e+04 -2.781917e+03 6.249954e+03 4.857468e+03 2.994469e+03 -1.040151e+04 2.205495e+03 1.875070e+03 4.296351e+04 4.862729e+03 -2.503039e+03 1.892507e+03 4.749761e+03 -2.318009e+03 4.295936e+04 -7.946777e+03 -1.432803e+03
9.393939e-03 -5.273209e+03 3.214485e+03 -2.291481e+03 -5.676518e+03 -2.458194e+03 4.710347e+04 -9.044715e+03 -1.788514e+03 -2.268596e+03 5.617718e+03 4.084410e+03 2.203581e+03 9.103372e+03 -1.761720e+03 -1.690443e+03 -3.629011e+04 -2.759393e+03 6.475697e+03 4.637259e+03 2.907849e+03 -1.038075e+04 2.194072e+03 1.822816e+03 4.134666e+04 4.642298e+03 -2.424210e+03 1.877215e+03 4.924836e+03 -2.260850e+03 4.134266e+04 -7.932010e+03 -1.425709e+03
9.595960e-03 -5.032689e+03 3.118595e+03 -2.272232e+03 -5.846201e+03 -2.394270e+03 4.533522e+04 -9.013867e+03 -1.778519e+03 -2.250204e+03 5.788494e+03 3.899683e+03 2.138281e+03 9.071474e+03 -1.752636e+03 -1.646888e+03 -3.492917e+04 -2.736596e+03 6.668900e+03 4.426552e+03 2.824847e+03 -1.034423e+04 2.182082e+03 1.772320e+03 3.979529e+04 4.431380e+03 -2.348645e+03 1.861733e+03 5.074848e+03 -2.205610e+03 3.979145e+04 -7.905102e+03 -1.418196e+03
9.797980e-03 -4.802684e+03 3.026676e+03 -2.252828e+03 -5.990035e+03 -2.332508e+03 4.363945e+04 -8.970802e+03 -1.768111e+03 -2.231619e+03 5.933412e+03 3.723007e+03 2.075677e+03 9.027364e+03 -1.743101e+03 -1.604798e+03 -3.362397e+04 -2.713593e+03 6.832648e+03 4.225041e+03 2.745293e+03 -1.029379e+04 2.169592e+03 1.723529e+03 3.830750e+04 4.229667e+03 -2.276192e+03 1.846106e+03 5.202170e+03 -2.152231e+03 3.830380e+04 -7.867471e+03 -1.410312e+03
1.000000e-02 -4.582831e+03 2.938541e+03 -2.233316e+03 -6.110494e+03 -2.272836e+03 4.201384e+04 -8.916987e+03 -1.757339e+03 -2.212893e+03 6.054944e+03 3.554106e+03 2.015644e+03 8.972511e+03 -1.733168e+03 -1.564127e+03 -3.237277e+04 -2.690442e+03 6.969759e+03 4.032410e+03 2.669022e+03 -1.023112e+04 2.156662e+03 1.676389e+03 3.688125e+04 4.036842e+03 -2.206705e+03 1.830373e+03 5.308968e+03 -2.100654e+03 3.687770e+04 -7.820405e+03 -1.402098e+03
