-1.000000e-02 -3.387781e+03 3.453312e+03 3.262012e+03 -2.290341e+04 -2.271766e+03 -7.608096e+04 -2.730690e+04 2.671145e+03 3.217697e+03 2.281924e+04 2.552588e+03 2.372853e+03 2.739123e+04 2.622441e+03 -1.571635e+03 5.863149e+04 3.919037e+03 2.609665e+04 2.944442e+03 3.150706e+03 -3.121061e+04 -3.250982e+03 1.639402e+03 -6.679074e+04 2.939315e+03 -2.583887e+03 -2.668797e+03 2.002780e+04 -2.145323e+03 -6.678693e+04 -2.396588e+04 2.141705e+03
-9.797980e-03 -3.538034e+03 3.620284e+03 3.340353e+03 -2.391772e+04 -2.357131e+03 -8.124525e+04 -2.872931e+04 2.724536e+03 3.293036e+03 2.382964e+04 2.666672e+03 2.487231e+03 2.881751e+04 2.672675e+03 -1.630566e+03 6.260915e+04 4.011841e+03 2.725249e+04 3.075541e+03 3.296942e+03 -3.283592e+04 -3.315096e+03 1.705422e+03 -7.132317e+04 3.070023e+03 -2.714521e+03 -2.732202e+03 2.091445e+04 -2.221378e+03 -7.131910e+04 -2.521407e+04 2.183266e+03
-9.595960e-03 -3.701090e+03 3.800922e+03 3.423243e+03 -2.500469e+04 -2.447480e+03 -8.691229e+04 -3.027389e+04 2.780347e+03 3.372627e+03 2.491238e+04 2.790514e+03 2.610969e+03 3.036627e+04 2.725020e+03 -1.692956e+03 6.697398e+04 4.109963e+03 2.849112e+04 3.217840e+03 3.455158e+03 -3.460081e+04 -3.382097e+03 1.775285e+03 -7.629681e+04 3.211888e+03 -2.855837e+03 -2.799238e+03 2.186458e+04 -2.301907e+03 -7.629244e+04 -2.656948e+04 2.226581e+03
-9.393939e-03 -3.878541e+03 3.996863e+03 3.511139e+03 -2.617185e+04 -2.543197e+03 -9.314768e+04 -3.195585e+04 2.838772e+03 3.456888e+03 2.607498e+04 2.925331e+03 2.745187e+03 3.205274e+04 2.779628e+03 -1.759074e+03 7.177650e+04 4.213930e+03 2.982116e+04 3.372730e+03 3.626786e+03 -3.652263e+04 -3.452210e+03 1.849284e+03 -8.176923e+04 3.366299e+03 -3.009110e+03 -2.870264e+03 2.288479e+04 -2.387257e+03 -8.176453e+04 -2.804544e+04 2.271780e+03
-9.191919e-03 -4.072243e+03 4.210009e+03 3.604567e+03 -2.742786e+04 -2.644696e+03 -1.000281e+05 -3.379293e+04 2.900029e+03 3.546297e+03 2.732604e+04 3.072539e+03 2.891188e+03 3.389469e+04 2.836669e+03 -1.829212e+03 7.707577e+04 4.324349e+03 3.125243e+04 3.541838e+03 3.813496e+03 -3.862164e+04 -3.525690e+03 1.927738e+03 -8.780773e+04 3.534875e+03 -3.175827e+03 -2.945693e+03 2.398262e+04 -2.477808e+03 -8.780267e+04 -2.965751e+04 2.319005e+03
-8.989899e-03 -4.284374e+03 4.442592e+03 3.704135e+03 -2.878263e+04 -2.752435e+03 -1.076437e+05 -3.580596e+04 2.964367e+03 3.641408e+03 2.867544e+04 3.233801e+03 3.050499e+03 3.591301e+04 2.896333e+03 -1.903691e+03 8.294120e+04 4.441923e+03 3.279626e+04 3.727069e+03 4.017245e+03 -4.092164e+04 -3.602830e+03 2.010996e+03 -9.449140e+04 3.719514e+03 -3.357730e+03 -3.026007e+03 2.516674e+04 -2.573976e+03 -9.448593e+04 -3.142398e+04 2.368420e+03
-8.787879e-03 -4.517503e+03 4.697239e+03 3.810557e+03 -3.024764e+04 -2.866909e+03 -1.161011e+05 -3.801961e+04 3.032074e+03 3.742867e+03 3.013460e+04 3.411078e+03 3.224919e+03 3.813241e+04 2.958841e+03 -1.982861e+03 8.945486e+04 4.567472e+03 3.446572e+04 3.930673e+03 4.240336e+03 -4.345079e+04 -3.683963e+03 2.099436e+03 -1.019138e+05 3.922457e+03 -3.556868e+03 -3.111765e+03 2.644719e+04 -2.676220e+03 -1.019079e+05 -3.336649e+04 2.420209e+03
-8.585859e-03 -4.774685e+03 4.977072e+03 3.924670e+03 -3.183626e+04 -2.988665e+03 -1.255271e+05 -4.046324e+04 3.103481e+03 3.851435e+03 3.171681e+04 3.606703e+03 3.416585e+03 4.058231e+04 3.024443e+03 -2.067108e+03 9.671449e+04 4.701964e+03 3.627603e+04 4.155325e+03 4.485509e+03 -4.624262e+04 -3.769478e+03 2.193475e+03 -1.101863e+05 4.146367e+03 -3.775681e+03 -3.203628e+03 2.783561e+04 -2.785041e+03 -1.101798e+05 -3.551081e+04 2.474588e+03
-8.383838e-03 -5.059576e+03 5.285830e+03 4.047471e+03 -3.356412e+04 -3.118295e+03 -1.360740e+05 -4.317211e+04 3.178981e+03 3.968012e+03 3.343764e+04 3.823468e+03 3.628057e+03 4.329806e+04 3.093432e+03 -2.156854e+03 1.048373e+05 4.846542e+03 3.824502e+04 4.404227e+03 4.756042e+03 -4.933741e+04 -3.859830e+03 2.293562e+03 -1.194424e+05 4.394433e+03 -4.017084e+03 -3.302376e+03 2.934568e+04 -2.900988e+03 -1.194353e+05 -3.788789e+04 2.531806e+03
-8.181818e-03 -5.376593e+03 5.628029e+03 4.180156e+03 -3.544971e+04 -3.256448e+03 -1.479257e+05 -4.618895e+04 3.259039e+03 4.093677e+03 3.531548e+04 4.064745e+03 3.862425e+03 4.632247e+04 3.166152e+03 -2.252561e+03 1.139649e+05 5.002582e+03 4.039375e+04 4.681246e+03 5.055897e+03 -5.278394e+04 -3.955557e+03 2.400191e+03 -1.298435e+05 4.670506e+03 -4.284603e+03 -3.408949e+03 3.099352e+04 -3.024667e+03 -1.298359e+05 -4.053520e+04 2.592158e+03
-7.979798e-03 -5.731119e+03 6.009182e+03 4.324174e+03 -3.751505e+04 -3.403830e+03 -1.613067e+05 -4.956600e+04 3.344214e+03 4.229737e+03 3.737223e+04 4.334645e+03 4.123464e+03 4.970788e+04 3.243013e+03 -2.354734e+03 1.242702e+05 5.171747e+03 4.274733e+04 4.991097e+03 5.389911e+03 -5.664188e+04 -4.057308e+03 2.513892e+03 -1.415868e+05 4.979281e+03 -4.582540e+03 -3.524483e+03 3.279837e+04 -3.156740e+03 -1.415784e+05 -4.349860e+04 2.655996e+03
-7.777778e-03 -6.129784e+03 6.436093e+03 4.481303e+03 -3.978664e+04 -3.561204e+03 -1.764937e+05 -5.336788e+04 3.435189e+03 4.377793e+03 3.963427e+04 4.638231e+03 4.415829e+03 5.351905e+04 3.324513e+03 -2.463926e+03 1.359661e+05 5.356080e+03 4.533594e+04 5.339584e+03 5.764051e+03 -6.098501e+04 -4.165872e+03 2.635242e+03 -1.549148e+05 5.326538e+03 -4.916202e+03 -3.650372e+03 3.478336e+04 -3.297932e+03 -1.549056e+05 -4.683480e+04 2.723749e+03
-7.575758e-03 -6.580851e+03 6.917268e+03 4.653759e+03 -4.229675e+04 -3.729397e+03 -1.938314e+05 -5.767549e+04 3.532811e+03 4.539834e+03 4.213368e+04 4.981813e+03 4.745343e+03 5.783703e+04 3.411268e+03 -2.580736e+03 1.493184e+05 5.558120e+03 4.819635e+04 5.733945e+03 6.185780e+03 -6.590570e+04 -4.282226e+03 2.764855e+03 -1.701304e+05 5.719484e+03 -5.292227e+03 -3.788350e+03 3.697665e+04 -3.449036e+03 -1.701202e+05 -5.061477e+04 2.795947e+03
-7.373737e-03 -7.094762e+03 7.463498e+03 4.844339e+03 -4.508515e+04 -3.909287e+03 -2.137556e+05 -6.259156e+04 3.638154e+03 4.718371e+03 4.491004e+04 5.373364e+03 5.119389e+03 6.276475e+04 3.504051e+03 -2.705814e+03 1.646625e+05 5.781074e+03 5.137391e+04 6.183325e+03 6.664565e+03 -7.152124e+04 -4.407606e+03 2.903383e+03 -1.876158e+05 6.167222e+03 -5.719031e+03 -3.940607e+03 3.941297e+04 -3.610912e+03 -1.876044e+05 -5.492867e+04 2.873260e+03
-7.171717e-03 -7.684915e+03 8.088701e+03 5.056644e+03 -4.820169e+04 -4.101800e+03 -2.368253e+05 -6.824862e+04 3.752604e+03 4.916629e+03 4.801290e+04 5.823117e+03 5.547493e+03 6.843501e+04 3.603859e+03 -2.839851e+03 1.824288e+05 6.029066e+03 5.492540e+04 6.699458e+03 7.212618e+03 -7.798299e+04 -4.543604e+03 3.051502e+03 -2.078615e+05 6.681436e+03 -6.207471e+03 -4.109958e+03 4.213581e+04 -3.784485e+03 -2.078488e+05 -5.989279e+04 2.956553e+03
-6.969697e-03 -8.368824e+03 8.811185e+03 5.295404e+03 -5.170990e+04 -4.307882e+03 -2.637702e+05 -7.482101e+04 3.877996e+03 5.138840e+03 5.150543e+04 6.344446e+03 6.042183e+03 7.502247e+04 3.712011e+03 -2.983574e+03 2.031793e+05 6.307508e+03 5.892321e+04 7.297683e+03 7.846003e+03 -8.548996e+04 -4.692326e+03 3.209888e+03 -2.315080e+05 7.277395e+03 -6.771825e+03 -4.300100e+03 4.520060e+04 -3.970737e+03 -2.314938e+05 -6.566011e+04 3.046972e+03
-6.767677e-03 -9.169882e+03 9.655595e+03 5.566982e+03 -5.569251e+04 -4.528451e+03 -2.955638e+05 -8.254308e+04 4.016828e+03 5.390694e+03 5.546989e+04 6.955213e+03 6.620322e+03 8.276193e+04 3.830304e+03 -3.137721e+03 2.276636e+05 6.623682e+03 6.346162e+04 7.998490e+03 8.586343e+03 -9.430976e+04 -4.856635e+03 3.379173e+03 -2.594095e+05 7.975494e+03 -7.431312e+03 -4.516004e+03 4.867952e+04 -4.170682e+03 -2.593934e+05 -7.243629e+04 3.146082e+03
-6.565657e-03 -1.012016e+04 1.065603e+04 5.880193e+03 -6.026010e+04 -4.764312e+03 -3.335380e+05 -9.173851e+04 4.172617e+03 5.680061e+03 6.001620e+04 7.679909e+03 7.305241e+03 9.197768e+04 3.961276e+03 -3.302989e+03 2.569075e+05 6.987666e+03 6.866665e+04 8.829969e+03 9.463560e+03 -1.048119e+05 -5.040554e+03 3.559865e+03 -2.927350e+05 8.803694e+03 -8.212524e+03 -4.764550e+03 5.266904e+04 -4.385315e+03 -2.927167e+05 -8.050534e+04 3.256096e+03
-6.363636e-03 -1.126507e+04 1.186130e+04 6.247676e+03 -6.556523e+04 -5.015980e+03 -3.795741e+05 -1.028691e+05 4.350503e+03 6.018219e+03 6.529599e+04 8.553201e+03 8.130330e+03 1.031324e+05 4.108650e+03 -3.479948e+03 2.923595e+05 7.413909e+03 7.471214e+04 9.831891e+03 1.052048e+04 -1.175238e+05 -5.249959e+03 3.752193e+03 -3.331353e+05 9.801575e+03 -9.153510e+03 -5.055605e+03 5.730223e+04 -4.615507e+03 -3.331142e+05 -9.027254e+04 3.380269e+03
-6.161616e-03 -1.267153e+04 1.334423e+04 6.688367e+03 -7.182702e+04 -5.283339e+03 -4.364360e+05 -1.166215e+05 4.558364e+03 6.422048e+03 7.152700e+04 9.626190e+03 9.145425e+03 1.169140e+05 4.278174e+03 -3.668839e+03 3.361482e+05 7.924046e+03 8.184778e+04 1.106288e+04 1.182102e+04 -1.332292e+05 -5.493846e+03 3.955799e+03 -3.830360e+05 1.102748e+04 -1.031106e+04 -5.403940e+03 6.277015e+04 -4.861793e+03 -3.830115e+05 -1.023403e+05 3.523630e+03
-5.959596e-03 -1.444351e+04 1.521962e+04 7.232237e+03 -7.937709e+04 -5.564938e+03 -5.084007e+05 -1.340718e+05 4.809006e+03 6.918256e+03 7.903869e+04 1.097824e+04 1.042904e+04 1.344004e+05 4.479257e+03 -3.869179e+03 3.915672e+05 8.552318e+03 9.045144e+04 1.261400e+04 1.346591e+04 -1.531566e+05 -5.786830e+03 4.169116e+03 -4.461906e+05 1.257201e+04 -1.177465e+04 -5.832931e+03 6.936195e+04 -5.123915e+03 -4.461615e+05 -1.176530e+05 3.694419e+03
-5.757576e-03 -1.675428e+04 1.768184e+04 7.930361e+03 -8.875401e+04 -5.856397e+03 -6.025642e+05 -1.570303e+05 5.124887e+03 7.552326e+03 8.836603e+04 1.274160e+04 1.211415e+04 1.574055e+05 4.728555e+03 -4.078834e+03 4.640809e+05 9.357056e+03 1.011369e+05 1.463701e+04 1.562573e+04 -1.793730e+05 -6.154526e+03 4.387967e+03 -5.288262e+05 1.458616e+04 -1.369581e+04 -6.382402e+03 7.754709e+04 -5.399780e+03 -5.287911e+05 -1.377992e+05 3.907233e+03
-5.555556e-03 -1.992305e+04 2.109539e+04 8.879215e+03 -1.009251e+05 -6.146394e+03 -7.319295e+05 -1.888656e+05 5.549781e+03 8.410146e+03 1.004697e+05 1.515991e+04 1.445007e+04 1.893038e+05 5.058832e+03 -4.291677e+03 5.637025e+05 1.044843e+04 1.150063e+05 1.741151e+04 1.862034e+04 -2.157242e+05 -6.646840e+03 4.602036e+03 -6.423540e+05 1.734807e+04 -1.635863e+04 -7.127562e+03 8.816860e+04 -5.682791e+03 -6.423102e+05 -1.657348e+05 4.190807e+03
-5.353535e-03 -2.463577e+04 2.625859e+04 1.029196e+04 -1.179185e+05 -6.404458e+03 -9.242688e+05 -2.368884e+05 6.183605e+03 9.681427e+03 1.173632e+05 1.875659e+04 1.798283e+04 2.374194e+05 5.545629e+03 -4.490408e+03 7.118193e+05 1.206983e+04 1.343707e+05 2.153836e+04 2.315035e+04 -2.705565e+05 -7.377655e+03 4.784171e+03 -8.111466e+05 2.145532e+04 -2.038532e+04 -8.234561e+03 1.029936e+05 -5.953663e+03 -8.110894e+05 -2.078751e+05 4.611411e+03
-5.151515e-03 -3.282740e+04 3.546898e+04 1.278838e+04 -1.453236e+05 -6.529866e+03 -1.257381e+06 -3.219249e+05 7.326744e+03 1.191765e+04 1.445948e+05 2.500796e+04 2.428380e+04 3.226163e+05 6.418319e+03 -4.616315e+03 9.683431e+05 1.492886e+04 1.655992e+05 2.871242e+04 3.123204e+04 -3.676463e+05 -8.689290e+03 4.845595e+03 -1.103479e+06 2.859336e+04 -2.756643e+04 -1.018643e+04 1.268911e+05 -6.145915e+03 -1.103397e+06 -2.824951e+05 5.370314e+03
-4.949495e-03 -5.531253e+04 6.184674e+04 1.995324e+04 -2.136890e+05 -5.887532e+03 -2.162515e+06 -5.615135e+05 1.077924e+04 1.830818e+04 2.124795e+05 4.216340e+04 4.232589e+04 5.626466e+05 9.065665e+03 -4.293100e+03 1.665378e+06 2.311815e+04 2.435014e+05 4.840632e+04 5.437962e+04 -6.411831e+05 -1.263290e+04 4.229378e+03 -1.897814e+06 4.818021e+04 -4.812639e+04 -1.577674e+04 1.864654e+05 -5.830594e+03 -1.897659e+06 -4.927356e+05 7.686259e+03
-4.747475e-03 9.782693e+04 -1.272390e+05 -3.211111e+04 2.082786e+05 -1.611830e+04 3.906075e+06 1.117490e+06 -1.602515e+04 -2.799439e+04 -2.061549e+05 -7.463466e+04 -8.698334e+04 -1.119407e+06 -1.174427e+04 -1.045401e+04 -3.008034e+06 -3.631187e+04 -2.373198e+05 -8.573191e+04 -1.115626e+05 1.275668e+06 1.790002e+04 1.313112e+04 3.427958e+06 -8.516282e+04 9.921710e+04 2.478801e+04 -1.809272e+05 -1.292392e+04 3.427581e+06 9.806049e+05 -1.058421e+04
-4.545455e-03 -2.657176e+04 2.167166e+04 8.325841e+03 -1.505764e+05 -9.769173e+03 -1.078373e+06 -2.255327e+05 3.885193e+03 8.000024e+03 1.500303e+05 2.026799e+04 1.486046e+04 2.260609e+05 3.546220e+03 -6.769733e+03 8.304430e+05 9.863940e+03 1.715910e+05 2.322992e+04 1.911847e+04 -2.576162e+05 -4.798174e+03 7.503374e+03 -9.463393e+05 2.318487e+04 -1.683375e+04 -6.732023e+03 1.316564e+05 -8.784284e+03 -9.463065e+05 -1.979074e+05 2.826362e+03
-4.343434e-03 -1.372566e+05 1.417114e+05 3.854018e+04 -4.958589e+05 -6.638973e+03 -5.684356e+06 -1.374245e+06 1.579950e+04 3.490665e+04 4.930589e+05 1.047866e+05 9.697828e+04 1.376833e+06 1.202884e+04 -5.161467e+03 4.377372e+06 4.436895e+04 5.650440e+05 1.201815e+05 1.244605e+05 -1.569037e+06 -1.838597e+04 4.687000e+03 -4.988421e+06 1.196756e+05 -1.104091e+05 -3.029188e+04 4.326880e+05 -7.022879e+03 -4.988059e+06 -1.205903e+06 1.026174e+04
-4.141414e-03 1.929455e+05 -2.121576e+05 -4.875374e+04 5.254245e+05 -1.801924e+04 8.142727e+06 2.047330e+06 -1.692838e+04 -4.275953e+04 -5.215715e+05 -1.473952e+05 -1.450987e+05 -2.050799e+06 -1.071683e+04 -1.137208e+04 -6.270334e+06 -5.527580e+04 -5.987261e+05 -1.690591e+05 -1.860838e+05 2.337101e+06 1.889589e+04 1.457142e+04 7.145728e+06 -1.682196e+05 1.654404e+05 3.774869e+04 -4.577157e+05 -1.419728e+04 7.145194e+06 1.796526e+06 -9.708398e+03
-3.939394e-03 1.378367e+05 -1.465794e+05 -3.124228e+04 3.628142e+05 -1.619138e+04 5.920868e+06 1.454071e+06 -8.510297e+03 -2.715783e+04 -3.601451e+05 -1.053483e+05 -1.002471e+05 -1.456458e+06 -4.282430e+03 -1.040696e+04 -4.559321e+06 -3.527109e+04 -4.134314e+05 -1.207894e+05 -1.285357e+05 1.659793e+06 9.290326e+03 1.287486e+04 5.195870e+06 -1.202153e+05 1.143302e+05 2.409258e+04 -3.160517e+05 -1.319110e+04 5.195499e+06 1.275938e+06 -4.071840e+03
-3.737374e-03 -3.316021e+05 2.887725e+05 6.704718e+04 -1.249375e+06 -1.120040e+04 -1.448069e+07 -3.129757e+06 1.211109e+04 6.037138e+04 1.243250e+06 2.535280e+05 1.976967e+05 3.135395e+06 5.206290e+03 -8.989124e+03 1.115073e+07 7.695030e+04 1.423724e+06 2.904196e+05 2.535045e+05 -3.573128e+06 -1.422270e+04 8.393585e+03 -1.270746e+07 2.894800e+05 -2.251903e+05 -5.256898e+04 1.091003e+06 -1.168205e+04 -1.270673e+07 -2.746340e+06 4.244081e+03
-3.535354e-03 -2.868645e+04 1.000556e+04 5.134492e+03 -2.156177e+05 -1.585502e+04 -1.271727e+06 -1.735120e+05 3.451140e+02 5.274012e+03 2.151342e+05 2.193467e+04 6.914311e+03 1.740064e+05 4.888340e+02 -1.089084e+04 9.792677e+05 6.286099e+03 2.457190e+05 2.507489e+04 8.871217e+03 -1.982972e+05 -8.303752e+02 1.234432e+04 -1.115952e+06 2.509477e+04 -7.788378e+03 -4.293936e+03 1.887797e+05 -1.397980e+04 -1.115963e+06 -1.522573e+05 9.237784e+01
-3.333333e-03 5.119484e+04 -5.394176e+04 -7.690136e+03 7.343096e+04 -1.722700e+04 2.311712e+06 5.701079e+05 7.279376e+02 -6.121710e+03 -7.253499e+04 -3.918817e+04 -3.686760e+04 -5.708671e+05 2.346340e+03 -1.151942e+04 -1.780045e+06 -8.337029e+03 -8.367051e+04 -4.490209e+04 -4.724601e+04 6.505736e+05 -1.283903e+03 1.339772e+04 2.028608e+06 -4.467923e+04 4.210225e+04 5.701670e+03 -6.365812e+04 -1.484605e+04 2.028460e+06 5.002597e+05 1.709084e+03
-3.131313e-03 -1.995676e+04 -3.799836e+03 2.524871e+03 -2.176529e+05 -1.936992e+04 -9.122114e+05 -5.251629e+04 -8.166722e+02 3.012851e+03 2.173662e+05 1.527188e+04 -2.514524e+03 5.284890e+04 -3.138580e+02 -1.323866e+04 7.024132e+05 3.343638e+03 2.480430e+05 1.742340e+04 -3.247285e+03 -6.022396e+04 4.565441e+02 1.509769e+04 -8.004456e+05 1.749304e+04 2.952506e+03 -2.285107e+03 1.907348e+05 -1.698620e+04 -8.004909e+05 -4.608515e+04 -6.405010e+02
-2.929293e-03 -8.814868e+04 3.125029e+04 8.957551e+03 -5.338334e+05 -2.262530e+04 -4.094987e+06 -5.926398e+05 -5.649767e+03 8.791569e+03 5.325389e+05 6.751440e+04 2.153964e+04 5.939169e+05 -5.821130e+03 -1.567478e+04 3.153133e+06 1.071001e+04 6.083620e+05 7.715682e+04 2.750770e+04 -6.768375e+05 5.940837e+03 1.773234e+04 -3.593343e+06 7.713329e+04 -2.446117e+04 -7.329514e+03 4.672993e+05 -1.998457e+04 -3.593321e+06 -5.200345e+05 -5.491236e+03
-2.727273e-03 -1.259203e+05 3.736096e+04 9.805582e+03 -7.554048e+05 -2.644643e+04 -5.931757e+06 -8.309093e+05 -1.103242e+04 9.607034e+03 7.536703e+05 9.649056e+04 2.579376e+04 8.326210e+05 -1.123713e+04 -1.837194e+04 4.567391e+06 1.170713e+04 8.608704e+05 1.102420e+05 3.286824e+04 -9.488719e+05 1.204538e+04 2.080332e+04 -5.205074e+06 1.102138e+05 -2.931072e+04 -8.021569e+03 6.613380e+05 -2.334031e+04 -5.205046e+06 -7.291106e+05 -1.026651e+04
-2.525253e-03 -6.105787e+04 -3.658796e+03 3.271922e+03 -5.063496e+05 -2.916537e+04 -2.913089e+06 -2.650309e+05 -6.845690e+03 3.845116e+03 5.056057e+05 4.680427e+04 -2.312888e+03 2.658453e+05 -6.256388e+03 -2.000634e+04 2.243026e+06 4.289073e+03 5.770516e+05 5.341713e+04 -3.126835e+03 -3.029593e+05 7.233114e+03 2.280935e+04 -2.556169e+06 5.349963e+04 2.719393e+03 -2.943095e+03 4.436576e+05 -2.558244e+04 -2.556221e+06 -2.325634e+05 -5.927525e+03
-2.323232e-03 8.408582e+04 -5.157870e+04 -3.108653e+03 2.022680e+05 -3.159774e+04 4.064949e+06 8.143206e+05 1.071787e+04 -1.765661e+03 -2.011937e+05 -6.449877e+04 -3.529916e+04 -8.152119e+05 1.209805e+04 -2.125963e+04 -3.129889e+06 -2.927300e+03 -2.305002e+05 -7.374052e+04 -4.517313e+04 9.290476e+05 -1.285126e+04 2.435641e+04 3.566971e+06 -7.354690e+04 4.031392e+04 2.023638e+03 -1.765510e+05 -2.759780e+04 3.566847e+06 7.145423e+05 1.012541e+04
-2.121212e-03 -5.182011e+05 9.271886e+03 6.762502e+03 -3.383187e+06 -6.088179e+04 -2.532444e+07 -2.993291e+06 -7.870863e+04 7.531010e+03 3.377701e+06 3.975994e+05 7.572928e+03 2.998893e+06 -7.791940e+04 -4.266746e+04 1.949897e+07 8.525824e+03 3.855589e+06 4.538569e+05 8.239112e+03 -3.417626e+06 8.887226e+04 4.862939e+04 -2.222159e+07 4.539683e+05 -8.527262e+03 -5.978507e+03 2.963852e+06 -5.341812e+04 -2.222165e+07 -2.626547e+06 -6.900889e+04
-1.919192e-03 -1.443071e+06 -7.943696e+03 -6.859297e+03 -8.871433e+06 1.515806e+04 -7.100589e+07 -8.914914e+06 -2.612278e+05 -6.953440e+03 8.854948e+06 1.107298e+06 -1.978327e+03 8.932778e+06 -2.614353e+05 6.875932e+03 5.469569e+07 -8.692555e+03 1.011021e+07 1.264291e+06 -7.082268e+03 -1.017548e+07 2.985901e+05 -7.728701e+03 -6.230576e+07 1.263878e+06 2.142931e+03 5.429901e+03 7.769978e+06 1.341279e+04 -6.233318e+07 -7.826165e+06 -2.287200e+05
-1.717172e-03 -1.348321e+06 1.608927e+03 -2.727297e+04 -7.491756e+06 2.535119e+05 -6.722455e+07 -9.400645e+06 -2.488960e+05 -3.037819e+04 7.480090e+06 1.035269e+06 3.783493e+03 9.411686e+06 -2.520803e+05 1.697056e+05 5.175943e+07 -3.514567e+04 8.537887e+06 1.181694e+06 9.636518e+02 -1.072604e+07 2.877646e+05 -1.933585e+05 -5.898767e+07 1.181249e+06 -4.759233e+03 2.353235e+04 6.563569e+06 2.224937e+05 -5.898698e+07 -8.248704e+06 -2.180264e+05
-1.515152e-03 1.387606e+05 -3.187723e+04 4.659094e+03 4.298911e+05 -8.788364e+04 6.978313e+06 1.338799e+06 2.745021e+04 5.957040e+03 -4.287453e+05 -1.065805e+05 -2.192484e+04 -1.339662e+06 2.878112e+04 -5.951659e+04 -5.372948e+06 6.448137e+03 -4.899136e+05 -1.217049e+05 -2.786802e+04 1.526747e+06 -3.243995e+04 6.785791e+04 6.123302e+06 -1.215163e+05 2.508953e+04 -4.351501e+03 -3.762169e+05 -7.708471e+04 6.123185e+06 1.174745e+06 2.436405e+04
-1.313131e-03 -9.807196e+03 -2.514370e+04 -5.358916e+02 -2.529595e+05 -2.128453e+04 -4.959016e+05 1.029490e+05 -2.165693e+03 -9.602181e+01 2.529540e+05 7.530840e+03 -1.708547e+04 -1.028321e+05 -1.714960e+03 -1.448744e+04 3.818171e+05 -3.838449e+02 2.882886e+05 8.562102e+03 -2.205052e+04 1.171953e+05 2.235319e+03 1.652981e+04 -4.351155e+05 8.626130e+03 1.948354e+04 2.590495e+02 2.219552e+05 -1.865713e+04 -4.351573e+05 9.033183e+04 -1.684064e+03
-1.111111e-03 5.592189e+04 -2.456460e+04 3.221402e+03 1.990768e+03 -7.857251e+04 2.852474e+06 7.942892e+05 1.238452e+04 4.050050e+03 -1.611159e+03 -4.297677e+04 -1.677985e+04 -7.944189e+05 1.323349e+04 -5.335837e+04 -2.196236e+06 4.407967e+03 -2.263221e+03 -4.908416e+04 -2.150946e+04 9.053678e+05 -1.486144e+04 6.082194e+04 2.502979e+06 -4.896342e+04 1.916812e+04 -2.987159e+03 -1.417917e+03 -6.893226e+04 2.502901e+06 6.969525e+05 1.103643e+04
-9.090909e-04 1.754392e+06 -5.365802e+04 1.190963e+05 4.979370e+06 -2.374389e+06 8.993729e+07 2.367682e+07 4.078949e+05 1.350882e+05 -4.970911e+06 -1.348435e+06 -3.837478e+04 -2.367977e+07 4.242883e+05 -1.612852e+06 -6.924761e+07 1.540365e+05 -5.674691e+06 -1.539256e+06 -4.602704e+04 2.698637e+07 -4.833646e+05 1.838074e+06 7.891721e+07 -1.536900e+06 4.478794e+04 -1.044611e+05 -4.361825e+06 -2.083453e+06 7.891742e+07 2.077574e+07 3.580474e+05
-7.070707e-04 6.390940e+04 -2.197790e+04 4.813855e+03 -3.409766e+04 -1.456298e+05 3.291746e+06 1.262823e+06 1.528372e+04 5.676457e+03 3.438663e+04 -4.913197e+04 -1.500133e+04 -1.262700e+06 1.616707e+04 -9.898199e+04 -2.534434e+06 6.355334e+03 3.886411e+04 -5.609859e+04 -1.925307e+04 1.439054e+06 -1.829791e+04 1.128085e+05 2.888414e+06 -5.597262e+04 1.712789e+04 -4.312519e+03 3.016943e+04 -1.277808e+05 2.888337e+06 1.108066e+06 1.350860e+04
-5.050505e-04 3.712033e+03 -2.042884e+04 2.923958e+02 -1.706758e+05 -3.340384e+04 1.921854e+05 2.481394e+05 8.935589e+02 4.913615e+02 1.707363e+05 -2.855439e+03 -1.389689e+04 -2.480662e+05 1.097217e+03 -2.271247e+04 -1.479694e+05 4.746904e+02 1.945143e+05 -3.270168e+03 -1.792872e+04 2.827133e+05 -1.162279e+03 2.588418e+04 1.686440e+05 -3.241100e+03 1.583438e+04 -3.222835e+02 1.498120e+05 -2.931064e+04 1.686248e+05 2.177294e+05 8.519465e+02
-3.030303e-04 -2.401680e+04 -1.981890e+04 -2.054365e+03 -1.978444e+05 9.840101e+04 -1.243487e+06 -8.062154e+05 -5.991047e+03 -2.227671e+03 1.978559e+05 1.846584e+04 -1.347134e+04 8.060056e+05 -6.168493e+03 6.691279e+04 9.573978e+05 -2.593579e+03 2.254767e+05 2.107188e+04 -1.740310e+04 -9.185833e+05 7.081992e+03 -7.626098e+04 -1.091116e+06 2.104662e+04 1.533983e+04 1.760809e+03 1.736086e+05 8.633916e+04 -1.091096e+06 -7.074091e+05 -5.216832e+03
-1.010101e-04 -1.461015e+03 -1.977200e+04 -1.290515e+02 -1.730325e+05 4.184000e+02 -7.566451e+04 -2.100595e+04 -3.697197e+02 -1.146003e+02 1.730810e+05 1.123138e+03 -1.344789e+04 2.100559e+04 -3.549385e+02 2.864899e+02 5.825649e+04 -1.475788e+02 1.971999e+05 1.279938e+03 -1.735710e+04 -2.393976e+04 4.216652e+02 -3.296079e+02 -6.639171e+04 1.282054e+03 1.531794e+04 1.001934e+02 1.518695e+05 3.640119e+02 -6.639306e+04 -1.843132e+04 -3.112035e+02
1.010101e-04 1.461015e+03 -1.977200e+04 1.290515e+02 -1.730325e+05 4.184000e+02 7.566451e+04 -2.100595e+04 3.697197e+02 1.146003e+02 1.730810e+05 -1.123138e+03 -1.344789e+04 2.100559e+04 3.549385e+02 2.864899e+02 -5.825649e+04 1.475788e+02 1.971999e+05 -1.279938e+03 -1.735710e+04 -2.393976e+04 -4.216652e+02 -3.296079e+02 6.639171e+04 -1.282054e+03 1.531794e+04 -1.001934e+02 1.518695e+05 3.640119e+02 6.639306e+04 -1.843132e+04 3.112035e+02
3.030303e-04 2.401680e+04 -1.981890e+04 2.054365e+03 -1.978444e+05 9.840101e+04 1.243487e+06 -8.062154e+05 5.991047e+03 2.227671e+03 1.978559e+05 -1.846584e+04 -1.347134e+04 8.060056e+05 6.168493e+03 6.691279e+04 -9.573978e+05 2.593579e+03 2.254767e+05 -2.107188e+04 -1.740310e+04 -9.185833e+05 -7.081992e+03 -7.626098e+04 1.091116e+06 -2.104662e+04 1.533983e+04 -1.760809e+03 1.736086e+05 8.633916e+04 1.091096e+06 -7.074091e+05 5.216832e+03
5.050505e-04 -3.712033e+03 -2.042884e+04 -2.923958e+02 -1.706758e+05 -3.340384e+04 -1.921854e+05 2.481394e+05 -8.935589e+02 -4.913615e+02 1.707363e+05 2.855439e+03 -1.389689e+04 -2.480662e+05 -1.097217e+03 -2.271247e+04 1.479694e+05 -4.746904e+02 1.945143e+05 3.270168e+03 -1.792872e+04 2.827133e+05 1.162279e+03 2.588418e+04 -1.686440e+05 3.241100e+03 1.583438e+04 3.222835e+02 1.498120e+05 -2.931064e+04 -1.686248e+05 2.177294e+05 -8.519465e+02
7.070707e-04 -6.390940e+04 -2.197790e+04 -4.813855e+03 -3.409766e+04 -1.456298e+05 -3.291746e+06 1.262823e+06 -1.528372e+04 -5.676457e+03 3.438663e+04 4.913197e+04 -1.500133e+04 -1.262700e+06 -1.616707e+04 -9.898199e+04 2.534434e+06 -6.355334e+03 3.886411e+04 5.609859e+04 -1.925307e+04 1.439054e+06 1.829791e+04 1.128085e+05 -2.888414e+06 5.597262e+04 1.712789e+04 4.312519e+03 3.016943e+04 -1.277808e+05 -2.888337e+06 1.108066e+06 -1.350860e+04
9.090909e-04 -1.754392e+06 -5.365802e+04 -1.190963e+05 4.979370e+06 -2.374389e+06 -8.993729e+07 2.367682e+07 -4.078949e+05 -1.350882e+05 -4.970911e+06 1.348435e+06 -3.837478e+04 -2.367977e+07 -4.242883e+05 -1.612852e+06 6.924761e+07 -1.540365e+05 -5.674691e+06 1.539256e+06 -4.602704e+04 2.698637e+07 4.833646e+05 1.838074e+06 -7.891721e+07 1.536900e+06 4.478794e+04 1.044611e+05 -4.361825e+06 -2.083453e+06 -7.891742e+07 2.077574e+07 -3.580474e+05
1.111111e-03 -5.592189e+04 -2.456460e+04 -3.221402e+03 1.990768e+03 -7.857251e+04 -2.852474e+06 7.942892e+05 -1.238452e+04 -4.050050e+03 -1.611159e+03 4.297677e+04 -1.677985e+04 -7.944189e+05 -1.323349e+04 -5.335837e+04 2.196236e+06 -4.407967e+03 -2.263221e+03 4.908416e+04 -2.150946e+04 9.053678e+05 1.486144e+04 6.082194e+04 -2.502979e+06 4.896342e+04 1.916812e+04 2.987159e+03 -1.417917e+03 -6.893226e+04 -2.502901e+06 6.969525e+05 -1.103643e+04
1.313131e-03 9.807196e+03 -2.514370e+04 5.358916e+02 -2.529595e+05 -2.128453e+04 4.959016e+05 1.029490e+05 2.165693e+03 9.602181e+01 2.529540e+05 -7.530840e+03 -1.708547e+04 -1.028321e+05 1.714960e+03 -1.448744e+04 -3.818171e+05 3.838449e+02 2.882886e+05 -8.562102e+03 -2.205052e+04 1.171953e+05 -2.235319e+03 1.652981e+04 4.351155e+05 -8.626130e+03 1.948354e+04 -2.590495e+02 2.219552e+05 -1.865713e+04 4.351573e+05 9.033183e+04 1.684064e+03
1.515152e-03 -1.387606e+05 -3.187723e+04 -4.659094e+03 4.298911e+05 -8.788364e+04 -6.978313e+06 1.338799e+06 -2.745021e+04 -5.957040e+03 -4.287453e+05 1.065805e+05 -2.192484e+04 -1.339662e+06 -2.878112e+04 -5.951659e+04 5.372948e+06 -6.448137e+03 -4.899136e+05 1.217049e+05 -2.786802e+04 1.526747e+06 3.243995e+04 6.785791e+04 -6.123302e+06 1.215163e+05 2.508953e+04 4.351501e+03 -3.762169e+05 -7.708471e+04 -6.123185e+06 1.174745e+06 -2.436405e+04
1.717172e-03 1.348321e+06 1.608927e+03 2.727297e+04 -7.491756e+06 2.535119e+05 6.722455e+07 -9.400645e+06 2.488960e+05 3.037819e+04 7.480090e+06 -1.035269e+06 3.783494e+03 9.411686e+06 2.520803e+05 1.697056e+05 -5.175943e+07 3.514567e+04 8.537887e+06 -1.181694e+06 9.636520e+02 -1.072604e+07 -2.877646e+05 -1.933585e+05 5.898767e+07 -1.181249e+06 -4.759234e+03 -2.353235e+04 6.563569e+06 2.224937e+05 5.898698e+07 -8.248704e+06 2.180264e+05
1.919192e-03 1.443071e+06 -7.943696e+03 6.859297e+03 -8.871433e+06 1.515806e+04 7.100589e+07 -8.914914e+06 2.612278e+05 6.953440e+03 8.854948e+06 -1.107298e+06 -1.978327e+03 8.932778e+06 2.614353e+05 6.875932e+03 -5.469569e+07 8.692555e+03 1.011021e+07 -1.264291e+06 -7.082268e+03 -1.017548e+07 -2.985901e+05 -7.728701e+03 6.230576e+07 -1.263878e+06 2.142931e+03 -5.429901e+03 7.769978e+06 1.341279e+04 6.233318e+07 -7.826165e+06 2.287200e+05
2.121212e-03 5.182011e+05 9.271886e+03 -6.762502e+03 -3.383187e+06 -6.088179e+04 2.532444e+07 -2.993291e+06 7.870863e+04 -7.531010e+03 3.377701e+06 -3.975994e+05 7.572928e+03 2.998893e+06 7.791940e+04 -4.266746e+04 -1.949897e+07 -8.525824e+03 3.855589e+06 -4.538569e+05 8.239112e+03 -3.417626e+06 -8.887226e+04 4.862939e+04 2.222159e+07 -4.539683e+05 -8.527262e+03 5.978507e+03 2.963852e+06 -5.341812e+04 2.222165e+07 -2.626547e+06 6.900889e+04
2.323232e-03 -8.408582e+04 -5.157870e+04 3.108653e+03 2.022680e+05 -3.159774e+04 -4.064949e+06 8.143206e+05 -1.071787e+04 1.765661e+03 -2.011937e+05 6.449877e+04 -3.529916e+04 -8.152119e+05 -1.209805e+04 -2.125963e+04 3.129889e+06 2.927300e+03 -2.305002e+05 7.374052e+04 -4.517313e+04 9.290476e+05 1.285126e+04 2.435641e+04 -3.566971e+06 7.354690e+04 4.031392e+04 -2.023638e+03 -1.765510e+05 -2.759780e+04 -3.566847e+06 7.145423e+05 -1.012541e+04
2.525253e-03 6.105787e+04 -3.658796e+03 -3.271922e+03 -5.063496e+05 -2.916537e+04 2.913089e+06 -2.650309e+05 6.845690e+03 -3.845116e+03 5.056057e+05 -4.680427e+04 -2.312888e+03 2.658453e+05 6.256388e+03 -2.000634e+04 -2.243026e+06 -4.289073e+03 5.770516e+05 -5.341713e+04 -3.126835e+03 -3.029593e+05 -7.233114e+03 2.280935e+04 2.556169e+06 -5.349963e+04 2.719393e+03 2.943095e+03 4.436576e+05 -2.558244e+04 2.556221e+06 -2.325634e+05 5.927525e+03
2.727273e-03 1.259203e+05 3.736096e+04 -9.805582e+03 -7.554048e+05 -2.644643e+04 5.931757e+06 -8.309093e+05 1.103242e+04 -9.607034e+03 7.536703e+05 -9.649056e+04 2.579376e+04 8.326210e+05 1.123713e+04 -1.837194e+04 -4.567391e+06 -1.170713e+04 8.608704e+05 -1.102420e+05 3.286824e+04 -9.488719e+05 -1.204538e+04 2.080332e+04 5.205074e+06 -1.102138e+05 -2.931072e+04 8.021569e+03 6.613380e+05 -2.334031e+04 5.205046e+06 -7.291106e+05 1.026651e+04
2.929293e-03 8.814868e+04 3.125029e+04 -8.957551e+03 -5.338334e+05 -2.262530e+04 4.094987e+06 -5.926398e+05 5.649767e+03 -8.791569e+03 5.325389e+05 -6.751440e+04 2.153964e+04 5.939169e+05 5.821130e+03 -1.567478e+04 -3.153133e+06 -1.071001e+04 6.083620e+05 -7.715682e+04 2.750770e+04 -6.768375e+05 -5.940837e+03 1.773234e+04 3.593343e+06 -7.713329e+04 -2.446117e+04 7.329514e+03 4.672993e+05 -1.998457e+04 3.593321e+06 -5.200345e+05 5.491236e+03
3.131313e-03 1.995676e+04 -3.799836e+03 -2.524871e+03 -2.176529e+05 -1.936992e+04 9.122114e+05 -5.251629e+04 8.166722e+02 -3.012851e+03 2.173662e+05 -1.527188e+04 -2.514524e+03 5.284890e+04 3.138580e+02 -1.323866e+04 -7.024132e+05 -3.343638e+03 2.480430e+05 -1.742340e+04 -3.247285e+03 -6.022396e+04 -4.565441e+02 1.509769e+04 8.004456e+05 -1.749304e+04 2.952506e+03 2.285107e+03 1.907348e+05 -1.698620e+04 8.004909e+05 -4.608515e+04 6.405010e+02
3.333333e-03 -5.119484e+04 -5.394176e+04 7.690136e+03 7.343096e+04 -1.722700e+04 -2.311712e+06 5.701079e+05 -7.279376e+02 6.121710e+03 -7.253499e+04 3.918817e+04 -3.686760e+04 -5.708671e+05 -2.346340e+03 -1.151942e+04 1.780045e+06 8.337029e+03 -8.367051e+04 4.490209e+04 -4.724601e+04 6.505736e+05 1.283903e+03 1.339772e+04 -2.028608e+06 4.467923e+04 4.210225e+04 -5.701670e+03 -6.365812e+04 -1.484605e+04 -2.028460e+06 5.002597e+05 -1.709084e+03
3.535354e-03 2.868645e+04 1.000556e+04 -5.134492e+03 -2.156177e+05 -1.585502e+04 1.271727e+06 -1.735120e+05 -3.451140e+02 -5.274012e+03 2.151342e+05 -2.193467e+04 6.914311e+03 1.740064e+05 -4.888340e+02 -1.089084e+04 -9.792677e+05 -6.286099e+03 2.457190e+05 -2.507489e+04 8.871217e+03 -1.982972e+05 8.303752e+02 1.234432e+04 1.115952e+06 -2.509477e+04 -7.788378e+03 4.293936e+03 1.887797e+05 -1.397980e+04 1.115963e+06 -1.522573e+05 -9.237784e+01
3.737374e-03 3.316021e+05 2.887725e+05 -6.704718e+04 -1.249375e+06 -1.120040e+04 1.448069e+07 -3.129757e+06 -1.211109e+04 -6.037138e+04 1.243250e+06 -2.535280e+05 1.976967e+05 3.135395e+06 -5.206290e+03 -8.989124e+03 -1.115073e+07 -7.695030e+04 1.423724e+06 -2.904196e+05 2.535045e+05 -3.573128e+06 1.422270e+04 8.393585e+03 1.270746e+07 -2.894800e+05 -2.251903e+05 5.256898e+04 1.091003e+06 -1.168205e+04 1.270673e+07 -2.746340e+06 -4.244081e+03
3.939394e-03 -1.378367e+05 -1.465794e+05 3.124228e+04 3.628142e+05 -1.619138e+04 -5.920868e+06 1.454071e+06 8.510297e+03 2.715783e+04 -3.601451e+05 1.053483e+05 -1.002471e+05 -1.456458e+06 4.282430e+03 -1.040696e+04 4.559321e+06 3.527109e+04 -4.134314e+05 1.207894e+05 -1.285357e+05 1.659793e+06 -9.290326e+03 1.287486e+04 -5.195870e+06 1.202153e+05 1.143302e+05 -2.409258e+04 -3.160517e+05 -1.319110e+04 -5.195499e+06 1.275938e+06 4.071840e+03
4.141414e-03 -1.929455e+05 -2.121576e+05 4.875374e+04 5.254245e+05 -1.801924e+04 -8.142727e+06 2.047330e+06 1.692838e+04 4.275953e+04 -5.215715e+05 1.473952e+05 -1.450987e+05 -2.050799e+06 1.071683e+04 -1.137208e+04 6.270334e+06 5.527580e+04 -5.987261e+05 1.690591e+05 -1.860838e+05 2.337101e+06 -1.889589e+04 1.457142e+04 -7.145728e+06 1.682196e+05 1.654404e+05 -3.774869e+04 -4.577157e+05 -1.419728e+04 -7.145194e+06 1.796526e+06 9.708398e+03
4.343434e-03 1.372566e+05 1.417114e+05 -3.854018e+04 -4.958589e+05 -6.638973e+03 5.684356e+06 -1.374245e+06 -1.579950e+04 -3.490665e+04 4.930589e+05 -1.047866e+05 9.697828e+04 1.376833e+06 -1.202884e+04 -5.161467e+03 -4.377372e+06 -4.436895e+04 5.650440e+05 -1.201815e+05 1.244605e+05 -1.569037e+06 1.838597e+04 4.687000e+03 4.988421e+06 -1.196756e+05 -1.104091e+05 3.029188e+04 4.326880e+05 -7.022879e+03 4.988059e+06 -1.205903e+06 -1.026174e+04
4.545455e-03 2.657176e+04 2.167166e+04 -8.325841e+03 -1.505764e+05 -9.769173e+03 1.078373e+06 -2.255327e+05 -3.885193e+03 -8.000024e+03 1.500303e+05 -2.026799e+04 1.486046e+04 2.260609e+05 -3.546220e+03 -6.769733e+03 -8.304430e+05 -9.863940e+03 1.715910e+05 -2.322992e+04 1.911847e+04 -2.576162e+05 4.798174e+03 7.503374e+03 9.463393e+05 -2.318487e+04 -1.683375e+04 6.732023e+03 1.316564e+05 -8.784284e+03 9.463065e+05 -1.979074e+05 -2.826362e+03
4.747475e-03 -9.782694e+04 -1.272390e+05 3.211111e+04 2.082786e+05 -1.611830e+04 -3.906075e+06 1.117490e+06 1.602515e+04 2.799439e+04 -2.061549e+05 7.463466e+04 -8.698334e+04 -1.119407e+06 1.174427e+04 -1.045401e+04 3.008034e+06 3.631187e+04 -2.373198e+05 8.573191e+04 -1.115626e+05 1.275668e+06 -1.790002e+04 1.313112e+04 -3.427958e+06 8.516282e+04 9.921710e+04 -2.478801e+04 -1.809272e+05 -1.292392e+04 -3.427581e+06 9.806049e+05 1.058421e+04
4.949495e-03 5.531253e+04 6.184674e+04 -1.995324e+04 -2.136890e+05 -5.887532e+03 2.162515e+06 -5.615135e+05 -1.077924e+04 -1.830818e+04 2.124795e+05 -4.216340e+04 4.232589e+04 5.626466e+05 -9.065665e+03 -4.293100e+03 -1.665378e+06 -2.311815e+04 2.435014e+05 -4.840632e+04 5.437962e+04 -6.411831e+05 1.263290e+04 4.229378e+03 1.897814e+06 -4.818021e+04 -4.812639e+04 1.577674e+04 1.864654e+05 -5.830594e+03 1.897659e+06 -4.927356e+05 -7.686259e+03
5.151515e-03 3.282740e+04 3.546898e+04 -1.278838e+04 -1.453236e+05 -6.529866e+03 1.257381e+06 -3.219249e+05 -7.326744e+03 -1.191765e+04 1.445948e+05 -2.500796e+04 2.428380e+04 3.226163e+05 -6.418319e+03 -4.616315e+03 -9.683431e+05 -1.492886e+04 1.655992e+05 -2.871242e+04 3.123204e+04 -3.676463e+05 8.689290e+03 4.845595e+03 1.103479e+06 -2.859336e+04 -2.756643e+04 1.018643e+04 1.268911e+05 -6.145915e+03 1.103397e+06 -2.824951e+05 -5.370314e+03
5.353535e-03 2.463577e+04 2.625859e+04 -1.029196e+04 -1.179185e+05 -6.404458e+03 9.242688e+05 -2.368884e+05 -6.183605e+03 -9.681427e+03 1.173632e+05 -1.875659e+04 1.798283e+04 2.374194e+05 -5.545629e+03 -4.490408e+03 -7.118193e+05 -1.206983e+04 1.343707e+05 -2.153836e+04 2.315035e+04 -2.705565e+05 7.377655e+03 4.784171e+03 8.111466e+05 -2.145532e+04 -2.038532e+04 8.234561e+03 1.029936e+05 -5.953663e+03 8.110894e+05 -2.078751e+05 -4.611411e+03
5.555556e-03 1.992305e+04 2.109539e+04 -8.879215e+03 -1.009251e+05 -6.146394e+03 7.319295e+05 -1.888656e+05 -5.549781e+03 -8.410146e+03 1.004697e+05 -1.515991e+04 1.445007e+04 1.893038e+05 -5.058832e+03 -4.291677e+03 -5.637025e+05 -1.044843e+04 1.150063e+05 -1.741151e+04 1.862034e+04 -2.157242e+05 6.646840e+03 4.602036e+03 6.423540e+05 -1.734807e+04 -1.635863e+04 7.127562e+03 8.816860e+04 -5.682791e+03 6.423102e+05 -1.657348e+05 -4.190807e+03
5.757576e-03 1.675428e+04 1.768184e+04 -7.930361e+03 -8.875401e+04 -5.856397e+03 6.025642e+05 -1.570303e+05 -5.124887e+03 -7.552326e+03 8.836603e+04 -1.274160e+04 1.211415e+04 1.574055e+05 -4.728555e+03 -4.078834e+03 -4.640809e+05 -9.357056e+03 1.011369e+05 -1.463701e+04 1.562573e+04 -1.793730e+05 6.154526e+03 4.387967e+03 5.288262e+05 -1.458616e+04 -1.369581e+04 6.382402e+03 7.754709e+04 -5.399780e+03 5.287911e+05 -1.377992e+05 -3.907233e+03
5.959596e-03 1.444351e+04 1.521962e+04 -7.232237e+03 -7.937709e+04 -5.564938e+03 5.084007e+05 -1.340718e+05 -4.809006e+03 -6.918256e+03 7.903869e+04 -1.097824e+04 1.042904e+04 1.344004e+05 -4.479257e+03 -3.869179e+03 -3.915672e+05 -8.552318e+03 9.045144e+04 -1.261400e+04 1.346591e+04 -1.531566e+05 5.786830e+03 4.169116e+03 4.461906e+05 -1.257201e+04 -1.177465e+04 5.832931e+03 6.936195e+04 -5.123915e+03 4.461615e+05 -1.176530e+05 -3.694419e+03
6.161616e-03 1.267153e+04 1.334423e+04 -6.688367e+03 -7.182702e+04 -5.283339e+03 4.364360e+05 -1.166215e+05 -4.558364e+03 -6.422048e+03 7.152700e+04 -9.626190e+03 9.145425e+03 1.169140e+05 -4.278174e+03 -3.668839e+03 -3.361482e+05 -7.924046e+03 8.184778e+04 -1.106288e+04 1.182102e+04 -1.332292e+05 5.493846e+03 3.955799e+03 3.830360e+05 -1.102748e+04 -1.031106e+04 5.403940e+03 6.277015e+04 -4.861793e+03 3.830115e+05 -1.023403e+05 -3.523630e+03
6.363636e-03 1.126507e+04 1.186130e+04 -6.247676e+03 -6.556523e+04 -5.015980e+03 3.795741e+05 -1.028691e+05 -4.350503e+03 -6.018219e+03 6.529599e+04 -8.553201e+03 8.130330e+03 1.031324e+05 -4.108650e+03 -3.479948e+03 -2.923595e+05 -7.413909e+03 7.471214e+04 -9.831891e+03 1.052048e+04 -1.175238e+05 5.249959e+03 3.752193e+03 3.331353e+05 -9.801575e+03 -9.153510e+03 5.055605e+03 5.730223e+04 -4.615507e+03 3.331142e+05 -9.027254e+04 -3.380269e+03
6.565657e-03 1.012016e+04 1.065603e+04 -5.880193e+03 -6.026010e+04 -4.764312e+03 3.335380e+05 -9.173851e+04 -4.172617e+03 -5.680061e+03 6.001620e+04 -7.679909e+03 7.305241e+03 9.197768e+04 -3.961276e+03 -3.302989e+03 -2.569075e+05 -6.987666e+03 6.866665e+04 -8.829969e+03 9.463560e+03 -1.048119e+05 5.040554e+03 3.559865e+03 2.927350e+05 -8.803694e+03 -8.212524e+03 4.764550e+03 5.266904e+04 -4.385315e+03 2.927167e+05 -8.050534e+04 -3.256096e+03
6.767677e-03 9.169882e+03 9.655595e+03 -5.566982e+03 -5.569251e+04 -4.528451e+03 2.955638e+05 -8.254308e+04 -4.016828e+03 -5.390694e+03 5.546989e+04 -6.955213e+03 6.620322e+03 8.276193e+04 -3.830304e+03 -3.137721e+03 -2.276636e+05 -6.623682e+03 6.346162e+04 -7.998490e+03 8.586343e+03 -9.430976e+04 4.856635e+03 3.379173e+03 2.594095e+05 -7.975494e+03 -7.431312e+03 4.516004e+03 4.867952e+04 -4.170682e+03 2.593934e+05 -7.243629e+04 -3.146082e+03
6.969697e-03 8.368824e+03 8.811185e+03 -5.295404e+03 -5.170990e+04 -4.307882e+03 2.637702e+05 -7.482101e+04 -3.877996e+03 -5.138840e+03 5.150543e+04 -6.344446e+03 6.042183e+03 7.502247e+04 -3.712011e+03 -2.983574e+03 -2.031793e+05 -6.307508e+03 5.892321e+04 -7.297683e+03 7.846003e+03 -8.548996e+04 4.692326e+03 3.209888e+03 2.315080e+05 -7.277395e+03 -6.771825e+03 4.300100e+03 4.520060e+04 -3.970737e+03 2.314938e+05 -6.566011e+04 -3.046972e+03
7.171717e-03 7.684915e+03 8.088701e+03 -5.056644e+03 -4.820169e+04 -4.101800e+03 2.368253e+05 -6.824862e+04 -3.752604e+03 -4.916629e+03 4.801290e+04 -5.823117e+03 5.547493e+03 6.843501e+04 -3.603859e+03 -2.839851e+03 -1.824288e+05 -6.029066e+03 5.492540e+04 -6.699458e+03 7.212618e+03 -7.798299e+04 4.543604e+03 3.051502e+03 2.078615e+05 -6.681436e+03 -6.207471e+03 4.109958e+03 4.213581e+04 -3.784485e+03 2.078488e+05 -5.989279e+04 -2.956553e+03
7.373737e-03 7.094762e+03 7.463498e+03 -4.844339e+03 -4.508515e+04 -3.909287e+03 2.137556e+05 -6.259156e+04 -3.638154e+03 -4.718371e+03 4.491004e+04 -5.373364e+03 5.119389e+03 6.276475e+04 -3.504051e+03 -2.705814e+03 -1.646625e+05 -5.781074e+03 5.137391e+04 -6.183325e+03 6.664565e+03 -7.152124e+04 4.407606e+03 2.903383e+03 1.876158e+05 -6.167222e+03 -5.719031e+03 3.940607e+03 3.941297e+04 -3.610912e+03 1.876044e+05 -5.492867e+04 -2.873260e+03
7.575758e-03 6.580851e+03 6.917268e+03 -4.653759e+03 -4.229675e+04 -3.729397e+03 1.938314e+05 -5.767549e+04 -3.532811e+03 -4.539834e+03 4.213368e+04 -4.981813e+03 4.745343e+03 5.783703e+04 -3.411268e+03 -2.580736e+03 -1.493184e+05 -5.558120e+03 4.819635e+04 -5.733945e+03 6.185780e+03 -6.590570e+04 4.282226e+03 2.764855e+03 1.701304e+05 -5.719484e+03 -5.292227e+03 3.788350e+03 3.697665e+04 -3.449036e+03 1.701202e+05 -5.061477e+04 -2.795947e+03
7.777778e-03 6.129784e+03 6.436093e+03 -4.481303e+03 -3.978664e+04 -3.561204e+03 1.764937e+05 -5.336788e+04 -3.435189e+03 -4.377793e+03 3.963427e+04 -4.638231e+03 4.415829e+03 5.351905e+04 -3.324513e+03 -2.463926e+03 -1.359661e+05 -5.356080e+03 4.533594e+04 -5.339584e+03 5.764051e+03 -6.098501e+04 4.165872e+03 2.635242e+03 1.549148e+05 -5.326538e+03 -4.916202e+03 3.650372e+03 3.478336e+04 -3.297932e+03 1.549056e+05 -4.683480e+04 -2.723749e+03
7.979798e-03 5.731119e+03 6.009182e+03 -4.324174e+03 -3.751505e+04 -3.403830e+03 1.613067e+05 -4.956600e+04 -3.344214e+03 -4.229737e+03 3.737223e+04 -4.334645e+03 4.123464e+03 4.970788e+04 -3.243013e+03 -2.354734e+03 -1.242702e+05 -5.171747e+03 4.274733e+04 -4.991097e+03 5.389911e+03 -5.664188e+04 4.057308e+03 2.513892e+03 1.415868e+05 -4.979281e+03 -4.582540e+03 3.524483e+03 3.279837e+04 -3.156740e+03 1.415784e+05 -4.349860e+04 -2.655996e+03
8.181818e-03 5.376593e+03 5.628029e+03 -4.180156e+03 -3.544971e+04 -3.256448e+03 1.479257e+05 -4.618895e+04 -3.259039e+03 -4.093677e+03 3.531548e+04 -4.064745e+03 3.862425e+03 4.632247e+04 -3.166152e+03 -2.252561e+03 -1.139649e+05 -5.002582e+03 4.039375e+04 -4.681246e+03 5.055897e+03 -5.278394e+04 3.955557e+03 2.400191e+03 1.298435e+05 -4.670506e+03 -4.284603e+03 3.408949e+03 3.099352e+04 -3.024667e+03 1.298359e+05 -4.053520e+04 -2.592158e+03
8.383838e-03 5.059576e+03 5.285830e+03 -4.047471e+03 -3.356412e+04 -3.118295e+03 1.360740e+05 -4.317211e+04 -3.178981e+03 -3.968012e+03 3.343764e+04 -3.823468e+03 3.628057e+03 4.329806e+04 -3.093432e+03 -2.156854e+03 -1.048373e+05 -4.846542e+03 3.824502e+04 -4.404227e+03 4.756042e+03 -4.933741e+04 3.859830e+03 2.293562e+03 1.194424e+05 -4.394433e+03 -4.017084e+03 3.302376e+03 2.934568e+04 -2.900988e+03 1.194353e+05 -3.788789e+04 -2.531806e+03
8.585859e-03 4.774685e+03 4.977072e+03 -3.924670e+03 -3.183626e+04 -2.988665e+03 1.255271e+05 -4.046324e+04 -3.103481e+03 -3.851435e+03 3.171681e+04 -3.606703e+03 3.416585e+03 4.058231e+04 -3.024443e+03 -2.067108e+03 -9.671449e+04 -4.701964e+03 3.627603e+04 -4.155325e+03 4.485509e+03 -4.624262e+04 3.769478e+03 2.193475e+03 1.101863e+05 -4.146367e+03 -3.775681e+03 3.203628e+03 2.783561e+04 -2.785041e+03 1.101798e+05 -3.551081e+04 -2.474588e+03
8.787879e-03 4.517503e+03 4.697239e+03 -3.810557e+03 -3.024764e+04 -2.866909e+03 1.161011e+05 -3.801961e+04 -3.032074e+03 -3.742867e+03 3.013460e+04 -3.411078e+03 3.224919e+03 3.813241e+04 -2.958841e+03 -1.982861e+03 -8.945486e+04 -4.567472e+03 3.446572e+04 -3.930673e+03 4.240336e+03 -4.345079e+04 3.683963e+03 2.099436e+03 1.019138e+05 -3.922457e+03 -3.556868e+03 3.111765e+03 2.644719e+04 -2.676220e+03 1.019079e+05 -3.336649e+04 -2.420209e+03
8.989899e-03 4.284374e+03 4.442592e+03 -3.704135e+03 -2.878263e+04 -2.752435e+03 1.076437e+05 -3.580596e+04 -2.964367e+03 -3.641408e+03 2.867544e+04 -3.233801e+03 3.050499e+03 3.591301e+04 -2.896333e+03 -1.903691e+03 -8.294120e+04 -4.441923e+03 3.279626e+04 -3.727069e+03 4.017245e+03 -4.092164e+04 3.602830e+03 2.010996e+03 9.449140e+04 -3.719514e+03 -3.357730e+03 3.026007e+03 2.516674e+04 -2.573976e+03 9.448593e+04 -3.142398e+04 -2.368420e+03
9.191919e-03 4.072243e+03 4.210009e+03 -3.604567e+03 -2.742786e+04 -2.644696e+03 1.000281e+05 -3.379293e+04 -2.900029e+03 -3.546297e+03 2.732604e+04 -3.072539e+03 2.891188e+03 3.389469e+04 -2.836669e+03 -1.829212e+03 -7.707577e+04 -4.324349e+03 3.125243e+04 -3.541838e+03 3.813496e+03 -3.862164e+04 3.525690e+03 1.927738e+03 8.780773e+04 -3.534875e+03 -3.175827e+03 2.945693e+03 2.398262e+04 -2.477808e+03 8.780267e+04 -2.965751e+04 -2.319005e+03
9.393939e-03 3.878541e+03 3.996863e+03 -3.511139e+03 -2.617185e+04 -2.543197e+03 9.314768e+04 -3.195585e+04 -2.838772e+03 -3.456888e+03 2.607498e+04 -2.925331e+03 2.745187e+03 3.205274e+04 -2.779628e+03 -1.759074e+03 -7.177650e+04 -4.213930e+03 2.982116e+04 -3.372730e+03 3.626786e+03 -3.652263e+04 3.452210e+03 1.849284e+03 8.176923e+04 -3.366299e+03 -3.009110e+03 2.870264e+03 2.288479e+04 -2.387257e+03 8.176453e+04 -2.804544e+04 -2.271780e+03
9.595960e-03 3.701090e+03 3.800922e+03 -3.423243e+03 -2.500469e+04 -2.447480e+03 8.691229e+04 -3.027389e+04 -2.780347e+03 -3.372627e+03 2.491238e+04 -2.790514e+03 2.610969e+03 3.036627e+04 -2.725020e+03 -1.692956e+03 -6.697398e+04 -4.109963e+03 2.849112e+04 -3.217840e+03 3.455158e+03 -3.460081e+04 3.382097e+03 1.775285e+03 7.629681e+04 -3.211888e+03 -2.855837e+03 2.799238e+03 2.186458e+04 -2.301907e+03 7.629244e+04 -2.656948e+04 -2.226581e+03
9.797980e-03 3.538034e+03 3.620284e+03 -3.340353e+03 -2.391772e+04 -2.357131e+03 8.124525e+04 -2.872931e+04 -2.724536e+03 -3.293036e+03 2.382964e+04 -2.666672e+03 2.487231e+03 2.881751e+04 -2.672675e+03 -1.630566e+03 -6.260915e+04 -4.011841e+03 2.725249e+04 -3.075541e+03 3.296942e+03 -3.283592e+04 3.315096e+03 1.705422e+03 7.132317e+04 -3.070023e+03 -2.714521e+03 2.732202e+03 2.091445e+04 -2.221378e+03 7.131910e+04 -2.521407e+04 -2.183266e+03
1.000000e-02 3.387781e+03 3.453312e+03 -3.262012e+03 -2.290341e+04 -2.271766e+03 7.608096e+04 -2.730690e+04 -2.671145e+03 -3.217697e+03 2.281924e+04 -2.552588e+03 2.372853e+03 2.739123e+04 -2.622441e+03 -1.571635e+03 -5.863149e+04 -3.919037e+03 2.609665e+04 -2.944442e+03 3.150706e+03 -3.121061e+04 3.250982e+03 1.639402e+03 6.679074e+04 -2.939315e+03 -2.583887e+03 2.668797e+03 2.002780e+04 -2.145323e+03 6.678693e+04 -2.396588e+04 -2.141705e+03
