-1.000000e-02 -9.188423e+03 3.616371e+03 3.674568e+03 -3.200800e+04 -2.192645e+03 -9.123926e+04 -3.699091e+04 3.048304e+03 3.618257e+03 3.191370e+04 7.007197e+03 2.486042e+03 3.708550e+04 2.987427e+03 -1.520621e+03 7.031345e+04 4.410169e+03 3.646724e+04 8.027682e+03 3.307696e+03 -4.225311e+04 -3.700816e+03 1.558818e+03 -8.009783e+04 8.022503e+03 -2.698992e+03 -3.004131e+03 2.801209e+04 -2.098362e+03 -8.009413e+04 -3.246759e+04 2.446566e+03
-9.797980e-03 -9.827050e+03 3.821102e+03 3.786486e+03 -3.395116e+04 -2.282927e+03 -9.853196e+04 -3.945934e+04 3.127363e+03 3.725671e+03 3.385138e+04 7.496011e+03 2.626484e+03 3.955936e+04 3.061779e+03 -1.583321e+03 7.593108e+04 4.542564e+03 3.868128e+04 8.586617e+03 3.487663e+03 -4.507192e+04 -3.795501e+03 1.627643e+03 -8.649857e+04 8.580969e+03 -2.858735e+03 -3.094664e+03 2.971267e+04 -2.180223e+03 -8.649457e+04 -3.463391e+04 2.508274e+03
-9.595960e-03 -1.053899e+04 4.046239e+03 3.906996e+03 -3.609529e+04 -2.379092e+03 -1.066918e+05 -4.220358e+04 3.211524e+03 3.841130e+03 3.598948e+04 8.041008e+03 2.780927e+03 4.230958e+04 3.140664e+03 -1.650153e+03 8.221659e+04 4.685001e+03 4.112433e+04 9.209763e+03 3.685562e+03 -4.820565e+04 -3.896239e+03 1.700911e+03 -9.366036e+04 9.203586e+03 -3.034408e+03 -3.192064e+03 3.158914e+04 -2.267514e+03 -9.365600e+04 -3.704228e+04 2.573775e+03
-9.393939e-03 -1.133616e+04 4.294850e+03 4.037238e+03 -3.847114e+04 -2.481642e+03 -1.158613e+05 -4.526837e+04 3.301378e+03 3.965683e+03 3.835867e+04 8.651317e+03 2.951477e+03 4.538097e+04 3.224580e+03 -1.721482e+03 8.927979e+04 4.838802e+03 4.383142e+04 9.907550e+03 3.904088e+03 -5.170535e+04 -4.003728e+03 1.778993e+03 -1.017083e+05 9.900775e+03 -3.228407e+03 -3.297235e+03 3.366841e+04 -2.360719e+03 -1.017035e+05 -3.973196e+04 2.643490e+03
-9.191919e-03 -1.223305e+04 4.570652e+03 4.178583e+03 -4.111593e+04 -2.591130e+03 -1.262142e+05 -4.870823e+04 3.397629e+03 4.100587e+03 4.099606e+04 9.338049e+03 3.140682e+03 4.882815e+04 3.314114e+03 -1.797706e+03 9.725444e+04 5.005553e+03 4.684494e+04 1.069268e+04 4.146505e+03 -5.563326e+04 -4.118788e+03 1.862295e+03 -1.107948e+05 1.068522e+04 -3.443635e+03 -3.411263e+03 3.598306e+04 -2.460370e+03 -1.107896e+05 -4.275080e+04 2.717916e+03
-8.989899e-03 -1.324747e+04 4.878188e+03 4.332688e+03 -4.407508e+04 -2.708158e+03 -1.379641e+05 -5.259027e+04 3.501118e+03 4.247359e+03 4.394695e+04 1.011486e+04 3.351661e+03 5.271835e+04 3.409960e+03 -1.879264e+03 1.063050e+05 5.187170e+03 5.021666e+04 1.158074e+04 4.416805e+03 -6.006599e+04 -4.242403e+03 1.951256e+03 -1.211074e+05 1.157251e+04 -3.683641e+03 -3.535458e+03 3.857285e+04 -2.567057e+03 -1.211016e+05 -4.615768e+04 2.797646e+03
-8.787879e-03 -1.440152e+04 5.223076e+03 4.501586e+03 -4.740466e+04 -2.833379e+03 -1.513761e+05 -5.699796e+04 3.612864e+03 4.407855e+03 4.726725e+04 1.099869e+04 3.588269e+03 5.713520e+04 3.512956e+03 -1.966639e+03 1.166358e+05 5.385998e+03 5.401046e+04 1.259111e+04 4.719922e+03 -6.509882e+04 -4.375762e+03 2.046350e+03 -1.328787e+05 1.258198e+04 -3.952813e+03 -3.671425e+03 4.148684e+04 -2.681430e+03 -1.328723e+05 -5.002588e+04 2.883392e+03
-8.585859e-03 -1.572296e+04 5.612352e+03 4.687798e+03 -5.117465e+04 -2.967499e+03 -1.667836e+05 -6.203642e+04 3.734119e+03 4.584375e+03 5.102676e+04 1.201082e+04 3.855333e+03 6.218398e+04 3.624123e+03 -2.060355e+03 1.285035e+05 5.604946e+03 5.830609e+04 1.374810e+04 5.062035e+03 -7.085175e+04 -4.520323e+03 2.148081e+03 -1.464013e+05 1.373794e+04 -4.256649e+03 -3.821156e+03 4.478629e+04 -2.804203e+03 -1.463943e+05 -5.444762e+04 2.976028e+03
-8.383838e-03 -1.724713e+04 6.054955e+03 4.894500e+03 -5.547356e+04 -3.111267e+03 -1.846112e+05 -6.783976e+04 3.866447e+03 4.779807e+03 5.531375e+04 1.317836e+04 4.158985e+03 6.799907e+04 3.744727e+03 -2.160980e+03 1.422352e+05 5.847674e+03 6.320440e+04 1.508268e+04 5.450992e+03 -7.747787e+04 -4.677902e+03 2.256974e+03 -1.620478e+05 1.507130e+04 -4.602130e+03 -3.987156e+03 4.854866e+04 -2.936154e+03 -1.620400e+05 -5.954061e+04 3.076637e+03
-8.181818e-03 -1.901969e+04 6.562425e+03 5.125761e+03 -6.041506e+04 -3.265458e+03 -2.054074e+05 -7.458184e+04 4.011834e+03 4.997844e+03 6.024156e+04 1.453630e+04 4.507144e+03 7.475459e+04 3.876366e+03 -2.269117e+03 1.582533e+05 6.118865e+03 6.883490e+04 1.663483e+04 5.896929e+03 -8.517561e+04 -4.850802e+03 2.373559e+03 -1.802998e+05 1.662203e+04 -4.998274e+03 -4.172629e+03 5.287344e+04 -3.078122e+03 -1.802910e+05 -6.545742e+04 3.186590e+03
-7.979798e-03 -2.110067e+04 7.149955e+03 5.386894e+03 -6.614761e+04 -3.430845e+03 -2.298942e+05 -8.249202e+04 4.172859e+03 5.243299e+03 6.595827e+04 1.613067e+04 4.910230e+03 8.268030e+04 4.021102e+03 -2.385389e+03 1.771138e+05 6.424629e+03 7.536677e+04 1.845715e+04 6.413186e+03 -9.420679e+04 -5.042010e+03 2.498337e+03 -2.017906e+05 1.844266e+04 -5.456947e+03 -4.381758e+03 5.789057e+04 -3.230991e+03 -2.017807e+05 -7.239933e+04 3.307663e+03
-7.777778e-03 -2.357065e+04 7.837992e+03 5.685005e+03 -7.286920e+04 -3.608128e+03 -2.590403e+05 -9.187933e+04 4.352960e+03 5.522593e+03 7.266131e+04 1.802325e+04 5.382272e+03 9.208578e+04 4.181666e+03 -2.510404e+03 1.995629e+05 6.773126e+03 8.302558e+04 2.062024e+04 7.017714e+03 -1.049242e+05 -5.255495e+03 2.631722e+03 -2.273707e+05 2.060370e+04 -5.994126e+03 -4.620128e+03 6.377331e+04 -3.395659e+03 -2.273595e+05 -8.063754e+04 3.442208e+03
-7.575758e-03 -2.654046e+04 8.654797e+03 6.029848e+03 -8.085023e+04 -3.797818e+03 -2.941788e+05 -1.031707e+05 4.556851e+03 5.844528e+03 8.062033e+04 2.029902e+04 5.942656e+03 1.033987e+05 4.361781e+03 -2.644691e+03 2.266273e+05 7.175553e+03 9.211947e+04 2.322121e+04 7.735328e+03 -1.178150e+05 -5.496691e+03 2.773923e+03 -2.582099e+05 2.320217e+04 -6.631889e+03 -4.895404e+03 7.075833e+04 -3.572966e+03 -2.581970e+05 -9.054670e+04 3.593449e+03
-7.373737e-03 -3.016719e+04 9.640719e+03 6.435280e+03 -9.047108e+04 -4.000002e+03 -3.371984e+05 -1.169740e+05 4.791240e+03 6.221574e+03 9.021466e+04 2.307842e+04 6.619056e+03 1.172278e+05 4.566725e+03 -2.788565e+03 2.597616e+05 7.647795e+03 1.030818e+05 2.639765e+04 8.601450e+03 -1.335732e+05 -5.773312e+03 2.924740e+03 -2.959656e+05 2.637552e+04 -7.401761e+03 -5.218459e+03 7.917854e+04 -3.763552e+03 -2.959507e+05 -1.026603e+05 3.765960e+03
-7.171717e-03 -3.468183e+04 1.085572e+04 6.921796e+03 -1.022868e+05 -4.213886e+03 -3.908760e+05 -1.341881e+05 5.066106e+03 6.672147e+03 1.019978e+05 2.653856e+04 7.452595e+03 1.344736e+05 4.804325e+03 -2.941865e+03 3.011045e+05 8.213329e+03 1.165451e+05 3.035199e+04 9.668713e+03 -1.532246e+05 -6.096817e+03 3.083143e+03 -3.430752e+05 3.032591e+04 -8.350582e+03 -5.605361e+03 8.951967e+04 -3.967563e+03 -3.430576e+05 -1.177671e+05 3.966543e+03
-6.969697e-03 -4.044075e+04 1.239355e+04 7.521342e+03 -1.171462e+05 -4.436843e+03 -4.594926e+05 -1.562076e+05 5.397155e+03 7.224897e+03 1.168161e+05 3.095266e+04 8.507569e+03 1.565330e+05 5.086877e+03 -3.103390e+03 3.539532e+05 8.908717e+03 1.334765e+05 3.539640e+04 1.101942e+04 -1.783612e+05 -6.485205e+03 3.246436e+03 -4.032957e+05 3.536519e+04 -9.551597e+03 -6.081136e+03 1.025246e+05 -4.184026e+03 -4.032747e+05 -1.370910e+05 4.205911e+03
-6.767677e-03 -4.802970e+04 1.441108e+04 8.287262e+03 -1.364316e+05 -4.662306e+03 -5.500800e+05 -1.853408e+05 5.810988e+03 7.927585e+03 1.360480e+05 3.676982e+04 9.891543e+03 1.857179e+05 5.435203e+03 -3.269643e+03 4.237235e+05 9.794965e+03 1.554511e+05 4.204412e+04 1.279127e+04 -2.116173e+05 -6.968907e+03 3.408387e+03 -4.827984e+05 4.200595e+04 -1.112735e+04 -6.687536e+03 1.194030e+05 -4.409427e+03 -4.827728e+05 -1.626577e+05 4.502244e+03
-6.565657e-03 -5.850172e+04 1.719661e+04 9.317559e+03 -1.626024e+05 -4.874542e+03 -6.752640e+05 -2.257677e+05 6.357401e+03 8.867822e+03 1.621457e+05 4.479735e+04 1.180217e+04 2.262155e+05 5.888346e+03 -3.431679e+03 5.201396e+05 1.098408e+04 1.852711e+05 5.121773e+04 1.523730e+04 -2.577642e+05 -7.604814e+03 3.554629e+03 -5.926641e+05 5.116965e+04 -1.330302e+04 -7.501208e+03 1.423069e+05 -4.634143e+03 -5.926319e+05 -1.981355e+05 4.889690e+03
-6.363636e-03 -7.402500e+04 2.135997e+04 1.081983e+04 -2.006643e+05 -5.033393e+03 -8.610003e+05 -2.861674e+05 7.144383e+03 1.023096e+04 2.001000e+05 5.669747e+04 1.465749e+04 2.867187e+05 6.531267e+03 -3.565843e+03 6.631923e+05 1.271318e+04 2.286402e+05 6.481688e+04 1.889277e+04 -3.267077e+05 -8.516156e+03 3.649253e+03 -7.556725e+05 6.475345e+04 -1.655489e+04 -8.684410e+03 1.756166e+05 -4.831896e+03 -7.556301e+05 -2.511408e+05 5.442672e+03
-6.161616e-03 -1.002354e+05 2.853795e+04 1.335330e+04 -2.634644e+05 -5.015321e+03 -1.174620e+06 -3.893068e+05 8.471000e+03 1.251580e+04 2.627189e+05 7.679061e+04 1.957928e+04 3.900319e+05 7.600469e+03 -3.597754e+03 9.047395e+05 1.562077e+04 3.001966e+05 8.777945e+04 2.519421e+04 -4.444333e+05 -1.004393e+04 3.583123e+03 -1.030916e+06 8.768857e+04 -2.216112e+04 -1.067398e+04 2.305728e+05 -4.918697e+03 -1.030855e+06 -3.416535e+05 6.368575e+03
-5.959596e-03 -1.619274e+05 4.620881e+04 1.948948e+04 -4.067243e+05 -4.196541e+03 -1.911547e+06 -6.363656e+05 1.175730e+04 1.801436e+04 4.055502e+05 1.240825e+05 3.169194e+04 6.375004e+05 1.022652e+04 -3.146356e+03 1.472317e+06 2.264221e+04 4.634304e+05 1.418288e+05 4.070499e+04 -7.264244e+05 -1.380645e+04 2.808562e+03 -1.677672e+06 1.416676e+05 -3.596040e+04 -1.547783e+04 3.559268e+05 -4.460770e+03 -1.677565e+06 -5.584663e+05 8.659405e+03
-5.757576e-03 -1.300528e+05 3.174964e+04 1.422059e+04 -3.496173e+05 -6.666937e+03 -1.545786e+06 -4.885259e+05 8.088861e+03 1.335869e+04 3.487033e+05 9.967283e+04 2.180096e+04 4.894149e+05 7.195360e+03 -4.756908e+03 1.190581e+06 1.664828e+04 3.983684e+05 1.139019e+05 2.801688e+04 -5.576841e+05 -9.647018e+03 4.907363e+03 -1.356640e+06 1.138074e+05 -2.468853e+04 -1.138358e+04 3.060304e+05 -6.364716e+03 -1.356574e+06 -4.287230e+05 5.983409e+03
-5.555556e-03 -5.252891e+05 1.401944e+05 5.057803e+04 -1.266195e+06 4.456474e+02 -6.288153e+06 -2.064962e+06 2.637316e+04 4.581024e+04 1.262593e+06 4.026906e+05 9.614728e+04 2.068413e+06 2.143959e+04 -5.750784e+02 4.843096e+06 5.816776e+04 1.442741e+06 4.601869e+05 1.231949e+05 -2.356965e+06 -3.050366e+04 -1.400289e+03 -5.518710e+06 4.596601e+05 -1.093976e+05 -3.979860e+04 1.108092e+06 -1.667833e+03 -5.518342e+06 -1.812159e+06 1.846690e+04
-5.353535e-03 2.872297e+05 -8.448617e+04 -2.406366e+04 6.025886e+05 -1.676338e+04 3.462327e+06 1.190186e+06 -1.113899e+04 -2.069169e+04 -6.006714e+05 -2.202508e+05 -5.787526e+04 -1.191986e+06 -7.655431e+03 -1.093289e+04 -2.666587e+06 -2.699836e+04 -6.866022e+05 -2.517083e+05 -7.398870e+04 1.358288e+06 1.221217e+04 1.358848e+04 3.038638e+06 -2.513318e+05 6.610358e+04 1.848752e+04 -5.271721e+05 -1.357888e+04 3.038399e+06 1.044465e+06 -7.088323e+03
-5.151515e-03 8.117956e+04 -3.010022e+04 -5.772178e+03 1.162938e+05 -1.404256e+04 9.853675e+05 3.778433e+05 -2.220190e+03 -4.331244e+03 -1.157608e+05 -6.226852e+04 -2.058142e+04 -3.783221e+05 -7.337120e+02 -9.419273e+03 -7.588849e+05 -6.090803e+03 -1.324985e+05 -7.117844e+04 -2.625365e+04 4.311109e+05 2.018668e+03 1.109868e+04 8.647950e+05 -7.101662e+04 2.361409e+04 4.176711e+03 -1.016028e+05 -1.195740e+04 8.646910e+05 3.315768e+05 -1.037583e+03
-4.949495e-03 5.310264e+04 -2.342685e+04 -3.172129e+03 4.296882e+04 -1.482305e+04 6.488318e+05 2.737710e+05 -9.066730e+02 -1.952517e+03 -4.262589e+04 -4.074318e+04 -1.600036e+04 -2.740641e+05 3.498772e+02 -9.996856e+03 -4.996895e+05 -3.086531e+03 -4.894801e+04 -4.658258e+04 -2.039119e+04 3.123095e+05 4.848013e+02 1.165406e+04 5.694424e+05 -4.644482e+04 1.839996e+04 2.120752e+03 -3.741873e+04 -1.274529e+04 5.693541e+05 2.402449e+05 -1.152462e+02
-4.747475e-03 1.172903e+05 -3.467766e+04 -5.978899e+03 2.013398e+05 -1.649998e+04 1.440876e+06 5.147450e+05 -9.807340e+02 -4.391041e+03 -2.006271e+05 -8.999355e+04 -2.373347e+04 -5.153873e+05 6.534236e+02 -1.105235e+04 -1.109662e+06 -6.244638e+03 -2.294094e+05 -1.028290e+05 -3.025724e+04 5.873062e+05 5.233856e+02 1.296341e+04 1.264528e+06 -1.026487e+05 2.721921e+04 4.292109e+03 -1.760789e+05 -1.411014e+04 1.264413e+06 4.517114e+05 1.158600e+02
-4.545455e-03 5.988647e+05 -1.021404e+05 -2.463249e+04 1.483977e+06 -1.799298e+04 7.397020e+06 2.228609e+06 7.249118e+02 -2.101638e+04 -1.480568e+06 -4.595283e+05 -7.021529e+04 -2.231844e+06 4.442740e+03 -1.144488e+04 -5.696590e+06 -2.747550e+04 -1.690979e+06 -5.247969e+05 -8.945064e+04 2.543267e+06 -1.479060e+03 1.406486e+04 6.491488e+06 -5.243835e+05 8.019562e+04 1.890399e+04 -1.299323e+06 -1.476517e+04 6.491237e+06 1.955715e+06 3.395938e+03
-4.343434e-03 -4.030661e+05 2.534074e+04 1.233907e+04 -1.254902e+06 -2.285168e+04 -5.005493e+06 -1.267219e+06 -4.571934e+03 1.227266e+04 1.252754e+06 3.093209e+05 1.772644e+04 1.269363e+06 -4.640620e+03 -1.603406e+04 3.854795e+06 1.479870e+04 1.429990e+06 3.530999e+05 2.243847e+04 -1.446474e+06 4.475956e+03 1.803895e+04 -4.392631e+06 3.530929e+05 -1.999954e+04 -1.020329e+04 1.099367e+06 -2.028628e+04 -4.392618e+06 -1.112058e+06 -4.637586e+03
-4.141414e-03 2.727925e+05 -4.485870e+04 -5.776172e+03 6.188050e+05 -2.382593e+04 3.407301e+06 1.059637e+06 5.379380e+03 -3.831938e+03 -6.173733e+05 -2.094000e+05 -3.081705e+04 -1.060959e+06 7.373678e+03 -1.587532e+04 -2.623947e+06 -5.753082e+03 -7.051265e+05 -2.391154e+05 -3.914143e+04 1.209021e+06 -6.988460e+03 1.846103e+04 2.990150e+06 -2.388911e+05 3.534121e+04 4.001946e+03 -5.417943e+05 -2.053734e+04 2.990010e+06 9.298692e+05 5.809688e+03
-3.939394e-03 -8.158657e+05 7.378473e+02 8.176170e+03 -2.684799e+06 -4.296519e+04 -1.024110e+07 -2.404190e+06 -2.493048e+04 9.332387e+03 2.680909e+06 6.263360e+05 1.406593e+03 2.408150e+06 -2.374589e+04 -3.011415e+04 7.886561e+06 1.042240e+04 3.059450e+06 7.147799e+05 9.277924e+02 -2.744173e+06 2.729323e+04 3.437052e+04 -8.987015e+06 7.149146e+05 -1.322956e+03 -7.339295e+03 2.352614e+06 -3.764962e+04 -8.987087e+06 -2.109798e+06 -2.169758e+04
-3.737374e-03 1.242892e+07 -2.045906e+05 -1.392262e+04 3.801947e+07 -1.092128e+04 1.568051e+08 3.939136e+07 4.816383e+05 -8.266324e+03 -3.796276e+07 -9.543339e+06 -1.520984e+05 -3.944773e+07 4.874309e+05 5.579647e+03 -1.207524e+08 -1.093762e+04 -4.332500e+07 -1.089132e+07 -1.783041e+05 4.495253e+07 -5.539120e+05 -5.987120e+03 1.376029e+08 -1.089063e+07 1.745541e+05 1.104511e+04 -3.331388e+07 -9.212137e+03 1.376031e+08 3.456757e+07 4.238424e+05
-3.535354e-03 1.398426e+07 -2.314170e+05 1.020707e+05 4.113178e+07 -5.476253e+05 1.772674e+08 4.630894e+07 6.519007e+05 1.216706e+05 -4.107092e+07 -1.073922e+07 -1.711099e+05 -4.636862e+07 6.719596e+05 -3.585551e+05 -1.365097e+08 1.380427e+05 -4.687179e+07 -1.225602e+07 -1.979481e+05 5.283913e+07 -7.648985e+05 4.087789e+05 1.555589e+08 -1.225358e+07 2.001102e+05 -9.006216e+04 -3.604130e+07 -4.803753e+05 1.555598e+08 4.063810e+07 5.727099e+05
-3.333333e-03 7.760054e+05 -3.490936e+04 1.184401e+04 2.019834e+06 -8.656597e+04 9.882518e+06 2.846290e+06 4.175949e+04 1.476983e+04 -2.016623e+06 -5.960416e+05 -2.445061e+04 -2.849275e+06 4.474902e+04 -5.814206e+04 -7.610103e+06 1.624313e+04 -2.301696e+06 -6.802685e+05 -3.002557e+04 3.246963e+06 -5.036943e+04 6.639188e+04 8.672297e+06 -6.799242e+05 2.847055e+04 -1.084854e+04 -1.769669e+06 -7.582854e+04 8.672094e+06 2.497676e+06 3.712640e+04
-3.131313e-03 5.152796e+04 -1.984438e+04 1.163867e+03 -9.676504e+03 -2.752934e+04 6.595657e+05 3.190929e+05 3.079196e+03 2.253211e+03 9.911290e+03 -3.959172e+04 -1.353835e+04 -3.192361e+05 4.190999e+03 -1.867242e+04 -5.078942e+05 2.076555e+03 1.104092e+04 -4.523115e+04 -1.726267e+04 3.638045e+05 -4.271107e+03 2.138160e+04 5.788237e+05 -4.510273e+04 1.557893e+04 -1.399702e+03 8.686928e+03 -2.405437e+04 5.787420e+05 2.800019e+05 3.090821e+03
-2.929293e-03 -4.547496e+05 -8.225469e+03 -1.391326e+04 -1.285899e+06 6.176824e+04 -5.839272e+06 -1.657855e+06 -3.097076e+04 -1.506911e+04 1.284295e+06 3.493810e+05 -5.231264e+03 1.659349e+06 -3.215004e+04 4.163825e+04 4.496449e+06 -1.760933e+04 1.465374e+06 3.986668e+05 -7.575413e+03 -1.890983e+06 3.705893e+04 -4.737016e+04 -5.124110e+06 3.985311e+05 5.604513e+03 1.187514e+04 1.126999e+06 5.428262e+04 -5.124009e+06 -1.454777e+06 -2.685289e+04
-2.727273e-03 -2.913558e+04 -1.443340e+04 -1.046297e+03 -1.932686e+05 -1.034401e+04 -3.750896e+05 -1.580427e+04 -2.157983e+03 -5.352332e+02 1.932014e+05 2.238093e+04 -9.794047e+03 1.592234e+04 -1.637402e+03 -7.053558e+03 2.888320e+05 -9.611807e+02 2.202535e+05 2.550578e+04 -1.263172e+04 -1.814015e+04 2.223033e+03 8.102560e+03 -3.291280e+05 2.556653e+04 1.119486e+04 6.478916e+02 1.695310e+05 -9.012443e+03 -3.291664e+05 -1.387214e+04 -1.618695e+03
-2.525253e-03 2.437283e+04 -1.418789e+04 1.157166e+03 -6.199807e+04 -2.300707e+04 3.157848e+05 2.066537e+05 2.010307e+03 1.873582e+03 6.210309e+04 -1.873786e+04 -9.665482e+03 -2.066800e+05 2.739654e+03 -1.562628e+04 -2.431586e+05 1.837493e+03 7.066161e+04 -2.141285e+04 -1.237013e+04 2.355394e+05 -2.816051e+03 1.785950e+04 2.771298e+05 -2.132749e+04 1.109442e+04 -1.244749e+03 5.448907e+04 -2.013682e+04 2.770751e+05 1.813335e+05 1.999722e+03
-2.323232e-03 -2.582828e+03 -1.265471e+04 -4.421684e+01 -1.157222e+05 -1.393903e+04 -3.308859e+04 7.910295e+04 -1.679449e+02 4.334464e+02 1.157423e+05 1.978781e+03 -8.604944e+03 -7.906535e+04 3.179165e+02 -9.478477e+03 2.548089e+04 2.353254e+02 1.318835e+05 2.232394e+03 -1.106959e+04 9.010780e+04 -9.838987e+01 1.084334e+04 -2.901842e+04 2.289510e+03 9.841060e+03 -1.602991e+02 1.015591e+05 -1.218974e+04 -2.905490e+04 6.940905e+04 5.584508e+01
-2.121212e-03 -1.012363e+05 -9.974279e+03 -5.638179e+03 -2.983742e+05 3.039864e+04 -1.317712e+06 -4.463988e+05 -9.255905e+03 -5.969577e+03 2.981340e+05 7.781506e+04 -6.726679e+03 4.465929e+05 -9.593197e+03 2.061587e+04 1.014648e+06 -7.036339e+03 3.400282e+05 8.877642e+04 -8.853779e+03 -5.089488e+05 1.116073e+04 -2.346123e+04 -1.156307e+06 8.873695e+04 7.564495e+03 4.768722e+03 2.616122e+05 2.670742e+04 -1.156279e+06 -3.917066e+05 -7.946269e+03
-1.919192e-03 5.500734e+04 -1.222775e+04 3.507774e+03 -6.444725e+03 -4.255529e+04 7.185853e+05 4.013447e+05 5.410473e+03 4.333048e+03 6.601422e+03 -4.229449e+04 -8.344646e+03 -4.013771e+05 6.249096e+03 -2.890880e+04 -5.533092e+05 4.751072e+03 7.353303e+03 -4.828326e+04 -1.064127e+04 4.574261e+05 -6.924902e+03 3.297210e+04 6.305870e+05 -4.818414e+04 9.597997e+03 -3.222486e+03 5.786069e+03 -3.731450e+04 6.305234e+05 3.521674e+05 4.899072e+03
-1.717172e-03 7.033499e+06 -1.315748e+05 4.711870e+05 1.089619e+07 -4.484035e+06 9.206263e+07 4.542174e+07 7.163545e+05 5.336614e+05 -1.088091e+07 -5.407723e+06 -9.269170e+04 -4.542727e+07 7.798525e+05 -3.046113e+06 -7.088953e+07 6.088259e+05 -1.241702e+07 -6.171086e+06 -1.068465e+05 5.176961e+07 -8.885626e+05 3.471418e+06 8.078680e+07 -6.163455e+06 1.142301e+05 -4.130300e+05 -9.548219e+06 -3.934671e+06 8.078395e+07 3.985709e+07 6.287236e+05
-1.515152e-03 -9.119536e+05 4.211580e+03 -6.506618e+04 -1.362152e+06 6.853385e+05 -1.196433e+07 -6.560230e+06 -9.633491e+04 -7.336392e+04 1.360461e+06 7.012345e+05 3.226803e+03 6.560241e+06 -1.047589e+05 4.656945e+05 9.212321e+06 -8.385917e+04 1.552285e+06 8.001806e+05 2.650870e+03 -7.476449e+06 1.195339e+05 -5.307174e+05 -1.049891e+07 7.991866e+05 -4.720711e+03 5.691049e+04 1.193824e+06 6.013694e+05 -1.049816e+07 -5.756301e+06 -8.441844e+04
-1.313131e-03 6.576612e+04 -1.080030e+04 5.038630e+03 -1.471585e+04 -7.316670e+04 8.647960e+05 6.249880e+05 7.259987e+03 5.923357e+03 1.484723e+04 -5.057775e+04 -7.368940e+03 -6.249192e+05 8.157790e+03 -4.973237e+04 -6.658794e+05 6.639755e+03 1.677805e+04 -5.772745e+04 -9.407862e+03 7.121925e+05 -9.175656e+03 5.669044e+04 7.588819e+05 -5.762053e+04 8.466907e+03 -4.507247e+03 1.302254e+04 -6.418804e+04 7.588134e+05 5.484008e+05 6.463818e+03
-1.111111e-03 -2.830042e+04 -9.207872e+03 -2.158464e+03 -1.217213e+05 2.050420e+04 -3.724397e+05 -2.062487e+05 -3.129145e+03 -2.257246e+03 1.217050e+05 2.176122e+04 -6.255087e+03 2.062373e+05 -3.229501e+03 1.393758e+04 2.867727e+05 -2.674567e+03 1.387191e+05 2.482241e+04 -8.110638e+03 -2.350400e+05 3.780814e+03 -1.587441e+04 -3.268153e+05 2.481053e+04 7.097562e+03 1.815711e+03 1.067922e+05 1.800121e+04 -3.268071e+05 -1.809742e+05 -2.668471e+03
-9.090909e-04 1.106846e+04 -9.437507e+03 9.644659e+02 -8.196752e+04 -2.759282e+04 1.461432e+05 2.044989e+05 1.323778e+03 1.238659e+03 8.200283e+04 -8.515382e+03 -6.422207e+03 -2.044439e+05 1.601767e+03 -1.876025e+04 -1.125261e+05 1.334186e+03 9.341644e+04 -9.724896e+03 -8.280510e+03 2.329973e+05 -1.745016e+03 2.138763e+04 1.282484e+05 -9.691645e+03 7.319599e+03 -9.060395e+02 7.195289e+04 -2.420411e+04 1.282271e+05 1.794379e+05 1.223501e+03
-7.070707e-04 1.318300e+04 -9.245995e+03 1.155390e+03 -8.162833e+04 -3.654648e+04 1.741866e+05 2.737153e+05 1.586060e+03 1.419865e+03 8.166246e+04 -1.014155e+04 -6.291816e+03 -2.736367e+05 1.854148e+03 -2.484959e+04 -1.341187e+05 1.559502e+03 9.302984e+04 -1.157869e+04 -8.115656e+03 3.118545e+05 -2.051485e+03 2.832563e+04 1.528556e+05 -1.154659e+04 7.167809e+03 -1.059122e+03 7.165425e+04 -3.206231e+04 1.528350e+05 2.401714e+05 1.439136e+03
-5.050505e-04 -6.366879e+03 -8.962294e+03 -5.105766e+02 -9.259487e+04 5.994878e+03 -8.402518e+04 -6.775315e+04 -7.290464e+02 -4.973205e+02 9.261311e+04 4.895649e+03 -6.095636e+03 6.774205e+04 -7.156698e+02 4.077974e+03 6.469772e+04 -6.103918e+02 1.055271e+05 5.582244e+03 -7.880079e+03 -7.720362e+04 8.591476e+02 -4.643521e+03 -7.373039e+04 5.583880e+03 6.930888e+03 4.145140e+02 8.126363e+04 5.264213e+03 -7.373131e+04 -5.944980e+04 -6.061915e+02
-3.030303e-04 -4.011313e+04 -8.761180e+03 -3.456589e+03 -1.004745e+05 1.724943e+05 -5.296974e+05 -1.371974e+06 -4.943125e+03 -3.860332e+03 1.004770e+05 3.084129e+04 -5.956242e+03 1.372297e+06 -5.356805e+03 1.173355e+05 4.080616e+05 -4.432342e+03 1.145065e+05 3.520433e+04 -7.713313e+03 -1.563128e+06 6.127834e+03 -1.336478e+05 -4.648156e+05 3.514178e+04 6.762338e+03 3.008361e+03 8.816434e+04 1.514402e+05 -4.650213e+05 -1.204480e+06 -4.319534e+03
-1.010101e-04 -4.928782e+03 -8.862294e+03 -4.239502e+02 -8.934878e+04 5.704664e+04 -6.516174e+04 -4.618692e+05 -5.885165e+02 -4.635248e+02 8.937024e+04 3.790857e+03 -6.028373e+03 4.617268e+05 -6.286414e+02 3.879741e+04 5.017278e+04 -5.374170e+02 1.018279e+05 4.324945e+03 -7.791885e+03 -5.262172e+05 7.250520e+02 -4.421363e+04 -5.717978e+04 4.320148e+03 6.854677e+03 3.650122e+02 7.841799e+04 5.005801e+04 -5.717660e+04 -4.052650e+05 -5.097642e+02
1.010101e-04 4.928782e+03 -8.862294e+03 4.239502e+02 -8.934878e+04 5.704664e+04 6.516174e+04 -4.618692e+05 5.885165e+02 4.635248e+02 8.937024e+04 -3.790857e+03 -6.028373e+03 4.617268e+05 6.286414e+02 3.879741e+04 -5.017278e+04 5.374170e+02 1.018279e+05 -4.324945e+03 -7.791885e+03 -5.262172e+05 -7.250520e+02 -4.421363e+04 5.717978e+04 -4.320148e+03 6.854677e+03 -3.650122e+02 7.841799e+04 5.005801e+04 5.717660e+04 -4.052650e+05 5.097642e+02
3.030303e-04 4.011313e+04 -8.761180e+03 3.456589e+03 -1.004745e+05 1.724943e+05 5.296974e+05 -1.371974e+06 4.943125e+03 3.860332e+03 1.004770e+05 -3.084129e+04 -5.956242e+03 1.372297e+06 5.356805e+03 1.173355e+05 -4.080616e+05 4.432342e+03 1.145065e+05 -3.520433e+04 -7.713313e+03 -1.563128e+06 -6.127834e+03 -1.336478e+05 4.648156e+05 -3.514178e+04 6.762338e+03 -3.008361e+03 8.816434e+04 1.514402e+05 4.650213e+05 -1.204480e+06 4.319534e+03
5.050505e-04 6.366879e+03 -8.962294e+03 5.105766e+02 -9.259487e+04 5.994878e+03 8.402518e+04 -6.775315e+04 7.290464e+02 4.973205e+02 9.261311e+04 -4.895649e+03 -6.095636e+03 6.774205e+04 7.156698e+02 4.077974e+03 -6.469772e+04 6.103918e+02 1.055271e+05 -5.582244e+03 -7.880079e+03 -7.720362e+04 -8.591476e+02 -4.643521e+03 7.373039e+04 -5.583880e+03 6.930888e+03 -4.145140e+02 8.126363e+04 5.264213e+03 7.373131e+04 -5.944980e+04 6.061915e+02
7.070707e-04 -1.318300e+04 -9.245995e+03 -1.155390e+03 -8.162833e+04 -3.654648e+04 -1.741866e+05 2.737153e+05 -1.586060e+03 -1.419865e+03 8.166246e+04 1.014155e+04 -6.291816e+03 -2.736367e+05 -1.854148e+03 -2.484959e+04 1.341187e+05 -1.559502e+03 9.302984e+04 1.157869e+04 -8.115656e+03 3.118545e+05 2.051485e+03 2.832563e+04 -1.528556e+05 1.154659e+04 7.167809e+03 1.059122e+03 7.165425e+04 -3.206231e+04 -1.528350e+05 2.401714e+05 -1.439136e+03
9.090909e-04 -1.106846e+04 -9.437507e+03 -9.644659e+02 -8.196752e+04 -2.759282e+04 -1.461432e+05 2.044989e+05 -1.323778e+03 -1.238659e+03 8.200283e+04 8.515382e+03 -6.422207e+03 -2.044439e+05 -1.601767e+03 -1.876025e+04 1.125261e+05 -1.334186e+03 9.341644e+04 9.724896e+03 -8.280510e+03 2.329973e+05 1.745016e+03 2.138763e+04 -1.282484e+05 9.691645e+03 7.319599e+03 9.060395e+02 7.195289e+04 -2.420411e+04 -1.282271e+05 1.794379e+05 -1.223501e+03
1.111111e-03 2.830042e+04 -9.207872e+03 2.158464e+03 -1.217213e+05 2.050420e+04 3.724397e+05 -2.062487e+05 3.129145e+03 2.257246e+03 1.217050e+05 -2.176122e+04 -6.255087e+03 2.062373e+05 3.229501e+03 1.393758e+04 -2.867727e+05 2.674567e+03 1.387191e+05 -2.482241e+04 -8.110638e+03 -2.350400e+05 -3.780814e+03 -1.587441e+04 3.268153e+05 -2.481053e+04 7.097562e+03 -1.815711e+03 1.067922e+05 1.800121e+04 3.268071e+05 -1.809742e+05 2.668471e+03
1.313131e-03 -6.576612e+04 -1.080030e+04 -5.038630e+03 -1.471585e+04 -7.316670e+04 -8.647960e+05 6.249880e+05 -7.259987e+03 -5.923357e+03 1.484723e+04 5.057775e+04 -7.368940e+03 -6.249192e+05 -8.157790e+03 -4.973237e+04 6.658794e+05 -6.639755e+03 1.677805e+04 5.772745e+04 -9.407862e+03 7.121925e+05 9.175656e+03 5.669044e+04 -7.588819e+05 5.762053e+04 8.466907e+03 4.507247e+03 1.302254e+04 -6.418804e+04 -7.588134e+05 5.484008e+05 -6.463818e+03
1.515152e-03 9.119537e+05 4.211581e+03 6.506618e+04 -1.362152e+06 6.853385e+05 1.196433e+07 -6.560231e+06 9.633492e+04 7.336393e+04 1.360461e+06 -7.012346e+05 3.226804e+03 6.560241e+06 1.047589e+05 4.656945e+05 -9.212321e+06 8.385918e+04 1.552285e+06 -8.001807e+05 2.650871e+03 -7.476450e+06 -1.195339e+05 -5.307174e+05 1.049891e+07 -7.991867e+05 -4.720712e+03 -5.691049e+04 1.193824e+06 6.013695e+05 1.049816e+07 -5.756301e+06 8.441845e+04
1.717172e-03 -7.033494e+06 -1.315747e+05 -4.711866e+05 1.089618e+07 -4.484032e+06 -9.206257e+07 4.542171e+07 -7.163540e+05 -5.336610e+05 -1.088090e+07 5.407719e+06 -9.269164e+04 -4.542724e+07 -7.798520e+05 -3.046111e+06 7.088948e+07 -6.088254e+05 -1.241701e+07 6.171081e+06 -1.068464e+05 5.176957e+07 8.885620e+05 3.471415e+06 -8.078674e+07 6.163451e+06 1.142301e+05 4.130297e+05 -9.548212e+06 -3.934669e+06 -8.078390e+07 3.985706e+07 -6.287232e+05
1.919192e-03 -5.500734e+04 -1.222775e+04 -3.507774e+03 -6.444725e+03 -4.255529e+04 -7.185853e+05 4.013447e+05 -5.410473e+03 -4.333048e+03 6.601422e+03 4.229449e+04 -8.344646e+03 -4.013771e+05 -6.249096e+03 -2.890880e+04 5.533092e+05 -4.751072e+03 7.353303e+03 4.828326e+04 -1.064127e+04 4.574261e+05 6.924902e+03 3.297210e+04 -6.305870e+05 4.818414e+04 9.597997e+03 3.222486e+03 5.786069e+03 -3.731450e+04 -6.305234e+05 3.521674e+05 -4.899072e+03
2.121212e-03 1.012363e+05 -9.974279e+03 5.638179e+03 -2.983742e+05 3.039864e+04 1.317712e+06 -4.463988e+05 9.255905e+03 5.969577e+03 2.981340e+05 -7.781506e+04 -6.726679e+03 4.465929e+05 9.593197e+03 2.061587e+04 -1.014648e+06 7.036339e+03 3.400282e+05 -8.877642e+04 -8.853779e+03 -5.089488e+05 -1.116073e+04 -2.346123e+04 1.156307e+06 -8.873695e+04 7.564495e+03 -4.768722e+03 2.616122e+05 2.670742e+04 1.156279e+06 -3.917066e+05 7.946269e+03
2.323232e-03 2.582828e+03 -1.265471e+04 4.421684e+01 -1.157222e+05 -1.393903e+04 3.308859e+04 7.910295e+04 1.679449e+02 -4.334464e+02 1.157423e+05 -1.978781e+03 -8.604944e+03 -7.906535e+04 -3.179165e+02 -9.478477e+03 -2.548089e+04 -2.353254e+02 1.318835e+05 -2.232394e+03 -1.106959e+04 9.010780e+04 9.838987e+01 1.084334e+04 2.901842e+04 -2.289510e+03 9.841060e+03 1.602991e+02 1.015591e+05 -1.218974e+04 2.905490e+04 6.940905e+04 -5.584508e+01
2.525253e-03 -2.437283e+04 -1.418789e+04 -1.157166e+03 -6.199807e+04 -2.300707e+04 -3.157848e+05 2.066537e+05 -2.010307e+03 -1.873582e+03 6.210309e+04 1.873786e+04 -9.665482e+03 -2.066800e+05 -2.739654e+03 -1.562628e+04 2.431586e+05 -1.837493e+03 7.066161e+04 2.141285e+04 -1.237013e+04 2.355394e+05 2.816051e+03 1.785950e+04 -2.771298e+05 2.132749e+04 1.109442e+04 1.244749e+03 5.448907e+04 -2.013682e+04 -2.770751e+05 1.813335e+05 -1.999722e+03
2.727273e-03 2.913558e+04 -1.443340e+04 1.046297e+03 -1.932686e+05 -1.034401e+04 3.750896e+05 -1.580427e+04 2.157983e+03 5.352332e+02 1.932014e+05 -2.238093e+04 -9.794047e+03 1.592234e+04 1.637402e+03 -7.053558e+03 -2.888320e+05 9.611807e+02 2.202535e+05 -2.550578e+04 -1.263172e+04 -1.814015e+04 -2.223033e+03 8.102560e+03 3.291280e+05 -2.556653e+04 1.119486e+04 -6.478916e+02 1.695310e+05 -9.012443e+03 3.291664e+05 -1.387214e+04 1.618695e+03
2.929293e-03 4.547496e+05 -8.225469e+03 1.391326e+04 -1.285899e+06 6.176824e+04 5.839272e+06 -1.657855e+06 3.097076e+04 1.506911e+04 1.284295e+06 -3.493810e+05 -5.231264e+03 1.659349e+06 3.215004e+04 4.163825e+04 -4.496449e+06 1.760933e+04 1.465374e+06 -3.986668e+05 -7.575413e+03 -1.890983e+06 -3.705893e+04 -4.737016e+04 5.124110e+06 -3.985311e+05 5.604513e+03 -1.187514e+04 1.126999e+06 5.428262e+04 5.124009e+06 -1.454777e+06 2.685289e+04
3.131313e-03 -5.152796e+04 -1.984438e+04 -1.163867e+03 -9.676504e+03 -2.752934e+04 -6.595657e+05 3.190929e+05 -3.079196e+03 -2.253211e+03 9.911290e+03 3.959172e+04 -1.353835e+04 -3.192361e+05 -4.190999e+03 -1.867242e+04 5.078942e+05 -2.076555e+03 1.104092e+04 4.523115e+04 -1.726267e+04 3.638045e+05 4.271107e+03 2.138160e+04 -5.788237e+05 4.510273e+04 1.557893e+04 1.399702e+03 8.686928e+03 -2.405437e+04 -5.787420e+05 2.800019e+05 -3.090821e+03
3.333333e-03 -7.760054e+05 -3.490936e+04 -1.184401e+04 2.019834e+06 -8.656597e+04 -9.882518e+06 2.846290e+06 -4.175949e+04 -1.476983e+04 -2.016623e+06 5.960416e+05 -2.445061e+04 -2.849275e+06 -4.474902e+04 -5.814206e+04 7.610103e+06 -1.624313e+04 -2.301696e+06 6.802685e+05 -3.002557e+04 3.246963e+06 5.036943e+04 6.639188e+04 -8.672297e+06 6.799242e+05 2.847055e+04 1.084854e+04 -1.769669e+06 -7.582854e+04 -8.672094e+06 2.497676e+06 -3.712640e+04
3.535354e-03 -1.398426e+07 -2.314170e+05 -1.020707e+05 4.113178e+07 -5.476253e+05 -1.772674e+08 4.630894e+07 -6.519007e+05 -1.216706e+05 -4.107092e+07 1.073922e+07 -1.711099e+05 -4.636862e+07 -6.719596e+05 -3.585551e+05 1.365097e+08 -1.380427e+05 -4.687179e+07 1.225602e+07 -1.979481e+05 5.283913e+07 7.648985e+05 4.087789e+05 -1.555589e+08 1.225358e+07 2.001102e+05 9.006216e+04 -3.604130e+07 -4.803753e+05 -1.555598e+08 4.063810e+07 -5.727099e+05
3.737374e-03 -1.242892e+07 -2.045906e+05 1.392262e+04 3.801947e+07 -1.092128e+04 -1.568051e+08 3.939136e+07 -4.816383e+05 8.266324e+03 -3.796276e+07 9.543339e+06 -1.520984e+05 -3.944773e+07 -4.874309e+05 5.579647e+03 1.207524e+08 1.093762e+04 -4.332500e+07 1.089132e+07 -1.783041e+05 4.495253e+07 5.539120e+05 -5.987120e+03 -1.376029e+08 1.089063e+07 1.745541e+05 -1.104511e+04 -3.331388e+07 -9.212137e+03 -1.376031e+08 3.456757e+07 -4.238424e+05
3.939394e-03 8.158657e+05 7.378474e+02 -8.176170e+03 -2.684799e+06 -4.296519e+04 1.024110e+07 -2.404190e+06 2.493048e+04 -9.332387e+03 2.680909e+06 -6.263360e+05 1.406593e+03 2.408150e+06 2.374589e+04 -3.011415e+04 -7.886561e+06 -1.042240e+04 3.059450e+06 -7.147799e+05 9.277924e+02 -2.744173e+06 -2.729323e+04 3.437052e+04 8.987015e+06 -7.149146e+05 -1.322956e+03 7.339295e+03 2.352614e+06 -3.764962e+04 8.987087e+06 -2.109798e+06 2.169758e+04
4.141414e-03 -2.727925e+05 -4.485870e+04 5.776172e+03 6.188050e+05 -2.382593e+04 -3.407301e+06 1.059637e+06 -5.379380e+03 3.831938e+03 -6.173733e+05 2.094000e+05 -3.081705e+04 -1.060959e+06 -7.373678e+03 -1.587532e+04 2.623947e+06 5.753082e+03 -7.051265e+05 2.391154e+05 -3.914143e+04 1.209021e+06 6.988460e+03 1.846103e+04 -2.990150e+06 2.388911e+05 3.534121e+04 -4.001946e+03 -5.417943e+05 -2.053734e+04 -2.990010e+06 9.298692e+05 -5.809688e+03
4.343434e-03 4.030661e+05 2.534074e+04 -1.233907e+04 -1.254902e+06 -2.285168e+04 5.005493e+06 -1.267219e+06 4.571934e+03 -1.227266e+04 1.252754e+06 -3.093209e+05 1.772644e+04 1.269363e+06 4.640620e+03 -1.603406e+04 -3.854795e+06 -1.479870e+04 1.429990e+06 -3.530999e+05 2.243847e+04 -1.446474e+06 -4.475956e+03 1.803895e+04 4.392631e+06 -3.530929e+05 -1.999954e+04 1.020329e+04 1.099367e+06 -2.028628e+04 4.392618e+06 -1.112058e+06 4.637586e+03
4.545455e-03 -5.988647e+05 -1.021404e+05 2.463249e+04 1.483977e+06 -1.799298e+04 -7.397020e+06 2.228609e+06 -7.249118e+02 2.101638e+04 -1.480568e+06 4.595283e+05 -7.021529e+04 -2.231844e+06 -4.442740e+03 -1.144488e+04 5.696590e+06 2.747550e+04 -1.690979e+06 5.247969e+05 -8.945064e+04 2.543267e+06 1.479060e+03 1.406486e+04 -6.491488e+06 5.243835e+05 8.019562e+04 -1.890399e+04 -1.299323e+06 -1.476517e+04 -6.491237e+06 1.955715e+06 -3.395938e+03
4.747475e-03 -1.172903e+05 -3.467766e+04 5.978899e+03 2.013398e+05 -1.649998e+04 -1.440876e+06 5.147450e+05 9.807340e+02 4.391041e+03 -2.006271e+05 8.999355e+04 -2.373347e+04 -5.153873e+05 -6.534236e+02 -1.105235e+04 1.109662e+06 6.244638e+03 -2.294094e+05 1.028290e+05 -3.025724e+04 5.873062e+05 -5.233856e+02 1.296341e+04 -1.264528e+06 1.026487e+05 2.721921e+04 -4.292109e+03 -1.760789e+05 -1.411014e+04 -1.264413e+06 4.517114e+05 -1.158600e+02
4.949495e-03 -5.310264e+04 -2.342685e+04 3.172129e+03 4.296882e+04 -1.482305e+04 -6.488318e+05 2.737710e+05 9.066730e+02 1.952517e+03 -4.262589e+04 4.074318e+04 -1.600036e+04 -2.740641e+05 -3.498772e+02 -9.996856e+03 4.996895e+05 3.086531e+03 -4.894801e+04 4.658258e+04 -2.039119e+04 3.123095e+05 -4.848013e+02 1.165406e+04 -5.694424e+05 4.644482e+04 1.839996e+04 -2.120752e+03 -3.741873e+04 -1.274529e+04 -5.693541e+05 2.402449e+05 1.152462e+02
5.151515e-03 -8.117956e+04 -3.010022e+04 5.772178e+03 1.162938e+05 -1.404256e+04 -9.853675e+05 3.778433e+05 2.220190e+03 4.331244e+03 -1.157608e+05 6.226852e+04 -2.058142e+04 -3.783221e+05 7.337120e+02 -9.419273e+03 7.588849e+05 6.090803e+03 -1.324985e+05 7.117844e+04 -2.625365e+04 4.311109e+05 -2.018668e+03 1.109868e+04 -8.647950e+05 7.101662e+04 2.361409e+04 -4.176711e+03 -1.016028e+05 -1.195740e+04 -8.646910e+05 3.315768e+05 1.037583e+03
5.353535e-03 -2.872297e+05 -8.448617e+04 2.406366e+04 6.025886e+05 -1.676338e+04 -3.462327e+06 1.190186e+06 1.113899e+04 2.069169e+04 -6.006714e+05 2.202508e+05 -5.787526e+04 -1.191986e+06 7.655431e+03 -1.093289e+04 2.666587e+06 2.699836e+04 -6.866022e+05 2.517083e+05 -7.398870e+04 1.358288e+06 -1.221217e+04 1.358848e+04 -3.038638e+06 2.513318e+05 6.610358e+04 -1.848752e+04 -5.271721e+05 -1.357888e+04 -3.038399e+06 1.044465e+06 7.088323e+03
5.555556e-03 5.252891e+05 1.401944e+05 -5.057803e+04 -1.266195e+06 4.456474e+02 6.288153e+06 -2.064962e+06 -2.637316e+04 -4.581024e+04 1.262593e+06 -4.026906e+05 9.614728e+04 2.068413e+06 -2.143959e+04 -5.750784e+02 -4.843096e+06 -5.816776e+04 1.442741e+06 -4.601869e+05 1.231949e+05 -2.356965e+06 3.050366e+04 -1.400289e+03 5.518710e+06 -4.596601e+05 -1.093976e+05 3.979860e+04 1.108092e+06 -1.667833e+03 5.518342e+06 -1.812159e+06 -1.846690e+04
5.757576e-03 1.300528e+05 3.174964e+04 -1.422059e+04 -3.496173e+05 -6.666937e+03 1.545786e+06 -4.885259e+05 -8.088861e+03 -1.335869e+04 3.487033e+05 -9.967283e+04 2.180096e+04 4.894149e+05 -7.195360e+03 -4.756908e+03 -1.190581e+06 -1.664828e+04 3.983684e+05 -1.139019e+05 2.801688e+04 -5.576841e+05 9.647018e+03 4.907363e+03 1.356640e+06 -1.138074e+05 -2.468853e+04 1.138358e+04 3.060304e+05 -6.364716e+03 1.356574e+06 -4.287230e+05 -5.983409e+03
5.959596e-03 1.619274e+05 4.620881e+04 -1.948948e+04 -4.067243e+05 -4.196541e+03 1.911547e+06 -6.363656e+05 -1.175730e+04 -1.801436e+04 4.055502e+05 -1.240825e+05 3.169194e+04 6.375004e+05 -1.022652e+04 -3.146356e+03 -1.472317e+06 -2.264221e+04 4.634304e+05 -1.418288e+05 4.070499e+04 -7.264244e+05 1.380645e+04 2.808562e+03 1.677672e+06 -1.416676e+05 -3.596040e+04 1.547783e+04 3.559268e+05 -4.460770e+03 1.677565e+06 -5.584663e+05 -8.659405e+03
6.161616e-03 1.002354e+05 2.853795e+04 -1.335330e+04 -2.634644e+05 -5.015321e+03 1.174620e+06 -3.893068e+05 -8.471000e+03 -1.251580e+04 2.627189e+05 -7.679061e+04 1.957928e+04 3.900319e+05 -7.600469e+03 -3.597754e+03 -9.047395e+05 -1.562077e+04 3.001966e+05 -8.777945e+04 2.519421e+04 -4.444333e+05 1.004393e+04 3.583123e+03 1.030916e+06 -8.768857e+04 -2.216112e+04 1.067398e+04 2.305728e+05 -4.918697e+03 1.030855e+06 -3.416535e+05 -6.368575e+03
6.363636e-03 7.402500e+04 2.135997e+04 -1.081983e+04 -2.006643e+05 -5.033393e+03 8.610003e+05 -2.861674e+05 -7.144383e+03 -1.023096e+04 2.001000e+05 -5.669747e+04 1.465749e+04 2.867187e+05 -6.531267e+03 -3.565843e+03 -6.631923e+05 -1.271318e+04 2.286402e+05 -6.481688e+04 1.889277e+04 -3.267077e+05 8.516156e+03 3.649253e+03 7.556725e+05 -6.475345e+04 -1.655489e+04 8.684410e+03 1.756166e+05 -4.831896e+03 7.556301e+05 -2.511408e+05 -5.442672e+03
6.565657e-03 5.850172e+04 1.719661e+04 -9.317559e+03 -1.626024e+05 -4.874542e+03 6.752640e+05 -2.257677e+05 -6.357401e+03 -8.867822e+03 1.621457e+05 -4.479735e+04 1.180217e+04 2.262155e+05 -5.888346e+03 -3.431679e+03 -5.201396e+05 -1.098408e+04 1.852711e+05 -5.121773e+04 1.523730e+04 -2.577642e+05 7.604814e+03 3.554629e+03 5.926641e+05 -5.116965e+04 -1.330302e+04 7.501208e+03 1.423069e+05 -4.634143e+03 5.926319e+05 -1.981355e+05 -4.889690e+03
6.767677e-03 4.802970e+04 1.441108e+04 -8.287262e+03 -1.364316e+05 -4.662306e+03 5.500800e+05 -1.853408e+05 -5.810988e+03 -7.927585e+03 1.360480e+05 -3.676982e+04 9.891543e+03 1.857179e+05 -5.435203e+03 -3.269643e+03 -4.237235e+05 -9.794965e+03 1.554511e+05 -4.204412e+04 1.279127e+04 -2.116173e+05 6.968907e+03 3.408387e+03 4.827984e+05 -4.200595e+04 -1.112735e+04 6.687536e+03 1.194030e+05 -4.409427e+03 4.827728e+05 -1.626577e+05 -4.502244e+03
6.969697e-03 4.044075e+04 1.239355e+04 -7.521342e+03 -1.171462e+05 -4.436843e+03 4.594926e+05 -1.562076e+05 -5.397155e+03 -7.224897e+03 1.168161e+05 -3.095266e+04 8.507569e+03 1.565330e+05 -5.086877e+03 -3.103390e+03 -3.539532e+05 -8.908717e+03 1.334765e+05 -3.539640e+04 1.101942e+04 -1.783612e+05 6.485205e+03 3.246436e+03 4.032957e+05 -3.536519e+04 -9.551597e+03 6.081136e+03 1.025246e+05 -4.184026e+03 4.032747e+05 -1.370910e+05 -4.205911e+03
7.171717e-03 3.468183e+04 1.085572e+04 -6.921796e+03 -1.022868e+05 -4.213886e+03 3.908760e+05 -1.341881e+05 -5.066106e+03 -6.672147e+03 1.019978e+05 -2.653856e+04 7.452595e+03 1.344736e+05 -4.804325e+03 -2.941865e+03 -3.011045e+05 -8.213329e+03 1.165451e+05 -3.035199e+04 9.668713e+03 -1.532246e+05 6.096817e+03 3.083143e+03 3.430752e+05 -3.032591e+04 -8.350582e+03 5.605361e+03 8.951967e+04 -3.967563e+03 3.430576e+05 -1.177671e+05 -3.966543e+03
7.373737e-03 3.016719e+04 9.640719e+03 -6.435280e+03 -9.047108e+04 -4.000002e+03 3.371984e+05 -1.169740e+05 -4.791240e+03 -6.221574e+03 9.021466e+04 -2.307842e+04 6.619056e+03 1.172278e+05 -4.566725e+03 -2.788565e+03 -2.597616e+05 -7.647795e+03 1.030818e+05 -2.639765e+04 8.601450e+03 -1.335732e+05 5.773312e+03 2.924740e+03 2.959656e+05 -2.637552e+04 -7.401761e+03 5.218459e+03 7.917854e+04 -3.763552e+03 2.959507e+05 -1.026603e+05 -3.765960e+03
7.575758e-03 2.654046e+04 8.654797e+03 -6.029848e+03 -8.085023e+04 -3.797818e+03 2.941788e+05 -1.031707e+05 -4.556851e+03 -5.844528e+03 8.062033e+04 -2.029902e+04 5.942656e+03 1.033987e+05 -4.361781e+03 -2.644691e+03 -2.266273e+05 -7.175553e+03 9.211947e+04 -2.322121e+04 7.735328e+03 -1.178150e+05 5.496691e+03 2.773923e+03 2.582099e+05 -2.320217e+04 -6.631889e+03 4.895404e+03 7.075833e+04 -3.572966e+03 2.581970e+05 -9.054670e+04 -3.593449e+03
7.777778e-03 2.357065e+04 7.837992e+03 -5.685005e+03 -7.286920e+04 -3.608128e+03 2.590403e+05 -9.187933e+04 -4.352960e+03 -5.522593e+03 7.266131e+04 -1.802325e+04 5.382272e+03 9.208578e+04 -4.181666e+03 -2.510404e+03 -1.995629e+05 -6.773126e+03 8.302558e+04 -2.062024e+04 7.017714e+03 -1.049242e+05 5.255495e+03 2.631722e+03 2.273707e+05 -2.060370e+04 -5.994126e+03 4.620128e+03 6.377331e+04 -3.395659e+03 2.273595e+05 -8.063754e+04 -3.442208e+03
7.979798e-03 2.110067e+04 7.149955e+03 -5.386894e+03 -6.614761e+04 -3.430845e+03 2.298942e+05 -8.249202e+04 -4.172859e+03 -5.243299e+03 6.595827e+04 -1.613067e+04 4.910230e+03 8.268030e+04 -4.021102e+03 -2.385389e+03 -1.771138e+05 -6.424629e+03 7.536677e+04 -1.845715e+04 6.413186e+03 -9.420679e+04 5.042010e+03 2.498337e+03 2.017906e+05 -1.844266e+04 -5.456947e+03 4.381758e+03 5.789057e+04 -3.230991e+03 2.017807e+05 -7.239933e+04 -3.307663e+03
8.181818e-03 1.901969e+04 6.562425e+03 -5.125761e+03 -6.041506e+04 -3.265458e+03 2.054074e+05 -7.458184e+04 -4.011834e+03 -4.997844e+03 6.024156e+04 -1.453630e+04 4.507144e+03 7.475459e+04 -3.876366e+03 -2.269117e+03 -1.582533e+05 -6.118865e+03 6.883490e+04 -1.663483e+04 5.896929e+03 -8.517561e+04 4.850802e+03 2.373559e+03 1.802998e+05 -1.662203e+04 -4.998274e+03 4.172629e+03 5.287344e+04 -3.078122e+03 1.802910e+05 -6.545742e+04 -3.186590e+03
8.383838e-03 1.724713e+04 6.054955e+03 -4.894500e+03 -5.547356e+04 -3.111267e+03 1.846112e+05 -6.783976e+04 -3.866447e+03 -4.779807e+03 5.531375e+04 -1.317836e+04 4.158985e+03 6.799907e+04 -3.744727e+03 -2.160980e+03 -1.422352e+05 -5.847674e+03 6.320440e+04 -1.508268e+04 5.450992e+03 -7.747787e+04 4.677902e+03 2.256974e+03 1.620478e+05 -1.507130e+04 -4.602130e+03 3.987156e+03 4.854866e+04 -2.936154e+03 1.620400e+05 -5.954061e+04 -3.076637e+03
8.585859e-03 1.572296e+04 5.612352e+03 -4.687798e+03 -5.117465e+04 -2.967499e+03 1.667836e+05 -6.203642e+04 -3.734119e+03 -4.584375e+03 5.102676e+04 -1.201082e+04 3.855333e+03 6.218398e+04 -3.624123e+03 -2.060355e+03 -1.285035e+05 -5.604946e+03 5.830609e+04 -1.374810e+04 5.062035e+03 -7.085175e+04 4.520323e+03 2.148081e+03 1.464013e+05 -1.373794e+04 -4.256649e+03 3.821156e+03 4.478629e+04 -2.804203e+03 1.463943e+05 -5.444762e+04 -2.976028e+03
8.787879e-03 1.440152e+04 5.223076e+03 -4.501586e+03 -4.740466e+04 -2.833379e+03 1.513761e+05 -5.699796e+04 -3.612864e+03 -4.407855e+03 4.726725e+04 -1.099869e+04 3.588269e+03 5.713520e+04 -3.512956e+03 -1.966639e+03 -1.166358e+05 -5.385998e+03 5.401046e+04 -1.259111e+04 4.719922e+03 -6.509882e+04 4.375762e+03 2.046350e+03 1.328787e+05 -1.258198e+04 -3.952813e+03 3.671425e+03 4.148684e+04 -2.681430e+03 1.328723e+05 -5.002588e+04 -2.883392e+03
8.989899e-03 1.324747e+04 4.878188e+03 -4.332688e+03 -4.407508e+04 -2.708158e+03 1.379641e+05 -5.259027e+04 -3.501118e+03 -4.247359e+03 4.394695e+04 -1.011486e+04 3.351661e+03 5.271835e+04 -3.409960e+03 -1.879264e+03 -1.063050e+05 -5.187170e+03 5.021666e+04 -1.158074e+04 4.416805e+03 -6.006599e+04 4.242403e+03 1.951256e+03 1.211074e+05 -1.157251e+04 -3.683641e+03 3.535458e+03 3.857285e+04 -2.567057e+03 1.211016e+05 -4.615768e+04 -2.797646e+03
9.191919e-03 1.223305e+04 4.570652e+03 -4.178583e+03 -4.111593e+04 -2.591130e+03 1.262142e+05 -4.870823e+04 -3.397629e+03 -4.100587e+03 4.099606e+04 -9.338049e+03 3.140682e+03 4.882815e+04 -3.314114e+03 -1.797706e+03 -9.725444e+04 -5.005553e+03 4.684494e+04 -1.069268e+04 4.146505e+03 -5.563326e+04 4.118788e+03 1.862295e+03 1.107948e+05 -1.068522e+04 -3.443635e+03 3.411263e+03 3.598306e+04 -2.460370e+03 1.107896e+05 -4.275080e+04 -2.717916e+03
9.393939e-03 1.133616e+04 4.294850e+03 -4.037238e+03 -3.847114e+04 -2.481642e+03 1.158613e+05 -4.526837e+04 -3.301378e+03 -3.965683e+03 3.835867e+04 -8.651317e+03 2.951477e+03 4.538097e+04 -3.224580e+03 -1.721482e+03 -8.927979e+04 -4.838802e+03 4.383142e+04 -9.907550e+03 3.904088e+03 -5.170535e+04 4.003728e+03 1.778993e+03 1.017083e+05 -9.900775e+03 -3.228407e+03 3.297235e+03 3.366841e+04 -2.360719e+03 1.017035e+05 -3.973196e+04 -2.643490e+03
9.595960e-03 1.053899e+04 4.046239e+03 -3.906996e+03 -3.609529e+04 -2.379092e+03 1.066918e+05 -4.220358e+04 -3.211524e+03 -3.841130e+03 3.598948e+04 -8.041008e+03 2.780927e+03 4.230958e+04 -3.140664e+03 -1.650153e+03 -8.221659e+04 -4.685001e+03 4.112433e+04 -9.209763e+03 3.685562e+03 -4.820565e+04 3.896239e+03 1.700911e+03 9.366036e+04 -9.203586e+03 -3.034408e+03 3.192064e+03 3.158914e+04 -2.267514e+03 9.365600e+04 -3.704228e+04 -2.573775e+03
9.797980e-03 9.827050e+03 3.821102e+03 -3.786486e+03 -3.395116e+04 -2.282927e+03 9.853196e+04 -3.945934e+04 -3.127363e+03 -3.725671e+03 3.385138e+04 -7.496011e+03 2.626484e+03 3.955936e+04 -3.061779e+03 -1.583321e+03 -7.593108e+04 -4.542564e+03 3.868128e+04 -8.586617e+03 3.487663e+03 -4.507192e+04 3.795501e+03 1.627643e+03 8.649857e+04 -8.580969e+03 -2.858735e+03 3.094664e+03 2.971267e+04 -2.180223e+03 8.649457e+04 -3.463391e+04 -2.508274e+03
1.000000e-02 9.188423e+03 3.616371e+03 -3.674568e+03 -3.200800e+04 -2.192645e+03 9.123926e+04 -3.699091e+04 -3.048304e+03 -3.618257e+03 3.191370e+04 -7.007197e+03 2.486042e+03 3.708550e+04 -2.987427e+03 -1.520621e+03 -7.031345e+04 -4.410169e+03 3.646724e+04 -8.027682e+03 3.307696e+03 -4.225311e+04 3.700816e+03 1.558818e+03 8.009783e+04 -8.022503e+03 -2.698992e+03 3.004131e+03 2.801209e+04 -2.098362e+03 8.009413e+04 -3.246759e+04 -2.446566e+03
