-1.000000e-02 -3.089689e+04 -2.192113e+03 1.419025e+03 -4.190598e+03 2.695318e+03 5.467494e+03 -2.004898e+03 1.843128e+03 1.401948e+03 4.234731e+03 2.380267e+04 -1.505722e+03 1.960703e+03 1.829485e+03 1.847103e+03 -4.224225e+03 1.749977e+03 4.834578e+03 2.712020e+04 -1.622793e+03 -2.293621e+03 -2.222738e+03 -2.446665e+03 4.802511e+03 2.711694e+04 2.016831e+03 -1.127687e+03 3.670801e+03 2.023524e+03 4.806467e+03 -1.714128e+03 1.511620e+03
-9.797980e-03 -3.175891e+04 -2.239243e+03 1.420691e+03 -4.068594e+03 2.759329e+03 5.650457e+03 -1.771711e+03 1.849037e+03 1.403210e+03 4.113125e+03 2.446572e+04 -1.537679e+03 1.727089e+03 1.835014e+03 1.890554e+03 -4.364452e+03 1.751827e+03 4.696098e+03 2.787627e+04 -1.660217e+03 -2.027978e+03 -2.229704e+03 -2.501721e+03 4.962654e+03 2.787292e+04 2.057189e+03 -1.128835e+03 3.563634e+03 2.074161e+03 4.966735e+03 -1.509028e+03 1.516295e+03
-9.595960e-03 -3.263815e+04 -2.287563e+03 1.421803e+03 -3.931927e+03 2.825258e+03 5.837575e+03 -1.517743e+03 1.854373e+03 1.403912e+03 3.976835e+03 2.514198e+04 -1.570438e+03 1.472713e+03 1.839963e+03 1.935300e+03 -4.507843e+03 1.753006e+03 4.540880e+03 2.864741e+04 -1.698585e+03 -1.738649e+03 -2.235975e+03 -2.558431e+03 5.126421e+03 2.864398e+04 2.098561e+03 -1.129523e+03 3.443604e+03 2.126303e+03 5.130631e+03 -1.285711e+03 1.520495e+03
-9.393939e-03 -3.353357e+04 -2.337087e+03 1.422322e+03 -3.779561e+03 2.893147e+03 6.028662e+03 -1.241639e+03 1.859086e+03 1.404014e+03 3.824824e+03 2.583067e+04 -1.604004e+03 1.196220e+03 1.844280e+03 1.981371e+03 -4.654256e+03 1.753462e+03 4.367741e+03 2.943274e+04 -1.737905e+03 -1.424088e+03 -2.241488e+03 -2.616834e+03 5.293650e+03 2.942921e+04 2.140957e+03 -1.129720e+03 3.309803e+03 2.179982e+03 5.297991e+03 -1.042994e+03 1.524176e+03
-9.191919e-03 -3.444392e+04 -2.387824e+03 1.422205e+03 -3.610415e+03 2.963039e+03 6.223485e+03 -9.419872e+02 1.863117e+03 1.403473e+03 3.656008e+03 2.653083e+04 -1.638386e+03 8.962021e+02 1.847910e+03 2.028794e+03 -4.803511e+03 1.753144e+03 4.175445e+03 3.023116e+04 -1.778187e+03 -1.082686e+03 -2.246174e+03 -2.676965e+03 5.464136e+03 3.022753e+04 2.184385e+03 -1.129392e+03 3.161282e+03 2.235231e+03 5.468611e+03 -7.796380e+02 1.527293e+03
-8.989899e-03 -3.536772e+04 -2.439783e+03 1.421408e+03 -3.423359e+03 3.034973e+03 6.421760e+03 -6.173199e+02 1.866408e+03 1.402247e+03 3.469254e+03 2.724130e+04 -1.673587e+03 5.711934e+02 1.850793e+03 2.077596e+03 -4.955390e+03 1.751998e+03 3.962701e+03 3.104135e+04 -1.819435e+03 -7.127675e+02 -2.249963e+03 -2.738858e+03 5.637630e+03 3.103763e+04 2.228851e+03 -1.128503e+03 2.997052e+03 2.292078e+03 5.642242e+03 -4.943596e+02 1.529796e+03
-8.787879e-03 -3.630318e+04 -2.492966e+03 1.419884e+03 -3.217224e+03 3.108986e+03 6.623147e+03 -2.661185e+02 1.868895e+03 1.400291e+03 3.263390e+03 2.796071e+04 -1.709609e+03 2.196782e+02 1.852867e+03 2.127800e+03 -5.109630e+03 1.749967e+03 3.728171e+03 3.186177e+04 -1.861652e+03 -3.126023e+02 -2.252778e+03 -2.802547e+03 5.813833e+03 3.185794e+04 2.274358e+03 -1.127017e+03 2.816086e+03 2.350553e+03 5.818584e+03 -1.858290e+02 1.531634e+03
-8.585859e-03 -3.724824e+04 -2.547375e+03 1.417586e+03 -2.990798e+03 3.185110e+03 6.827241e+03 1.131819e+02 1.870511e+03 1.397555e+03 3.037201e+03 2.868748e+04 -1.746452e+03 -1.599054e+02 1.854065e+03 2.179428e+03 -5.265919e+03 1.746992e+03 3.470469e+03 3.269058e+04 -1.904840e+03 1.195940e+02 -2.254536e+03 -2.868059e+03 5.992391e+03 3.268665e+04 2.320906e+03 -1.124895e+03 2.617322e+03 2.410680e+03 5.997283e+03 1.473233e+02 1.532751e+03
-8.383838e-03 -3.820049e+04 -2.603007e+03 1.414461e+03 -2.742835e+03 3.263375e+03 7.033567e+03 5.221853e+02 1.871183e+03 1.393993e+03 2.789437e+03 2.941975e+04 -1.784113e+03 -5.691583e+02 1.854316e+03 2.232499e+03 -5.423894e+03 1.743011e+03 3.188172e+03 3.352568e+04 -1.948994e+03 5.856509e+02 -2.255154e+03 -2.935420e+03 6.172888e+03 3.352165e+04 2.368490e+03 -1.122098e+03 2.399668e+03 2.472479e+03 6.177923e+03 5.065016e+02 1.533089e+03
-8.181818e-03 -3.915715e+04 -2.659853e+03 1.410460e+03 -2.472061e+03 3.343804e+03 7.241575e+03 9.625269e+02 1.870838e+03 1.389552e+03 2.518822e+03 3.015539e+04 -1.822586e+03 -1.009713e+03 1.853548e+03 2.287029e+03 -5.583131e+03 1.737960e+03 2.879821e+03 3.436464e+04 -1.994110e+03 1.087433e+03 -2.254539e+03 -3.004652e+03 6.354841e+03 3.436050e+04 2.417105e+03 -1.118584e+03 2.162006e+03 2.535970e+03 6.360020e+03 8.931369e+02 1.532587e+03
-7.979798e-03 -4.011505e+04 -2.717902e+03 1.405527e+03 -2.177180e+03 3.426416e+03 7.450629e+03 1.435862e+03 1.869395e+03 1.384180e+03 2.224055e+03 3.089195e+04 -1.861861e+03 -1.483220e+03 1.851681e+03 2.343030e+03 -5.743142e+03 1.731772e+03 2.543936e+03 3.520467e+04 -2.040176e+03 1.626827e+03 -2.252598e+03 -3.075770e+03 6.537693e+03 3.520043e+04 2.466738e+03 -1.114311e+03 1.903200e+03 2.601165e+03 6.543017e+03 1.308678e+03 1.531180e+03
-7.777778e-03 -4.107060e+04 -2.777134e+03 1.399607e+03 -1.856883e+03 3.511224e+03 7.660003e+03 1.943854e+03 1.866772e+03 1.377824e+03 1.903825e+03 3.162667e+04 -1.901925e+03 -1.991341e+03 1.848634e+03 2.400507e+03 -5.903369e+03 1.724380e+03 2.179019e+03 3.604261e+04 -2.087178e+03 2.205731e+03 -2.249229e+03 -3.148785e+03 6.720808e+03 3.603827e+04 2.517373e+03 -1.109236e+03 1.622103e+03 2.668071e+03 6.726278e+03 1.754580e+03 1.528800e+03
-7.575758e-03 -4.201972e+04 -2.837527e+03 1.392642e+03 -1.509863e+03 3.598230e+03 7.868874e+03 2.488157e+03 1.862879e+03 1.370428e+03 1.556821e+03 3.235641e+04 -1.942762e+03 -2.535726e+03 1.844321e+03 2.459465e+03 -6.063179e+03 1.715712e+03 1.783576e+03 3.687490e+04 -2.135096e+03 2.826031e+03 -2.244327e+03 -3.223703e+03 6.903465e+03 3.687045e+04 2.568989e+03 -1.103315e+03 1.317568e+03 2.736691e+03 6.909081e+03 2.232292e+03 1.525376e+03
-7.373737e-03 -4.295785e+04 -2.899048e+03 1.384574e+03 -1.134825e+03 3.687430e+03 8.076311e+03 3.070401e+03 1.857627e+03 1.361935e+03 1.181742e+03 3.307766e+04 -1.984348e+03 -3.118002e+03 1.838652e+03 2.519898e+03 -6.221859e+03 1.705696e+03 1.356124e+03 3.769753e+04 -2.183906e+03 3.489586e+03 -2.237783e+03 -3.300518e+03 7.084849e+03 3.769298e+04 2.621558e+03 -1.096500e+03 9.884597e+02 2.807020e+03 7.090610e+03 2.743239e+03 1.520833e+03
-7.171717e-03 -4.387990e+04 -2.961661e+03 1.375343e+03 -7.305023e+02 3.778810e+03 8.281270e+03 3.692168e+03 1.850918e+03 1.352289e+03 7.773205e+02 3.378651e+04 -2.026659e+03 -3.739746e+03 1.831534e+03 2.581796e+03 -6.378608e+03 1.694259e+03 8.952147e+02 3.850603e+04 -2.233577e+03 4.198200e+03 -2.229481e+03 -3.379220e+03 7.264047e+03 3.850138e+04 2.675047e+03 -1.088747e+03 6.336680e+02 2.879044e+03 7.269950e+03 3.288804e+03 1.515093e+03
-6.969697e-03 -4.478019e+04 -3.025319e+03 1.364888e+03 -2.956759e+02 3.872345e+03 8.482588e+03 4.354967e+03 1.842653e+03 1.341430e+03 3.423321e+02 3.447859e+04 -2.069661e+03 -4.402464e+03 1.822869e+03 2.645141e+03 -6.532533e+03 1.681324e+03 3.994536e+02 3.929544e+04 -2.284073e+03 4.953593e+03 -2.219302e+03 -3.459787e+03 7.440039e+03 3.929069e+04 2.729417e+03 -1.080009e+03 2.521242e+02 2.952742e+03 7.446083e+03 3.870307e+03 1.508076e+03
-6.767677e-03 -4.565249e+04 -3.089969e+03 1.353147e+03 1.708040e+02 3.967997e+03 8.678976e+03 5.060206e+03 1.832729e+03 1.329300e+03 -1.243764e+02 3.514909e+04 -2.113318e+03 -5.107561e+03 1.812557e+03 2.709907e+03 -6.682646e+03 1.666818e+03 -1.324755e+02 4.006027e+04 -2.335352e+03 5.757372e+03 -2.207122e+03 -3.542187e+03 7.611696e+03 4.005542e+04 2.784620e+03 -1.070239e+03 -1.571800e+02 3.028083e+03 7.617878e+03 4.488982e+03 1.499698e+03
-6.565657e-03 -4.648992e+04 -3.155547e+03 1.340058e+03 6.699946e+02 4.065713e+03 8.869012e+03 5.809162e+03 1.821039e+03 1.315841e+03 -6.238660e+02 3.579274e+04 -2.157585e+03 -5.856309e+03 1.800494e+03 2.776056e+03 -6.827855e+03 1.650661e+03 -7.017828e+02 4.079449e+04 -2.387361e+03 6.610993e+03 -2.192814e+03 -3.626375e+03 7.777776e+03 4.078955e+04 2.840602e+03 -1.059389e+03 -5.951710e+02 3.105024e+03 7.784091e+03 5.145943e+03 1.489871e+03
-6.363636e-03 -4.728497e+04 -3.221981e+03 1.325560e+03 1.202833e+03 4.165426e+03 9.051140e+03 6.602941e+03 1.807473e+03 1.300994e+03 -1.157077e+03 3.640375e+04 -2.202413e+03 -6.649813e+03 1.786573e+03 2.843544e+03 -6.966967e+03 1.632779e+03 -1.309541e+03 4.149152e+04 -2.440045e+03 7.515719e+03 -2.176246e+03 -3.712295e+03 7.936913e+03 4.148649e+04 2.897300e+03 -1.047413e+03 -1.062670e+03 3.183511e+03 7.943357e+03 5.842158e+03 1.478509e+03
-6.161616e-03 -4.802951e+04 -3.289187e+03 1.309590e+03 1.770104e+03 4.267052e+03 9.223662e+03 7.442441e+03 1.791919e+03 1.284701e+03 -1.724798e+03 3.697587e+04 -2.247745e+03 -7.488966e+03 1.770686e+03 2.912312e+03 -7.098680e+03 1.613095e+03 -1.956651e+03 4.214423e+04 -2.493336e+03 8.472573e+03 -2.157284e+03 -3.799874e+03 8.087624e+03 4.213911e+04 2.954642e+03 -1.034266e+03 -1.560366e+03 3.263475e+03 8.094189e+03 6.578410e+03 1.465519e+03
-5.959596e-03 -4.871473e+04 -3.357073e+03 1.292088e+03 2.372411e+03 4.370488e+03 9.384741e+03 8.328305e+03 1.774261e+03 1.266906e+03 -2.327635e+03 3.750232e+04 -2.293517e+03 -8.374409e+03 1.752722e+03 2.982290e+03 -7.221588e+03 1.591533e+03 -2.643802e+03 4.274488e+04 -2.547160e+03 9.482290e+03 -2.135791e+03 -3.889024e+03 8.228300e+03 4.273969e+04 3.012547e+03 -1.019901e+03 -2.088786e+03 3.344835e+03 8.234979e+03 7.355262e+03 1.450809e+03
-5.757576e-03 -4.933119e+04 -3.425533e+03 1.272994e+03 3.010134e+03 4.475611e+03 9.532403e+03 9.260876e+03 1.754385e+03 1.247554e+03 -2.965970e+03 3.797584e+04 -2.339656e+03 -9.306481e+03 1.732568e+03 3.053393e+03 -7.334174e+03 1.568020e+03 -3.371432e+03 4.328521e+04 -2.601434e+03 1.054526e+04 -2.111628e+03 -3.979639e+03 8.357213e+03 4.327994e+04 3.070926e+03 -1.004277e+03 -2.648264e+03 3.427491e+03 8.363996e+03 8.173010e+03 1.434286e+03
-5.555556e-03 -4.986883e+04 -3.494450e+03 1.252252e+03 3.683393e+03 4.582274e+03 9.664537e+03 1.024014e+04 1.732173e+03 1.226594e+03 -3.639926e+03 3.838870e+04 -2.386084e+03 -1.028517e+04 1.710114e+03 3.125523e+03 -7.434822e+03 1.542485e+03 -4.139682e+03 4.375638e+04 -2.656064e+03 1.166147e+04 -2.084657e+03 -4.071594e+03 8.472515e+03 4.375105e+04 3.129676e+03 -9.873506e+02 -3.238905e+03 3.511330e+03 8.479393e+03 9.031641e+03 1.415856e+03
-5.353535e-03 -5.031700e+04 -3.563695e+03 1.229807e+03 4.392006e+03 4.690310e+03 9.778904e+03 1.126568e+04 1.707510e+03 1.203974e+03 -4.349322e+03 3.873269e+04 -2.432713e+03 -1.131005e+04 1.685247e+03 3.198564e+03 -7.521816e+03 1.514860e+03 -4.948347e+03 4.414905e+04 -2.710949e+03 1.283045e+04 -2.054738e+03 -4.164744e+03 8.572249e+03 4.414367e+04 3.188689e+03 -9.690838e+02 -3.860548e+03 3.596215e+03 8.579208e+03 9.930784e+03 1.395426e+03
-5.151515e-03 -5.066452e+04 -3.633126e+03 1.205608e+03 5.135447e+03 4.799523e+03 9.873150e+03 1.233661e+04 1.680279e+03 1.179650e+03 -5.093633e+03 3.899923e+04 -2.479446e+03 -1.238024e+04 1.657857e+03 3.272385e+03 -7.593351e+03 1.485080e+03 -5.796827e+03 4.445343e+04 -2.765975e+03 1.405117e+04 -2.021736e+03 -4.258921e+03 8.654353e+03 4.444800e+04 3.247843e+03 -9.494404e+02 -4.512730e+03 3.681995e+03 8.661379e+03 1.086966e+04 1.372904e+03
-4.949495e-03 -5.089976e+04 -3.702588e+03 1.179607e+03 5.912798e+03 4.909693e+03 9.944817e+03 1.345151e+04 1.650369e+03 1.153580e+03 -5.871940e+03 3.917936e+04 -2.526179e+03 -1.349433e+04 1.627837e+03 3.346836e+03 -7.647544e+03 1.453088e+03 -6.684076e+03 4.465929e+04 -2.821021e+03 1.532204e+04 -1.985517e+03 -4.353936e+03 8.716677e+03 4.465384e+04 3.307004e+03 -9.283878e+02 -5.194648e+03 3.768495e+03 8.723755e+03 1.184704e+04 1.348200e+03
-4.747475e-03 -5.101071e+04 -3.771916e+03 1.151761e+03 6.722705e+03 5.020570e+03 9.991368e+03 1.460840e+04 1.617671e+03 1.125726e+03 -6.682890e+03 3.926385e+04 -2.572800e+03 -1.465032e+04 1.595083e+03 3.421748e+03 -7.682451e+03 1.418828e+03 -7.608551e+03 4.475613e+04 -2.875953e+03 1.664079e+04 -1.945951e+03 -4.449573e+03 8.757001e+03 4.475066e+04 3.366032e+03 -9.058974e+02 -5.905112e+03 3.855517e+03 8.764112e+03 1.286116e+04 1.321226e+03
-4.545455e-03 -5.098514e+04 -3.840927e+03 1.122034e+03 7.563336e+03 5.131876e+03 1.001021e+04 1.580465e+04 1.582082e+03 1.096059e+03 -7.524648e+03 3.924329e+04 -2.619186e+03 -1.584558e+04 1.559499e+03 3.496933e+03 -7.696084e+03 1.382256e+03 -8.568161e+03 4.473320e+04 -2.930629e+03 1.800441e+04 -1.902916e+03 -4.545593e+03 8.773053e+03 4.472772e+04 3.424771e+03 -8.819456e+02 -6.642516e+03 3.942845e+03 8.780180e+03 1.390972e+04 1.291901e+03
-4.343434e-03 -5.081070e+04 -3.909431e+03 1.090395e+03 8.432340e+03 5.243302e+03 9.998713e+03 1.703692e+04 1.543506e+03 1.064552e+03 -8.394858e+03 3.910819e+04 -2.665209e+03 -1.707679e+04 1.520994e+03 3.572182e+03 -7.686435e+03 1.343330e+03 -9.560222e+03 4.457969e+04 -2.984896e+03 1.940911e+04 -1.856299e+03 -4.641728e+03 8.762542e+03 4.457422e+04 3.483059e+03 -8.565136e+02 -7.404797e+03 4.030234e+03 8.769661e+03 1.498981e+04 1.260149e+03
-4.141414e-03 -5.047513e+04 -3.977221e+03 1.056821e+03 9.326807e+03 5.354508e+03 9.954275e+03 1.830114e+04 1.501855e+03 1.031189e+03 -9.290608e+03 3.884911e+04 -2.710731e+03 -1.833989e+04 1.479485e+03 3.647266e+03 -7.651503e+03 1.302022e+03 -1.058141e+04 4.428483e+04 -3.038592e+03 2.085026e+04 -1.805996e+03 -4.737686e+03 8.723182e+03 4.427939e+04 3.540720e+03 -8.295886e+02 -8.189403e+03 4.117420e+03 8.730271e+03 1.609786e+04 1.225901e+03
-3.939394e-03 -4.996645e+04 -4.044082e+03 1.021295e+03 1.024324e+04 5.465125e+03 9.874335e+03 1.959248e+04 1.457053e+03 9.959599e+02 -1.020839e+04 3.845684e+04 -2.755607e+03 -1.963003e+04 1.434901e+03 3.721936e+03 -7.589330e+03 1.258311e+03 -1.162773e+04 4.383811e+04 -3.091546e+03 2.232233e+04 -1.751918e+03 -4.833148e+03 8.652736e+03 4.383272e+04 3.597572e+03 -8.011641e+02 -8.993263e+03 4.204113e+03 8.659770e+03 1.722962e+04 1.189096e+03
-3.737374e-03 -4.927316e+04 -4.109787e+03 9.838116e+02 1.117752e+04 5.574751e+03 9.756434e+03 2.090526e+04 1.409036e+03 9.588627e+02 -1.114409e+04 3.792255e+04 -2.799685e+03 -2.094156e+04 1.387184e+03 3.795921e+03 -7.498031e+03 1.212187e+03 -1.269449e+04 4.322945e+04 -3.143579e+03 2.381886e+04 -1.693988e+03 -4.927767e+03 8.549052e+03 4.322413e+04 3.653422e+03 -7.712402e+02 -9.812775e+03 4.289999e+03 8.556004e+03 1.838013e+04 1.149684e+03
-3.535354e-03 -4.838452e+04 -4.174098e+03 9.443723e+02 1.212492e+04 5.682957e+03 9.598266e+03 2.223301e+04 1.357755e+03 9.199053e+02 -1.209297e+04 3.723796e+04 -2.842808e+03 -2.226800e+04 1.336290e+03 3.868932e+03 -7.375842e+03 1.163652e+03 -1.377628e+04 4.244944e+04 -3.194503e+03 2.533245e+04 -1.632151e+03 -5.021171e+03 8.410114e+03 4.244421e+04 3.708070e+03 -7.398245e+02 -1.064378e+04 4.374743e+03 8.416955e+03 1.954371e+04 1.107627e+03
-3.333333e-03 -4.729081e+04 -4.236773e+03 9.029900e+02 1.308009e+04 5.789285e+03 9.397733e+03 2.356840e+04 1.303177e+03 8.791050e+02 -1.304964e+04 3.639560e+04 -2.884813e+03 -2.360204e+04 1.282190e+03 3.940660e+03 -7.221157e+03 1.112719e+03 -1.486698e+04 4.148955e+04 -3.244124e+03 2.685478e+04 -1.566369e+03 -5.112965e+03 8.234087e+03 4.148443e+04 3.761307e+03 -7.069324e+02 -1.148159e+04 4.457987e+03 8.240787e+03 2.071395e+04 1.062902e+03
-3.131313e-03 -4.598361e+04 -4.297558e+03 8.596879e+02 1.403704e+04 5.893250e+03 9.153012e+03 2.490332e+04 1.245289e+03 8.364892e+02 -1.400814e+04 3.538901e+04 -2.925532e+03 -2.493558e+04 1.224876e+03 4.010782e+03 -7.032580e+03 1.059417e+03 -1.595976e+04 4.034239e+04 -3.292245e+03 2.837658e+04 -1.496628e+03 -5.202731e+03 8.019377e+03 4.033741e+04 3.812924e+03 -6.725869e+02 -1.232096e+04 4.539356e+03 8.025905e+03 2.188373e+04 1.015499e+03
-2.929293e-03 -4.445610e+04 -4.356198e+03 8.145004e+02 1.498923e+04 5.994349e+03 8.862610e+03 2.622889e+04 1.184100e+03 7.920956e+02 -1.496190e+04 3.421293e+04 -2.964796e+03 -2.625974e+04 1.164358e+03 4.078955e+03 -6.808969e+03 1.003787e+03 -1.704715e+04 3.900199e+04 -3.338663e+03 2.988773e+04 -1.422939e+03 -5.290031e+03 7.764679e+03 3.899717e+04 3.862702e+03 -6.368199e+02 -1.315614e+04 4.618455e+03 7.771001e+03 2.304529e+04 9.654272e+02
-2.727273e-03 -4.270335e+04 -4.412435e+03 7.674738e+02 1.592957e+04 6.092056e+03 8.525433e+03 2.753552e+04 1.119640e+03 7.459728e+02 -1.590382e+04 3.286358e+04 -3.002432e+03 -2.756496e+04 1.100670e+03 4.144830e+03 -6.549488e+03 9.458834e+02 -1.812106e+04 3.746403e+04 -3.383174e+03 3.137730e+04 -1.345340e+03 -5.374411e+03 7.469035e+03 3.745939e+04 3.910424e+03 -5.996712e+02 -1.398093e+04 4.694877e+03 7.475119e+03 2.419022e+04 9.127122e+02
-2.525253e-03 -4.072264e+04 -4.466008e+03 7.186660e+02 1.685054e+04 6.185833e+03 8.140845e+03 2.881304e+04 1.051964e+03 6.981800e+02 -1.682635e+04 3.133886e+04 -3.038271e+03 -2.884106e+04 1.033868e+03 4.208044e+03 -6.253651e+03 8.857780e+02 -1.917285e+04 3.572610e+04 -3.425572e+03 3.283368e+04 -1.263898e+03 -5.455407e+03 7.131892e+03 3.572168e+04 3.955873e+03 -5.611897e+02 -1.478871e+04 4.768204e+03 7.137703e+03 2.530960e+04 8.574008e+02
-2.323232e-03 -3.851367e+04 -4.516661e+03 6.681470e+02 1.774420e+04 6.275135e+03 7.708727e+03 3.005076e+04 9.811539e+02 6.487876e+02 -1.772156e+04 2.963856e+04 -3.072140e+03 -3.007740e+04 9.640349e+02 4.268230e+03 -5.921370e+03 8.235561e+02 -2.019351e+04 3.378797e+04 -3.465656e+03 3.424471e+04 -1.178713e+03 -5.532544e+03 6.753145e+03 3.378379e+04 3.998830e+03 -5.214326e+02 -1.557254e+04 4.838012e+03 6.758649e+03 2.639409e+04 7.995605e+02
-2.121212e-03 -3.607886e+04 -4.564140e+03 6.159990e+02 1.860239e+04 6.359414e+03 7.229527e+03 3.123767e+04 9.073192e+02 5.978764e+02 -1.858124e+04 2.776452e+04 -3.103875e+03 -3.126297e+04 8.912778e+02 4.325022e+03 -5.552989e+03 7.593182e+02 -2.117366e+04 3.165175e+04 -3.503224e+03 3.559782e+04 -1.089916e+03 -5.605350e+03 6.333190e+03 3.164782e+04 4.039085e+03 -4.804654e+02 -1.632525e+04 4.903876e+03 6.338353e+03 2.743405e+04 7.392806e+02
-1.919192e-03 -3.342352e+04 -4.608202e+03 5.623162e+02 1.941678e+04 6.438127e+03 6.704304e+03 3.236260e+04 8.305970e+02 5.455380e+02 -1.939706e+04 2.572084e+04 -3.133314e+03 -3.238660e+04 8.157321e+02 4.378055e+03 -5.149324e+03 6.931799e+02 -2.210382e+04 2.932209e+04 -3.538085e+03 3.688027e+04 -9.976721e+02 -5.673354e+03 5.872953e+03 2.931845e+04 4.076431e+03 -4.383621e+02 -1.703954e+04 4.965375e+03 5.877743e+03 2.841967e+04 6.766730e+02
-1.717172e-03 -3.055597e+04 -4.648610e+03 5.072040e+02 2.017906e+04 6.510745e+03 6.134760e+03 3.341437e+04 7.511527e+02 4.918740e+02 -2.016070e+04 2.351393e+04 -3.160302e+03 -3.343714e+04 7.375596e+02 4.426975e+03 -4.711678e+03 6.252713e+02 -2.297448e+04 2.680631e+04 -3.570054e+03 3.807932e+04 -9.021797e+02 -5.736096e+03 5.373923e+03 2.680298e+04 4.110672e+03 -3.952044e+02 -1.770812e+04 5.022099e+03 5.378307e+03 2.934117e+04 6.118724e+02
-1.515152e-03 -2.748767e+04 -4.685143e+03 4.507794e+02 2.088109e+04 6.576759e+03 5.523250e+03 3.438204e+04 6.691803e+02 4.369955e+02 -2.086399e+04 2.115260e+04 -3.184694e+03 -3.440367e+04 6.569492e+02 4.471441e+03 -4.241860e+03 5.557363e+02 -2.377634e+04 2.411444e+04 -3.598954e+03 3.918251e+04 -8.036709e+02 -5.793137e+03 4.838166e+03 2.411144e+04 4.141623e+03 -3.510816e+02 -1.832386e+04 5.073654e+03 4.842114e+03 3.018898e+04 5.450357e+02
-1.313131e-03 -2.423318e+04 -4.717596e+03 3.931696e+02 2.151505e+04 6.635689e+03 4.872791e+03 3.525513e+04 5.849011e+02 3.810228e+02 -2.149908e+04 1.864803e+04 -3.206355e+03 -3.527573e+04 5.741158e+02 4.511131e+03 -3.742183e+03 4.847319e+02 -2.450046e+04 2.125925e+04 -3.624625e+03 4.017786e+04 -7.024106e+02 -5.844061e+03 4.268319e+03 2.125661e+04 4.169110e+03 -3.060897e+02 -1.887989e+04 5.119668e+03 4.271803e+03 3.095392e+04 4.763420e+02
-1.111111e-03 -2.081006e+04 -4.745782e+03 3.345114e+02 2.207361e+04 6.687095e+03 4.187039e+03 3.602381e+04 4.985625e+02 3.240842e+02 -2.205866e+04 1.601377e+04 -3.225162e+03 -3.604349e+04 4.892989e+02 4.545749e+03 -3.215452e+03 4.124276e+02 -2.513847e+04 1.825617e+04 -3.646919e+03 4.105420e+04 -5.986943e+02 -5.888485e+03 3.667586e+03 1.825390e+04 4.192979e+03 -2.603312e+02 -1.936978e+04 5.159800e+03 3.670580e+03 3.162737e+04 4.059911e+02
-9.090909e-04 -1.723877e+04 -4.769535e+03 2.749505e+02 2.255012e+04 6.730579e+03 3.470257e+03 3.667918e+04 4.104361e+02 2.663153e+02 -2.253604e+04 1.326552e+04 -3.241008e+03 -3.669807e+04 4.027611e+02 4.575030e+03 -2.664934e+03 3.390036e+02 -2.568276e+04 1.512313e+04 -3.665707e+03 4.180135e+04 -4.928464e+02 -5.926065e+03 3.039695e+03 1.512124e+04 4.213091e+03 -2.139141e+02 -1.978772e+04 5.193743e+03 3.042177e+03 3.220154e+04 3.342021e+02
-7.070707e-04 -1.354234e+04 -4.788714e+03 2.146402e+02 2.293876e+04 6.765798e+03 2.727259e+03 3.721341e+04 3.208153e+02 2.078582e+02 -2.292539e+04 1.042101e+04 -3.253800e+03 -3.723166e+04 3.147852e+02 4.598744e+03 -2.094320e+03 2.646497e+02 -2.612669e+04 1.188032e+04 -3.680875e+03 4.241041e+04 -3.852169e+02 -5.956504e+03 2.388861e+03 1.187884e+04 4.229327e+03 -1.669514e+02 -2.012858e+04 5.221231e+03 2.390811e+03 3.266958e+04 2.612111e+02
-5.050505e-04 -9.746069e+03 -4.803201e+03 1.537401e+02 2.323466e+04 6.792468e+03 1.963339e+03 3.762002e+04 2.300119e+02 1.488602e+02 -2.322184e+04 7.499709e+03 -3.263462e+03 -3.763777e+04 2.256717e+02 4.616701e+03 -1.507668e+03 1.895639e+02 -2.646469e+04 8.549945e+03 -3.692333e+03 4.287396e+04 -2.761776e+02 -5.979555e+03 1.719716e+03 8.548881e+03 4.241591e+03 -1.195600e+02 -2.038811e+04 5.242046e+03 1.721120e+03 3.302581e+04 1.872692e+02
-3.030303e-04 -5.877110e+03 -4.812910e+03 9.241512e+01 2.343407e+04 6.810372e+03 1.184181e+03 3.789396e+04 1.383526e+02 8.947274e+01 -2.342162e+04 4.522493e+03 -3.269936e+03 -3.791138e+04 1.357352e+02 4.628755e+03 -9.093367e+02 1.139507e+02 -2.669247e+04 5.155814e+03 -3.700011e+03 4.318626e+04 -1.661183e+02 -5.995029e+03 1.037236e+03 5.155172e+03 4.249808e+03 -7.186005e+01 -2.056300e+04 5.256017e+03 1.038084e+03 3.326580e+04 1.126392e+02
-1.010101e-04 -1.963977e+03 -4.817779e+03 3.083362e+01 2.353443e+04 6.819362e+03 3.957629e+02 3.803180e+04 4.617534e+01 2.985041e+01 -2.352216e+04 1.511297e+03 -3.273182e+03 -3.804905e+04 4.530065e+01 4.634807e+03 -3.039061e+02 3.801904e+01 -2.680710e+04 1.722937e+03 -3.703862e+03 4.334341e+04 -5.544167e+01 -6.002799e+03 3.466519e+02 1.722723e+03 4.253930e+03 -2.397407e+01 -2.065102e+04 5.263032e+03 3.469350e+02 3.338656e+04 3.759287e+01
1.010101e-04 1.963977e+03 -4.817779e+03 -3.083362e+01 2.353443e+04 6.819362e+03 -3.957629e+02 3.803180e+04 -4.617534e+01 -2.985041e+01 -2.352216e+04 -1.511297e+03 -3.273182e+03 -3.804905e+04 -4.530065e+01 4.634807e+03 3.039061e+02 -3.801904e+01 -2.680710e+04 -1.722937e+03 -3.703862e+03 4.334341e+04 5.544167e+01 -6.002799e+03 -3.466519e+02 -1.722723e+03 4.253930e+03 2.397407e+01 -2.065102e+04 5.263032e+03 -3.469350e+02 3.338656e+04 -3.759287e+01
3.030303e-04 5.877110e+03 -4.812910e+03 -9.241512e+01 2.343407e+04 6.810372e+03 -1.184181e+03 3.789396e+04 -1.383526e+02 -8.947274e+01 -2.342162e+04 -4.522493e+03 -3.269936e+03 -3.791138e+04 -1.357352e+02 4.628755e+03 9.093367e+02 -1.139507e+02 -2.669247e+04 -5.155814e+03 -3.700011e+03 4.318626e+04 1.661183e+02 -5.995029e+03 -1.037236e+03 -5.155172e+03 4.249808e+03 7.186005e+01 -2.056300e+04 5.256017e+03 -1.038084e+03 3.326580e+04 -1.126392e+02
5.050505e-04 9.746069e+03 -4.803201e+03 -1.537401e+02 2.323466e+04 6.792468e+03 -1.963339e+03 3.762002e+04 -2.300119e+02 -1.488602e+02 -2.322184e+04 -7.499709e+03 -3.263462e+03 -3.763777e+04 -2.256717e+02 4.616701e+03 1.507668e+03 -1.895639e+02 -2.646469e+04 -8.549945e+03 -3.692333e+03 4.287396e+04 2.761776e+02 -5.979555e+03 -1.719716e+03 -8.548881e+03 4.241591e+03 1.195600e+02 -2.038811e+04 5.242046e+03 -1.721120e+03 3.302581e+04 -1.872692e+02
7.070707e-04 1.354234e+04 -4.788714e+03 -2.146402e+02 2.293876e+04 6.765798e+03 -2.727259e+03 3.721341e+04 -3.208153e+02 -2.078582e+02 -2.292539e+04 -1.042101e+04 -3.253800e+03 -3.723166e+04 -3.147852e+02 4.598744e+03 2.094320e+03 -2.646497e+02 -2.612669e+04 -1.188032e+04 -3.680875e+03 4.241041e+04 3.852169e+02 -5.956504e+03 -2.388861e+03 -1.187884e+04 4.229327e+03 1.669514e+02 -2.012858e+04 5.221231e+03 -2.390811e+03 3.266958e+04 -2.612111e+02
9.090909e-04 1.723877e+04 -4.769535e+03 -2.749505e+02 2.255012e+04 6.730579e+03 -3.470257e+03 3.667918e+04 -4.104361e+02 -2.663153e+02 -2.253604e+04 -1.326552e+04 -3.241008e+03 -3.669807e+04 -4.027611e+02 4.575030e+03 2.664934e+03 -3.390036e+02 -2.568276e+04 -1.512313e+04 -3.665707e+03 4.180135e+04 4.928464e+02 -5.926065e+03 -3.039695e+03 -1.512124e+04 4.213091e+03 2.139141e+02 -1.978772e+04 5.193743e+03 -3.042177e+03 3.220154e+04 -3.342021e+02
1.111111e-03 2.081006e+04 -4.745782e+03 -3.345114e+02 2.207361e+04 6.687095e+03 -4.187039e+03 3.602381e+04 -4.985625e+02 -3.240842e+02 -2.205866e+04 -1.601377e+04 -3.225162e+03 -3.604349e+04 -4.892989e+02 4.545749e+03 3.215452e+03 -4.124276e+02 -2.513847e+04 -1.825617e+04 -3.646919e+03 4.105420e+04 5.986943e+02 -5.888485e+03 -3.667586e+03 -1.825390e+04 4.192979e+03 2.603312e+02 -1.936978e+04 5.159800e+03 -3.670580e+03 3.162737e+04 -4.059911e+02
1.313131e-03 2.423318e+04 -4.717596e+03 -3.931696e+02 2.151505e+04 6.635689e+03 -4.872791e+03 3.525513e+04 -5.849011e+02 -3.810228e+02 -2.149908e+04 -1.864803e+04 -3.206355e+03 -3.527573e+04 -5.741158e+02 4.511131e+03 3.742183e+03 -4.847319e+02 -2.450046e+04 -2.125925e+04 -3.624625e+03 4.017786e+04 7.024106e+02 -5.844061e+03 -4.268319e+03 -2.125661e+04 4.169110e+03 3.060897e+02 -1.887989e+04 5.119668e+03 -4.271803e+03 3.095392e+04 -4.763420e+02
1.515152e-03 2.748767e+04 -4.685143e+03 -4.507794e+02 2.088109e+04 6.576759e+03 -5.523250e+03 3.438204e+04 -6.691803e+02 -4.369955e+02 -2.086399e+04 -2.115260e+04 -3.184694e+03 -3.440367e+04 -6.569492e+02 4.471441e+03 4.241860e+03 -5.557363e+02 -2.377634e+04 -2.411444e+04 -3.598954e+03 3.918251e+04 8.036709e+02 -5.793137e+03 -4.838166e+03 -2.411144e+04 4.141623e+03 3.510816e+02 -1.832386e+04 5.073654e+03 -4.842114e+03 3.018898e+04 -5.450357e+02
1.717172e-03 3.055597e+04 -4.648610e+03 -5.072040e+02 2.017906e+04 6.510745e+03 -6.134760e+03 3.341437e+04 -7.511527e+02 -4.918740e+02 -2.016070e+04 -2.351393e+04 -3.160302e+03 -3.343714e+04 -7.375596e+02 4.426975e+03 4.711678e+03 -6.252713e+02 -2.297448e+04 -2.680631e+04 -3.570054e+03 3.807932e+04 9.021797e+02 -5.736096e+03 -5.373923e+03 -2.680298e+04 4.110672e+03 3.952044e+02 -1.770812e+04 5.022099e+03 -5.378307e+03 2.934117e+04 -6.118724e+02
1.919192e-03 3.342352e+04 -4.608202e+03 -5.623162e+02 1.941678e+04 6.438127e+03 -6.704304e+03 3.236260e+04 -8.305970e+02 -5.455380e+02 -1.939706e+04 -2.572084e+04 -3.133314e+03 -3.238660e+04 -8.157321e+02 4.378055e+03 5.149324e+03 -6.931799e+02 -2.210382e+04 -2.932209e+04 -3.538085e+03 3.688027e+04 9.976721e+02 -5.673354e+03 -5.872953e+03 -2.931845e+04 4.076431e+03 4.383621e+02 -1.703954e+04 4.965375e+03 -5.877743e+03 2.841967e+04 -6.766730e+02
2.121212e-03 3.607886e+04 -4.564140e+03 -6.159990e+02 1.860239e+04 6.359414e+03 -7.229527e+03 3.123767e+04 -9.073192e+02 -5.978764e+02 -1.858124e+04 -2.776452e+04 -3.103875e+03 -3.126297e+04 -8.912778e+02 4.325022e+03 5.552989e+03 -7.593182e+02 -2.117366e+04 -3.165175e+04 -3.503224e+03 3.559782e+04 1.089916e+03 -5.605350e+03 -6.333190e+03 -3.164782e+04 4.039085e+03 4.804654e+02 -1.632525e+04 4.903876e+03 -6.338353e+03 2.743405e+04 -7.392806e+02
2.323232e-03 3.851367e+04 -4.516661e+03 -6.681470e+02 1.774420e+04 6.275135e+03 -7.708727e+03 3.005076e+04 -9.811539e+02 -6.487876e+02 -1.772156e+04 -2.963856e+04 -3.072140e+03 -3.007740e+04 -9.640349e+02 4.268230e+03 5.921370e+03 -8.235561e+02 -2.019351e+04 -3.378797e+04 -3.465656e+03 3.424471e+04 1.178713e+03 -5.532544e+03 -6.753145e+03 -3.378379e+04 3.998830e+03 5.214326e+02 -1.557254e+04 4.838012e+03 -6.758649e+03 2.639409e+04 -7.995605e+02
2.525253e-03 4.072264e+04 -4.466008e+03 -7.186660e+02 1.685054e+04 6.185833e+03 -8.140845e+03 2.881304e+04 -1.051964e+03 -6.981800e+02 -1.682635e+04 -3.133886e+04 -3.038271e+03 -2.884106e+04 -1.033868e+03 4.208044e+03 6.253651e+03 -8.857780e+02 -1.917285e+04 -3.572610e+04 -3.425572e+03 3.283368e+04 1.263898e+03 -5.455407e+03 -7.131892e+03 -3.572168e+04 3.955873e+03 5.611897e+02 -1.478871e+04 4.768204e+03 -7.137703e+03 2.530960e+04 -8.574008e+02
2.727273e-03 4.270335e+04 -4.412435e+03 -7.674738e+02 1.592957e+04 6.092056e+03 -8.525433e+03 2.753552e+04 -1.119640e+03 -7.459728e+02 -1.590382e+04 -3.286358e+04 -3.002432e+03 -2.756496e+04 -1.100670e+03 4.144830e+03 6.549488e+03 -9.458834e+02 -1.812106e+04 -3.746403e+04 -3.383174e+03 3.137730e+04 1.345340e+03 -5.374411e+03 -7.469035e+03 -3.745939e+04 3.910424e+03 5.996712e+02 -1.398093e+04 4.694877e+03 -7.475119e+03 2.419022e+04 -9.127122e+02
2.929293e-03 4.445610e+04 -4.356198e+03 -8.145004e+02 1.498923e+04 5.994349e+03 -8.862610e+03 2.622889e+04 -1.184100e+03 -7.920956e+02 -1.496190e+04 -3.421293e+04 -2.964796e+03 -2.625974e+04 -1.164358e+03 4.078955e+03 6.808969e+03 -1.003787e+03 -1.704715e+04 -3.900199e+04 -3.338663e+03 2.988773e+04 1.422939e+03 -5.290031e+03 -7.764679e+03 -3.899717e+04 3.862702e+03 6.368199e+02 -1.315614e+04 4.618455e+03 -7.771001e+03 2.304529e+04 -9.654272e+02
3.131313e-03 4.598361e+04 -4.297558e+03 -8.596879e+02 1.403704e+04 5.893250e+03 -9.153012e+03 2.490332e+04 -1.245289e+03 -8.364892e+02 -1.400814e+04 -3.538901e+04 -2.925532e+03 -2.493558e+04 -1.224876e+03 4.010782e+03 7.032580e+03 -1.059417e+03 -1.595976e+04 -4.034239e+04 -3.292245e+03 2.837658e+04 1.496628e+03 -5.202731e+03 -8.019377e+03 -4.033741e+04 3.812924e+03 6.725869e+02 -1.232096e+04 4.539356e+03 -8.025905e+03 2.188373e+04 -1.015499e+03
3.333333e-03 4.729081e+04 -4.236773e+03 -9.029900e+02 1.308009e+04 5.789285e+03 -9.397733e+03 2.356840e+04 -1.303177e+03 -8.791050e+02 -1.304964e+04 -3.639560e+04 -2.884813e+03 -2.360204e+04 -1.282190e+03 3.940660e+03 7.221157e+03 -1.112719e+03 -1.486698e+04 -4.148955e+04 -3.244124e+03 2.685478e+04 1.566369e+03 -5.112965e+03 -8.234087e+03 -4.148443e+04 3.761307e+03 7.069324e+02 -1.148159e+04 4.457987e+03 -8.240787e+03 2.071395e+04 -1.062902e+03
3.535354e-03 4.838452e+04 -4.174098e+03 -9.443723e+02 1.212492e+04 5.682957e+03 -9.598266e+03 2.223301e+04 -1.357755e+03 -9.199053e+02 -1.209297e+04 -3.723796e+04 -2.842808e+03 -2.226800e+04 -1.336290e+03 3.868932e+03 7.375842e+03 -1.163652e+03 -1.377628e+04 -4.244944e+04 -3.194503e+03 2.533245e+04 1.632151e+03 -5.021171e+03 -8.410114e+03 -4.244421e+04 3.708070e+03 7.398245e+02 -1.064378e+04 4.374743e+03 -8.416955e+03 1.954371e+04 -1.107627e+03
3.737374e-03 4.927316e+04 -4.109787e+03 -9.838116e+02 1.117752e+04 5.574751e+03 -9.756434e+03 2.090526e+04 -1.409036e+03 -9.588627e+02 -1.114409e+04 -3.792255e+04 -2.799685e+03 -2.094156e+04 -1.387184e+03 3.795921e+03 7.498031e+03 -1.212187e+03 -1.269449e+04 -4.322945e+04 -3.143579e+03 2.381886e+04 1.693988e+03 -4.927767e+03 -8.549052e+03 -4.322413e+04 3.653422e+03 7.712402e+02 -9.812775e+03 4.289999e+03 -8.556004e+03 1.838013e+04 -1.149684e+03
3.939394e-03 4.996645e+04 -4.044082e+03 -1.021295e+03 1.024324e+04 5.465125e+03 -9.874335e+03 1.959248e+04 -1.457053e+03 -9.959599e+02 -1.020839e+04 -3.845684e+04 -2.755607e+03 -1.963003e+04 -1.434901e+03 3.721936e+03 7.589330e+03 -1.258311e+03 -1.162773e+04 -4.383811e+04 -3.091546e+03 2.232233e+04 1.751918e+03 -4.833148e+03 -8.652736e+03 -4.383272e+04 3.597572e+03 8.011641e+02 -8.993263e+03 4.204113e+03 -8.659770e+03 1.722962e+04 -1.189096e+03
4.141414e-03 5.047513e+04 -3.977221e+03 -1.056821e+03 9.326807e+03 5.354508e+03 -9.954275e+03 1.830114e+04 -1.501855e+03 -1.031189e+03 -9.290608e+03 -3.884911e+04 -2.710731e+03 -1.833989e+04 -1.479485e+03 3.647266e+03 7.651503e+03 -1.302022e+03 -1.058141e+04 -4.428483e+04 -3.038592e+03 2.085026e+04 1.805996e+03 -4.737686e+03 -8.723182e+03 -4.427939e+04 3.540720e+03 8.295886e+02 -8.189403e+03 4.117420e+03 -8.730271e+03 1.609786e+04 -1.225901e+03
4.343434e-03 5.081070e+04 -3.909431e+03 -1.090395e+03 8.432340e+03 5.243302e+03 -9.998713e+03 1.703692e+04 -1.543506e+03 -1.064552e+03 -8.394858e+03 -3.910819e+04 -2.665209e+03 -1.707679e+04 -1.520994e+03 3.572182e+03 7.686435e+03 -1.343330e+03 -9.560222e+03 -4.457969e+04 -2.984896e+03 1.940911e+04 1.856299e+03 -4.641728e+03 -8.762542e+03 -4.457422e+04 3.483059e+03 8.565136e+02 -7.404797e+03 4.030234e+03 -8.769661e+03 1.498981e+04 -1.260149e+03
4.545455e-03 5.098514e+04 -3.840927e+03 -1.122034e+03 7.563336e+03 5.131876e+03 -1.001021e+04 1.580465e+04 -1.582082e+03 -1.096059e+03 -7.524648e+03 -3.924329e+04 -2.619186e+03 -1.584558e+04 -1.559499e+03 3.496933e+03 7.696084e+03 -1.382256e+03 -8.568161e+03 -4.473320e+04 -2.930629e+03 1.800441e+04 1.902916e+03 -4.545593e+03 -8.773053e+03 -4.472772e+04 3.424771e+03 8.819456e+02 -6.642516e+03 3.942845e+03 -8.780180e+03 1.390972e+04 -1.291901e+03
4.747475e-03 5.101071e+04 -3.771916e+03 -1.151761e+03 6.722705e+03 5.020570e+03 -9.991368e+03 1.460840e+04 -1.617671e+03 -1.125726e+03 -6.682890e+03 -3.926385e+04 -2.572800e+03 -1.465032e+04 -1.595083e+03 3.421748e+03 7.682451e+03 -1.418828e+03 -7.608551e+03 -4.475613e+04 -2.875953e+03 1.664079e+04 1.945951e+03 -4.449573e+03 -8.757001e+03 -4.475066e+04 3.366032e+03 9.058974e+02 -5.905112e+03 3.855517e+03 -8.764112e+03 1.286116e+04 -1.321226e+03
4.949495e-03 5.089976e+04 -3.702588e+03 -1.179607e+03 5.912798e+03 4.909693e+03 -9.944817e+03 1.345151e+04 -1.650369e+03 -1.153580e+03 -5.871940e+03 -3.917936e+04 -2.526179e+03 -1.349433e+04 -1.627837e+03 3.346836e+03 7.647544e+03 -1.453088e+03 -6.684076e+03 -4.465929e+04 -2.821021e+03 1.532204e+04 1.985517e+03 -4.353936e+03 -8.716677e+03 -4.465384e+04 3.307004e+03 9.283878e+02 -5.194648e+03 3.768495e+03 -8.723755e+03 1.184704e+04 -1.348200e+03
5.151515e-03 5.066452e+04 -3.633126e+03 -1.205608e+03 5.135447e+03 4.799523e+03 -9.873150e+03 1.233661e+04 -1.680279e+03 -1.179650e+03 -5.093633e+03 -3.899923e+04 -2.479446e+03 -1.238024e+04 -1.657857e+03 3.272385e+03 7.593351e+03 -1.485080e+03 -5.796827e+03 -4.445343e+04 -2.765975e+03 1.405117e+04 2.021736e+03 -4.258921e+03 -8.654353e+03 -4.444800e+04 3.247843e+03 9.494404e+02 -4.512730e+03 3.681995e+03 -8.661379e+03 1.086966e+04 -1.372904e+03
5.353535e-03 5.031700e+04 -3.563695e+03 -1.229807e+03 4.392006e+03 4.690310e+03 -9.778904e+03 1.126568e+04 -1.707510e+03 -1.203974e+03 -4.349322e+03 -3.873269e+04 -2.432713e+03 -1.131005e+04 -1.685247e+03 3.198564e+03 7.521816e+03 -1.514860e+03 -4.948347e+03 -4.414905e+04 -2.710949e+03 1.283045e+04 2.054738e+03 -4.164744e+03 -8.572249e+03 -4.414367e+04 3.188689e+03 9.690838e+02 -3.860548e+03 3.596215e+03 -8.579208e+03 9.930784e+03 -1.395426e+03
5.555556e-03 4.986883e+04 -3.494450e+03 -1.252252e+03 3.683393e+03 4.582274e+03 -9.664537e+03 1.024014e+04 -1.732173e+03 -1.226594e+03 -3.639926e+03 -3.838870e+04 -2.386084e+03 -1.028517e+04 -1.710114e+03 3.125523e+03 7.434822e+03 -1.542485e+03 -4.139682e+03 -4.375638e+04 -2.656064e+03 1.166147e+04 2.084657e+03 -4.071594e+03 -8.472515e+03 -4.375105e+04 3.129676e+03 9.873506e+02 -3.238905e+03 3.511330e+03 -8.479393e+03 9.031641e+03 -1.415856e+03
5.757576e-03 4.933119e+04 -3.425533e+03 -1.272994e+03 3.010134e+03 4.475611e+03 -9.532403e+03 9.260876e+03 -1.754385e+03 -1.247554e+03 -2.965970e+03 -3.797584e+04 -2.339656e+03 -9.306481e+03 -1.732568e+03 3.053393e+03 7.334174e+03 -1.568020e+03 -3.371432e+03 -4.328521e+04 -2.601434e+03 1.054526e+04 2.111628e+03 -3.979639e+03 -8.357213e+03 -4.327994e+04 3.070926e+03 1.004277e+03 -2.648264e+03 3.427491e+03 -8.363996e+03 8.173010e+03 -1.434286e+03
5.959596e-03 4.871473e+04 -3.357073e+03 -1.292088e+03 2.372411e+03 4.370488e+03 -9.384741e+03 8.328305e+03 -1.774261e+03 -1.266906e+03 -2.327635e+03 -3.750232e+04 -2.293517e+03 -8.374409e+03 -1.752722e+03 2.982290e+03 7.221588e+03 -1.591533e+03 -2.643802e+03 -4.274488e+04 -2.547160e+03 9.482290e+03 2.135791e+03 -3.889024e+03 -8.228300e+03 -4.273969e+04 3.012547e+03 1.019901e+03 -2.088786e+03 3.344835e+03 -8.234979e+03 7.355262e+03 -1.450809e+03
6.161616e-03 4.802951e+04 -3.289187e+03 -1.309590e+03 1.770104e+03 4.267052e+03 -9.223662e+03 7.442441e+03 -1.791919e+03 -1.284701e+03 -1.724798e+03 -3.697587e+04 -2.247745e+03 -7.488966e+03 -1.770686e+03 2.912312e+03 7.098680e+03 -1.613095e+03 -1.956651e+03 -4.214423e+04 -2.493336e+03 8.472573e+03 2.157284e+03 -3.799874e+03 -8.087624e+03 -4.213911e+04 2.954642e+03 1.034266e+03 -1.560366e+03 3.263475e+03 -8.094189e+03 6.578410e+03 -1.465519e+03
6.363636e-03 4.728497e+04 -3.221981e+03 -1.325560e+03 1.202833e+03 4.165426e+03 -9.051140e+03 6.602941e+03 -1.807473e+03 -1.300994e+03 -1.157077e+03 -3.640375e+04 -2.202413e+03 -6.649813e+03 -1.786573e+03 2.843544e+03 6.966967e+03 -1.632779e+03 -1.309541e+03 -4.149152e+04 -2.440045e+03 7.515719e+03 2.176246e+03 -3.712295e+03 -7.936913e+03 -4.148649e+04 2.897300e+03 1.047413e+03 -1.062670e+03 3.183511e+03 -7.943357e+03 5.842158e+03 -1.478509e+03
6.565657e-03 4.648992e+04 -3.155547e+03 -1.340058e+03 6.699946e+02 4.065713e+03 -8.869012e+03 5.809162e+03 -1.821039e+03 -1.315841e+03 -6.238660e+02 -3.579274e+04 -2.157585e+03 -5.856309e+03 -1.800494e+03 2.776056e+03 6.827855e+03 -1.650661e+03 -7.017828e+02 -4.079449e+04 -2.387361e+03 6.610993e+03 2.192814e+03 -3.626375e+03 -7.777776e+03 -4.078955e+04 2.840602e+03 1.059389e+03 -5.951710e+02 3.105024e+03 -7.784091e+03 5.145943e+03 -1.489871e+03
6.767677e-03 4.565249e+04 -3.089969e+03 -1.353147e+03 1.708040e+02 3.967997e+03 -8.678976e+03 5.060206e+03 -1.832729e+03 -1.329300e+03 -1.243764e+02 -3.514909e+04 -2.113318e+03 -5.107561e+03 -1.812557e+03 2.709907e+03 6.682646e+03 -1.666818e+03 -1.324755e+02 -4.006027e+04 -2.335352e+03 5.757372e+03 2.207122e+03 -3.542187e+03 -7.611696e+03 -4.005542e+04 2.784620e+03 1.070239e+03 -1.571800e+02 3.028083e+03 -7.617878e+03 4.488982e+03 -1.499698e+03
6.969697e-03 4.478019e+04 -3.025319e+03 -1.364888e+03 -2.956759e+02 3.872345e+03 -8.482588e+03 4.354967e+03 -1.842653e+03 -1.341430e+03 3.423321e+02 -3.447859e+04 -2.069661e+03 -4.402464e+03 -1.822869e+03 2.645141e+03 6.532533e+03 -1.681324e+03 3.994536e+02 -3.929544e+04 -2.284073e+03 4.953593e+03 2.219302e+03 -3.459787e+03 -7.440039e+03 -3.929069e+04 2.729417e+03 1.080009e+03 2.521242e+02 2.952742e+03 -7.446083e+03 3.870307e+03 -1.508076e+03
7.171717e-03 4.387990e+04 -2.961661e+03 -1.375343e+03 -7.305023e+02 3.778810e+03 -8.281270e+03 3.692168e+03 -1.850918e+03 -1.352289e+03 7.773205e+02 -3.378651e+04 -2.026659e+03 -3.739746e+03 -1.831534e+03 2.581796e+03 6.378608e+03 -1.694259e+03 8.952147e+02 -3.850603e+04 -2.233577e+03 4.198200e+03 2.229481e+03 -3.379220e+03 -7.264047e+03 -3.850138e+04 2.675047e+03 1.088747e+03 6.336680e+02 2.879044e+03 -7.269950e+03 3.288804e+03 -1.515093e+03
7.373737e-03 4.295785e+04 -2.899048e+03 -1.384574e+03 -1.134825e+03 3.687430e+03 -8.076311e+03 3.070401e+03 -1.857627e+03 -1.361935e+03 1.181742e+03 -3.307766e+04 -1.984348e+03 -3.118002e+03 -1.838652e+03 2.519898e+03 6.221859e+03 -1.705696e+03 1.356124e+03 -3.769753e+04 -2.183906e+03 3.489586e+03 2.237783e+03 -3.300518e+03 -7.084849e+03 -3.769298e+04 2.621558e+03 1.096500e+03 9.884597e+02 2.807020e+03 -7.090610e+03 2.743239e+03 -1.520833e+03
7.575758e-03 4.201972e+04 -2.837527e+03 -1.392642e+03 -1.509863e+03 3.598230e+03 -7.868874e+03 2.488157e+03 -1.862879e+03 -1.370428e+03 1.556821e+03 -3.235641e+04 -1.942762e+03 -2.535726e+03 -1.844321e+03 2.459465e+03 6.063179e+03 -1.715712e+03 1.783576e+03 -3.687490e+04 -2.135096e+03 2.826031e+03 2.244327e+03 -3.223703e+03 -6.903465e+03 -3.687045e+04 2.568989e+03 1.103315e+03 1.317568e+03 2.736691e+03 -6.909081e+03 2.232292e+03 -1.525376e+03
7.777778e-03 4.107060e+04 -2.777134e+03 -1.399607e+03 -1.856883e+03 3.511224e+03 -7.660003e+03 1.943854e+03 -1.866772e+03 -1.377824e+03 1.903825e+03 -3.162667e+04 -1.901925e+03 -1.991341e+03 -1.848634e+03 2.400507e+03 5.903369e+03 -1.724380e+03 2.179019e+03 -3.604261e+04 -2.087178e+03 2.205731e+03 2.249229e+03 -3.148785e+03 -6.720808e+03 -3.603827e+04 2.517373e+03 1.109236e+03 1.622103e+03 2.668071e+03 -6.726278e+03 1.754580e+03 -1.528800e+03
7.979798e-03 4.011505e+04 -2.717902e+03 -1.405527e+03 -2.177180e+03 3.426416e+03 -7.450629e+03 1.435862e+03 -1.869395e+03 -1.384180e+03 2.224055e+03 -3.089195e+04 -1.861861e+03 -1.483220e+03 -1.851681e+03 2.343030e+03 5.743142e+03 -1.731772e+03 2.543936e+03 -3.520467e+04 -2.040176e+03 1.626827e+03 2.252598e+03 -3.075770e+03 -6.537693e+03 -3.520043e+04 2.466738e+03 1.114311e+03 1.903200e+03 2.601165e+03 -6.543017e+03 1.308678e+03 -1.531180e+03
8.181818e-03 3.915715e+04 -2.659853e+03 -1.410460e+03 -2.472061e+03 3.343804e+03 -7.241575e+03 9.625269e+02 -1.870838e+03 -1.389552e+03 2.518822e+03 -3.015539e+04 -1.822586e+03 -1.009713e+03 -1.853548e+03 2.287029e+03 5.583131e+03 -1.737960e+03 2.879821e+03 -3.436464e+04 -1.994110e+03 1.087433e+03 2.254539e+03 -3.004652e+03 -6.354841e+03 -3.436050e+04 2.417105e+03 1.118584e+03 2.162006e+03 2.535970e+03 -6.360020e+03 8.931369e+02 -1.532587e+03
8.383838e-03 3.820049e+04 -2.603007e+03 -1.414461e+03 -2.742835e+03 3.263375e+03 -7.033567e+03 5.221853e+02 -1.871183e+03 -1.393993e+03 2.789437e+03 -2.941975e+04 -1.784113e+03 -5.691583e+02 -1.854316e+03 2.232499e+03 5.423894e+03 -1.743011e+03 3.188172e+03 -3.352568e+04 -1.948994e+03 5.856509e+02 2.255154e+03 -2.935420e+03 -6.172888e+03 -3.352165e+04 2.368490e+03 1.122098e+03 2.399668e+03 2.472479e+03 -6.177923e+03 5.065016e+02 -1.533089e+03
8.585859e-03 3.724824e+04 -2.547375e+03 -1.417586e+03 -2.990798e+03 3.185110e+03 -6.827241e+03 1.131819e+02 -1.870511e+03 -1.397555e+03 3.037201e+03 -2.868748e+04 -1.746452e+03 -1.599054e+02 -1.854065e+03 2.179428e+03 5.265919e+03 -1.746992e+03 3.470469e+03 -3.269058e+04 -1.904840e+03 1.195940e+02 2.254536e+03 -2.868059e+03 -5.992391e+03 -3.268665e+04 2.320906e+03 1.124895e+03 2.617322e+03 2.410680e+03 -5.997283e+03 1.473233e+02 -1.532751e+03
8.787879e-03 3.630318e+04 -2.492966e+03 -1.419884e+03 -3.217224e+03 3.108986e+03 -6.623147e+03 -2.661185e+02 -1.868895e+03 -1.400291e+03 3.263390e+03 -2.796071e+04 -1.709609e+03 2.196782e+02 -1.852867e+03 2.127800e+03 5.109630e+03 -1.749967e+03 3.728171e+03 -3.186177e+04 -1.861652e+03 -3.126023e+02 2.252778e+03 -2.802547e+03 -5.813833e+03 -3.185794e+04 2.274358e+03 1.127017e+03 2.816086e+03 2.350553e+03 -5.818584e+03 -1.858290e+02 -1.531634e+03
8.989899e-03 3.536772e+04 -2.439783e+03 -1.421408e+03 -3.423359e+03 3.034973e+03 -6.421760e+03 -6.173199e+02 -1.866408e+03 -1.402247e+03 3.469254e+03 -2.724130e+04 -1.673587e+03 5.711934e+02 -1.850793e+03 2.077596e+03 4.955390e+03 -1.751998e+03 3.962701e+03 -3.104135e+04 -1.819435e+03 -7.127675e+02 2.249963e+03 -2.738858e+03 -5.637630e+03 -3.103763e+04 2.228851e+03 1.128503e+03 2.997052e+03 2.292078e+03 -5.642242e+03 -4.943596e+02 -1.529796e+03
9.191919e-03 3.444392e+04 -2.387824e+03 -1.422205e+03 -3.610415e+03 2.963039e+03 -6.223485e+03 -9.419872e+02 -1.863117e+03 -1.403473e+03 3.656008e+03 -2.653083e+04 -1.638386e+03 8.962021e+02 -1.847910e+03 2.028794e+03 4.803511e+03 -1.753144e+03 4.175445e+03 -3.023116e+04 -1.778187e+03 -1.082686e+03 2.246174e+03 -2.676965e+03 -5.464136e+03 -3.022753e+04 2.184385e+03 1.129392e+03 3.161282e+03 2.235231e+03 -5.468611e+03 -7.796380e+02 -1.527293e+03
9.393939e-03 3.353357e+04 -2.337087e+03 -1.422322e+03 -3.779561e+03 2.893147e+03 -6.028662e+03 -1.241639e+03 -1.859086e+03 -1.404014e+03 3.824824e+03 -2.583067e+04 -1.604004e+03 1.196220e+03 -1.844280e+03 1.981371e+03 4.654256e+03 -1.753462e+03 4.367741e+03 -2.943274e+04 -1.737905e+03 -1.424088e+03 2.241488e+03 -2.616834e+03 -5.293650e+03 -2.942921e+04 2.140957e+03 1.129720e+03 3.309803e+03 2.179982e+03 -5.297991e+03 -1.042994e+03 -1.524176e+03
9.595960e-03 3.263815e+04 -2.287563e+03 -1.421803e+03 -3.931927e+03 2.825258e+03 -5.837575e+03 -1.517743e+03 -1.854373e+03 -1.403912e+03 3.976835e+03 -2.514198e+04 -1.570438e+03 1.472713e+03 -1.839963e+03 1.935300e+03 4.507843e+03 -1.753006e+03 4.540880e+03 -2.864741e+04 -1.698585e+03 -1.738649e+03 2.235975e+03 -2.558431e+03 -5.126421e+03 -2.864398e+04 2.098561e+03 1.129523e+03 3.443604e+03 2.126303e+03 -5.130631e+03 -1.285711e+03 -1.520495e+03
9.797980e-03 3.175891e+04 -2.239243e+03 -1.420691e+03 -4.068594e+03 2.759329e+03 -5.650457e+03 -1.771711e+03 -1.849037e+03 -1.403210e+03 4.113125e+03 -2.446572e+04 -1.537679e+03 1.727089e+03 -1.835014e+03 1.890554e+03 4.364452e+03 -1.751827e+03 4.696098e+03 -2.787627e+04 -1.660217e+03 -2.027978e+03 2.229704e+03 -2.501721e+03 -4.962654e+03 -2.787292e+04 2.057189e+03 1.128835e+03 3.563634e+03 2.074161e+03 -4.966735e+03 -1.509028e+03 -1.516295e+03
1.000000e-02 3.089689e+04 -2.192113e+03 -1.419025e+03 -4.190598e+03 2.695318e+03 -5.467494e+03 -2.004898e+03 -1.843128e+03 -1.401948e+03 4.234731e+03 -2.380267e+04 -1.505722e+03 1.960703e+03 -1.829485e+03 1.847103e+03 4.224225e+03 -1.749977e+03 4.834578e+03 -2.712020e+04 -1.622793e+03 -2.293621e+03 2.222738e+03 -2.446665e+03 -4.802511e+03 -2.711694e+04 2.016831e+03 1.127687e+03 3.670801e+03 2.023524e+03 -4.806467e+03 -1.714128e+03 -1.511620e+03
