-1.000000e-02 -1.830276e+05 -8.383361e+02 5.363732e+03 -1.150401e+05 4.023246e+03 -7.874230e+04 -1.085967e+05 6.004245e+03 5.208834e+03 1.151583e+05 1.410169e+05 -6.057148e+02 1.084798e+05 5.853697e+03 2.765455e+03 6.052329e+04 6.440867e+03 1.311996e+05 1.606558e+05 -3.388558e+02 -1.237232e+05 -7.169903e+03 -3.760378e+03 -6.903663e+04 1.606546e+05 1.087294e+03 -4.317805e+03 1.009754e+05 2.921771e+03 -6.903364e+04 -9.521802e+04 4.884881e+03
-9.797980e-03 -2.111480e+05 -8.236524e+02 5.717010e+03 -1.318862e+05 4.498247e+03 -9.067164e+04 -1.242491e+05 6.433063e+03 5.537986e+03 1.320197e+05 1.626795e+05 -5.997501e+02 1.241171e+05 6.258853e+03 3.091903e+03 6.969562e+04 6.857619e+03 1.504107e+05 1.853370e+05 -3.078840e+02 -1.415566e+05 -7.673063e+03 -4.184197e+03 -7.949730e+04 1.853357e+05 1.098605e+03 -4.595726e+03 1.157611e+05 3.286803e+03 -7.949372e+04 -1.089428e+05 5.229279e+03
-9.595960e-03 -2.464991e+05 -7.887613e+02 6.134650e+03 -1.530398e+05 5.084959e+03 -1.056587e+05 -1.438656e+05 6.944418e+03 5.925025e+03 1.531921e+05 1.899119e+05 -5.810081e+02 1.437148e+05 6.740186e+03 3.495139e+03 8.121917e+04 7.349301e+03 1.745338e+05 2.163645e+05 -2.570041e+02 -1.639067e+05 -8.271924e+03 -4.706907e+03 -9.263936e+04 2.163629e+05 1.097534e+03 -4.923221e+03 1.343273e+05 3.738481e+03 -9.263502e+04 -1.261436e+05 5.639262e+03
-9.393939e-03 -2.919500e+05 -7.219294e+02 6.638815e+03 -1.802132e+05 5.827252e+03 -1.249156e+05 -1.690106e+05 7.567524e+03 6.389397e+03 1.803895e+05 2.249245e+05 -5.418840e+02 1.688360e+05 7.324235e+03 4.005314e+03 9.602603e+04 7.941461e+03 2.055214e+05 2.562565e+05 -1.755153e+02 -1.925556e+05 -9.000093e+03 -5.367172e+03 -1.095257e+05 2.562544e+05 1.075822e+03 -5.317130e+03 1.581768e+05 4.310997e+03 -1.095204e+05 -1.481922e+05 6.137880e+03
-9.191919e-03 -3.520718e+05 -6.029602e+02 7.264406e+03 -2.161377e+05 6.795778e+03 -1.503731e+05 -2.021725e+05 8.348488e+03 6.961562e+03 2.163453e+05 2.712383e+05 -4.692394e+02 2.019666e+05 8.052741e+03 4.670973e+03 1.156010e+05 8.674241e+03 2.464883e+05 3.090248e+05 -4.518349e+01 -2.303388e+05 -9.910516e+03 -6.227206e+03 -1.318497e+05 3.090222e+05 1.019009e+03 -5.803899e+03 1.897071e+05 5.059459e+03 -1.318430e+05 -1.772706e+05 6.761451e+03
-8.989899e-03 -4.346441e+05 -3.946708e+02 8.070636e+03 -2.654691e+05 8.112808e+03 -1.853176e+05 -2.475799e+05 9.365579e+03 7.692940e+03 2.657192e+05 3.348461e+05 -3.388050e+02 2.473316e+05 8.996314e+03 5.576115e+03 1.424712e+05 9.615589e+03 3.027435e+05 3.814976e+05 1.672736e+02 -2.820741e+05 -1.109293e+04 -7.394586e+03 -1.624932e+05 3.814941e+05 9.000960e+02 -6.428285e+03 2.330041e+05 6.079310e+03 -1.624846e+05 -2.170868e+05 7.571527e+03
-8.787879e-03 -5.542055e+05 -2.168941e+01 9.169090e+03 -3.369242e+05 1.001246e+04 -2.358907e+05 -3.131194e+05 1.076603e+04 8.679997e+03 3.372353e+05 4.269470e+05 -1.012335e+02 3.128104e+05 1.028731e+04 6.881533e+03 1.813592e+05 1.089328e+04 3.842270e+05 4.864349e+05 5.288413e+02 -3.567472e+05 -1.271585e+04 -9.075139e+03 -2.068420e+05 4.864302e+05 6.637003e+02 -7.274461e+03 2.957185e+05 7.553403e+03 -2.068305e+05 -2.745565e+05 8.683695e+03
-8.585859e-03 -7.421460e+05 6.933408e+02 1.080651e+04 -4.493696e+05 1.301778e+04 -3.153549e+05 -4.157794e+05 1.287377e+04 1.013525e+04 4.497755e+05 5.717212e+05 3.599297e+02 4.153757e+05 1.221603e+04 8.946347e+03 2.424637e+05 1.278931e+04 5.124527e+05 6.513873e+05 1.196248e+03 -4.737142e+05 -1.514952e+04 -1.172841e+04 -2.765266e+05 6.513805e+05 1.782234e+02 -8.528292e+03 3.944087e+05 9.890436e+03 -2.765104e+05 -3.645764e+05 1.035187e+04
-8.383838e-03 -1.086309e+06 2.295207e+03 1.370465e+04 -6.557704e+05 1.866300e+04 -4.608365e+05 -6.029604e+05 1.662789e+04 1.267883e+04 6.563489e+05 8.368361e+05 1.403373e+03 6.023844e+05 1.562164e+04 1.282347e+04 3.543336e+05 1.612719e+04 7.478180e+05 9.534535e+05 2.648896e+03 -6.869815e+05 -1.946598e+04 -1.670162e+04 -4.041048e+05 9.534427e+05 -9.636998e+02 -1.073313e+04 5.755607e+05 1.428941e+04 -4.040792e+05 -5.287107e+05 1.331105e+04
-8.181818e-03 -2.067726e+06 8.102615e+03 2.211647e+04 -1.247424e+06 3.592060e+04 -8.757505e+05 -1.133223e+06 2.748458e+04 1.996225e+04 1.248495e+06 1.592840e+06 5.219955e+03 1.132155e+06 2.536918e+04 2.466730e+04 6.733869e+05 2.575430e+04 1.422496e+06 1.814828e+06 7.799462e+03 -1.291142e+06 -3.188877e+04 -3.187074e+04 -7.679599e+05 1.814804e+06 -5.257997e+03 -1.709255e+04 1.094838e+06 2.776145e+04 -7.679046e+05 -9.936817e+05 2.182629e+04
-7.979798e-03 -4.233228e+06 1.916586e+04 3.758639e+04 -2.544821e+06 6.964214e+04 -1.790095e+06 -2.308368e+06 4.821453e+04 3.325197e+04 2.546956e+06 3.260948e+06 1.246436e+04 2.306236e+06 4.395416e+04 4.783412e+04 1.376501e+06 4.343292e+04 2.901945e+06 3.715446e+06 1.757259e+04 -2.630065e+06 -5.557973e+04 -6.149511e+04 -1.569791e+06 3.715391e+06 -1.344763e+04 -2.871608e+04 2.233519e+06 5.412934e+04 -1.569679e+06 -2.024149e+06 3.808419e+04
-7.777778e-03 1.648652e+06 -2.052076e+04 -1.142024e+04 1.012414e+06 -3.671488e+04 6.960269e+05 8.548868e+05 -1.536929e+04 -8.625792e+03 -1.013216e+06 -1.269963e+06 -1.373127e+04 -8.540828e+05 -1.261941e+04 -2.513440e+04 -5.352449e+05 -1.233700e+04 -1.154447e+06 -1.446986e+06 -1.714021e+04 9.740281e+05 1.686048e+04 3.181757e+04 6.104025e+05 -1.446957e+06 1.651408e+04 8.090500e+03 -8.885582e+05 -2.904339e+04 6.103254e+05 7.496123e+05 -1.157835e+04
-7.575758e-03 -2.446748e+06 -2.840414e+03 1.341249e+04 -1.425627e+06 1.972672e+04 -1.031569e+06 -1.379591e+06 1.920835e+04 1.260356e+04 1.426791e+06 1.884722e+06 -2.217384e+03 1.378425e+06 1.841213e+04 1.368551e+04 7.932762e+05 1.604371e+04 1.625675e+06 2.147433e+06 -1.516806e+03 -1.571886e+06 -2.265490e+04 -1.776619e+04 -9.046210e+05 2.147420e+06 3.503321e+03 -1.047500e+04 1.251217e+06 1.514067e+04 -9.046003e+05 -1.209798e+06 1.556863e+04
-7.373737e-03 3.805542e+06 -2.609969e+04 -1.402743e+04 2.273759e+06 -5.315059e+04 1.601963e+06 2.045344e+06 -2.263221e+04 -1.020009e+04 -2.275501e+06 -2.931333e+06 -1.730036e+04 -2.043590e+06 -1.885936e+04 -3.652595e+04 -1.231978e+06 -1.510071e+04 -2.592715e+06 -3.339977e+06 -2.174977e+04 2.330444e+06 2.493646e+04 4.613073e+04 1.404898e+06 -3.339936e+06 2.086712e+04 9.631603e+03 -1.995568e+06 -4.213449e+04 1.404786e+06 1.793582e+06 -1.720890e+04
-7.171717e-03 -1.775087e+06 -1.602707e+04 3.532472e+03 -9.861104e+05 -4.942520e+03 -7.462462e+05 -1.049796e+06 7.488968e+03 4.546545e+03 9.869082e+05 1.367301e+06 -1.107632e+04 1.049002e+06 8.489750e+03 -3.167395e+03 5.738980e+05 5.089623e+03 1.124487e+06 1.557903e+06 -1.266615e+04 -1.196148e+06 -9.591497e+03 3.721013e+03 -6.544078e+05 1.557913e+06 1.402034e+04 -3.170201e+03 8.654625e+05 -4.225323e+03 -6.544388e+05 -9.206541e+05 6.636179e+03
-6.969697e-03 7.724711e+07 -4.580081e+04 -2.810507e+04 4.450131e+07 -3.571920e+05 3.242635e+07 4.330488e+07 -1.918895e+05 -8.896843e+03 -4.453427e+07 -5.949963e+07 -2.329221e+04 -4.327184e+07 -1.729214e+05 -2.504719e+05 -2.493891e+07 -3.062226e+04 -5.074311e+07 -6.779490e+07 -3.831704e+04 4.934260e+07 2.174188e+05 3.126828e+05 2.843767e+07 -6.779528e+07 2.841040e+04 8.887523e+03 -3.905620e+07 -2.861951e+05 2.843686e+07 3.797696e+07 -1.527162e+05
-6.767677e-03 -2.456694e+07 -8.467357e+04 -3.431393e+04 -1.378165e+07 -2.777101e+04 -1.029867e+07 -1.414456e+07 1.627866e+04 -2.897980e+04 1.379200e+07 1.892268e+07 -5.990124e+04 1.413425e+07 2.155047e+04 -1.649287e+04 7.920802e+06 -3.577490e+04 1.571489e+07 2.156088e+07 -6.981380e+04 -1.611662e+07 -2.184924e+04 2.248875e+04 -9.031728e+06 2.156091e+07 7.275051e+04 2.799339e+04 1.209532e+07 -2.067514e+04 -9.031906e+06 -1.240475e+07 1.637119e+04
-6.565657e-03 8.478866e+06 -4.163912e+04 2.316860e+04 4.941095e+06 -4.410979e+04 3.549559e+06 4.668237e+06 6.433820e+03 2.721258e+04 -4.944504e+06 -6.530723e+06 -2.751440e+04 -4.664795e+06 1.043409e+04 -3.074805e+04 -2.730116e+06 2.965393e+04 -5.633937e+06 -7.441334e+06 -3.210664e+04 5.319117e+06 -1.055871e+04 3.689169e+04 3.113055e+06 -7.441290e+06 3.578730e+04 -2.137559e+04 -4.336445e+06 -3.685444e+04 3.112924e+06 4.093981e+06 6.672071e+03
-6.363636e-03 -1.501943e+07 5.388862e+04 -6.361554e+04 -8.668869e+06 3.129165e+04 -6.279546e+06 -8.394117e+06 -3.500576e+04 -6.758501e+04 8.674655e+06 1.156827e+07 3.531321e+04 8.388286e+06 -3.893544e+04 2.256822e+04 4.830033e+06 -7.797012e+04 9.884314e+06 1.318144e+07 3.970802e+04 -9.564582e+06 4.534673e+04 -2.441473e+04 -5.507360e+06 1.318133e+07 -4.782359e+04 5.509032e+04 7.607959e+06 2.876054e+04 -5.507251e+06 -7.361772e+06 -2.996896e+04
-6.161616e-03 -1.417504e+06 -4.387772e+03 -7.956142e+03 -7.906878e+05 -8.549873e+03 -5.919409e+05 -8.358803e+05 -5.321459e+03 -7.345879e+03 7.912201e+05 1.091778e+06 -3.098501e+03 8.353544e+05 -4.716467e+03 -5.693330e+03 4.553099e+05 -9.128252e+03 9.015558e+05 1.244022e+06 -3.943401e+03 -9.524485e+05 6.128909e+03 7.548272e+03 -5.191398e+05 1.244029e+06 3.437633e+03 6.398603e+03 6.939210e+05 -6.442568e+03 -5.191607e+05 -7.331176e+05 -4.089406e+03
-5.959596e-03 6.408229e+05 -2.076850e+04 4.742682e+03 4.185905e+05 -1.596210e+04 2.671943e+05 2.898212e+05 3.654971e+03 6.443193e+03 -4.188093e+05 -4.935624e+05 -1.406441e+04 -2.895804e+05 5.341668e+03 -1.089832e+04 -2.055413e+05 6.714734e+03 -4.772218e+05 -5.624055e+05 -1.636343e+04 3.302274e+05 -5.468902e+03 1.331544e+04 2.343772e+05 -5.623805e+05 1.788874e+04 -4.645181e+03 -3.673541e+05 -1.311082e+04 2.343200e+05 2.541472e+05 3.683671e+03
-5.757576e-03 2.994159e+06 -5.592734e+04 2.578822e+04 1.844284e+06 -3.026131e+04 1.247101e+06 1.534960e+06 2.077557e+04 2.973111e+04 -1.845286e+06 -2.306075e+06 -3.779028e+04 -1.533900e+06 2.468928e+04 -2.078951e+04 -9.593440e+05 3.334437e+04 -2.102657e+06 -2.627719e+06 -4.334499e+04 1.749009e+06 -2.762168e+04 2.447464e+04 1.093867e+06 -2.627660e+06 4.879753e+04 -2.304257e+04 -1.618538e+06 -2.577042e+04 1.093732e+06 1.346176e+06 1.862787e+04
-5.555556e-03 2.787394e+07 -5.180350e+05 2.773229e+05 1.717671e+07 -2.185252e+05 1.159655e+07 1.446228e+07 2.321880e+05 3.106346e+05 -1.718573e+07 -2.146814e+07 -3.501607e+05 -1.445274e+07 2.652747e+05 -1.504935e+05 -8.920959e+06 3.534980e+05 -1.958271e+07 -2.446241e+07 -3.992430e+05 1.647918e+07 -3.020096e+05 1.722750e+05 1.017177e+07 -2.446208e+07 4.543821e+05 -2.437339e+05 -1.507423e+07 -1.909732e+05 1.017054e+07 1.268386e+07 2.039893e+05
-5.353535e-03 -3.486135e+06 6.645543e+04 -3.914013e+04 -2.157362e+06 2.096460e+04 -1.448730e+06 -1.826593e+06 -3.371895e+04 -4.304210e+04 2.158416e+06 2.684917e+06 4.494340e+04 1.825467e+06 -3.759804e+04 1.448165e+04 1.114515e+06 -4.945242e+04 2.459502e+06 3.059443e+06 5.100090e+04 -2.081347e+06 4.327246e+04 -1.590072e+04 -1.270750e+06 3.059375e+06 -5.853212e+04 3.403584e+04 1.893263e+06 1.899765e+04 -1.270613e+06 -1.602033e+06 -2.926275e+04
-5.151515e-03 -1.227071e+06 2.258783e+04 -1.520956e+04 -7.602355e+05 3.847362e+03 -5.093945e+05 -6.579017e+05 -1.336347e+04 -1.636897e+04 7.605886e+05 9.450424e+05 1.527889e+04 6.575243e+05 -1.451681e+04 2.692065e+03 3.918887e+05 -1.901288e+04 8.666922e+05 1.076874e+06 1.722400e+04 -7.496663e+05 1.691007e+04 -2.514494e+03 -4.468163e+05 1.076853e+06 -2.000901e+04 1.306997e+04 6.671651e+05 3.928936e+03 -4.467749e+05 -5.770390e+05 -1.144496e+04
-4.949495e-03 -7.936020e+05 1.526293e+04 -1.076160e+04 -4.960740e+05 1.163525e+03 -3.291077e+05 -4.309276e+05 -9.610070e+03 -1.146915e+04 4.962897e+05 6.111941e+05 1.032991e+04 4.306954e+05 -1.031437e+04 8.376967e+02 2.531966e+05 -1.339145e+04 5.655274e+05 6.964581e+05 1.160573e+04 -4.910377e+05 1.208069e+04 -4.463431e+02 -2.886807e+05 6.964454e+05 -1.355972e+04 9.195871e+03 4.353399e+05 1.528941e+03 -2.886551e+05 -3.779725e+05 -8.182121e+03
-4.747475e-03 -5.767508e+05 1.177950e+04 -8.470788e+03 -3.649073e+05 -1.445221e-01 -2.389406e+05 -3.170502e+05 -7.664008e+03 -8.968216e+03 3.650547e+05 4.441808e+05 7.976924e+03 3.168901e+05 -8.159469e+03 3.181036e+01 1.838319e+05 -1.050929e+04 4.159868e+05 5.061486e+05 8.942129e+03 -3.612784e+05 9.591595e+03 4.339128e+02 -2.095922e+05 5.061395e+05 -1.048509e+04 7.210427e+03 3.202296e+05 4.697714e+02 -2.095739e+05 -2.780964e+05 -6.500017e+03
-4.545455e-03 -4.437598e+05 9.690036e+03 -6.998264e+03 -2.849509e+05 -6.265917e+02 -1.836676e+05 -2.472405e+05 -6.399866e+03 -7.372715e+03 2.850568e+05 3.417550e+05 6.565534e+03 2.471240e+05 -6.773064e+03 -4.029837e+02 1.413105e+05 -8.663315e+03 3.248302e+05 3.894354e+05 7.348790e+03 -2.817326e+05 7.983154e+03 8.969543e+02 -1.611103e+05 3.894284e+05 -8.636469e+03 5.939666e+03 2.500608e+05 -1.123326e+02 -1.610963e+05 -2.168695e+05 -5.412590e+03
-4.343434e-03 -3.536976e+05 8.286579e+03 -5.945238e+03 -2.311275e+05 -9.996882e+02 -1.462569e+05 -2.000917e+05 -5.485391e+03 -6.239084e+03 2.312059e+05 2.723921e+05 5.617409e+03 2.000042e+05 -5.778426e+03 -6.625331e+02 1.125302e+05 -7.347165e+03 2.634676e+05 3.103969e+05 6.281200e+03 -2.280078e+05 6.824898e+03 1.164884e+03 -1.282959e+05 3.103913e+05 -7.392014e+03 5.034331e+03 2.028262e+05 -4.675398e+02 -1.282847e+05 -1.755171e+05 -4.629149e+03
-4.141414e-03 -2.888708e+05 7.277290e+03 -5.142375e+03 -1.926420e+05 -1.234963e+03 -1.193452e+05 -1.663118e+05 -4.780176e+03 -5.379582e+03 1.927010e+05 2.224650e+05 4.935441e+03 1.662448e+05 -5.016861e+03 -8.266247e+02 9.182640e+04 -6.346226e+03 2.195915e+05 2.535052e+05 5.515157e+03 -1.895165e+05 5.935204e+03 1.327786e+03 -1.046903e+05 2.535005e+05 -6.495211e+03 4.346344e+03 1.690520e+05 -6.980605e+02 -1.046812e+05 -1.458899e+05 -4.027073e+03
-3.939394e-03 -2.401858e+05 6.517339e+03 -4.503108e+03 -1.639646e+05 -1.388522e+03 -9.914775e+04 -1.411116e+05 -4.212553e+03 -4.698558e+03 1.640093e+05 1.849699e+05 4.421834e+03 1.410595e+05 -4.407678e+03 -9.340444e+02 7.628783e+04 -5.550984e+03 1.868974e+05 2.107795e+05 4.939530e+03 -1.608014e+05 5.221553e+03 1.429216e+03 -8.697400e+04 2.107757e+05 -5.818657e+03 3.800137e+03 1.438853e+05 -8.537718e+02 -8.696641e+04 -1.237875e+05 -3.543905e+03
-3.737374e-03 -2.024392e+05 5.925932e+03 -3.977709e+03 -1.419398e+05 -1.490779e+03 -8.349913e+04 -1.217454e+05 -3.741313e+03 -4.141254e+03 1.419738e+05 1.558994e+05 4.022040e+03 1.217047e+05 -3.904671e+03 -1.005835e+03 6.424860e+04 -4.898640e+03 1.617879e+05 1.776536e+05 4.492394e+03 -1.387340e+05 4.630862e+03 1.492650e+03 -7.324762e+04 1.776503e+05 -5.291213e+03 3.352381e+03 1.245568e+05 -9.618616e+02 -7.324119e+04 -1.068018e+05 -3.143809e+03
-3.535354e-03 -1.724252e+05 5.454181e+03 -3.535204e+03 -1.246285e+05 -1.559508e+03 -7.106527e+04 -1.065199e+05 -3.340720e+03 -3.673681e+03 1.246542e+05 1.327843e+05 3.703058e+03 1.064880e+05 -3.479104e+03 -1.054306e+03 5.468245e+04 -4.350146e+03 1.420522e+05 1.513137e+05 4.136326e+03 -1.213847e+05 4.130054e+03 1.531721e+03 -6.234099e+04 1.513108e+05 -4.869794e+03 2.976136e+03 1.093648e+05 -1.038323e+03 -6.233548e+04 -9.344775e+04 -2.804453e+03
-3.333333e-03 -1.480577e+05 5.070675e+03 -3.155116e+03 -1.107722e+05 -1.605689e+03 -6.097823e+04 -9.433315e+04 -2.993685e+03 -3.273441e+03 1.107914e+05 1.140181e+05 3.443682e+03 9.430816e+04 -3.111985e+03 -1.087068e+03 4.692171e+04 -3.879725e+03 1.262554e+05 1.299292e+05 3.847310e+03 -1.074981e+05 3.697221e+03 1.554786e+03 -5.349284e+04 1.299267e+05 -4.526688e+03 2.653628e+03 9.720487e+04 -1.093104e+03 -5.348808e+04 -8.275891e+04 -2.511045e+03
-3.131313e-03 -1.279209e+05 4.754277e+03 -2.823265e+03 -9.951936e+04 -1.636393e+03 -5.264903e+04 -8.443795e+04 -2.688320e+03 -2.925075e+03 9.953335e+04 9.851011e+04 3.229644e+03 8.441849e+04 -2.790153e+03 -1.109026e+03 4.051326e+04 -3.469559e+03 1.134268e+05 1.122576e+05 3.609203e+03 -9.622260e+04 3.317155e+03 1.567181e+03 -4.618654e+04 1.122554e+05 -4.243228e+03 2.372572e+03 8.732971e+04 -1.132664e+03 -4.618241e+04 -7.407988e+04 -2.253313e+03
-2.929293e-03 -1.110205e+05 4.490233e+03 -2.529464e+03 -9.027409e+04 -1.656329e+03 -4.566411e+04 -7.631056e+04 -2.416036e+03 -2.617514e+03 9.028389e+04 8.549473e+04 3.050983e+03 7.629557e+04 -2.504141e+03 -1.123450e+03 3.513900e+04 -3.106865e+03 1.028869e+05 9.742621e+04 3.410751e+03 -8.696148e+04 2.978894e+03 1.572425e+03 -4.005937e+04 9.742434e+04 -4.006372e+03 2.124156e+03 7.921635e+04 -1.161341e+03 -4.005576e+04 -6.695135e+04 -2.023853e+03
-2.727273e-03 -9.663830e+04 4.267936e+03 -2.266171e+03 -8.260804e+04 -1.668717e+03 -3.972484e+04 -6.957403e+04 -2.170433e+03 -2.342583e+03 8.261442e+04 7.441878e+04 2.900539e+03 6.956269e+04 -2.246923e+03 -1.132578e+03 3.056916e+04 -2.782187e+03 9.414743e+04 8.480483e+04 3.243870e+03 -7.928521e+04 2.674289e+03 1.572901e+03 -3.484938e+04 8.480318e+04 -3.806734e+03 1.901870e+03 7.248888e+04 -1.182130e+03 -3.484622e+04 -6.104270e+04 -1.817159e+03
-2.525253e-03 -8.424290e+04 4.079570e+03 -2.027650e+03 -7.620630e+04 -1.675809e+03 -3.461029e+04 -6.395097e+04 -1.946619e+03 -2.094088e+03 7.620988e+04 6.487298e+04 2.773034e+03 6.394262e+04 -2.013148e+03 -1.137977e+03 2.663380e+04 -2.488351e+03 8.684934e+04 7.392703e+04 3.102612e+03 -7.287772e+04 2.397123e+03 1.570253e+03 -3.036279e+04 7.392558e+04 -3.637389e+03 1.700772e+03 6.687095e+04 -1.197146e+03 -3.036003e+04 -5.611066e+04 -1.629029e+03
-2.323232e-03 -7.343272e+04 3.919261e+03 -1.809446e+03 -7.083306e+04 -1.679207e+03 -3.015359e+04 -5.923349e+04 -1.740766e+03 -1.867228e+03 7.083432e+04 5.654805e+04 2.664501e+03 5.922763e+04 -1.798646e+03 -1.140761e+03 2.320454e+04 -2.219784e+03 8.072377e+04 6.444042e+04 2.982510e+03 -6.750214e+04 2.142543e+03 1.565636e+03 -2.645323e+04 6.443915e+04 -3.493131e+03 1.517028e+03 6.215559e+04 -1.207911e+03 -2.645080e+04 -5.197289e+04 -1.456183e+03
-2.121212e-03 -6.389859e+04 3.782521e+03 -1.608025e+03 -6.630894e+04 -1.680069e+03 -2.622626e+04 -5.526340e+04 -1.549821e+03 -1.658207e+03 6.630828e+04 4.920588e+04 2.571910e+03 5.525960e+04 -1.600103e+03 -1.141737e+03 2.018254e+04 -1.972076e+03 7.556625e+04 5.607366e+04 2.880155e+03 -6.297819e+04 1.906683e+03 1.559874e+03 -2.300801e+04 5.607255e+04 -3.369976e+03 1.347604e+03 5.818540e+04 -1.215538e+03 -2.300589e+04 -4.849065e+04 -1.296007e+03
-1.919192e-03 -5.539828e+04 3.665875e+03 -1.420535e+03 -6.249581e+04 -1.679241e+03 -2.272769e+04 -5.191881e+04 -1.371302e+03 -1.463968e+03 6.249356e+04 4.265990e+04 2.492913e+03 5.191672e+04 -1.414833e+03 -1.141498e+03 1.749040e+04 -1.741669e+03 7.121928e+04 4.861417e+04 2.792908e+03 -5.916700e+04 1.686410e+03 1.553558e+03 -1.993888e+04 4.861320e+04 -3.264836e+03 1.190052e+03 5.483916e+04 -1.220849e+03 -1.993703e+04 -4.555703e+04 -1.146382e+03
-1.717172e-03 -4.773888e+04 3.566603e+03 -1.244632e+03 -5.928625e+04 -1.677350e+03 -1.957779e+04 -4.910490e+04 -1.203159e+03 -1.282006e+03 5.928268e+04 3.676156e+04 2.425674e+03 4.910424e+04 -1.240626e+03 -1.140479e+03 1.506651e+04 -1.525643e+03 6.756038e+04 4.189266e+04 2.718708e+03 -5.596053e+04 1.479137e+03 1.547121e+03 -1.717559e+04 4.189182e+04 -3.175296e+03 1.042368e+03 5.202258e+04 -1.224461e+03 -1.717399e+04 -4.308888e+04 -1.005560e+03
-1.515152e-03 -4.076430e+04 3.482563e+03 -1.078360e+03 -5.659611e+04 -1.674860e+03 -1.671177e+04 -4.674740e+04 -1.043669e+03 -1.110234e+03 5.659145e+04 3.139063e+04 2.368745e+03 4.674792e+04 -1.075630e+03 -1.139007e+03 1.286102e+04 -1.321564e+03 6.449364e+04 3.577214e+04 2.655931e+03 -5.327412e+04 1.282698e+03 1.540876e+03 -1.466130e+04 3.577142e+04 -3.099448e+03 9.028772e+02 4.966183e+04 -1.226840e+03 -1.465993e+04 -4.102105e+04 -8.720722e+02
-1.313131e-03 -3.434620e+04 3.412061e+03 -9.200591e+02 -5.435925e+04 -1.672122e+03 -1.407636e+04 -4.478790e+04 -8.913633e+02 -9.468857e+02 5.435368e+04 2.644826e+04 2.320982e+03 4.478940e+04 -9.182682e+02 -1.137325e+03 1.083296e+04 -1.127367e+03 6.194364e+04 3.013998e+04 2.603295e+03 -5.104124e+04 1.095244e+03 1.535055e+03 -1.234931e+04 3.013936e+04 -3.035785e+03 7.701632e+02 4.769886e+04 -1.228339e+03 -1.234815e+04 -3.930231e+04 -7.446692e+02
-1.111111e-03 -2.837723e+04 3.353758e+03 -7.682962e+02 -5.252366e+04 -1.669396e+03 -1.162706e+04 -4.318050e+04 -7.449650e+02 -7.904410e+02 5.251737e+04 2.185180e+04 2.281479e+03 4.318278e+04 -7.671782e+02 -1.135618e+03 8.948075e+03 -9.412733e+02 5.985109e+04 2.490197e+04 2.559785e+03 -4.920958e+04 9.151746e+02 1.529828e+03 -1.020055e+04 2.490146e+04 -2.983113e+03 6.430047e+02 4.608804e+04 -1.229225e+03 -1.019959e+04 -3.789240e+04 -6.222676e+02
-9.090909e-04 -2.276605e+04 3.306600e+03 -6.218152e+02 -5.104872e+04 -1.666877e+03 -9.325972e+03 -4.188930e+04 -6.033500e+02 -6.395684e+02 5.104184e+04 1.753089e+04 2.249525e+03 4.189222e+04 -6.211603e+02 -1.134022e+03 7.177222e+03 -7.617234e+02 5.816968e+04 1.997794e+04 2.524607e+03 -4.773823e+04 7.410808e+02 1.525320e+03 -8.181808e+03 1.997753e+04 -2.940494e+03 5.203317e+02 4.479369e+04 -1.229703e+03 -8.181037e+03 -3.675984e+04 -5.039132e+02
-7.070707e-04 -1.743336e+04 3.269772e+03 -4.794943e+02 -4.990307e+04 -1.664712e+03 -7.140239e+03 -4.088664e+04 -4.655090e+02 -4.930812e+02 4.989575e+04 1.342445e+04 2.224569e+03 4.089004e+04 -4.791412e+02 -1.132639e+03 5.495119e+03 -5.873259e+02 5.686366e+04 1.529832e+04 2.497143e+03 -4.659568e+04 5.716995e+02 1.521621e+03 -6.264250e+03 1.529801e+04 -2.907200e+03 4.011900e+02 4.378833e+04 -1.229923e+03 -6.263658e+03 -3.588036e+04 -3.887510e+02
-5.050505e-04 -1.230886e+04 3.242658e+03 -3.403128e+02 -4.906318e+04 -1.663004e+03 -5.040730e+03 -4.015172e+04 -3.305204e+02 -3.499019e+02 4.905553e+04 9.478346e+03 2.206196e+03 4.015548e+04 -3.401422e+02 -1.131543e+03 3.879353e+03 -4.168158e+02 5.590620e+04 1.080141e+04 2.476928e+03 -4.575823e+04 4.058787e+02 1.518797e+03 -4.422325e+03 1.080118e+04 -2.882683e+03 2.847123e+02 4.305128e+04 -1.229999e+03 -4.421906e+03 -3.523574e+04 -2.760006e+02
-3.030303e-04 -7.328742e+03 3.224819e+03 -2.033241e+02 -4.851224e+04 -1.661828e+03 -3.001012e+03 -3.966971e+04 -1.975262e+02 -2.090319e+02 4.850437e+04 5.643438e+03 2.194106e+03 3.967370e+04 -2.032538e+02 -1.130785e+03 2.309588e+03 -2.490205e+02 5.527814e+04 6.431195e+03 2.463630e+03 -4.520897e+04 2.425466e+02 1.516891e+03 -2.632846e+03 6.431062e+03 -2.866549e+03 1.700950e+02 4.256780e+04 -1.230009e+03 -2.632596e+03 -3.481295e+04 -1.649360e+02
-1.010101e-04 -2.433568e+03 3.215969e+03 -6.763175e+01 -4.823941e+04 -1.661229e+03 -9.964672e+02 -3.943105e+04 -6.571191e+01 -6.952680e+01 4.823145e+04 1.873948e+03 2.188109e+03 3.943515e+04 -6.761358e+01 -1.130399e+03 7.668853e+02 -8.282988e+01 5.496713e+04 2.135530e+03 2.457034e+03 -4.493700e+04 8.068646e+01 1.515932e+03 -8.742205e+02 2.135485e+03 -2.858545e+03 5.657706e+01 4.232839e+04 -1.230001e+03 -8.741377e+02 -3.460360e+04 -5.486866e+01
1.010101e-04 2.433568e+03 3.215969e+03 6.763175e+01 -4.823941e+04 -1.661229e+03 9.964672e+02 -3.943105e+04 6.571191e+01 6.952680e+01 4.823145e+04 -1.873948e+03 2.188109e+03 3.943515e+04 6.761358e+01 -1.130399e+03 -7.668853e+02 8.282988e+01 5.496713e+04 -2.135530e+03 2.457034e+03 -4.493700e+04 -8.068646e+01 1.515932e+03 8.742205e+02 -2.135485e+03 -2.858545e+03 -5.657706e+01 4.232839e+04 -1.230001e+03 8.741377e+02 -3.460360e+04 5.486866e+01
3.030303e-04 7.328742e+03 3.224819e+03 2.033241e+02 -4.851224e+04 -1.661828e+03 3.001012e+03 -3.966971e+04 1.975262e+02 2.090319e+02 4.850437e+04 -5.643438e+03 2.194106e+03 3.967370e+04 2.032538e+02 -1.130785e+03 -2.309588e+03 2.490205e+02 5.527814e+04 -6.431195e+03 2.463630e+03 -4.520897e+04 -2.425466e+02 1.516891e+03 2.632846e+03 -6.431062e+03 -2.866549e+03 -1.700950e+02 4.256780e+04 -1.230009e+03 2.632596e+03 -3.481295e+04 1.649360e+02
5.050505e-04 1.230886e+04 3.242658e+03 3.403128e+02 -4.906318e+04 -1.663004e+03 5.040730e+03 -4.015172e+04 3.305204e+02 3.499019e+02 4.905553e+04 -9.478346e+03 2.206196e+03 4.015548e+04 3.401422e+02 -1.131543e+03 -3.879353e+03 4.168158e+02 5.590620e+04 -1.080141e+04 2.476928e+03 -4.575823e+04 -4.058787e+02 1.518797e+03 4.422325e+03 -1.080118e+04 -2.882683e+03 -2.847123e+02 4.305128e+04 -1.229999e+03 4.421906e+03 -3.523574e+04 2.760006e+02
7.070707e-04 1.743336e+04 3.269772e+03 4.794943e+02 -4.990307e+04 -1.664712e+03 7.140239e+03 -4.088664e+04 4.655090e+02 4.930812e+02 4.989575e+04 -1.342445e+04 2.224569e+03 4.089004e+04 4.791412e+02 -1.132639e+03 -5.495119e+03 5.873259e+02 5.686366e+04 -1.529832e+04 2.497143e+03 -4.659568e+04 -5.716995e+02 1.521621e+03 6.264250e+03 -1.529801e+04 -2.907200e+03 -4.011900e+02 4.378833e+04 -1.229923e+03 6.263658e+03 -3.588036e+04 3.887510e+02
9.090909e-04 2.276605e+04 3.306600e+03 6.218152e+02 -5.104872e+04 -1.666877e+03 9.325972e+03 -4.188930e+04 6.033500e+02 6.395684e+02 5.104184e+04 -1.753089e+04 2.249525e+03 4.189222e+04 6.211603e+02 -1.134022e+03 -7.177222e+03 7.617234e+02 5.816968e+04 -1.997794e+04 2.524607e+03 -4.773823e+04 -7.410808e+02 1.525320e+03 8.181808e+03 -1.997753e+04 -2.940494e+03 -5.203317e+02 4.479369e+04 -1.229703e+03 8.181037e+03 -3.675984e+04 5.039132e+02
1.111111e-03 2.837723e+04 3.353758e+03 7.682962e+02 -5.252366e+04 -1.669396e+03 1.162706e+04 -4.318050e+04 7.449650e+02 7.904410e+02 5.251737e+04 -2.185180e+04 2.281479e+03 4.318278e+04 7.671782e+02 -1.135618e+03 -8.948075e+03 9.412733e+02 5.985109e+04 -2.490197e+04 2.559785e+03 -4.920958e+04 -9.151746e+02 1.529828e+03 1.020055e+04 -2.490146e+04 -2.983113e+03 -6.430047e+02 4.608804e+04 -1.229225e+03 1.019959e+04 -3.789240e+04 6.222676e+02
1.313131e-03 3.434620e+04 3.412061e+03 9.200591e+02 -5.435925e+04 -1.672122e+03 1.407636e+04 -4.478790e+04 8.913633e+02 9.468857e+02 5.435368e+04 -2.644826e+04 2.320982e+03 4.478940e+04 9.182682e+02 -1.137325e+03 -1.083296e+04 1.127367e+03 6.194364e+04 -3.013998e+04 2.603295e+03 -5.104124e+04 -1.095244e+03 1.535055e+03 1.234931e+04 -3.013936e+04 -3.035785e+03 -7.701632e+02 4.769886e+04 -1.228339e+03 1.234815e+04 -3.930231e+04 7.446692e+02
1.515152e-03 4.076430e+04 3.482563e+03 1.078360e+03 -5.659611e+04 -1.674860e+03 1.671177e+04 -4.674740e+04 1.043669e+03 1.110234e+03 5.659145e+04 -3.139063e+04 2.368745e+03 4.674792e+04 1.075630e+03 -1.139007e+03 -1.286102e+04 1.321564e+03 6.449364e+04 -3.577214e+04 2.655931e+03 -5.327412e+04 -1.282698e+03 1.540876e+03 1.466130e+04 -3.577142e+04 -3.099448e+03 -9.028772e+02 4.966183e+04 -1.226840e+03 1.465993e+04 -4.102105e+04 8.720722e+02
1.717172e-03 4.773888e+04 3.566603e+03 1.244632e+03 -5.928625e+04 -1.677350e+03 1.957779e+04 -4.910490e+04 1.203159e+03 1.282006e+03 5.928268e+04 -3.676156e+04 2.425674e+03 4.910424e+04 1.240626e+03 -1.140479e+03 -1.506651e+04 1.525643e+03 6.756038e+04 -4.189266e+04 2.718708e+03 -5.596053e+04 -1.479137e+03 1.547121e+03 1.717559e+04 -4.189182e+04 -3.175296e+03 -1.042368e+03 5.202258e+04 -1.224461e+03 1.717399e+04 -4.308888e+04 1.005560e+03
1.919192e-03 5.539828e+04 3.665875e+03 1.420535e+03 -6.249581e+04 -1.679241e+03 2.272769e+04 -5.191881e+04 1.371302e+03 1.463968e+03 6.249356e+04 -4.265990e+04 2.492913e+03 5.191672e+04 1.414833e+03 -1.141498e+03 -1.749040e+04 1.741669e+03 7.121928e+04 -4.861417e+04 2.792908e+03 -5.916700e+04 -1.686410e+03 1.553558e+03 1.993888e+04 -4.861320e+04 -3.264836e+03 -1.190052e+03 5.483916e+04 -1.220849e+03 1.993703e+04 -4.555703e+04 1.146382e+03
2.121212e-03 6.389859e+04 3.782521e+03 1.608025e+03 -6.630894e+04 -1.680069e+03 2.622626e+04 -5.526340e+04 1.549821e+03 1.658207e+03 6.630828e+04 -4.920588e+04 2.571910e+03 5.525960e+04 1.600103e+03 -1.141737e+03 -2.018254e+04 1.972076e+03 7.556625e+04 -5.607366e+04 2.880155e+03 -6.297819e+04 -1.906683e+03 1.559874e+03 2.300801e+04 -5.607255e+04 -3.369976e+03 -1.347604e+03 5.818540e+04 -1.215538e+03 2.300589e+04 -4.849065e+04 1.296007e+03
2.323232e-03 7.343272e+04 3.919261e+03 1.809446e+03 -7.083306e+04 -1.679207e+03 3.015359e+04 -5.923349e+04 1.740766e+03 1.867228e+03 7.083432e+04 -5.654805e+04 2.664501e+03 5.922763e+04 1.798646e+03 -1.140761e+03 -2.320454e+04 2.219784e+03 8.072377e+04 -6.444042e+04 2.982510e+03 -6.750214e+04 -2.142543e+03 1.565636e+03 2.645323e+04 -6.443915e+04 -3.493131e+03 -1.517028e+03 6.215559e+04 -1.207911e+03 2.645080e+04 -5.197289e+04 1.456183e+03
2.525253e-03 8.424290e+04 4.079570e+03 2.027650e+03 -7.620630e+04 -1.675809e+03 3.461029e+04 -6.395097e+04 1.946619e+03 2.094088e+03 7.620988e+04 -6.487298e+04 2.773034e+03 6.394262e+04 2.013148e+03 -1.137977e+03 -2.663380e+04 2.488351e+03 8.684934e+04 -7.392703e+04 3.102612e+03 -7.287772e+04 -2.397123e+03 1.570253e+03 3.036279e+04 -7.392558e+04 -3.637389e+03 -1.700772e+03 6.687095e+04 -1.197146e+03 3.036003e+04 -5.611066e+04 1.629029e+03
2.727273e-03 9.663830e+04 4.267936e+03 2.266171e+03 -8.260804e+04 -1.668717e+03 3.972484e+04 -6.957403e+04 2.170433e+03 2.342583e+03 8.261442e+04 -7.441878e+04 2.900539e+03 6.956269e+04 2.246923e+03 -1.132578e+03 -3.056916e+04 2.782187e+03 9.414743e+04 -8.480483e+04 3.243870e+03 -7.928521e+04 -2.674289e+03 1.572901e+03 3.484938e+04 -8.480318e+04 -3.806734e+03 -1.901870e+03 7.248888e+04 -1.182130e+03 3.484622e+04 -6.104270e+04 1.817159e+03
2.929293e-03 1.110205e+05 4.490233e+03 2.529464e+03 -9.027409e+04 -1.656329e+03 4.566411e+04 -7.631056e+04 2.416036e+03 2.617514e+03 9.028389e+04 -8.549473e+04 3.050983e+03 7.629557e+04 2.504141e+03 -1.123450e+03 -3.513900e+04 3.106865e+03 1.028869e+05 -9.742621e+04 3.410751e+03 -8.696148e+04 -2.978894e+03 1.572425e+03 4.005937e+04 -9.742434e+04 -4.006372e+03 -2.124156e+03 7.921635e+04 -1.161341e+03 4.005576e+04 -6.695135e+04 2.023853e+03
3.131313e-03 1.279209e+05 4.754277e+03 2.823265e+03 -9.951936e+04 -1.636393e+03 5.264903e+04 -8.443795e+04 2.688320e+03 2.925075e+03 9.953335e+04 -9.851011e+04 3.229644e+03 8.441849e+04 2.790153e+03 -1.109026e+03 -4.051326e+04 3.469559e+03 1.134268e+05 -1.122576e+05 3.609203e+03 -9.622260e+04 -3.317155e+03 1.567181e+03 4.618654e+04 -1.122554e+05 -4.243228e+03 -2.372572e+03 8.732971e+04 -1.132664e+03 4.618241e+04 -7.407988e+04 2.253313e+03
3.333333e-03 1.480577e+05 5.070675e+03 3.155116e+03 -1.107722e+05 -1.605689e+03 6.097823e+04 -9.433315e+04 2.993685e+03 3.273441e+03 1.107914e+05 -1.140181e+05 3.443682e+03 9.430816e+04 3.111985e+03 -1.087068e+03 -4.692171e+04 3.879725e+03 1.262554e+05 -1.299292e+05 3.847310e+03 -1.074981e+05 -3.697221e+03 1.554786e+03 5.349284e+04 -1.299267e+05 -4.526688e+03 -2.653628e+03 9.720487e+04 -1.093104e+03 5.348808e+04 -8.275891e+04 2.511045e+03
3.535354e-03 1.724252e+05 5.454181e+03 3.535204e+03 -1.246285e+05 -1.559508e+03 7.106527e+04 -1.065199e+05 3.340720e+03 3.673681e+03 1.246542e+05 -1.327843e+05 3.703058e+03 1.064880e+05 3.479104e+03 -1.054306e+03 -5.468245e+04 4.350146e+03 1.420522e+05 -1.513137e+05 4.136326e+03 -1.213847e+05 -4.130054e+03 1.531721e+03 6.234099e+04 -1.513108e+05 -4.869794e+03 -2.976136e+03 1.093648e+05 -1.038323e+03 6.233548e+04 -9.344775e+04 2.804453e+03
3.737374e-03 2.024392e+05 5.925932e+03 3.977709e+03 -1.419398e+05 -1.490779e+03 8.349913e+04 -1.217454e+05 3.741313e+03 4.141254e+03 1.419738e+05 -1.558994e+05 4.022040e+03 1.217047e+05 3.904671e+03 -1.005835e+03 -6.424860e+04 4.898640e+03 1.617879e+05 -1.776536e+05 4.492394e+03 -1.387340e+05 -4.630862e+03 1.492650e+03 7.324762e+04 -1.776503e+05 -5.291213e+03 -3.352381e+03 1.245568e+05 -9.618616e+02 7.324119e+04 -1.068018e+05 3.143809e+03
3.939394e-03 2.401858e+05 6.517339e+03 4.503108e+03 -1.639646e+05 -1.388522e+03 9.914775e+04 -1.411116e+05 4.212553e+03 4.698558e+03 1.640093e+05 -1.849699e+05 4.421834e+03 1.410595e+05 4.407678e+03 -9.340444e+02 -7.628783e+04 5.550984e+03 1.868974e+05 -2.107795e+05 4.939530e+03 -1.608014e+05 -5.221553e+03 1.429216e+03 8.697400e+04 -2.107757e+05 -5.818657e+03 -3.800137e+03 1.438853e+05 -8.537718e+02 8.696641e+04 -1.237875e+05 3.543905e+03
4.141414e-03 2.888708e+05 7.277290e+03 5.142375e+03 -1.926420e+05 -1.234963e+03 1.193452e+05 -1.663118e+05 4.780176e+03 5.379582e+03 1.927010e+05 -2.224650e+05 4.935441e+03 1.662448e+05 5.016861e+03 -8.266247e+02 -9.182640e+04 6.346226e+03 2.195915e+05 -2.535052e+05 5.515157e+03 -1.895165e+05 -5.935204e+03 1.327786e+03 1.046903e+05 -2.535005e+05 -6.495211e+03 -4.346344e+03 1.690520e+05 -6.980605e+02 1.046812e+05 -1.458899e+05 4.027073e+03
4.343434e-03 3.536976e+05 8.286579e+03 5.945238e+03 -2.311275e+05 -9.996882e+02 1.462569e+05 -2.000917e+05 5.485391e+03 6.239084e+03 2.312059e+05 -2.723921e+05 5.617409e+03 2.000042e+05 5.778426e+03 -6.625331e+02 -1.125302e+05 7.347165e+03 2.634676e+05 -3.103969e+05 6.281200e+03 -2.280078e+05 -6.824898e+03 1.164884e+03 1.282959e+05 -3.103913e+05 -7.392014e+03 -5.034331e+03 2.028262e+05 -4.675398e+02 1.282847e+05 -1.755171e+05 4.629149e+03
4.545455e-03 4.437598e+05 9.690036e+03 6.998264e+03 -2.849509e+05 -6.265917e+02 1.836676e+05 -2.472405e+05 6.399866e+03 7.372715e+03 2.850568e+05 -3.417550e+05 6.565534e+03 2.471240e+05 6.773064e+03 -4.029837e+02 -1.413105e+05 8.663315e+03 3.248302e+05 -3.894354e+05 7.348790e+03 -2.817326e+05 -7.983154e+03 8.969543e+02 1.611103e+05 -3.894284e+05 -8.636469e+03 -5.939666e+03 2.500608e+05 -1.123326e+02 1.610963e+05 -2.168695e+05 5.412590e+03
4.747475e-03 5.767508e+05 1.177950e+04 8.470788e+03 -3.649073e+05 -1.445221e-01 2.389406e+05 -3.170502e+05 7.664008e+03 8.968216e+03 3.650547e+05 -4.441808e+05 7.976924e+03 3.168901e+05 8.159469e+03 3.181036e+01 -1.838319e+05 1.050929e+04 4.159868e+05 -5.061486e+05 8.942129e+03 -3.612784e+05 -9.591595e+03 4.339128e+02 2.095922e+05 -5.061395e+05 -1.048509e+04 -7.210427e+03 3.202296e+05 4.697714e+02 2.095739e+05 -2.780964e+05 6.500017e+03
4.949495e-03 7.936020e+05 1.526293e+04 1.076160e+04 -4.960740e+05 1.163525e+03 3.291077e+05 -4.309276e+05 9.610070e+03 1.146915e+04 4.962897e+05 -6.111941e+05 1.032991e+04 4.306954e+05 1.031437e+04 8.376967e+02 -2.531966e+05 1.339145e+04 5.655274e+05 -6.964581e+05 1.160573e+04 -4.910377e+05 -1.208069e+04 -4.463431e+02 2.886807e+05 -6.964454e+05 -1.355972e+04 -9.195871e+03 4.353399e+05 1.528941e+03 2.886551e+05 -3.779725e+05 8.182121e+03
5.151515e-03 1.227071e+06 2.258783e+04 1.520956e+04 -7.602355e+05 3.847362e+03 5.093945e+05 -6.579017e+05 1.336347e+04 1.636897e+04 7.605886e+05 -9.450424e+05 1.527889e+04 6.575243e+05 1.451681e+04 2.692065e+03 -3.918887e+05 1.901288e+04 8.666922e+05 -1.076874e+06 1.722400e+04 -7.496663e+05 -1.691007e+04 -2.514494e+03 4.468163e+05 -1.076853e+06 -2.000901e+04 -1.306997e+04 6.671651e+05 3.928936e+03 4.467749e+05 -5.770390e+05 1.144496e+04
5.353535e-03 3.486135e+06 6.645543e+04 3.914013e+04 -2.157362e+06 2.096460e+04 1.448730e+06 -1.826593e+06 3.371895e+04 4.304210e+04 2.158416e+06 -2.684917e+06 4.494340e+04 1.825467e+06 3.759804e+04 1.448165e+04 -1.114515e+06 4.945242e+04 2.459502e+06 -3.059443e+06 5.100090e+04 -2.081347e+06 -4.327246e+04 -1.590072e+04 1.270750e+06 -3.059375e+06 -5.853212e+04 -3.403584e+04 1.893263e+06 1.899765e+04 1.270613e+06 -1.602033e+06 2.926275e+04
5.555556e-03 -2.787394e+07 -5.180350e+05 -2.773229e+05 1.717671e+07 -2.185252e+05 -1.159655e+07 1.446228e+07 -2.321880e+05 -3.106346e+05 -1.718573e+07 2.146814e+07 -3.501607e+05 -1.445274e+07 -2.652747e+05 -1.504935e+05 8.920959e+06 -3.534980e+05 -1.958271e+07 2.446242e+07 -3.992430e+05 1.647919e+07 3.020096e+05 1.722750e+05 -1.017177e+07 2.446208e+07 4.543822e+05 2.437339e+05 -1.507423e+07 -1.909732e+05 -1.017054e+07 1.268386e+07 -2.039893e+05
5.757576e-03 -2.994159e+06 -5.592734e+04 -2.578822e+04 1.844284e+06 -3.026131e+04 -1.247101e+06 1.534960e+06 -2.077557e+04 -2.973111e+04 -1.845286e+06 2.306075e+06 -3.779028e+04 -1.533900e+06 -2.468928e+04 -2.078951e+04 9.593440e+05 -3.334437e+04 -2.102657e+06 2.627719e+06 -4.334499e+04 1.749009e+06 2.762168e+04 2.447464e+04 -1.093867e+06 2.627660e+06 4.879753e+04 2.304257e+04 -1.618538e+06 -2.577042e+04 -1.093732e+06 1.346176e+06 -1.862787e+04
5.959596e-03 -6.408229e+05 -2.076850e+04 -4.742682e+03 4.185905e+05 -1.596210e+04 -2.671943e+05 2.898212e+05 -3.654971e+03 -6.443193e+03 -4.188093e+05 4.935624e+05 -1.406441e+04 -2.895804e+05 -5.341668e+03 -1.089832e+04 2.055413e+05 -6.714734e+03 -4.772218e+05 5.624055e+05 -1.636343e+04 3.302274e+05 5.468902e+03 1.331544e+04 -2.343772e+05 5.623805e+05 1.788874e+04 4.645181e+03 -3.673541e+05 -1.311082e+04 -2.343200e+05 2.541472e+05 -3.683671e+03
6.161616e-03 1.417504e+06 -4.387772e+03 7.956142e+03 -7.906878e+05 -8.549873e+03 5.919409e+05 -8.358803e+05 5.321459e+03 7.345879e+03 7.912201e+05 -1.091778e+06 -3.098501e+03 8.353544e+05 4.716467e+03 -5.693330e+03 -4.553099e+05 9.128252e+03 9.015558e+05 -1.244022e+06 -3.943401e+03 -9.524485e+05 -6.128909e+03 7.548272e+03 5.191398e+05 -1.244029e+06 3.437633e+03 -6.398603e+03 6.939210e+05 -6.442568e+03 5.191607e+05 -7.331176e+05 4.089406e+03
6.363636e-03 1.501943e+07 5.388862e+04 6.361554e+04 -8.668869e+06 3.129165e+04 6.279546e+06 -8.394117e+06 3.500576e+04 6.758501e+04 8.674655e+06 -1.156827e+07 3.531321e+04 8.388286e+06 3.893544e+04 2.256822e+04 -4.830033e+06 7.797012e+04 9.884314e+06 -1.318144e+07 3.970802e+04 -9.564581e+06 -4.534673e+04 -2.441473e+04 5.507360e+06 -1.318133e+07 -4.782359e+04 -5.509032e+04 7.607959e+06 2.876054e+04 5.507251e+06 -7.361772e+06 2.996896e+04
6.565657e-03 -8.478866e+06 -4.163912e+04 -2.316860e+04 4.941095e+06 -4.410979e+04 -3.549559e+06 4.668237e+06 -6.433820e+03 -2.721258e+04 -4.944504e+06 6.530723e+06 -2.751440e+04 -4.664795e+06 -1.043409e+04 -3.074805e+04 2.730116e+06 -2.965393e+04 -5.633937e+06 7.441334e+06 -3.210664e+04 5.319117e+06 1.055871e+04 3.689169e+04 -3.113055e+06 7.441290e+06 3.578730e+04 2.137559e+04 -4.336445e+06 -3.685444e+04 -3.112924e+06 4.093981e+06 -6.672071e+03
6.767677e-03 2.456694e+07 -8.467357e+04 3.431393e+04 -1.378165e+07 -2.777101e+04 1.029867e+07 -1.414456e+07 -1.627866e+04 2.897980e+04 1.379200e+07 -1.892268e+07 -5.990124e+04 1.413425e+07 -2.155047e+04 -1.649287e+04 -7.920802e+06 3.577490e+04 1.571489e+07 -2.156088e+07 -6.981380e+04 -1.611662e+07 2.184924e+04 2.248875e+04 9.031728e+06 -2.156091e+07 7.275051e+04 -2.799339e+04 1.209532e+07 -2.067514e+04 9.031906e+06 -1.240475e+07 -1.637119e+04
6.969697e-03 -7.724711e+07 -4.580081e+04 2.810507e+04 4.450131e+07 -3.571920e+05 -3.242635e+07 4.330488e+07 1.918894e+05 8.896843e+03 -4.453427e+07 5.949963e+07 -2.329221e+04 -4.327184e+07 1.729214e+05 -2.504719e+05 2.493891e+07 3.062226e+04 -5.074311e+07 6.779490e+07 -3.831704e+04 4.934260e+07 -2.174188e+05 3.126828e+05 -2.843766e+07 6.779528e+07 2.841040e+04 -8.887523e+03 -3.905620e+07 -2.861951e+05 -2.843686e+07 3.797696e+07 1.527162e+05
7.171717e-03 1.775087e+06 -1.602707e+04 -3.532472e+03 -9.861104e+05 -4.942520e+03 7.462462e+05 -1.049796e+06 -7.488968e+03 -4.546545e+03 9.869082e+05 -1.367301e+06 -1.107632e+04 1.049002e+06 -8.489750e+03 -3.167395e+03 -5.738980e+05 -5.089623e+03 1.124487e+06 -1.557903e+06 -1.266615e+04 -1.196148e+06 9.591497e+03 3.721013e+03 6.544078e+05 -1.557913e+06 1.402034e+04 3.170201e+03 8.654625e+05 -4.225323e+03 6.544388e+05 -9.206541e+05 -6.636179e+03
7.373737e-03 -3.805542e+06 -2.609969e+04 1.402743e+04 2.273759e+06 -5.315059e+04 -1.601963e+06 2.045344e+06 2.263221e+04 1.020009e+04 -2.275501e+06 2.931333e+06 -1.730036e+04 -2.043590e+06 1.885936e+04 -3.652595e+04 1.231978e+06 1.510071e+04 -2.592715e+06 3.339977e+06 -2.174977e+04 2.330444e+06 -2.493646e+04 4.613073e+04 -1.404898e+06 3.339936e+06 2.086712e+04 -9.631603e+03 -1.995568e+06 -4.213449e+04 -1.404786e+06 1.793582e+06 1.720890e+04
7.575758e-03 2.446748e+06 -2.840414e+03 -1.341249e+04 -1.425627e+06 1.972672e+04 1.031569e+06 -1.379591e+06 -1.920834e+04 -1.260356e+04 1.426791e+06 -1.884722e+06 -2.217384e+03 1.378425e+06 -1.841213e+04 1.368551e+04 -7.932762e+05 -1.604371e+04 1.625675e+06 -2.147433e+06 -1.516806e+03 -1.571886e+06 2.265490e+04 -1.776619e+04 9.046210e+05 -2.147420e+06 3.503321e+03 1.047500e+04 1.251217e+06 1.514067e+04 9.046003e+05 -1.209798e+06 -1.556863e+04
7.777778e-03 -1.648652e+06 -2.052076e+04 1.142024e+04 1.012414e+06 -3.671488e+04 -6.960269e+05 8.548868e+05 1.536929e+04 8.625792e+03 -1.013216e+06 1.269963e+06 -1.373127e+04 -8.540828e+05 1.261941e+04 -2.513440e+04 5.352449e+05 1.233700e+04 -1.154447e+06 1.446986e+06 -1.714021e+04 9.740281e+05 -1.686048e+04 3.181757e+04 -6.104025e+05 1.446957e+06 1.651408e+04 -8.090500e+03 -8.885582e+05 -2.904339e+04 -6.103254e+05 7.496123e+05 1.157835e+04
7.979798e-03 4.233228e+06 1.916586e+04 -3.758639e+04 -2.544821e+06 6.964214e+04 1.790095e+06 -2.308368e+06 -4.821453e+04 -3.325197e+04 2.546956e+06 -3.260948e+06 1.246436e+04 2.306236e+06 -4.395416e+04 4.783412e+04 -1.376501e+06 -4.343292e+04 2.901945e+06 -3.715446e+06 1.757259e+04 -2.630065e+06 5.557973e+04 -6.149511e+04 1.569791e+06 -3.715391e+06 -1.344763e+04 2.871608e+04 2.233519e+06 5.412934e+04 1.569679e+06 -2.024149e+06 -3.808419e+04
8.181818e-03 2.067726e+06 8.102615e+03 -2.211647e+04 -1.247424e+06 3.592060e+04 8.757505e+05 -1.133223e+06 -2.748458e+04 -1.996225e+04 1.248495e+06 -1.592840e+06 5.219955e+03 1.132155e+06 -2.536918e+04 2.466730e+04 -6.733869e+05 -2.575430e+04 1.422496e+06 -1.814828e+06 7.799462e+03 -1.291142e+06 3.188877e+04 -3.187074e+04 7.679599e+05 -1.814804e+06 -5.257997e+03 1.709255e+04 1.094838e+06 2.776145e+04 7.679046e+05 -9.936817e+05 -2.182629e+04
8.383838e-03 1.086309e+06 2.295207e+03 -1.370465e+04 -6.557704e+05 1.866300e+04 4.608365e+05 -6.029604e+05 -1.662789e+04 -1.267883e+04 6.563489e+05 -8.368361e+05 1.403373e+03 6.023844e+05 -1.562164e+04 1.282347e+04 -3.543336e+05 -1.612719e+04 7.478180e+05 -9.534535e+05 2.648896e+03 -6.869815e+05 1.946598e+04 -1.670162e+04 4.041048e+05 -9.534427e+05 -9.636998e+02 1.073313e+04 5.755607e+05 1.428941e+04 4.040792e+05 -5.287107e+05 -1.331105e+04
8.585859e-03 7.421460e+05 6.933408e+02 -1.080651e+04 -4.493696e+05 1.301778e+04 3.153549e+05 -4.157794e+05 -1.287377e+04 -1.013525e+04 4.497755e+05 -5.717212e+05 3.599297e+02 4.153757e+05 -1.221603e+04 8.946347e+03 -2.424637e+05 -1.278931e+04 5.124527e+05 -6.513873e+05 1.196248e+03 -4.737142e+05 1.514952e+04 -1.172841e+04 2.765266e+05 -6.513805e+05 1.782234e+02 8.528292e+03 3.944087e+05 9.890436e+03 2.765104e+05 -3.645764e+05 -1.035187e+04
8.787879e-03 5.542055e+05 -2.168941e+01 -9.169090e+03 -3.369242e+05 1.001246e+04 2.358907e+05 -3.131194e+05 -1.076603e+04 -8.679997e+03 3.372353e+05 -4.269470e+05 -1.012335e+02 3.128104e+05 -1.028731e+04 6.881533e+03 -1.813592e+05 -1.089328e+04 3.842270e+05 -4.864349e+05 5.288413e+02 -3.567472e+05 1.271585e+04 -9.075139e+03 2.068420e+05 -4.864302e+05 6.637003e+02 7.274461e+03 2.957185e+05 7.553403e+03 2.068305e+05 -2.745565e+05 -8.683695e+03
8.989899e-03 4.346441e+05 -3.946708e+02 -8.070636e+03 -2.654691e+05 8.112808e+03 1.853176e+05 -2.475799e+05 -9.365579e+03 -7.692940e+03 2.657192e+05 -3.348461e+05 -3.388050e+02 2.473316e+05 -8.996314e+03 5.576115e+03 -1.424712e+05 -9.615589e+03 3.027435e+05 -3.814976e+05 1.672736e+02 -2.820741e+05 1.109293e+04 -7.394586e+03 1.624932e+05 -3.814941e+05 9.000960e+02 6.428285e+03 2.330041e+05 6.079310e+03 1.624846e+05 -2.170868e+05 -7.571527e+03
9.191919e-03 3.520718e+05 -6.029602e+02 -7.264406e+03 -2.161377e+05 6.795778e+03 1.503731e+05 -2.021725e+05 -8.348488e+03 -6.961562e+03 2.163453e+05 -2.712383e+05 -4.692394e+02 2.019666e+05 -8.052741e+03 4.670973e+03 -1.156010e+05 -8.674241e+03 2.464883e+05 -3.090248e+05 -4.518349e+01 -2.303388e+05 9.910516e+03 -6.227206e+03 1.318497e+05 -3.090222e+05 1.019009e+03 5.803899e+03 1.897071e+05 5.059459e+03 1.318430e+05 -1.772706e+05 -6.761451e+03
9.393939e-03 2.919500e+05 -7.219294e+02 -6.638815e+03 -1.802132e+05 5.827252e+03 1.249156e+05 -1.690106e+05 -7.567524e+03 -6.389397e+03 1.803895e+05 -2.249245e+05 -5.418840e+02 1.688360e+05 -7.324235e+03 4.005314e+03 -9.602603e+04 -7.941461e+03 2.055214e+05 -2.562565e+05 -1.755153e+02 -1.925556e+05 9.000093e+03 -5.367172e+03 1.095257e+05 -2.562544e+05 1.075822e+03 5.317130e+03 1.581768e+05 4.310997e+03 1.095204e+05 -1.481922e+05 -6.137880e+03
9.595960e-03 2.464991e+05 -7.887613e+02 -6.134650e+03 -1.530398e+05 5.084959e+03 1.056587e+05 -1.438656e+05 -6.944418e+03 -5.925025e+03 1.531921e+05 -1.899119e+05 -5.810081e+02 1.437148e+05 -6.740186e+03 3.495139e+03 -8.121917e+04 -7.349301e+03 1.745338e+05 -2.163645e+05 -2.570041e+02 -1.639067e+05 8.271924e+03 -4.706907e+03 9.263936e+04 -2.163629e+05 1.097534e+03 4.923221e+03 1.343273e+05 3.738481e+03 9.263502e+04 -1.261436e+05 -5.639262e+03
9.797980e-03 2.111480e+05 -8.236524e+02 -5.717010e+03 -1.318862e+05 4.498247e+03 9.067164e+04 -1.242491e+05 -6.433063e+03 -5.537986e+03 1.320197e+05 -1.626795e+05 -5.997501e+02 1.241171e+05 -6.258853e+03 3.091903e+03 -6.969562e+04 -6.857619e+03 1.504107e+05 -1.853370e+05 -3.078840e+02 -1.415566e+05 7.673063e+03 -4.184197e+03 7.949730e+04 -1.853357e+05 1.098605e+03 4.595726e+03 1.157611e+05 3.286803e+03 7.949372e+04 -1.089428e+05 -5.229279e+03
1.000000e-02 1.830276e+05 -8.383361e+02 -5.363732e+03 -1.150401e+05 4.023246e+03 7.874230e+04 -1.085967e+05 -6.004245e+03 -5.208834e+03 1.151583e+05 -1.410169e+05 -6.057148e+02 1.084798e+05 -5.853697e+03 2.765455e+03 -6.052329e+04 -6.440867e+03 1.311996e+05 -1.606558e+05 -3.388558e+02 -1.237232e+05 7.169903e+03 -3.760378e+03 6.903663e+04 -1.606546e+05 1.087294e+03 4.317805e+03 1.009754e+05 2.921771e+03 6.903364e+04 -9.521802e+04 -4.884881e+03
