-1.000000e-02 -2.182433e+05 1.137213e+03 6.898556e+03 -1.735337e+05 3.323383e+03 -1.635636e+05 -1.701152e+05 7.212233e+03 6.673210e+03 1.735960e+05 1.680840e+05 7.525683e+02 1.700550e+05 6.988971e+03 2.272362e+03 1.258743e+05 8.238395e+03 1.978097e+05 1.915284e+05 1.376234e+03 -1.938444e+05 -8.595827e+03 -3.225461e+03 -1.434873e+05 1.915297e+05 -4.791838e+02 -5.565594e+03 1.522926e+05 2.280502e+03 -1.434876e+05 -1.492390e+05 5.842929e+03
-9.797980e-03 -2.619429e+05 1.453871e+03 7.555261e+03 -2.072313e+05 3.913163e+03 -1.962021e+05 -2.029998e+05 7.919405e+03 7.283172e+03 2.073046e+05 2.017383e+05 9.646813e+02 2.029290e+05 7.649713e+03 2.675471e+03 1.509938e+05 9.007351e+03 2.362209e+05 2.298778e+05 1.673902e+03 -2.313168e+05 -9.422486e+03 -3.757439e+03 -1.721205e+05 2.298793e+05 -7.010923e+02 -6.084985e+03 1.818646e+05 2.725447e+03 -1.721208e+05 -1.780881e+05 6.406752e+03
-9.595960e-03 -3.212453e+05 1.903400e+03 8.392768e+03 -2.529251e+05 4.714210e+03 -2.404854e+05 -2.475562e+05 8.824500e+03 8.056163e+03 2.530129e+05 2.474085e+05 1.266049e+03 2.474713e+05 8.490715e+03 3.222932e+03 1.850757e+05 9.985237e+03 2.883061e+05 2.819194e+05 2.091079e+03 -2.820895e+05 -1.047764e+04 -4.476958e+03 -2.109697e+05 2.819212e+05 -1.021797e+03 -6.745210e+03 2.219641e+05 3.332746e+03 -2.109699e+05 -2.171769e+05 7.126491e+03
-9.393939e-03 -4.055090e+05 2.575617e+03 9.512104e+03 -3.178163e+05 5.859976e+03 -3.033972e+05 -3.107725e+05 1.003868e+04 9.081684e+03 3.179246e+05 3.123019e+05 1.717088e+03 3.106677e+05 9.611684e+03 4.005894e+03 2.334948e+05 1.128786e+04 3.622737e+05 3.558663e+05 2.707261e+03 -3.541256e+05 -1.188869e+04 -5.501640e+03 -2.661616e+05 3.558683e+05 -1.509464e+03 -7.624283e+03 2.789105e+05 4.205751e+03 -2.661615e+05 -2.726357e+05 8.089094e+03
-9.191919e-03 -5.336391e+05 3.661768e+03 1.111949e+04 -4.164617e+05 7.629930e+03 -3.990449e+05 -4.067549e+05 1.178867e+04 1.054165e+04 4.166008e+05 4.109775e+05 2.446502e+03 4.066201e+05 1.121519e+04 5.215193e+03 3.071089e+05 1.315113e+04 4.747167e+05 4.683086e+05 3.691173e+03 -4.634994e+05 -1.391498e+04 -7.077427e+03 -3.500725e+05 4.683110e+05 -2.309851e+03 -8.881135e+03 3.654784e+05 5.561236e+03 -3.500722e+05 -3.568401e+05 9.471564e+03
-8.989899e-03 -7.520813e+05 5.662631e+03 1.373584e+04 -5.846558e+05 1.074456e+04 -5.620902e+05 -5.701306e+05 1.464596e+04 1.289391e+04 5.848471e+05 5.792041e+05 3.791460e+03 5.699450e+05 1.381003e+04 7.342697e+03 4.325951e+05 1.616994e+04 6.664359e+05 6.600054e+05 5.483462e+03 -6.496691e+05 -1.720922e+04 -9.837554e+03 -4.931111e+05 6.600085e+05 -3.805974e+03 -1.091657e+04 5.130798e+05 7.958734e+03 -4.931101e+05 -5.001679e+05 1.171929e+04
-8.787879e-03 -1.232877e+06 1.058599e+04 1.939351e+04 -9.551485e+05 1.805166e+04 -9.209412e+05 -9.290214e+05 2.083181e+04 1.792003e+04 9.554543e+05 9.494741e+05 7.104485e+03 9.287245e+05 1.936824e+04 1.233194e+04 7.087819e+05 2.266203e+04 1.088749e+06 1.081934e+06 9.847431e+03 -1.058632e+06 -2.430519e+04 -1.628251e+04 -8.079291e+05 1.081939e+06 -7.537638e+03 -1.529260e+04 8.382115e+05 1.361156e+04 -8.079265e+05 -8.150193e+05 1.656090e+04
-8.585859e-03 -3.323092e+06 3.432127e+04 4.398655e+04 -2.567584e+06 5.201585e+04 -2.481013e+06 -2.486367e+06 4.771966e+04 3.953355e+04 2.568388e+06 2.559189e+06 2.309045e+04 2.485586e+06 4.329482e+04 3.551410e+04 1.909479e+06 5.074175e+04 2.926712e+06 2.916229e+06 3.072562e+04 -2.833257e+06 -5.500907e+04 -4.612853e+04 -2.176572e+06 2.916240e+06 -2.570416e+04 -3.421711e+04 2.253230e+06 3.998780e+04 -2.176562e+06 -2.181263e+06 3.750901e+04
-8.383838e-03 -1.040500e+06 6.511144e+02 1.164018e+04 -7.989761e+05 5.758556e+03 -7.764685e+05 -7.931337e+05 1.278474e+04 1.131867e+04 7.992190e+05 8.013052e+05 3.802936e+02 7.928919e+05 1.246530e+04 3.971227e+03 5.975985e+05 1.395277e+04 9.107269e+05 9.131039e+05 1.257472e+03 -9.037924e+05 -1.525781e+04 -5.586060e+03 -6.811881e+05 9.131041e+05 2.529338e+02 -9.402609e+03 7.011515e+05 3.992862e+03 -6.811879e+05 -6.958124e+05 1.040860e+04
-8.181818e-03 -6.679995e+05 -6.517490e+03 6.009576e+03 -5.085120e+05 -3.554113e+03 -4.982584e+05 -5.189377e+05 6.727606e+03 6.537987e+03 5.086627e+05 5.144319e+05 -4.462920e+03 5.187848e+05 7.253205e+03 -2.375090e+03 3.834784e+05 7.629084e+03 5.796357e+05 5.862095e+05 -4.938358e+03 -5.913424e+05 -8.445693e+03 2.518410e+03 -4.371163e+05 5.862080e+05 5.866735e+03 -5.136024e+03 4.462485e+05 -3.306851e+03 -4.371189e+05 -4.552650e+05 5.765076e+03
-7.979798e-03 -5.310103e+05 -1.111768e+04 3.523013e+03 -3.994710e+05 -9.049409e+03 -3.958949e+05 -4.205302e+05 4.079393e+03 4.570226e+03 3.995872e+05 4.089318e+05 -7.578005e+03 4.204110e+05 5.121239e+03 -6.116049e+03 3.046965e+05 4.924500e+03 4.553435e+05 4.659917e+05 -8.843761e+03 -4.792062e+05 -5.555611e+03 7.245570e+03 -3.473131e+05 4.659897e+05 9.547883e+03 -3.309917e+03 3.505570e+05 -7.665025e+03 -3.473181e+05 -3.689349e+05 3.795788e+03
-7.777778e-03 -5.264710e+05 -1.572788e+04 2.137647e+03 -3.907776e+05 -1.403869e+04 -3.923270e+05 -4.225592e+05 2.671887e+03 3.676589e+03 3.908900e+05 4.054331e+05 -1.070815e+04 4.224443e+05 4.203394e+03 -9.506662e+03 3.019528e+05 3.543220e+03 4.454345e+05 4.620067e+05 -1.268810e+04 -4.815200e+05 -4.148015e+03 1.147722e+04 -3.441829e+05 4.620044e+05 1.331605e+04 -2.373692e+03 3.429267e+05 -1.167540e+04 -3.441908e+05 -3.707179e+05 2.839118e+03
-7.575758e-03 -8.357871e+05 -2.266220e+04 1.207221e+03 -6.172191e+05 -2.078227e+04 -6.225284e+05 -6.648181e+05 2.016768e+03 3.445527e+03 6.173936e+05 6.436324e+05 -1.543292e+04 6.646424e+05 4.244952e+03 -1.407411e+04 4.791341e+05 2.850932e+03 7.035455e+05 7.334454e+05 -1.839771e+04 -7.575844e+05 -3.768013e+03 1.711993e+04 -5.461392e+05 7.334427e+05 1.907561e+04 -1.887555e+03 5.416389e+05 -1.715522e+04 -5.461521e+05 -5.832575e+05 2.593308e+03
-7.373737e-03 -7.770844e+07 -9.539174e+04 -3.254989e+04 -5.877121e+07 -1.189363e+04 -5.785184e+07 -5.890703e+07 3.812180e+04 -2.704583e+04 5.878689e+07 5.984223e+07 -6.840719e+04 5.889136e+07 4.360262e+04 -4.468004e+03 4.452719e+07 -3.319056e+04 6.699011e+07 6.819272e+07 -7.974301e+04 -6.712701e+07 -4.733910e+04 7.488264e+03 -5.075409e+07 6.819271e+07 8.191995e+04 2.673835e+04 5.157443e+07 -8.039650e+03 -5.075413e+07 -5.167987e+07 3.526200e+04
-7.171717e-03 2.477528e+05 -2.594010e+04 1.893963e+02 2.087141e+05 -2.565393e+04 1.843397e+05 1.491615e+05 -9.517101e+00 2.837868e+03 -2.087615e+05 -1.907933e+05 -1.761105e+04 -1.491096e+05 2.628737e+03 -1.743854e+04 -1.418885e+05 1.825200e+03 -2.378905e+05 -2.174151e+05 -2.112723e+04 1.699745e+05 -1.592974e+03 2.130606e+04 1.617358e+05 -2.174156e+05 2.170461e+04 -1.251018e+03 -1.831570e+05 -2.107807e+04 1.617176e+05 1.308508e+05 1.071772e+03
-6.969697e-03 2.236374e+05 -1.956001e+04 9.342008e+02 1.833941e+05 -1.906253e+04 1.663212e+05 1.374100e+05 7.634533e+02 2.916625e+03 -1.834340e+05 -1.722206e+05 -1.327974e+04 -1.373647e+05 2.738937e+03 -1.296046e+04 -1.280219e+05 2.324893e+03 -2.090307e+05 -1.962526e+05 -1.588052e+04 1.565835e+05 -2.126685e+03 1.579089e+04 1.459272e+05 -1.962514e+05 1.641686e+04 -1.588923e+03 -1.609361e+05 -1.570610e+04 1.459127e+05 1.205440e+05 1.435800e+03
-6.767677e-03 2.111210e+05 -1.652521e+04 1.483140e+03 1.705219e+05 -1.583077e+04 1.569441e+05 1.307644e+05 1.329689e+03 3.143295e+03 -1.705572e+05 -1.625807e+05 -1.121993e+04 -1.307226e+05 2.984620e+03 -1.076485e+04 -1.208060e+05 2.795030e+03 -1.943582e+05 -1.852686e+05 -1.337297e+04 1.490107e+05 -2.617576e+03 1.307715e+04 1.377007e+05 -1.852666e+05 1.391406e+04 -1.907508e+03 -1.496393e+05 -1.308187e+04 1.376875e+05 1.147151e+05 1.770277e+03
-6.565657e-03 2.110233e+05 -1.485124e+04 2.019345e+03 1.685421e+05 -1.394048e+04 1.568059e+05 1.320096e+05 1.872901e+03 3.495718e+03 -1.685755e+05 -1.625044e+05 -1.008387e+04 -1.319688e+05 3.345145e+03 -9.480900e+03 -1.207010e+05 3.333104e+03 -1.921008e+05 -1.851826e+05 -1.197550e+04 1.504298e+05 -3.164340e+03 1.147845e+04 1.375800e+05 -1.851799e+05 1.254797e+04 -2.272957e+03 -1.479012e+05 -1.155865e+04 1.375674e+05 1.158085e+05 2.142303e+03
-6.363636e-03 1.834141e+05 -1.344907e+04 2.236828e+03 1.460481e+05 -1.240706e+04 1.362314e+05 1.121340e+05 2.117514e+03 3.561913e+03 -1.460750e+05 -1.412427e+05 -9.133243e+03 -1.120988e+05 3.439355e+03 -8.438245e+03 -1.048659e+05 3.505769e+03 -1.664610e+05 -1.609544e+05 -1.081929e+04 1.277806e+05 -3.368496e+03 1.019428e+04 1.195299e+05 -1.609513e+05 1.139045e+04 -2.388929e+03 -1.281615e+05 -1.030904e+04 1.195177e+05 9.837180e+04 2.282421e+03
-6.161616e-03 -4.384837e+05 -1.648246e+03 -4.974759e+03 -3.381078e+05 -3.288908e+03 -3.256401e+05 -3.451413e+05 -4.655424e+03 -4.712104e+03 3.381791e+05 3.376547e+05 -1.134989e+03 3.450715e+05 -4.393235e+03 -2.220389e+03 2.506482e+05 -5.849466e+03 3.853783e+05 3.847807e+05 -1.649944e+03 -3.933119e+05 5.486032e+03 3.035141e+03 -2.856928e+05 3.847809e+05 1.089731e+03 3.996075e+03 2.966985e+05 -2.381286e+03 -2.856961e+05 -3.028097e+05 -3.716048e+03
-5.959596e-03 -1.290947e+06 1.875568e+04 -1.794989e+04 -1.007596e+06 1.164484e+04 -9.583013e+05 -9.658718e+05 -1.708166e+04 -1.947536e+04 1.007789e+06 9.940957e+05 1.270696e+04 9.656643e+05 -1.860417e+04 7.956574e+03 7.376338e+05 -2.261529e+04 1.148447e+06 1.132842e+06 1.416680e+04 -1.100673e+06 2.162617e+04 -8.620905e+03 -8.407667e+05 1.132837e+06 -1.677232e+04 1.542668e+04 8.841901e+05 1.066444e+04 -8.407518e+05 -8.473982e+05 -1.466243e+04
-5.757576e-03 -7.634596e+05 1.091591e+04 -1.189962e+04 -5.999770e+05 5.936296e+03 -5.665300e+05 -5.762005e+05 -1.140682e+04 -1.273756e+04 6.000857e+05 5.878999e+05 7.397065e+03 5.760825e+05 -1.224335e+04 4.058494e+03 4.360785e+05 -1.489009e+04 6.838421e+05 6.699555e+05 8.150332e+03 -6.566195e+05 1.432911e+04 -4.222955e+03 -4.970475e+05 6.699521e+05 -9.858192e+03 1.015363e+04 5.264928e+05 5.611009e+03 -4.970389e+05 -5.055277e+05 -9.719794e+03
-5.555556e-03 -5.338983e+05 7.759042e+03 -9.196831e+03 -4.231359e+05 3.702394e+03 -3.960435e+05 -4.065073e+05 -8.866470e+03 -9.760967e+03 4.232080e+05 4.111245e+05 5.259407e+03 4.064281e+05 -9.429808e+03 2.532300e+03 3.048512e+05 -1.145900e+04 4.822784e+05 4.685083e+05 5.742701e+03 -4.632438e+05 1.108324e+04 -2.520486e+03 -3.474718e+05 4.685058e+05 -7.059570e+03 7.811945e+03 3.713099e+05 3.614030e+03 -3.474657e+05 -3.566507e+05 -7.521037e+03
-5.353535e-03 -4.012784e+05 6.006751e+03 -7.549334e+03 -3.212497e+05 2.503371e+03 -2.975654e+05 -3.085540e+05 -7.311456e+03 -7.963406e+03 3.213008e+05 3.089998e+05 4.072921e+03 3.084969e+05 -7.725050e+03 1.712860e+03 2.290501e+05 -9.377487e+03 3.661484e+05 3.521304e+05 4.414350e+03 -3.516199e+05 9.107162e+03 -1.617504e+03 -2.610724e+05 3.521284e+05 -5.498152e+03 6.391688e+03 2.819020e+05 2.531066e+03 -2.610677e+05 -2.707131e+05 -6.182143e+03
-5.151515e-03 -3.147507e+05 4.888587e+03 -6.403904e+03 -2.549683e+05 1.765415e+03 -2.333248e+05 -2.447631e+05 -6.225226e+03 -6.723450e+03 2.550059e+05 2.423688e+05 3.315782e+03 2.447202e+05 -6.544482e+03 1.208402e+03 1.796023e+05 -7.936055e+03 2.906008e+05 2.761999e+05 3.571656e+03 -2.789262e+05 7.733199e+03 -1.068815e+03 -2.047110e+05 2.761981e+05 -4.496810e+03 5.408429e+03 2.237384e+05 1.857339e+03 -2.047072e+05 -2.147473e+05 -5.250963e+03
-4.949495e-03 -2.541366e+05 4.115065e+03 -5.545985e+03 -2.086974e+05 1.273732e+03 -1.883319e+05 -2.002033e+05 -5.407871e+03 -5.800953e+03 2.087258e+05 1.956929e+05 2.791966e+03 2.001702e+05 -5.662668e+03 8.722304e+02 1.449699e+05 -6.860065e+03 2.378614e+05 2.230093e+05 2.991979e+03 -2.281474e+05 6.703426e+03 -7.081859e+02 -1.652364e+05 2.230078e+05 -3.800772e+03 4.674637e+03 1.831346e+05 1.403431e+03 -1.652333e+05 -1.756534e+05 -4.552856e+03
-4.747475e-03 -2.095875e+05 3.550567e+03 -4.871483e+03 -1.748340e+05 9.284114e+02 -1.552707e+05 -1.675807e+05 -4.762461e+03 -5.079867e+03 1.748557e+05 1.613879e+05 2.409655e+03 1.675547e+05 -4.970754e+03 6.360946e+02 1.195217e+05 -6.016556e+03 1.992641e+05 1.839163e+05 2.571233e+03 -1.909717e+05 5.893051e+03 -4.585376e+02 -1.362302e+05 1.839150e+05 -3.290483e+03 4.099519e+03 1.534187e+05 1.080972e+03 -1.362275e+05 -1.470324e+05 -4.003332e+03
-4.545455e-03 -1.756692e+05 3.122532e+03 -4.322608e+03 -1.491867e+05 6.765141e+02 -1.301047e+05 -1.428687e+05 -4.235155e+03 -4.496033e+03 1.492035e+05 1.352693e+05 2.119727e+03 1.428480e+05 -4.408544e+03 4.638212e+02 1.001504e+05 -5.331871e+03 1.700314e+05 1.541522e+05 2.253852e+03 -1.628107e+05 5.232923e+03 -2.791803e+02 -1.141506e+05 1.541510e+05 -2.901855e+03 3.632781e+03 1.309126e+05 8.429766e+02 -1.141483e+05 -1.253516e+05 -3.555573e+03
-4.343434e-03 -1.491260e+05 2.788476e+03 -3.864219e+03 -1.292463e+05 4.874063e+02 -1.104152e+05 -1.236543e+05 -3.793172e+03 -4.010600e+03 1.292592e+05 1.148299e+05 1.893425e+03 1.236376e+05 -3.939553e+03 3.344758e+02 8.499457e+04 -4.761319e+03 1.473034e+05 1.308599e+05 2.007382e+03 -1.409145e+05 4.681039e+03 -1.466683e+02 -9.687588e+04 1.308589e+05 -2.597291e+03 3.243908e+03 1.134145e+05 6.621523e+02 -9.687387e+04 -1.084941e+05 -3.181138e+03
-4.141414e-03 -1.278870e+05 2.521842e+03 -3.473494e+03 -1.134182e+05 3.421921e+02 -9.466403e+04 -1.084027e+05 -3.415181e+03 -3.598437e+03 1.134282e+05 9.847498e+04 1.712771e+03 1.083892e+05 -3.540149e+03 2.351429e+02 7.287020e+04 -4.275931e+03 1.292627e+05 1.122221e+05 1.811587e+03 -1.235342e+05 4.210132e+03 -4.660566e+01 -8.305646e+04 1.122212e+05 -2.353238e+03 2.913127e+03 9.952500e+04 5.215963e+02 -8.305468e+04 -9.511324e+04 -2.861565e+03
-3.939394e-03 -1.105731e+05 2.305177e+03 -3.134848e+03 -1.006418e+05 2.286321e+02 -8.182705e+04 -9.609260e+04 -3.086584e+03 -3.242450e+03 1.006494e+05 8.514266e+04 1.565952e+03 9.608162e+04 -3.194230e+03 1.574561e+02 6.298894e+04 -3.855967e+03 1.147003e+05 9.702886e+04 1.653200e+03 -1.095059e+05 3.801590e+03 3.028578e+01 -7.179377e+04 9.702803e+04 -2.154181e+03 2.626963e+03 8.831350e+04 4.103125e+02 -7.179220e+04 -8.431305e+04 -2.584250e+03
-3.737374e-03 -9.623217e+04 2.126547e+03 -2.837211e+03 -9.018572e+04 1.384869e+02 -7.119704e+04 -8.601921e+04 -2.796990e+03 -2.930545e+03 9.019149e+04 7.409969e+04 1.444889e+03 8.601027e+04 -2.890378e+03 9.578244e+01 5.480645e+04 -3.487432e+03 1.027826e+05 8.444445e+04 1.523174e+03 -9.802655e+04 3.442189e+03 9.021913e+01 -6.246737e+04 8.444370e+04 -1.989492e+03 2.375865e+03 7.913812e+04 3.208649e+02 -6.246597e+04 -7.547522e+04 -2.340235e+03
-3.535354e-03 -8.418677e+04 1.977524e+03 -2.572464e+03 -8.153048e+04 6.603279e+01 -6.227088e+04 -7.768189e+04 -2.538755e+03 -2.653880e+03 8.153471e+04 6.482437e+04 1.343879e+03 7.767461e+04 -2.620234e+03 4.620855e+01 4.793547e+04 -3.160079e+03 9.291753e+04 7.387440e+04 1.415139e+03 -8.852553e+04 3.122225e+03 1.374865e+02 -5.463584e+04 7.387372e+04 -1.851646e+03 2.152841e+03 7.154301e+04 2.480635e+02 -5.463459e+04 -6.816052e+04 -2.122950e+03
-3.333333e-03 -7.394254e+04 1.852001e+03 -2.334489e+03 -7.429800e+04 7.188933e+00 -5.468152e+04 -7.071616e+04 -2.306110e+03 -2.405821e+03 7.430097e+04 5.693604e+04 1.258785e+03 7.071025e+04 -2.377508e+03 5.944056e+00 4.209346e+04 -2.866201e+03 8.467407e+04 6.488494e+04 1.324487e+03 -8.058753e+04 2.834388e+03 1.751302e+02 -4.797715e+04 6.488431e+04 -1.735177e+03 1.952634e+03 6.519641e+04 1.881899e+02 -4.797603e+04 -6.204917e+04 -1.927442e+03
-3.131313e-03 -6.513099e+04 1.745447e+03 -2.118575e+03 -6.820738e+04 -4.101863e+01 -4.815532e+04 -6.485116e+04 -2.094595e+03 -2.181270e+03 6.820931e+04 5.015095e+04 1.186542e+03 6.484638e+04 -2.157358e+03 -2.704470e+01 3.706981e+04 -2.599873e+03 7.773210e+04 5.715268e+04 1.247809e+03 -7.390389e+04 2.573041e+03 2.053540e+02 -4.225123e+04 5.715212e+04 -1.636022e+03 1.771201e+03 5.985182e+04 1.385208e+02 -4.225023e+04 -5.690352e+04 -1.749891e+03
-2.929293e-03 -5.747217e+04 1.654439e+03 -1.921018e+03 -6.304622e+04 -8.079801e+01 -4.248445e+04 -5.988205e+04 -1.900700e+03 -1.976236e+03 6.304729e+04 4.425350e+04 1.124832e+03 5.987822e+04 -1.955986e+03 -5.426777e+01 3.270453e+04 -2.356441e+03 7.184951e+04 5.043197e+04 1.182539e+03 -6.824119e+04 2.333750e+03 2.297842e+02 -3.727574e+04 5.043145e+04 -1.551105e+03 1.605371e+03 5.532284e+04 9.702391e+01 -3.727484e+04 -5.254389e+04 -1.587294e+03
-2.727273e-03 -5.074977e+04 1.576348e+03 -1.738857e+03 -5.865148e+04 -1.138150e+02 -3.750835e+04 -5.565159e+04 -1.721610e+03 -1.787535e+03 5.865183e+04 3.907715e+04 1.071874e+03 5.564856e+04 -1.770354e+03 -7.686443e+01 2.887404e+04 -2.132195e+03 6.684049e+04 4.453300e+04 1.126710e+03 -6.342022e+04 2.112971e+03 2.496396e+02 -3.290980e+04 4.453253e+04 -1.478058e+03 1.452611e+03 5.146642e+04 6.215815e+01 -3.290899e+04 -4.883229e+04 -1.437248e+03
-2.525253e-03 -4.479417e+04 1.509130e+03 -1.569688e+03 -5.489640e+04 -1.413438e+02 -3.310109e+04 -5.203750e+04 -1.555035e+03 -1.612590e+03 5.489613e+04 3.449126e+04 1.026286e+03 5.203514e+04 -1.598001e+03 -9.570609e+01 2.548141e+04 -1.924122e+03 6.256053e+04 3.930690e+04 1.078793e+03 -5.930166e+04 1.907820e+03 2.658465e+02 -2.904294e+04 3.930648e+04 -1.415036e+03 1.310869e+03 4.817129e+04 3.273876e+01 -2.904221e+04 -4.566147e+04 -1.297800e+03
-2.323232e-03 -3.947039e+04 1.451174e+03 -1.411530e+03 -5.168131e+04 -1.643702e+02 -2.916249e+04 -4.894366e+04 -1.399081e+03 -1.449283e+03 5.168053e+04 3.039190e+04 9.869741e+02 4.894187e+04 -1.436896e+03 -1.114671e+02 2.244954e+04 -1.729744e+03 5.889605e+04 3.463525e+04 1.037590e+03 -5.577596e+04 1.715923e+03 2.791170e+02 -2.558727e+04 3.463486e+04 -1.360581e+03 1.178456e+03 4.535003e+04 7.844244e+00 -2.558661e+04 -4.294708e+04 -1.167340e+03
-2.121212e-03 -3.466964e+04 1.401198e+03 -1.262728e+03 -4.892719e+04 -1.836647e+02 -2.561183e+04 -4.629384e+04 -1.252166e+03 -1.295851e+03 4.892598e+04 2.669530e+04 9.530731e+02 4.629253e+04 -1.285347e+03 -1.246744e+02 1.971627e+04 -1.546995e+03 5.575698e+04 3.042256e+04 1.002149e+03 -5.275626e+04 1.535293e+03 2.900039e+02 -2.247195e+04 3.042222e+04 -1.313534e+03 1.053963e+03 4.293328e+04 -1.324918e+01 -2.247137e+04 -4.062225e+04 -1.044520e+03
-1.919192e-03 -3.030310e+04 1.358178e+03 -1.121883e+03 -4.657090e+04 -1.998341e+02 -2.238319e+04 -4.402713e+04 -1.112948e+03 -1.150806e+03 4.656933e+04 2.333305e+04 9.238880e+02 4.402623e+04 -1.141923e+03 -1.357431e+02 1.723087e+04 -1.374130e+03 5.307134e+04 2.659091e+04 9.717090e+02 -5.017314e+04 1.364249e+03 2.989397e+02 -1.963915e+04 2.659060e+04 -1.272963e+03 9.362004e+02 4.086561e+04 -3.111446e+01 -1.963864e+04 -3.863355e+04 -9.282027e+02
-1.717172e-03 -2.629731e+04 1.321288e+03 -9.877965e+02 -4.456174e+04 -2.133594e+02 -1.942207e+04 -4.209463e+04 -9.802744e+02 -1.012874e+03 4.455985e+04 2.024860e+04 8.988597e+02 4.209407e+04 -1.005400e+03 -1.450022e+02 1.495140e+04 -1.209655e+03 5.078135e+04 2.307582e+04 9.456599e+02 -4.797087e+04 1.201351e+03 3.062651e+02 -1.704108e+04 2.307555e+04 -1.238118e+03 8.241514e+02 3.910256e+04 -4.620781e+01 -1.704063e+04 -3.693806e+04 -8.174105e+02
-1.515152e-03 -2.259077e+04 1.289862e+03 -8.594295e+02 -4.285886e+04 -2.246229e+02 -1.668283e+04 -4.045695e+04 -8.531446e+02 -8.809560e+02 4.285672e+04 1.739458e+04 8.775367e+02 4.045668e+04 -8.747138e+02 -1.527133e+02 1.284273e+04 -1.052275e+03 4.884046e+04 1.982332e+04 9.235092e+02 -4.610459e+04 1.045350e+03 3.122494e+02 -1.463767e+04 1.982309e+04 -1.208391e+03 7.169342e+02 3.760828e+04 -5.889379e+01 -1.463728e+04 -3.550123e+04 -7.112957e+02
-1.313131e-03 -1.913125e+04 1.263360e+03 -7.358690e+02 -4.142939e+04 -2.339293e+02 -1.412676e+04 -3.908237e+04 -7.306776e+02 -7.540870e+02 4.142704e+04 1.473077e+04 8.595542e+02 3.908235e+04 -7.489332e+02 -1.590848e+02 1.087504e+04 -9.008562e+02 4.721120e+04 1.678760e+04 9.048598e+02 -4.453813e+04 8.951454e+02 3.171056e+02 -1.239497e+04 1.678740e+04 -1.183292e+03 6.137754e+02 3.635391e+04 -6.946395e+01 -1.239463e+04 -3.429523e+04 -6.091132e+02
-1.111111e-03 -1.587382e+04 1.241350e+03 -6.163026e+02 -4.024694e+04 -2.415204e+02 -1.172052e+04 -3.794544e+04 -6.120884e+02 -6.314104e+02 4.024441e+04 1.222259e+04 8.446188e+02 3.794562e+04 -6.272283e+02 -1.642822e+02 9.022687e+03 -7.543886e+02 4.586348e+04 1.392921e+04 8.893928e+02 -4.324250e+04 7.497597e+02 3.210020e+02 -1.028371e+04 1.392904e+04 -1.162424e+03 5.139876e+02 3.531631e+04 -7.815079e+01 -1.028344e+04 -3.329775e+04 -5.101995e+02
-9.090909e-04 -1.277920e+04 1.223487e+03 -4.999977e+02 -3.929051e+04 -2.475869e+02 -9.434972e+03 -3.702592e+04 -4.966677e+02 -5.121548e+02 3.928783e+04 9.839767e+03 8.324965e+02 3.702625e+04 -5.088511e+02 -1.684358e+02 7.263240e+03 -6.119627e+02 4.477336e+04 1.121369e+04 8.768543e+02 -4.219461e+04 6.083097e+02 3.240708e+02 -8.278359e+03 1.121355e+04 -1.145472e+03 4.169515e+02 3.447703e+04 -8.513825e+01 -8.278134e+03 -3.249099e+04 -4.139558e+02
-7.070707e-04 -9.812481e+03 1.209499e+03 -3.862842e+02 -3.854366e+04 -2.522769e+02 -7.244246e+03 -3.630794e+04 -3.837657e+02 -3.956157e+02 3.854088e+04 7.555439e+03 8.230036e+02 3.630840e+04 -3.931177e+02 -1.716470e+02 5.576780e+03 -4.727472e+02 4.392213e+04 8.610403e+03 8.670453e+02 -4.137642e+04 4.699874e+02 3.264139e+02 -6.356194e+03 8.610297e+03 -1.132188e+03 3.221010e+02 3.382167e+04 -9.056959e+01 -6.356020e+03 -3.186107e+04 -3.198338e+02
-5.050505e-04 -6.942080e+03 1.199179e+03 -2.745397e+02 -3.799391e+04 -2.557020e+02 -5.124919e+03 -3.577948e+04 -2.727783e+02 -2.811398e+02 3.799105e+04 5.345277e+03 8.160005e+02 3.578003e+04 -2.793931e+02 -1.739923e+02 3.945279e+03 -3.359706e+02 4.329554e+04 6.091639e+03 8.598145e+02 -4.077418e+04 3.340421e+02 3.281081e+02 -4.496672e+03 6.091564e+03 -1.122382e+03 2.289108e+02 3.333927e+04 -9.455328e+01 -4.496548e+03 -3.139742e+04 -2.273244e+02
-3.030303e-04 -4.138835e+03 1.192380e+03 -1.641776e+02 -3.763225e+04 -2.579425e+02 -3.055372e+03 -3.543184e+04 -1.631355e+02 -1.681118e+02 3.762934e+04 3.186827e+03 8.113861e+02 3.543245e+04 -1.670786e+02 -1.755264e+02 2.352096e+03 -2.009059e+02 4.288334e+04 3.631805e+03 8.550528e+02 -4.037801e+04 1.997657e+02 3.292082e+02 -2.680825e+03 3.631760e+03 -1.115919e+03 1.368860e+02 3.302192e+04 -9.716723e+01 -2.680751e+03 -3.109242e+04 -1.359472e+02
-1.010101e-04 -1.375241e+03 1.189004e+03 -5.463527e+01 -3.745286e+04 -2.590501e+02 -1.015218e+03 -3.525941e+04 -5.429038e+01 -5.594242e+01 3.744992e+04 1.058910e+03 8.090950e+02 3.526005e+04 -5.560049e+01 -1.762848e+02 7.815383e+02 -6.685649e+01 4.267887e+04 1.206766e+03 8.526893e+02 -4.018151e+04 6.647920e+01 3.297497e+02 -8.907660e+02 1.206752e+03 -1.112709e+03 4.555233e+01 3.286450e+04 -9.846184e+01 -8.907415e+02 -3.094113e+04 -4.524153e+01
1.010101e-04 1.375241e+03 1.189004e+03 5.463527e+01 -3.745286e+04 -2.590501e+02 1.015218e+03 -3.525941e+04 5.429038e+01 5.594242e+01 3.744992e+04 -1.058910e+03 8.090950e+02 3.526005e+04 5.560049e+01 -1.762848e+02 -7.815383e+02 6.685649e+01 4.267887e+04 -1.206766e+03 8.526893e+02 -4.018151e+04 -6.647920e+01 3.297497e+02 8.907660e+02 -1.206752e+03 -1.112709e+03 -4.555233e+01 3.286450e+04 -9.846184e+01 8.907415e+02 -3.094113e+04 4.524153e+01
3.030303e-04 4.138835e+03 1.192380e+03 1.641776e+02 -3.763225e+04 -2.579425e+02 3.055372e+03 -3.543184e+04 1.631355e+02 1.681118e+02 3.762934e+04 -3.186827e+03 8.113861e+02 3.543245e+04 1.670786e+02 -1.755264e+02 -2.352096e+03 2.009059e+02 4.288334e+04 -3.631805e+03 8.550528e+02 -4.037801e+04 -1.997657e+02 3.292082e+02 2.680825e+03 -3.631760e+03 -1.115919e+03 -1.368860e+02 3.302192e+04 -9.716723e+01 2.680751e+03 -3.109242e+04 1.359472e+02
5.050505e-04 6.942080e+03 1.199179e+03 2.745397e+02 -3.799391e+04 -2.557020e+02 5.124919e+03 -3.577948e+04 2.727783e+02 2.811398e+02 3.799105e+04 -5.345277e+03 8.160005e+02 3.578003e+04 2.793931e+02 -1.739923e+02 -3.945279e+03 3.359706e+02 4.329554e+04 -6.091639e+03 8.598145e+02 -4.077418e+04 -3.340421e+02 3.281081e+02 4.496672e+03 -6.091564e+03 -1.122382e+03 -2.289108e+02 3.333927e+04 -9.455328e+01 4.496548e+03 -3.139742e+04 2.273244e+02
7.070707e-04 9.812481e+03 1.209499e+03 3.862842e+02 -3.854366e+04 -2.522769e+02 7.244246e+03 -3.630794e+04 3.837657e+02 3.956157e+02 3.854088e+04 -7.555439e+03 8.230036e+02 3.630840e+04 3.931177e+02 -1.716470e+02 -5.576780e+03 4.727472e+02 4.392213e+04 -8.610403e+03 8.670453e+02 -4.137642e+04 -4.699874e+02 3.264139e+02 6.356194e+03 -8.610297e+03 -1.132188e+03 -3.221010e+02 3.382167e+04 -9.056959e+01 6.356020e+03 -3.186107e+04 3.198338e+02
9.090909e-04 1.277920e+04 1.223487e+03 4.999977e+02 -3.929051e+04 -2.475869e+02 9.434972e+03 -3.702592e+04 4.966677e+02 5.121548e+02 3.928783e+04 -9.839767e+03 8.324965e+02 3.702625e+04 5.088511e+02 -1.684358e+02 -7.263240e+03 6.119627e+02 4.477336e+04 -1.121369e+04 8.768543e+02 -4.219461e+04 -6.083097e+02 3.240708e+02 8.278359e+03 -1.121355e+04 -1.145472e+03 -4.169515e+02 3.447703e+04 -8.513825e+01 8.278134e+03 -3.249099e+04 4.139558e+02
1.111111e-03 1.587382e+04 1.241350e+03 6.163026e+02 -4.024694e+04 -2.415204e+02 1.172052e+04 -3.794544e+04 6.120884e+02 6.314104e+02 4.024441e+04 -1.222259e+04 8.446188e+02 3.794562e+04 6.272283e+02 -1.642822e+02 -9.022687e+03 7.543886e+02 4.586348e+04 -1.392921e+04 8.893928e+02 -4.324250e+04 -7.497597e+02 3.210020e+02 1.028371e+04 -1.392904e+04 -1.162424e+03 -5.139876e+02 3.531631e+04 -7.815079e+01 1.028344e+04 -3.329775e+04 5.101995e+02
1.313131e-03 1.913125e+04 1.263360e+03 7.358690e+02 -4.142939e+04 -2.339293e+02 1.412676e+04 -3.908237e+04 7.306776e+02 7.540870e+02 4.142704e+04 -1.473077e+04 8.595542e+02 3.908235e+04 7.489332e+02 -1.590848e+02 -1.087504e+04 9.008562e+02 4.721120e+04 -1.678760e+04 9.048598e+02 -4.453813e+04 -8.951454e+02 3.171056e+02 1.239497e+04 -1.678740e+04 -1.183292e+03 -6.137754e+02 3.635391e+04 -6.946395e+01 1.239463e+04 -3.429523e+04 6.091132e+02
1.515152e-03 2.259077e+04 1.289862e+03 8.594295e+02 -4.285886e+04 -2.246229e+02 1.668283e+04 -4.045695e+04 8.531446e+02 8.809560e+02 4.285672e+04 -1.739458e+04 8.775367e+02 4.045668e+04 8.747138e+02 -1.527133e+02 -1.284273e+04 1.052275e+03 4.884046e+04 -1.982332e+04 9.235092e+02 -4.610459e+04 -1.045350e+03 3.122494e+02 1.463767e+04 -1.982309e+04 -1.208391e+03 -7.169342e+02 3.760828e+04 -5.889379e+01 1.463728e+04 -3.550123e+04 7.112957e+02
1.717172e-03 2.629731e+04 1.321288e+03 9.877965e+02 -4.456174e+04 -2.133594e+02 1.942207e+04 -4.209463e+04 9.802744e+02 1.012874e+03 4.455985e+04 -2.024860e+04 8.988597e+02 4.209407e+04 1.005400e+03 -1.450022e+02 -1.495140e+04 1.209655e+03 5.078135e+04 -2.307582e+04 9.456599e+02 -4.797087e+04 -1.201351e+03 3.062651e+02 1.704108e+04 -2.307555e+04 -1.238118e+03 -8.241514e+02 3.910256e+04 -4.620781e+01 1.704063e+04 -3.693806e+04 8.174105e+02
1.919192e-03 3.030310e+04 1.358178e+03 1.121883e+03 -4.657090e+04 -1.998341e+02 2.238319e+04 -4.402713e+04 1.112948e+03 1.150806e+03 4.656933e+04 -2.333305e+04 9.238880e+02 4.402623e+04 1.141923e+03 -1.357431e+02 -1.723087e+04 1.374130e+03 5.307134e+04 -2.659091e+04 9.717090e+02 -5.017314e+04 -1.364249e+03 2.989397e+02 1.963915e+04 -2.659060e+04 -1.272963e+03 -9.362004e+02 4.086561e+04 -3.111446e+01 1.963864e+04 -3.863355e+04 9.282027e+02
2.121212e-03 3.466964e+04 1.401198e+03 1.262728e+03 -4.892719e+04 -1.836647e+02 2.561183e+04 -4.629384e+04 1.252166e+03 1.295851e+03 4.892598e+04 -2.669530e+04 9.530731e+02 4.629253e+04 1.285347e+03 -1.246744e+02 -1.971627e+04 1.546995e+03 5.575698e+04 -3.042256e+04 1.002149e+03 -5.275626e+04 -1.535293e+03 2.900039e+02 2.247195e+04 -3.042222e+04 -1.313534e+03 -1.053963e+03 4.293328e+04 -1.324918e+01 2.247137e+04 -4.062225e+04 1.044520e+03
2.323232e-03 3.947039e+04 1.451174e+03 1.411530e+03 -5.168131e+04 -1.643702e+02 2.916249e+04 -4.894366e+04 1.399081e+03 1.449283e+03 5.168053e+04 -3.039190e+04 9.869741e+02 4.894187e+04 1.436896e+03 -1.114671e+02 -2.244954e+04 1.729744e+03 5.889605e+04 -3.463525e+04 1.037590e+03 -5.577596e+04 -1.715923e+03 2.791170e+02 2.558727e+04 -3.463486e+04 -1.360581e+03 -1.178456e+03 4.535003e+04 7.844244e+00 2.558661e+04 -4.294708e+04 1.167340e+03
2.525253e-03 4.479417e+04 1.509130e+03 1.569688e+03 -5.489640e+04 -1.413438e+02 3.310109e+04 -5.203750e+04 1.555035e+03 1.612590e+03 5.489613e+04 -3.449126e+04 1.026286e+03 5.203514e+04 1.598001e+03 -9.570609e+01 -2.548141e+04 1.924122e+03 6.256053e+04 -3.930690e+04 1.078793e+03 -5.930166e+04 -1.907820e+03 2.658465e+02 2.904294e+04 -3.930648e+04 -1.415036e+03 -1.310869e+03 4.817129e+04 3.273876e+01 2.904221e+04 -4.566147e+04 1.297800e+03
2.727273e-03 5.074977e+04 1.576348e+03 1.738857e+03 -5.865148e+04 -1.138150e+02 3.750835e+04 -5.565159e+04 1.721610e+03 1.787535e+03 5.865183e+04 -3.907715e+04 1.071874e+03 5.564856e+04 1.770354e+03 -7.686443e+01 -2.887404e+04 2.132195e+03 6.684049e+04 -4.453300e+04 1.126710e+03 -6.342022e+04 -2.112971e+03 2.496396e+02 3.290980e+04 -4.453253e+04 -1.478058e+03 -1.452611e+03 5.146642e+04 6.215815e+01 3.290899e+04 -4.883229e+04 1.437248e+03
2.929293e-03 5.747217e+04 1.654439e+03 1.921018e+03 -6.304622e+04 -8.079801e+01 4.248445e+04 -5.988205e+04 1.900700e+03 1.976236e+03 6.304729e+04 -4.425350e+04 1.124832e+03 5.987822e+04 1.955986e+03 -5.426777e+01 -3.270453e+04 2.356441e+03 7.184951e+04 -5.043197e+04 1.182539e+03 -6.824119e+04 -2.333750e+03 2.297842e+02 3.727574e+04 -5.043145e+04 -1.551105e+03 -1.605371e+03 5.532284e+04 9.702391e+01 3.727484e+04 -5.254389e+04 1.587294e+03
3.131313e-03 6.513099e+04 1.745447e+03 2.118575e+03 -6.820738e+04 -4.101863e+01 4.815532e+04 -6.485116e+04 2.094595e+03 2.181270e+03 6.820931e+04 -5.015095e+04 1.186542e+03 6.484638e+04 2.157358e+03 -2.704470e+01 -3.706981e+04 2.599873e+03 7.773210e+04 -5.715268e+04 1.247809e+03 -7.390389e+04 -2.573041e+03 2.053540e+02 4.225123e+04 -5.715212e+04 -1.636022e+03 -1.771201e+03 5.985182e+04 1.385208e+02 4.225023e+04 -5.690352e+04 1.749891e+03
3.333333e-03 7.394254e+04 1.852001e+03 2.334489e+03 -7.429800e+04 7.188933e+00 5.468152e+04 -7.071616e+04 2.306110e+03 2.405821e+03 7.430097e+04 -5.693604e+04 1.258785e+03 7.071025e+04 2.377508e+03 5.944056e+00 -4.209346e+04 2.866201e+03 8.467407e+04 -6.488494e+04 1.324487e+03 -8.058753e+04 -2.834388e+03 1.751302e+02 4.797715e+04 -6.488431e+04 -1.735177e+03 -1.952634e+03 6.519641e+04 1.881899e+02 4.797603e+04 -6.204917e+04 1.927442e+03
3.535354e-03 8.418677e+04 1.977524e+03 2.572464e+03 -8.153048e+04 6.603279e+01 6.227088e+04 -7.768189e+04 2.538755e+03 2.653880e+03 8.153471e+04 -6.482437e+04 1.343879e+03 7.767461e+04 2.620234e+03 4.620855e+01 -4.793547e+04 3.160079e+03 9.291753e+04 -7.387440e+04 1.415139e+03 -8.852553e+04 -3.122225e+03 1.374865e+02 5.463584e+04 -7.387372e+04 -1.851646e+03 -2.152841e+03 7.154301e+04 2.480635e+02 5.463459e+04 -6.816052e+04 2.122950e+03
3.737374e-03 9.623217e+04 2.126547e+03 2.837211e+03 -9.018572e+04 1.384869e+02 7.119704e+04 -8.601921e+04 2.796990e+03 2.930545e+03 9.019149e+04 -7.409969e+04 1.444889e+03 8.601027e+04 2.890378e+03 9.578244e+01 -5.480645e+04 3.487432e+03 1.027826e+05 -8.444445e+04 1.523174e+03 -9.802655e+04 -3.442189e+03 9.021913e+01 6.246737e+04 -8.444370e+04 -1.989492e+03 -2.375865e+03 7.913812e+04 3.208649e+02 6.246597e+04 -7.547522e+04 2.340235e+03
3.939394e-03 1.105731e+05 2.305177e+03 3.134848e+03 -1.006418e+05 2.286321e+02 8.182705e+04 -9.609260e+04 3.086584e+03 3.242450e+03 1.006494e+05 -8.514266e+04 1.565952e+03 9.608162e+04 3.194230e+03 1.574561e+02 -6.298894e+04 3.855967e+03 1.147003e+05 -9.702886e+04 1.653200e+03 -1.095059e+05 -3.801590e+03 3.028578e+01 7.179377e+04 -9.702803e+04 -2.154181e+03 -2.626963e+03 8.831350e+04 4.103125e+02 7.179220e+04 -8.431305e+04 2.584250e+03
4.141414e-03 1.278870e+05 2.521842e+03 3.473494e+03 -1.134182e+05 3.421921e+02 9.466403e+04 -1.084027e+05 3.415181e+03 3.598437e+03 1.134282e+05 -9.847498e+04 1.712771e+03 1.083892e+05 3.540149e+03 2.351429e+02 -7.287020e+04 4.275931e+03 1.292627e+05 -1.122221e+05 1.811587e+03 -1.235342e+05 -4.210132e+03 -4.660566e+01 8.305646e+04 -1.122212e+05 -2.353238e+03 -2.913127e+03 9.952500e+04 5.215963e+02 8.305468e+04 -9.511324e+04 2.861565e+03
4.343434e-03 1.491260e+05 2.788476e+03 3.864219e+03 -1.292463e+05 4.874063e+02 1.104152e+05 -1.236543e+05 3.793172e+03 4.010600e+03 1.292592e+05 -1.148299e+05 1.893425e+03 1.236376e+05 3.939553e+03 3.344758e+02 -8.499457e+04 4.761319e+03 1.473034e+05 -1.308599e+05 2.007382e+03 -1.409145e+05 -4.681039e+03 -1.466683e+02 9.687588e+04 -1.308589e+05 -2.597291e+03 -3.243908e+03 1.134145e+05 6.621523e+02 9.687387e+04 -1.084941e+05 3.181138e+03
4.545455e-03 1.756692e+05 3.122532e+03 4.322608e+03 -1.491867e+05 6.765141e+02 1.301047e+05 -1.428687e+05 4.235155e+03 4.496033e+03 1.492035e+05 -1.352693e+05 2.119727e+03 1.428480e+05 4.408544e+03 4.638212e+02 -1.001504e+05 5.331871e+03 1.700314e+05 -1.541522e+05 2.253852e+03 -1.628107e+05 -5.232923e+03 -2.791803e+02 1.141506e+05 -1.541510e+05 -2.901855e+03 -3.632781e+03 1.309126e+05 8.429766e+02 1.141483e+05 -1.253516e+05 3.555573e+03
4.747475e-03 2.095875e+05 3.550567e+03 4.871483e+03 -1.748340e+05 9.284114e+02 1.552707e+05 -1.675807e+05 4.762461e+03 5.079867e+03 1.748557e+05 -1.613879e+05 2.409655e+03 1.675547e+05 4.970754e+03 6.360946e+02 -1.195217e+05 6.016556e+03 1.992641e+05 -1.839163e+05 2.571233e+03 -1.909717e+05 -5.893051e+03 -4.585376e+02 1.362302e+05 -1.839150e+05 -3.290483e+03 -4.099519e+03 1.534187e+05 1.080972e+03 1.362275e+05 -1.470324e+05 4.003332e+03
4.949495e-03 2.541366e+05 4.115065e+03 5.545985e+03 -2.086974e+05 1.273732e+03 1.883319e+05 -2.002033e+05 5.407871e+03 5.800953e+03 2.087258e+05 -1.956929e+05 2.791966e+03 2.001702e+05 5.662668e+03 8.722304e+02 -1.449699e+05 6.860065e+03 2.378614e+05 -2.230093e+05 2.991979e+03 -2.281474e+05 -6.703426e+03 -7.081859e+02 1.652364e+05 -2.230078e+05 -3.800772e+03 -4.674637e+03 1.831346e+05 1.403431e+03 1.652333e+05 -1.756534e+05 4.552856e+03
5.151515e-03 3.147507e+05 4.888587e+03 6.403904e+03 -2.549683e+05 1.765415e+03 2.333248e+05 -2.447631e+05 6.225226e+03 6.723450e+03 2.550059e+05 -2.423688e+05 3.315782e+03 2.447202e+05 6.544482e+03 1.208402e+03 -1.796023e+05 7.936055e+03 2.906008e+05 -2.761999e+05 3.571656e+03 -2.789262e+05 -7.733199e+03 -1.068815e+03 2.047110e+05 -2.761981e+05 -4.496810e+03 -5.408429e+03 2.237384e+05 1.857339e+03 2.047072e+05 -2.147473e+05 5.250963e+03
5.353535e-03 4.012784e+05 6.006751e+03 7.549334e+03 -3.212497e+05 2.503371e+03 2.975654e+05 -3.085540e+05 7.311456e+03 7.963406e+03 3.213008e+05 -3.089998e+05 4.072921e+03 3.084969e+05 7.725050e+03 1.712860e+03 -2.290501e+05 9.377487e+03 3.661484e+05 -3.521304e+05 4.414350e+03 -3.516199e+05 -9.107162e+03 -1.617504e+03 2.610724e+05 -3.521284e+05 -5.498152e+03 -6.391688e+03 2.819020e+05 2.531066e+03 2.610677e+05 -2.707131e+05 6.182143e+03
5.555556e-03 5.338983e+05 7.759042e+03 9.196831e+03 -4.231359e+05 3.702394e+03 3.960435e+05 -4.065073e+05 8.866470e+03 9.760967e+03 4.232080e+05 -4.111245e+05 5.259407e+03 4.064281e+05 9.429808e+03 2.532300e+03 -3.048512e+05 1.145900e+04 4.822784e+05 -4.685083e+05 5.742701e+03 -4.632438e+05 -1.108324e+04 -2.520486e+03 3.474718e+05 -4.685058e+05 -7.059570e+03 -7.811945e+03 3.713099e+05 3.614030e+03 3.474657e+05 -3.566507e+05 7.521037e+03
5.757576e-03 7.634596e+05 1.091591e+04 1.189962e+04 -5.999770e+05 5.936296e+03 5.665300e+05 -5.762005e+05 1.140682e+04 1.273756e+04 6.000857e+05 -5.878999e+05 7.397065e+03 5.760825e+05 1.224335e+04 4.058494e+03 -4.360785e+05 1.489009e+04 6.838421e+05 -6.699555e+05 8.150332e+03 -6.566195e+05 -1.432911e+04 -4.222955e+03 4.970475e+05 -6.699521e+05 -9.858192e+03 -1.015363e+04 5.264928e+05 5.611009e+03 4.970389e+05 -5.055277e+05 9.719794e+03
5.959596e-03 1.290947e+06 1.875568e+04 1.794989e+04 -1.007596e+06 1.164484e+04 9.583013e+05 -9.658718e+05 1.708166e+04 1.947536e+04 1.007789e+06 -9.940957e+05 1.270696e+04 9.656643e+05 1.860417e+04 7.956574e+03 -7.376338e+05 2.261529e+04 1.148447e+06 -1.132842e+06 1.416680e+04 -1.100673e+06 -2.162617e+04 -8.620905e+03 8.407667e+05 -1.132837e+06 -1.677232e+04 -1.542668e+04 8.841901e+05 1.066444e+04 8.407518e+05 -8.473982e+05 1.466243e+04
6.161616e-03 4.384837e+05 -1.648246e+03 4.974759e+03 -3.381078e+05 -3.288908e+03 3.256401e+05 -3.451413e+05 4.655424e+03 4.712104e+03 3.381791e+05 -3.376547e+05 -1.134989e+03 3.450715e+05 4.393235e+03 -2.220389e+03 -2.506482e+05 5.849466e+03 3.853783e+05 -3.847807e+05 -1.649944e+03 -3.933119e+05 -5.486032e+03 3.035141e+03 2.856928e+05 -3.847809e+05 1.089731e+03 -3.996075e+03 2.966985e+05 -2.381286e+03 2.856961e+05 -3.028097e+05 3.716048e+03
6.363636e-03 -1.834141e+05 -1.344907e+04 -2.236828e+03 1.460481e+05 -1.240706e+04 -1.362314e+05 1.121340e+05 -2.117514e+03 -3.561913e+03 -1.460750e+05 1.412427e+05 -9.133243e+03 -1.120988e+05 -3.439355e+03 -8.438245e+03 1.048659e+05 -3.505769e+03 -1.664610e+05 1.609544e+05 -1.081929e+04 1.277806e+05 3.368496e+03 1.019428e+04 -1.195299e+05 1.609513e+05 1.139045e+04 2.388929e+03 -1.281615e+05 -1.030904e+04 -1.195177e+05 9.837180e+04 -2.282421e+03
6.565657e-03 -2.110233e+05 -1.485124e+04 -2.019345e+03 1.685421e+05 -1.394048e+04 -1.568059e+05 1.320096e+05 -1.872901e+03 -3.495718e+03 -1.685755e+05 1.625044e+05 -1.008387e+04 -1.319688e+05 -3.345145e+03 -9.480900e+03 1.207010e+05 -3.333104e+03 -1.921008e+05 1.851826e+05 -1.197550e+04 1.504298e+05 3.164340e+03 1.147845e+04 -1.375800e+05 1.851799e+05 1.254797e+04 2.272957e+03 -1.479012e+05 -1.155865e+04 -1.375674e+05 1.158085e+05 -2.142303e+03
6.767677e-03 -2.111210e+05 -1.652521e+04 -1.483140e+03 1.705219e+05 -1.583077e+04 -1.569441e+05 1.307644e+05 -1.329689e+03 -3.143295e+03 -1.705572e+05 1.625807e+05 -1.121993e+04 -1.307226e+05 -2.984620e+03 -1.076485e+04 1.208060e+05 -2.795030e+03 -1.943582e+05 1.852686e+05 -1.337297e+04 1.490107e+05 2.617576e+03 1.307715e+04 -1.377007e+05 1.852666e+05 1.391406e+04 1.907508e+03 -1.496393e+05 -1.308187e+04 -1.376875e+05 1.147151e+05 -1.770277e+03
6.969697e-03 -2.236374e+05 -1.956001e+04 -9.342008e+02 1.833941e+05 -1.906253e+04 -1.663212e+05 1.374100e+05 -7.634533e+02 -2.916625e+03 -1.834340e+05 1.722206e+05 -1.327974e+04 -1.373647e+05 -2.738937e+03 -1.296046e+04 1.280219e+05 -2.324893e+03 -2.090307e+05 1.962526e+05 -1.588052e+04 1.565835e+05 2.126685e+03 1.579089e+04 -1.459272e+05 1.962514e+05 1.641686e+04 1.588923e+03 -1.609361e+05 -1.570610e+04 -1.459127e+05 1.205440e+05 -1.435800e+03
7.171717e-03 -2.477528e+05 -2.594010e+04 -1.893963e+02 2.087141e+05 -2.565393e+04 -1.843397e+05 1.491615e+05 9.517101e+00 -2.837868e+03 -2.087615e+05 1.907933e+05 -1.761105e+04 -1.491096e+05 -2.628737e+03 -1.743854e+04 1.418885e+05 -1.825200e+03 -2.378905e+05 2.174151e+05 -2.112723e+04 1.699745e+05 1.592974e+03 2.130606e+04 -1.617358e+05 2.174156e+05 2.170461e+04 1.251018e+03 -1.831570e+05 -2.107807e+04 -1.617176e+05 1.308508e+05 -1.071772e+03
7.373737e-03 7.770844e+07 -9.539174e+04 3.254989e+04 -5.877121e+07 -1.189363e+04 5.785184e+07 -5.890703e+07 -3.812180e+04 2.704583e+04 5.878689e+07 -5.984223e+07 -6.840719e+04 5.889136e+07 -4.360262e+04 -4.468004e+03 -4.452719e+07 3.319056e+04 6.699011e+07 -6.819272e+07 -7.974301e+04 -6.712701e+07 4.733910e+04 7.488264e+03 5.075409e+07 -6.819271e+07 8.191995e+04 -2.673835e+04 5.157443e+07 -8.039650e+03 5.075413e+07 -5.167987e+07 -3.526200e+04
7.575758e-03 8.357871e+05 -2.266220e+04 -1.207221e+03 -6.172191e+05 -2.078227e+04 6.225284e+05 -6.648181e+05 -2.016768e+03 -3.445527e+03 6.173936e+05 -6.436324e+05 -1.543292e+04 6.646424e+05 -4.244952e+03 -1.407411e+04 -4.791341e+05 -2.850932e+03 7.035455e+05 -7.334454e+05 -1.839771e+04 -7.575844e+05 3.768013e+03 1.711993e+04 5.461392e+05 -7.334427e+05 1.907561e+04 1.887555e+03 5.416389e+05 -1.715522e+04 5.461521e+05 -5.832575e+05 -2.593308e+03
7.777778e-03 5.264710e+05 -1.572788e+04 -2.137647e+03 -3.907776e+05 -1.403869e+04 3.923270e+05 -4.225592e+05 -2.671887e+03 -3.676589e+03 3.908900e+05 -4.054331e+05 -1.070815e+04 4.224443e+05 -4.203394e+03 -9.506662e+03 -3.019528e+05 -3.543220e+03 4.454345e+05 -4.620067e+05 -1.268810e+04 -4.815200e+05 4.148015e+03 1.147722e+04 3.441829e+05 -4.620044e+05 1.331605e+04 2.373692e+03 3.429267e+05 -1.167540e+04 3.441908e+05 -3.707179e+05 -2.839118e+03
7.979798e-03 5.310103e+05 -1.111768e+04 -3.523013e+03 -3.994710e+05 -9.049409e+03 3.958949e+05 -4.205302e+05 -4.079393e+03 -4.570226e+03 3.995872e+05 -4.089318e+05 -7.578005e+03 4.204110e+05 -5.121239e+03 -6.116049e+03 -3.046965e+05 -4.924500e+03 4.553435e+05 -4.659917e+05 -8.843761e+03 -4.792062e+05 5.555611e+03 7.245570e+03 3.473131e+05 -4.659897e+05 9.547883e+03 3.309917e+03 3.505570e+05 -7.665025e+03 3.473181e+05 -3.689349e+05 -3.795788e+03
8.181818e-03 6.679995e+05 -6.517490e+03 -6.009576e+03 -5.085120e+05 -3.554113e+03 4.982584e+05 -5.189377e+05 -6.727606e+03 -6.537987e+03 5.086627e+05 -5.144319e+05 -4.462920e+03 5.187848e+05 -7.253205e+03 -2.375090e+03 -3.834784e+05 -7.629084e+03 5.796357e+05 -5.862095e+05 -4.938358e+03 -5.913424e+05 8.445693e+03 2.518410e+03 4.371163e+05 -5.862080e+05 5.866735e+03 5.136024e+03 4.462485e+05 -3.306851e+03 4.371189e+05 -4.552650e+05 -5.765076e+03
8.383838e-03 1.040500e+06 6.511144e+02 -1.164018e+04 -7.989761e+05 5.758556e+03 7.764685e+05 -7.931337e+05 -1.278474e+04 -1.131867e+04 7.992190e+05 -8.013052e+05 3.802936e+02 7.928919e+05 -1.246530e+04 3.971227e+03 -5.975985e+05 -1.395277e+04 9.107269e+05 -9.131039e+05 1.257472e+03 -9.037924e+05 1.525781e+04 -5.586060e+03 6.811881e+05 -9.131041e+05 2.529338e+02 9.402609e+03 7.011515e+05 3.992862e+03 6.811879e+05 -6.958124e+05 -1.040860e+04
8.585859e-03 3.323092e+06 3.432127e+04 -4.398655e+04 -2.567584e+06 5.201585e+04 2.481013e+06 -2.486367e+06 -4.771966e+04 -3.953355e+04 2.568388e+06 -2.559189e+06 2.309045e+04 2.485586e+06 -4.329482e+04 3.551410e+04 -1.909479e+06 -5.074175e+04 2.926712e+06 -2.916229e+06 3.072562e+04 -2.833257e+06 5.500907e+04 -4.612853e+04 2.176572e+06 -2.916240e+06 -2.570416e+04 3.421711e+04 2.253230e+06 3.998780e+04 2.176562e+06 -2.181263e+06 -3.750901e+04
8.787879e-03 1.232877e+06 1.058599e+04 -1.939351e+04 -9.551485e+05 1.805166e+04 9.209412e+05 -9.290214e+05 -2.083181e+04 -1.792003e+04 9.554543e+05 -9.494741e+05 7.104485e+03 9.287245e+05 -1.936824e+04 1.233194e+04 -7.087819e+05 -2.266203e+04 1.088749e+06 -1.081934e+06 9.847431e+03 -1.058632e+06 2.430519e+04 -1.628251e+04 8.079291e+05 -1.081939e+06 -7.537638e+03 1.529260e+04 8.382115e+05 1.361156e+04 8.079265e+05 -8.150193e+05 -1.656090e+04
8.989899e-03 7.520813e+05 5.662631e+03 -1.373584e+04 -5.846558e+05 1.074456e+04 5.620902e+05 -5.701306e+05 -1.464596e+04 -1.289391e+04 5.848471e+05 -5.792041e+05 3.791460e+03 5.699450e+05 -1.381003e+04 7.342697e+03 -4.325951e+05 -1.616994e+04 6.664359e+05 -6.600054e+05 5.483462e+03 -6.496691e+05 1.720922e+04 -9.837554e+03 4.931111e+05 -6.600085e+05 -3.805974e+03 1.091657e+04 5.130798e+05 7.958734e+03 4.931101e+05 -5.001679e+05 -1.171929e+04
9.191919e-03 5.336391e+05 3.661768e+03 -1.111949e+04 -4.164617e+05 7.629930e+03 3.990449e+05 -4.067549e+05 -1.178867e+04 -1.054165e+04 4.166008e+05 -4.109775e+05 2.446502e+03 4.066201e+05 -1.121519e+04 5.215193e+03 -3.071089e+05 -1.315113e+04 4.747167e+05 -4.683086e+05 3.691173e+03 -4.634994e+05 1.391498e+04 -7.077427e+03 3.500725e+05 -4.683110e+05 -2.309851e+03 8.881135e+03 3.654784e+05 5.561236e+03 3.500722e+05 -3.568401e+05 -9.471564e+03
9.393939e-03 4.055090e+05 2.575617e+03 -9.512104e+03 -3.178163e+05 5.859976e+03 3.033972e+05 -3.107725e+05 -1.003868e+04 -9.081684e+03 3.179246e+05 -3.123019e+05 1.717088e+03 3.106677e+05 -9.611684e+03 4.005894e+03 -2.334948e+05 -1.128786e+04 3.622737e+05 -3.558663e+05 2.707261e+03 -3.541256e+05 1.188869e+04 -5.501640e+03 2.661616e+05 -3.558683e+05 -1.509464e+03 7.624283e+03 2.789105e+05 4.205751e+03 2.661615e+05 -2.726357e+05 -8.089094e+03
9.595960e-03 3.212453e+05 1.903400e+03 -8.392768e+03 -2.529251e+05 4.714210e+03 2.404854e+05 -2.475562e+05 -8.824500e+03 -8.056163e+03 2.530129e+05 -2.474085e+05 1.266049e+03 2.474713e+05 -8.490715e+03 3.222932e+03 -1.850757e+05 -9.985237e+03 2.883061e+05 -2.819194e+05 2.091079e+03 -2.820895e+05 1.047764e+04 -4.476958e+03 2.109697e+05 -2.819212e+05 -1.021797e+03 6.745210e+03 2.219641e+05 3.332746e+03 2.109699e+05 -2.171769e+05 -7.126491e+03
9.797980e-03 2.619429e+05 1.453871e+03 -7.555261e+03 -2.072313e+05 3.913163e+03 1.962021e+05 -2.029998e+05 -7.919405e+03 -7.283172e+03 2.073046e+05 -2.017383e+05 9.646813e+02 2.029290e+05 -7.649713e+03 2.675471e+03 -1.509938e+05 -9.007351e+03 2.362209e+05 -2.298778e+05 1.673902e+03 -2.313168e+05 9.422486e+03 -3.757439e+03 1.721205e+05 -2.298793e+05 -7.010923e+02 6.084985e+03 1.818646e+05 2.725447e+03 1.721208e+05 -1.780881e+05 -6.406752e+03
1.000000e-02 2.182433e+05 1.137213e+03 -6.898556e+03 -1.735337e+05 3.323383e+03 1.635636e+05 -1.701152e+05 -7.212233e+03 -6.673210e+03 1.735960e+05 -1.680840e+05 7.525683e+02 1.700550e+05 -6.988971e+03 2.272362e+03 -1.258743e+05 -8.238395e+03 1.978097e+05 -1.915284e+05 1.376234e+03 -1.938444e+05 8.595827e+03 -3.225461e+03 1.434873e+05 -1.915297e+05 -4.791838e+02 5.565594e+03 1.522926e+05 2.280502e+03 1.434876e+05 -1.492390e+05 -5.842929e+03
