-1.000000e-02 -5.001149e+04 -2.300327e+03 1.984650e+03 -1.275821e+04 3.084242e+03 3.381420e+03 -9.537915e+03 2.492778e+03 1.955083e+03 1.282127e+04 3.853783e+04 -1.585047e+03 9.474868e+03 2.467146e+03 2.116693e+03 -2.636687e+03 2.429460e+03 1.461493e+04 4.390320e+04 -1.690211e+03 -1.087345e+04 -3.000901e+03 -2.803674e+03 2.982481e+03 4.389951e+04 2.134814e+03 -1.586253e+03 1.119288e+04 2.315083e+03 2.987165e+03 -8.311713e+03 2.042127e+03
-9.797980e-03 -5.230947e+04 -2.367760e+03 2.003522e+03 -1.301823e+04 3.190187e+03 3.588095e+03 -9.573587e+03 2.523920e+03 1.972708e+03 1.308289e+04 4.030703e+04 -1.631154e+03 9.508902e+03 2.497116e+03 2.188987e+03 -2.795766e+03 2.452182e+03 1.491324e+04 4.591961e+04 -1.743265e+03 -1.091427e+04 -3.037859e+03 -2.895680e+03 3.163709e+03 4.591575e+04 2.193485e+03 -1.600786e+03 1.142089e+04 2.398437e+03 3.168634e+03 -8.341421e+03 2.067300e+03
-9.595960e-03 -5.473904e+04 -2.437984e+03 2.022358e+03 -1.327934e+04 3.301648e+03 3.807456e+03 -9.591422e+03 2.555576e+03 1.990226e+03 1.334564e+04 4.217751e+04 -1.679166e+03 9.525049e+03 2.527534e+03 2.265038e+03 -2.964579e+03 2.474859e+03 1.521285e+04 4.805148e+04 -1.798513e+03 -1.093477e+04 -3.075403e+03 -2.992487e+03 3.356041e+03 4.804744e+04 2.254580e+03 -1.615226e+03 1.164985e+04 2.486112e+03 3.361223e+03 -8.355427e+03 2.092868e+03
-9.393939e-03 -5.730847e+04 -2.511128e+03 2.041115e+03 -1.354064e+04 3.418995e+03 4.040328e+03 -9.588669e+03 2.587735e+03 2.007591e+03 1.360863e+04 4.415565e+04 -1.729168e+03 9.520557e+03 2.558382e+03 2.345098e+03 -3.143757e+03 2.497440e+03 1.551274e+04 5.030606e+04 -1.856056e+03 -1.093181e+04 -3.113515e+03 -3.094418e+03 3.560199e+03 5.030182e+04 2.318210e+03 -1.629537e+03 1.187897e+04 2.578395e+03 3.565654e+03 -8.351319e+03 2.118818e+03
-9.191919e-03 -6.002650e+04 -2.587323e+03 2.059748e+03 -1.380107e+04 3.542627e+03 4.287586e+03 -9.562220e+03 2.620381e+03 2.024751e+03 1.387080e+04 4.624814e+04 -1.781252e+03 9.492318e+03 2.589640e+03 2.429439e+03 -3.333970e+03 2.519870e+03 1.581170e+04 5.269100e+04 -1.915998e+03 -1.090186e+04 -3.152172e+03 -3.201823e+03 3.776948e+03 5.268656e+04 2.384490e+03 -1.643676e+03 1.210732e+04 2.675598e+03 3.782692e+03 -8.326367e+03 2.145134e+03
-8.989899e-03 -6.290233e+04 -2.666708e+03 2.078204e+03 -1.405941e+04 3.672975e+03 4.550152e+03 -9.508559e+03 2.653494e+03 2.041649e+03 1.413092e+04 4.846209e+04 -1.835511e+03 9.436814e+03 2.621283e+03 2.518352e+03 -3.535925e+03 2.542084e+03 1.610832e+04 5.521440e+04 -1.978449e+03 -1.084090e+04 -3.191348e+03 -3.315077e+03 4.007095e+03 5.520973e+04 2.453540e+03 -1.657596e+03 1.233384e+04 2.778056e+03 4.013148e+03 -8.277487e+03 2.171799e+03
-8.787879e-03 -6.594565e+04 -2.749426e+03 2.096426e+03 -1.431421e+04 3.810508e+03 4.829000e+03 -9.423710e+03 2.687048e+03 2.058222e+03 1.438754e+04 5.080494e+04 -1.892040e+03 9.350070e+03 2.653280e+03 2.612156e+03 -3.750370e+03 2.564013e+03 1.640098e+04 5.788473e+04 -2.043519e+03 -1.074440e+04 -3.231010e+03 -3.434588e+03 4.251493e+03 5.787982e+04 2.525481e+03 -1.671246e+03 1.255724e+04 2.886133e+03 4.257872e+03 -8.201190e+03 2.198788e+03
-8.585859e-03 -6.916661e+04 -2.835622e+03 2.114350e+03 -1.456381e+04 3.955730e+03 5.125155e+03 -9.303180e+03 2.721012e+03 2.074400e+03 1.463901e+04 5.328450e+04 -1.950939e+03 9.227594e+03 2.685594e+03 2.711193e+03 -3.978086e+03 2.585577e+03 1.668777e+04 6.071090e+04 -2.111324e+03 -1.060725e+04 -3.271116e+03 -3.560799e+03 4.511035e+03 6.070575e+04 2.600440e+03 -1.684568e+03 1.277608e+04 3.000221e+03 4.517763e+03 -8.093535e+03 2.226073e+03
-8.383838e-03 -7.257578e+04 -2.925447e+03 2.131903e+03 -1.480628e+04 4.109189e+03 5.439687e+03 -9.141893e+03 2.755349e+03 2.090105e+03 1.488338e+04 5.590893e+04 -2.012309e+03 9.064311e+03 2.718183e+03 2.815837e+03 -4.219895e+03 2.606689e+03 1.696648e+04 6.370221e+04 -2.181981e+03 -1.042366e+04 -3.311618e+03 -3.694189e+03 4.786660e+03 6.369679e+04 2.678547e+03 -1.697499e+03 1.298865e+04 3.120748e+03 4.793757e+03 -7.950068e+03 2.253622e+03
-8.181818e-03 -7.618419e+04 -3.019054e+03 2.149006e+03 -1.503938e+04 4.271481e+03 5.773712e+03 -8.934115e+03 2.790014e+03 2.105252e+03 1.511843e+04 5.868668e+04 -2.076254e+03 8.854487e+03 2.750996e+03 2.926490e+03 -4.476652e+03 2.627252e+03 1.723456e+04 6.686830e+04 -2.255611e+03 -1.018709e+04 -3.352460e+03 -3.835276e+03 5.079343e+03 6.686261e+04 2.759934e+03 -1.709969e+03 1.319299e+04 3.248176e+03 5.086833e+03 -7.765759e+03 2.281395e+03
-7.979798e-03 -8.000320e+04 -3.116599e+03 2.165572e+03 -1.526054e+04 4.443249e+03 6.128390e+03 -8.673372e+03 2.824956e+03 2.119746e+03 1.534157e+04 6.162651e+04 -2.142879e+03 8.591649e+03 2.783974e+03 3.043589e+03 -4.749243e+03 2.647158e+03 1.748909e+04 7.021916e+04 -2.332336e+03 -9.890166e+03 -3.393574e+03 -3.984624e+03 5.390097e+03 7.021316e+04 2.844733e+03 -1.721899e+03 1.338686e+04 3.383003e+03 5.398004e+03 -7.534929e+03 2.309346e+03
-7.777778e-03 -8.404445e+04 -3.218240e+03 2.181503e+03 -1.546680e+04 4.625195e+03 6.504912e+03 -8.352355e+03 2.860111e+03 2.133483e+03 1.554985e+04 6.473738e+04 -2.212289e+03 8.268493e+03 2.817048e+03 3.167611e+03 -5.038581e+03 2.666288e+03 1.772668e+04 7.376499e+04 -2.412280e+03 -9.524556e+03 -3.434881e+03 -4.142847e+03 5.719964e+03 7.375868e+04 2.933082e+03 -1.733206e+03 1.356765e+04 3.525776e+03 5.728315e+03 -7.251167e+03 2.337419e+03
-7.575758e-03 -8.831981e+04 -3.324133e+03 2.196691e+03 -1.565478e+04 4.818078e+03 6.904496e+03 -7.962821e+03 2.895408e+03 2.146348e+03 1.573987e+04 6.802841e+04 -2.284590e+03 7.876777e+03 2.850139e+03 3.299070e+03 -5.345598e+03 2.684512e+03 1.794347e+04 7.751621e+04 -2.495567e+03 -9.080864e+03 -3.476290e+03 -4.310609e+03 6.070009e+03 7.750956e+04 3.025114e+03 -1.743794e+03 1.373239e+04 3.677083e+03 6.078833e+03 -6.907244e+03 2.365554e+03
-7.373737e-03 -9.284118e+04 -3.434437e+03 2.211019e+03 -1.582061e+04 5.022727e+03 7.328375e+03 -7.495474e+03 2.930760e+03 2.158217e+03 1.590775e+04 7.150877e+04 -2.359888e+03 7.407210e+03 2.883154e+03 3.438529e+03 -5.671237e+03 2.701684e+03 1.813504e+04 8.148325e+04 -2.582320e+03 -8.548498e+03 -3.517694e+03 -4.488633e+03 6.441310e+03 8.147624e+04 3.120965e+03 -1.753563e+03 1.387769e+04 3.837565e+03 6.450635e+03 -6.495006e+03 2.393675e+03
-7.171717e-03 -9.762036e+04 -3.549306e+03 2.224356e+03 -1.595986e+04 5.240039e+03 7.777780e+03 -6.939842e+03 2.966070e+03 2.168952e+03 1.604908e+04 7.518753e+04 -2.438285e+03 6.849323e+03 2.915988e+03 3.586595e+03 -6.016440e+03 2.717646e+03 1.829635e+04 8.567646e+04 -2.672659e+03 -7.915520e+03 -3.558969e+03 -4.677707e+03 6.834941e+03 8.566908e+04 3.220766e+03 -1.762400e+03 1.399967e+04 4.007920e+03 6.844799e+03 -6.005269e+03 2.421699e+03
-6.969697e-03 -1.026688e+05 -3.668889e+03 2.236561e+03 -1.606750e+04 5.470994e+03 8.253916e+03 -6.284134e+03 3.001222e+03 2.178403e+03 1.615880e+04 7.907352e+04 -2.519881e+03 6.191334e+03 2.948520e+03 3.743932e+03 -6.382129e+03 2.732223e+03 1.842164e+04 9.010591e+04 -2.766704e+03 -7.168493e+03 -3.599973e+03 -4.878687e+03 7.251958e+03 9.009813e+04 3.324644e+03 -1.770183e+03 1.409392e+04 4.188906e+03 7.262381e+03 -5.427696e+03 2.449528e+03
-6.767677e-03 -1.079974e+05 -3.793331e+03 2.247478e+03 -1.613783e+04 5.716655e+03 8.757944e+03 -5.515093e+03 3.036085e+03 2.186408e+03 1.623121e+04 8.317508e+04 -2.604771e+03 5.419990e+03 2.980608e+03 3.911262e+03 -6.769189e+03 2.745226e+03 1.850441e+04 9.478113e+04 -2.864565e+03 -6.292306e+03 -3.640543e+03 -5.092504e+03 7.693373e+03 9.477291e+04 3.432722e+03 -1.776779e+03 1.415542e+04 4.381345e+03 7.704395e+03 -4.750659e+03 2.477050e+03
-6.565657e-03 -1.136160e+05 -3.922763e+03 2.256937e+03 -1.616438e+04 5.978181e+03 9.290939e+03 -4.617826e+03 3.070507e+03 2.192791e+03 1.625982e+04 8.749984e+04 -2.693042e+03 4.520410e+03 3.012096e+03 4.089369e+03 -7.178443e+03 2.756447e+03 1.853727e+04 9.971077e+04 -2.966348e+03 -5.269986e+03 -3.680489e+03 -5.320174e+03 8.160124e+03 9.970211e+04 3.545110e+03 -1.782045e+03 1.417850e+04 4.586134e+03 8.171781e+03 -3.961100e+03 2.504135e+03
-6.363636e-03 -1.195332e+05 -4.057308e+03 2.264753e+03 -1.613986e+04 6.256832e+03 9.853852e+03 -3.575631e+03 3.104310e+03 2.197360e+03 1.623733e+04 9.205432e+04 -2.784773e+03 3.475899e+03 3.042800e+03 4.279107e+03 -7.610616e+03 2.765659e+03 1.851188e+04 1.049023e+05 -3.072146e+03 -4.082495e+03 -3.719597e+03 -5.562800e+03 8.653042e+03 1.048932e+05 3.661911e+03 -1.785825e+03 1.415677e+04 4.804247e+03 8.665373e+03 -3.044373e+03 2.530638e+03
-6.161616e-03 -1.257554e+05 -4.197068e+03 2.270728e+03 -1.605606e+04 6.553978e+03 1.044746e+04 -2.369806e+03 3.137295e+03 2.199910e+03 1.615551e+04 9.684354e+04 -2.880030e+03 2.267769e+03 3.072513e+03 4.481404e+03 -8.066300e+03 2.772617e+03 1.841888e+04 1.103615e+05 -3.182042e+03 -2.708517e+03 -3.757620e+03 -5.821584e+03 9.172804e+03 1.103518e+05 3.783209e+03 -1.787952e+03 1.408303e+04 5.036745e+03 9.185847e+03 -1.984081e+03 2.556388e+03
-5.959596e-03 -1.322866e+05 -4.342127e+03 2.274643e+03 -1.590377e+04 6.871111e+03 1.107230e+04 -9.794538e+02 3.169229e+03 2.200219e+03 1.600514e+04 1.018705e+05 -2.978865e+03 8.751373e+02 3.101000e+03 4.697268e+03 -8.545899e+03 2.777057e+03 1.824776e+04 1.160917e+05 -3.296099e+03 -1.124236e+03 -3.794275e+03 -6.097832e+03 9.719876e+03 1.160815e+05 3.909072e+03 -1.788246e+03 1.394920e+04 5.284777e+03 9.733671e+03 -7.619032e+02 2.581193e+03
-5.757576e-03 -1.391272e+05 -4.492541e+03 2.276268e+03 -1.567273e+04 7.209848e+03 1.172858e+04 6.187153e+02 3.199849e+03 2.198053e+03 1.577594e+04 1.071356e+05 -3.081312e+03 -7.252705e+02 3.127993e+03 4.927797e+03 -9.049577e+03 2.778694e+03 1.798679e+04 1.220933e+05 -3.414362e+03 6.968951e+02 -3.829240e+03 -6.392965e+03 1.029444e+04 1.220826e+05 4.039544e+03 -1.786516e+03 1.374628e+04 5.549594e+03 1.030903e+04 6.425816e+02 2.604834e+03
-5.555556e-03 -1.462734e+05 -4.648335e+03 2.275352e+03 -1.535153e+04 7.571948e+03 1.241612e+04 2.450585e+03 3.228851e+03 2.193161e+03 1.545647e+04 1.126359e+05 -3.187381e+03 -2.559319e+03 3.153187e+03 5.174180e+03 -9.577178e+03 2.777220e+03 1.762293e+04 1.283631e+05 -3.536850e+03 2.784377e+03 -3.862150e+03 -6.708523e+03 1.089634e+04 1.283517e+05 4.174639e+03 -1.782558e+03 1.346425e+04 5.832551e+03 1.091176e+04 2.252066e+03 2.627062e+03
-5.353535e-03 -1.537157e+05 -4.809498e+03 2.271628e+03 -1.492756e+04 7.959312e+03 1.313419e+04 4.544819e+03 3.255891e+03 2.185276e+03 1.503409e+04 1.183639e+05 -3.297057e+03 -4.655651e+03 3.176239e+03 5.437702e+03 -1.012814e+04 2.772310e+03 1.714177e+04 1.348925e+05 -3.663552e+03 5.170882e+03 -3.892585e+03 -7.046177e+03 1.152492e+04 1.348805e+05 4.314340e+03 -1.776159e+03 1.309205e+04 6.135116e+03 1.154121e+04 4.091679e+03 2.647590e+03
-5.151515e-03 -1.614374e+05 -4.975969e+03 2.264814e+03 -1.438695e+04 8.373997e+03 1.388141e+04 6.933025e+03 3.280572e+03 2.174122e+03 1.449490e+04 1.243069e+05 -3.410293e+03 -7.045850e+03 3.196756e+03 5.719757e+03 -1.070140e+04 2.763614e+03 1.652748e+04 1.416670e+05 -3.794423e+03 7.892434e+03 -3.920072e+03 -7.407730e+03 1.217897e+04 1.416544e+05 4.458588e+03 -1.767092e+03 1.261752e+04 6.458872e+03 1.219618e+04 6.189131e+03 2.666096e+03
-4.949495e-03 -1.694133e+05 -5.147639e+03 2.254610e+03 -1.371459e+04 8.818216e+03 1.465557e+04 9.649881e+03 3.302446e+03 2.159406e+03 1.382377e+04 1.304455e+05 -3.527005e+03 -9.764566e+03 3.214299e+03 6.021841e+03 -1.129526e+04 2.750767e+03 1.576280e+04 1.486646e+05 -3.929375e+03 1.098856e+04 -3.944070e+03 -7.795127e+03 1.285656e+04 1.486513e+05 4.607277e+03 -1.755123e+03 1.202741e+04 6.805525e+03 1.287472e+04 8.574823e+03 2.682214e+03
-4.747475e-03 -1.776077e+05 -5.324335e+03 2.240700e+03 -1.289415e+04 9.294343e+03 1.545346e+04 1.273320e+04 3.320998e+03 2.140829e+03 1.300432e+04 1.367522e+05 -3.647067e+03 -1.284958e+04 3.228365e+03 6.345561e+03 -1.190723e+04 2.733380e+03 1.482906e+04 1.558538e+05 -4.068271e+03 1.450235e+04 -3.963967e+03 -8.210455e+03 1.355486e+04 1.558398e+05 4.760249e+03 -1.740009e+03 1.130738e+04 7.176904e+03 1.357402e+04 1.128190e+04 2.695524e+03
-4.545455e-03 -1.859717e+05 -5.505814e+03 2.222755e+03 -1.190815e+04 9.804912e+03 1.627062e+04 1.622389e+04 3.335645e+03 2.118080e+03 1.201903e+04 1.431892e+05 -3.770305e+03 -1.634177e+04 3.238391e+03 6.692630e+03 -1.253390e+04 2.711048e+03 1.370629e+04 1.631917e+05 -4.210921e+03 1.848045e+04 -3.979065e+03 -8.655938e+03 1.426998e+04 1.631770e+05 4.917283e+03 -1.721502e+03 1.044210e+04 7.574957e+03 1.429016e+04 1.434623e+04 2.705556e+03
-4.343434e-03 -1.944410e+05 -5.691754e+03 2.200431e+03 -1.073813e+04 1.035260e+04 1.710112e+04 2.016581e+04 3.345720e+03 2.090846e+03 1.084939e+04 1.497073e+05 -3.896488e+03 -2.028497e+04 3.243738e+03 7.064859e+03 -1.317071e+04 2.683350e+03 1.237339e+04 1.706220e+05 -4.357071e+03 2.297284e+04 -3.988575e+03 -9.133931e+03 1.499671e+04 1.706065e+05 5.078087e+03 -1.699348e+03 9.415378e+03 8.001744e+03 1.501794e+04 1.780627e+04 2.711772e+03
-4.141414e-03 -2.029329e+05 -5.881742e+03 2.173375e+03 -9.364881e+03 1.094022e+04 1.793726e+04 2.460542e+04 3.350468e+03 2.058811e+03 9.476157e+03 1.562426e+05 -4.025326e+03 -2.472559e+04 3.243687e+03 7.464148e+03 -1.381173e+04 2.649850e+03 1.080842e+04 1.780720e+05 -4.506397e+03 2.803247e+04 -3.991602e+03 -9.646904e+03 1.572831e+04 1.780558e+05 5.242291e+03 -1.673295e+03 8.210364e+03 8.459424e+03 1.575061e+04 2.170273e+04 2.713566e+03
-3.939394e-03 -2.113428e+05 -6.075268e+03 2.141219e+03 -7.768852e+03 1.157066e+04 1.876925e+04 2.959120e+04 3.349026e+03 2.021661e+03 7.879720e+03 1.627147e+05 -4.156458e+03 -2.971207e+04 3.237424e+03 7.892455e+03 -1.444945e+04 2.610102e+03 8.989029e+03 1.854500e+05 -4.658498e+03 3.371461e+04 -3.987133e+03 -1.019741e+04 1.645621e+04 1.854330e+05 5.409439e+03 -1.643092e+03 6.809906e+03 8.950223e+03 1.647958e+04 2.607812e+04 2.710249e+03
-3.737374e-03 -2.195408e+05 -6.271710e+03 2.103593e+03 -5.930654e+03 1.224686e+04 1.958487e+04 3.517271e+04 3.340418e+03 1.979089e+03 6.040641e+03 1.690235e+05 -4.289452e+03 -3.529393e+04 3.224035e+03 8.351765e+03 -1.507449e+04 2.563647e+03 6.893057e+03 1.926421e+05 -4.812888e+03 4.007574e+04 -3.974021e+03 -1.078802e+04 1.716969e+04 1.926243e+05 5.578979e+03 -1.608493e+03 5.196997e+03 9.476394e+03 1.719414e+04 3.097589e+04 2.701046e+03
-3.535354e-03 -2.273680e+05 -6.470333e+03 2.060115e+03 -3.831786e+03 1.297171e+04 2.036911e+04 4.139928e+04 3.323536e+03 1.930798e+03 3.940367e+03 1.750468e+05 -4.423795e+03 -4.152047e+04 3.202491e+03 8.844031e+03 -1.567531e+04 2.510023e+03 4.499353e+03 1.995087e+05 -4.968987e+03 4.717208e+04 -3.950969e+03 -1.142129e+04 1.785562e+04 1.994902e+05 5.750258e+03 -1.569262e+03 3.355407e+03 1.004015e+04 1.788111e+04 3.643927e+04 2.685077e+03
-3.333333e-03 -2.346322e+05 -6.670274e+03 2.010402e+03 -1.455568e+03 1.374792e+04 2.110376e+04 4.831806e+04 3.297126e+03 1.876506e+03 1.562168e+03 1.806366e+05 -4.558890e+03 -4.843878e+04 3.171636e+03 9.371089e+03 -1.623794e+04 2.448761e+03 1.788844e+03 2.058813e+05 -5.126122e+03 5.505738e+04 -3.916516e+03 -1.209961e+04 1.849806e+04 2.058621e+05 5.922515e+03 -1.525174e+03 1.270505e+03 1.064358e+04 1.852455e+04 4.250960e+04 2.661354e+03
-3.131313e-03 -2.411046e+05 -6.870541e+03 1.954062e+03 1.211652e+03 1.457786e+04 2.176712e+04 5.597143e+04 3.259774e+03 1.815950e+03 -1.107654e+03 1.856169e+05 -4.694052e+03 -5.609122e+04 3.130178e+03 9.934540e+03 -1.674571e+04 2.379388e+03 -1.254085e+03 2.115592e+05 -5.283513e+03 6.377994e+04 -3.869020e+03 -1.282507e+04 1.907799e+04 2.115393e+05 6.094878e+03 -1.476020e+03 -1.069684e+03 1.128848e+04 1.910541e+04 4.922403e+04 2.628764e+03
-2.929293e-03 -2.465166e+05 -7.070009e+03 1.890701e+03 4.178995e+03 1.546331e+04 2.233360e+04 6.439346e+04 3.209890e+03 1.748890e+03 -4.078258e+03 1.897808e+05 -4.828510e+03 -6.451184e+04 3.076672e+03 1.053559e+04 -1.717899e+04 2.301430e+03 -4.639878e+03 2.163065e+05 -5.440280e+03 7.337861e+04 -3.806641e+03 -1.359925e+04 1.957302e+04 2.162861e+05 6.266360e+03 -1.421608e+03 -3.673159e+03 1.197622e+04 1.960128e+04 5.661242e+04 2.586064e+03
-2.727273e-03 -2.505570e+05 -7.267418e+03 1.819918e+03 7.449220e+03 1.640512e+04 2.277361e+04 7.360535e+04 3.145701e+03 1.675106e+03 -7.352430e+03 1.928889e+05 -4.961401e+03 -7.372180e+04 3.009522e+03 1.117481e+04 -1.751505e+04 2.214408e+03 -8.371711e+03 2.198506e+05 -5.595438e+03 8.387754e+04 -3.727332e+03 -1.442292e+04 1.995724e+04 2.198297e+05 6.435861e+03 -1.361762e+03 -6.542339e+03 1.270744e+04 1.998618e+04 6.469337e+04 2.531871e+03
-2.525253e-03 -2.528725e+05 -7.461382e+03 1.741306e+03 1.101654e+04 1.740280e+04 2.305343e+04 8.360953e+04 3.065247e+03 1.594408e+03 -1.092440e+04 1.946692e+05 -5.091783e+03 -8.372353e+04 2.926971e+03 1.185186e+04 -1.772801e+04 2.117843e+03 -1.244301e+04 2.218810e+05 -5.747898e+03 9.527949e+04 -3.628840e+03 -1.529565e+04 2.020113e+04 2.218598e+05 6.602174e+03 -1.296327e+03 -9.672148e+03 1.348172e+04 2.023057e+04 7.346898e+04 2.464659e+03
-2.323232e-03 -2.530691e+05 -7.650388e+03 1.654450e+03 1.486413e+04 1.845388e+04 2.313547e+04 9.438231e+04 2.966389e+03 1.506628e+03 -1.477732e+04 1.948184e+05 -5.218632e+03 -9.449336e+04 2.827117e+03 1.256509e+04 -1.778904e+04 2.011252e+03 -1.683458e+04 2.220524e+05 -5.896477e+03 1.075575e+05 -3.508709e+03 -1.621532e+04 2.027178e+04 2.220310e+05 6.763991e+03 -1.225163e+03 -1.304782e+04 1.429715e+04 2.030149e+04 8.291849e+04 2.382770e+03
-2.121212e-03 -2.507189e+05 -7.832816e+03 1.558930e+03 1.896135e+04 1.955327e+04 2.297889e+04 1.058651e+05 2.846838e+03 1.411624e+03 -1.888051e+04 1.930073e+05 -5.340858e+03 -1.059727e+05 2.707937e+03 1.331101e+04 -1.766676e+04 1.894153e+03 -2.151145e+04 2.199893e+05 -6.039906e+03 1.206447e+05 -3.364323e+03 -1.717746e+04 2.013345e+04 2.199679e+05 6.919918e+03 -1.148148e+03 -1.664247e+04 1.514976e+04 2.016313e+04 9.299049e+04 2.284436e+03
-1.919192e-03 -2.453725e+05 -8.006952e+03 1.454327e+03 2.326083e+04 2.069230e+04 2.254076e+04 1.179541e+05 2.704219e+03 1.309282e+03 -2.318655e+04 1.888898e+05 -5.457317e+03 -1.180578e+05 2.567346e+03 1.408378e+04 -1.732825e+04 1.766075e+03 -2.641955e+04 2.152972e+05 -6.176842e+03 1.344229e+05 -3.192975e+03 -1.817450e+04 1.974855e+04 2.152761e+05 7.068490e+03 -1.065178e+03 -2.041454e+04 1.603285e+04 1.977785e+04 1.035940e+05 2.167826e+03
-1.717172e-03 -2.365786e+05 -8.171010e+03 1.340245e+03 2.769574e+04 2.185781e+04 2.177798e+04 1.304894e+05 2.536172e+03 1.199520e+03 -2.762846e+04 1.821187e+05 -5.566828e+03 -1.305889e+05 2.403286e+03 1.487447e+04 -1.674041e+04 1.626578e+03 -3.148257e+04 2.075804e+05 -6.305883e+03 1.487098e+05 -2.991981e+03 -1.919492e+04 1.907936e+04 2.075599e+05 7.208195e+03 -9.761699e+02 -2.430540e+04 1.693621e+04 1.910783e+04 1.145888e+05 2.031131e+03
-1.515152e-03 -2.239143e+05 -8.323162e+03 1.216338e+03 3.217753e+04 2.303111e+04 2.065011e+04 1.432444e+05 2.340520e+03 1.082307e+03 -3.211756e+04 1.723684e+05 -5.668189e+03 -1.433395e+05 2.213877e+03 1.567040e+04 -1.587221e+04 1.475297e+03 -3.659940e+04 1.964678e+05 -6.425593e+03 1.632471e+05 -2.758881e+03 -2.022234e+04 1.809048e+04 1.964482e+05 7.337495e+03 -8.810761e+02 -2.823738e+04 1.784539e+04 1.811765e+04 1.257760e+05 1.872685e+03
-1.313131e-03 -2.070263e+05 -8.461568e+03 1.082373e+03 3.659494e+04 2.418717e+04 1.912334e+04 1.559176e+05 2.115506e+03 9.576840e+02 -3.654237e+04 1.593671e+05 -5.760205e+03 -1.560081e+05 1.997629e+03 1.645461e+04 -1.469771e+04 1.311998e+03 -4.164297e+04 1.816493e+05 -6.534523e+03 1.776913e+05 -2.491699e+03 -2.123482e+04 1.675233e+04 1.816311e+05 7.454866e+03 -7.799074e+02 -3.211285e+04 1.874102e+04 1.677765e+04 1.368915e+05 1.691156e+03
-1.111111e-03 -1.856836e+05 -8.584417e+03 9.383046e+02 4.081494e+04 2.529422e+04 1.717550e+04 1.681306e+05 1.860110e+03 8.258137e+02 -4.076960e+04 1.429369e+05 -5.841714e+03 -1.682167e+05 1.753716e+03 1.720556e+04 -1.319989e+04 1.136677e+03 -4.646135e+04 1.629224e+05 -6.631244e+03 1.916109e+05 -2.189316e+03 -2.220452e+04 1.504550e+04 1.629059e+05 7.558820e+03 -6.727700e+02 -3.581512e+04 1.959853e+04 1.506837e+04 1.476032e+05 1.485790e+03
-9.090909e-04 -1.598386e+05 -8.689974e+03 7.843864e+02 4.468675e+04 2.631430e+04 1.480182e+04 1.794355e+05 1.574424e+03 6.870342e+02 -4.464815e+04 1.230411e+05 -5.911614e+03 -1.795174e+05 1.482313e+03 1.789751e+04 -1.137510e+04 9.496788e+02 -5.088230e+04 1.402452e+05 -6.714382e+03 2.044955e+05 -1.851891e+03 -2.309813e+04 1.296583e+04 1.402309e+05 7.647957e+03 -5.599176e+02 -3.921190e+04 2.038855e+04 1.298565e+04 1.575184e+05 1.256696e+03
-7.070707e-04 -1.296879e+05 -8.776637e+03 6.212823e+02 4.804963e+04 2.720495e+04 1.202074e+04 1.893372e+05 1.260042e+03 5.419283e+02 -4.801698e+04 9.983127e+04 -5.968900e+03 -1.894155e+05 1.184937e+03 1.850166e+04 -9.237496e+03 7.518265e+02 -5.472226e+04 1.137903e+05 -6.782663e+03 2.157809e+05 -1.481310e+03 -2.387845e+04 1.052947e+04 1.137787e+05 7.720996e+03 -4.418104e+02 -4.216219e+04 2.107826e+04 1.054563e+04 1.662029e+05 1.005154e+03
-5.050505e-04 -9.572015e+04 -8.842999e+03 4.501694e+02 5.074503e+04 2.792261e+04 8.878370e+03 1.973319e+05 9.203777e+02 3.913835e+02 -5.071719e+04 7.368334e+04 -6.012700e+03 -1.974072e+05 8.647267e+02 1.898846e+04 -6.822506e+03 5.445369e+02 -5.780011e+04 8.398632e+04 -6.834967e+03 2.248927e+05 -1.081545e+03 -2.450725e+04 7.776804e+03 8.397771e+04 7.776832e+03 -3.191692e+02 -4.452688e+04 2.163395e+04 7.788790e+03 1.732148e+05 7.338540e+02
-3.030303e-04 -5.873261e+04 -8.887919e+03 2.727858e+02 5.263206e+04 2.842729e+04 5.450144e+03 2.029609e+05 5.607884e+02 2.366227e+02 -5.260762e+04 4.521103e+04 -6.042313e+03 -2.030341e+05 5.265485e+02 1.933080e+04 -4.188036e+03 3.298737e+02 -5.995492e+04 5.153285e+04 -6.870380e+03 2.313083e+05 -6.587978e+02 -2.494947e+04 4.773874e+03 5.152755e+04 7.814577e+03 -1.930033e+02 -4.618238e+04 2.202471e+04 4.781251e+03 1.781518e+05 4.469947e+02
-1.010101e-04 -1.980138e+04 -8.910588e+03 9.138954e+01 5.360430e+04 2.868809e+04 1.837907e+03 2.058716e+05 1.884018e+02 7.918121e+01 -5.358162e+04 1.524264e+04 -6.057246e+03 -2.059437e+05 1.768419e+02 1.950771e+04 -1.412283e+03 1.104987e+02 -6.106514e+04 1.737401e+04 -6.888255e+03 2.346258e+05 -2.212963e+02 -2.517800e+04 1.609844e+03 1.737222e+04 7.833611e+03 -6.459184e+01 -4.703533e+04 2.222663e+04 1.612335e+03 1.807046e+05 1.501471e+02
1.010101e-04 1.980138e+04 -8.910588e+03 -9.138954e+01 5.360430e+04 2.868809e+04 -1.837907e+03 2.058716e+05 -1.884018e+02 -7.918121e+01 -5.358162e+04 -1.524264e+04 -6.057246e+03 -2.059437e+05 -1.768419e+02 1.950771e+04 1.412283e+03 -1.104987e+02 -6.106514e+04 -1.737401e+04 -6.888255e+03 2.346258e+05 2.212963e+02 -2.517800e+04 -1.609844e+03 -1.737222e+04 7.833611e+03 6.459184e+01 -4.703533e+04 2.222663e+04 -1.612335e+03 1.807046e+05 -1.501471e+02
3.030303e-04 5.873261e+04 -8.887919e+03 -2.727858e+02 5.263206e+04 2.842729e+04 -5.450144e+03 2.029609e+05 -5.607884e+02 -2.366227e+02 -5.260762e+04 -4.521103e+04 -6.042313e+03 -2.030341e+05 -5.265485e+02 1.933080e+04 4.188036e+03 -3.298737e+02 -5.995492e+04 -5.153285e+04 -6.870380e+03 2.313083e+05 6.587978e+02 -2.494947e+04 -4.773874e+03 -5.152755e+04 7.814577e+03 1.930033e+02 -4.618238e+04 2.202471e+04 -4.781251e+03 1.781518e+05 -4.469947e+02
5.050505e-04 9.572015e+04 -8.842999e+03 -4.501694e+02 5.074503e+04 2.792261e+04 -8.878370e+03 1.973319e+05 -9.203777e+02 -3.913835e+02 -5.071719e+04 -7.368334e+04 -6.012700e+03 -1.974072e+05 -8.647267e+02 1.898846e+04 6.822506e+03 -5.445369e+02 -5.780011e+04 -8.398632e+04 -6.834967e+03 2.248927e+05 1.081545e+03 -2.450725e+04 -7.776804e+03 -8.397771e+04 7.776832e+03 3.191692e+02 -4.452688e+04 2.163395e+04 -7.788790e+03 1.732148e+05 -7.338540e+02
7.070707e-04 1.296879e+05 -8.776637e+03 -6.212823e+02 4.804963e+04 2.720495e+04 -1.202074e+04 1.893372e+05 -1.260042e+03 -5.419283e+02 -4.801698e+04 -9.983127e+04 -5.968900e+03 -1.894155e+05 -1.184937e+03 1.850166e+04 9.237496e+03 -7.518265e+02 -5.472226e+04 -1.137903e+05 -6.782663e+03 2.157809e+05 1.481310e+03 -2.387845e+04 -1.052947e+04 -1.137787e+05 7.720996e+03 4.418104e+02 -4.216219e+04 2.107826e+04 -1.054563e+04 1.662029e+05 -1.005154e+03
9.090909e-04 1.598386e+05 -8.689974e+03 -7.843864e+02 4.468675e+04 2.631430e+04 -1.480182e+04 1.794355e+05 -1.574424e+03 -6.870342e+02 -4.464815e+04 -1.230411e+05 -5.911614e+03 -1.795174e+05 -1.482313e+03 1.789751e+04 1.137510e+04 -9.496788e+02 -5.088230e+04 -1.402452e+05 -6.714382e+03 2.044955e+05 1.851891e+03 -2.309813e+04 -1.296583e+04 -1.402309e+05 7.647957e+03 5.599176e+02 -3.921190e+04 2.038855e+04 -1.298565e+04 1.575184e+05 -1.256696e+03
1.111111e-03 1.856836e+05 -8.584417e+03 -9.383046e+02 4.081494e+04 2.529422e+04 -1.717550e+04 1.681306e+05 -1.860110e+03 -8.258137e+02 -4.076960e+04 -1.429369e+05 -5.841714e+03 -1.682167e+05 -1.753716e+03 1.720556e+04 1.319989e+04 -1.136677e+03 -4.646135e+04 -1.629224e+05 -6.631244e+03 1.916109e+05 2.189316e+03 -2.220452e+04 -1.504550e+04 -1.629059e+05 7.558820e+03 6.727700e+02 -3.581512e+04 1.959853e+04 -1.506837e+04 1.476032e+05 -1.485790e+03
1.313131e-03 2.070263e+05 -8.461568e+03 -1.082373e+03 3.659494e+04 2.418717e+04 -1.912334e+04 1.559176e+05 -2.115506e+03 -9.576840e+02 -3.654237e+04 -1.593671e+05 -5.760205e+03 -1.560081e+05 -1.997629e+03 1.645461e+04 1.469771e+04 -1.311998e+03 -4.164297e+04 -1.816493e+05 -6.534523e+03 1.776913e+05 2.491699e+03 -2.123482e+04 -1.675233e+04 -1.816311e+05 7.454866e+03 7.799074e+02 -3.211285e+04 1.874102e+04 -1.677765e+04 1.368915e+05 -1.691156e+03
1.515152e-03 2.239143e+05 -8.323162e+03 -1.216338e+03 3.217753e+04 2.303111e+04 -2.065011e+04 1.432444e+05 -2.340520e+03 -1.082307e+03 -3.211756e+04 -1.723684e+05 -5.668189e+03 -1.433395e+05 -2.213877e+03 1.567040e+04 1.587221e+04 -1.475297e+03 -3.659940e+04 -1.964678e+05 -6.425593e+03 1.632471e+05 2.758881e+03 -2.022234e+04 -1.809048e+04 -1.964482e+05 7.337495e+03 8.810761e+02 -2.823738e+04 1.784539e+04 -1.811765e+04 1.257760e+05 -1.872685e+03
1.717172e-03 2.365786e+05 -8.171010e+03 -1.340245e+03 2.769574e+04 2.185781e+04 -2.177798e+04 1.304894e+05 -2.536172e+03 -1.199520e+03 -2.762846e+04 -1.821187e+05 -5.566828e+03 -1.305889e+05 -2.403286e+03 1.487447e+04 1.674041e+04 -1.626578e+03 -3.148257e+04 -2.075804e+05 -6.305883e+03 1.487098e+05 2.991981e+03 -1.919492e+04 -1.907936e+04 -2.075599e+05 7.208195e+03 9.761699e+02 -2.430540e+04 1.693621e+04 -1.910783e+04 1.145888e+05 -2.031131e+03
1.919192e-03 2.453725e+05 -8.006952e+03 -1.454327e+03 2.326083e+04 2.069230e+04 -2.254076e+04 1.179541e+05 -2.704219e+03 -1.309282e+03 -2.318655e+04 -1.888898e+05 -5.457317e+03 -1.180578e+05 -2.567346e+03 1.408378e+04 1.732825e+04 -1.766075e+03 -2.641955e+04 -2.152972e+05 -6.176842e+03 1.344229e+05 3.192975e+03 -1.817450e+04 -1.974855e+04 -2.152761e+05 7.068490e+03 1.065178e+03 -2.041454e+04 1.603285e+04 -1.977785e+04 1.035940e+05 -2.167826e+03
2.121212e-03 2.507189e+05 -7.832816e+03 -1.558930e+03 1.896135e+04 1.955327e+04 -2.297889e+04 1.058651e+05 -2.846838e+03 -1.411624e+03 -1.888051e+04 -1.930073e+05 -5.340858e+03 -1.059727e+05 -2.707937e+03 1.331101e+04 1.766676e+04 -1.894153e+03 -2.151145e+04 -2.199893e+05 -6.039906e+03 1.206447e+05 3.364323e+03 -1.717746e+04 -2.013345e+04 -2.199679e+05 6.919918e+03 1.148148e+03 -1.664247e+04 1.514976e+04 -2.016313e+04 9.299049e+04 -2.284436e+03
2.323232e-03 2.530691e+05 -7.650388e+03 -1.654450e+03 1.486413e+04 1.845388e+04 -2.313547e+04 9.438231e+04 -2.966389e+03 -1.506628e+03 -1.477732e+04 -1.948184e+05 -5.218632e+03 -9.449336e+04 -2.827117e+03 1.256509e+04 1.778904e+04 -2.011252e+03 -1.683458e+04 -2.220524e+05 -5.896477e+03 1.075575e+05 3.508709e+03 -1.621532e+04 -2.027178e+04 -2.220310e+05 6.763991e+03 1.225163e+03 -1.304782e+04 1.429715e+04 -2.030149e+04 8.291849e+04 -2.382770e+03
2.525253e-03 2.528725e+05 -7.461382e+03 -1.741306e+03 1.101654e+04 1.740280e+04 -2.305343e+04 8.360953e+04 -3.065247e+03 -1.594408e+03 -1.092440e+04 -1.946692e+05 -5.091783e+03 -8.372353e+04 -2.926971e+03 1.185186e+04 1.772801e+04 -2.117843e+03 -1.244301e+04 -2.218810e+05 -5.747898e+03 9.527949e+04 3.628840e+03 -1.529565e+04 -2.020113e+04 -2.218598e+05 6.602174e+03 1.296327e+03 -9.672148e+03 1.348172e+04 -2.023057e+04 7.346898e+04 -2.464659e+03
2.727273e-03 2.505570e+05 -7.267418e+03 -1.819918e+03 7.449220e+03 1.640512e+04 -2.277361e+04 7.360535e+04 -3.145701e+03 -1.675106e+03 -7.352430e+03 -1.928889e+05 -4.961401e+03 -7.372180e+04 -3.009522e+03 1.117481e+04 1.751505e+04 -2.214408e+03 -8.371711e+03 -2.198506e+05 -5.595438e+03 8.387754e+04 3.727332e+03 -1.442292e+04 -1.995724e+04 -2.198297e+05 6.435861e+03 1.361762e+03 -6.542339e+03 1.270744e+04 -1.998618e+04 6.469337e+04 -2.531871e+03
2.929293e-03 2.465166e+05 -7.070009e+03 -1.890701e+03 4.178995e+03 1.546331e+04 -2.233360e+04 6.439346e+04 -3.209890e+03 -1.748890e+03 -4.078258e+03 -1.897808e+05 -4.828510e+03 -6.451184e+04 -3.076672e+03 1.053559e+04 1.717899e+04 -2.301430e+03 -4.639878e+03 -2.163065e+05 -5.440280e+03 7.337861e+04 3.806641e+03 -1.359925e+04 -1.957302e+04 -2.162861e+05 6.266360e+03 1.421608e+03 -3.673159e+03 1.197622e+04 -1.960128e+04 5.661242e+04 -2.586064e+03
3.131313e-03 2.411046e+05 -6.870541e+03 -1.954062e+03 1.211652e+03 1.457786e+04 -2.176712e+04 5.597143e+04 -3.259774e+03 -1.815950e+03 -1.107654e+03 -1.856169e+05 -4.694052e+03 -5.609122e+04 -3.130178e+03 9.934540e+03 1.674571e+04 -2.379388e+03 -1.254085e+03 -2.115592e+05 -5.283513e+03 6.377994e+04 3.869020e+03 -1.282507e+04 -1.907799e+04 -2.115393e+05 6.094878e+03 1.476020e+03 -1.069684e+03 1.128848e+04 -1.910541e+04 4.922403e+04 -2.628764e+03
3.333333e-03 2.346322e+05 -6.670274e+03 -2.010402e+03 -1.455568e+03 1.374792e+04 -2.110376e+04 4.831806e+04 -3.297126e+03 -1.876506e+03 1.562168e+03 -1.806366e+05 -4.558890e+03 -4.843878e+04 -3.171636e+03 9.371089e+03 1.623794e+04 -2.448761e+03 1.788844e+03 -2.058813e+05 -5.126122e+03 5.505738e+04 3.916516e+03 -1.209961e+04 -1.849806e+04 -2.058621e+05 5.922515e+03 1.525174e+03 1.270505e+03 1.064358e+04 -1.852455e+04 4.250960e+04 -2.661354e+03
3.535354e-03 2.273680e+05 -6.470333e+03 -2.060115e+03 -3.831786e+03 1.297171e+04 -2.036911e+04 4.139928e+04 -3.323536e+03 -1.930798e+03 3.940367e+03 -1.750468e+05 -4.423795e+03 -4.152047e+04 -3.202491e+03 8.844031e+03 1.567531e+04 -2.510023e+03 4.499353e+03 -1.995087e+05 -4.968987e+03 4.717208e+04 3.950969e+03 -1.142129e+04 -1.785562e+04 -1.994902e+05 5.750258e+03 1.569262e+03 3.355407e+03 1.004015e+04 -1.788111e+04 3.643927e+04 -2.685077e+03
3.737374e-03 2.195408e+05 -6.271710e+03 -2.103593e+03 -5.930654e+03 1.224686e+04 -1.958487e+04 3.517271e+04 -3.340418e+03 -1.979089e+03 6.040641e+03 -1.690235e+05 -4.289452e+03 -3.529393e+04 -3.224035e+03 8.351765e+03 1.507449e+04 -2.563647e+03 6.893057e+03 -1.926421e+05 -4.812888e+03 4.007574e+04 3.974021e+03 -1.078802e+04 -1.716969e+04 -1.926243e+05 5.578979e+03 1.608493e+03 5.196997e+03 9.476394e+03 -1.719414e+04 3.097589e+04 -2.701046e+03
3.939394e-03 2.113428e+05 -6.075268e+03 -2.141219e+03 -7.768852e+03 1.157066e+04 -1.876925e+04 2.959120e+04 -3.349026e+03 -2.021661e+03 7.879720e+03 -1.627147e+05 -4.156458e+03 -2.971207e+04 -3.237424e+03 7.892455e+03 1.444945e+04 -2.610102e+03 8.989029e+03 -1.854500e+05 -4.658498e+03 3.371461e+04 3.987133e+03 -1.019741e+04 -1.645621e+04 -1.854330e+05 5.409439e+03 1.643092e+03 6.809906e+03 8.950223e+03 -1.647958e+04 2.607812e+04 -2.710249e+03
4.141414e-03 2.029329e+05 -5.881742e+03 -2.173375e+03 -9.364881e+03 1.094022e+04 -1.793726e+04 2.460542e+04 -3.350468e+03 -2.058811e+03 9.476157e+03 -1.562426e+05 -4.025326e+03 -2.472559e+04 -3.243687e+03 7.464148e+03 1.381173e+04 -2.649850e+03 1.080842e+04 -1.780720e+05 -4.506397e+03 2.803247e+04 3.991602e+03 -9.646904e+03 -1.572831e+04 -1.780558e+05 5.242291e+03 1.673295e+03 8.210364e+03 8.459424e+03 -1.575061e+04 2.170273e+04 -2.713566e+03
4.343434e-03 1.944410e+05 -5.691754e+03 -2.200431e+03 -1.073813e+04 1.035260e+04 -1.710112e+04 2.016581e+04 -3.345720e+03 -2.090846e+03 1.084939e+04 -1.497073e+05 -3.896488e+03 -2.028497e+04 -3.243738e+03 7.064859e+03 1.317071e+04 -2.683350e+03 1.237339e+04 -1.706220e+05 -4.357071e+03 2.297284e+04 3.988575e+03 -9.133931e+03 -1.499671e+04 -1.706065e+05 5.078087e+03 1.699348e+03 9.415378e+03 8.001744e+03 -1.501794e+04 1.780627e+04 -2.711772e+03
4.545455e-03 1.859717e+05 -5.505814e+03 -2.222755e+03 -1.190815e+04 9.804912e+03 -1.627062e+04 1.622389e+04 -3.335645e+03 -2.118080e+03 1.201903e+04 -1.431892e+05 -3.770305e+03 -1.634177e+04 -3.238391e+03 6.692630e+03 1.253390e+04 -2.711048e+03 1.370629e+04 -1.631917e+05 -4.210921e+03 1.848045e+04 3.979065e+03 -8.655938e+03 -1.426998e+04 -1.631770e+05 4.917283e+03 1.721502e+03 1.044210e+04 7.574957e+03 -1.429016e+04 1.434623e+04 -2.705556e+03
4.747475e-03 1.776077e+05 -5.324335e+03 -2.240700e+03 -1.289415e+04 9.294343e+03 -1.545346e+04 1.273320e+04 -3.320998e+03 -2.140829e+03 1.300432e+04 -1.367522e+05 -3.647067e+03 -1.284958e+04 -3.228365e+03 6.345561e+03 1.190723e+04 -2.733380e+03 1.482906e+04 -1.558538e+05 -4.068271e+03 1.450235e+04 3.963967e+03 -8.210455e+03 -1.355486e+04 -1.558398e+05 4.760249e+03 1.740009e+03 1.130738e+04 7.176904e+03 -1.357402e+04 1.128190e+04 -2.695524e+03
4.949495e-03 1.694133e+05 -5.147639e+03 -2.254610e+03 -1.371459e+04 8.818216e+03 -1.465557e+04 9.649881e+03 -3.302446e+03 -2.159406e+03 1.382377e+04 -1.304455e+05 -3.527005e+03 -9.764566e+03 -3.214299e+03 6.021841e+03 1.129526e+04 -2.750767e+03 1.576280e+04 -1.486646e+05 -3.929375e+03 1.098856e+04 3.944070e+03 -7.795127e+03 -1.285656e+04 -1.486513e+05 4.607277e+03 1.755123e+03 1.202741e+04 6.805525e+03 -1.287472e+04 8.574823e+03 -2.682214e+03
5.151515e-03 1.614374e+05 -4.975969e+03 -2.264814e+03 -1.438695e+04 8.373997e+03 -1.388141e+04 6.933025e+03 -3.280572e+03 -2.174122e+03 1.449490e+04 -1.243069e+05 -3.410293e+03 -7.045850e+03 -3.196756e+03 5.719757e+03 1.070140e+04 -2.763614e+03 1.652748e+04 -1.416670e+05 -3.794423e+03 7.892434e+03 3.920072e+03 -7.407730e+03 -1.217897e+04 -1.416544e+05 4.458588e+03 1.767092e+03 1.261752e+04 6.458872e+03 -1.219618e+04 6.189131e+03 -2.666096e+03
5.353535e-03 1.537157e+05 -4.809498e+03 -2.271628e+03 -1.492756e+04 7.959312e+03 -1.313419e+04 4.544819e+03 -3.255891e+03 -2.185276e+03 1.503409e+04 -1.183639e+05 -3.297057e+03 -4.655651e+03 -3.176239e+03 5.437702e+03 1.012814e+04 -2.772310e+03 1.714177e+04 -1.348925e+05 -3.663552e+03 5.170882e+03 3.892585e+03 -7.046177e+03 -1.152492e+04 -1.348805e+05 4.314340e+03 1.776159e+03 1.309205e+04 6.135116e+03 -1.154121e+04 4.091679e+03 -2.647590e+03
5.555556e-03 1.462734e+05 -4.648335e+03 -2.275352e+03 -1.535153e+04 7.571948e+03 -1.241612e+04 2.450585e+03 -3.228851e+03 -2.193161e+03 1.545647e+04 -1.126359e+05 -3.187381e+03 -2.559319e+03 -3.153187e+03 5.174180e+03 9.577178e+03 -2.777220e+03 1.762293e+04 -1.283631e+05 -3.536850e+03 2.784377e+03 3.862150e+03 -6.708523e+03 -1.089634e+04 -1.283517e+05 4.174639e+03 1.782558e+03 1.346425e+04 5.832551e+03 -1.091176e+04 2.252066e+03 -2.627062e+03
5.757576e-03 1.391272e+05 -4.492541e+03 -2.276268e+03 -1.567273e+04 7.209848e+03 -1.172858e+04 6.187153e+02 -3.199849e+03 -2.198053e+03 1.577594e+04 -1.071356e+05 -3.081312e+03 -7.252705e+02 -3.127993e+03 4.927797e+03 9.049577e+03 -2.778694e+03 1.798679e+04 -1.220933e+05 -3.414362e+03 6.968951e+02 3.829240e+03 -6.392965e+03 -1.029444e+04 -1.220826e+05 4.039544e+03 1.786516e+03 1.374628e+04 5.549594e+03 -1.030903e+04 6.425816e+02 -2.604834e+03
5.959596e-03 1.322866e+05 -4.342127e+03 -2.274643e+03 -1.590377e+04 6.871111e+03 -1.107230e+04 -9.794538e+02 -3.169229e+03 -2.200219e+03 1.600514e+04 -1.018705e+05 -2.978865e+03 8.751373e+02 -3.101000e+03 4.697268e+03 8.545899e+03 -2.777057e+03 1.824776e+04 -1.160917e+05 -3.296099e+03 -1.124236e+03 3.794275e+03 -6.097832e+03 -9.719876e+03 -1.160815e+05 3.909072e+03 1.788246e+03 1.394920e+04 5.284777e+03 -9.733671e+03 -7.619032e+02 -2.581193e+03
6.161616e-03 1.257554e+05 -4.197068e+03 -2.270728e+03 -1.605606e+04 6.553978e+03 -1.044746e+04 -2.369806e+03 -3.137295e+03 -2.199910e+03 1.615551e+04 -9.684354e+04 -2.880030e+03 2.267769e+03 -3.072513e+03 4.481404e+03 8.066300e+03 -2.772617e+03 1.841888e+04 -1.103615e+05 -3.182042e+03 -2.708517e+03 3.757620e+03 -5.821584e+03 -9.172804e+03 -1.103518e+05 3.783209e+03 1.787952e+03 1.408303e+04 5.036745e+03 -9.185847e+03 -1.984081e+03 -2.556388e+03
6.363636e-03 1.195332e+05 -4.057308e+03 -2.264753e+03 -1.613986e+04 6.256832e+03 -9.853852e+03 -3.575631e+03 -3.104310e+03 -2.197360e+03 1.623733e+04 -9.205432e+04 -2.784773e+03 3.475899e+03 -3.042800e+03 4.279107e+03 7.610616e+03 -2.765659e+03 1.851188e+04 -1.049023e+05 -3.072146e+03 -4.082495e+03 3.719597e+03 -5.562800e+03 -8.653042e+03 -1.048932e+05 3.661911e+03 1.785825e+03 1.415677e+04 4.804247e+03 -8.665373e+03 -3.044373e+03 -2.530638e+03
6.565657e-03 1.136160e+05 -3.922763e+03 -2.256937e+03 -1.616438e+04 5.978181e+03 -9.290939e+03 -4.617826e+03 -3.070507e+03 -2.192791e+03 1.625982e+04 -8.749984e+04 -2.693042e+03 4.520410e+03 -3.012096e+03 4.089369e+03 7.178443e+03 -2.756447e+03 1.853727e+04 -9.971077e+04 -2.966348e+03 -5.269986e+03 3.680489e+03 -5.320174e+03 -8.160124e+03 -9.970211e+04 3.545110e+03 1.782045e+03 1.417850e+04 4.586134e+03 -8.171781e+03 -3.961100e+03 -2.504135e+03
6.767677e-03 1.079974e+05 -3.793331e+03 -2.247478e+03 -1.613783e+04 5.716655e+03 -8.757944e+03 -5.515093e+03 -3.036085e+03 -2.186408e+03 1.623121e+04 -8.317508e+04 -2.604771e+03 5.419990e+03 -2.980608e+03 3.911262e+03 6.769189e+03 -2.745226e+03 1.850441e+04 -9.478113e+04 -2.864565e+03 -6.292306e+03 3.640543e+03 -5.092504e+03 -7.693373e+03 -9.477291e+04 3.432722e+03 1.776779e+03 1.415542e+04 4.381345e+03 -7.704395e+03 -4.750659e+03 -2.477050e+03
6.969697e-03 1.026688e+05 -3.668889e+03 -2.236561e+03 -1.606750e+04 5.470994e+03 -8.253916e+03 -6.284134e+03 -3.001222e+03 -2.178403e+03 1.615880e+04 -7.907352e+04 -2.519881e+03 6.191334e+03 -2.948520e+03 3.743932e+03 6.382129e+03 -2.732223e+03 1.842164e+04 -9.010591e+04 -2.766704e+03 -7.168493e+03 3.599973e+03 -4.878687e+03 -7.251958e+03 -9.009813e+04 3.324644e+03 1.770183e+03 1.409392e+04 4.188906e+03 -7.262381e+03 -5.427696e+03 -2.449528e+03
7.171717e-03 9.762036e+04 -3.549306e+03 -2.224356e+03 -1.595986e+04 5.240039e+03 -7.777780e+03 -6.939842e+03 -2.966070e+03 -2.168952e+03 1.604908e+04 -7.518753e+04 -2.438285e+03 6.849323e+03 -2.915988e+03 3.586595e+03 6.016440e+03 -2.717646e+03 1.829635e+04 -8.567646e+04 -2.672659e+03 -7.915520e+03 3.558969e+03 -4.677707e+03 -6.834941e+03 -8.566908e+04 3.220766e+03 1.762400e+03 1.399967e+04 4.007920e+03 -6.844799e+03 -6.005269e+03 -2.421699e+03
7.373737e-03 9.284118e+04 -3.434437e+03 -2.211019e+03 -1.582061e+04 5.022727e+03 -7.328375e+03 -7.495474e+03 -2.930760e+03 -2.158217e+03 1.590775e+04 -7.150877e+04 -2.359888e+03 7.407210e+03 -2.883154e+03 3.438529e+03 5.671237e+03 -2.701684e+03 1.813504e+04 -8.148325e+04 -2.582320e+03 -8.548498e+03 3.517694e+03 -4.488633e+03 -6.441310e+03 -8.147624e+04 3.120965e+03 1.753563e+03 1.387769e+04 3.837565e+03 -6.450635e+03 -6.495006e+03 -2.393675e+03
7.575758e-03 8.831981e+04 -3.324133e+03 -2.196691e+03 -1.565478e+04 4.818078e+03 -6.904496e+03 -7.962821e+03 -2.895408e+03 -2.146348e+03 1.573987e+04 -6.802841e+04 -2.284590e+03 7.876777e+03 -2.850139e+03 3.299070e+03 5.345598e+03 -2.684512e+03 1.794347e+04 -7.751621e+04 -2.495567e+03 -9.080864e+03 3.476290e+03 -4.310609e+03 -6.070009e+03 -7.750956e+04 3.025114e+03 1.743794e+03 1.373239e+04 3.677083e+03 -6.078833e+03 -6.907244e+03 -2.365554e+03
7.777778e-03 8.404445e+04 -3.218240e+03 -2.181503e+03 -1.546680e+04 4.625195e+03 -6.504912e+03 -8.352355e+03 -2.860111e+03 -2.133483e+03 1.554985e+04 -6.473738e+04 -2.212289e+03 8.268493e+03 -2.817048e+03 3.167611e+03 5.038581e+03 -2.666288e+03 1.772668e+04 -7.376499e+04 -2.412280e+03 -9.524556e+03 3.434881e+03 -4.142847e+03 -5.719964e+03 -7.375868e+04 2.933082e+03 1.733206e+03 1.356765e+04 3.525776e+03 -5.728315e+03 -7.251167e+03 -2.337419e+03
7.979798e-03 8.000320e+04 -3.116599e+03 -2.165572e+03 -1.526054e+04 4.443249e+03 -6.128390e+03 -8.673372e+03 -2.824956e+03 -2.119746e+03 1.534157e+04 -6.162651e+04 -2.142879e+03 8.591649e+03 -2.783974e+03 3.043589e+03 4.749243e+03 -2.647158e+03 1.748909e+04 -7.021916e+04 -2.332336e+03 -9.890166e+03 3.393574e+03 -3.984624e+03 -5.390097e+03 -7.021316e+04 2.844733e+03 1.721899e+03 1.338686e+04 3.383003e+03 -5.398004e+03 -7.534929e+03 -2.309346e+03
8.181818e-03 7.618419e+04 -3.019054e+03 -2.149006e+03 -1.503938e+04 4.271481e+03 -5.773712e+03 -8.934115e+03 -2.790014e+03 -2.105252e+03 1.511843e+04 -5.868668e+04 -2.076254e+03 8.854487e+03 -2.750996e+03 2.926490e+03 4.476652e+03 -2.627252e+03 1.723456e+04 -6.686830e+04 -2.255611e+03 -1.018709e+04 3.352460e+03 -3.835276e+03 -5.079343e+03 -6.686261e+04 2.759934e+03 1.709969e+03 1.319299e+04 3.248176e+03 -5.086833e+03 -7.765759e+03 -2.281395e+03
8.383838e-03 7.257578e+04 -2.925447e+03 -2.131903e+03 -1.480628e+04 4.109189e+03 -5.439687e+03 -9.141893e+03 -2.755349e+03 -2.090105e+03 1.488338e+04 -5.590893e+04 -2.012309e+03 9.064311e+03 -2.718183e+03 2.815837e+03 4.219895e+03 -2.606689e+03 1.696648e+04 -6.370221e+04 -2.181981e+03 -1.042366e+04 3.311618e+03 -3.694189e+03 -4.786660e+03 -6.369679e+04 2.678547e+03 1.697499e+03 1.298865e+04 3.120748e+03 -4.793757e+03 -7.950068e+03 -2.253622e+03
8.585859e-03 6.916661e+04 -2.835622e+03 -2.114350e+03 -1.456381e+04 3.955730e+03 -5.125155e+03 -9.303180e+03 -2.721012e+03 -2.074400e+03 1.463901e+04 -5.328450e+04 -1.950939e+03 9.227594e+03 -2.685594e+03 2.711193e+03 3.978086e+03 -2.585577e+03 1.668777e+04 -6.071090e+04 -2.111324e+03 -1.060725e+04 3.271116e+03 -3.560799e+03 -4.511035e+03 -6.070575e+04 2.600440e+03 1.684568e+03 1.277608e+04 3.000221e+03 -4.517763e+03 -8.093535e+03 -2.226073e+03
8.787879e-03 6.594565e+04 -2.749426e+03 -2.096426e+03 -1.431421e+04 3.810508e+03 -4.829000e+03 -9.423710e+03 -2.687048e+03 -2.058222e+03 1.438754e+04 -5.080494e+04 -1.892040e+03 9.350070e+03 -2.653280e+03 2.612156e+03 3.750370e+03 -2.564013e+03 1.640098e+04 -5.788473e+04 -2.043519e+03 -1.074440e+04 3.231010e+03 -3.434588e+03 -4.251493e+03 -5.787982e+04 2.525481e+03 1.671246e+03 1.255724e+04 2.886133e+03 -4.257872e+03 -8.201190e+03 -2.198788e+03
8.989899e-03 6.290233e+04 -2.666708e+03 -2.078204e+03 -1.405941e+04 3.672975e+03 -4.550152e+03 -9.508559e+03 -2.653494e+03 -2.041649e+03 1.413092e+04 -4.846209e+04 -1.835511e+03 9.436814e+03 -2.621283e+03 2.518352e+03 3.535925e+03 -2.542084e+03 1.610832e+04 -5.521440e+04 -1.978449e+03 -1.084090e+04 3.191348e+03 -3.315077e+03 -4.007095e+03 -5.520973e+04 2.453540e+03 1.657596e+03 1.233384e+04 2.778056e+03 -4.013148e+03 -8.277487e+03 -2.171799e+03
9.191919e-03 6.002650e+04 -2.587323e+03 -2.059748e+03 -1.380107e+04 3.542627e+03 -4.287586e+03 -9.562220e+03 -2.620381e+03 -2.024751e+03 1.387080e+04 -4.624814e+04 -1.781252e+03 9.492318e+03 -2.589640e+03 2.429439e+03 3.333970e+03 -2.519870e+03 1.581170e+04 -5.269100e+04 -1.915998e+03 -1.090186e+04 3.152172e+03 -3.201823e+03 -3.776948e+03 -5.268656e+04 2.384490e+03 1.643676e+03 1.210732e+04 2.675598e+03 -3.782692e+03 -8.326367e+03 -2.145134e+03
9.393939e-03 5.730847e+04 -2.511128e+03 -2.041115e+03 -1.354064e+04 3.418995e+03 -4.040328e+03 -9.588669e+03 -2.587735e+03 -2.007591e+03 1.360863e+04 -4.415565e+04 -1.729168e+03 9.520557e+03 -2.558382e+03 2.345098e+03 3.143757e+03 -2.497440e+03 1.551274e+04 -5.030606e+04 -1.856056e+03 -1.093181e+04 3.113515e+03 -3.094418e+03 -3.560199e+03 -5.030182e+04 2.318210e+03 1.629537e+03 1.187897e+04 2.578395e+03 -3.565654e+03 -8.351319e+03 -2.118818e+03
9.595960e-03 5.473904e+04 -2.437984e+03 -2.022358e+03 -1.327934e+04 3.301648e+03 -3.807456e+03 -9.591422e+03 -2.555576e+03 -1.990226e+03 1.334564e+04 -4.217751e+04 -1.679166e+03 9.525049e+03 -2.527534e+03 2.265038e+03 2.964579e+03 -2.474859e+03 1.521285e+04 -4.805148e+04 -1.798513e+03 -1.093477e+04 3.075403e+03 -2.992487e+03 -3.356041e+03 -4.804744e+04 2.254580e+03 1.615226e+03 1.164985e+04 2.486112e+03 -3.361223e+03 -8.355427e+03 -2.092868e+03
9.797980e-03 5.230947e+04 -2.367760e+03 -2.003522e+03 -1.301823e+04 3.190187e+03 -3.588095e+03 -9.573587e+03 -2.523920e+03 -1.972708e+03 1.308289e+04 -4.030703e+04 -1.631154e+03 9.508902e+03 -2.497116e+03 2.188987e+03 2.795766e+03 -2.452182e+03 1.491324e+04 -4.591961e+04 -1.743265e+03 -1.091427e+04 3.037859e+03 -2.895680e+03 -3.163709e+03 -4.591575e+04 2.193485e+03 1.600786e+03 1.142089e+04 2.398437e+03 -3.168634e+03 -8.341421e+03 -2.067300e+03
1.000000e-02 5.001149e+04 -2.300327e+03 -1.984650e+03 -1.275821e+04 3.084242e+03 -3.381420e+03 -9.537915e+03 -2.492778e+03 -1.955083e+03 1.282127e+04 -3.853783e+04 -1.585047e+03 9.474868e+03 -2.467146e+03 2.116693e+03 2.636687e+03 -2.429460e+03 1.461493e+04 -4.390320e+04 -1.690211e+03 -1.087345e+04 3.000901e+03 -2.803674e+03 -2.982481e+03 -4.389951e+04 2.134814e+03 1.586253e+03 1.119288e+04 2.315083e+03 -2.987165e+03 -8.311713e+03 -2.042127e+03
