-1.000000e-02 2.811260e+03 3.134737e+03 2.587801e+03 -1.093089e+04 -2.305514e+03 -5.305019e+04 -1.430181e+04 2.068399e+03 2.560122e+03 1.086513e+04 -2.200504e+03 2.151725e+03 1.436759e+04 2.036720e+03 -1.589366e+03 4.088016e+04 3.114498e+03 1.246000e+04 -2.483767e+03 2.850618e+03 -1.637623e+04 -2.529872e+03 1.691205e+03 -4.657112e+04 -2.488530e+03 -2.352379e+03 -2.119632e+03 9.532367e+03 -2.143299e+03 -4.656740e+04 -1.254810e+04 1.654067e+03
-9.797980e-03 3.002588e+03 3.247555e+03 2.623730e+03 -1.104295e+04 -2.375622e+03 -5.562967e+04 -1.465814e+04 2.090665e+03 2.594713e+03 1.097532e+04 -2.347916e+03 2.228755e+03 1.472576e+04 2.057564e+03 -1.637357e+03 4.286624e+04 3.157134e+03 1.258787e+04 -2.651604e+03 2.948710e+03 -1.678455e+04 -2.556684e+03 1.746271e+03 -4.883463e+04 -2.656627e+03 -2.441076e+03 -2.148690e+03 9.628911e+03 -2.204452e+03 -4.883072e+04 -1.286063e+04 1.671251e+03
-9.595960e-03 3.206773e+03 3.366638e+03 2.660481e+03 -1.114144e+04 -2.448790e+03 -5.836986e+04 -1.502258e+04 2.113065e+03 2.630040e+03 1.107187e+04 -2.505199e+03 2.310055e+03 1.509209e+04 2.078453e+03 -1.687441e+03 4.497603e+04 3.200716e+03 1.270027e+04 -2.830697e+03 3.052259e+03 -1.720219e+04 -2.583657e+03 1.803740e+03 -5.123915e+04 -2.835997e+03 -2.534677e+03 -2.178387e+03 9.713474e+03 -2.268272e+03 -5.123504e+04 -1.318027e+04 1.688469e+03
-9.393939e-03 3.424773e+03 3.492444e+03 2.698063e+03 -1.122374e+04 -2.525174e+03 -6.128236e+04 -1.539478e+04 2.135567e+03 2.666109e+03 1.115215e+04 -2.673088e+03 2.395938e+03 1.546626e+04 2.099349e+03 -1.739722e+03 4.721845e+04 3.245252e+03 1.279424e+04 -3.021886e+03 3.161668e+03 -1.762877e+04 -2.610751e+03 1.863732e+03 -5.379485e+04 -3.027482e+03 -2.633542e+03 -2.208730e+03 9.783763e+03 -2.334894e+03 -5.379052e+04 -1.350672e+04 1.705690e+03
-9.191919e-03 3.657621e+03 3.625474e+03 2.736487e+03 -1.128685e+04 -2.604935e+03 -6.437965e+04 -1.577429e+04 2.158132e+03 2.702922e+03 1.121317e+04 -2.852375e+03 2.486745e+03 1.584780e+04 2.120207e+03 -1.794311e+03 4.960311e+04 3.290751e+03 1.286634e+04 -3.226073e+03 3.277374e+03 -1.806376e+04 -2.637919e+03 1.926375e+03 -5.651268e+04 -3.231986e+03 -2.738060e+03 -2.239725e+03 9.837141e+03 -2.404457e+03 -5.650813e+04 -1.383957e+04 1.722876e+03
-8.989899e-03 3.906429e+03 3.766276e+03 2.775760e+03 -1.132733e+04 -2.688240e+03 -6.767515e+04 -1.616051e+04 2.180719e+03 2.740480e+03 1.125149e+04 -3.043913e+03 2.582848e+03 1.623612e+04 2.140977e+03 -1.851321e+03 5.214035e+04 3.337217e+03 1.291266e+04 -3.444232e+03 3.399855e+03 -1.850649e+04 -2.665109e+03 1.991800e+03 -5.940442e+04 -3.450484e+03 -2.848657e+03 -2.271372e+03 9.870587e+03 -2.477108e+03 -5.939963e+04 -1.417830e+04 1.739987e+03
-8.787879e-03 4.172396e+03 3.915449e+03 2.815886e+03 -1.134122e+04 -2.775267e+03 -7.118331e+04 -1.655270e+04 2.203279e+03 2.778778e+03 1.126313e+04 -3.248620e+03 2.684656e+03 1.663047e+04 2.161602e+03 -1.910874e+03 5.484127e+04 3.384652e+03 1.292869e+04 -3.677412e+03 3.529636e+03 -1.895610e+04 -2.692262e+03 2.060145e+03 -6.248273e+04 -3.684025e+03 -2.965801e+03 -2.303674e+03 9.880629e+03 -2.553001e+03 -6.247769e+04 -1.452225e+04 1.756976e+03
-8.585859e-03 4.456809e+03 4.073649e+03 2.856868e+03 -1.132399e+04 -2.866198e+03 -7.491961e+04 -1.694990e+04 2.225757e+03 2.817810e+03 1.124358e+04 -3.467484e+03 2.792613e+03 1.702991e+04 2.182019e+03 -1.973093e+03 5.771779e+04 3.433052e+03 1.290926e+04 -3.926739e+03 3.667289e+03 -1.941152e+04 -2.719311e+03 2.131556e+03 -6.576122e+04 -3.933739e+03 -3.090001e+03 -2.336627e+03 9.863285e+03 -2.632294e+03 -6.575590e+04 -1.487061e+04 1.773791e+03
-8.383838e-03 4.761052e+03 4.241597e+03 2.898705e+03 -1.127043e+04 -2.961225e+03 -7.890066e+04 -1.735096e+04 2.248092e+03 2.857567e+03 1.118761e+04 -3.701566e+03 2.907211e+03 1.743329e+04 2.202158e+03 -2.038108e+03 6.078270e+04 3.482412e+03 1.284844e+04 -4.193424e+03 3.813444e+03 -1.987143e+04 -2.746180e+03 2.206180e+03 -6.925444e+04 -4.200838e+03 -3.221820e+03 -2.370228e+03 9.813984e+03 -2.715152e+03 -6.924883e+04 -1.522235e+04 1.790375e+03
-8.181818e-03 5.086609e+03 4.420085e+03 2.941391e+03 -1.117456e+04 -3.060545e+03 -8.314428e+04 -1.775449e+04 2.270214e+03 2.898032e+03 1.108925e+04 -3.952003e+03 3.028987e+03 1.783920e+04 2.221937e+03 -2.106053e+03 6.404971e+04 3.532719e+03 1.273941e+04 -4.478765e+03 3.968796e+03 -2.033424e+04 -2.772783e+03 2.284173e+03 -7.297803e+04 -4.486623e+03 -3.361873e+03 -2.404466e+03 9.727479e+03 -2.801747e+03 -7.297210e+04 -1.557624e+04 1.806661e+03
-7.979798e-03 5.435070e+03 4.609987e+03 2.984916e+03 -1.102953e+04 -3.164361e+03 -8.766946e+04 -1.815877e+04 2.292045e+03 2.939186e+03 1.094164e+04 -4.220014e+03 3.158535e+03 1.824594e+04 2.241268e+03 -2.177066e+03 6.753344e+04 3.583956e+03 1.257436e+04 -4.784153e+03 4.134106e+03 -2.079800e+04 -2.799026e+03 2.365694e+03 -7.694866e+04 -4.792485e+03 -3.510838e+03 -2.439330e+03 9.597750e+03 -2.892255e+03 -7.694239e+04 -1.593078e+04 1.822578e+03
-7.777778e-03 5.808132e+03 4.812263e+03 3.029266e+03 -1.082745e+04 -3.272883e+03 -9.249652e+04 -1.856177e+04 2.313499e+03 2.981000e+03 1.073689e+04 -4.506899e+03 3.296509e+03 1.865147e+04 2.260052e+03 -2.251290e+03 7.124952e+04 3.636097e+03 1.234430e+04 -5.111072e+03 4.310216e+03 -2.126039e+04 -2.824801e+03 2.450909e+03 -8.118413e+04 -5.119913e+03 -3.669463e+03 -2.474801e+03 9.417882e+03 -2.986858e+03 -8.117750e+04 -1.628420e+04 1.838043e+03
-7.575758e-03 6.207605e+03 5.027979e+03 3.074418e+03 -1.055927e+04 -3.386326e+03 -9.764703e+04 -1.896105e+04 2.334478e+03 3.023442e+03 1.046596e+04 -4.814046e+03 3.443631e+03 1.905334e+04 2.278178e+03 -2.328868e+03 7.521456e+04 3.689109e+03 1.203892e+04 -5.461105e+03 4.498057e+03 -2.171863e+04 -2.849988e+03 2.539984e+03 -8.570339e+04 -5.470493e+03 -3.838574e+03 -2.510856e+03 9.179936e+03 -3.085741e+03 -8.569637e+04 -1.663434e+04 1.852967e+03
-7.373737e-03 6.635413e+03 5.258310e+03 3.120344e+03 -1.021461e+04 -3.504908e+03 -1.031439e+05 -1.935372e+04 2.354872e+03 3.066470e+03 1.011846e+04 -5.142928e+03 3.600701e+03 1.944867e+04 2.295524e+03 -2.409949e+03 7.944617e+04 3.742951e+03 1.164639e+04 -5.835936e+03 4.698660e+03 -2.216942e+04 -2.874453e+03 2.633090e+03 -9.052652e+04 -5.845908e+03 -4.019085e+03 -2.547466e+03 8.874794e+03 -3.189093e+03 -9.051908e+04 -1.697868e+04 1.867250e+03
-7.171717e-03 7.093590e+03 5.504563e+03 3.167006e+03 -9.781527e+03 -3.628848e+03 -1.090112e+05 -1.973636e+04 2.374563e+03 3.110030e+03 9.682449e+03 -5.495105e+03 3.768605e+03 1.983404e+04 2.311955e+03 -2.494682e+03 8.396296e+04 3.797568e+03 1.115310e+04 -6.237342e+03 4.913168e+03 -2.260887e+04 -2.898048e+03 2.730401e+03 -9.567471e+04 -6.247943e+03 -4.212011e+03 -2.584593e+03 8.491982e+03 -3.297103e+03 -9.566683e+04 -1.731421e+04 1.880781e+03
-6.969697e-03 7.584281e+03 5.768190e+03 3.214359e+03 -9.246300e+03 -3.758368e+03 -1.152745e+05 -2.010496e+04 2.393415e+03 3.154063e+03 9.144209e+03 -5.872220e+03 3.948331e+03 2.020542e+04 2.327321e+03 -2.583214e+03 8.878448e+04 3.852897e+03 1.054340e+04 -6.667201e+03 5.142852e+03 -2.303238e+04 -2.920610e+03 2.832089e+03 -1.011703e+05 -6.678475e+03 -4.418476e+03 -2.622193e+03 8.019465e+03 -3.409963e+03 -1.011619e+05 -1.763742e+04 1.893439e+03
-6.767677e-03 8.109732e+03 6.050808e+03 3.262345e+03 -8.593167e+03 -3.893687e+03 -1.219603e+05 -2.045481e+04 2.411282e+03 3.198493e+03 8.487980e+03 -6.275993e+03 4.140975e+03 2.055811e+04 2.341457e+03 -2.675693e+03 9.393117e+04 3.908856e+03 9.799340e+03 -7.127476e+03 5.389128e+03 -2.343459e+04 -2.941956e+03 2.938326e+03 -1.070365e+05 -7.139473e+03 -4.639735e+03 -2.660210e+03 7.443413e+03 -3.527859e+03 -1.070276e+05 -1.794417e+04 1.905091e+03
-6.565657e-03 8.672281e+03 6.354222e+03 3.310891e+03 -7.804005e+03 -4.035020e+03 -1.290961e+05 -2.078041e+04 2.428002e+03 3.243232e+03 7.695643e+03 -6.708216e+03 4.347763e+03 2.088658e+04 2.354185e+03 -2.772262e+03 9.942425e+04 3.965353e+03 8.900259e+03 -7.620211e+03 5.653577e+03 -2.380923e+04 -2.961887e+03 3.049279e+03 -1.132976e+05 -7.632984e+03 -4.877187e+03 -2.698579e+03 6.747928e+03 -3.650977e+03 -1.132882e+05 -1.822963e+04 1.915589e+03
-6.363636e-03 9.274338e+03 6.680452e+03 3.359915e+03 -6.857981e+03 -4.182571e+03 -1.367103e+05 -2.107535e+04 2.443397e+03 3.288177e+03 6.746371e+03 -7.170734e+03 4.570066e+03 2.118444e+04 2.365307e+03 -2.873059e+03 1.052855e+05 4.022272e+03 7.822413e+03 -8.147514e+03 5.937970e+03 -2.414897e+04 -2.980183e+03 3.165109e+03 -1.199783e+05 -8.161120e+03 -5.132396e+03 -2.737222e+03 5.914735e+03 -3.779492e+03 -1.199683e+05 -1.848819e+04 1.924774e+03
-6.161616e-03 9.918364e+03 7.031763e+03 3.409312e+03 -5.731139e+03 -4.336535e+03 -1.448316e+05 -2.133221e+04 2.457273e+03 3.333206e+03 5.616213e+03 -7.665432e+03 4.809422e+03 2.144424e+04 2.374609e+03 -2.978212e+03 1.115371e+05 4.079479e+03 6.538500e+03 -8.711537e+03 6.244291e+03 -2.444534e+04 -2.996605e+03 3.285967e+03 -1.271041e+05 -8.726037e+03 -5.407118e+03 -2.776045e+03 4.922822e+03 -3.913569e+03 -1.270934e+05 -1.871334e+04 1.932472e+03
-5.959596e-03 1.060684e+04 7.410702e+03 3.458963e+03 -4.395934e+03 -4.497090e+03 -1.534889e+05 -2.154242e+04 2.469418e+03 3.378178e+03 4.277634e+03 -8.194206e+03 5.067559e+03 2.165739e+04 2.381858e+03 -3.087838e+03 1.182012e+05 4.136816e+03 5.017127e+03 -9.314444e+03 6.574775e+03 -2.468855e+04 -3.010892e+03 3.411993e+03 -1.347000e+05 -9.329903e+03 -5.703324e+03 -2.814940e+03 3.748027e+03 -4.053359e+03 -1.346887e+05 -1.889754e+04 1.938495e+03
-5.757576e-03 1.134220e+04 7.820143e+03 3.508724e+03 -2.820690e+03 -4.664388e+03 -1.627106e+05 -2.169609e+04 2.479605e+03 3.422927e+03 2.698967e+03 -8.758927e+03 5.346426e+03 2.181399e+04 2.386805e+03 -3.202036e+03 1.252996e+05 4.194098e+03 3.222190e+03 -9.958371e+03 6.931940e+03 -2.486732e+04 -3.022761e+03 3.543306e+03 -1.427911e+05 -9.974860e+03 -6.023238e+03 -2.853779e+03 2.362567e+03 -4.198990e+03 -1.427790e+05 -1.903214e+04 1.942640e+03
-5.555556e-03 1.212680e+04 8.263335e+03 3.558425e+03 -9.689800e+02 -4.838554e+03 -1.725235e+05 -2.178189e+04 2.487586e+03 3.467265e+03 8.437984e+02 -9.361398e+03 5.648228e+03 2.190269e+04 2.389182e+03 -3.320886e+03 1.328532e+05 4.251108e+03 1.112173e+03 -1.064538e+04 7.318635e+03 -2.496871e+04 -3.031908e+03 3.680002e+03 -1.514009e+05 -1.066297e+04 -6.369374e+03 -2.892414e+03 7.344911e+02 -4.350564e+03 -1.513880e+05 -1.910718e+04 1.944692e+03
-5.353535e-03 1.296284e+04 8.743962e+03 3.607870e+03 1.201085e+03 -5.019675e+03 -1.829526e+05 -2.178688e+04 2.493100e+03 3.510972e+03 -1.329745e+03 -1.000329e+04 5.975465e+03 2.191052e+04 2.388703e+03 -3.444440e+03 1.408809e+05 4.307595e+03 -1.360666e+03 -1.137737e+04 7.738092e+03 -2.497793e+04 -3.038006e+03 3.822148e+03 -1.605512e+05 -1.139615e+04 -6.744581e+03 -2.930673e+03 -1.172939e+03 -4.508152e+03 -1.605376e+05 -1.911131e+04 1.944419e+03
-5.151515e-03 1.385224e+04 9.266217e+03 3.656828e+03 3.737671e+03 -5.207791e+03 -1.940191e+05 -2.169634e+04 2.495867e+03 3.553794e+03 -3.869811e+03 -1.068608e+04 6.330981e+03 2.182274e+04 2.385067e+03 -3.572719e+03 1.493992e+05 4.363268e+03 -4.251222e+03 -1.215604e+04 8.193991e+03 -2.487818e+04 -3.040709e+03 3.969775e+03 -1.702609e+05 -1.217608e+04 -7.152101e+03 -2.968357e+03 -3.401969e+03 -4.671780e+03 -1.702463e+05 -1.903164e+04 1.941581e+03
-4.949495e-03 1.479652e+04 9.834888e+03 3.705029e+03 6.696155e+03 -5.402886e+03 -2.057394e+05 -2.149363e+04 2.495593e+03 3.595444e+03 -6.831755e+03 -1.141092e+04 6.718024e+03 2.162266e+04 2.377957e+03 -3.705703e+03 1.584206e+05 4.417789e+03 -7.622611e+03 -1.298270e+04 8.690533e+03 -2.465044e+04 -3.039650e+03 4.122870e+03 -1.805441e+05 -1.300410e+04 -7.595637e+03 -3.005234e+03 -6.001166e+03 -4.841426e+03 -1.805285e+05 -1.885354e+04 1.935922e+03
-4.747475e-03 1.579666e+04 1.045546e+04 3.752162e+03 1.014020e+04 -5.604875e+03 -2.181230e+05 -2.116003e+04 2.491970e+03 3.635588e+03 -1.027921e+04 -1.217857e+04 7.140316e+03 2.129154e+04 2.367047e+03 -3.843324e+03 1.679526e+05 4.470769e+03 -1.154739e+04 -1.385822e+04 9.232534e+03 -2.427333e+04 -3.034445e+03 4.281364e+03 -1.914092e+05 -1.388106e+04 -8.079428e+03 -3.041039e+03 -9.026365e+03 -5.017006e+03 -1.913926e+05 -1.856060e+04 1.927182e+03
-4.545455e-03 1.685291e+04 1.113425e+04 3.797864e+03 1.414297e+04 -5.813593e+03 -2.311699e+05 -2.067464e+04 2.484680e+03 3.673846e+03 -1.428533e+04 -1.298919e+04 7.602140e+03 2.080840e+04 2.352000e+03 -3.985460e+03 1.779950e+05 4.521758e+03 -1.610895e+04 -1.478279e+04 9.825533e+03 -2.372298e+04 -3.024697e+03 4.445127e+03 -2.028562e+05 -1.480718e+04 -8.608353e+03 -3.075465e+03 -1.254174e+04 -5.198365e+03 -2.028386e+05 -1.813448e+04 1.915094e+03
-4.343434e-03 1.796452e+04 1.187855e+04 3.841712e+03 1.878858e+04 -6.028780e+03 -2.448682e+05 -2.001426e+04 2.473399e+03 3.709782e+03 -1.893418e+04 -1.384223e+04 8.108443e+03 2.015003e+04 2.332479e+03 -4.131920e+03 1.885387e+05 4.570239e+03 -2.140316e+04 -1.575577e+04 1.047593e+04 -2.297288e+04 -3.009998e+03 4.613954e+03 -2.148748e+05 -1.578181e+04 -9.188048e+03 -3.108160e+03 -1.662107e+04 -5.385265e+03 -2.148559e+05 -1.755484e+04 1.899389e+03
-4.141414e-03 1.912950e+04 1.269682e+04 3.883217e+03 2.417370e+04 -6.250066e+03 -2.591901e+05 -1.915342e+04 2.457801e+03 3.742900e+03 -2.432240e+04 -1.473613e+04 8.664968e+03 1.929088e+04 2.308148e+03 -4.282441e+03 1.995623e+05 4.615613e+03 -2.754020e+04 -1.677540e+04 1.119117e+04 -2.199395e+04 -2.989936e+03 4.787554e+03 -2.274403e+05 -1.680318e+04 -9.825051e+03 -3.138715e+03 -2.134913e+04 -5.577371e+03 -2.274203e+05 -1.679933e+04 1.879804e+03
-3.939394e-03 2.034423e+04 1.359893e+04 3.921809e+03 3.040947e+04 -6.476958e+03 -2.740878e+05 -1.806445e+04 2.437560e+03 3.772625e+03 -3.056110e+04 -1.566811e+04 9.278408e+03 1.820321e+04 2.278683e+03 -4.436671e+03 2.110290e+05 4.657189e+03 -3.464673e+04 -1.783851e+04 1.197990e+04 -2.075454e+04 -2.964101e+03 4.965540e+03 -2.405111e+05 -1.786813e+04 -1.052699e+04 -3.166663e+03 -2.682341e+04 -5.774236e+03 -2.404898e+05 -1.584366e+04 1.856085e+03
-3.737374e-03 2.160308e+04 1.459643e+04 3.956822e+03 3.762372e+04 -6.708821e+03 -2.894886e+05 -1.671761e+04 2.412361e+03 3.798303e+03 -3.777806e+04 -1.663384e+04 9.956613e+03 1.685722e+04 2.243775e+03 -4.594163e+03 2.228829e+05 4.694167e+03 -4.286846e+04 -1.894015e+04 1.285227e+04 -1.922070e+04 -2.932091e+03 5.147413e+03 -2.540233e+05 -1.897172e+04 -1.130279e+04 -3.191457e+03 -3.315604e+04 -5.975292e+03 -2.540006e+05 -1.466177e+04 1.827995e+03
-3.535354e-03 2.289788e+04 1.570296e+04 3.987475e+03 4.596361e+04 -6.944867e+03 -3.052887e+05 -1.508149e+04 2.381901e+03 3.819174e+03 -4.612042e+04 -1.762705e+04 1.070883e+04 1.522142e+04 2.203144e+03 -4.754360e+03 2.350440e+05 4.725614e+03 -5.237309e+04 -2.007318e+04 1.382026e+04 -1.735652e+04 -2.893518e+03 5.332555e+03 -2.678857e+05 -2.010679e+04 -1.216299e+04 -3.212467e+03 -4.047609e+04 -6.179832e+03 -2.678615e+05 -1.322608e+04 1.795320e+03
-3.333333e-03 2.421740e+04 1.693466e+04 4.012852e+03 5.559879e+04 -7.184135e+03 -3.213460e+05 -1.312353e+04 2.345895e+03 3.834357e+03 -5.575777e+04 -1.863910e+04 1.154602e+04 1.326315e+04 2.156547e+03 -4.916592e+03 2.474028e+05 4.750440e+03 -6.335398e+04 -2.122774e+04 1.489804e+04 -1.512478e+04 -2.848014e+03 5.520215e+03 -2.819736e+05 -2.126348e+04 -1.312007e+04 -3.228953e+03 -4.893239e+04 -6.387000e+03 -2.819480e+05 -1.150802e+04 1.757879e+03
-3.131313e-03 2.554661e+04 1.831077e+04 4.031861e+03 6.672521e+04 -7.425487e+03 -3.374716e+05 -1.081077e+04 2.304078e+03 3.842826e+03 -6.688604e+04 -1.965845e+04 1.248125e+04 1.094939e+04 2.103782e+03 -5.080065e+03 2.598142e+05 4.767360e+03 -7.603446e+04 -2.239068e+04 1.610251e+04 -1.248784e+04 -2.795238e+03 5.709501e+03 -2.961216e+05 -2.242862e+04 -1.418892e+04 -3.240044e+03 -5.869683e+04 -6.595783e+03 -2.960943e+05 -9.478712e+03 1.715527e+03
-2.929293e-03 2.686589e+04 1.985441e+04 4.043197e+03 7.956989e+04 -7.667593e+03 -3.534202e+05 -8.110989e+03 2.256202e+03 3.843364e+03 -7.973222e+04 -2.067005e+04 1.353023e+04 8.247803e+03 2.044698e+03 -5.243853e+03 2.720891e+05 4.774846e+03 -9.067328e+04 -2.354481e+04 1.745397e+04 -9.408832e+03 -2.734869e+03 5.899375e+03 -3.101140e+05 -2.358502e+04 -1.538739e+04 -3.244706e+03 -6.996859e+04 -6.804999e+03 -3.100852e+05 -7.109858e+03 1.668158e+03
-2.727273e-03 2.815011e+04 2.159347e+04 4.045277e+03 9.439686e+04 -7.908932e+03 -3.688775e+05 -4.994063e+03 2.202028e+03 3.834520e+03 -9.456034e+04 -2.165458e+04 1.471189e+04 5.128191e+03 1.979190e+03 -5.406903e+03 2.839858e+05 4.771057e+03 -1.075713e+05 -2.466812e+04 1.897691e+04 -5.853337e+03 -2.666599e+03 6.088649e+03 -3.236755e+05 -2.471062e+04 -1.673708e+04 -3.241693e+03 -8.297933e+04 -7.013300e+03 -3.236450e+05 -4.375042e+03 1.615710e+03
-2.525253e-03 2.936739e+04 2.356186e+04 4.036159e+03 1.115147e+05 -8.147792e+03 -3.834461e+05 -1.433805e+03 2.141301e+03 3.814532e+03 -1.116789e+05 -2.258758e+04 1.604930e+04 1.564278e+03 1.907195e+03 -5.568032e+03 2.951982e+05 4.753745e+03 -1.270803e+05 -2.573271e+04 2.070111e+04 -1.791399e+03 -2.590110e+03 6.275990e+03 -3.364571e+05 -2.577749e+04 -1.826423e+04 -3.229485e+03 -9.799976e+04 -7.219170e+03 -3.364250e+05 -1.251292e+03 1.558149e+03
-2.323232e-03 3.047771e+04 2.580105e+04 4.013414e+03 1.312859e+05 -8.382283e+03 -3.966266e+05 2.589799e+03 2.073716e+03 3.781222e+03 -1.314506e+05 -2.343833e+04 1.757063e+04 -2.464025e+03 1.828667e+03 -5.725938e+03 3.053419e+05 4.720117e+03 -1.496134e+05 -2.670353e+04 2.266299e+04 2.799883e+03 -2.505031e+03 6.459924e+03 -3.480207e+05 -2.675053e+04 -2.000093e+04 -3.206191e+03 -1.153481e+05 -7.420937e+03 -3.479871e+05 2.278947e+03 1.495450e+03
-2.121212e-03 3.143100e+04 2.836199e+04 3.973956e+03 1.541389e+05 -8.610352e+03 -4.077938e+05 7.087850e+03 1.998842e+03 3.731845e+03 -1.543039e+05 -2.416837e+04 1.931051e+04 -6.967882e+03 1.743533e+03 -5.879213e+03 3.139359e+05 4.666631e+03 -1.756588e+05 -2.753673e+04 2.490726e+04 7.933238e+03 -2.410857e+03 6.638856e+03 -3.578179e+05 -2.758584e+04 -2.198663e+04 -3.169417e+03 -1.354002e+05 -7.616793e+03 -3.577828e+05 6.225413e+03 1.427561e+03
-1.919192e-03 3.216451e+04 3.130736e+04 3.913773e+03 1.805816e+05 -8.829815e+03 -4.161636e+05 1.205924e+04 1.916016e+03 3.662853e+03 -1.807467e+05 -2.472955e+04 2.131158e+04 -1.194622e+04 1.651615e+03 -6.026364e+03 3.203764e+05 4.588703e+03 -2.057954e+05 -2.817741e+04 2.748895e+04 1.360745e+04 -2.306831e+03 6.811091e+03 -3.651606e+05 -2.822838e+04 -2.426988e+04 -3.116061e+03 -1.586019e+05 -7.804816e+03 -3.651242e+05 1.058713e+04 1.354327e+03
-1.717172e-03 3.259917e+04 3.471397e+04 3.827533e+03 2.112158e+05 -9.038390e+03 -4.207450e+05 1.748663e+04 1.824166e+03 3.569553e+03 -2.113811e+05 -2.506112e+04 2.362608e+04 -1.738172e+04 1.552509e+03 -6.165839e+03 3.239007e+05 4.480253e+03 -2.407090e+05 -2.855631e+04 3.047551e+04 1.980277e+04 -2.191741e+03 6.974858e+03 -3.691794e+05 -2.860879e+04 -2.691020e+04 -3.042007e+03 -1.854813e+05 -7.983005e+03 -3.691419e+05 1.534889e+04 1.275387e+03
-1.515152e-03 3.263398e+04 3.867454e+04 3.707982e+03 2.467438e+05 -9.233741e+03 -4.202693e+05 2.333139e+04 1.721542e+03 3.445573e+03 -2.469097e+05 -2.508554e+04 2.631705e+04 -2.323571e+04 1.445387e+03 -6.296062e+03 3.235321e+05 4.333017e+03 -2.812001e+05 -2.858503e+04 3.394830e+04 2.647512e+04 -2.063614e+03 7.128347e+03 -3.687610e+05 -2.863848e+04 -2.997941e+04 -2.941657e+03 -2.166551e+05 -8.149322e+03 -3.687228e+05 2.047678e+04 1.189995e+03
-1.313131e-03 3.213756e+04 4.329637e+04 3.545022e+03 2.879509e+05 -9.413519e+03 -4.130809e+05 2.952664e+04 1.605296e+03 3.282045e+03 -2.881182e+05 -2.470192e+04 2.945752e+04 -2.944121e+04 1.328689e+03 -6.415461e+03 3.179963e+05 4.135496e+03 -3.281637e+05 -2.814858e+04 3.800151e+04 3.354819e+04 -1.919243e+03 7.269740e+03 -3.624528e+05 -2.820220e+04 -3.356069e+04 -2.807223e+03 -2.528126e+05 -8.301736e+03 -3.624146e+05 2.591215e+04 1.096755e+03
-1.111111e-03 3.093555e+04 4.869095e+04 3.324335e+03 3.356116e+05 -9.575397e+03 -3.969751e+05 3.596675e+04 1.470867e+03 3.066393e+03 -3.357813e+05 -2.377633e+04 3.312333e+04 -3.589242e+04 1.199680e+03 -6.522499e+03 3.055961e+05 3.871386e+03 -3.824822e+05 -2.709430e+04 4.273299e+04 4.090134e+04 -1.753482e+03 7.397230e+03 -3.483204e+05 -2.714695e+04 -3.774045e+04 -2.627652e+03 -2.946337e+05 -8.438258e+03 -3.482829e+05 3.156231e+04 9.932255e+02
-9.090909e-04 2.879320e+04 5.493892e+04 3.025496e+03 3.901964e+05 -9.717071e+03 -3.689751e+05 4.248930e+04 1.311131e+03 2.780655e+03 -3.903702e+05 -2.212843e+04 3.736941e+04 -4.242663e+04 1.053818e+03 -6.615686e+03 2.840400e+05 3.517423e+03 -4.446919e+05 -2.521671e+04 4.821354e+04 4.834914e+04 -1.558284e+03 7.509018e+03 -3.237518e+05 -2.526672e+04 -4.258128e+04 -2.387173e+03 -3.425316e+05 -8.556969e+03 -3.237161e+05 3.728478e+04 8.753681e+02
-7.070707e-04 2.539932e+04 6.199580e+04 2.620115e+03 4.511012e+05 -9.836194e+03 -3.251241e+05 4.884262e+04 1.115521e+03 2.399845e+03 -4.512813e+05 -1.951917e+04 4.216563e+04 -4.879165e+04 8.841034e+02 -6.693554e+03 2.502822e+05 3.041259e+03 -5.141046e+05 -2.224340e+04 5.440417e+04 5.560412e+04 -1.321688e+03 7.603249e+03 -2.852752e+05 -2.228843e+04 -4.804879e+04 -2.063845e+03 -3.959770e+05 -8.655991e+03 -2.852430e+05 4.285874e+04 7.369757e+02
-5.050505e-04 2.038130e+04 6.947895e+04 2.072840e+03 5.149282e+05 -9.930204e+03 -2.606738e+05 5.462951e+04 8.702242e+02 1.892826e+03 -5.151163e+05 -1.566226e+04 4.725195e+04 -5.458950e+04 6.811448e+02 -6.754569e+03 2.006674e+05 2.402608e+03 -5.868473e+05 -1.784820e+04 6.096912e+04 6.221265e+04 -1.028049e+03 7.677850e+03 -2.287242e+05 -1.788502e+04 -5.384661e+04 -1.630342e+03 -4.519880e+05 -8.733404e+03 -2.286979e+05 4.793574e+04 5.697331e+02
-3.030303e-04 1.344116e+04 7.632166e+04 1.353832e+03 5.727194e+05 -9.996066e+03 -1.718146e+05 5.923871e+04 5.628451e+02 1.233355e+03 -5.729160e+05 -1.032876e+04 5.190326e+04 -5.920761e+04 4.363210e+02 -6.796999e+03 1.322631e+05 1.567486e+03 -6.527112e+05 -1.177029e+04 6.697248e+04 6.747650e+04 -6.633514e+02 7.730297e+03 -1.507561e+05 -1.179493e+04 -5.914833e+04 -1.063604e+03 -5.027034e+05 -8.787094e+03 -1.507385e+05 5.197952e+04 3.659911e+02
-1.010101e-04 4.733000e+03 8.063538e+04 4.743786e+02 6.089135e+05 -1.003033e+04 -6.048370e+04 6.187046e+04 1.962305e+02 4.315962e+02 -6.091159e+05 -3.636989e+03 5.483562e+04 -6.184452e+04 1.513046e+02 -6.818939e+03 4.656039e+04 5.489044e+02 -6.939610e+05 -4.144575e+03 7.075715e+04 7.048212e+04 -2.309569e+02 7.757663e+03 -5.307048e+04 -4.153329e+03 -6.249063e+04 -3.724460e+02 -5.344665e+05 -8.814790e+03 -5.306424e+04 5.428842e+04 1.271265e+02
1.010101e-04 -4.733000e+03 8.063538e+04 -4.743786e+02 6.089135e+05 -1.003033e+04 6.048370e+04 6.187046e+04 -1.962305e+02 -4.315962e+02 -6.091159e+05 3.636989e+03 5.483562e+04 -6.184452e+04 -1.513046e+02 -6.818939e+03 -4.656039e+04 -5.489044e+02 -6.939610e+05 4.144575e+03 7.075715e+04 7.048212e+04 2.309569e+02 7.757663e+03 5.307048e+04 4.153329e+03 -6.249063e+04 3.724460e+02 -5.344665e+05 -8.814790e+03 5.306424e+04 5.428842e+04 -1.271265e+02
3.030303e-04 -1.344116e+04 7.632166e+04 -1.353832e+03 5.727194e+05 -9.996066e+03 1.718146e+05 5.923871e+04 -5.628451e+02 -1.233355e+03 -5.729160e+05 1.032876e+04 5.190326e+04 -5.920761e+04 -4.363210e+02 -6.796999e+03 -1.322631e+05 -1.567486e+03 -6.527112e+05 1.177029e+04 6.697248e+04 6.747650e+04 6.633514e+02 7.730297e+03 1.507561e+05 1.179493e+04 -5.914833e+04 1.063604e+03 -5.027034e+05 -8.787094e+03 1.507385e+05 5.197952e+04 -3.659911e+02
5.050505e-04 -2.038130e+04 6.947895e+04 -2.072840e+03 5.149282e+05 -9.930204e+03 2.606738e+05 5.462951e+04 -8.702242e+02 -1.892826e+03 -5.151163e+05 1.566226e+04 4.725195e+04 -5.458950e+04 -6.811448e+02 -6.754569e+03 -2.006674e+05 -2.402608e+03 -5.868473e+05 1.784820e+04 6.096912e+04 6.221265e+04 1.028049e+03 7.677850e+03 2.287242e+05 1.788502e+04 -5.384661e+04 1.630342e+03 -4.519880e+05 -8.733404e+03 2.286979e+05 4.793574e+04 -5.697331e+02
7.070707e-04 -2.539932e+04 6.199580e+04 -2.620115e+03 4.511012e+05 -9.836194e+03 3.251241e+05 4.884262e+04 -1.115521e+03 -2.399845e+03 -4.512813e+05 1.951917e+04 4.216563e+04 -4.879165e+04 -8.841034e+02 -6.693554e+03 -2.502822e+05 -3.041259e+03 -5.141046e+05 2.224340e+04 5.440417e+04 5.560412e+04 1.321688e+03 7.603249e+03 2.852752e+05 2.228843e+04 -4.804879e+04 2.063845e+03 -3.959770e+05 -8.655991e+03 2.852430e+05 4.285874e+04 -7.369757e+02
9.090909e-04 -2.879320e+04 5.493892e+04 -3.025496e+03 3.901964e+05 -9.717071e+03 3.689751e+05 4.248930e+04 -1.311131e+03 -2.780655e+03 -3.903702e+05 2.212843e+04 3.736941e+04 -4.242663e+04 -1.053818e+03 -6.615686e+03 -2.840400e+05 -3.517423e+03 -4.446919e+05 2.521671e+04 4.821354e+04 4.834914e+04 1.558284e+03 7.509018e+03 3.237518e+05 2.526672e+04 -4.258128e+04 2.387173e+03 -3.425316e+05 -8.556969e+03 3.237161e+05 3.728478e+04 -8.753681e+02
1.111111e-03 -3.093555e+04 4.869095e+04 -3.324335e+03 3.356116e+05 -9.575397e+03 3.969751e+05 3.596675e+04 -1.470867e+03 -3.066393e+03 -3.357813e+05 2.377633e+04 3.312333e+04 -3.589242e+04 -1.199680e+03 -6.522499e+03 -3.055961e+05 -3.871386e+03 -3.824822e+05 2.709430e+04 4.273299e+04 4.090134e+04 1.753482e+03 7.397230e+03 3.483204e+05 2.714695e+04 -3.774045e+04 2.627652e+03 -2.946337e+05 -8.438258e+03 3.482829e+05 3.156231e+04 -9.932255e+02
1.313131e-03 -3.213756e+04 4.329637e+04 -3.545022e+03 2.879509e+05 -9.413519e+03 4.130809e+05 2.952664e+04 -1.605296e+03 -3.282045e+03 -2.881182e+05 2.470192e+04 2.945752e+04 -2.944121e+04 -1.328689e+03 -6.415461e+03 -3.179963e+05 -4.135496e+03 -3.281637e+05 2.814858e+04 3.800151e+04 3.354819e+04 1.919243e+03 7.269740e+03 3.624528e+05 2.820220e+04 -3.356069e+04 2.807223e+03 -2.528126e+05 -8.301736e+03 3.624146e+05 2.591215e+04 -1.096755e+03
1.515152e-03 -3.263398e+04 3.867454e+04 -3.707982e+03 2.467438e+05 -9.233741e+03 4.202693e+05 2.333139e+04 -1.721542e+03 -3.445573e+03 -2.469097e+05 2.508554e+04 2.631705e+04 -2.323571e+04 -1.445387e+03 -6.296062e+03 -3.235321e+05 -4.333017e+03 -2.812001e+05 2.858503e+04 3.394830e+04 2.647512e+04 2.063614e+03 7.128347e+03 3.687610e+05 2.863848e+04 -2.997941e+04 2.941657e+03 -2.166551e+05 -8.149322e+03 3.687228e+05 2.047678e+04 -1.189995e+03
1.717172e-03 -3.259917e+04 3.471397e+04 -3.827533e+03 2.112158e+05 -9.038390e+03 4.207450e+05 1.748663e+04 -1.824166e+03 -3.569553e+03 -2.113811e+05 2.506112e+04 2.362608e+04 -1.738172e+04 -1.552509e+03 -6.165839e+03 -3.239007e+05 -4.480253e+03 -2.407090e+05 2.855631e+04 3.047551e+04 1.980277e+04 2.191741e+03 6.974858e+03 3.691794e+05 2.860879e+04 -2.691020e+04 3.042007e+03 -1.854813e+05 -7.983005e+03 3.691419e+05 1.534889e+04 -1.275387e+03
1.919192e-03 -3.216451e+04 3.130736e+04 -3.913773e+03 1.805816e+05 -8.829815e+03 4.161636e+05 1.205924e+04 -1.916016e+03 -3.662853e+03 -1.807467e+05 2.472955e+04 2.131158e+04 -1.194622e+04 -1.651615e+03 -6.026364e+03 -3.203764e+05 -4.588703e+03 -2.057954e+05 2.817741e+04 2.748895e+04 1.360745e+04 2.306831e+03 6.811091e+03 3.651606e+05 2.822838e+04 -2.426988e+04 3.116061e+03 -1.586019e+05 -7.804816e+03 3.651242e+05 1.058713e+04 -1.354327e+03
2.121212e-03 -3.143100e+04 2.836199e+04 -3.973956e+03 1.541389e+05 -8.610352e+03 4.077938e+05 7.087850e+03 -1.998842e+03 -3.731845e+03 -1.543039e+05 2.416837e+04 1.931051e+04 -6.967882e+03 -1.743533e+03 -5.879213e+03 -3.139359e+05 -4.666631e+03 -1.756588e+05 2.753673e+04 2.490726e+04 7.933238e+03 2.410857e+03 6.638856e+03 3.578179e+05 2.758584e+04 -2.198663e+04 3.169417e+03 -1.354002e+05 -7.616793e+03 3.577828e+05 6.225413e+03 -1.427561e+03
2.323232e-03 -3.047771e+04 2.580105e+04 -4.013414e+03 1.312859e+05 -8.382283e+03 3.966266e+05 2.589799e+03 -2.073716e+03 -3.781222e+03 -1.314506e+05 2.343833e+04 1.757063e+04 -2.464025e+03 -1.828667e+03 -5.725938e+03 -3.053419e+05 -4.720117e+03 -1.496134e+05 2.670353e+04 2.266299e+04 2.799883e+03 2.505031e+03 6.459924e+03 3.480207e+05 2.675053e+04 -2.000093e+04 3.206191e+03 -1.153481e+05 -7.420937e+03 3.479871e+05 2.278947e+03 -1.495450e+03
2.525253e-03 -2.936739e+04 2.356186e+04 -4.036159e+03 1.115147e+05 -8.147792e+03 3.834461e+05 -1.433805e+03 -2.141301e+03 -3.814532e+03 -1.116789e+05 2.258758e+04 1.604930e+04 1.564278e+03 -1.907195e+03 -5.568032e+03 -2.951982e+05 -4.753745e+03 -1.270803e+05 2.573271e+04 2.070111e+04 -1.791399e+03 2.590110e+03 6.275990e+03 3.364571e+05 2.577749e+04 -1.826423e+04 3.229485e+03 -9.799976e+04 -7.219170e+03 3.364250e+05 -1.251292e+03 -1.558149e+03
2.727273e-03 -2.815011e+04 2.159347e+04 -4.045277e+03 9.439686e+04 -7.908932e+03 3.688775e+05 -4.994063e+03 -2.202028e+03 -3.834520e+03 -9.456034e+04 2.165458e+04 1.471189e+04 5.128191e+03 -1.979190e+03 -5.406903e+03 -2.839858e+05 -4.771057e+03 -1.075713e+05 2.466812e+04 1.897691e+04 -5.853337e+03 2.666599e+03 6.088649e+03 3.236755e+05 2.471062e+04 -1.673708e+04 3.241693e+03 -8.297933e+04 -7.013300e+03 3.236450e+05 -4.375042e+03 -1.615710e+03
2.929293e-03 -2.686589e+04 1.985441e+04 -4.043197e+03 7.956989e+04 -7.667593e+03 3.534202e+05 -8.110989e+03 -2.256202e+03 -3.843364e+03 -7.973222e+04 2.067005e+04 1.353023e+04 8.247803e+03 -2.044698e+03 -5.243853e+03 -2.720891e+05 -4.774846e+03 -9.067328e+04 2.354481e+04 1.745397e+04 -9.408832e+03 2.734869e+03 5.899375e+03 3.101140e+05 2.358502e+04 -1.538739e+04 3.244706e+03 -6.996859e+04 -6.804999e+03 3.100852e+05 -7.109858e+03 -1.668158e+03
3.131313e-03 -2.554661e+04 1.831077e+04 -4.031861e+03 6.672521e+04 -7.425487e+03 3.374716e+05 -1.081077e+04 -2.304078e+03 -3.842826e+03 -6.688604e+04 1.965845e+04 1.248125e+04 1.094939e+04 -2.103782e+03 -5.080065e+03 -2.598142e+05 -4.767360e+03 -7.603446e+04 2.239068e+04 1.610251e+04 -1.248784e+04 2.795238e+03 5.709501e+03 2.961216e+05 2.242862e+04 -1.418892e+04 3.240044e+03 -5.869683e+04 -6.595783e+03 2.960943e+05 -9.478712e+03 -1.715527e+03
3.333333e-03 -2.421740e+04 1.693466e+04 -4.012852e+03 5.559879e+04 -7.184135e+03 3.213460e+05 -1.312353e+04 -2.345895e+03 -3.834357e+03 -5.575777e+04 1.863910e+04 1.154602e+04 1.326315e+04 -2.156547e+03 -4.916592e+03 -2.474028e+05 -4.750440e+03 -6.335398e+04 2.122774e+04 1.489804e+04 -1.512478e+04 2.848014e+03 5.520215e+03 2.819736e+05 2.126348e+04 -1.312007e+04 3.228953e+03 -4.893239e+04 -6.387000e+03 2.819480e+05 -1.150802e+04 -1.757879e+03
3.535354e-03 -2.289788e+04 1.570296e+04 -3.987475e+03 4.596361e+04 -6.944867e+03 3.052887e+05 -1.508149e+04 -2.381901e+03 -3.819174e+03 -4.612042e+04 1.762705e+04 1.070883e+04 1.522142e+04 -2.203144e+03 -4.754360e+03 -2.350440e+05 -4.725614e+03 -5.237309e+04 2.007318e+04 1.382026e+04 -1.735652e+04 2.893518e+03 5.332555e+03 2.678857e+05 2.010679e+04 -1.216299e+04 3.212467e+03 -4.047609e+04 -6.179832e+03 2.678615e+05 -1.322608e+04 -1.795320e+03
3.737374e-03 -2.160308e+04 1.459643e+04 -3.956822e+03 3.762372e+04 -6.708821e+03 2.894886e+05 -1.671761e+04 -2.412361e+03 -3.798303e+03 -3.777806e+04 1.663384e+04 9.956613e+03 1.685722e+04 -2.243775e+03 -4.594163e+03 -2.228829e+05 -4.694167e+03 -4.286846e+04 1.894015e+04 1.285227e+04 -1.922070e+04 2.932091e+03 5.147413e+03 2.540233e+05 1.897172e+04 -1.130279e+04 3.191457e+03 -3.315604e+04 -5.975292e+03 2.540006e+05 -1.466177e+04 -1.827995e+03
3.939394e-03 -2.034423e+04 1.359893e+04 -3.921809e+03 3.040947e+04 -6.476958e+03 2.740878e+05 -1.806445e+04 -2.437560e+03 -3.772625e+03 -3.056110e+04 1.566811e+04 9.278408e+03 1.820321e+04 -2.278683e+03 -4.436671e+03 -2.110290e+05 -4.657189e+03 -3.464673e+04 1.783851e+04 1.197990e+04 -2.075454e+04 2.964101e+03 4.965540e+03 2.405111e+05 1.786813e+04 -1.052699e+04 3.166663e+03 -2.682341e+04 -5.774236e+03 2.404898e+05 -1.584366e+04 -1.856085e+03
4.141414e-03 -1.912950e+04 1.269682e+04 -3.883217e+03 2.417370e+04 -6.250066e+03 2.591901e+05 -1.915342e+04 -2.457801e+03 -3.742900e+03 -2.432240e+04 1.473613e+04 8.664968e+03 1.929088e+04 -2.308148e+03 -4.282441e+03 -1.995623e+05 -4.615613e+03 -2.754020e+04 1.677540e+04 1.119117e+04 -2.199395e+04 2.989936e+03 4.787554e+03 2.274403e+05 1.680318e+04 -9.825051e+03 3.138715e+03 -2.134913e+04 -5.577371e+03 2.274203e+05 -1.679933e+04 -1.879804e+03
4.343434e-03 -1.796452e+04 1.187855e+04 -3.841712e+03 1.878858e+04 -6.028780e+03 2.448682e+05 -2.001426e+04 -2.473399e+03 -3.709782e+03 -1.893418e+04 1.384223e+04 8.108443e+03 2.015003e+04 -2.332479e+03 -4.131920e+03 -1.885387e+05 -4.570239e+03 -2.140316e+04 1.575577e+04 1.047593e+04 -2.297288e+04 3.009998e+03 4.613954e+03 2.148748e+05 1.578181e+04 -9.188048e+03 3.108160e+03 -1.662107e+04 -5.385265e+03 2.148559e+05 -1.755484e+04 -1.899389e+03
4.545455e-03 -1.685291e+04 1.113425e+04 -3.797864e+03 1.414297e+04 -5.813593e+03 2.311699e+05 -2.067464e+04 -2.484680e+03 -3.673846e+03 -1.428533e+04 1.298919e+04 7.602140e+03 2.080840e+04 -2.352000e+03 -3.985460e+03 -1.779950e+05 -4.521758e+03 -1.610895e+04 1.478279e+04 9.825533e+03 -2.372298e+04 3.024697e+03 4.445127e+03 2.028562e+05 1.480718e+04 -8.608353e+03 3.075465e+03 -1.254174e+04 -5.198365e+03 2.028386e+05 -1.813448e+04 -1.915094e+03
4.747475e-03 -1.579666e+04 1.045546e+04 -3.752162e+03 1.014020e+04 -5.604875e+03 2.181230e+05 -2.116003e+04 -2.491970e+03 -3.635588e+03 -1.027921e+04 1.217857e+04 7.140316e+03 2.129154e+04 -2.367047e+03 -3.843324e+03 -1.679526e+05 -4.470769e+03 -1.154739e+04 1.385822e+04 9.232534e+03 -2.427333e+04 3.034445e+03 4.281364e+03 1.914092e+05 1.388106e+04 -8.079428e+03 3.041039e+03 -9.026365e+03 -5.017006e+03 1.913926e+05 -1.856060e+04 -1.927182e+03
4.949495e-03 -1.479652e+04 9.834888e+03 -3.705029e+03 6.696155e+03 -5.402886e+03 2.057394e+05 -2.149363e+04 -2.495593e+03 -3.595444e+03 -6.831755e+03 1.141092e+04 6.718024e+03 2.162266e+04 -2.377957e+03 -3.705703e+03 -1.584206e+05 -4.417789e+03 -7.622611e+03 1.298270e+04 8.690533e+03 -2.465044e+04 3.039650e+03 4.122870e+03 1.805441e+05 1.300410e+04 -7.595637e+03 3.005234e+03 -6.001166e+03 -4.841426e+03 1.805285e+05 -1.885354e+04 -1.935922e+03
5.151515e-03 -1.385224e+04 9.266217e+03 -3.656828e+03 3.737671e+03 -5.207791e+03 1.940191e+05 -2.169634e+04 -2.495867e+03 -3.553794e+03 -3.869811e+03 1.068608e+04 6.330981e+03 2.182274e+04 -2.385067e+03 -3.572719e+03 -1.493992e+05 -4.363268e+03 -4.251222e+03 1.215604e+04 8.193991e+03 -2.487818e+04 3.040709e+03 3.969775e+03 1.702609e+05 1.217608e+04 -7.152101e+03 2.968357e+03 -3.401969e+03 -4.671780e+03 1.702463e+05 -1.903164e+04 -1.941581e+03
5.353535e-03 -1.296284e+04 8.743962e+03 -3.607870e+03 1.201085e+03 -5.019675e+03 1.829526e+05 -2.178688e+04 -2.493100e+03 -3.510972e+03 -1.329745e+03 1.000329e+04 5.975465e+03 2.191052e+04 -2.388703e+03 -3.444440e+03 -1.408809e+05 -4.307595e+03 -1.360666e+03 1.137737e+04 7.738092e+03 -2.497793e+04 3.038006e+03 3.822148e+03 1.605512e+05 1.139615e+04 -6.744581e+03 2.930673e+03 -1.172939e+03 -4.508152e+03 1.605376e+05 -1.911131e+04 -1.944419e+03
5.555556e-03 -1.212680e+04 8.263335e+03 -3.558425e+03 -9.689800e+02 -4.838554e+03 1.725235e+05 -2.178189e+04 -2.487586e+03 -3.467265e+03 8.437984e+02 9.361398e+03 5.648228e+03 2.190269e+04 -2.389182e+03 -3.320886e+03 -1.328532e+05 -4.251108e+03 1.112173e+03 1.064538e+04 7.318635e+03 -2.496871e+04 3.031908e+03 3.680002e+03 1.514009e+05 1.066297e+04 -6.369374e+03 2.892414e+03 7.344911e+02 -4.350564e+03 1.513880e+05 -1.910718e+04 -1.944692e+03
5.757576e-03 -1.134220e+04 7.820143e+03 -3.508724e+03 -2.820690e+03 -4.664388e+03 1.627106e+05 -2.169609e+04 -2.479605e+03 -3.422927e+03 2.698967e+03 8.758927e+03 5.346426e+03 2.181399e+04 -2.386805e+03 -3.202036e+03 -1.252996e+05 -4.194098e+03 3.222190e+03 9.958371e+03 6.931940e+03 -2.486732e+04 3.022761e+03 3.543306e+03 1.427911e+05 9.974860e+03 -6.023238e+03 2.853779e+03 2.362567e+03 -4.198990e+03 1.427790e+05 -1.903214e+04 -1.942640e+03
5.959596e-03 -1.060684e+04 7.410702e+03 -3.458963e+03 -4.395934e+03 -4.497090e+03 1.534889e+05 -2.154242e+04 -2.469418e+03 -3.378178e+03 4.277634e+03 8.194206e+03 5.067559e+03 2.165739e+04 -2.381858e+03 -3.087838e+03 -1.182012e+05 -4.136816e+03 5.017127e+03 9.314444e+03 6.574775e+03 -2.468855e+04 3.010892e+03 3.411993e+03 1.347000e+05 9.329903e+03 -5.703324e+03 2.814940e+03 3.748027e+03 -4.053359e+03 1.346887e+05 -1.889754e+04 -1.938495e+03
6.161616e-03 -9.918364e+03 7.031763e+03 -3.409312e+03 -5.731139e+03 -4.336535e+03 1.448316e+05 -2.133221e+04 -2.457273e+03 -3.333206e+03 5.616213e+03 7.665432e+03 4.809422e+03 2.144424e+04 -2.374609e+03 -2.978212e+03 -1.115371e+05 -4.079479e+03 6.538500e+03 8.711537e+03 6.244291e+03 -2.444534e+04 2.996605e+03 3.285967e+03 1.271041e+05 8.726037e+03 -5.407118e+03 2.776045e+03 4.922822e+03 -3.913569e+03 1.270934e+05 -1.871334e+04 -1.932472e+03
6.363636e-03 -9.274338e+03 6.680452e+03 -3.359915e+03 -6.857981e+03 -4.182571e+03 1.367103e+05 -2.107535e+04 -2.443397e+03 -3.288177e+03 6.746371e+03 7.170734e+03 4.570066e+03 2.118444e+04 -2.365307e+03 -2.873059e+03 -1.052855e+05 -4.022272e+03 7.822413e+03 8.147514e+03 5.937970e+03 -2.414897e+04 2.980183e+03 3.165109e+03 1.199783e+05 8.161120e+03 -5.132396e+03 2.737222e+03 5.914735e+03 -3.779492e+03 1.199683e+05 -1.848819e+04 -1.924774e+03
6.565657e-03 -8.672281e+03 6.354222e+03 -3.310891e+03 -7.804005e+03 -4.035020e+03 1.290961e+05 -2.078041e+04 -2.428002e+03 -3.243232e+03 7.695643e+03 6.708216e+03 4.347763e+03 2.088658e+04 -2.354185e+03 -2.772262e+03 -9.942425e+04 -3.965353e+03 8.900259e+03 7.620211e+03 5.653577e+03 -2.380923e+04 2.961887e+03 3.049279e+03 1.132976e+05 7.632984e+03 -4.877187e+03 2.698579e+03 6.747928e+03 -3.650977e+03 1.132882e+05 -1.822963e+04 -1.915589e+03
6.767677e-03 -8.109732e+03 6.050808e+03 -3.262345e+03 -8.593167e+03 -3.893687e+03 1.219603e+05 -2.045481e+04 -2.411282e+03 -3.198493e+03 8.487980e+03 6.275993e+03 4.140975e+03 2.055811e+04 -2.341457e+03 -2.675693e+03 -9.393117e+04 -3.908856e+03 9.799340e+03 7.127476e+03 5.389128e+03 -2.343459e+04 2.941956e+03 2.938326e+03 1.070365e+05 7.139473e+03 -4.639735e+03 2.660210e+03 7.443413e+03 -3.527859e+03 1.070276e+05 -1.794417e+04 -1.905091e+03
6.969697e-03 -7.584281e+03 5.768190e+03 -3.214359e+03 -9.246300e+03 -3.758368e+03 1.152745e+05 -2.010496e+04 -2.393415e+03 -3.154063e+03 9.144209e+03 5.872220e+03 3.948331e+03 2.020542e+04 -2.327321e+03 -2.583214e+03 -8.878448e+04 -3.852897e+03 1.054340e+04 6.667201e+03 5.142852e+03 -2.303238e+04 2.920610e+03 2.832089e+03 1.011703e+05 6.678475e+03 -4.418476e+03 2.622193e+03 8.019465e+03 -3.409963e+03 1.011619e+05 -1.763742e+04 -1.893439e+03
7.171717e-03 -7.093590e+03 5.504563e+03 -3.167006e+03 -9.781527e+03 -3.628848e+03 1.090112e+05 -1.973636e+04 -2.374563e+03 -3.110030e+03 9.682449e+03 5.495105e+03 3.768605e+03 1.983404e+04 -2.311955e+03 -2.494682e+03 -8.396296e+04 -3.797568e+03 1.115310e+04 6.237342e+03 4.913168e+03 -2.260887e+04 2.898048e+03 2.730401e+03 9.567471e+04 6.247943e+03 -4.212011e+03 2.584593e+03 8.491982e+03 -3.297103e+03 9.566683e+04 -1.731421e+04 -1.880781e+03
7.373737e-03 -6.635413e+03 5.258310e+03 -3.120344e+03 -1.021461e+04 -3.504908e+03 1.031439e+05 -1.935372e+04 -2.354872e+03 -3.066470e+03 1.011846e+04 5.142928e+03 3.600701e+03 1.944867e+04 -2.295524e+03 -2.409949e+03 -7.944617e+04 -3.742951e+03 1.164639e+04 5.835936e+03 4.698660e+03 -2.216942e+04 2.874453e+03 2.633090e+03 9.052652e+04 5.845908e+03 -4.019085e+03 2.547466e+03 8.874794e+03 -3.189093e+03 9.051908e+04 -1.697868e+04 -1.867250e+03
7.575758e-03 -6.207605e+03 5.027979e+03 -3.074418e+03 -1.055927e+04 -3.386326e+03 9.764703e+04 -1.896105e+04 -2.334478e+03 -3.023442e+03 1.046596e+04 4.814046e+03 3.443631e+03 1.905334e+04 -2.278178e+03 -2.328868e+03 -7.521456e+04 -3.689109e+03 1.203892e+04 5.461105e+03 4.498057e+03 -2.171863e+04 2.849988e+03 2.539984e+03 8.570339e+04 5.470493e+03 -3.838574e+03 2.510856e+03 9.179936e+03 -3.085741e+03 8.569637e+04 -1.663434e+04 -1.852967e+03
7.777778e-03 -5.808132e+03 4.812263e+03 -3.029266e+03 -1.082745e+04 -3.272883e+03 9.249652e+04 -1.856177e+04 -2.313499e+03 -2.981000e+03 1.073689e+04 4.506899e+03 3.296509e+03 1.865147e+04 -2.260052e+03 -2.251290e+03 -7.124952e+04 -3.636097e+03 1.234430e+04 5.111072e+03 4.310216e+03 -2.126039e+04 2.824801e+03 2.450909e+03 8.118413e+04 5.119913e+03 -3.669463e+03 2.474801e+03 9.417882e+03 -2.986858e+03 8.117750e+04 -1.628420e+04 -1.838043e+03
7.979798e-03 -5.435070e+03 4.609987e+03 -2.984916e+03 -1.102953e+04 -3.164361e+03 8.766946e+04 -1.815877e+04 -2.292045e+03 -2.939186e+03 1.094164e+04 4.220014e+03 3.158535e+03 1.824594e+04 -2.241268e+03 -2.177066e+03 -6.753344e+04 -3.583956e+03 1.257436e+04 4.784153e+03 4.134106e+03 -2.079800e+04 2.799026e+03 2.365694e+03 7.694866e+04 4.792485e+03 -3.510838e+03 2.439330e+03 9.597750e+03 -2.892255e+03 7.694239e+04 -1.593078e+04 -1.822578e+03
8.181818e-03 -5.086609e+03 4.420085e+03 -2.941391e+03 -1.117456e+04 -3.060545e+03 8.314428e+04 -1.775449e+04 -2.270214e+03 -2.898032e+03 1.108925e+04 3.952003e+03 3.028987e+03 1.783920e+04 -2.221937e+03 -2.106053e+03 -6.404971e+04 -3.532719e+03 1.273941e+04 4.478765e+03 3.968796e+03 -2.033424e+04 2.772783e+03 2.284173e+03 7.297803e+04 4.486623e+03 -3.361873e+03 2.404466e+03 9.727479e+03 -2.801747e+03 7.297210e+04 -1.557624e+04 -1.806661e+03
8.383838e-03 -4.761052e+03 4.241597e+03 -2.898705e+03 -1.127043e+04 -2.961225e+03 7.890066e+04 -1.735096e+04 -2.248092e+03 -2.857567e+03 1.118761e+04 3.701566e+03 2.907211e+03 1.743329e+04 -2.202158e+03 -2.038108e+03 -6.078270e+04 -3.482412e+03 1.284844e+04 4.193424e+03 3.813444e+03 -1.987143e+04 2.746180e+03 2.206180e+03 6.925444e+04 4.200838e+03 -3.221820e+03 2.370228e+03 9.813984e+03 -2.715152e+03 6.924883e+04 -1.522235e+04 -1.790375e+03
8.585859e-03 -4.456809e+03 4.073649e+03 -2.856868e+03 -1.132399e+04 -2.866198e+03 7.491961e+04 -1.694990e+04 -2.225757e+03 -2.817810e+03 1.124358e+04 3.467484e+03 2.792613e+03 1.702991e+04 -2.182019e+03 -1.973093e+03 -5.771779e+04 -3.433052e+03 1.290926e+04 3.926739e+03 3.667289e+03 -1.941152e+04 2.719311e+03 2.131556e+03 6.576122e+04 3.933739e+03 -3.090001e+03 2.336627e+03 9.863285e+03 -2.632294e+03 6.575590e+04 -1.487061e+04 -1.773791e+03
8.787879e-03 -4.172396e+03 3.915449e+03 -2.815886e+03 -1.134122e+04 -2.775267e+03 7.118331e+04 -1.655270e+04 -2.203279e+03 -2.778778e+03 1.126313e+04 3.248620e+03 2.684656e+03 1.663047e+04 -2.161602e+03 -1.910874e+03 -5.484127e+04 -3.384652e+03 1.292869e+04 3.677412e+03 3.529636e+03 -1.895610e+04 2.692262e+03 2.060145e+03 6.248273e+04 3.684025e+03 -2.965801e+03 2.303674e+03 9.880629e+03 -2.553001e+03 6.247769e+04 -1.452225e+04 -1.756976e+03
8.989899e-03 -3.906429e+03 3.766276e+03 -2.775760e+03 -1.132733e+04 -2.688240e+03 6.767515e+04 -1.616051e+04 -2.180719e+03 -2.740480e+03 1.125149e+04 3.043913e+03 2.582848e+03 1.623612e+04 -2.140977e+03 -1.851321e+03 -5.214035e+04 -3.337217e+03 1.291266e+04 3.444232e+03 3.399855e+03 -1.850649e+04 2.665109e+03 1.991800e+03 5.940442e+04 3.450484e+03 -2.848657e+03 2.271372e+03 9.870587e+03 -2.477108e+03 5.939963e+04 -1.417830e+04 -1.739987e+03
9.191919e-03 -3.657621e+03 3.625474e+03 -2.736487e+03 -1.128685e+04 -2.604935e+03 6.437965e+04 -1.577429e+04 -2.158132e+03 -2.702922e+03 1.121317e+04 2.852375e+03 2.486745e+03 1.584780e+04 -2.120207e+03 -1.794311e+03 -4.960311e+04 -3.290751e+03 1.286634e+04 3.226073e+03 3.277374e+03 -1.806376e+04 2.637919e+03 1.926375e+03 5.651268e+04 3.231986e+03 -2.738060e+03 2.239725e+03 9.837141e+03 -2.404457e+03 5.650813e+04 -1.383957e+04 -1.722876e+03
9.393939e-03 -3.424773e+03 3.492444e+03 -2.698063e+03 -1.122374e+04 -2.525174e+03 6.128236e+04 -1.539478e+04 -2.135567e+03 -2.666109e+03 1.115215e+04 2.673088e+03 2.395938e+03 1.546626e+04 -2.099349e+03 -1.739722e+03 -4.721845e+04 -3.245252e+03 1.279424e+04 3.021886e+03 3.161668e+03 -1.762877e+04 2.610751e+03 1.863732e+03 5.379485e+04 3.027482e+03 -2.633542e+03 2.208730e+03 9.783763e+03 -2.334894e+03 5.379052e+04 -1.350672e+04 -1.705690e+03
9.595960e-03 -3.206773e+03 3.366638e+03 -2.660481e+03 -1.114144e+04 -2.448790e+03 5.836986e+04 -1.502258e+04 -2.113065e+03 -2.630040e+03 1.107187e+04 2.505199e+03 2.310055e+03 1.509209e+04 -2.078453e+03 -1.687441e+03 -4.497603e+04 -3.200716e+03 1.270027e+04 2.830697e+03 3.052259e+03 -1.720219e+04 2.583657e+03 1.803740e+03 5.123915e+04 2.835997e+03 -2.534677e+03 2.178387e+03 9.713474e+03 -2.268272e+03 5.123504e+04 -1.318027e+04 -1.688469e+03
9.797980e-03 -3.002588e+03 3.247555e+03 -2.623730e+03 -1.104295e+04 -2.375622e+03 5.562967e+04 -1.465814e+04 -2.090665e+03 -2.594713e+03 1.097532e+04 2.347916e+03 2.228755e+03 1.472576e+04 -2.057564e+03 -1.637357e+03 -4.286624e+04 -3.157134e+03 1.258787e+04 2.651604e+03 2.948710e+03 -1.678455e+04 2.556684e+03 1.746271e+03 4.883463e+04 2.656627e+03 -2.441076e+03 2.148690e+03 9.628911e+03 -2.204452e+03 4.883072e+04 -1.286063e+04 -1.671251e+03
1.000000e-02 -2.811260e+03 3.134737e+03 -2.587801e+03 -1.093089e+04 -2.305514e+03 5.305019e+04 -1.430181e+04 -2.068399e+03 -2.560122e+03 1.086513e+04 2.200504e+03 2.151725e+03 1.436759e+04 -2.036720e+03 -1.589366e+03 -4.088016e+04 -3.114498e+03 1.246000e+04 2.483767e+03 2.850618e+03 -1.637623e+04 2.529872e+03 1.691205e+03 4.657112e+04 2.488530e+03 -2.352379e+03 2.119632e+03 9.532367e+03 -2.143299e+03 4.656740e+04 -1.254810e+04 -1.654067e+03
