-1.000000e-02 -1.932844e+03 3.398908e+03 3.136245e+03 -2.039467e+04 -2.287176e+03 -7.160671e+04 -2.461213e+04 2.557499e+03 3.095313e+03 2.031379e+04 1.436011e+03 2.335083e+03 2.469314e+04 2.512242e+03 -1.581199e+03 5.518311e+04 3.769144e+03 2.323915e+04 1.669860e+03 3.098914e+03 -2.813735e+04 -3.115228e+03 1.656678e+03 -6.286275e+04 1.664775e+03 -2.544887e+03 -2.566461e+03 1.782813e+04 -2.152462e+03 -6.285894e+04 -2.160006e+04 2.049810e+03
-9.797980e-03 -1.982146e+03 3.555063e+03 3.205525e+03 -2.118735e+04 -2.370288e+03 -7.620727e+04 -2.577954e+04 2.604104e+03 3.161971e+03 2.110299e+04 1.472707e+03 2.441997e+03 2.586399e+04 2.556084e+03 -1.638479e+03 5.872641e+04 3.851248e+03 2.414248e+04 1.712559e+03 3.235511e+03 -2.947164e+04 -3.171237e+03 1.721180e+03 -6.690035e+04 1.707107e+03 -2.667165e+03 -2.622537e+03 1.852062e+04 -2.226176e+03 -6.689628e+04 -2.262444e+04 2.086050e+03
-9.595960e-03 -2.034306e+03 3.723195e+03 3.278420e+03 -2.202707e+04 -2.458046e+03 -8.122574e+04 -2.703711e+04 2.652534e+03 3.232001e+03 2.193897e+04 1.511541e+03 2.557107e+03 2.712525e+04 2.601499e+03 -1.698974e+03 6.259152e+04 3.937574e+03 2.509942e+04 1.757749e+03 3.382594e+03 -3.090897e+04 -3.229424e+03 1.789280e+03 -7.130468e+04 1.751893e+03 -2.798806e+03 -2.681493e+03 1.925416e+04 -2.304033e+03 -7.130033e+04 -2.372794e+04 2.123594e+03
-9.393939e-03 -2.089602e+03 3.904627e+03 3.355252e+03 -2.291762e+04 -2.550786e+03 -8.671228e+04 -2.839491e+04 2.702909e+03 3.305698e+03 2.282551e+04 1.552721e+03 2.681321e+03 2.848700e+04 2.648574e+03 -1.762917e+03 6.681708e+04 4.028495e+03 2.611431e+04 1.805672e+03 3.541325e+03 -3.246082e+04 -3.289929e+03 1.861238e+03 -7.611979e+04 1.799373e+03 -2.940843e+03 -2.743584e+03 2.003207e+04 -2.386334e+03 -7.611513e+04 -2.491938e+04 2.162516e+03
-9.191919e-03 -2.148354e+03 4.100886e+03 3.436389e+03 -2.386322e+04 -2.648874e+03 -9.272483e+04 -2.986449e+04 2.755361e+03 3.383394e+03 2.376681e+04 1.596488e+03 2.815681e+03 2.996082e+04 2.697409e+03 -1.830566e+03 7.144770e+04 4.124436e+03 2.719193e+04 1.856607e+03 3.713042e+03 -3.414039e+04 -3.352910e+03 1.937335e+03 -8.139648e+04 1.849819e+03 -3.094468e+03 -2.809098e+03 2.085802e+04 -2.473411e+03 -8.139149e+04 -2.620890e+04 2.202901e+03
-8.989899e-03 -2.210926e+03 4.313735e+03 3.522253e+03 -2.486854e+04 -2.752709e+03 -9.933049e+04 -3.145923e+04 2.810043e+03 3.465469e+03 2.476749e+04 1.643115e+03 2.961393e+03 3.156012e+04 2.748112e+03 -1.902196e+03 7.653504e+04 4.225881e+03 2.833761e+04 1.910875e+03 3.899289e+03 -3.596296e+04 -3.418540e+03 2.017879e+03 -8.719367e+04 1.903547e+03 -3.261058e+03 -2.878366e+03 2.173608e+04 -2.565622e+03 -8.718830e+04 -2.760825e+04 2.244840e+03
-8.787879e-03 -2.277742e+03 4.545224e+03 3.613327e+03 -2.593877e+04 -2.862723e+03 -1.066074e+05 -3.319469e+04 2.867123e+03 3.552362e+03 2.583270e+04 1.692920e+03 3.119861e+03 3.330049e+04 2.800802e+03 -1.978111e+03 8.213929e+04 4.333386e+03 2.955726e+04 1.968843e+03 4.101865e+03 -3.794631e+04 -3.487018e+03 2.103201e+03 -9.357994e+04 1.960917e+03 -3.442212e+03 -2.951768e+03 2.267076e+04 -2.663358e+03 -9.357416e+04 -2.913107e+04 2.288435e+03
-8.585859e-03 -2.349292e+03 4.797753e+03 3.710173e+03 -2.707971e+04 -2.979385e+03 -1.146472e+05 -3.508906e+04 2.926795e+03 3.644577e+03 2.696821e+04 1.746271e+03 3.292724e+03 3.520017e+04 2.855617e+03 -2.058641e+03 8.833096e+04 4.447596e+03 3.085750e+04 2.030943e+03 4.322871e+03 -4.011122e+04 -3.558568e+03 2.193664e+03 -1.006356e+05 2.022352e+03 -3.639801e+03 -3.029742e+03 2.366712e+04 -2.767047e+03 -1.006294e+05 -3.079334e+04 2.333804e+03
-8.383838e-03 -2.426154e+03 5.074144e+03 3.813446e+03 -2.829784e+04 -3.103209e+03 -1.235576e+05 -3.716380e+04 2.989282e+03 3.742703e+03 2.818044e+04 1.803600e+03 3.481914e+03 3.728067e+04 2.912711e+03 -2.144145e+03 9.519304e+04 4.569263e+03 3.224572e+04 2.097678e+03 4.564784e+03 -4.248219e+04 -3.633449e+03 2.289661e+03 -1.084553e+05 2.088346e+03 -3.856030e+03 -3.112803e+03 2.473081e+04 -2.877154e+03 -1.084486e+05 -3.261387e+04 2.381078e+03
-8.181818e-03 -2.509005e+03 5.377750e+03 3.923916e+03 -2.960048e+04 -3.234748e+03 -1.334664e+05 -3.944435e+04 3.054844e+03 3.847433e+03 2.947665e+04 1.865418e+03 3.689722e+03 3.956748e+04 2.972260e+03 -2.235014e+03 1.028240e+05 4.699271e+03 3.373024e+04 2.169643e+03 4.830542e+03 -4.508828e+04 -3.711960e+03 2.391617e+03 -1.171512e+05 2.159481e+03 -4.093512e+03 -3.201554e+03 2.586818e+04 -2.994188e+03 -1.171439e+05 -3.461500e+04 2.430410e+03
-7.979798e-03 -2.598655e+03 5.712576e+03 4.042501e+03 -3.099588e+04 -3.374609e+03 -1.445263e+05 -4.196114e+04 3.123785e+03 3.959588e+03 3.086502e+04 1.932329e+03 3.918889e+03 4.209110e+04 3.034472e+03 -2.331676e+03 1.113413e+05 4.838671e+03 3.532048e+04 2.247544e+03 5.123657e+03 -4.796426e+04 -3.794454e+03 2.499995e+03 -1.268573e+05 2.236451e+03 -4.355372e+03 -3.296710e+03 2.708642e+04 -3.118703e+03 -1.268493e+05 -3.682342e+04 2.481978e+03
-7.777778e-03 -2.696073e+03 6.083457e+03 4.170298e+03 -3.249341e+04 -3.523444e+03 -1.569210e+05 -4.475092e+04 3.196471e+03 4.080151e+03 3.235485e+04 2.005065e+03 4.172719e+03 4.488835e+04 3.099592e+03 -2.434594e+03 1.208864e+05 4.988721e+03 3.702713e+04 2.332231e+03 5.448370e+03 -5.115208e+04 -3.881350e+03 2.615293e+03 -1.377346e+05 2.320087e+03 -4.645380e+03 -3.399130e+03 2.839368e+04 -3.251302e+03 -1.377259e+05 -3.927137e+04 2.535994e+03
-7.575758e-03 -2.802437e+03 6.496287e+03 4.308640e+03 -3.410383e+04 -3.681963e+03 -1.708734e+05 -4.785843e+04 3.273344e+03 4.210314e+03 3.395676e+04 2.084507e+03 4.455242e+03 4.800409e+04 3.167913e+03 -2.544274e+03 1.316310e+05 5.150947e+03 3.886243e+04 2.424736e+03 5.809847e+03 -5.470285e+04 -3.973154e+03 2.738052e+03 -1.499789e+05 2.411399e+03 -4.968131e+03 -3.509854e+03 2.979929e+04 -3.392644e+03 -1.499694e+05 -4.199814e+04 2.592713e+03
-7.373737e-03 -2.919195e+03 6.958326e+03 4.459167e+03 -3.583950e+04 -3.850927e+03 -1.866571e+05 -5.133887e+04 3.354946e+03 4.351539e+03 3.568301e+04 2.171743e+03 4.771423e+03 5.149360e+04 3.239799e+03 -2.661262e+03 1.437857e+05 5.327221e+03 4.084046e+04 2.526325e+03 6.214459e+03 -5.867960e+04 -4.070492e+03 2.868847e+03 -1.638302e+05 2.511629e+03 -5.329286e+03 -3.630161e+03 3.131400e+04 -3.543444e+03 -1.638198e+05 -4.505213e+04 2.652449e+03
-7.171717e-03 -3.048146e+03 7.478642e+03 4.623916e+03 -3.771481e+04 -4.031153e+03 -2.046115e+05 -5.526109e+04 3.441961e+03 4.505645e+03 3.754783e+04 2.268123e+03 5.127461e+03 5.542590e+04 3.315701e+03 -2.786148e+03 1.576120e+05 5.519877e+03 4.297763e+04 2.638574e+03 6.670158e+03 -6.316096e+04 -4.174144e+03 3.008295e+03 -1.795865e+05 2.622319e+03 -5.735913e+03 -3.761640e+03 3.295030e+04 -3.704474e+03 -1.795749e+05 -4.849377e+04 2.715599e+03
-6.969697e-03 -3.191562e+03 8.068720e+03 4.805471e+03 -3.974666e+04 -4.223506e+03 -2.251632e+05 -5.971230e+04 3.535263e+03 4.674932e+03 3.956792e+04 2.375353e+03 5.531207e+03 5.988837e+04 3.396201e+03 -2.919564e+03 1.734382e+05 5.731865e+03 4.529321e+04 2.763473e+03 7.187017e+03 -6.824653e+04 -4.285108e+03 3.157041e+03 -1.976220e+05 2.745416e+03 -6.196963e+03 -3.906305e+03 3.472285e+04 -3.876568e+03 -1.976092e+05 -5.239959e+04 2.782668e+03
-6.767677e-03 -3.352363e+03 8.743352e+03 5.007158e+03 -4.195519e+04 -4.428887e+03 -2.488569e+05 -6.480479e+04 3.635996e+03 4.862362e+03 4.176318e+04 2.495625e+03 5.992773e+03 6.499353e+04 3.482063e+03 -3.062180e+03 1.916839e+05 5.966986e+03 4.781014e+04 2.903578e+03 7.778014e+03 -7.406452e+04 -4.404691e+03 3.315754e+03 -2.184146e+05 2.883424e+03 -6.723965e+03 -4.066748e+03 3.664910e+04 -4.060614e+03 -2.184004e+05 -5.686811e+04 2.854328e+03
-6.565657e-03 -3.534377e+03 9.521972e+03 5.233356e+03 -4.436476e+04 -4.648213e+03 -2.764003e+05 -7.068597e+04 3.745695e+03 5.071831e+03 4.415764e+04 2.631812e+03 6.525444e+03 7.088906e+04 3.574322e+03 -3.214691e+03 2.128939e+05 6.230242e+03 5.055619e+04 3.062243e+03 8.460196e+03 -8.078327e+04 -4.534645e+03 3.485097e+03 -2.425857e+05 3.039623e+03 -7.332060e+03 -4.246380e+03 3.875015e+04 -4.257543e+03 -2.425698e+05 -6.202869e+04 2.931482e+03
-6.363636e-03 -3.742741e+03 1.043071e+04 5.489971e+03 -4.700547e+04 -4.882370e+03 -3.087336e+05 -7.755385e+04 3.866482e+03 5.308592e+03 4.678096e+04 2.787768e+03 7.147075e+03 7.777339e+04 3.674420e+03 -3.377799e+03 2.377923e+05 6.528375e+03 5.356565e+04 3.243966e+03 9.256486e+03 -8.862887e+04 -4.677388e+03 3.665694e+03 -2.709600e+05 3.218414e+03 -8.041604e+03 -4.449801e+03 4.105202e+04 -4.468308e+03 -2.709421e+05 -6.805506e+04 3.015398e+03
-6.161616e-03 -3.984547e+03 1.150566e+04 5.785204e+03 -4.991545e+04 -5.132133e+03 -3.471381e+05 -8.568186e+04 4.001387e+03 5.579936e+03 4.967069e+04 2.968817e+03 7.882350e+03 8.592047e+04 3.784438e+03 -3.552164e+03 2.673656e+05 6.870750e+03 5.688198e+04 3.454960e+03 1.019857e+04 -9.791356e+04 -4.836372e+03 3.858054e+03 -3.046621e+05 3.425873e+03 -8.880728e+03 -4.683396e+03 4.358765e+04 -4.693837e+03 -3.046417e+05 -7.518717e+04 3.107902e+03
-5.959596e-03 -4.269932e+03 1.279848e+04 6.130856e+03 -5.314464e+04 -5.398017e+03 -3.934178e+05 -9.546050e+04 4.154901e+03 5.896350e+03 5.287594e+04 3.182561e+03 8.766560e+03 9.572156e+04 3.907506e+03 -3.738325e+03 3.030030e+05 7.270838e+03 6.056209e+04 3.704102e+03 1.133174e+04 -1.090832e+05 -5.016713e+03 4.062435e+03 -3.452751e+05 3.670683e+03 -9.889655e+03 -4.956354e+03 4.640014e+04 -4.934934e+03 -3.452517e+05 -8.376767e+04 3.211741e+03
-5.757576e-03 -4.614012e+03 1.438620e+04 6.544660e+03 -5.676139e+04 -5.679972e+03 -4.502180e+05 -1.074716e+05 4.334000e+03 6.273596e+03 5.646380e+04 3.440343e+03 9.852358e+03 1.077595e+05 4.048548e+03 -3.936533e+03 3.467414e+05 7.748881e+03 6.468387e+04 4.004634e+03 1.272362e+04 -1.228021e+05 -5.226357e+03 4.278581e+03 -3.951202e+05 3.965793e+03 -1.112839e+04 -5.282481e+03 4.954838e+04 -5.192101e+03 -3.950931e+05 -9.430705e+04 3.331238e+03
-5.555556e-03 -5.040624e+03 1.639022e+04 7.054803e+03 -6.086479e+04 -5.976785e+03 -5.216292e+05 -1.226302e+05 4.550160e+03 6.736724e+03 6.053143e+04 3.760039e+03 1.122271e+04 1.229513e+05 4.215775e+03 -4.146403e+03 4.017308e+05 8.337057e+03 6.936023e+04 4.377433e+03 1.448071e+04 -1.401151e+05 -5.478374e+03 4.505186e+03 -4.577873e+05 4.331610e+03 -1.269149e+04 -5.683723e+03 5.311761e+04 -5.465142e+03 -4.577553e+05 -1.076083e+05 3.473608e+03
-5.353535e-03 -5.590215e+03 1.901633e+04 7.709539e+03 -6.561036e+04 -6.284723e+03 -6.144480e+05 -1.424847e+05 4.823730e+03 7.328623e+03 6.523108e+04 4.171980e+03 1.301825e+04 1.428481e+05 4.423956e+03 -4.366144e+03 4.732046e+05 9.090452e+03 7.476840e+04 4.857926e+03 1.678362e+04 -1.627902e+05 -5.795944e+03 4.738710e+03 -5.392405e+05 4.802766e+03 -1.473921e+04 -6.197650e+03 5.724145e+04 -5.752283e+03 -5.392021e+05 -1.250302e+05 3.651814e+03
-5.151515e-03 -6.338948e+03 2.265134e+04 8.600560e+03 -7.127130e+04 -6.594128e+03 -7.411801e+05 -1.699388e+05 5.194765e+03 8.130795e+03 7.082983e+04 4.733268e+03 1.550333e+04 1.703591e+05 4.702541e+03 -4.590593e+03 5.707929e+05 1.011374e+04 8.121970e+04 5.512821e+03 1.997178e+04 -1.941427e+05 -6.224698e+03 4.970388e+03 -6.504546e+05 5.444453e+03 -1.757279e+04 -6.895654e+03 6.215427e+04 -6.047935e+03 -6.504071e+05 -1.491205e+05 3.891711e+03
-4.949495e-03 -7.454910e+03 2.814670e+04 9.932115e+03 -7.841648e+04 -6.879058e+03 -9.287587e+05 -2.113682e+05 5.755643e+03 9.324809e+03 7.788318e+04 5.569896e+03 1.925980e+04 2.118720e+05 5.120298e+03 -4.805190e+03 7.152351e+05 1.164011e+04 8.936238e+04 6.489340e+03 2.479238e+04 -2.414520e+05 -6.869884e+03 5.177152e+03 -8.150650e+05 6.400525e+03 -2.185528e+04 -7.936773e+03 6.834355e+04 -6.335824e+03 -8.150035e+05 -1.854737e+05 4.253661e+03
-4.747475e-03 -9.429190e+03 3.798085e+04 1.230654e+04 -8.863465e+04 -7.053372e+03 -1.253858e+06 -2.852790e+05 6.788146e+03 1.144616e+04 8.794101e+04 7.049895e+03 2.598134e+04 2.859275e+05 5.889412e+03 -4.960338e+03 9.655744e+05 1.435727e+04 1.010068e+05 8.217599e+03 3.342042e+04 -3.258480e+05 -8.052575e+03 5.283161e+03 -1.100359e+06 8.091181e+03 -2.951666e+04 -9.790032e+03 7.716942e+04 -6.559715e+03 -1.100271e+06 -2.503288e+05 4.923889e+03
-4.545455e-03 -1.520655e+04 6.693332e+04 1.937148e+04 -1.111402e+05 -6.552188e+03 -2.163026e+06 -5.016546e+05 1.005920e+04 1.773790e+04 1.099867e+05 1.137965e+04 4.576778e+04 5.027158e+05 8.355346e+03 -4.725588e+03 1.665677e+06 2.242996e+04 1.266529e+05 1.327673e+04 5.882603e+04 -5.729060e+05 -1.178616e+04 4.793222e+03 -1.898215e+06 1.303560e+04 -5.206572e+04 -1.529582e+04 9.651549e+04 -6.342761e+03 -1.898048e+06 -4.401939e+05 7.083159e+03
-4.343434e-03 4.870573e+04 -2.538650e+05 -6.006771e+04 8.249684e+04 -1.966647e+04 7.441192e+06 1.883414e+06 -2.885314e+04 -5.288001e+04 -7.864801e+04 -3.650362e+04 -1.734516e+05 -1.886821e+06 -2.136822e+04 -1.248010e+04 -5.730078e+06 -6.826467e+04 -9.399724e+04 -4.270094e+04 -2.226998e+05 2.150271e+06 3.254857e+04 1.622339e+04 6.530177e+06 -4.163496e+04 1.977342e+05 4.655875e+04 -6.902568e+04 -1.525250e+04 6.529472e+06 1.652659e+06 -1.900616e+04
-4.141414e-03 2.009931e+04 -1.123023e+05 -2.414230e+04 -9.268282e+03 -1.429199e+04 3.292027e+06 8.360804e+05 -1.059015e+04 -2.092886e+04 1.090425e+04 -1.507627e+04 -7.671168e+04 -8.375040e+05 -7.247837e+03 -9.344238e+03 -2.534982e+06 -2.723988e+04 1.057028e+04 -1.764742e+04 -9.847037e+04 9.544452e+05 1.173165e+04 1.145501e+04 2.888972e+06 -1.716897e+04 8.749629e+04 1.857965e+04 9.562503e+03 -1.173342e+04 2.888651e+06 7.336415e+05 -6.619221e+03
-3.939394e-03 5.027005e+04 -2.721026e+05 -5.904971e+04 9.098965e+04 -1.853490e+04 8.815389e+06 2.054835e+06 -2.326771e+04 -5.195401e+04 -8.683489e+04 -3.771363e+04 -1.859098e+05 -2.058478e+06 -1.589522e+04 -1.166793e+04 -6.788062e+06 -6.708825e+04 -1.036781e+05 -4.407398e+04 -2.387038e+05 2.345912e+06 2.617237e+04 1.510391e+04 7.735936e+06 -4.301367e+04 2.119306e+05 4.575839e+04 -7.620790e+04 -1.445389e+04 7.735251e+06 1.803065e+06 -1.421227e+04
-3.737374e-03 -1.450147e+04 6.621194e+04 1.666466e+04 -1.378701e+05 -1.082230e+04 -2.718405e+06 -5.149179e+05 5.724093e+03 1.537231e+04 1.366746e+05 1.087510e+04 4.528200e+04 5.160143e+05 4.382130e+03 -7.625513e+03 2.093230e+06 1.936324e+04 1.571180e+05 1.265609e+04 5.817982e+04 -5.880689e+05 -6.870931e+03 8.274480e+03 -2.385493e+06 1.246246e+04 -5.152500e+04 -1.320562e+04 1.199312e+05 -9.912915e+03 -2.385355e+06 -4.518264e+05 3.577468e+03
-3.535354e-03 7.261074e+02 -1.528151e+04 -7.059835e+02 -8.998598e+04 -1.326520e+04 1.562557e+05 1.091897e+05 -1.421286e+02 -6.202605e+01 9.007217e+04 -5.536087e+02 -1.040511e+04 -1.092224e+05 5.252138e+02 -9.002467e+03 -1.203123e+05 -4.634394e+02 1.025527e+05 -6.821256e+02 -1.333712e+04 1.244747e+05 -1.917986e+02 1.033208e+04 1.371439e+05 -5.851530e+02 1.193003e+04 3.172782e+02 7.903495e+04 -1.156723e+04 1.370786e+05 9.581032e+04 1.884725e+02
-3.333333e-03 -1.808917e+04 8.602060e+04 1.917415e+04 -1.715070e+05 -1.313918e+04 -3.931088e+06 -6.799193e+05 3.853255e+03 1.762242e+04 1.699593e+05 1.358964e+04 5.882409e+04 6.813274e+05 2.245272e+03 -9.272237e+03 3.026939e+06 2.223925e+04 1.954523e+05 1.579706e+04 7.555476e+04 -7.764702e+05 -4.750195e+03 1.013073e+04 -3.449601e+06 1.556301e+04 -6.696466e+04 -1.516805e+04 1.491373e+05 -1.196636e+04 -3.449432e+06 -5.966071e+05 1.693722e+03
-3.131313e-03 1.168480e+04 -7.720874e+04 -1.170018e+04 -5.914702e+04 -1.538674e+04 2.755248e+06 5.980130e+05 -1.205051e+03 -9.819369e+03 6.020727e+04 -8.799261e+03 -5.271863e+04 -5.988883e+05 7.412075e+02 -1.023789e+04 -2.121498e+06 -1.300480e+04 6.741052e+04 -1.028240e+04 -6.768570e+04 6.825215e+05 1.009175e+03 1.199815e+04 2.417791e+06 -9.997600e+03 6.014320e+04 8.871805e+03 5.282702e+04 -1.317021e+04 2.417601e+06 5.247351e+05 3.700647e+02
-2.929293e-03 5.258360e+03 -4.319542e+04 -4.962928e+03 -9.365981e+04 -1.618425e+04 1.343683e+06 3.329608e+05 6.232854e+01 -3.821848e+03 9.416079e+04 -3.967819e+03 -2.947185e+04 -3.333399e+05 1.241961e+03 -1.090206e+04 -1.034602e+06 -5.308404e+03 1.067414e+05 -4.654234e+03 -3.784208e+04 3.798911e+05 -4.394817e+02 1.258373e+04 1.179116e+06 -4.480922e+03 3.364800e+04 3.622080e+03 8.262116e+04 -1.404165e+04 1.178999e+06 2.921604e+05 8.061126e+02
-2.727273e-03 8.317496e+03 -6.117230e+04 -7.371854e+03 -8.757402e+04 -1.719782e+04 2.289143e+06 4.806487e+05 1.109300e+03 -5.957472e+03 8.835604e+04 -6.279057e+03 -4.175364e+04 -4.812654e+05 2.570367e+03 -1.153402e+04 -1.762565e+06 -8.054770e+03 9.980651e+04 -7.334389e+03 -5.362046e+04 5.484755e+05 -1.636249e+03 1.334483e+04 2.008744e+06 -7.119011e+03 4.764063e+04 5.495623e+03 7.752710e+04 -1.489004e+04 2.008600e+06 4.217500e+05 1.968983e+03
-2.525253e-03 -3.637223e+04 1.813317e+05 2.976058e+04 -3.245765e+05 -2.075071e+04 -1.075691e+07 -1.494029e+06 -9.871638e+03 2.706376e+04 3.213448e+05 2.745835e+04 1.239811e+05 1.496919e+06 -1.265635e+04 -1.479002e+04 8.282459e+06 3.434086e+04 3.698971e+05 3.180954e+04 1.591714e+05 -1.705970e+06 1.087499e+04 1.631401e+04 -9.439108e+06 3.139818e+04 -1.412362e+05 -2.342596e+04 2.819730e+05 -1.875040e+04 -9.438784e+06 -1.310950e+06 -1.139448e+04
-2.323232e-03 -4.595556e+02 -1.592314e+04 3.080664e+02 -1.539023e+05 -2.044131e+04 -1.366295e+05 1.158474e+05 -2.277690e+02 8.787622e+02 1.539039e+05 3.415309e+02 -1.082117e+04 -1.157687e+05 3.607308e+02 -1.390581e+04 1.052029e+05 7.177646e+02 1.753964e+05 3.527910e+02 -1.392311e+04 1.319370e+05 -1.168139e+02 1.588084e+04 -1.198616e+05 4.401556e+02 1.238116e+04 -4.887842e+02 1.350437e+05 -1.790338e+04 -1.199201e+05 1.016508e+05 2.672757e+01
-2.121212e-03 -1.504512e+04 5.818728e+04 9.915751e+03 -2.569242e+05 -2.366404e+04 -5.189264e+06 -5.109690e+05 -8.778554e+03 9.423144e+03 2.556461e+05 1.138961e+04 3.983821e+04 5.121700e+05 -9.286707e+03 -1.636193e+04 3.995474e+06 1.168673e+04 2.928038e+05 1.312861e+04 5.110257e+04 -5.836984e+05 9.627671e+03 1.851792e+04 -4.553443e+06 1.305319e+04 -4.535638e+04 -7.972753e+03 2.243198e+05 -2.089351e+04 -4.553383e+06 -4.483530e+05 -8.438875e+03
-1.919192e-03 5.592809e+04 -3.011016e+05 -3.229975e+04 1.889564e+05 -1.802128e+04 2.086989e+07 2.577883e+06 4.184700e+04 -2.812097e+04 -1.841022e+05 -4.243708e+04 -2.057379e+05 -2.581996e+06 4.615261e+04 -1.126919e+04 -1.606850e+07 -3.650906e+04 -2.153392e+05 -4.903939e+04 -2.641674e+05 2.942599e+06 -4.806591e+04 1.335975e+04 1.831267e+07 -4.839733e+04 2.345071e+05 2.491266e+04 -1.615464e+05 -1.529529e+04 1.831234e+07 2.261974e+06 4.020849e+04
-1.717172e-03 -2.115974e+05 9.683079e+05 1.029260e+05 -1.770620e+06 -5.306355e+04 -8.526949e+07 -8.660370e+06 -1.945895e+05 9.213903e+04 1.753251e+06 1.608201e+05 6.619931e+05 8.675301e+06 -2.057054e+05 -3.962576e+04 6.564790e+07 1.178604e+05 2.017995e+06 1.853060e+05 8.496373e+05 -9.886911e+06 2.214049e+05 4.380150e+04 -7.481639e+07 1.836383e+05 -7.544513e+05 -8.043388e+04 1.538330e+06 -4.792156e+04 -7.482001e+07 -7.599069e+06 -1.807746e+05
-1.515152e-03 -8.851751e+03 9.907984e+03 3.336199e+03 -3.012874e+05 -3.100510e+04 -3.801546e+06 -1.388348e+05 -9.979935e+03 3.559198e+03 3.006663e+05 6.736241e+03 6.876159e+03 1.395061e+05 -9.750587e+03 -2.122254e+04 2.926935e+06 4.166321e+03 3.433658e+05 7.704905e+03 8.722898e+03 -1.589894e+05 1.100655e+04 2.417051e+04 -3.335688e+06 7.739325e+03 -7.807451e+03 -2.843197e+03 2.638206e+05 -2.722158e+04 -3.335707e+06 -1.218213e+05 -8.838402e+03
-1.313131e-03 5.202802e+03 -5.063245e+04 -1.661568e+03 -2.074715e+05 -3.294679e+04 2.402062e+06 4.321271e+05 6.642448e+03 -8.977634e+02 2.079196e+05 -3.972929e+03 -3.451033e+04 -4.323742e+05 7.428136e+03 -2.232682e+04 -1.849407e+06 -1.545554e+03 2.364491e+05 -4.605297e+03 -4.440413e+04 4.927623e+05 -7.930578e+03 2.548175e+04 2.107737e+06 -4.487380e+03 3.935357e+04 1.056011e+03 1.824384e+05 -2.887249e+04 2.107660e+06 3.791699e+05 6.240336e+03
-1.111111e-03 -6.891731e+03 -1.623181e+04 1.231636e+03 -3.773539e+05 -3.979551e+04 -3.358867e+06 5.464904e+04 -1.036816e+04 1.667434e+03 3.770070e+05 5.264379e+03 -1.095020e+04 -5.416577e+04 -9.920090e+03 -2.715084e+04 2.586074e+06 1.751045e+03 4.300576e+05 5.989793e+03 -1.422403e+04 6.173169e+04 1.146227e+04 3.094774e+04 -2.947228e+06 6.057166e+03 1.249811e+04 -1.195840e+03 3.308047e+05 -3.491373e+04 -2.947270e+06 4.795125e+04 -8.976917e+03
-9.090909e-04 -2.151750e+04 -1.434957e+03 2.252295e+03 -6.647792e+05 -5.007297e+04 -1.108043e+07 -2.651613e+05 -3.574904e+04 2.581476e+03 6.637410e+05 1.647221e+04 -7.354823e+02 2.663261e+05 -3.541068e+04 -3.429244e+04 8.531053e+06 2.917114e+03 7.576264e+05 1.880123e+04 -1.244946e+03 -3.035220e+05 4.038709e+04 3.907816e+04 -9.722524e+06 1.885219e+04 8.523336e+02 -1.995837e+03 5.823995e+05 -4.394031e+04 -9.722550e+06 -2.326664e+05 -3.134433e+04
-7.070707e-04 -6.351102e+04 -2.100389e+04 1.965960e+03 -1.711424e+06 -8.159918e+04 -3.421871e+07 -9.140193e+05 -1.148348e+05 2.476458e+03 1.708975e+06 4.869957e+04 -1.370562e+04 9.167221e+05 -1.143102e+05 -5.607040e+04 2.634561e+07 2.670914e+03 1.950454e+06 5.557494e+04 -1.841666e+04 -1.044756e+06 1.304358e+05 6.390323e+04 -3.002518e+07 5.565398e+04 1.563301e+04 -1.841946e+03 1.499539e+06 -7.159750e+04 -3.002523e+07 -8.020072e+05 -1.006384e+05
-5.050505e-04 -5.026330e+04 -7.073637e+04 -1.430883e+03 -1.464962e+06 -3.150364e+04 -2.805360e+07 -6.695777e+05 -9.681547e+04 -1.066679e+03 1.463676e+06 3.858972e+04 -4.776826e+04 6.711176e+05 -9.644124e+04 -2.176122e+04 2.159887e+07 -1.521054e+03 1.669572e+06 4.401326e+04 -6.206980e+04 -7.648517e+05 1.102224e+05 2.480506e+04 -2.461554e+07 4.406969e+04 5.443767e+04 1.020670e+03 1.284298e+06 -2.763833e+04 -2.461558e+07 -5.875195e+05 -8.471082e+04
-3.030303e-04 6.193442e+03 -5.325929e+04 3.227192e+02 -3.637799e+05 -7.956839e+04 3.542936e+06 6.688592e+05 1.233872e+04 6.069203e+02 3.640237e+05 -4.760284e+03 -3.624738e+04 -6.687717e+05 1.263074e+04 -5.408404e+04 -2.727761e+06 5.634139e+02 4.145896e+05 -5.451778e+03 -4.673446e+04 7.621790e+05 -1.426202e+04 6.163535e+04 3.108755e+06 -5.407727e+03 4.130779e+04 -3.820045e+02 3.194111e+05 -6.981966e+04 3.108730e+06 5.868886e+05 1.092886e+04
-1.010101e-04 8.639453e+04 -4.994960e+04 7.315420e+03 -8.403920e+04 -1.391449e+06 5.026661e+07 1.111482e+07 1.760583e+05 8.342843e+03 8.467559e+04 -6.642412e+04 -3.409112e+04 -1.111125e+07 1.771035e+05 -9.461352e+05 -3.869876e+07 9.484249e+03 9.577777e+04 -7.583219e+04 -4.382692e+04 1.266386e+07 -2.018106e+05 1.078337e+06 4.410634e+07 -7.567601e+04 3.885382e+04 -6.438652e+03 7.429778e+04 -1.220860e+06 4.410376e+07 9.752120e+06 1.545042e+05
1.010101e-04 -8.639453e+04 -4.994960e+04 -7.315420e+03 -8.403920e+04 -1.391449e+06 -5.026661e+07 1.111482e+07 -1.760583e+05 -8.342843e+03 8.467559e+04 6.642412e+04 -3.409112e+04 -1.111125e+07 -1.771035e+05 -9.461352e+05 3.869876e+07 -9.484249e+03 9.577777e+04 7.583219e+04 -4.382692e+04 1.266386e+07 2.018106e+05 1.078337e+06 -4.410634e+07 7.567601e+04 3.885382e+04 6.438652e+03 7.429778e+04 -1.220860e+06 -4.410376e+07 9.752120e+06 -1.545042e+05
3.030303e-04 -6.193442e+03 -5.325929e+04 -3.227192e+02 -3.637799e+05 -7.956839e+04 -3.542936e+06 6.688592e+05 -1.233872e+04 -6.069203e+02 3.640237e+05 4.760284e+03 -3.624738e+04 -6.687717e+05 -1.263074e+04 -5.408404e+04 2.727761e+06 -5.634139e+02 4.145896e+05 5.451778e+03 -4.673446e+04 7.621790e+05 1.426202e+04 6.163535e+04 -3.108755e+06 5.407727e+03 4.130779e+04 3.820045e+02 3.194111e+05 -6.981966e+04 -3.108730e+06 5.868886e+05 -1.092886e+04
5.050505e-04 5.026330e+04 -7.073637e+04 1.430883e+03 -1.464962e+06 -3.150364e+04 2.805360e+07 -6.695777e+05 9.681547e+04 1.066679e+03 1.463676e+06 -3.858972e+04 -4.776826e+04 6.711176e+05 9.644124e+04 -2.176122e+04 -2.159887e+07 1.521054e+03 1.669572e+06 -4.401326e+04 -6.206980e+04 -7.648517e+05 -1.102224e+05 2.480506e+04 2.461554e+07 -4.406969e+04 5.443767e+04 -1.020670e+03 1.284298e+06 -2.763833e+04 2.461558e+07 -5.875195e+05 8.471082e+04
7.070707e-04 6.351102e+04 -2.100389e+04 -1.965960e+03 -1.711424e+06 -8.159918e+04 3.421871e+07 -9.140193e+05 1.148348e+05 -2.476458e+03 1.708975e+06 -4.869957e+04 -1.370562e+04 9.167221e+05 1.143102e+05 -5.607040e+04 -2.634561e+07 -2.670914e+03 1.950454e+06 -5.557494e+04 -1.841666e+04 -1.044756e+06 -1.304358e+05 6.390323e+04 3.002518e+07 -5.565398e+04 1.563301e+04 1.841946e+03 1.499539e+06 -7.159750e+04 3.002523e+07 -8.020072e+05 1.006384e+05
9.090909e-04 2.151750e+04 -1.434957e+03 -2.252295e+03 -6.647792e+05 -5.007297e+04 1.108043e+07 -2.651613e+05 3.574904e+04 -2.581476e+03 6.637410e+05 -1.647221e+04 -7.354823e+02 2.663261e+05 3.541068e+04 -3.429244e+04 -8.531053e+06 -2.917114e+03 7.576264e+05 -1.880123e+04 -1.244946e+03 -3.035220e+05 -4.038709e+04 3.907816e+04 9.722524e+06 -1.885219e+04 8.523336e+02 1.995837e+03 5.823995e+05 -4.394031e+04 9.722550e+06 -2.326664e+05 3.134433e+04
1.111111e-03 6.891731e+03 -1.623181e+04 -1.231636e+03 -3.773539e+05 -3.979551e+04 3.358867e+06 5.464904e+04 1.036816e+04 -1.667434e+03 3.770070e+05 -5.264379e+03 -1.095020e+04 -5.416577e+04 9.920090e+03 -2.715084e+04 -2.586074e+06 -1.751045e+03 4.300576e+05 -5.989793e+03 -1.422403e+04 6.173169e+04 -1.146227e+04 3.094774e+04 2.947228e+06 -6.057166e+03 1.249811e+04 1.195840e+03 3.308047e+05 -3.491373e+04 2.947270e+06 4.795125e+04 8.976917e+03
1.313131e-03 -5.202802e+03 -5.063245e+04 1.661568e+03 -2.074715e+05 -3.294679e+04 -2.402062e+06 4.321271e+05 -6.642448e+03 8.977634e+02 2.079196e+05 3.972929e+03 -3.451033e+04 -4.323742e+05 -7.428136e+03 -2.232682e+04 1.849407e+06 1.545554e+03 2.364491e+05 4.605297e+03 -4.440413e+04 4.927623e+05 7.930578e+03 2.548175e+04 -2.107737e+06 4.487380e+03 3.935357e+04 -1.056011e+03 1.824384e+05 -2.887249e+04 -2.107660e+06 3.791699e+05 -6.240336e+03
1.515152e-03 8.851751e+03 9.907984e+03 -3.336199e+03 -3.012874e+05 -3.100510e+04 3.801546e+06 -1.388348e+05 9.979935e+03 -3.559198e+03 3.006663e+05 -6.736241e+03 6.876159e+03 1.395061e+05 9.750587e+03 -2.122254e+04 -2.926935e+06 -4.166321e+03 3.433658e+05 -7.704905e+03 8.722898e+03 -1.589894e+05 -1.100655e+04 2.417051e+04 3.335688e+06 -7.739325e+03 -7.807451e+03 2.843197e+03 2.638206e+05 -2.722158e+04 3.335707e+06 -1.218213e+05 8.838402e+03
1.717172e-03 2.115974e+05 9.683077e+05 -1.029259e+05 -1.770620e+06 -5.306354e+04 8.526947e+07 -8.660368e+06 1.945894e+05 -9.213901e+04 1.753251e+06 -1.608200e+05 6.619929e+05 8.675299e+06 2.057053e+05 -3.962575e+04 -6.564789e+07 -1.178603e+05 2.017994e+06 -1.853059e+05 8.496371e+05 -9.886908e+06 -2.214048e+05 4.380149e+04 7.481638e+07 -1.836382e+05 -7.544511e+05 8.043386e+04 1.538330e+06 -4.792156e+04 7.482000e+07 -7.599067e+06 1.807745e+05
1.919192e-03 -5.592809e+04 -3.011016e+05 3.229975e+04 1.889564e+05 -1.802128e+04 -2.086989e+07 2.577883e+06 -4.184700e+04 2.812097e+04 -1.841022e+05 4.243708e+04 -2.057379e+05 -2.581996e+06 -4.615261e+04 -1.126919e+04 1.606850e+07 3.650906e+04 -2.153392e+05 4.903939e+04 -2.641674e+05 2.942599e+06 4.806591e+04 1.335975e+04 -1.831267e+07 4.839733e+04 2.345071e+05 -2.491266e+04 -1.615464e+05 -1.529529e+04 -1.831234e+07 2.261974e+06 -4.020849e+04
2.121212e-03 1.504512e+04 5.818728e+04 -9.915751e+03 -2.569242e+05 -2.366404e+04 5.189264e+06 -5.109690e+05 8.778554e+03 -9.423144e+03 2.556461e+05 -1.138961e+04 3.983821e+04 5.121700e+05 9.286707e+03 -1.636193e+04 -3.995474e+06 -1.168673e+04 2.928038e+05 -1.312861e+04 5.110257e+04 -5.836984e+05 -9.627671e+03 1.851792e+04 4.553443e+06 -1.305319e+04 -4.535638e+04 7.972753e+03 2.243198e+05 -2.089351e+04 4.553383e+06 -4.483530e+05 8.438875e+03
2.323232e-03 4.595556e+02 -1.592314e+04 -3.080664e+02 -1.539023e+05 -2.044131e+04 1.366295e+05 1.158474e+05 2.277690e+02 -8.787622e+02 1.539039e+05 -3.415309e+02 -1.082117e+04 -1.157687e+05 -3.607308e+02 -1.390581e+04 -1.052029e+05 -7.177646e+02 1.753964e+05 -3.527910e+02 -1.392311e+04 1.319370e+05 1.168139e+02 1.588084e+04 1.198616e+05 -4.401556e+02 1.238116e+04 4.887842e+02 1.350437e+05 -1.790338e+04 1.199201e+05 1.016508e+05 -2.672757e+01
2.525253e-03 3.637223e+04 1.813317e+05 -2.976058e+04 -3.245765e+05 -2.075071e+04 1.075691e+07 -1.494029e+06 9.871638e+03 -2.706376e+04 3.213448e+05 -2.745835e+04 1.239811e+05 1.496919e+06 1.265635e+04 -1.479002e+04 -8.282459e+06 -3.434086e+04 3.698971e+05 -3.180954e+04 1.591714e+05 -1.705970e+06 -1.087499e+04 1.631401e+04 9.439108e+06 -3.139818e+04 -1.412362e+05 2.342596e+04 2.819730e+05 -1.875040e+04 9.438784e+06 -1.310950e+06 1.139448e+04
2.727273e-03 -8.317496e+03 -6.117230e+04 7.371854e+03 -8.757402e+04 -1.719782e+04 -2.289143e+06 4.806487e+05 -1.109300e+03 5.957472e+03 8.835604e+04 6.279057e+03 -4.175364e+04 -4.812654e+05 -2.570367e+03 -1.153402e+04 1.762565e+06 8.054770e+03 9.980651e+04 7.334389e+03 -5.362046e+04 5.484755e+05 1.636249e+03 1.334483e+04 -2.008744e+06 7.119011e+03 4.764063e+04 -5.495623e+03 7.752710e+04 -1.489004e+04 -2.008600e+06 4.217500e+05 -1.968983e+03
2.929293e-03 -5.258360e+03 -4.319542e+04 4.962928e+03 -9.365981e+04 -1.618425e+04 -1.343683e+06 3.329608e+05 -6.232854e+01 3.821848e+03 9.416079e+04 3.967819e+03 -2.947185e+04 -3.333399e+05 -1.241961e+03 -1.090206e+04 1.034602e+06 5.308404e+03 1.067414e+05 4.654234e+03 -3.784208e+04 3.798911e+05 4.394817e+02 1.258373e+04 -1.179116e+06 4.480922e+03 3.364800e+04 -3.622080e+03 8.262116e+04 -1.404165e+04 -1.178999e+06 2.921604e+05 -8.061126e+02
3.131313e-03 -1.168480e+04 -7.720874e+04 1.170018e+04 -5.914702e+04 -1.538674e+04 -2.755248e+06 5.980130e+05 1.205051e+03 9.819369e+03 6.020727e+04 8.799261e+03 -5.271863e+04 -5.988883e+05 -7.412075e+02 -1.023789e+04 2.121498e+06 1.300480e+04 6.741052e+04 1.028240e+04 -6.768570e+04 6.825215e+05 -1.009175e+03 1.199815e+04 -2.417791e+06 9.997600e+03 6.014320e+04 -8.871805e+03 5.282702e+04 -1.317021e+04 -2.417601e+06 5.247351e+05 -3.700647e+02
3.333333e-03 1.808917e+04 8.602060e+04 -1.917415e+04 -1.715070e+05 -1.313918e+04 3.931088e+06 -6.799193e+05 -3.853255e+03 -1.762242e+04 1.699593e+05 -1.358964e+04 5.882409e+04 6.813274e+05 -2.245272e+03 -9.272237e+03 -3.026939e+06 -2.223925e+04 1.954523e+05 -1.579706e+04 7.555476e+04 -7.764702e+05 4.750195e+03 1.013073e+04 3.449601e+06 -1.556301e+04 -6.696466e+04 1.516805e+04 1.491373e+05 -1.196636e+04 3.449432e+06 -5.966071e+05 -1.693722e+03
3.535354e-03 -7.261074e+02 -1.528151e+04 7.059835e+02 -8.998598e+04 -1.326520e+04 -1.562557e+05 1.091897e+05 1.421286e+02 6.202605e+01 9.007217e+04 5.536087e+02 -1.040511e+04 -1.092224e+05 -5.252138e+02 -9.002467e+03 1.203123e+05 4.634394e+02 1.025527e+05 6.821256e+02 -1.333712e+04 1.244747e+05 1.917986e+02 1.033208e+04 -1.371439e+05 5.851530e+02 1.193003e+04 -3.172782e+02 7.903495e+04 -1.156723e+04 -1.370786e+05 9.581032e+04 -1.884725e+02
3.737374e-03 1.450147e+04 6.621194e+04 -1.666466e+04 -1.378701e+05 -1.082230e+04 2.718405e+06 -5.149179e+05 -5.724093e+03 -1.537231e+04 1.366746e+05 -1.087510e+04 4.528200e+04 5.160143e+05 -4.382130e+03 -7.625513e+03 -2.093230e+06 -1.936324e+04 1.571180e+05 -1.265609e+04 5.817982e+04 -5.880689e+05 6.870931e+03 8.274480e+03 2.385493e+06 -1.246246e+04 -5.152500e+04 1.320562e+04 1.199312e+05 -9.912915e+03 2.385355e+06 -4.518264e+05 -3.577468e+03
3.939394e-03 -5.027005e+04 -2.721026e+05 5.904971e+04 9.098964e+04 -1.853490e+04 -8.815389e+06 2.054834e+06 2.326771e+04 5.195401e+04 -8.683489e+04 3.771363e+04 -1.859098e+05 -2.058478e+06 1.589522e+04 -1.166793e+04 6.788062e+06 6.708825e+04 -1.036781e+05 4.407398e+04 -2.387038e+05 2.345912e+06 -2.617237e+04 1.510391e+04 -7.735936e+06 4.301367e+04 2.119306e+05 -4.575839e+04 -7.620789e+04 -1.445389e+04 -7.735251e+06 1.803065e+06 1.421227e+04
4.141414e-03 -2.009931e+04 -1.123023e+05 2.414230e+04 -9.268282e+03 -1.429199e+04 -3.292027e+06 8.360804e+05 1.059015e+04 2.092886e+04 1.090425e+04 1.507627e+04 -7.671168e+04 -8.375040e+05 7.247837e+03 -9.344238e+03 2.534982e+06 2.723988e+04 1.057028e+04 1.764742e+04 -9.847037e+04 9.544452e+05 -1.173165e+04 1.145501e+04 -2.888972e+06 1.716897e+04 8.749629e+04 -1.857965e+04 9.562503e+03 -1.173342e+04 -2.888651e+06 7.336415e+05 6.619221e+03
4.343434e-03 -4.870573e+04 -2.538650e+05 6.006771e+04 8.249684e+04 -1.966647e+04 -7.441192e+06 1.883414e+06 2.885314e+04 5.288001e+04 -7.864801e+04 3.650362e+04 -1.734516e+05 -1.886821e+06 2.136822e+04 -1.248010e+04 5.730078e+06 6.826467e+04 -9.399724e+04 4.270094e+04 -2.226998e+05 2.150271e+06 -3.254857e+04 1.622339e+04 -6.530177e+06 4.163496e+04 1.977342e+05 -4.655875e+04 -6.902568e+04 -1.525250e+04 -6.529472e+06 1.652659e+06 1.900616e+04
4.545455e-03 1.520655e+04 6.693332e+04 -1.937148e+04 -1.111402e+05 -6.552188e+03 2.163026e+06 -5.016546e+05 -1.005920e+04 -1.773790e+04 1.099867e+05 -1.137965e+04 4.576778e+04 5.027158e+05 -8.355346e+03 -4.725588e+03 -1.665677e+06 -2.242996e+04 1.266529e+05 -1.327673e+04 5.882603e+04 -5.729060e+05 1.178616e+04 4.793222e+03 1.898215e+06 -1.303560e+04 -5.206572e+04 1.529582e+04 9.651549e+04 -6.342761e+03 1.898048e+06 -4.401939e+05 -7.083159e+03
4.747475e-03 9.429190e+03 3.798085e+04 -1.230654e+04 -8.863465e+04 -7.053372e+03 1.253858e+06 -2.852790e+05 -6.788146e+03 -1.144616e+04 8.794101e+04 -7.049895e+03 2.598134e+04 2.859275e+05 -5.889412e+03 -4.960338e+03 -9.655744e+05 -1.435727e+04 1.010068e+05 -8.217599e+03 3.342042e+04 -3.258480e+05 8.052575e+03 5.283161e+03 1.100359e+06 -8.091181e+03 -2.951666e+04 9.790032e+03 7.716942e+04 -6.559715e+03 1.100271e+06 -2.503288e+05 -4.923889e+03
4.949495e-03 7.454910e+03 2.814670e+04 -9.932115e+03 -7.841648e+04 -6.879058e+03 9.287587e+05 -2.113682e+05 -5.755643e+03 -9.324809e+03 7.788318e+04 -5.569896e+03 1.925980e+04 2.118720e+05 -5.120298e+03 -4.805190e+03 -7.152351e+05 -1.164011e+04 8.936238e+04 -6.489340e+03 2.479238e+04 -2.414520e+05 6.869884e+03 5.177152e+03 8.150650e+05 -6.400525e+03 -2.185528e+04 7.936773e+03 6.834355e+04 -6.335824e+03 8.150035e+05 -1.854737e+05 -4.253661e+03
5.151515e-03 6.338948e+03 2.265134e+04 -8.600560e+03 -7.127130e+04 -6.594128e+03 7.411801e+05 -1.699388e+05 -5.194765e+03 -8.130795e+03 7.082983e+04 -4.733268e+03 1.550333e+04 1.703591e+05 -4.702541e+03 -4.590593e+03 -5.707929e+05 -1.011374e+04 8.121970e+04 -5.512821e+03 1.997178e+04 -1.941427e+05 6.224698e+03 4.970388e+03 6.504546e+05 -5.444453e+03 -1.757279e+04 6.895654e+03 6.215427e+04 -6.047935e+03 6.504071e+05 -1.491205e+05 -3.891711e+03
5.353535e-03 5.590215e+03 1.901633e+04 -7.709539e+03 -6.561036e+04 -6.284723e+03 6.144480e+05 -1.424847e+05 -4.823730e+03 -7.328623e+03 6.523108e+04 -4.171980e+03 1.301825e+04 1.428481e+05 -4.423956e+03 -4.366144e+03 -4.732046e+05 -9.090452e+03 7.476840e+04 -4.857926e+03 1.678362e+04 -1.627902e+05 5.795944e+03 4.738710e+03 5.392405e+05 -4.802766e+03 -1.473921e+04 6.197650e+03 5.724145e+04 -5.752283e+03 5.392021e+05 -1.250302e+05 -3.651814e+03
5.555556e-03 5.040624e+03 1.639022e+04 -7.054803e+03 -6.086479e+04 -5.976785e+03 5.216292e+05 -1.226302e+05 -4.550160e+03 -6.736724e+03 6.053143e+04 -3.760039e+03 1.122271e+04 1.229513e+05 -4.215775e+03 -4.146403e+03 -4.017308e+05 -8.337057e+03 6.936023e+04 -4.377433e+03 1.448071e+04 -1.401151e+05 5.478374e+03 4.505186e+03 4.577873e+05 -4.331610e+03 -1.269149e+04 5.683723e+03 5.311761e+04 -5.465142e+03 4.577553e+05 -1.076083e+05 -3.473608e+03
5.757576e-03 4.614012e+03 1.438620e+04 -6.544660e+03 -5.676139e+04 -5.679972e+03 4.502180e+05 -1.074716e+05 -4.334000e+03 -6.273596e+03 5.646380e+04 -3.440343e+03 9.852358e+03 1.077595e+05 -4.048548e+03 -3.936533e+03 -3.467414e+05 -7.748881e+03 6.468387e+04 -4.004634e+03 1.272362e+04 -1.228021e+05 5.226357e+03 4.278581e+03 3.951202e+05 -3.965793e+03 -1.112839e+04 5.282481e+03 4.954838e+04 -5.192101e+03 3.950931e+05 -9.430705e+04 -3.331238e+03
5.959596e-03 4.269932e+03 1.279848e+04 -6.130856e+03 -5.314464e+04 -5.398017e+03 3.934178e+05 -9.546050e+04 -4.154901e+03 -5.896350e+03 5.287594e+04 -3.182561e+03 8.766560e+03 9.572156e+04 -3.907506e+03 -3.738325e+03 -3.030030e+05 -7.270838e+03 6.056209e+04 -3.704102e+03 1.133174e+04 -1.090832e+05 5.016713e+03 4.062435e+03 3.452751e+05 -3.670683e+03 -9.889655e+03 4.956354e+03 4.640014e+04 -4.934934e+03 3.452517e+05 -8.376767e+04 -3.211741e+03
6.161616e-03 3.984547e+03 1.150566e+04 -5.785204e+03 -4.991545e+04 -5.132133e+03 3.471381e+05 -8.568186e+04 -4.001387e+03 -5.579936e+03 4.967069e+04 -2.968817e+03 7.882350e+03 8.592047e+04 -3.784438e+03 -3.552164e+03 -2.673656e+05 -6.870750e+03 5.688198e+04 -3.454960e+03 1.019857e+04 -9.791356e+04 4.836372e+03 3.858054e+03 3.046621e+05 -3.425873e+03 -8.880728e+03 4.683396e+03 4.358765e+04 -4.693837e+03 3.046417e+05 -7.518717e+04 -3.107902e+03
6.363636e-03 3.742741e+03 1.043071e+04 -5.489971e+03 -4.700547e+04 -4.882370e+03 3.087336e+05 -7.755385e+04 -3.866482e+03 -5.308592e+03 4.678096e+04 -2.787768e+03 7.147075e+03 7.777339e+04 -3.674420e+03 -3.377799e+03 -2.377923e+05 -6.528375e+03 5.356565e+04 -3.243966e+03 9.256486e+03 -8.862887e+04 4.677388e+03 3.665694e+03 2.709600e+05 -3.218414e+03 -8.041604e+03 4.449801e+03 4.105202e+04 -4.468308e+03 2.709421e+05 -6.805506e+04 -3.015398e+03
6.565657e-03 3.534377e+03 9.521972e+03 -5.233356e+03 -4.436476e+04 -4.648213e+03 2.764003e+05 -7.068597e+04 -3.745695e+03 -5.071831e+03 4.415764e+04 -2.631812e+03 6.525444e+03 7.088906e+04 -3.574322e+03 -3.214691e+03 -2.128939e+05 -6.230242e+03 5.055619e+04 -3.062243e+03 8.460196e+03 -8.078327e+04 4.534645e+03 3.485097e+03 2.425857e+05 -3.039623e+03 -7.332060e+03 4.246380e+03 3.875015e+04 -4.257543e+03 2.425698e+05 -6.202869e+04 -2.931482e+03
6.767677e-03 3.352363e+03 8.743352e+03 -5.007158e+03 -4.195519e+04 -4.428887e+03 2.488569e+05 -6.480479e+04 -3.635996e+03 -4.862362e+03 4.176318e+04 -2.495625e+03 5.992773e+03 6.499353e+04 -3.482063e+03 -3.062180e+03 -1.916839e+05 -5.966986e+03 4.781014e+04 -2.903578e+03 7.778014e+03 -7.406452e+04 4.404691e+03 3.315754e+03 2.184146e+05 -2.883424e+03 -6.723965e+03 4.066748e+03 3.664910e+04 -4.060614e+03 2.184004e+05 -5.686811e+04 -2.854328e+03
6.969697e-03 3.191562e+03 8.068720e+03 -4.805471e+03 -3.974666e+04 -4.223506e+03 2.251632e+05 -5.971230e+04 -3.535263e+03 -4.674932e+03 3.956792e+04 -2.375353e+03 5.531207e+03 5.988837e+04 -3.396201e+03 -2.919564e+03 -1.734382e+05 -5.731865e+03 4.529321e+04 -2.763473e+03 7.187017e+03 -6.824653e+04 4.285108e+03 3.157041e+03 1.976220e+05 -2.745416e+03 -6.196963e+03 3.906305e+03 3.472285e+04 -3.876568e+03 1.976092e+05 -5.239959e+04 -2.782668e+03
7.171717e-03 3.048146e+03 7.478642e+03 -4.623916e+03 -3.771481e+04 -4.031153e+03 2.046115e+05 -5.526109e+04 -3.441961e+03 -4.505645e+03 3.754783e+04 -2.268123e+03 5.127461e+03 5.542590e+04 -3.315701e+03 -2.786148e+03 -1.576120e+05 -5.519877e+03 4.297763e+04 -2.638574e+03 6.670158e+03 -6.316096e+04 4.174144e+03 3.008295e+03 1.795865e+05 -2.622319e+03 -5.735913e+03 3.761640e+03 3.295030e+04 -3.704474e+03 1.795749e+05 -4.849377e+04 -2.715599e+03
7.373737e-03 2.919195e+03 6.958326e+03 -4.459167e+03 -3.583950e+04 -3.850927e+03 1.866571e+05 -5.133887e+04 -3.354946e+03 -4.351539e+03 3.568301e+04 -2.171743e+03 4.771423e+03 5.149360e+04 -3.239799e+03 -2.661262e+03 -1.437857e+05 -5.327221e+03 4.084046e+04 -2.526325e+03 6.214459e+03 -5.867960e+04 4.070492e+03 2.868847e+03 1.638302e+05 -2.511629e+03 -5.329286e+03 3.630161e+03 3.131400e+04 -3.543444e+03 1.638198e+05 -4.505213e+04 -2.652449e+03
7.575758e-03 2.802437e+03 6.496287e+03 -4.308640e+03 -3.410383e+04 -3.681963e+03 1.708734e+05 -4.785843e+04 -3.273344e+03 -4.210314e+03 3.395676e+04 -2.084507e+03 4.455242e+03 4.800409e+04 -3.167913e+03 -2.544274e+03 -1.316310e+05 -5.150947e+03 3.886243e+04 -2.424736e+03 5.809847e+03 -5.470285e+04 3.973154e+03 2.738052e+03 1.499789e+05 -2.411399e+03 -4.968131e+03 3.509854e+03 2.979929e+04 -3.392644e+03 1.499694e+05 -4.199814e+04 -2.592713e+03
7.777778e-03 2.696073e+03 6.083457e+03 -4.170298e+03 -3.249341e+04 -3.523444e+03 1.569210e+05 -4.475092e+04 -3.196471e+03 -4.080151e+03 3.235485e+04 -2.005065e+03 4.172719e+03 4.488835e+04 -3.099592e+03 -2.434594e+03 -1.208864e+05 -4.988721e+03 3.702713e+04 -2.332231e+03 5.448370e+03 -5.115208e+04 3.881350e+03 2.615293e+03 1.377346e+05 -2.320087e+03 -4.645380e+03 3.399130e+03 2.839368e+04 -3.251302e+03 1.377259e+05 -3.927137e+04 -2.535994e+03
7.979798e-03 2.598655e+03 5.712576e+03 -4.042501e+03 -3.099588e+04 -3.374609e+03 1.445263e+05 -4.196114e+04 -3.123785e+03 -3.959588e+03 3.086502e+04 -1.932329e+03 3.918889e+03 4.209110e+04 -3.034472e+03 -2.331676e+03 -1.113413e+05 -4.838671e+03 3.532048e+04 -2.247544e+03 5.123657e+03 -4.796426e+04 3.794454e+03 2.499995e+03 1.268573e+05 -2.236451e+03 -4.355372e+03 3.296710e+03 2.708642e+04 -3.118703e+03 1.268493e+05 -3.682342e+04 -2.481978e+03
8.181818e-03 2.509005e+03 5.377750e+03 -3.923916e+03 -2.960048e+04 -3.234748e+03 1.334664e+05 -3.944435e+04 -3.054844e+03 -3.847433e+03 2.947665e+04 -1.865418e+03 3.689722e+03 3.956748e+04 -2.972260e+03 -2.235014e+03 -1.028240e+05 -4.699271e+03 3.373024e+04 -2.169643e+03 4.830542e+03 -4.508828e+04 3.711960e+03 2.391617e+03 1.171512e+05 -2.159481e+03 -4.093512e+03 3.201554e+03 2.586818e+04 -2.994188e+03 1.171439e+05 -3.461500e+04 -2.430410e+03
8.383838e-03 2.426154e+03 5.074144e+03 -3.813446e+03 -2.829784e+04 -3.103209e+03 1.235576e+05 -3.716380e+04 -2.989282e+03 -3.742703e+03 2.818044e+04 -1.803600e+03 3.481914e+03 3.728067e+04 -2.912711e+03 -2.144145e+03 -9.519304e+04 -4.569263e+03 3.224572e+04 -2.097678e+03 4.564784e+03 -4.248219e+04 3.633449e+03 2.289661e+03 1.084553e+05 -2.088346e+03 -3.856030e+03 3.112803e+03 2.473081e+04 -2.877154e+03 1.084486e+05 -3.261387e+04 -2.381078e+03
8.585859e-03 2.349292e+03 4.797753e+03 -3.710173e+03 -2.707971e+04 -2.979385e+03 1.146472e+05 -3.508906e+04 -2.926795e+03 -3.644577e+03 2.696821e+04 -1.746271e+03 3.292724e+03 3.520017e+04 -2.855617e+03 -2.058641e+03 -8.833096e+04 -4.447596e+03 3.085750e+04 -2.030943e+03 4.322871e+03 -4.011122e+04 3.558568e+03 2.193664e+03 1.006356e+05 -2.022352e+03 -3.639801e+03 3.029742e+03 2.366712e+04 -2.767047e+03 1.006294e+05 -3.079334e+04 -2.333804e+03
8.787879e-03 2.277742e+03 4.545224e+03 -3.613327e+03 -2.593877e+04 -2.862723e+03 1.066074e+05 -3.319469e+04 -2.867123e+03 -3.552362e+03 2.583270e+04 -1.692920e+03 3.119861e+03 3.330049e+04 -2.800802e+03 -1.978111e+03 -8.213929e+04 -4.333386e+03 2.955726e+04 -1.968843e+03 4.101865e+03 -3.794631e+04 3.487018e+03 2.103201e+03 9.357994e+04 -1.960917e+03 -3.442212e+03 2.951768e+03 2.267076e+04 -2.663358e+03 9.357416e+04 -2.913107e+04 -2.288435e+03
8.989899e-03 2.210926e+03 4.313735e+03 -3.522253e+03 -2.486854e+04 -2.752709e+03 9.933049e+04 -3.145923e+04 -2.810043e+03 -3.465469e+03 2.476749e+04 -1.643115e+03 2.961393e+03 3.156012e+04 -2.748112e+03 -1.902196e+03 -7.653504e+04 -4.225881e+03 2.833761e+04 -1.910875e+03 3.899289e+03 -3.596296e+04 3.418540e+03 2.017879e+03 8.719367e+04 -1.903547e+03 -3.261058e+03 2.878366e+03 2.173608e+04 -2.565622e+03 8.718830e+04 -2.760825e+04 -2.244840e+03
9.191919e-03 2.148354e+03 4.100886e+03 -3.436389e+03 -2.386322e+04 -2.648874e+03 9.272483e+04 -2.986449e+04 -2.755361e+03 -3.383394e+03 2.376681e+04 -1.596488e+03 2.815681e+03 2.996082e+04 -2.697409e+03 -1.830566e+03 -7.144770e+04 -4.124436e+03 2.719193e+04 -1.856607e+03 3.713042e+03 -3.414039e+04 3.352910e+03 1.937335e+03 8.139648e+04 -1.849819e+03 -3.094468e+03 2.809098e+03 2.085802e+04 -2.473411e+03 8.139149e+04 -2.620890e+04 -2.202901e+03
9.393939e-03 2.089602e+03 3.904627e+03 -3.355252e+03 -2.291762e+04 -2.550786e+03 8.671228e+04 -2.839491e+04 -2.702909e+03 -3.305698e+03 2.282551e+04 -1.552721e+03 2.681321e+03 2.848700e+04 -2.648574e+03 -1.762917e+03 -6.681708e+04 -4.028495e+03 2.611431e+04 -1.805672e+03 3.541325e+03 -3.246082e+04 3.289929e+03 1.861238e+03 7.611979e+04 -1.799373e+03 -2.940843e+03 2.743584e+03 2.003207e+04 -2.386334e+03 7.611513e+04 -2.491938e+04 -2.162516e+03
9.595960e-03 2.034306e+03 3.723195e+03 -3.278420e+03 -2.202707e+04 -2.458046e+03 8.122574e+04 -2.703711e+04 -2.652534e+03 -3.232001e+03 2.193897e+04 -1.511541e+03 2.557107e+03 2.712525e+04 -2.601499e+03 -1.698974e+03 -6.259152e+04 -3.937574e+03 2.509942e+04 -1.757749e+03 3.382594e+03 -3.090897e+04 3.229424e+03 1.789280e+03 7.130468e+04 -1.751893e+03 -2.798806e+03 2.681493e+03 1.925416e+04 -2.304033e+03 7.130033e+04 -2.372794e+04 -2.123594e+03
9.797980e-03 1.982146e+03 3.555063e+03 -3.205525e+03 -2.118735e+04 -2.370288e+03 7.620727e+04 -2.577954e+04 -2.604104e+03 -3.161971e+03 2.110299e+04 -1.472707e+03 2.441997e+03 2.586399e+04 -2.556084e+03 -1.638479e+03 -5.872641e+04 -3.851248e+03 2.414248e+04 -1.712559e+03 3.235511e+03 -2.947164e+04 3.171237e+03 1.721180e+03 6.690035e+04 -1.707107e+03 -2.667165e+03 2.622537e+03 1.852062e+04 -2.226176e+03 6.689628e+04 -2.262444e+04 -2.086050e+03
1.000000e-02 1.932844e+03 3.398908e+03 -3.136245e+03 -2.039467e+04 -2.287176e+03 7.160671e+04 -2.461213e+04 -2.557499e+03 -3.095313e+03 2.031379e+04 -1.436011e+03 2.335083e+03 2.469314e+04 -2.512242e+03 -1.581199e+03 -5.518311e+04 -3.769144e+03 2.323915e+04 -1.669860e+03 3.098914e+03 -2.813735e+04 3.115228e+03 1.656678e+03 6.286275e+04 -1.664775e+03 -2.544887e+03 2.566461e+03 1.782813e+04 -2.152462e+03 6.285894e+04 -2.160006e+04 -2.049810e+03
