-1.000000e-02 5.525008e+03 2.634354e+03 1.752867e+03 -1.236643e+03 -2.166108e+03 -2.849635e+04 -3.280533e+03 1.341330e+03 1.740611e+03 1.195061e+03 -4.266068e+03 1.804887e+03 3.322048e+03 1.325717e+03 -1.487198e+03 2.195203e+04 2.114392e+03 1.418579e+03 -4.851618e+03 2.391373e+03 -3.794951e+03 -1.656477e+03 1.604283e+03 -2.501240e+04 -4.855447e+03 -1.977202e+03 -1.437837e+03 1.041880e+03 -1.991406e+03 -2.500923e+04 -2.871809e+03 1.064597e+03
-9.797980e-03 5.693302e+03 2.693244e+03 1.756278e+03 -9.944456e+02 -2.210255e+03 -2.922084e+04 -3.137047e+03 1.341394e+03 1.743710e+03 9.525525e+02 -4.394972e+03 1.844823e+03 3.178846e+03 1.325452e+03 -1.517093e+03 2.250915e+04 2.118381e+03 1.142646e+03 -4.998881e+03 2.441943e+03 -3.631838e+03 -1.656366e+03 1.639375e+03 -2.564775e+04 -5.002821e+03 -2.023826e+03 -1.440480e+03 8.289911e+02 -2.029129e+03 -2.564451e+04 -2.745809e+03 1.064510e+03
-9.595960e-03 5.864426e+03 2.753728e+03 1.759073e+03 -7.330991e+02 -2.255416e+03 -2.995541e+04 -2.979454e+03 1.340899e+03 1.746188e+03 6.909152e+02 -4.526026e+03 1.885834e+03 3.021515e+03 1.324624e+03 -1.547669e+03 2.307402e+04 2.121624e+03 8.448838e+02 -5.148609e+03 2.493887e+03 -3.452617e+03 -1.655574e+03 1.675271e+03 -2.629195e+04 -5.152662e+03 -2.071701e+03 -1.442613e+03 5.993221e+02 -2.067713e+03 -2.628862e+04 -2.607435e+03 1.063963e+03
-9.393939e-03 6.038124e+03 2.815833e+03 1.761203e+03 -4.515076e+02 -2.301596e+03 -3.069884e+04 -2.806888e+03 1.339810e+03 1.747998e+03 4.090551e+02 -4.659031e+03 1.927939e+03 2.849185e+03 1.323199e+03 -1.578928e+03 2.364567e+04 2.124061e+03 5.240436e+02 -5.300578e+03 2.547226e+03 -3.256298e+03 -1.654058e+03 1.711974e+03 -2.694391e+04 -5.304746e+03 -2.120846e+03 -1.444196e+03 3.519137e+02 -2.107162e+03 -2.694049e+04 -2.455927e+03 1.062928e+03
-9.191919e-03 6.214095e+03 2.879580e+03 1.762616e+03 -1.485429e+02 -2.348797e+03 -3.144971e+04 -2.618455e+03 1.338087e+03 1.749087e+03 1.058464e+02 -4.793757e+03 1.971150e+03 2.660963e+03 1.321138e+03 -1.610871e+03 2.422301e+04 2.125629e+03 1.788385e+02 -5.454523e+03 2.601981e+03 -3.041860e+03 -1.651770e+03 1.749486e+03 -2.760236e+04 -5.458808e+03 -2.171279e+03 -1.445186e+03 8.577871e+01 -2.147478e+03 -2.759887e+04 -2.290503e+03 1.061374e+03
-8.989899e-03 6.391989e+03 2.944990e+03 1.763256e+03 1.769507e+02 -2.397018e+03 -3.220635e+04 -2.413239e+03 1.335693e+03 1.749401e+03 -2.198645e+02 -4.929935e+03 2.015482e+03 2.455927e+03 1.318403e+03 -1.643496e+03 2.480478e+04 2.126262e+03 -1.920495e+02 -5.610138e+03 2.658170e+03 -2.808253e+03 -1.648663e+03 1.787807e+03 -2.826588e+04 -5.614541e+03 -2.223014e+03 -1.445538e+03 -2.000943e+02 -2.188657e+03 -2.826230e+04 -2.110358e+03 1.059270e+03
-8.787879e-03 6.571402e+03 3.012080e+03 1.763066e+03 5.261514e+02 -2.446256e+03 -3.296690e+04 -2.190299e+03 1.332585e+03 1.748883e+03 -5.692534e+02 -5.067252e+03 2.060945e+03 2.233136e+03 1.314955e+03 -1.676801e+03 2.538952e+04 2.125891e+03 -5.899641e+02 -5.767069e+03 2.715806e+03 -2.554403e+03 -1.644687e+03 1.826932e+03 -2.893280e+04 -5.771590e+03 -2.276063e+03 -1.445205e+03 -5.067365e+02 -2.230698e+03 -2.892914e+04 -1.914669e+03 1.056584e+03
-8.585859e-03 6.751870e+03 3.080861e+03 1.761985e+03 9.002537e+02 -2.496502e+03 -3.372921e+04 -1.948681e+03 1.328723e+03 1.747473e+03 -9.435122e+02 -5.205355e+03 2.107547e+03 1.991632e+03 1.310753e+03 -1.710780e+03 2.597559e+04 2.124442e+03 -1.016267e+03 -5.924909e+03 2.774901e+03 -2.279218e+03 -1.639790e+03 1.866855e+03 -2.960125e+04 -5.929551e+03 -2.330436e+03 -1.444137e+03 -8.351930e+02 -2.273593e+03 -2.959750e+04 -1.702598e+03 1.053283e+03
-8.383838e-03 6.932867e+03 3.151343e+03 1.759949e+03 1.300460e+03 -2.547746e+03 -3.449085e+04 -1.687420e+03 1.324062e+03 1.745108e+03 -1.343841e+03 -5.343838e+03 2.155293e+03 1.730447e+03 1.305753e+03 -1.745424e+03 2.656113e+04 2.121838e+03 -1.472331e+03 -6.083198e+03 2.835463e+03 -1.981593e+03 -1.633917e+03 1.907568e+03 -3.026911e+04 -6.087960e+03 -2.386137e+03 -1.442282e+03 -1.186516e+03 -2.317332e+03 -3.026528e+04 -1.473299e+03 1.049332e+03
-8.181818e-03 7.113799e+03 3.223527e+03 1.756890e+03 1.727973e+03 -2.599973e+03 -3.524913e+04 -1.405545e+03 1.318558e+03 1.741722e+03 -1.771439e+03 -5.482245e+03 2.204184e+03 1.448609e+03 1.299913e+03 -1.780722e+03 2.714404e+04 2.117998e+03 -1.959526e+03 -6.241414e+03 2.897493e+03 -1.660420e+03 -1.627015e+03 1.949058e+03 -3.093400e+04 -6.246297e+03 -2.443168e+03 -1.439586e+03 -1.561757e+03 -2.361901e+03 -3.093007e+04 -1.225922e+03 1.044698e+03
-7.979798e-03 7.293997e+03 3.297411e+03 1.752740e+03 2.183983e+03 -2.653161e+03 -3.600100e+04 -1.102093e+03 1.312164e+03 1.737247e+03 -2.227495e+03 -5.620064e+03 2.254218e+03 1.145151e+03 1.293188e+03 -1.816661e+03 2.772200e+04 2.112840e+03 -2.479210e+03 -6.398973e+03 2.960990e+03 -1.314596e+03 -1.619026e+03 1.991309e+03 -3.159325e+04 -6.403977e+03 -2.501525e+03 -1.435990e+03 -1.961958e+03 -2.407282e+03 -3.158924e+04 -9.596216e+02 1.039343e+03
-7.777778e-03 7.472714e+03 3.372986e+03 1.747425e+03 2.669654e+03 -2.707287e+03 -3.674309e+04 -7.761137e+02 1.304834e+03 1.731611e+03 -2.713170e+03 -5.756720e+03 2.305387e+03 8.191190e+02 1.285532e+03 -1.853222e+03 2.829240e+04 2.106275e+03 -3.032713e+03 -6.555221e+03 3.025947e+03 -9.430319e+02 -1.609892e+03 2.034300e+03 -3.224390e+04 -6.560345e+03 -2.561200e+03 -1.431437e+03 -2.388139e+03 -2.453454e+03 -3.223981e+04 -6.735647e+02 1.033231e+03
-7.575758e-03 7.649122e+03 3.450235e+03 1.740870e+03 3.186116e+03 -2.762320e+03 -3.747166e+04 -4.266818e+02 1.296519e+03 1.724741e+03 -3.229590e+03 -5.891578e+03 2.357680e+03 4.695863e+02 1.276900e+03 -1.890385e+03 2.885238e+04 2.098212e+03 -3.621320e+03 -6.709432e+03 3.092349e+03 -5.446713e+02 -1.599555e+03 2.078009e+03 -3.288268e+04 -6.714673e+03 -2.622178e+03 -1.425865e+03 -2.841284e+03 -2.500390e+03 -3.287850e+04 -3.669408e+02 1.026326e+03
-7.373737e-03 7.822302e+03 3.529132e+03 1.732995e+03 3.734438e+03 -2.818224e+03 -3.818260e+04 -5.291118e+01 1.287172e+03 1.716559e+03 -3.777824e+03 -6.023935e+03 2.411079e+03 9.566344e+01 1.267245e+03 -1.928124e+03 2.939877e+04 2.088559e+03 -4.246252e+03 -6.860801e+03 3.160175e+03 -1.184991e+02 -1.587954e+03 2.122405e+03 -3.350599e+04 -6.866159e+03 -2.684440e+03 -1.419210e+03 -3.322331e+03 -2.548059e+03 -3.350173e+04 -3.897294e+01 1.018589e+03
-7.171717e-03 7.991246e+03 3.609645e+03 1.723721e+03 4.315618e+03 -2.874957e+03 -3.887140e+04 3.460316e+02 1.276742e+03 1.706986e+03 -4.358864e+03 -6.153015e+03 2.465561e+03 -3.034859e+02 1.256519e+03 -1.966410e+03 2.992810e+04 2.077216e+03 -4.908649e+03 -7.008446e+03 3.229397e+03 3.364386e+02 -1.575029e+03 2.167455e+03 -3.410985e+04 -7.013918e+03 -2.747956e+03 -1.411406e+03 -3.832152e+03 -2.596424e+03 -3.410551e+04 3.110694e+02 1.009984e+03
-6.969697e-03 8.154849e+03 3.691729e+03 1.712964e+03 4.930557e+03 -2.932469e+03 -3.953315e+04 7.709107e+02 1.265181e+03 1.695942e+03 -4.973610e+03 -6.277973e+03 2.521095e+03 -7.286288e+02 1.244676e+03 -2.005208e+03 3.043658e+04 2.064085e+03 -5.609536e+03 -7.151401e+03 3.299978e+03 8.210170e+02 -1.560718e+03 2.213119e+03 -3.468998e+04 -7.156983e+03 -2.812692e+03 -1.402386e+03 -4.371533e+03 -2.645443e+03 -3.468556e+04 6.838562e+02 1.000472e+03
-6.767677e-03 8.311910e+03 3.775330e+03 1.700638e+03 5.580036e+03 -2.990704e+03 -4.016251e+04 1.222403e+03 1.252438e+03 1.683342e+03 -5.622841e+03 -6.397886e+03 2.577643e+03 -1.180444e+03 1.231668e+03 -2.044481e+03 3.092013e+04 2.049063e+03 -6.349807e+03 -7.288613e+03 3.371870e+03 1.336011e+03 -1.544960e+03 2.259353e+03 -3.524167e+04 -7.294301e+03 -2.878602e+03 -1.392081e+03 -4.941159e+03 -2.695066e+03 -3.523718e+04 1.079980e+03 9.900156e+02
-6.565657e-03 8.461125e+03 3.860380e+03 1.686656e+03 6.264692e+03 -3.049598e+03 -4.075371e+04 1.701077e+03 1.238466e+03 1.669103e+03 -6.307191e+03 -6.511758e+03 2.635161e+03 -1.659504e+03 1.217450e+03 -2.084185e+03 3.137429e+04 2.032045e+03 -7.130186e+03 -7.418943e+03 3.445016e+03 1.882073e+03 -1.527694e+03 2.306106e+03 -3.575988e+04 -7.424732e+03 -2.945634e+03 -1.380419e+03 -5.541584e+03 -2.745239e+03 -3.575532e+04 1.499940e+03 9.785784e+02
-6.363636e-03 8.601094e+03 3.946801e+03 1.670929e+03 6.984986e+03 -3.109080e+03 -4.130055e+04 2.207372e+03 1.223214e+03 1.653138e+03 -7.027119e+03 -6.618512e+03 2.693594e+03 -2.166249e+03 1.201975e+03 -2.124270e+03 3.179431e+04 2.012926e+03 -7.951201e+03 -7.541163e+03 3.519350e+03 2.459706e+03 -1.508860e+03 2.353321e+03 -3.623917e+04 -7.547047e+03 -3.013724e+03 -1.367330e+03 -6.173210e+03 -2.795900e+03 -3.623455e+04 1.944120e+03 9.661237e+02
-6.161616e-03 8.730315e+03 4.034499e+03 1.653368e+03 7.741177e+03 -3.169069e+03 -4.179644e+04 2.741572e+03 1.206635e+03 1.635360e+03 -7.782880e+03 -6.716998e+03 2.752877e+03 -2.700966e+03 1.185198e+03 -2.164681e+03 3.217509e+04 1.991599e+03 -8.813147e+03 -7.653960e+03 3.594790e+03 3.069239e+03 -1.488399e+03 2.400933e+03 -3.667375e+04 -7.659931e+03 -3.082797e+03 -1.352742e+03 -6.836263e+03 -2.846981e+03 -3.666906e+04 2.412770e+03 9.526163e+02
-5.959596e-03 8.847189e+03 4.123366e+03 1.633883e+03 8.533282e+03 -3.229477e+03 -4.223433e+04 3.303784e+03 1.188684e+03 1.615683e+03 -8.574494e+03 -6.805991e+03 2.812937e+03 -3.263762e+03 1.167078e+03 -2.205359e+03 3.251124e+04 1.967955e+03 -9.716046e+03 -7.755935e+03 3.671244e+03 3.710793e+03 -1.466252e+03 2.448872e+03 -3.705745e+04 -7.761985e+03 -3.152767e+03 -1.336580e+03 -7.530756e+03 -2.898404e+03 -3.705271e+04 2.905981e+03 9.380222e+02
-5.757576e-03 8.950025e+03 4.213276e+03 1.612384e+03 9.361050e+03 -3.290205e+03 -4.260682e+04 3.893906e+03 1.169315e+03 1.594020e+03 -9.401705e+03 -6.884197e+03 2.873690e+03 -3.854537e+03 1.147572e+03 -2.246237e+03 3.279706e+04 1.941888e+03 -1.065961e+04 -7.845608e+03 3.748604e+03 4.384255e+03 -1.442365e+03 2.497061e+03 -3.738376e+04 -7.851728e+03 -3.223535e+03 -1.318774e+03 -8.256467e+03 -2.950087e+03 -3.737898e+04 3.423666e+03 9.223090e+02
-5.555556e-03 9.037049e+03 4.304089e+03 1.588782e+03 1.022392e+04 -3.351147e+03 -4.290613e+04 4.511601e+03 1.148487e+03 1.570286e+03 -1.026395e+04 -6.950253e+03 2.935040e+03 -4.472956e+03 1.126643e+03 -2.287241e+03 3.302656e+04 1.913292e+03 -1.164320e+04 -7.921426e+03 3.826750e+03 5.089244e+03 -1.416686e+03 2.545414e+03 -3.764588e+04 -7.927606e+03 -3.294989e+03 -1.299253e+03 -9.012902e+03 -3.001937e+03 -3.764106e+04 3.965527e+03 9.054465e+02
-5.353535e-03 9.106408e+03 4.395645e+03 1.562991e+03 1.112098e+04 -3.412185e+03 -4.312419e+04 5.156271e+03 1.126159e+03 1.544397e+03 -1.116033e+04 -7.002743e+03 2.996877e+03 -5.118418e+03 1.104255e+03 -2.328294e+03 3.319353e+04 1.882063e+03 -1.266579e+04 -7.981770e+03 3.905543e+03 5.825076e+03 -1.389164e+03 2.593838e+03 -3.783671e+04 -7.987997e+03 -3.367003e+03 -1.277945e+03 -9.799264e+03 -3.053856e+03 -3.783186e+04 4.531039e+03 8.874069e+02
-5.151515e-03 9.156189e+03 4.487766e+03 1.534925e+03 1.205095e+04 -3.473193e+03 -4.325264e+04 5.827020e+03 1.102297e+03 1.516272e+03 -1.208954e+04 -7.040200e+03 3.059083e+03 -5.790030e+03 1.080376e+03 -2.369310e+03 3.329156e+04 1.848100e+03 -1.372590e+04 -8.024964e+03 3.984832e+03 6.590731e+03 -1.359754e+03 2.642233e+03 -3.794894e+04 -8.031226e+03 -3.439436e+03 -1.254784e+03 -1.061442e+04 -3.105735e+03 -3.794407e+04 5.119417e+03 8.681651e+02
-4.949495e-03 9.184430e+03 4.580254e+03 1.504505e+03 1.301212e+04 -3.534037e+03 -4.328295e+04 6.522634e+03 1.076868e+03 1.485835e+03 -1.304989e+04 -7.061121e+03 3.121523e+03 -6.486575e+03 1.054977e+03 -2.410197e+03 3.331408e+04 1.811308e+03 -1.482158e+04 -8.049293e+03 4.064446e+03 7.384823e+03 -1.328417e+03 2.690491e+03 -3.797508e+04 -8.055575e+03 -3.512133e+03 -1.229706e+03 -1.145688e+04 -3.157458e+03 -3.797020e+04 5.729596e+03 8.476994e+02
-4.747475e-03 9.189142e+03 4.672892e+03 1.471654e+03 1.400231e+04 -3.594570e+03 -4.320650e+04 7.241547e+03 1.049843e+03 1.453012e+03 -1.403920e+04 -7.063983e+03 3.184050e+03 -7.206486e+03 1.028035e+03 -2.450858e+03 3.325445e+04 1.771597e+03 -1.595037e+04 -8.053016e+03 4.144198e+03 8.205566e+03 -1.295116e+03 2.738498e+03 -3.790757e+04 -8.059302e+03 -3.584923e+03 -1.202649e+03 -1.232474e+04 -3.208903e+03 -3.790269e+04 6.360201e+03 8.259916e+02
-4.545455e-03 9.168330e+03 4.765442e+03 1.436302e+03 1.501889e+04 -3.654637e+03 -4.301464e+04 7.981819e+03 1.021201e+03 1.417739e+03 -1.505484e+04 -7.047258e+03 3.246504e+03 -7.947818e+03 9.995306e+02 -2.491189e+03 3.310603e+04 1.728882e+03 -1.710925e+04 -8.034388e+03 4.223884e+03 9.050742e+03 -1.259822e+03 2.786131e+03 -3.773881e+04 -8.040661e+03 -3.657619e+03 -1.173558e+03 -1.321568e+04 -3.259937e+03 -3.773395e+04 7.009531e+03 8.030277e+02
-4.343434e-03 9.120018e+03 4.857646e+03 1.398386e+03 1.605869e+04 -3.714077e+03 -4.269883e+04 8.741110e+03 9.909237e+02 1.379955e+03 -1.609364e+04 -7.009434e+03 3.308711e+03 -8.708230e+03 9.694511e+02 -2.531081e+03 3.286226e+04 1.683091e+03 -1.829461e+04 -7.991682e+03 4.303279e+03 9.917683e+03 -1.222513e+03 2.833260e+03 -3.746134e+04 -7.997923e+03 -3.730019e+03 -1.142384e+03 -1.412692e+04 -3.310423e+03 -3.745651e+04 7.675534e+03 7.787979e+02
-4.141414e-03 9.042283e+03 4.949225e+03 1.357853e+03 1.711800e+04 -3.772715e+03 -4.225079e+04 9.516668e+03 9.589998e+02 1.339611e+03 -1.715189e+04 -6.949037e+03 3.370482e+03 -9.484963e+03 9.377888e+02 -2.570418e+03 3.251676e+04 1.634158e+03 -1.950223e+04 -7.923215e+03 4.382146e+03 1.080324e+04 -1.183174e+03 2.879749e+03 -3.706787e+04 -7.929404e+03 -3.801904e+03 -1.109083e+03 -1.505523e+04 -3.360214e+03 -3.706309e+04 8.355796e+03 7.532976e+02
-3.939394e-03 8.933285e+03 5.039880e+03 1.314656e+03 1.819256e+04 -3.830374e+03 -4.166259e+04 1.030531e+04 9.254250e+02 1.296664e+03 -1.822536e+04 -6.864660e+03 3.431618e+03 -1.027483e+04 9.045431e+02 -2.609081e+03 3.206344e+04 1.582031e+03 -2.072725e+04 -7.827378e+03 4.460225e+03 1.170379e+04 -1.141799e+03 2.925455e+03 -3.655148e+04 -7.833493e+03 -3.873040e+03 -1.073621e+03 -1.599686e+04 -3.409158e+03 -3.654676e+04 9.047524e+03 7.265271e+02
-3.737374e-03 8.791303e+03 5.129295e+03 1.268764e+03 1.927758e+04 -3.886865e+03 -4.092688e+04 1.110342e+04 8.902018e+02 1.251085e+03 -1.930924e+04 -6.754985e+03 3.491905e+03 -1.107420e+04 8.697199e+02 -2.646944e+03 3.149665e+04 1.526671e+03 -2.196419e+04 -7.702665e+03 4.537245e+03 1.261518e+04 -1.098389e+03 2.970232e+03 -3.590569e+04 -7.708685e+03 -3.943180e+03 -1.035971e+03 -1.694762e+04 -3.457098e+03 -3.590105e+04 9.747547e+03 6.984924e+02
-3.535354e-03 8.614777e+03 5.217134e+03 1.220155e+03 2.036766e+04 -3.941997e+03 -4.003700e+04 1.190694e+04 8.533405e+02 1.202855e+03 -2.039815e+04 -6.618818e+03 3.551117e+03 -1.187903e+04 8.333326e+02 -2.683880e+03 3.081126e+04 1.468054e+03 -2.320693e+04 -7.547713e+03 4.612914e+03 1.353280e+04 -1.052957e+03 3.013925e+03 -3.512468e+04 -7.553613e+03 -4.012061e+03 -9.961187e+02 -1.790278e+04 -3.503869e+03 -3.512013e+04 1.045231e+04 6.692054e+02
-3.333333e-03 8.402346e+03 5.303046e+03 1.168822e+03 2.145691e+04 -3.995571e+03 -3.898717e+04 1.271142e+04 8.148594e+02 1.151972e+03 -2.148620e+04 -6.455118e+03 3.609018e+03 -1.268483e+04 7.954022e+02 -2.719756e+03 3.000283e+04 1.406173e+03 -2.444872e+04 -7.361332e+03 4.686932e+03 1.445154e+04 -1.005523e+03 3.056380e+03 -3.420337e+04 -7.367088e+03 -4.079411e+03 -9.540596e+02 -1.885718e+04 -3.549306e+03 -3.419894e+04 1.115790e+04 6.386839e+02
-3.131313e-03 8.152891e+03 5.386665e+03 1.114774e+03 2.253889e+04 -4.047386e+03 -3.777270e+04 1.351197e+04 7.747854e+02 1.098445e+03 -2.256697e+04 -6.263030e+03 3.665362e+03 -1.348673e+04 7.559579e+02 -2.754440e+03 2.906776e+04 1.341040e+03 -2.568224e+04 -7.142543e+03 4.758981e+03 1.536584e+04 -9.561192e+02 3.097436e+03 -3.313766e+04 -7.148129e+03 -4.144943e+03 -9.098021e+02 -1.980519e+04 -3.593239e+03 -3.313336e+04 1.186005e+04 6.069522e+02
-2.929293e-03 7.865579e+03 5.467614e+03 1.058037e+03 2.360673e+04 -4.097239e+03 -3.639014e+04 1.430336e+04 7.331539e+02 1.042302e+03 -2.363358e+04 -6.041916e+03 3.719898e+03 -1.427947e+04 7.150366e+02 -2.787796e+03 2.800340e+04 1.272686e+03 -2.689964e+04 -6.890619e+03 4.828736e+03 1.626971e+04 -9.047895e+02 3.136933e+03 -3.192452e+04 -6.896010e+03 -4.208365e+03 -8.633678e+02 -2.074077e+04 -3.635495e+03 -3.192038e+04 1.255416e+04 5.740410e+02
-2.727273e-03 7.539902e+03 5.545509e+03 9.986530e+02 2.465311e+04 -4.144924e+03 -3.483748e+04 1.508005e+04 6.900094e+02 9.835856e+02 -2.467874e+04 -5.791391e+03 3.772366e+03 -1.505750e+04 6.726838e+02 -2.819689e+03 2.680820e+04 1.201163e+03 -2.809258e+04 -6.605117e+03 4.895866e+03 1.715680e+04 -8.515873e+02 3.174709e+03 -3.056218e+04 -6.610286e+03 -4.269376e+03 -8.147927e+02 -2.165753e+04 -3.675904e+03 -3.055821e+04 1.323535e+04 5.399876e+02
-2.525253e-03 7.175718e+03 5.619958e+03 9.366846e+02 2.567040e+04 -4.190239e+03 -3.311430e+04 1.583620e+04 6.454056e+02 9.223591e+02 -2.569483e+04 -5.511345e+03 3.822505e+03 -1.581497e+04 6.289532e+02 -2.849985e+03 2.548185e+04 1.126546e+03 -2.925237e+04 -6.285912e+03 4.960031e+03 1.802046e+04 -7.965782e+02 3.210604e+03 -2.905029e+04 -6.290832e+03 -4.327672e+03 -7.641281e+02 -2.254879e+04 -3.714294e+03 -2.904651e+04 1.389854e+04 5.048358e+02
-2.323232e-03 6.773283e+03 5.690570e+03 8.722129e+02 2.665071e+04 -4.232983e+03 -3.122193e+04 1.656579e+04 5.994050e+02 8.587031e+02 -2.667397e+04 -5.201977e+03 3.870052e+03 -1.654586e+04 5.839068e+02 -2.878552e+03 2.402536e+04 1.048934e+03 -3.037001e+04 -5.933230e+03 5.020895e+03 1.885383e+04 -7.398390e+02 3.244459e+03 -2.739000e+04 -5.937876e+03 -4.382950e+03 -7.114406e+02 -2.340763e+04 -3.750497e+03 -2.738644e+04 1.453843e+04 4.686360e+02
-2.121212e-03 6.333282e+03 5.756958e+03 8.053393e+02 2.758603e+04 -4.272962e+03 -2.916358e+04 1.726271e+04 5.520795e+02 7.927174e+02 -2.760815e+04 -4.863815e+03 3.914746e+03 -1.724402e+04 5.376149e+02 -2.905261e+03 2.244121e+04 9.684479e+02 -3.143636e+04 -5.547672e+03 5.078122e+03 1.964988e+04 -6.814576e+02 3.276122e+03 -2.558414e+04 -5.552017e+03 -4.434908e+03 -6.568130e+02 -2.422703e+04 -3.784349e+03 -2.558081e+04 1.514965e+04 4.314447e+02
-1.919192e-03 5.856854e+03 5.818739e+03 7.361855e+02 2.846831e+04 -4.309987e+03 -2.694442e+04 1.792079e+04 5.035095e+02 7.245217e+02 -2.848935e+04 -4.497731e+03 3.956334e+03 -1.790329e+04 4.901555e+02 -2.929987e+03 2.073337e+04 8.852346e+02 -3.244224e+04 -5.130235e+03 5.131382e+03 2.040158e+04 -6.215333e+02 3.305442e+03 -2.363723e+04 -5.134254e+03 -4.483251e+03 -6.003445e+02 -2.499995e+04 -3.815693e+03 -2.363416e+04 1.572681e+04 3.933250e+02
-1.717172e-03 5.345601e+03 5.875547e+03 6.648935e+02 2.928960e+04 -4.343877e+03 -2.457165e+04 1.853395e+04 4.537843e+02 6.542549e+02 -2.930962e+04 -4.104955e+03 3.994570e+03 -1.851756e+04 4.416143e+02 -2.952614e+03 1.890738e+04 7.994643e+02 -3.337859e+04 -4.682320e+03 5.180359e+03 2.110199e+04 -5.601759e+02 3.332278e+03 -2.155560e+04 -4.685989e+03 -4.527693e+03 -5.421504e+02 -2.571943e+04 -3.844377e+03 -2.155280e+04 1.626457e+04 3.543455e+02
-1.515152e-03 4.801595e+03 5.927032e+03 5.916250e+02 3.004221e+04 -4.374466e+03 -2.205452e+04 1.909630e+04 4.030011e+02 5.820746e+02 -3.006128e+04 -3.687076e+03 4.029218e+03 -1.908094e+04 3.920842e+02 -2.973030e+03 1.697036e+04 7.113308e+02 -3.423664e+04 -4.205744e+03 5.224748e+03 2.174437e+04 -4.975057e+02 3.356497e+03 -1.934736e+04 -4.209040e+03 -4.567962e+03 -4.823618e+02 -2.637873e+04 -3.870262e+03 -1.934484e+04 1.675777e+04 3.145805e+02
-1.313131e-03 4.227374e+03 5.972866e+03 5.165609e+02 3.071881e+04 -4.401596e+03 -1.940429e+04 1.960222e+04 3.512647e+02 5.081569e+02 -3.073704e+04 -3.246040e+03 4.060060e+03 -1.958780e+04 3.416645e+02 -2.991133e+03 1.493098e+04 6.210509e+02 -3.500804e+04 -3.702726e+03 5.264268e+03 2.232230e+04 -4.336523e+02 3.377977e+03 -1.702239e+04 -3.705628e+03 -4.603806e+03 -4.211252e+02 -2.697145e+04 -3.893216e+03 -1.702017e+04 1.720148e+04 2.741097e+02
-1.111111e-03 3.625919e+03 6.012751e+03 4.399001e+02 3.131263e+04 -4.425127e+03 -1.663417e+04 2.004651e+04 2.986872e+02 4.326948e+02 -3.133010e+04 -2.784132e+03 4.086895e+03 -2.003291e+04 2.904610e+02 -3.006831e+03 1.279938e+04 5.288625e+02 -3.568506e+04 -3.175876e+03 5.298659e+03 2.282984e+04 -3.687544e+02 3.396607e+03 -1.459226e+04 -3.178366e+03 -4.634993e+03 -3.586013e+02 -2.749163e+04 -3.913122e+03 -1.459035e+04 1.759113e+04 2.330170e+02
-9.090909e-04 3.000630e+03 6.046418e+03 3.618579e+02 3.181753e+04 -4.444934e+03 -1.375917e+04 2.042448e+04 2.453866e+02 3.558973e+02 -3.183436e+04 -2.303959e+03 4.109546e+03 -2.041158e+04 2.385847e+02 -3.020042e+03 1.058712e+04 4.350232e+02 -3.626070e+04 -2.628170e+03 5.327691e+03 2.326161e+04 -3.029584e+02 3.412287e+03 -1.207014e+04 -2.630231e+03 -4.661315e+03 -2.949638e+02 -2.793392e+04 -3.929875e+03 -1.206857e+04 1.792261e+04 1.913909e+02
-7.070707e-04 2.355284e+03 6.073639e+03 2.826641e+02 3.222819e+04 -4.460911e+03 -1.079594e+04 2.073202e+04 1.914868e+02 2.779867e+02 -3.224449e+04 -1.808414e+03 4.127859e+03 -2.071970e+04 1.861513e+02 -3.030697e+03 8.306999e+03 3.398079e+02 -3.672890e+04 -2.062911e+03 5.351165e+03 2.361294e+04 -2.364179e+02 3.424935e+03 -9.470647e+03 -2.064529e+03 -4.682595e+03 -2.303985e+02 -2.829366e+04 -3.943388e+03 -9.469412e+03 1.819233e+04 1.493233e+02
-5.050505e-04 1.693980e+03 6.094225e+03 2.025612e+02 3.254019e+04 -4.472972e+03 -7.762529e+03 2.096576e+04 1.371159e+02 1.991978e+02 -3.255609e+04 -1.300640e+03 4.141707e+03 -2.095388e+04 1.332804e+02 -3.038739e+03 5.972907e+03 2.435064e+02 -3.708462e+04 -1.483688e+03 5.368918e+03 2.387996e+04 -1.692920e+02 3.434482e+03 -6.809605e+03 -1.484852e+03 -4.698686e+03 -1.651006e+02 -2.856696e+04 -3.953587e+03 -6.808717e+03 1.839732e+04 1.069091e+02
-3.030303e-04 1.021081e+03 6.108031e+03 1.218015e+02 3.275013e+04 -4.481050e+03 -4.678148e+03 2.112307e+04 8.240593e+01 1.197744e+02 -3.276575e+04 -7.839805e+02 4.150994e+03 -2.111148e+04 8.009475e+01 -3.044125e+03 3.599611e+03 1.464202e+02 -3.732397e+04 -8.943199e+02 5.380823e+03 2.405966e+04 -1.017447e+02 3.440876e+03 -4.103857e+03 -8.950213e+02 -4.709477e+03 -9.927365e+01 -2.875086e+04 -3.960417e+03 -4.103322e+03 1.853529e+04 6.424564e+01
-1.010101e-04 3.411466e+02 6.114958e+03 4.064478e+01 3.285568e+04 -4.485100e+03 -1.562839e+03 2.120217e+04 2.749143e+01 3.996758e+01 -3.287117e+04 -2.619294e+02 4.155654e+03 -2.119073e+04 2.671938e+01 -3.046825e+03 1.202528e+03 4.885962e+01 -3.744431e+04 -2.987946e+02 5.386798e+03 2.415003e+04 -3.394324e+01 3.444082e+03 -1.370983e+03 -2.990290e+02 -4.714891e+03 -3.312688e+01 -2.884332e+04 -3.963842e+03 -1.370804e+03 1.860466e+04 2.143195e+01
1.010101e-04 -3.411466e+02 6.114958e+03 -4.064478e+01 3.285568e+04 -4.485100e+03 1.562839e+03 2.120217e+04 -2.749143e+01 -3.996758e+01 -3.287117e+04 2.619294e+02 4.155654e+03 -2.119073e+04 -2.671938e+01 -3.046825e+03 -1.202528e+03 -4.885962e+01 -3.744431e+04 2.987946e+02 5.386798e+03 2.415003e+04 3.394324e+01 3.444082e+03 1.370983e+03 2.990290e+02 -4.714891e+03 3.312688e+01 -2.884332e+04 -3.963842e+03 1.370804e+03 1.860466e+04 -2.143195e+01
3.030303e-04 -1.021081e+03 6.108031e+03 -1.218015e+02 3.275013e+04 -4.481050e+03 4.678148e+03 2.112307e+04 -8.240593e+01 -1.197744e+02 -3.276575e+04 7.839805e+02 4.150994e+03 -2.111148e+04 -8.009475e+01 -3.044125e+03 -3.599611e+03 -1.464202e+02 -3.732397e+04 8.943199e+02 5.380823e+03 2.405966e+04 1.017447e+02 3.440876e+03 4.103857e+03 8.950213e+02 -4.709477e+03 9.927365e+01 -2.875086e+04 -3.960417e+03 4.103322e+03 1.853529e+04 -6.424564e+01
5.050505e-04 -1.693980e+03 6.094225e+03 -2.025612e+02 3.254019e+04 -4.472972e+03 7.762529e+03 2.096576e+04 -1.371159e+02 -1.991978e+02 -3.255609e+04 1.300640e+03 4.141707e+03 -2.095388e+04 -1.332804e+02 -3.038739e+03 -5.972907e+03 -2.435064e+02 -3.708462e+04 1.483688e+03 5.368918e+03 2.387996e+04 1.692920e+02 3.434482e+03 6.809605e+03 1.484852e+03 -4.698686e+03 1.651006e+02 -2.856696e+04 -3.953587e+03 6.808717e+03 1.839732e+04 -1.069091e+02
7.070707e-04 -2.355284e+03 6.073639e+03 -2.826641e+02 3.222819e+04 -4.460911e+03 1.079594e+04 2.073202e+04 -1.914868e+02 -2.779867e+02 -3.224449e+04 1.808414e+03 4.127859e+03 -2.071970e+04 -1.861513e+02 -3.030697e+03 -8.306999e+03 -3.398079e+02 -3.672890e+04 2.062911e+03 5.351165e+03 2.361294e+04 2.364179e+02 3.424935e+03 9.470647e+03 2.064529e+03 -4.682595e+03 2.303985e+02 -2.829366e+04 -3.943388e+03 9.469412e+03 1.819233e+04 -1.493233e+02
9.090909e-04 -3.000630e+03 6.046418e+03 -3.618579e+02 3.181753e+04 -4.444934e+03 1.375917e+04 2.042448e+04 -2.453866e+02 -3.558973e+02 -3.183436e+04 2.303959e+03 4.109546e+03 -2.041158e+04 -2.385847e+02 -3.020042e+03 -1.058712e+04 -4.350232e+02 -3.626070e+04 2.628170e+03 5.327691e+03 2.326161e+04 3.029584e+02 3.412287e+03 1.207014e+04 2.630231e+03 -4.661315e+03 2.949638e+02 -2.793392e+04 -3.929875e+03 1.206857e+04 1.792261e+04 -1.913909e+02
1.111111e-03 -3.625919e+03 6.012751e+03 -4.399001e+02 3.131263e+04 -4.425127e+03 1.663417e+04 2.004651e+04 -2.986872e+02 -4.326948e+02 -3.133010e+04 2.784132e+03 4.086895e+03 -2.003291e+04 -2.904610e+02 -3.006831e+03 -1.279938e+04 -5.288625e+02 -3.568506e+04 3.175876e+03 5.298659e+03 2.282984e+04 3.687544e+02 3.396607e+03 1.459226e+04 3.178366e+03 -4.634993e+03 3.586013e+02 -2.749163e+04 -3.913122e+03 1.459035e+04 1.759113e+04 -2.330170e+02
1.313131e-03 -4.227374e+03 5.972866e+03 -5.165609e+02 3.071881e+04 -4.401596e+03 1.940429e+04 1.960222e+04 -3.512647e+02 -5.081569e+02 -3.073704e+04 3.246040e+03 4.060060e+03 -1.958780e+04 -3.416645e+02 -2.991133e+03 -1.493098e+04 -6.210509e+02 -3.500804e+04 3.702726e+03 5.264268e+03 2.232230e+04 4.336523e+02 3.377977e+03 1.702239e+04 3.705628e+03 -4.603806e+03 4.211252e+02 -2.697145e+04 -3.893216e+03 1.702017e+04 1.720148e+04 -2.741097e+02
1.515152e-03 -4.801595e+03 5.927032e+03 -5.916250e+02 3.004221e+04 -4.374466e+03 2.205452e+04 1.909630e+04 -4.030011e+02 -5.820746e+02 -3.006128e+04 3.687076e+03 4.029218e+03 -1.908094e+04 -3.920842e+02 -2.973030e+03 -1.697036e+04 -7.113308e+02 -3.423664e+04 4.205744e+03 5.224748e+03 2.174437e+04 4.975057e+02 3.356497e+03 1.934736e+04 4.209040e+03 -4.567962e+03 4.823618e+02 -2.637873e+04 -3.870262e+03 1.934484e+04 1.675777e+04 -3.145805e+02
1.717172e-03 -5.345601e+03 5.875547e+03 -6.648935e+02 2.928960e+04 -4.343877e+03 2.457165e+04 1.853395e+04 -4.537843e+02 -6.542549e+02 -2.930962e+04 4.104955e+03 3.994570e+03 -1.851756e+04 -4.416143e+02 -2.952614e+03 -1.890738e+04 -7.994643e+02 -3.337859e+04 4.682320e+03 5.180359e+03 2.110199e+04 5.601759e+02 3.332278e+03 2.155560e+04 4.685989e+03 -4.527693e+03 5.421504e+02 -2.571943e+04 -3.844377e+03 2.155280e+04 1.626457e+04 -3.543455e+02
1.919192e-03 -5.856854e+03 5.818739e+03 -7.361855e+02 2.846831e+04 -4.309987e+03 2.694442e+04 1.792079e+04 -5.035095e+02 -7.245217e+02 -2.848935e+04 4.497731e+03 3.956334e+03 -1.790329e+04 -4.901555e+02 -2.929987e+03 -2.073337e+04 -8.852346e+02 -3.244224e+04 5.130235e+03 5.131382e+03 2.040158e+04 6.215333e+02 3.305442e+03 2.363723e+04 5.134254e+03 -4.483251e+03 6.003445e+02 -2.499995e+04 -3.815693e+03 2.363416e+04 1.572681e+04 -3.933250e+02
2.121212e-03 -6.333282e+03 5.756958e+03 -8.053393e+02 2.758603e+04 -4.272962e+03 2.916358e+04 1.726271e+04 -5.520795e+02 -7.927174e+02 -2.760815e+04 4.863815e+03 3.914746e+03 -1.724402e+04 -5.376149e+02 -2.905261e+03 -2.244121e+04 -9.684479e+02 -3.143636e+04 5.547672e+03 5.078122e+03 1.964988e+04 6.814576e+02 3.276122e+03 2.558414e+04 5.552017e+03 -4.434908e+03 6.568130e+02 -2.422703e+04 -3.784349e+03 2.558081e+04 1.514965e+04 -4.314447e+02
2.323232e-03 -6.773283e+03 5.690570e+03 -8.722129e+02 2.665071e+04 -4.232983e+03 3.122193e+04 1.656579e+04 -5.994050e+02 -8.587031e+02 -2.667397e+04 5.201977e+03 3.870052e+03 -1.654586e+04 -5.839068e+02 -2.878552e+03 -2.402536e+04 -1.048934e+03 -3.037001e+04 5.933230e+03 5.020895e+03 1.885383e+04 7.398390e+02 3.244459e+03 2.739000e+04 5.937876e+03 -4.382950e+03 7.114406e+02 -2.340763e+04 -3.750497e+03 2.738644e+04 1.453843e+04 -4.686360e+02
2.525253e-03 -7.175718e+03 5.619958e+03 -9.366846e+02 2.567040e+04 -4.190239e+03 3.311430e+04 1.583620e+04 -6.454056e+02 -9.223591e+02 -2.569483e+04 5.511345e+03 3.822505e+03 -1.581497e+04 -6.289532e+02 -2.849985e+03 -2.548185e+04 -1.126546e+03 -2.925237e+04 6.285912e+03 4.960031e+03 1.802046e+04 7.965782e+02 3.210604e+03 2.905029e+04 6.290832e+03 -4.327672e+03 7.641281e+02 -2.254879e+04 -3.714294e+03 2.904651e+04 1.389854e+04 -5.048358e+02
2.727273e-03 -7.539902e+03 5.545509e+03 -9.986530e+02 2.465311e+04 -4.144924e+03 3.483748e+04 1.508005e+04 -6.900094e+02 -9.835856e+02 -2.467874e+04 5.791391e+03 3.772366e+03 -1.505750e+04 -6.726838e+02 -2.819689e+03 -2.680820e+04 -1.201163e+03 -2.809258e+04 6.605117e+03 4.895866e+03 1.715680e+04 8.515873e+02 3.174709e+03 3.056218e+04 6.610286e+03 -4.269376e+03 8.147927e+02 -2.165753e+04 -3.675904e+03 3.055821e+04 1.323535e+04 -5.399876e+02
2.929293e-03 -7.865579e+03 5.467614e+03 -1.058037e+03 2.360673e+04 -4.097239e+03 3.639014e+04 1.430336e+04 -7.331539e+02 -1.042302e+03 -2.363358e+04 6.041916e+03 3.719898e+03 -1.427947e+04 -7.150366e+02 -2.787796e+03 -2.800340e+04 -1.272686e+03 -2.689964e+04 6.890619e+03 4.828736e+03 1.626971e+04 9.047895e+02 3.136933e+03 3.192452e+04 6.896010e+03 -4.208365e+03 8.633678e+02 -2.074077e+04 -3.635495e+03 3.192038e+04 1.255416e+04 -5.740410e+02
3.131313e-03 -8.152891e+03 5.386665e+03 -1.114774e+03 2.253889e+04 -4.047386e+03 3.777270e+04 1.351197e+04 -7.747854e+02 -1.098445e+03 -2.256697e+04 6.263030e+03 3.665362e+03 -1.348673e+04 -7.559579e+02 -2.754440e+03 -2.906776e+04 -1.341040e+03 -2.568224e+04 7.142543e+03 4.758981e+03 1.536584e+04 9.561192e+02 3.097436e+03 3.313766e+04 7.148129e+03 -4.144943e+03 9.098021e+02 -1.980519e+04 -3.593239e+03 3.313336e+04 1.186005e+04 -6.069522e+02
3.333333e-03 -8.402346e+03 5.303046e+03 -1.168822e+03 2.145691e+04 -3.995571e+03 3.898717e+04 1.271142e+04 -8.148594e+02 -1.151972e+03 -2.148620e+04 6.455118e+03 3.609018e+03 -1.268483e+04 -7.954022e+02 -2.719756e+03 -3.000283e+04 -1.406173e+03 -2.444872e+04 7.361332e+03 4.686932e+03 1.445154e+04 1.005523e+03 3.056380e+03 3.420337e+04 7.367088e+03 -4.079411e+03 9.540596e+02 -1.885718e+04 -3.549306e+03 3.419894e+04 1.115790e+04 -6.386839e+02
3.535354e-03 -8.614777e+03 5.217134e+03 -1.220155e+03 2.036766e+04 -3.941997e+03 4.003700e+04 1.190694e+04 -8.533405e+02 -1.202855e+03 -2.039815e+04 6.618818e+03 3.551117e+03 -1.187903e+04 -8.333326e+02 -2.683880e+03 -3.081126e+04 -1.468054e+03 -2.320693e+04 7.547713e+03 4.612914e+03 1.353280e+04 1.052957e+03 3.013925e+03 3.512468e+04 7.553613e+03 -4.012061e+03 9.961187e+02 -1.790278e+04 -3.503869e+03 3.512013e+04 1.045231e+04 -6.692054e+02
3.737374e-03 -8.791303e+03 5.129295e+03 -1.268764e+03 1.927758e+04 -3.886865e+03 4.092688e+04 1.110342e+04 -8.902018e+02 -1.251085e+03 -1.930924e+04 6.754985e+03 3.491905e+03 -1.107420e+04 -8.697199e+02 -2.646944e+03 -3.149665e+04 -1.526671e+03 -2.196419e+04 7.702665e+03 4.537245e+03 1.261518e+04 1.098389e+03 2.970232e+03 3.590569e+04 7.708685e+03 -3.943180e+03 1.035971e+03 -1.694762e+04 -3.457098e+03 3.590105e+04 9.747547e+03 -6.984924e+02
3.939394e-03 -8.933285e+03 5.039880e+03 -1.314656e+03 1.819256e+04 -3.830374e+03 4.166259e+04 1.030531e+04 -9.254250e+02 -1.296664e+03 -1.822536e+04 6.864660e+03 3.431618e+03 -1.027483e+04 -9.045431e+02 -2.609081e+03 -3.206344e+04 -1.582031e+03 -2.072725e+04 7.827378e+03 4.460225e+03 1.170379e+04 1.141799e+03 2.925455e+03 3.655148e+04 7.833493e+03 -3.873040e+03 1.073621e+03 -1.599686e+04 -3.409158e+03 3.654676e+04 9.047524e+03 -7.265271e+02
4.141414e-03 -9.042283e+03 4.949225e+03 -1.357853e+03 1.711800e+04 -3.772715e+03 4.225079e+04 9.516668e+03 -9.589998e+02 -1.339611e+03 -1.715189e+04 6.949037e+03 3.370482e+03 -9.484963e+03 -9.377888e+02 -2.570418e+03 -3.251676e+04 -1.634158e+03 -1.950223e+04 7.923215e+03 4.382146e+03 1.080324e+04 1.183174e+03 2.879749e+03 3.706787e+04 7.929404e+03 -3.801904e+03 1.109083e+03 -1.505523e+04 -3.360214e+03 3.706309e+04 8.355796e+03 -7.532976e+02
4.343434e-03 -9.120018e+03 4.857646e+03 -1.398386e+03 1.605869e+04 -3.714077e+03 4.269883e+04 8.741110e+03 -9.909237e+02 -1.379955e+03 -1.609364e+04 7.009434e+03 3.308711e+03 -8.708230e+03 -9.694511e+02 -2.531081e+03 -3.286226e+04 -1.683091e+03 -1.829461e+04 7.991682e+03 4.303279e+03 9.917683e+03 1.222513e+03 2.833260e+03 3.746134e+04 7.997923e+03 -3.730019e+03 1.142384e+03 -1.412692e+04 -3.310423e+03 3.745651e+04 7.675534e+03 -7.787979e+02
4.545455e-03 -9.168330e+03 4.765442e+03 -1.436302e+03 1.501889e+04 -3.654637e+03 4.301464e+04 7.981819e+03 -1.021201e+03 -1.417739e+03 -1.505484e+04 7.047258e+03 3.246504e+03 -7.947818e+03 -9.995306e+02 -2.491189e+03 -3.310603e+04 -1.728882e+03 -1.710925e+04 8.034388e+03 4.223884e+03 9.050742e+03 1.259822e+03 2.786131e+03 3.773881e+04 8.040661e+03 -3.657619e+03 1.173558e+03 -1.321568e+04 -3.259937e+03 3.773395e+04 7.009531e+03 -8.030277e+02
4.747475e-03 -9.189142e+03 4.672892e+03 -1.471654e+03 1.400231e+04 -3.594570e+03 4.320650e+04 7.241547e+03 -1.049843e+03 -1.453012e+03 -1.403920e+04 7.063983e+03 3.184050e+03 -7.206486e+03 -1.028035e+03 -2.450858e+03 -3.325445e+04 -1.771597e+03 -1.595037e+04 8.053016e+03 4.144198e+03 8.205566e+03 1.295116e+03 2.738498e+03 3.790757e+04 8.059302e+03 -3.584923e+03 1.202649e+03 -1.232474e+04 -3.208903e+03 3.790269e+04 6.360201e+03 -8.259916e+02
4.949495e-03 -9.184430e+03 4.580254e+03 -1.504505e+03 1.301212e+04 -3.534037e+03 4.328295e+04 6.522634e+03 -1.076868e+03 -1.485835e+03 -1.304989e+04 7.061121e+03 3.121523e+03 -6.486575e+03 -1.054977e+03 -2.410197e+03 -3.331408e+04 -1.811308e+03 -1.482158e+04 8.049293e+03 4.064446e+03 7.384823e+03 1.328417e+03 2.690491e+03 3.797508e+04 8.055575e+03 -3.512133e+03 1.229706e+03 -1.145688e+04 -3.157458e+03 3.797020e+04 5.729596e+03 -8.476994e+02
5.151515e-03 -9.156189e+03 4.487766e+03 -1.534925e+03 1.205095e+04 -3.473193e+03 4.325264e+04 5.827020e+03 -1.102297e+03 -1.516272e+03 -1.208954e+04 7.040200e+03 3.059083e+03 -5.790030e+03 -1.080376e+03 -2.369310e+03 -3.329156e+04 -1.848100e+03 -1.372590e+04 8.024964e+03 3.984832e+03 6.590731e+03 1.359754e+03 2.642233e+03 3.794894e+04 8.031226e+03 -3.439436e+03 1.254784e+03 -1.061442e+04 -3.105735e+03 3.794407e+04 5.119417e+03 -8.681651e+02
5.353535e-03 -9.106408e+03 4.395645e+03 -1.562991e+03 1.112098e+04 -3.412185e+03 4.312419e+04 5.156271e+03 -1.126159e+03 -1.544397e+03 -1.116033e+04 7.002743e+03 2.996877e+03 -5.118418e+03 -1.104255e+03 -2.328294e+03 -3.319353e+04 -1.882063e+03 -1.266579e+04 7.981770e+03 3.905543e+03 5.825076e+03 1.389164e+03 2.593838e+03 3.783671e+04 7.987997e+03 -3.367003e+03 1.277945e+03 -9.799264e+03 -3.053856e+03 3.783186e+04 4.531039e+03 -8.874069e+02
5.555556e-03 -9.037049e+03 4.304089e+03 -1.588782e+03 1.022392e+04 -3.351147e+03 4.290613e+04 4.511601e+03 -1.148487e+03 -1.570286e+03 -1.026395e+04 6.950253e+03 2.935040e+03 -4.472956e+03 -1.126643e+03 -2.287241e+03 -3.302656e+04 -1.913292e+03 -1.164320e+04 7.921426e+03 3.826750e+03 5.089244e+03 1.416686e+03 2.545414e+03 3.764588e+04 7.927606e+03 -3.294989e+03 1.299253e+03 -9.012902e+03 -3.001937e+03 3.764106e+04 3.965527e+03 -9.054465e+02
5.757576e-03 -8.950025e+03 4.213276e+03 -1.612384e+03 9.361050e+03 -3.290205e+03 4.260682e+04 3.893906e+03 -1.169315e+03 -1.594020e+03 -9.401705e+03 6.884197e+03 2.873690e+03 -3.854537e+03 -1.147572e+03 -2.246237e+03 -3.279706e+04 -1.941888e+03 -1.065961e+04 7.845608e+03 3.748604e+03 4.384255e+03 1.442365e+03 2.497061e+03 3.738376e+04 7.851728e+03 -3.223535e+03 1.318774e+03 -8.256467e+03 -2.950087e+03 3.737898e+04 3.423666e+03 -9.223090e+02
5.959596e-03 -8.847189e+03 4.123366e+03 -1.633883e+03 8.533282e+03 -3.229477e+03 4.223433e+04 3.303784e+03 -1.188684e+03 -1.615683e+03 -8.574494e+03 6.805991e+03 2.812937e+03 -3.263762e+03 -1.167078e+03 -2.205359e+03 -3.251124e+04 -1.967955e+03 -9.716046e+03 7.755935e+03 3.671244e+03 3.710793e+03 1.466252e+03 2.448872e+03 3.705745e+04 7.761985e+03 -3.152767e+03 1.336580e+03 -7.530756e+03 -2.898404e+03 3.705271e+04 2.905981e+03 -9.380222e+02
6.161616e-03 -8.730315e+03 4.034499e+03 -1.653368e+03 7.741177e+03 -3.169069e+03 4.179644e+04 2.741572e+03 -1.206635e+03 -1.635360e+03 -7.782880e+03 6.716998e+03 2.752877e+03 -2.700966e+03 -1.185198e+03 -2.164681e+03 -3.217509e+04 -1.991599e+03 -8.813147e+03 7.653960e+03 3.594790e+03 3.069239e+03 1.488399e+03 2.400933e+03 3.667375e+04 7.659931e+03 -3.082797e+03 1.352742e+03 -6.836263e+03 -2.846981e+03 3.666906e+04 2.412770e+03 -9.526163e+02
6.363636e-03 -8.601094e+03 3.946801e+03 -1.670929e+03 6.984986e+03 -3.109080e+03 4.130055e+04 2.207372e+03 -1.223214e+03 -1.653138e+03 -7.027119e+03 6.618512e+03 2.693594e+03 -2.166249e+03 -1.201975e+03 -2.124270e+03 -3.179431e+04 -2.012926e+03 -7.951201e+03 7.541163e+03 3.519350e+03 2.459706e+03 1.508860e+03 2.353321e+03 3.623917e+04 7.547047e+03 -3.013724e+03 1.367330e+03 -6.173210e+03 -2.795900e+03 3.623455e+04 1.944120e+03 -9.661237e+02
6.565657e-03 -8.461125e+03 3.860380e+03 -1.686656e+03 6.264692e+03 -3.049598e+03 4.075371e+04 1.701077e+03 -1.238466e+03 -1.669103e+03 -6.307191e+03 6.511758e+03 2.635161e+03 -1.659504e+03 -1.217450e+03 -2.084185e+03 -3.137429e+04 -2.032045e+03 -7.130186e+03 7.418943e+03 3.445016e+03 1.882073e+03 1.527694e+03 2.306106e+03 3.575988e+04 7.424732e+03 -2.945634e+03 1.380419e+03 -5.541584e+03 -2.745239e+03 3.575532e+04 1.499940e+03 -9.785784e+02
6.767677e-03 -8.311910e+03 3.775330e+03 -1.700638e+03 5.580036e+03 -2.990704e+03 4.016251e+04 1.222403e+03 -1.252438e+03 -1.683342e+03 -5.622841e+03 6.397886e+03 2.577643e+03 -1.180444e+03 -1.231668e+03 -2.044481e+03 -3.092013e+04 -2.049063e+03 -6.349807e+03 7.288613e+03 3.371870e+03 1.336011e+03 1.544960e+03 2.259353e+03 3.524167e+04 7.294301e+03 -2.878602e+03 1.392081e+03 -4.941159e+03 -2.695066e+03 3.523718e+04 1.079980e+03 -9.900156e+02
6.969697e-03 -8.154849e+03 3.691729e+03 -1.712964e+03 4.930557e+03 -2.932469e+03 3.953315e+04 7.709107e+02 -1.265181e+03 -1.695942e+03 -4.973610e+03 6.277973e+03 2.521095e+03 -7.286288e+02 -1.244676e+03 -2.005208e+03 -3.043658e+04 -2.064085e+03 -5.609536e+03 7.151401e+03 3.299978e+03 8.210170e+02 1.560718e+03 2.213119e+03 3.468998e+04 7.156983e+03 -2.812692e+03 1.402386e+03 -4.371533e+03 -2.645443e+03 3.468556e+04 6.838562e+02 -1.000472e+03
7.171717e-03 -7.991246e+03 3.609645e+03 -1.723721e+03 4.315618e+03 -2.874957e+03 3.887140e+04 3.460316e+02 -1.276742e+03 -1.706986e+03 -4.358864e+03 6.153015e+03 2.465561e+03 -3.034859e+02 -1.256519e+03 -1.966410e+03 -2.992810e+04 -2.077216e+03 -4.908649e+03 7.008446e+03 3.229397e+03 3.364386e+02 1.575029e+03 2.167455e+03 3.410985e+04 7.013918e+03 -2.747956e+03 1.411406e+03 -3.832152e+03 -2.596424e+03 3.410551e+04 3.110694e+02 -1.009984e+03
7.373737e-03 -7.822302e+03 3.529132e+03 -1.732995e+03 3.734438e+03 -2.818224e+03 3.818260e+04 -5.291118e+01 -1.287172e+03 -1.716559e+03 -3.777824e+03 6.023935e+03 2.411079e+03 9.566344e+01 -1.267245e+03 -1.928124e+03 -2.939877e+04 -2.088559e+03 -4.246252e+03 6.860801e+03 3.160175e+03 -1.184991e+02 1.587954e+03 2.122405e+03 3.350599e+04 6.866159e+03 -2.684440e+03 1.419210e+03 -3.322331e+03 -2.548059e+03 3.350173e+04 -3.897294e+01 -1.018589e+03
7.575758e-03 -7.649122e+03 3.450235e+03 -1.740870e+03 3.186116e+03 -2.762320e+03 3.747166e+04 -4.266818e+02 -1.296519e+03 -1.724741e+03 -3.229590e+03 5.891578e+03 2.357680e+03 4.695863e+02 -1.276900e+03 -1.890385e+03 -2.885238e+04 -2.098212e+03 -3.621320e+03 6.709432e+03 3.092349e+03 -5.446713e+02 1.599555e+03 2.078009e+03 3.288268e+04 6.714673e+03 -2.622178e+03 1.425865e+03 -2.841284e+03 -2.500390e+03 3.287850e+04 -3.669408e+02 -1.026326e+03
7.777778e-03 -7.472714e+03 3.372986e+03 -1.747425e+03 2.669654e+03 -2.707287e+03 3.674309e+04 -7.761137e+02 -1.304834e+03 -1.731611e+03 -2.713170e+03 5.756720e+03 2.305387e+03 8.191190e+02 -1.285532e+03 -1.853222e+03 -2.829240e+04 -2.106275e+03 -3.032713e+03 6.555221e+03 3.025947e+03 -9.430319e+02 1.609892e+03 2.034300e+03 3.224390e+04 6.560345e+03 -2.561200e+03 1.431437e+03 -2.388139e+03 -2.453454e+03 3.223981e+04 -6.735647e+02 -1.033231e+03
7.979798e-03 -7.293997e+03 3.297411e+03 -1.752740e+03 2.183983e+03 -2.653161e+03 3.600100e+04 -1.102093e+03 -1.312164e+03 -1.737247e+03 -2.227495e+03 5.620064e+03 2.254218e+03 1.145151e+03 -1.293188e+03 -1.816661e+03 -2.772200e+04 -2.112840e+03 -2.479210e+03 6.398973e+03 2.960990e+03 -1.314596e+03 1.619026e+03 1.991309e+03 3.159325e+04 6.403977e+03 -2.501525e+03 1.435990e+03 -1.961958e+03 -2.407282e+03 3.158924e+04 -9.596216e+02 -1.039343e+03
8.181818e-03 -7.113799e+03 3.223527e+03 -1.756890e+03 1.727973e+03 -2.599973e+03 3.524913e+04 -1.405545e+03 -1.318558e+03 -1.741722e+03 -1.771439e+03 5.482245e+03 2.204184e+03 1.448609e+03 -1.299913e+03 -1.780722e+03 -2.714404e+04 -2.117998e+03 -1.959526e+03 6.241414e+03 2.897493e+03 -1.660420e+03 1.627015e+03 1.949058e+03 3.093400e+04 6.246297e+03 -2.443168e+03 1.439586e+03 -1.561757e+03 -2.361901e+03 3.093007e+04 -1.225922e+03 -1.044698e+03
8.383838e-03 -6.932867e+03 3.151343e+03 -1.759949e+03 1.300460e+03 -2.547746e+03 3.449085e+04 -1.687420e+03 -1.324062e+03 -1.745108e+03 -1.343841e+03 5.343838e+03 2.155293e+03 1.730447e+03 -1.305753e+03 -1.745424e+03 -2.656113e+04 -2.121838e+03 -1.472331e+03 6.083198e+03 2.835463e+03 -1.981593e+03 1.633917e+03 1.907568e+03 3.026911e+04 6.087960e+03 -2.386137e+03 1.442282e+03 -1.186516e+03 -2.317332e+03 3.026528e+04 -1.473299e+03 -1.049332e+03
8.585859e-03 -6.751870e+03 3.080861e+03 -1.761985e+03 9.002537e+02 -2.496502e+03 3.372921e+04 -1.948681e+03 -1.328723e+03 -1.747473e+03 -9.435122e+02 5.205355e+03 2.107547e+03 1.991632e+03 -1.310753e+03 -1.710780e+03 -2.597559e+04 -2.124442e+03 -1.016267e+03 5.924909e+03 2.774901e+03 -2.279218e+03 1.639790e+03 1.866855e+03 2.960125e+04 5.929551e+03 -2.330436e+03 1.444137e+03 -8.351930e+02 -2.273593e+03 2.959750e+04 -1.702598e+03 -1.053283e+03
8.787879e-03 -6.571402e+03 3.012080e+03 -1.763066e+03 5.261514e+02 -2.446256e+03 3.296690e+04 -2.190299e+03 -1.332585e+03 -1.748883e+03 -5.692534e+02 5.067252e+03 2.060945e+03 2.233136e+03 -1.314955e+03 -1.676801e+03 -2.538952e+04 -2.125891e+03 -5.899641e+02 5.767069e+03 2.715806e+03 -2.554403e+03 1.644687e+03 1.826932e+03 2.893280e+04 5.771590e+03 -2.276063e+03 1.445205e+03 -5.067365e+02 -2.230698e+03 2.892914e+04 -1.914669e+03 -1.056584e+03
8.989899e-03 -6.391989e+03 2.944990e+03 -1.763256e+03 1.769507e+02 -2.397018e+03 3.220635e+04 -2.413239e+03 -1.335693e+03 -1.749401e+03 -2.198645e+02 4.929935e+03 2.015482e+03 2.455927e+03 -1.318403e+03 -1.643496e+03 -2.480478e+04 -2.126262e+03 -1.920495e+02 5.610138e+03 2.658170e+03 -2.808253e+03 1.648663e+03 1.787807e+03 2.826588e+04 5.614541e+03 -2.223014e+03 1.445538e+03 -2.000943e+02 -2.188657e+03 2.826230e+04 -2.110358e+03 -1.059270e+03
9.191919e-03 -6.214095e+03 2.879580e+03 -1.762616e+03 -1.485429e+02 -2.348797e+03 3.144971e+04 -2.618455e+03 -1.338087e+03 -1.749087e+03 1.058464e+02 4.793757e+03 1.971150e+03 2.660963e+03 -1.321138e+03 -1.610871e+03 -2.422301e+04 -2.125629e+03 1.788385e+02 5.454523e+03 2.601981e+03 -3.041860e+03 1.651770e+03 1.749486e+03 2.760236e+04 5.458808e+03 -2.171279e+03 1.445186e+03 8.577871e+01 -2.147478e+03 2.759887e+04 -2.290503e+03 -1.061374e+03
9.393939e-03 -6.038124e+03 2.815833e+03 -1.761203e+03 -4.515076e+02 -2.301596e+03 3.069884e+04 -2.806888e+03 -1.339810e+03 -1.747998e+03 4.090551e+02 4.659031e+03 1.927939e+03 2.849185e+03 -1.323199e+03 -1.578928e+03 -2.364567e+04 -2.124061e+03 5.240436e+02 5.300578e+03 2.547226e+03 -3.256298e+03 1.654058e+03 1.711974e+03 2.694391e+04 5.304746e+03 -2.120846e+03 1.444196e+03 3.519137e+02 -2.107162e+03 2.694049e+04 -2.455927e+03 -1.062928e+03
9.595960e-03 -5.864426e+03 2.753728e+03 -1.759073e+03 -7.330991e+02 -2.255416e+03 2.995541e+04 -2.979454e+03 -1.340899e+03 -1.746188e+03 6.909152e+02 4.526026e+03 1.885834e+03 3.021515e+03 -1.324624e+03 -1.547669e+03 -2.307402e+04 -2.121624e+03 8.448838e+02 5.148609e+03 2.493887e+03 -3.452617e+03 1.655574e+03 1.675271e+03 2.629195e+04 5.152662e+03 -2.071701e+03 1.442613e+03 5.993221e+02 -2.067713e+03 2.628862e+04 -2.607435e+03 -1.063963e+03
9.797980e-03 -5.693302e+03 2.693244e+03 -1.756278e+03 -9.944456e+02 -2.210255e+03 2.922084e+04 -3.137047e+03 -1.341394e+03 -1.743710e+03 9.525525e+02 4.394972e+03 1.844823e+03 3.178846e+03 -1.325452e+03 -1.517093e+03 -2.250915e+04 -2.118381e+03 1.142646e+03 4.998881e+03 2.441943e+03 -3.631838e+03 1.656366e+03 1.639375e+03 2.564775e+04 5.002821e+03 -2.023826e+03 1.440480e+03 8.289911e+02 -2.029129e+03 2.564451e+04 -2.745809e+03 -1.064510e+03
1.000000e-02 -5.525008e+03 2.634354e+03 -1.752867e+03 -1.236643e+03 -2.166108e+03 2.849635e+04 -3.280533e+03 -1.341330e+03 -1.740611e+03 1.195061e+03 4.266068e+03 1.804887e+03 3.322048e+03 -1.325717e+03 -1.487198e+03 -2.195203e+04 -2.114392e+03 1.418579e+03 4.851618e+03 2.391373e+03 -3.794951e+03 1.656477e+03 1.604283e+03 2.501240e+04 4.855447e+03 -1.977202e+03 1.437837e+03 1.041880e+03 -1.991406e+03 2.500923e+04 -2.871809e+03 -1.064597e+03
