-1.000000e-02 5.513541e+03 2.537664e+03 1.615426e+03 -1.990032e+02 -2.120740e+03 -2.497462e+04 -2.029271e+03 1.223411e+03 1.605147e+03 1.613731e+02 -4.253629e+03 1.737957e+03 2.066828e+03 1.209900e+03 -1.455045e+03 1.923699e+04 1.949291e+03 2.366731e+02 -4.839546e+03 2.304026e+03 -2.365098e+03 -1.514510e+03 1.571280e+03 -2.192009e+04 -4.843170e+03 -1.903416e+03 -1.325457e+03 1.342914e+02 -1.947948e+03 -2.191706e+04 -1.773281e+03 9.687825e+02
-9.797980e-03 5.657053e+03 2.589091e+03 1.615493e+03 4.689491e+01 -2.160326e+03 -2.551575e+04 -1.864631e+03 1.221389e+03 1.604990e+03 -8.468511e+01 -4.363435e+03 1.772775e+03 1.902323e+03 1.207644e+03 -1.481795e+03 1.965293e+04 1.949293e+03 -4.351576e+01 -4.965064e+03 2.348073e+03 -2.177670e+03 -1.511832e+03 1.602794e+03 -2.239454e+04 -4.968778e+03 -1.944182e+03 -1.325379e+03 -8.168348e+01 -1.981664e+03 -2.239146e+04 -1.628747e+03 9.670950e+02
-9.595960e-03 5.801594e+03 2.641690e+03 1.614913e+03 3.091176e+02 -2.200683e+03 -2.605896e+04 -1.687331e+03 1.218820e+03 1.604185e+03 -3.470459e+02 -4.474010e+03 1.808381e+03 1.725135e+03 1.204843e+03 -1.509060e+03 2.007045e+04 1.948512e+03 -3.423161e+02 -5.091473e+03 2.393126e+03 -1.975781e+03 -1.508487e+03 1.634919e+03 -2.287082e+04 -5.095278e+03 -1.985869e+03 -1.324767e+03 -3.119569e+02 -2.016032e+03 -2.286766e+04 -1.473111e+03 9.649624e+02
-9.393939e-03 5.946847e+03 2.695467e+03 1.613643e+03 5.884078e+02 -2.241808e+03 -2.660294e+04 -1.496759e+03 1.215675e+03 1.602690e+03 -6.264505e+02 -4.585111e+03 1.844779e+03 1.534650e+03 1.201466e+03 -1.536838e+03 2.048853e+04 1.946896e+03 -6.605755e+02 -5.218493e+03 2.439192e+03 -1.758729e+03 -1.504438e+03 1.667653e+03 -2.334775e+04 -5.222389e+03 -2.028478e+03 -1.323587e+03 -5.571788e+02 -2.051048e+03 -2.334453e+04 -1.305835e+03 9.623612e+02
-9.191919e-03 6.092451e+03 2.750423e+03 1.611640e+03 8.855123e+02 -2.283693e+03 -2.714622e+04 -1.292299e+03 1.211924e+03 1.600461e+03 -9.236440e+02 -4.696461e+03 1.881970e+03 1.330247e+03 1.197483e+03 -1.565122e+03 2.090606e+04 1.944393e+03 -9.991457e+02 -5.345808e+03 2.486271e+03 -1.525809e+03 -1.499649e+03 1.700989e+03 -2.382406e+04 -5.349796e+03 -2.072012e+03 -1.321802e+03 -8.180024e+02 -2.086705e+03 -2.382077e+04 -1.126380e+03 9.592674e+02
-8.989899e-03 6.238005e+03 2.806560e+03 1.608856e+03 1.201177e+03 -2.326328e+03 -2.768717e+04 -1.073330e+03 1.207534e+03 1.597453e+03 -1.239370e+03 -4.807752e+03 1.919953e+03 1.111309e+03 1.192865e+03 -1.593905e+03 2.132177e+04 1.940947e+03 -1.358877e+03 -5.473068e+03 2.534365e+03 -1.276313e+03 -1.494080e+03 1.734919e+03 -2.429831e+04 -5.477148e+03 -2.116469e+03 -1.319375e+03 -1.095080e+03 -2.122996e+03 -2.429496e+04 -9.342020e+02 9.556561e+02
-8.787879e-03 6.383065e+03 2.863872e+03 1.605243e+03 1.536139e+03 -2.369700e+03 -2.822397e+04 -8.392398e+02 1.202474e+03 1.593617e+03 -1.574366e+03 -4.918642e+03 1.958726e+03 8.772164e+02 1.187579e+03 -1.623180e+03 2.173427e+04 1.936499e+03 -1.740612e+03 -5.599882e+03 2.583470e+03 -1.009538e+03 -1.487692e+03 1.769433e+03 -2.476891e+04 -5.604054e+03 -2.161847e+03 -1.316265e+03 -1.389056e+03 -2.159908e+03 -2.476550e+04 -7.287633e+02 9.515020e+02
-8.585859e-03 6.527136e+03 2.922351e+03 1.600751e+03 1.891126e+03 -2.413795e+03 -2.875466e+04 -5.894197e+02 1.196711e+03 1.588905e+03 -1.929354e+03 -5.028752e+03 1.998282e+03 6.273614e+02 1.181594e+03 -1.652934e+03 2.214204e+04 1.930989e+03 -2.145179e+03 -5.725819e+03 2.633579e+03 -7.247877e+02 -1.480442e+03 1.804519e+03 -2.523414e+04 -5.730082e+03 -2.208136e+03 -1.312433e+03 -1.700567e+03 -2.197429e+03 -2.523066e+04 -5.095314e+02 9.467794e+02
-8.383838e-03 6.669674e+03 2.981987e+03 1.595329e+03 2.266840e+03 -2.458592e+03 -2.927704e+04 -3.232772e+02 1.190210e+03 1.583266e+03 -2.305039e+03 -5.137666e+03 2.038613e+03 3.611492e+02 1.174876e+03 -1.683155e+03 2.254340e+04 1.924355e+03 -2.573380e+03 -5.850401e+03 2.684682e+03 -4.213846e+02 -1.472291e+03 1.840161e+03 -2.569206e+04 -5.854755e+03 -2.255328e+03 -1.307836e+03 -2.030227e+03 -2.235541e+03 -2.568852e+04 -2.759868e+02 9.414621e+02
-8.181818e-03 6.810083e+03 3.042760e+03 1.588923e+03 2.663958e+03 -2.504070e+03 -2.978872e+04 -4.024054e+01 1.182937e+03 1.576647e+03 -2.702092e+03 -5.244926e+03 2.079706e+03 7.800598e+01 1.167393e+03 -1.713826e+03 2.293651e+04 1.916532e+03 -3.025987e+03 -5.973107e+03 2.736765e+03 -9.867373e+01 -1.463196e+03 1.876341e+03 -2.614060e+04 -5.977550e+03 -2.303409e+03 -1.302430e+03 -2.378628e+03 -2.274225e+03 -2.613699e+04 -2.762833e+01 9.355235e+02
-7.979798e-03 6.947711e+03 3.104650e+03 1.581477e+03 3.083116e+03 -2.550202e+03 -3.028712e+04 2.602340e+02 1.174859e+03 1.568994e+03 -3.121149e+03 -5.350032e+03 2.121547e+03 -2.226138e+02 1.159112e+03 -1.744930e+03 2.331938e+04 1.907456e+03 -3.503725e+03 -6.093366e+03 2.789808e+03 2.439674e+02 -1.453113e+03 1.913038e+03 -2.657746e+04 -6.097897e+03 -2.352359e+03 -1.296171e+03 -2.746324e+03 -2.313459e+03 -2.657380e+04 2.360205e+02 9.289367e+02
-7.777778e-03 7.081849e+03 3.167628e+03 1.572935e+03 3.524902e+03 -2.596957e+03 -3.076943e+04 5.786532e+02 1.165939e+03 1.560251e+03 -3.562795e+03 -5.452441e+03 2.164116e+03 -5.412189e+02 1.149997e+03 -1.776445e+03 2.368985e+04 1.897056e+03 -4.007264e+03 -6.210559e+03 2.843789e+03 6.071193e+02 -1.442000e+03 1.950228e+03 -2.700020e+04 -6.215175e+03 -2.402156e+03 -1.289013e+03 -3.133831e+03 -2.353215e+03 -2.699647e+04 5.154038e+02 9.216750e+02
-7.575758e-03 7.211729e+03 3.231660e+03 1.563240e+03 3.989841e+03 -2.644302e+03 -3.123259e+04 9.154779e+02 1.156143e+03 1.550363e+03 -4.027555e+03 -5.551564e+03 2.207390e+03 -8.782719e+02 1.140017e+03 -1.808348e+03 2.404557e+04 1.885264e+03 -4.537206e+03 -6.324012e+03 2.898678e+03 9.913100e+02 -1.429813e+03 1.987882e+03 -2.740614e+04 -6.328712e+03 -2.452773e+03 -1.280909e+03 -3.541606e+03 -2.393465e+03 -2.740236e+04 8.109253e+02 9.137112e+02
-7.373737e-03 7.336524e+03 3.296707e+03 1.552332e+03 4.478386e+03 -2.692196e+03 -3.167335e+04 1.271113e+03 1.145436e+03 1.539271e+03 -4.515881e+03 -5.646766e+03 2.251340e+03 -1.234179e+03 1.129136e+03 -1.840611e+03 2.438405e+04 1.872009e+03 -5.094068e+03 -6.433002e+03 2.954441e+03 1.397003e+03 -1.416508e+03 2.025970e+03 -2.779242e+04 -6.437781e+03 -2.504177e+03 -1.271810e+03 -3.970046e+03 -2.434173e+03 -2.778858e+04 1.122939e+03 9.050187e+02
-7.171717e-03 7.455345e+03 3.362720e+03 1.540151e+03 4.990904e+03 -2.740594e+03 -3.208821e+04 1.645895e+03 1.133782e+03 1.526916e+03 -5.028135e+03 -5.737367e+03 2.295935e+03 -1.609279e+03 1.117322e+03 -1.873204e+03 2.470257e+04 1.857218e+03 -5.678265e+03 -6.536750e+03 3.011037e+03 1.824586e+03 -1.402042e+03 2.064455e+03 -2.815596e+04 -6.541605e+03 -2.556329e+03 -1.261669e+03 -4.419469e+03 -2.475303e+03 -2.815207e+04 1.451742e+03 8.955708e+02
-6.969697e-03 7.567241e+03 3.429644e+03 1.526635e+03 5.527655e+03 -2.789449e+03 -3.247344e+04 2.040083e+03 1.121147e+03 1.513240e+03 -5.564580e+03 -5.822639e+03 2.341137e+03 -2.003832e+03 1.104542e+03 -1.906093e+03 2.499829e+04 1.840819e+03 -6.290099e+03 -6.634425e+03 3.068418e+03 2.274354e+03 -1.386372e+03 2.103299e+03 -2.849351e+04 -6.639353e+03 -2.609186e+03 -1.250435e+03 -4.890104e+03 -2.516811e+03 -2.848957e+04 1.797558e+03 8.853413e+02
-6.767677e-03 7.671204e+03 3.497415e+03 1.511725e+03 6.088786e+03 -2.838705e+03 -3.282508e+04 2.453841e+03 1.107496e+03 1.498182e+03 -6.125358e+03 -5.901808e+03 2.386902e+03 -2.418003e+03 1.090763e+03 -1.939241e+03 2.526815e+04 1.822738e+03 -6.929734e+03 -6.725145e+03 3.126532e+03 2.746499e+03 -1.369455e+03 2.142458e+03 -2.880159e+04 -6.730139e+03 -2.662696e+03 -1.238059e+03 -5.382077e+03 -2.558651e+03 -2.879761e+04 2.160533e+03 8.743049e+02
-6.565657e-03 7.766163e+03 3.565961e+03 1.495357e+03 6.674304e+03 -2.888301e+03 -3.313896e+04 2.887229e+03 1.092798e+03 1.481683e+03 -6.710476e+03 -5.974056e+03 2.433181e+03 -2.851854e+03 1.075955e+03 -1.972608e+03 2.550895e+04 1.802901e+03 -7.597180e+03 -6.807973e+03 3.185315e+03 3.241089e+03 -1.351251e+03 2.181883e+03 -2.907654e+04 -6.813029e+03 -2.716802e+03 -1.224492e+03 -5.895392e+03 -2.600772e+03 -2.907251e+04 2.540717e+03 8.624367e+02
-6.363636e-03 7.850994e+03 3.635202e+03 1.477472e+03 7.284064e+03 -2.938172e+03 -3.341070e+04 3.340186e+03 1.077019e+03 1.463683e+03 -7.319790e+03 -6.038520e+03 2.479918e+03 -3.305324e+03 1.060087e+03 -2.006148e+03 2.571731e+04 1.781236e+03 -8.292273e+03 -6.881927e+03 3.244698e+03 3.758056e+03 -1.331719e+03 2.221523e+03 -2.931451e+04 -6.887037e+03 -2.771440e+03 -1.209684e+03 -6.429922e+03 -2.643117e+03 -2.931045e+04 2.938059e+03 8.497129e+02
-6.161616e-03 7.924522e+03 3.705045e+03 1.458009e+03 7.917749e+03 -2.988247e+03 -3.363570e+04 3.812516e+03 1.060129e+03 1.444124e+03 -7.952981e+03 -6.094301e+03 2.527053e+03 -3.778217e+03 1.043131e+03 -2.039812e+03 2.588972e+04 1.757669e+03 -9.014652e+03 -6.945975e+03 3.304603e+03 4.297177e+03 -1.310820e+03 2.261320e+03 -2.951149e+04 -6.951133e+03 -2.826536e+03 -1.193586e+03 -6.985389e+03 -2.685625e+03 -2.950740e+04 3.352384e+03 8.361111e+02
-5.959596e-03 7.985520e+03 3.775389e+03 1.436908e+03 8.574852e+03 -3.038446e+03 -3.380923e+04 4.303871e+03 1.042099e+03 1.422949e+03 -8.609541e+03 -6.140460e+03 2.574517e+03 -4.270186e+03 1.025059e+03 -2.073549e+03 2.602252e+04 1.732129e+03 -9.763738e+03 -6.999049e+03 3.364944e+03 4.858058e+03 -1.288519e+03 2.301211e+03 -2.966331e+04 -7.004246e+03 -2.882011e+03 -1.176151e+03 -7.561345e+03 -2.728229e+03 -2.965920e+04 3.783388e+03 8.216102e+02
-5.757576e-03 8.032727e+03 3.846124e+03 1.414111e+03 9.254654e+03 -3.088686e+03 -3.392638e+04 4.813738e+03 1.022902e+03 1.400101e+03 -9.288752e+03 -6.176029e+03 2.622233e+03 -4.780718e+03 1.005847e+03 -2.107301e+03 2.611194e+04 1.704548e+03 -1.053871e+04 -7.040041e+03 3.425624e+03 5.440111e+03 -1.264781e+03 2.341131e+03 -2.976568e+04 -7.045269e+03 -2.937777e+03 -1.157331e+03 -8.157162e+03 -2.770857e+03 -2.976155e+04 4.230620e+03 8.061907e+02
-5.555556e-03 8.064844e+03 3.917126e+03 1.389562e+03 9.956208e+03 -3.138877e+03 -3.398214e+04 5.341421e+03 1.002512e+03 1.375527e+03 -9.989668e+03 -6.200016e+03 2.670120e+03 -5.309116e+03 9.854724e+02 -2.141008e+03 2.615413e+04 1.674858e+03 -1.133850e+04 -7.067818e+03 3.486540e+03 6.042546e+03 -1.239575e+03 2.381008e+03 -2.981419e+04 -7.073067e+03 -2.993736e+03 -1.137084e+03 -8.772008e+03 -2.813435e+03 -2.981005e+04 4.693470e+03 7.898351e+02
-5.353535e-03 8.080552e+03 3.988262e+03 1.363210e+03 1.067832e+04 -3.188923e+03 -3.397141e+04 5.886029e+03 9.809080e+02 1.349176e+03 -1.071110e+04 -6.211412e+03 2.718087e+03 -5.854487e+03 9.639149e+02 -2.174604e+03 2.614517e+04 1.642998e+03 -1.216173e+04 -7.081227e+03 3.547576e+03 6.664342e+03 -1.212873e+03 2.420764e+03 -2.980439e+04 -7.086486e+03 -3.049783e+03 -1.115365e+03 -9.404837e+03 -2.855879e+03 -2.980025e+04 5.171156e+03 7.725280e+02
-5.151515e-03 8.078523e+03 4.059387e+03 1.335003e+03 1.141953e+04 -3.238721e+03 -3.388908e+04 6.446459e+03 9.580702e+02 1.321001e+03 -1.145158e+04 -6.209197e+03 2.766037e+03 -6.415729e+03 9.411577e+02 -2.208022e+03 2.608113e+04 1.608906e+03 -1.300675e+04 -7.079103e+03 3.608607e+03 7.304243e+03 -1.184650e+03 2.460319e+03 -2.973178e+04 -7.084362e+03 -3.105805e+03 -1.092136e+03 -1.005437e+04 -2.898102e+03 -2.972764e+04 5.662711e+03 7.542566e+02
-4.949495e-03 8.057428e+03 4.130345e+03 1.304898e+03 1.217811e+04 -3.288164e+03 -3.373004e+04 7.021386e+03 9.339827e+02 1.290959e+03 -1.220938e+04 -6.192356e+03 2.813863e+03 -6.991513e+03 9.171871e+02 -2.241188e+03 2.595808e+04 1.572530e+03 -1.387157e+04 -7.060287e+03 3.669501e+03 7.960735e+03 -1.154886e+03 2.499587e+03 -2.959188e+04 -7.065532e+03 -3.161678e+03 -1.067359e+03 -1.071908e+04 -2.940014e+03 -2.958776e+04 6.166973e+03 7.350105e+02
-4.747475e-03 8.015958e+03 4.200968e+03 1.272852e+03 1.295201e+04 -3.337136e+03 -3.348926e+04 7.609250e+03 9.086330e+02 1.259010e+03 -1.298247e+04 -6.159887e+03 2.861454e+03 -7.580276e+03 8.919929e+02 -2.274026e+03 2.577217e+04 1.533821e+03 -1.475388e+04 -7.023632e+03 3.730112e+03 8.632034e+03 -1.123564e+03 2.538477e+03 -2.938030e+04 -7.028851e+03 -3.217270e+03 -1.041004e+03 -1.139720e+04 -2.981517e+03 -2.937621e+04 6.682573e+03 7.147824e+02
-4.545455e-03 7.952837e+03 4.271078e+03 1.238832e+03 1.373890e+04 -3.385518e+03 -3.316188e+04 8.208246e+03 8.820129e+02 1.225122e+03 -1.376851e+04 -6.110814e+03 2.908690e+03 -8.180211e+03 8.655691e+02 -2.306457e+03 2.551963e+04 1.492737e+03 -1.565101e+04 -6.968025e+03 3.790289e+03 9.316082e+03 -1.090674e+03 2.576895e+03 -2.909276e+04 -6.973203e+03 -3.272441e+03 -1.013042e+03 -1.208667e+04 -3.022511e+03 -2.908870e+04 7.207928e+03 6.935680e+02
-4.343434e-03 7.866844e+03 4.340485e+03 1.202807e+03 1.453614e+04 -3.433187e+03 -3.274323e+04 8.816322e+03 8.541182e+02 1.189268e+03 -1.456486e+04 -6.044203e+03 2.955442e+03 -8.789261e+03 8.379136e+02 -2.338397e+03 2.519690e+04 1.449245e+03 -1.655994e+04 -6.892396e+03 3.849867e+03 1.001053e+04 -1.056210e+03 2.614741e+03 -2.872517e+04 -6.897520e+03 -3.327043e+03 -9.834498e+02 -1.278517e+04 -3.062889e+03 -2.872116e+04 7.741240e+03 6.713666e+02
-4.141414e-03 7.756832e+03 4.408990e+03 1.164757e+03 1.534076e+04 -3.480013e+03 -3.222895e+04 9.431172e+03 8.249494e+02 1.151428e+03 -1.536856e+04 -5.959175e+03 3.001576e+03 -9.405117e+03 8.090289e+02 -2.369760e+03 2.480062e+04 1.403317e+03 -1.747730e+04 -6.795743e+03 3.908675e+03 1.071275e+04 -1.020171e+03 2.651914e+03 -2.827370e+04 -6.800795e+03 -3.380919e+03 -9.522116e+02 -1.349012e+04 -3.102544e+03 -2.826975e+04 8.280485e+03 6.481809e+02
-3.939394e-03 7.621747e+03 4.476382e+03 1.124667e+03 1.614949e+04 -3.525863e+03 -3.161505e+04 1.005024e+04 7.945119e+02 1.111589e+03 -1.617635e+04 -5.854924e+03 3.046952e+03 -1.002522e+04 7.789222e+02 -2.400457e+03 2.432772e+04 1.354940e+03 -1.839935e+04 -6.677144e+03 3.966533e+03 1.141981e+04 -9.825629e+02 2.688308e+03 -2.773486e+04 -6.682109e+03 -3.433905e+03 -9.193164e+02 -1.419864e+04 -3.141363e+03 -2.773099e+04 8.823423e+03 6.240173e+02
-3.737374e-03 7.460653e+03 4.542444e+03 1.082532e+03 1.695875e+04 -3.570599e+03 -3.089800e+04 1.067072e+04 7.628164e+02 1.069749e+03 -1.698464e+04 -5.730737e+03 3.091424e+03 -1.064675e+04 7.476057e+02 -2.430398e+03 2.377550e+04 1.304105e+03 -1.932202e+04 -6.535782e+03 4.023254e+03 1.212853e+04 -9.433989e+02 2.723815e+03 -2.710557e+04 -6.540644e+03 -3.485831e+03 -8.847609e+02 -1.490759e+04 -3.179230e+03 -2.710178e+04 9.367595e+03 5.988865e+02
-3.535354e-03 7.272758e+03 4.606950e+03 1.038357e+03 1.776466e+04 -3.614084e+03 -3.007485e+04 1.128959e+04 7.298788e+02 1.025911e+03 -1.778958e+04 -5.586005e+03 3.134840e+03 -1.126668e+04 7.150967e+02 -2.459490e+03 2.314168e+04 1.250819e+03 -2.024088e+04 -6.370964e+03 4.078643e+03 1.283541e+04 -9.026976e+02 2.758324e+03 -2.638321e+04 -6.375704e+03 -3.536518e+03 -8.485491e+02 -1.561360e+04 -3.216029e+03 -2.637952e+04 9.910340e+03 5.728031e+02
-3.333333e-03 7.057429e+03 4.669667e+03 9.921550e+02 1.856309e+04 -3.656175e+03 -2.914327e+04 1.190357e+04 6.957209e+02 9.800926e+02 -1.858702e+04 -5.420248e+03 3.177044e+03 -1.188174e+04 6.814179e+02 -2.487640e+03 2.242447e+04 1.195100e+03 -2.115121e+04 -6.182138e+03 4.132500e+03 1.353675e+04 -8.604851e+02 2.791723e+03 -2.556577e+04 -6.186738e+03 -3.585787e+03 -8.106933e+02 -1.631302e+04 -3.251640e+03 -2.556219e+04 1.044880e+04 5.457858e+02
-3.131313e-03 6.814226e+03 4.730359e+03 9.439513e+02 1.934964e+04 -3.696730e+03 -2.810167e+04 1.250922e+04 6.603701e+02 9.323179e+02 -1.937259e+04 -5.233127e+03 3.217877e+03 -1.248847e+04 6.465975e+02 -2.514753e+03 2.162265e+04 1.136978e+03 -2.204801e+04 -5.968918e+03 4.184622e+03 1.422859e+04 -8.167945e+02 2.823901e+03 -2.465183e+04 -5.973360e+03 -3.633452e+03 -7.712144e+02 -1.700203e+04 -3.285944e+03 -2.464838e+04 1.097995e+04 5.178579e+02
-2.929293e-03 6.542913e+03 4.788783e+03 8.937821e+02 2.011973e+04 -3.735608e+03 -2.694927e+04 1.310292e+04 6.238597e+02 8.826239e+02 -2.014170e+04 -5.024465e+03 3.257178e+03 -1.308323e+04 6.106690e+02 -2.540735e+03 2.073562e+04 1.076496e+03 -2.292604e+04 -5.731100e+03 4.234800e+03 1.490680e+04 -7.716665e+02 2.854744e+03 -2.364072e+04 -5.735367e+03 -3.679325e+03 -7.301424e+02 -1.767659e+04 -3.318822e+03 -2.363741e+04 1.150061e+04 4.890469e+02
-2.727273e-03 6.243488e+03 4.844699e+03 8.416954e+02 2.086857e+04 -3.772665e+03 -2.568618e+04 1.368089e+04 5.862290e+02 8.310583e+02 -2.088958e+04 -4.794260e+03 3.294785e+03 -1.366225e+04 5.736717e+02 -2.565493e+03 1.976348e+04 1.013714e+03 -2.377986e+04 -5.468682e+03 4.282827e+03 1.556706e+04 -7.251491e+02 2.884140e+03 -2.253254e+04 -5.472754e+03 -3.723218e+03 -6.875168e+02 -1.833253e+04 -3.350154e+03 -2.252938e+04 1.200747e+04 4.593846e+02
-2.525253e-03 5.916194e+03 4.897864e+03 7.877513e+02 2.159130e+04 -3.807765e+03 -2.431350e+04 1.423929e+04 5.475232e+02 7.776810e+02 -2.161137e+04 -4.542701e+03 3.330537e+03 -1.422167e+04 5.356503e+02 -2.588935e+03 1.870706e+04 9.487018e+02 -2.460390e+04 -5.181878e+03 4.328494e+03 1.620497e+04 -6.772978e+02 2.911981e+03 -2.132825e+04 -5.185737e+03 -3.764942e+03 -6.433870e+02 -1.896558e+04 -3.379824e+03 -2.132526e+04 1.249716e+04 4.289073e+02
-2.323232e-03 5.561539e+03 4.948040e+03 7.320221e+02 2.228296e+04 -3.840769e+03 -2.283331e+04 1.477418e+04 5.077936e+02 7.225634e+02 -2.230211e+04 -4.270177e+03 3.364273e+03 -1.475755e+04 4.966549e+02 -2.610971e+03 1.756797e+04 8.815486e+02 -2.539252e+04 -4.871133e+03 4.371597e+03 1.681605e+04 -6.281756e+02 2.938157e+03 -2.002968e+04 -4.874761e+03 -3.804312e+03 -5.978121e+02 -1.957140e+04 -3.407717e+03 -2.002687e+04 1.296624e+04 3.976553e+02
-2.121212e-03 5.180305e+03 4.994995e+03 6.745928e+02 2.293859e+04 -3.871547e+03 -2.124879e+04 1.528165e+04 4.670970e+02 6.657892e+02 -2.295686e+04 -3.977289e+03 3.395839e+03 -1.526597e+04 4.567411e+02 -2.631514e+03 1.634866e+04 8.123560e+02 -2.614007e+04 -4.537131e+03 4.411934e+03 1.739582e+04 -5.778527e+02 2.962566e+03 -1.863962e+04 -4.540511e+03 -3.841146e+03 -5.508613e+02 -2.014565e+04 -3.433725e+03 -1.863700e+04 1.341127e+04 3.656735e+02
-1.919192e-03 4.773555e+03 5.038501e+03 6.155606e+02 2.355330e+04 -3.899974e+03 -1.956419e+04 1.575782e+04 4.254962e+02 6.074538e+02 -2.357075e+04 -3.664852e+03 3.425082e+03 -1.574304e+04 4.159694e+02 -2.650483e+03 1.505239e+04 7.412409e+02 -2.684097e+04 -4.180803e+03 4.449311e+03 1.793984e+04 -5.264063e+02 2.985108e+03 -1.716179e+04 -4.183919e+03 -3.875268e+03 -5.026138e+02 -2.068406e+04 -3.457741e+03 -1.715938e+04 1.382885e+04 3.330102e+02
-1.717172e-03 4.342639e+03 5.078343e+03 5.550349e+02 2.412233e+04 -3.925929e+03 -1.778487e+04 1.619892e+04 3.830590e+02 5.476645e+02 -2.413902e+04 -3.333901e+03 3.451860e+03 -1.618497e+04 3.744053e+02 -2.667798e+03 1.368328e+04 6.683349e+02 -2.748979e+04 -3.803331e+03 4.483542e+03 1.844379e+04 -4.739206e+02 3.005689e+03 -1.560089e+04 -3.806166e+03 -3.906512e+03 -4.531583e+02 -2.118245e+04 -3.479665e+03 -1.559870e+04 1.421567e+04 2.997180e+02
-1.515152e-03 3.889186e+03 5.114319e+03 4.931369e+02 2.464114e+04 -3.949301e+03 -1.591728e+04 1.660134e+04 3.398586e+02 4.865397e+02 -2.465711e+04 -2.985684e+03 3.476036e+03 -1.658815e+04 3.321189e+02 -2.683386e+03 1.224629e+04 5.937833e+02 -2.808134e+04 -3.406141e+03 4.514452e+03 1.890356e+04 -4.204859e+02 3.024220e+03 -1.396258e+04 -3.408680e+03 -3.934718e+03 -4.025933e+02 -2.163684e+04 -3.499405e+03 -1.396062e+04 1.456856e+04 2.658527e+02
-1.313131e-03 3.415098e+03 5.146240e+03 4.299986e+02 2.510544e+04 -3.969989e+03 -1.396890e+04 1.696167e+04 2.959728e+02 4.242084e+02 -2.512078e+04 -2.621659e+03 3.497486e+03 -1.694917e+04 2.891844e+02 -2.697182e+03 1.074719e+04 5.177447e+02 -2.861074e+04 -2.990896e+03 4.541880e+03 1.931525e+04 -3.661988e+02 3.040622e+03 -1.225343e+04 -2.993126e+03 -3.959743e+03 -3.510257e+02 -2.204349e+04 -3.516875e+03 -1.225171e+04 1.488454e+04 2.314736e+02
-1.111111e-03 2.922537e+03 5.173936e+03 3.657628e+02 2.551130e+04 -3.987900e+03 -1.194824e+04 1.727679e+04 2.514836e+02 3.608096e+02 -2.552608e+04 -2.243482e+03 3.516095e+03 -1.726490e+04 2.456801e+02 -2.709123e+03 9.192510e+03 4.403904e+02 -2.907352e+04 -2.559489e+03 4.565678e+03 1.967529e+04 -3.111612e+02 3.054822e+03 -1.048089e+04 -2.561398e+03 -3.981452e+03 -2.985711e+02 -2.239895e+04 -3.531999e+03 -1.047941e+04 1.516089e+04 1.966429e+02
-9.090909e-04 2.413902e+03 5.197257e+03 3.005811e+02 2.585522e+04 -4.002954e+03 -9.864715e+03 1.754393e+04 2.064771e+02 2.964914e+02 -2.586952e+04 -1.852992e+03 3.531762e+03 -1.753255e+04 2.016876e+02 -2.719158e+03 7.589485e+03 3.619023e+02 -2.946566e+04 -2.114019e+03 4.585718e+03 1.998051e+04 -2.554798e+02 3.066756e+03 -8.653214e+03 -2.115595e+03 -3.999730e+03 -2.453523e+02 -2.270016e+04 -3.544708e+03 -8.651997e+03 1.539515e+04 1.614254e+02
-7.070707e-04 1.891805e+03 5.216074e+03 2.346138e+02 2.613415e+04 -4.015081e+03 -7.728548e+03 1.776066e+04 1.610426e+02 2.314095e+02 -2.614806e+04 -1.452190e+03 3.544403e+03 -1.774970e+04 1.572915e+02 -2.727241e+03 5.945986e+03 2.824726e+02 -2.978370e+04 -1.656770e+03 4.601887e+03 2.022814e+04 -1.992658e+02 3.076370e+03 -6.779380e+03 -1.658006e+03 -4.014476e+03 -1.914988e+02 -2.294445e+04 -3.554947e+03 -6.778425e+03 1.558520e+04 1.258882e+02
-5.050505e-04 1.359039e+03 5.230280e+03 1.680280e+02 2.634560e+04 -4.024227e+03 -5.550679e+03 1.792499e+04 1.152722e+02 1.657266e+02 -2.635922e+04 -1.043215e+03 3.553947e+03 -1.791436e+04 1.125789e+02 -2.733336e+03 4.270422e+03 2.023015e+02 -3.002480e+04 -1.190188e+03 4.614095e+03 2.041591e+04 -1.426338e+02 3.083620e+03 -4.868975e+03 -1.191075e+03 -4.025609e+03 -1.371456e+02 -2.312964e+04 -3.562667e+03 -4.868289e+03 1.572931e+04 9.010047e+01
-3.030303e-04 8.185455e+02 5.239797e+03 1.009963e+02 2.648765e+04 -4.030348e+03 -3.342607e+03 1.803541e+04 6.926039e+01 9.961033e+01 -2.650107e+04 -6.283205e+02 3.560339e+03 -1.802499e+04 6.763874e+01 -2.737415e+03 2.571633e+03 1.215960e+02 -3.018678e+04 -7.168440e+02 4.622273e+03 2.054207e+04 -8.570111e+01 3.088472e+03 -2.932083e+03 -7.173786e+02 -4.033066e+03 -8.243235e+01 -2.325405e+04 -3.567834e+03 -2.931670e+03 1.582614e+04 5.413263e+01
-1.010101e-04 2.733710e+02 5.244568e+03 3.369543e+01 2.655901e+04 -4.033416e+03 -1.116244e+03 1.809089e+04 2.310300e+01 3.323259e+01 -2.657233e+04 -2.098404e+02 3.563544e+03 -1.808057e+04 2.256151e+01 -2.739460e+03 8.587810e+02 4.056796e+01 -3.026814e+04 -2.394051e+02 4.626374e+03 2.060545e+04 -2.858722e+01 3.090904e+03 -9.791514e+02 -2.395837e+02 -4.036805e+03 -2.750168e+01 -2.331654e+04 -3.570423e+03 -9.790136e+02 1.587479e+04 1.805629e+01
1.010101e-04 -2.733710e+02 5.244568e+03 -3.369543e+01 2.655901e+04 -4.033416e+03 1.116244e+03 1.809089e+04 -2.310300e+01 -3.323259e+01 -2.657233e+04 2.098404e+02 3.563544e+03 -1.808057e+04 -2.256151e+01 -2.739460e+03 -8.587810e+02 -4.056796e+01 -3.026814e+04 2.394051e+02 4.626374e+03 2.060545e+04 2.858722e+01 3.090904e+03 9.791514e+02 2.395837e+02 -4.036805e+03 2.750168e+01 -2.331654e+04 -3.570423e+03 9.790136e+02 1.587479e+04 -1.805629e+01
3.030303e-04 -8.185455e+02 5.239797e+03 -1.009963e+02 2.648765e+04 -4.030348e+03 3.342607e+03 1.803541e+04 -6.926039e+01 -9.961033e+01 -2.650107e+04 6.283205e+02 3.560339e+03 -1.802499e+04 -6.763874e+01 -2.737415e+03 -2.571633e+03 -1.215960e+02 -3.018678e+04 7.168440e+02 4.622273e+03 2.054207e+04 8.570111e+01 3.088472e+03 2.932083e+03 7.173786e+02 -4.033066e+03 8.243235e+01 -2.325405e+04 -3.567834e+03 2.931670e+03 1.582614e+04 -5.413263e+01
5.050505e-04 -1.359039e+03 5.230280e+03 -1.680280e+02 2.634560e+04 -4.024227e+03 5.550679e+03 1.792499e+04 -1.152722e+02 -1.657266e+02 -2.635922e+04 1.043215e+03 3.553947e+03 -1.791436e+04 -1.125789e+02 -2.733336e+03 -4.270422e+03 -2.023015e+02 -3.002480e+04 1.190188e+03 4.614095e+03 2.041591e+04 1.426338e+02 3.083620e+03 4.868975e+03 1.191075e+03 -4.025609e+03 1.371456e+02 -2.312964e+04 -3.562667e+03 4.868289e+03 1.572931e+04 -9.010047e+01
7.070707e-04 -1.891805e+03 5.216074e+03 -2.346138e+02 2.613415e+04 -4.015081e+03 7.728548e+03 1.776066e+04 -1.610426e+02 -2.314095e+02 -2.614806e+04 1.452190e+03 3.544403e+03 -1.774970e+04 -1.572915e+02 -2.727241e+03 -5.945986e+03 -2.824726e+02 -2.978370e+04 1.656770e+03 4.601887e+03 2.022814e+04 1.992658e+02 3.076370e+03 6.779380e+03 1.658006e+03 -4.014476e+03 1.914988e+02 -2.294445e+04 -3.554947e+03 6.778425e+03 1.558520e+04 -1.258882e+02
9.090909e-04 -2.413902e+03 5.197257e+03 -3.005811e+02 2.585522e+04 -4.002954e+03 9.864715e+03 1.754393e+04 -2.064771e+02 -2.964914e+02 -2.586952e+04 1.852992e+03 3.531762e+03 -1.753255e+04 -2.016876e+02 -2.719158e+03 -7.589485e+03 -3.619023e+02 -2.946566e+04 2.114019e+03 4.585718e+03 1.998051e+04 2.554798e+02 3.066756e+03 8.653214e+03 2.115595e+03 -3.999730e+03 2.453523e+02 -2.270016e+04 -3.544708e+03 8.651997e+03 1.539515e+04 -1.614254e+02
1.111111e-03 -2.922537e+03 5.173936e+03 -3.657628e+02 2.551130e+04 -3.987900e+03 1.194824e+04 1.727679e+04 -2.514836e+02 -3.608096e+02 -2.552608e+04 2.243482e+03 3.516095e+03 -1.726490e+04 -2.456801e+02 -2.709123e+03 -9.192510e+03 -4.403904e+02 -2.907352e+04 2.559489e+03 4.565678e+03 1.967529e+04 3.111612e+02 3.054822e+03 1.048089e+04 2.561398e+03 -3.981452e+03 2.985711e+02 -2.239895e+04 -3.531999e+03 1.047941e+04 1.516089e+04 -1.966429e+02
1.313131e-03 -3.415098e+03 5.146240e+03 -4.299986e+02 2.510544e+04 -3.969989e+03 1.396890e+04 1.696167e+04 -2.959728e+02 -4.242084e+02 -2.512078e+04 2.621659e+03 3.497486e+03 -1.694917e+04 -2.891844e+02 -2.697182e+03 -1.074719e+04 -5.177447e+02 -2.861074e+04 2.990896e+03 4.541880e+03 1.931525e+04 3.661988e+02 3.040622e+03 1.225343e+04 2.993126e+03 -3.959743e+03 3.510257e+02 -2.204349e+04 -3.516875e+03 1.225171e+04 1.488454e+04 -2.314736e+02
1.515152e-03 -3.889186e+03 5.114319e+03 -4.931369e+02 2.464114e+04 -3.949301e+03 1.591728e+04 1.660134e+04 -3.398586e+02 -4.865397e+02 -2.465711e+04 2.985684e+03 3.476036e+03 -1.658815e+04 -3.321189e+02 -2.683386e+03 -1.224629e+04 -5.937833e+02 -2.808134e+04 3.406141e+03 4.514452e+03 1.890356e+04 4.204859e+02 3.024220e+03 1.396258e+04 3.408680e+03 -3.934718e+03 4.025933e+02 -2.163684e+04 -3.499405e+03 1.396062e+04 1.456856e+04 -2.658527e+02
1.717172e-03 -4.342639e+03 5.078343e+03 -5.550349e+02 2.412233e+04 -3.925929e+03 1.778487e+04 1.619892e+04 -3.830590e+02 -5.476645e+02 -2.413902e+04 3.333901e+03 3.451860e+03 -1.618497e+04 -3.744053e+02 -2.667798e+03 -1.368328e+04 -6.683349e+02 -2.748979e+04 3.803331e+03 4.483542e+03 1.844379e+04 4.739206e+02 3.005689e+03 1.560089e+04 3.806166e+03 -3.906512e+03 4.531583e+02 -2.118245e+04 -3.479665e+03 1.559870e+04 1.421567e+04 -2.997180e+02
1.919192e-03 -4.773555e+03 5.038501e+03 -6.155606e+02 2.355330e+04 -3.899974e+03 1.956419e+04 1.575782e+04 -4.254962e+02 -6.074538e+02 -2.357075e+04 3.664852e+03 3.425082e+03 -1.574304e+04 -4.159694e+02 -2.650483e+03 -1.505239e+04 -7.412409e+02 -2.684097e+04 4.180803e+03 4.449311e+03 1.793984e+04 5.264063e+02 2.985108e+03 1.716179e+04 4.183919e+03 -3.875268e+03 5.026138e+02 -2.068406e+04 -3.457741e+03 1.715938e+04 1.382885e+04 -3.330102e+02
2.121212e-03 -5.180305e+03 4.994995e+03 -6.745928e+02 2.293859e+04 -3.871547e+03 2.124879e+04 1.528165e+04 -4.670970e+02 -6.657892e+02 -2.295686e+04 3.977289e+03 3.395839e+03 -1.526597e+04 -4.567411e+02 -2.631514e+03 -1.634866e+04 -8.123560e+02 -2.614007e+04 4.537131e+03 4.411934e+03 1.739582e+04 5.778527e+02 2.962566e+03 1.863962e+04 4.540511e+03 -3.841146e+03 5.508613e+02 -2.014565e+04 -3.433725e+03 1.863700e+04 1.341127e+04 -3.656735e+02
2.323232e-03 -5.561539e+03 4.948040e+03 -7.320221e+02 2.228296e+04 -3.840769e+03 2.283331e+04 1.477418e+04 -5.077936e+02 -7.225634e+02 -2.230211e+04 4.270177e+03 3.364273e+03 -1.475755e+04 -4.966549e+02 -2.610971e+03 -1.756797e+04 -8.815486e+02 -2.539252e+04 4.871133e+03 4.371597e+03 1.681605e+04 6.281756e+02 2.938157e+03 2.002968e+04 4.874761e+03 -3.804312e+03 5.978121e+02 -1.957140e+04 -3.407717e+03 2.002687e+04 1.296624e+04 -3.976553e+02
2.525253e-03 -5.916194e+03 4.897864e+03 -7.877513e+02 2.159130e+04 -3.807765e+03 2.431350e+04 1.423929e+04 -5.475232e+02 -7.776810e+02 -2.161137e+04 4.542701e+03 3.330537e+03 -1.422167e+04 -5.356503e+02 -2.588935e+03 -1.870706e+04 -9.487018e+02 -2.460390e+04 5.181878e+03 4.328494e+03 1.620497e+04 6.772978e+02 2.911981e+03 2.132825e+04 5.185737e+03 -3.764942e+03 6.433870e+02 -1.896558e+04 -3.379824e+03 2.132526e+04 1.249716e+04 -4.289073e+02
2.727273e-03 -6.243488e+03 4.844699e+03 -8.416954e+02 2.086857e+04 -3.772665e+03 2.568618e+04 1.368089e+04 -5.862290e+02 -8.310583e+02 -2.088958e+04 4.794260e+03 3.294785e+03 -1.366225e+04 -5.736717e+02 -2.565493e+03 -1.976348e+04 -1.013714e+03 -2.377986e+04 5.468682e+03 4.282827e+03 1.556706e+04 7.251491e+02 2.884140e+03 2.253254e+04 5.472754e+03 -3.723218e+03 6.875168e+02 -1.833253e+04 -3.350154e+03 2.252938e+04 1.200747e+04 -4.593846e+02
2.929293e-03 -6.542913e+03 4.788783e+03 -8.937821e+02 2.011973e+04 -3.735608e+03 2.694927e+04 1.310292e+04 -6.238597e+02 -8.826239e+02 -2.014170e+04 5.024465e+03 3.257178e+03 -1.308323e+04 -6.106690e+02 -2.540735e+03 -2.073562e+04 -1.076496e+03 -2.292604e+04 5.731100e+03 4.234800e+03 1.490680e+04 7.716665e+02 2.854744e+03 2.364072e+04 5.735367e+03 -3.679325e+03 7.301424e+02 -1.767659e+04 -3.318822e+03 2.363741e+04 1.150061e+04 -4.890469e+02
3.131313e-03 -6.814226e+03 4.730359e+03 -9.439513e+02 1.934964e+04 -3.696730e+03 2.810167e+04 1.250922e+04 -6.603701e+02 -9.323179e+02 -1.937259e+04 5.233127e+03 3.217877e+03 -1.248847e+04 -6.465975e+02 -2.514753e+03 -2.162265e+04 -1.136978e+03 -2.204801e+04 5.968918e+03 4.184622e+03 1.422859e+04 8.167945e+02 2.823901e+03 2.465183e+04 5.973360e+03 -3.633452e+03 7.712144e+02 -1.700203e+04 -3.285944e+03 2.464838e+04 1.097995e+04 -5.178579e+02
3.333333e-03 -7.057429e+03 4.669667e+03 -9.921550e+02 1.856309e+04 -3.656175e+03 2.914327e+04 1.190357e+04 -6.957209e+02 -9.800926e+02 -1.858702e+04 5.420248e+03 3.177044e+03 -1.188174e+04 -6.814179e+02 -2.487640e+03 -2.242447e+04 -1.195100e+03 -2.115121e+04 6.182138e+03 4.132500e+03 1.353675e+04 8.604851e+02 2.791723e+03 2.556577e+04 6.186738e+03 -3.585787e+03 8.106933e+02 -1.631302e+04 -3.251640e+03 2.556219e+04 1.044880e+04 -5.457858e+02
3.535354e-03 -7.272758e+03 4.606950e+03 -1.038357e+03 1.776466e+04 -3.614084e+03 3.007485e+04 1.128959e+04 -7.298788e+02 -1.025911e+03 -1.778958e+04 5.586005e+03 3.134840e+03 -1.126668e+04 -7.150967e+02 -2.459490e+03 -2.314168e+04 -1.250819e+03 -2.024088e+04 6.370964e+03 4.078643e+03 1.283541e+04 9.026976e+02 2.758324e+03 2.638321e+04 6.375704e+03 -3.536518e+03 8.485491e+02 -1.561360e+04 -3.216029e+03 2.637952e+04 9.910340e+03 -5.728031e+02
3.737374e-03 -7.460653e+03 4.542444e+03 -1.082532e+03 1.695875e+04 -3.570599e+03 3.089800e+04 1.067072e+04 -7.628164e+02 -1.069749e+03 -1.698464e+04 5.730737e+03 3.091424e+03 -1.064675e+04 -7.476057e+02 -2.430398e+03 -2.377550e+04 -1.304105e+03 -1.932202e+04 6.535782e+03 4.023254e+03 1.212853e+04 9.433989e+02 2.723815e+03 2.710557e+04 6.540644e+03 -3.485831e+03 8.847609e+02 -1.490759e+04 -3.179230e+03 2.710178e+04 9.367595e+03 -5.988865e+02
3.939394e-03 -7.621747e+03 4.476382e+03 -1.124667e+03 1.614949e+04 -3.525863e+03 3.161505e+04 1.005024e+04 -7.945119e+02 -1.111589e+03 -1.617635e+04 5.854924e+03 3.046952e+03 -1.002522e+04 -7.789222e+02 -2.400457e+03 -2.432772e+04 -1.354940e+03 -1.839935e+04 6.677144e+03 3.966533e+03 1.141981e+04 9.825629e+02 2.688308e+03 2.773486e+04 6.682109e+03 -3.433905e+03 9.193164e+02 -1.419864e+04 -3.141363e+03 2.773099e+04 8.823423e+03 -6.240173e+02
4.141414e-03 -7.756832e+03 4.408990e+03 -1.164757e+03 1.534076e+04 -3.480013e+03 3.222895e+04 9.431172e+03 -8.249494e+02 -1.151428e+03 -1.536856e+04 5.959175e+03 3.001576e+03 -9.405117e+03 -8.090289e+02 -2.369760e+03 -2.480062e+04 -1.403317e+03 -1.747730e+04 6.795743e+03 3.908675e+03 1.071275e+04 1.020171e+03 2.651914e+03 2.827370e+04 6.800795e+03 -3.380919e+03 9.522116e+02 -1.349012e+04 -3.102544e+03 2.826975e+04 8.280485e+03 -6.481809e+02
4.343434e-03 -7.866844e+03 4.340485e+03 -1.202807e+03 1.453614e+04 -3.433187e+03 3.274323e+04 8.816322e+03 -8.541182e+02 -1.189268e+03 -1.456486e+04 6.044203e+03 2.955442e+03 -8.789261e+03 -8.379136e+02 -2.338397e+03 -2.519690e+04 -1.449245e+03 -1.655994e+04 6.892396e+03 3.849867e+03 1.001053e+04 1.056210e+03 2.614741e+03 2.872517e+04 6.897520e+03 -3.327043e+03 9.834498e+02 -1.278517e+04 -3.062889e+03 2.872116e+04 7.741240e+03 -6.713666e+02
4.545455e-03 -7.952837e+03 4.271078e+03 -1.238832e+03 1.373890e+04 -3.385518e+03 3.316188e+04 8.208246e+03 -8.820129e+02 -1.225122e+03 -1.376851e+04 6.110814e+03 2.908690e+03 -8.180211e+03 -8.655691e+02 -2.306457e+03 -2.551963e+04 -1.492737e+03 -1.565101e+04 6.968025e+03 3.790289e+03 9.316082e+03 1.090674e+03 2.576895e+03 2.909276e+04 6.973203e+03 -3.272441e+03 1.013042e+03 -1.208667e+04 -3.022511e+03 2.908870e+04 7.207928e+03 -6.935680e+02
4.747475e-03 -8.015958e+03 4.200968e+03 -1.272852e+03 1.295201e+04 -3.337136e+03 3.348926e+04 7.609250e+03 -9.086330e+02 -1.259010e+03 -1.298247e+04 6.159887e+03 2.861454e+03 -7.580276e+03 -8.919929e+02 -2.274026e+03 -2.577217e+04 -1.533821e+03 -1.475388e+04 7.023632e+03 3.730112e+03 8.632034e+03 1.123564e+03 2.538477e+03 2.938030e+04 7.028851e+03 -3.217270e+03 1.041004e+03 -1.139720e+04 -2.981517e+03 2.937621e+04 6.682573e+03 -7.147824e+02
4.949495e-03 -8.057428e+03 4.130345e+03 -1.304898e+03 1.217811e+04 -3.288164e+03 3.373004e+04 7.021386e+03 -9.339827e+02 -1.290959e+03 -1.220938e+04 6.192356e+03 2.813863e+03 -6.991513e+03 -9.171871e+02 -2.241188e+03 -2.595808e+04 -1.572530e+03 -1.387157e+04 7.060287e+03 3.669501e+03 7.960735e+03 1.154886e+03 2.499587e+03 2.959188e+04 7.065532e+03 -3.161678e+03 1.067359e+03 -1.071908e+04 -2.940014e+03 2.958776e+04 6.166973e+03 -7.350105e+02
5.151515e-03 -8.078523e+03 4.059387e+03 -1.335003e+03 1.141953e+04 -3.238721e+03 3.388908e+04 6.446459e+03 -9.580702e+02 -1.321001e+03 -1.145158e+04 6.209197e+03 2.766037e+03 -6.415729e+03 -9.411577e+02 -2.208022e+03 -2.608113e+04 -1.608906e+03 -1.300675e+04 7.079103e+03 3.608607e+03 7.304243e+03 1.184650e+03 2.460319e+03 2.973178e+04 7.084362e+03 -3.105805e+03 1.092136e+03 -1.005437e+04 -2.898102e+03 2.972764e+04 5.662711e+03 -7.542566e+02
5.353535e-03 -8.080552e+03 3.988262e+03 -1.363210e+03 1.067832e+04 -3.188923e+03 3.397141e+04 5.886029e+03 -9.809080e+02 -1.349176e+03 -1.071110e+04 6.211412e+03 2.718087e+03 -5.854487e+03 -9.639149e+02 -2.174604e+03 -2.614517e+04 -1.642998e+03 -1.216173e+04 7.081227e+03 3.547576e+03 6.664342e+03 1.212873e+03 2.420764e+03 2.980439e+04 7.086486e+03 -3.049783e+03 1.115365e+03 -9.404837e+03 -2.855879e+03 2.980025e+04 5.171156e+03 -7.725280e+02
5.555556e-03 -8.064844e+03 3.917126e+03 -1.389562e+03 9.956208e+03 -3.138877e+03 3.398214e+04 5.341421e+03 -1.002512e+03 -1.375527e+03 -9.989668e+03 6.200016e+03 2.670120e+03 -5.309116e+03 -9.854724e+02 -2.141008e+03 -2.615413e+04 -1.674858e+03 -1.133850e+04 7.067818e+03 3.486540e+03 6.042546e+03 1.239575e+03 2.381008e+03 2.981419e+04 7.073067e+03 -2.993736e+03 1.137084e+03 -8.772008e+03 -2.813435e+03 2.981005e+04 4.693470e+03 -7.898351e+02
5.757576e-03 -8.032727e+03 3.846124e+03 -1.414111e+03 9.254654e+03 -3.088686e+03 3.392638e+04 4.813738e+03 -1.022902e+03 -1.400101e+03 -9.288752e+03 6.176029e+03 2.622233e+03 -4.780718e+03 -1.005847e+03 -2.107301e+03 -2.611194e+04 -1.704548e+03 -1.053871e+04 7.040041e+03 3.425624e+03 5.440111e+03 1.264781e+03 2.341131e+03 2.976568e+04 7.045269e+03 -2.937777e+03 1.157331e+03 -8.157162e+03 -2.770857e+03 2.976155e+04 4.230620e+03 -8.061907e+02
5.959596e-03 -7.985520e+03 3.775389e+03 -1.436908e+03 8.574852e+03 -3.038446e+03 3.380923e+04 4.303871e+03 -1.042099e+03 -1.422949e+03 -8.609541e+03 6.140460e+03 2.574517e+03 -4.270186e+03 -1.025059e+03 -2.073549e+03 -2.602252e+04 -1.732129e+03 -9.763738e+03 6.999049e+03 3.364944e+03 4.858058e+03 1.288519e+03 2.301211e+03 2.966331e+04 7.004246e+03 -2.882011e+03 1.176151e+03 -7.561345e+03 -2.728229e+03 2.965920e+04 3.783388e+03 -8.216102e+02
6.161616e-03 -7.924522e+03 3.705045e+03 -1.458009e+03 7.917749e+03 -2.988247e+03 3.363570e+04 3.812516e+03 -1.060129e+03 -1.444124e+03 -7.952981e+03 6.094301e+03 2.527053e+03 -3.778217e+03 -1.043131e+03 -2.039812e+03 -2.588972e+04 -1.757669e+03 -9.014652e+03 6.945975e+03 3.304603e+03 4.297177e+03 1.310820e+03 2.261320e+03 2.951149e+04 6.951133e+03 -2.826536e+03 1.193586e+03 -6.985389e+03 -2.685625e+03 2.950740e+04 3.352384e+03 -8.361111e+02
6.363636e-03 -7.850994e+03 3.635202e+03 -1.477472e+03 7.284064e+03 -2.938172e+03 3.341070e+04 3.340186e+03 -1.077019e+03 -1.463683e+03 -7.319790e+03 6.038520e+03 2.479918e+03 -3.305324e+03 -1.060087e+03 -2.006148e+03 -2.571731e+04 -1.781236e+03 -8.292273e+03 6.881927e+03 3.244698e+03 3.758056e+03 1.331719e+03 2.221523e+03 2.931451e+04 6.887037e+03 -2.771440e+03 1.209684e+03 -6.429922e+03 -2.643117e+03 2.931045e+04 2.938059e+03 -8.497129e+02
6.565657e-03 -7.766163e+03 3.565961e+03 -1.495357e+03 6.674304e+03 -2.888301e+03 3.313896e+04 2.887229e+03 -1.092798e+03 -1.481683e+03 -6.710476e+03 5.974056e+03 2.433181e+03 -2.851854e+03 -1.075955e+03 -1.972608e+03 -2.550895e+04 -1.802901e+03 -7.597180e+03 6.807973e+03 3.185315e+03 3.241089e+03 1.351251e+03 2.181883e+03 2.907654e+04 6.813029e+03 -2.716802e+03 1.224492e+03 -5.895392e+03 -2.600772e+03 2.907251e+04 2.540717e+03 -8.624367e+02
6.767677e-03 -7.671204e+03 3.497415e+03 -1.511725e+03 6.088786e+03 -2.838705e+03 3.282508e+04 2.453841e+03 -1.107496e+03 -1.498182e+03 -6.125358e+03 5.901808e+03 2.386902e+03 -2.418003e+03 -1.090763e+03 -1.939241e+03 -2.526815e+04 -1.822738e+03 -6.929734e+03 6.725145e+03 3.126532e+03 2.746499e+03 1.369455e+03 2.142458e+03 2.880159e+04 6.730139e+03 -2.662696e+03 1.238059e+03 -5.382077e+03 -2.558651e+03 2.879761e+04 2.160533e+03 -8.743049e+02
6.969697e-03 -7.567241e+03 3.429644e+03 -1.526635e+03 5.527655e+03 -2.789449e+03 3.247344e+04 2.040083e+03 -1.121147e+03 -1.513240e+03 -5.564580e+03 5.822639e+03 2.341137e+03 -2.003832e+03 -1.104542e+03 -1.906093e+03 -2.499829e+04 -1.840819e+03 -6.290099e+03 6.634425e+03 3.068418e+03 2.274354e+03 1.386372e+03 2.103299e+03 2.849351e+04 6.639353e+03 -2.609186e+03 1.250435e+03 -4.890104e+03 -2.516811e+03 2.848957e+04 1.797558e+03 -8.853413e+02
7.171717e-03 -7.455345e+03 3.362720e+03 -1.540151e+03 4.990904e+03 -2.740594e+03 3.208821e+04 1.645895e+03 -1.133782e+03 -1.526916e+03 -5.028135e+03 5.737367e+03 2.295935e+03 -1.609279e+03 -1.117322e+03 -1.873204e+03 -2.470257e+04 -1.857218e+03 -5.678265e+03 6.536750e+03 3.011037e+03 1.824586e+03 1.402042e+03 2.064455e+03 2.815596e+04 6.541605e+03 -2.556329e+03 1.261669e+03 -4.419469e+03 -2.475303e+03 2.815207e+04 1.451742e+03 -8.955708e+02
7.373737e-03 -7.336524e+03 3.296707e+03 -1.552332e+03 4.478386e+03 -2.692196e+03 3.167335e+04 1.271113e+03 -1.145436e+03 -1.539271e+03 -4.515881e+03 5.646766e+03 2.251340e+03 -1.234179e+03 -1.129136e+03 -1.840611e+03 -2.438405e+04 -1.872009e+03 -5.094068e+03 6.433002e+03 2.954441e+03 1.397003e+03 1.416508e+03 2.025970e+03 2.779242e+04 6.437781e+03 -2.504177e+03 1.271810e+03 -3.970046e+03 -2.434173e+03 2.778858e+04 1.122939e+03 -9.050187e+02
7.575758e-03 -7.211729e+03 3.231660e+03 -1.563240e+03 3.989841e+03 -2.644302e+03 3.123259e+04 9.154779e+02 -1.156143e+03 -1.550363e+03 -4.027555e+03 5.551564e+03 2.207390e+03 -8.782719e+02 -1.140017e+03 -1.808348e+03 -2.404557e+04 -1.885264e+03 -4.537206e+03 6.324012e+03 2.898678e+03 9.913100e+02 1.429813e+03 1.987882e+03 2.740614e+04 6.328712e+03 -2.452773e+03 1.280909e+03 -3.541606e+03 -2.393465e+03 2.740236e+04 8.109253e+02 -9.137112e+02
7.777778e-03 -7.081849e+03 3.167628e+03 -1.572935e+03 3.524902e+03 -2.596957e+03 3.076943e+04 5.786532e+02 -1.165939e+03 -1.560251e+03 -3.562795e+03 5.452441e+03 2.164116e+03 -5.412189e+02 -1.149997e+03 -1.776445e+03 -2.368985e+04 -1.897056e+03 -4.007264e+03 6.210559e+03 2.843789e+03 6.071193e+02 1.442000e+03 1.950228e+03 2.700020e+04 6.215175e+03 -2.402156e+03 1.289013e+03 -3.133831e+03 -2.353215e+03 2.699647e+04 5.154038e+02 -9.216750e+02
7.979798e-03 -6.947711e+03 3.104650e+03 -1.581477e+03 3.083116e+03 -2.550202e+03 3.028712e+04 2.602340e+02 -1.174859e+03 -1.568994e+03 -3.121149e+03 5.350032e+03 2.121547e+03 -2.226138e+02 -1.159112e+03 -1.744930e+03 -2.331938e+04 -1.907456e+03 -3.503725e+03 6.093366e+03 2.789808e+03 2.439674e+02 1.453113e+03 1.913038e+03 2.657746e+04 6.097897e+03 -2.352359e+03 1.296171e+03 -2.746324e+03 -2.313459e+03 2.657380e+04 2.360205e+02 -9.289367e+02
8.181818e-03 -6.810083e+03 3.042760e+03 -1.588923e+03 2.663958e+03 -2.504070e+03 2.978872e+04 -4.024054e+01 -1.182937e+03 -1.576647e+03 -2.702092e+03 5.244926e+03 2.079706e+03 7.800598e+01 -1.167393e+03 -1.713826e+03 -2.293651e+04 -1.916532e+03 -3.025987e+03 5.973107e+03 2.736765e+03 -9.867373e+01 1.463196e+03 1.876341e+03 2.614060e+04 5.977550e+03 -2.303409e+03 1.302430e+03 -2.378628e+03 -2.274225e+03 2.613699e+04 -2.762833e+01 -9.355235e+02
8.383838e-03 -6.669674e+03 2.981987e+03 -1.595329e+03 2.266840e+03 -2.458592e+03 2.927704e+04 -3.232772e+02 -1.190210e+03 -1.583266e+03 -2.305039e+03 5.137666e+03 2.038613e+03 3.611492e+02 -1.174876e+03 -1.683155e+03 -2.254340e+04 -1.924355e+03 -2.573380e+03 5.850401e+03 2.684682e+03 -4.213846e+02 1.472291e+03 1.840161e+03 2.569206e+04 5.854755e+03 -2.255328e+03 1.307836e+03 -2.030227e+03 -2.235541e+03 2.568852e+04 -2.759868e+02 -9.414621e+02
8.585859e-03 -6.527136e+03 2.922351e+03 -1.600751e+03 1.891126e+03 -2.413795e+03 2.875466e+04 -5.894197e+02 -1.196711e+03 -1.588905e+03 -1.929354e+03 5.028752e+03 1.998282e+03 6.273614e+02 -1.181594e+03 -1.652934e+03 -2.214204e+04 -1.930989e+03 -2.145179e+03 5.725819e+03 2.633579e+03 -7.247877e+02 1.480442e+03 1.804519e+03 2.523414e+04 5.730082e+03 -2.208136e+03 1.312433e+03 -1.700567e+03 -2.197429e+03 2.523066e+04 -5.095314e+02 -9.467794e+02
8.787879e-03 -6.383065e+03 2.863872e+03 -1.605243e+03 1.536139e+03 -2.369700e+03 2.822397e+04 -8.392398e+02 -1.202474e+03 -1.593617e+03 -1.574366e+03 4.918642e+03 1.958726e+03 8.772164e+02 -1.187579e+03 -1.623180e+03 -2.173427e+04 -1.936499e+03 -1.740612e+03 5.599882e+03 2.583470e+03 -1.009538e+03 1.487692e+03 1.769433e+03 2.476891e+04 5.604054e+03 -2.161847e+03 1.316265e+03 -1.389056e+03 -2.159908e+03 2.476550e+04 -7.287633e+02 -9.515020e+02
8.989899e-03 -6.238005e+03 2.806560e+03 -1.608856e+03 1.201177e+03 -2.326328e+03 2.768717e+04 -1.073330e+03 -1.207534e+03 -1.597453e+03 -1.239370e+03 4.807752e+03 1.919953e+03 1.111309e+03 -1.192865e+03 -1.593905e+03 -2.132177e+04 -1.940947e+03 -1.358877e+03 5.473068e+03 2.534365e+03 -1.276313e+03 1.494080e+03 1.734919e+03 2.429831e+04 5.477148e+03 -2.116469e+03 1.319375e+03 -1.095080e+03 -2.122996e+03 2.429496e+04 -9.342020e+02 -9.556561e+02
9.191919e-03 -6.092451e+03 2.750423e+03 -1.611640e+03 8.855123e+02 -2.283693e+03 2.714622e+04 -1.292299e+03 -1.211924e+03 -1.600461e+03 -9.236440e+02 4.696461e+03 1.881970e+03 1.330247e+03 -1.197483e+03 -1.565122e+03 -2.090606e+04 -1.944393e+03 -9.991457e+02 5.345808e+03 2.486271e+03 -1.525809e+03 1.499649e+03 1.700989e+03 2.382406e+04 5.349796e+03 -2.072012e+03 1.321802e+03 -8.180024e+02 -2.086705e+03 2.382077e+04 -1.126380e+03 -9.592674e+02
9.393939e-03 -5.946847e+03 2.695467e+03 -1.613643e+03 5.884078e+02 -2.241808e+03 2.660294e+04 -1.496759e+03 -1.215675e+03 -1.602690e+03 -6.264505e+02 4.585111e+03 1.844779e+03 1.534650e+03 -1.201466e+03 -1.536838e+03 -2.048853e+04 -1.946896e+03 -6.605755e+02 5.218493e+03 2.439192e+03 -1.758729e+03 1.504438e+03 1.667653e+03 2.334775e+04 5.222389e+03 -2.028478e+03 1.323587e+03 -5.571788e+02 -2.051048e+03 2.334453e+04 -1.305835e+03 -9.623612e+02
9.595960e-03 -5.801594e+03 2.641690e+03 -1.614913e+03 3.091176e+02 -2.200683e+03 2.605896e+04 -1.687331e+03 -1.218820e+03 -1.604185e+03 -3.470459e+02 4.474010e+03 1.808381e+03 1.725135e+03 -1.204843e+03 -1.509060e+03 -2.007045e+04 -1.948512e+03 -3.423161e+02 5.091473e+03 2.393126e+03 -1.975781e+03 1.508487e+03 1.634919e+03 2.287082e+04 5.095278e+03 -1.985869e+03 1.324767e+03 -3.119569e+02 -2.016032e+03 2.286766e+04 -1.473111e+03 -9.649624e+02
9.797980e-03 -5.657053e+03 2.589091e+03 -1.615493e+03 4.689491e+01 -2.160326e+03 2.551575e+04 -1.864631e+03 -1.221389e+03 -1.604990e+03 -8.468511e+01 4.363435e+03 1.772775e+03 1.902323e+03 -1.207644e+03 -1.481795e+03 -1.965293e+04 -1.949293e+03 -4.351576e+01 4.965064e+03 2.348073e+03 -2.177670e+03 1.511832e+03 1.602794e+03 2.239454e+04 4.968778e+03 -1.944182e+03 1.325379e+03 -8.168348e+01 -1.981664e+03 2.239146e+04 -1.628747e+03 -9.670950e+02
1.000000e-02 -5.513541e+03 2.537664e+03 -1.615426e+03 -1.990032e+02 -2.120740e+03 2.497462e+04 -2.029271e+03 -1.223411e+03 -1.605147e+03 1.613731e+02 4.253629e+03 1.737957e+03 2.066828e+03 -1.209900e+03 -1.455045e+03 -1.923699e+04 -1.949291e+03 2.366731e+02 4.839546e+03 2.304026e+03 -2.365098e+03 1.514510e+03 1.571280e+03 2.192009e+04 4.843170e+03 -1.903416e+03 1.325457e+03 1.342914e+02 -1.947948e+03 2.191706e+04 -1.773281e+03 -9.687825e+02
