-1.000000e-02 2.135962e+03 3.186120e+03 2.687436e+03 -1.247022e+04 -2.308233e+03 -5.629581e+04 -1.599818e+04 2.156513e+03 2.657531e+03 1.240164e+04 -1.683515e+03 2.187380e+03 1.606681e+04 2.122544e+03 -1.592031e+03 4.338193e+04 3.233551e+03 1.421326e+04 -1.892882e+03 2.898546e+03 -1.831167e+04 -2.635460e+03 1.689982e+03 -4.942069e+04 -1.897720e+03 -2.390181e+03 -2.200872e+03 1.088143e+04 -2.149954e+03 -4.941693e+04 -1.403745e+04 1.725397e+03
-9.797980e-03 2.304024e+03 3.306347e+03 2.728694e+03 -1.267451e+04 -2.381031e+03 -5.919153e+04 -1.646850e+04 2.182591e+03 2.697259e+03 1.260379e+04 -1.813185e+03 2.269516e+03 1.653921e+04 2.146998e+03 -1.641924e+03 4.561167e+04 3.282504e+03 1.444621e+04 -2.040391e+03 3.003204e+03 -1.885017e+04 -2.666861e+03 1.747054e+03 -5.196179e+04 -2.045509e+03 -2.484631e+03 -2.234251e+03 1.105868e+04 -2.213627e+03 -5.195783e+04 -1.445002e+04 1.745562e+03
-9.595960e-03 2.484473e+03 3.433694e+03 2.771145e+03 -1.287129e+04 -2.457177e+03 -6.228282e+04 -1.695618e+04 2.209016e+03 2.738076e+03 1.279835e+04 -1.952375e+03 2.356509e+03 1.702907e+04 2.171690e+03 -1.694111e+03 4.799196e+04 3.332838e+03 1.467062e+04 -2.198749e+03 3.114072e+03 -1.940856e+04 -2.698677e+03 1.806750e+03 -5.467449e+04 -2.204166e+03 -2.584654e+03 -2.268568e+03 1.122925e+04 -2.280230e+03 -5.467032e+04 -1.487781e+04 1.765919e+03
-9.393939e-03 2.678351e+03 3.568729e+03 2.814831e+03 -1.305831e+04 -2.536856e+03 -6.558562e+04 -1.746173e+04 2.235769e+03 2.780014e+03 1.298305e+04 -2.101883e+03 2.448747e+03 1.753690e+04 2.196590e+03 -1.748717e+03 5.053507e+04 3.384600e+03 1.488391e+04 -2.368868e+03 3.231647e+03 -1.998745e+04 -2.730885e+03 1.869213e+03 -5.757277e+04 -2.374607e+03 -2.690693e+03 -2.303855e+03 1.139117e+04 -2.349922e+03 -5.756837e+04 -1.532128e+04 1.786445e+03
-9.191919e-03 2.886801e+03 3.712079e+03 2.859798e+03 -1.323292e+04 -2.620262e+03 -6.911735e+04 -1.798566e+04 2.262826e+03 2.823109e+03 1.315523e+04 -2.262587e+03 2.546657e+03 1.806319e+04 2.221666e+03 -1.805876e+03 5.325441e+04 3.437840e+03 1.508306e+04 -2.551747e+03 3.356478e+03 -2.058739e+04 -2.763455e+03 1.934596e+03 -6.067192e+04 -2.557832e+03 -2.803237e+03 -2.340143e+03 1.154211e+04 -2.422873e+03 -6.066727e+04 -1.578087e+04 1.807114e+03
-8.989899e-03 3.111073e+03 3.864437e+03 2.906092e+03 -1.339202e+04 -2.707598e+03 -7.289706e+04 -1.852841e+04 2.290159e+03 2.867398e+03 1.331179e+04 -2.435446e+03 2.650713e+03 1.860841e+04 2.246880e+03 -1.865726e+03 5.616466e+04 3.492608e+03 1.526455e+04 -2.748481e+03 3.489169e+03 -2.120890e+04 -2.796354e+03 2.003058e+03 -6.398866e+04 -2.754938e+03 -2.922828e+03 -2.377467e+03 1.167932e+04 -2.499261e+03 -6.398375e+04 -1.625697e+04 1.827894e+03
-8.787879e-03 3.352537e+03 4.026570e+03 2.953761e+03 -1.353196e+04 -2.799081e+03 -7.694564e+04 -1.909040e+04 2.317738e+03 2.912917e+03 1.344909e+04 -2.621511e+03 2.761434e+03 1.917296e+04 2.272186e+03 -1.928417e+03 5.928187e+04 3.548955e+03 1.542422e+04 -2.960269e+03 3.630392e+03 -2.185246e+04 -2.829541e+03 2.074769e+03 -6.754130e+04 -2.967126e+03 -3.050061e+03 -2.415862e+03 1.179962e+04 -2.579275e+03 -6.753611e+04 -1.674993e+04 1.848748e+03
-8.585859e-03 3.612697e+03 4.199329e+03 3.002857e+03 -1.364850e+04 -2.894938e+03 -8.128592e+04 -1.967194e+04 2.345523e+03 2.959705e+03 1.356286e+04 -2.821936e+03 2.879402e+03 1.975718e+04 2.297535e+03 -1.994101e+03 6.262364e+04 3.606936e+03 1.555723e+04 -3.188426e+03 3.780890e+03 -2.251845e+04 -2.862969e+03 2.149905e+03 -7.134990e+04 -3.195713e+03 -3.185599e+03 -2.455365e+03 1.189928e+04 -2.663113e+03 -7.134440e+04 -1.726005e+04 1.869636e+03
-8.383838e-03 3.893200e+03 4.383660e+03 3.053431e+03 -1.373665e+04 -2.995406e+03 -8.594297e+04 -2.027330e+04 2.373473e+03 3.007799e+03 1.364812e+04 -3.037986e+03 3.005259e+03 2.036134e+04 2.322868e+03 -2.062943e+03 6.620926e+04 3.666606e+03 1.565790e+04 -3.434395e+03 3.941491e+03 -2.320716e+04 -2.896584e+03 2.228654e+03 -7.543643e+04 -3.442147e+03 -3.330179e+03 -2.496012e+03 1.197391e+04 -2.750983e+03 -7.543060e+04 -1.778755e+04 1.890510e+03
-8.181818e-03 4.195856e+03 4.580616e+03 3.105541e+03 -1.379059e+04 -3.100737e+03 -9.094426e+04 -2.089462e+04 2.401537e+03 3.057240e+03 1.369903e+04 -3.271049e+03 3.139723e+03 2.098557e+04 2.348120e+03 -2.135113e+03 7.005987e+04 3.728023e+03 1.571959e+04 -3.699760e+03 4.113117e+03 -2.391876e+04 -2.930324e+03 2.311210e+03 -7.982500e+04 -3.708013e+03 -3.484622e+03 -2.537842e+03 1.201839e+04 -2.843105e+03 -7.981882e+04 -1.833256e+04 1.911317e+03
-7.979798e-03 4.522655e+03 4.791376e+03 3.159242e+03 -1.380349e+04 -3.211191e+03 -9.631993e+04 -2.153593e+04 2.429657e+03 3.108068e+03 1.370877e+04 -3.522651e+03 3.283597e+03 2.162990e+04 2.373214e+03 -2.210790e+03 7.419868e+04 3.791248e+03 1.573451e+04 -3.986260e+03 4.296800e+03 -2.465329e+04 -2.964118e+03 2.397779e+03 -8.454207e+04 -3.995054e+03 -3.649844e+03 -2.580896e+03 1.202674e+04 -2.939705e+03 -8.453550e+04 -1.889509e+04 1.931994e+03
-7.777778e-03 4.875779e+03 5.017261e+03 3.214598e+03 -1.376734e+04 -3.327041e+03 -1.021031e+05 -2.219706e+04 2.457769e+03 3.160326e+03 1.366931e+04 -3.794468e+03 3.437779e+03 2.229419e+04 2.398066e+03 -2.290159e+03 7.865117e+04 3.856343e+03 1.569355e+04 -4.295807e+03 4.493695e+03 -2.541057e+04 -2.997883e+03 2.488574e+03 -8.961667e+04 -4.305185e+03 -3.826873e+03 -2.625215e+03 1.199191e+04 -3.041024e+03 -8.960970e+04 -1.947502e+04 1.952473e+03
-7.575758e-03 5.257630e+03 5.259757e+03 3.271672e+03 -1.367276e+04 -3.448573e+03 -1.083301e+05 -2.287770e+04 2.485799e+03 3.214056e+03 1.357127e+04 -4.088340e+03 3.603280e+03 2.297810e+04 2.422581e+03 -2.373416e+03 8.344534e+04 3.923374e+03 1.558602e+04 -4.630501e+03 4.705103e+03 -2.619023e+04 -3.031529e+03 2.583817e+03 -9.508073e+04 -4.640513e+03 -4.016863e+03 -2.670844e+03 1.190566e+04 -3.147308e+03 -9.507330e+04 -2.007205e+04 1.972677e+03
-7.373737e-03 5.670848e+03 5.520538e+03 3.330532e+03 -1.350873e+04 -3.576080e+03 -1.150410e+05 -2.357725e+04 2.513664e+03 3.269304e+03 1.340363e+04 -4.406295e+03 3.781239e+03 2.368107e+04 2.446650e+03 -2.460760e+03 8.861195e+04 3.992411e+03 1.539935e+04 -4.992654e+03 4.932490e+03 -2.699162e+04 -3.064951e+03 2.683739e+03 -1.009693e+05 -5.003351e+03 -4.221116e+03 -2.717829e+03 1.175834e+04 -3.258815e+03 -1.009614e+05 -2.068566e+04 1.992518e+03
-7.171717e-03 6.118339e+03 5.801501e+03 3.391253e+03 -1.326232e+04 -3.709866e+03 -1.222797e+05 -2.429486e+04 2.541271e+03 3.326116e+03 1.315344e+04 -4.750561e+03 3.972948e+03 2.440223e+04 2.470154e+03 -2.552399e+03 9.418485e+04 4.063527e+03 1.511880e+04 -5.384806e+03 5.177517e+03 -2.781375e+04 -3.098032e+03 2.788576e+03 -1.073210e+05 -5.396247e+03 -4.441106e+03 -2.766220e+03 1.153857e+04 -3.375810e+03 -1.073125e+05 -2.131512e+04 2.011899e+03
-6.969697e-03 6.603300e+03 6.104800e+03 3.453914e+03 -1.291830e+04 -3.850242e+03 -1.300945e+05 -2.502934e+04 2.568517e+03 3.384545e+03 1.280546e+04 -5.123590e+03 4.179869e+03 2.514040e+04 2.492958e+03 -2.648544e+03 1.002013e+05 4.136802e+03 1.472703e+04 -5.809756e+03 5.442071e+03 -2.865529e+04 -3.130644e+03 2.898572e+03 -1.141782e+05 -5.822004e+03 -4.678507e+03 -2.816069e+03 1.123300e+04 -3.498564e+03 -1.141692e+05 -2.195936e+04 2.030711e+03
-6.767677e-03 7.129251e+03 6.432893e+03 3.518603e+03 -1.245875e+04 -3.997526e+03 -1.385388e+05 -2.577911e+04 2.595287e+03 3.444643e+03 1.234177e+04 -5.528085e+03 4.403677e+03 2.589400e+04 2.514915e+03 -2.749411e+03 1.067022e+05 4.212322e+03 1.420360e+04 -6.270584e+03 5.728306e+03 -2.951441e+04 -3.162642e+03 3.013974e+03 -1.215876e+05 -6.283709e+03 -4.935225e+03 -2.867433e+03 1.082587e+04 -3.627355e+03 -1.215780e+05 -2.261701e+04 2.048834e+03
-6.565657e-03 7.700071e+03 6.788596e+03 3.585415e+03 -1.186249e+04 -4.152038e+03 -1.476712e+05 -2.654211e+04 2.621456e+03 3.506470e+03 1.174119e+04 -5.967019e+03 4.646285e+03 2.666098e+04 2.535860e+03 -2.855219e+03 1.137328e+05 4.290183e+03 1.352438e+04 -6.770683e+03 6.038689e+03 -3.038880e+04 -3.193867e+03 3.135031e+03 -1.296009e+05 -6.784763e+03 -5.213448e+03 -2.920377e+03 1.029863e+04 -3.762461e+03 -1.295906e+05 -2.328627e+04 2.066137e+03
-6.363636e-03 8.320036e+03 7.175151e+03 3.654459e+03 -1.110451e+04 -4.314097e+03 -1.575564e+05 -2.731578e+04 2.646887e+03 3.570093e+03 1.097870e+04 -6.443673e+03 4.909897e+03 2.743877e+04 2.555614e+03 -2.966183e+03 1.213429e+05 4.370491e+03 1.266088e+04 -7.313795e+03 6.376061e+03 -3.127552e+04 -3.224148e+03 3.261994e+03 -1.382746e+05 -7.328915e+03 -5.515691e+03 -2.974972e+03 9.629306e+03 -3.904162e+03 -1.382635e+05 -2.396488e+04 2.082475e+03
-6.161616e-03 8.993863e+03 7.596310e+03 3.725858e+03 -1.015519e+04 -4.484020e+03 -1.682658e+05 -2.809692e+04 2.671432e+03 3.635590e+03 1.002466e+04 -6.961667e+03 5.197066e+03 2.822417e+04 2.573982e+03 -3.082520e+03 1.295874e+05 4.453370e+03 1.157932e+04 -7.904047e+03 6.743711e+03 -3.217093e+04 -3.253297e+03 3.395109e+03 -1.476715e+05 -7.920301e+03 -5.844864e+03 -3.031299e+03 8.791897e+03 -4.052734e+03 -1.476596e+05 -2.465003e+04 2.097691e+03
-5.959596e-03 9.726763e+03 8.056440e+03 3.799756e+03 -8.979320e+03 -4.662113e+03 -1.798784e+05 -2.888166e+04 2.694935e+03 3.703051e+03 8.843866e+03 -7.524998e+03 5.510759e+03 2.901330e+04 2.590752e+03 -3.204435e+03 1.385272e+05 4.538961e+03 1.023959e+04 -8.545997e+03 7.145468e+03 -3.307061e+04 -3.281113e+03 3.534612e+03 -1.578608e+05 -8.563491e+03 -6.204355e+03 -3.089454e+03 7.755509e+03 -4.208442e+03 -1.578481e+05 -2.533833e+04 2.111616e+03
-5.757576e-03 1.052450e+04 8.560657e+03 3.876323e+03 -7.534975e+03 -4.848665e+03 -1.924817e+05 -2.966535e+04 2.717233e+03 3.772587e+03 7.394376e+03 -8.138089e+03 5.854455e+03 2.980152e+04 2.605698e+03 -3.332124e+03 1.482295e+05 4.627437e+03 8.593892e+03 -9.244689e+03 7.585818e+03 -3.396926e+04 -3.307388e+03 3.680729e+03 -1.689194e+05 -9.263541e+03 -6.598129e+03 -3.149552e+03 6.483349e+03 -4.371540e+03 -1.689057e+05 -2.602569e+04 2.124071e+03
-5.555556e-03 1.139347e+04 9.114995e+03 3.955766e+03 -5.772046e+03 -5.043942e+03 -2.061728e+05 -3.044251e+04 2.738158e+03 3.844336e+03 5.626078e+03 -8.805845e+03 6.232255e+03 3.058335e+04 2.618584e+03 -3.465766e+03 1.587693e+05 4.719006e+03 6.585131e+03 -1.000572e+04 8.070052e+03 -3.486063e+04 -3.331904e+03 3.833664e+03 -1.809325e+05 -1.002606e+04 -7.030865e+03 -3.211733e+03 4.931441e+03 -4.542258e+03 -1.809177e+05 -2.670732e+04 2.134868e+03
-5.353535e-03 1.234079e+04 9.726629e+03 4.038337e+03 -3.630406e+03 -5.248173e+03 -2.210601e+05 -3.120677e+04 2.757546e+03 3.918472e+03 3.478833e+03 -9.533729e+03 6.649037e+03 3.135240e+04 2.629162e+03 -3.605516e+03 1.702298e+05 4.813930e+03 4.144776e+03 -1.083531e+04 8.604465e+03 -3.573746e+04 -3.354444e+03 3.993595e+03 -1.939951e+05 -1.085728e+04 -7.508123e+03 -3.276173e+03 3.047017e+03 -4.720797e+03 -1.939792e+05 -2.737764e+04 2.143813e+03
-5.151515e-03 1.337442e+04 1.040417e+04 4.124355e+03 -1.037556e+03 -5.461543e+03 -2.372653e+05 -3.195090e+04 2.775243e+03 3.995223e+03 8.801325e+02 -1.032785e+04 7.110652e+03 3.210142e+04 2.637183e+03 -3.751497e+03 1.827047e+05 4.912541e+03 1.190204e+03 -1.174043e+04 9.196605e+03 -3.659148e+04 -3.374799e+03 4.160663e+03 -2.082139e+05 -1.176420e+04 -8.036573e+03 -3.343094e+03 7.664573e+02 -4.907320e+03 -2.081968e+05 -2.803027e+04 2.150713e+03
-4.949495e-03 1.450332e+04 1.115803e+04 4.214229e+03 2.094413e+03 -5.684177e+03 -2.549257e+05 -3.266683e+04 2.791117e+03 4.074892e+03 -2.257946e+03 -1.119509e+04 7.624186e+03 3.282235e+04 2.642406e+03 -3.903788e+03 1.962998e+05 5.015271e+03 -2.378775e+03 -1.272892e+04 9.855622e+03 -3.741348e+04 -3.392784e+03 4.334959e+03 -2.237096e+05 -1.275467e+04 -8.624293e+03 -3.412788e+03 -1.987386e+03 -5.101934e+03 -2.236911e+05 -2.865815e+04 2.155381e+03
-4.747475e-03 1.573772e+04 1.200101e+04 4.308493e+03 5.872851e+03 -5.916119e+03 -2.741983e+05 -3.334587e+04 2.805076e+03 4.157885e+03 -6.042769e+03 -1.214328e+04 8.198328e+03 3.350646e+04 2.644605e+03 -4.062419e+03 2.111359e+05 5.122690e+03 -6.684507e+03 -1.380972e+04 1.059273e+04 -3.819353e+04 -3.408255e+03 4.516515e+03 -2.406199e+05 -1.383766e+04 -9.281185e+03 -3.485641e+03 -5.308721e+03 -5.304681e+03 -2.405998e+05 -2.925366e+04 2.157653e+03
-4.545455e-03 1.708938e+04 1.294896e+04 4.407856e+03 1.042998e+04 -6.157318e+03 -2.952655e+05 -3.397907e+04 2.817094e+03 4.244760e+03 -1.060658e+04 -1.318147e+04 8.843863e+03 3.414481e+04 2.643598e+03 -4.227351e+03 2.273534e+05 5.235569e+03 -1.187768e+04 -1.499314e+04 1.142184e+04 -3.892144e+04 -3.421139e+03 4.705283e+03 -2.591047e+05 -1.502350e+04 -1.001954e+04 -3.562173e+03 -9.313579e+03 -5.515518e+03 -2.590829e+05 -2.980894e+04 2.157399e+03
-4.343434e-03 1.857220e+04 1.402188e+04 4.513281e+03 1.593039e+04 -6.407601e+03 -3.183430e+05 -3.455797e+04 2.827249e+03 4.336293e+03 -1.611401e+04 -1.432033e+04 9.574391e+03 3.472890e+04 2.639265e+03 -4.398462e+03 2.451183e+05 5.354961e+03 -1.814588e+04 -1.629132e+04 1.236052e+04 -3.958751e+04 -3.431479e+03 4.901119e+03 -2.793534e+05 -1.632438e+04 -1.085486e+04 -3.643098e+03 -1.414642e+04 -5.734300e+03 -2.793297e+05 -3.031657e+04 2.154552e+03
-4.141414e-03 2.020294e+04 1.524546e+04 4.626098e+03 2.258178e+04 -6.666644e+03 -3.436931e+05 -3.507574e+04 2.835774e+03 4.433581e+03 -2.277280e+04 -1.557274e+04 1.040737e+04 3.525191e+04 2.631599e+03 -4.575530e+03 2.646326e+05 5.482339e+03 -2.572581e+04 -1.771894e+04 1.343129e+04 -4.018398e+04 -3.439492e+03 5.103759e+03 -3.015961e+05 -1.775503e+04 -1.180702e+04 -3.729412e+03 -1.998952e+04 -5.960752e+03 -3.015702e+05 -3.077056e+04 2.149142e+03
-3.939394e-03 2.200260e+04 1.665332e+04 4.748187e+03 3.065073e+04 -6.933939e+03 -3.716460e+05 -3.552936e+04 2.843150e+03 4.538202e+03 -3.084960e+04 -1.695481e+04 1.136567e+04 3.571080e+04 2.620763e+03 -4.758208e+03 2.861505e+05 5.619798e+03 -3.492129e+04 -1.929436e+04 1.466367e+04 -4.070736e+04 -3.445671e+03 5.312792e+03 -3.261225e+05 -1.933385e+04 -1.290211e+04 -3.822538e+03 -2.707685e+04 -6.194446e+03 -3.260943e+05 -3.116827e+04 2.141352e+03
-3.737374e-03 2.399852e+04 1.829072e+04 4.882272e+03 4.048700e+04 -7.208753e+03 -4.026347e+05 -3.592313e+04 2.850228e+03 4.652478e+03 -4.069430e+04 -1.848756e+04 1.248007e+04 3.610986e+04 2.607189e+03 -4.946002e+03 3.100053e+05 5.770394e+03 -4.613092e+04 -2.104153e+04 1.609738e+04 -4.116257e+04 -3.450932e+03 5.527628e+03 -3.533126e+05 -2.108488e+04 -1.417518e+04 -3.924549e+03 -3.571542e+04 -6.434765e+03 -3.532817e+05 -3.151346e+04 2.131606e+03
-3.535354e-03 2.622824e+04 2.022038e+04 5.032408e+03 5.256263e+04 -7.490076e+03 -4.372565e+05 -3.627489e+04 2.858450e+03 4.779908e+03 -5.277911e+04 -2.019986e+04 1.379323e+04 3.646697e+04 2.591737e+03 -5.138235e+03 3.366567e+05 5.938704e+03 -5.989269e+04 -2.299330e+04 1.778746e+04 -4.156996e+04 -3.456862e+03 5.747452e+03 -3.836905e+05 -2.304108e+04 -1.567484e+04 -4.038551e+03 -4.631957e+04 -6.680866e+03 -3.836564e+05 -3.182178e+04 2.120703e+03
-3.333333e-03 2.874642e+04 2.253269e+04 5.204861e+03 6.753874e+04 -7.776550e+03 -4.763838e+05 -3.662717e+04 2.870221e+03 4.925946e+03 -6.776546e+04 -2.213370e+04 1.536665e+04 3.682475e+04 2.575964e+03 -5.334005e+03 3.667765e+05 6.131827e+03 -7.696004e+04 -2.519751e+04 1.981323e+04 -4.197813e+04 -3.466141e+03 5.971167e+03 -4.180217e+05 -2.525042e+04 -1.747117e+04 -4.169364e+03 -5.946968e+04 -6.931627e+03 -4.179840e+05 -3.213057e+04 2.110052e+03
-3.131313e-03 3.163813e+04 2.536450e+04 5.409752e+03 8.638759e+04 -8.066356e+03 -5.213790e+05 -3.706850e+04 2.889595e+03 5.099466e+03 -8.662611e+04 -2.435451e+04 1.729342e+04 3.727188e+04 2.562615e+03 -5.532125e+03 4.014135e+05 6.361266e+03 -9.844101e+04 -2.772863e+04 2.229479e+04 -4.248814e+04 -3.483329e+03 6.197299e+03 -4.575017e+05 -2.778766e+04 -1.967025e+04 -4.324802e+03 -7.601929e+04 -7.185572e+03 -4.574597e+05 -3.251747e+04 2.102110e+03
-2.929293e-03 3.504679e+04 2.893673e+04 5.664460e+03 1.106363e+05 -8.357025e+03 -5.745409e+05 -3.777701e+04 2.923671e+03 5.315772e+03 -1.108891e+05 -2.697252e+04 1.972391e+04 3.798686e+04 2.556618e+03 -5.731011e+03 4.423373e+05 6.646814e+03 -1.260760e+05 -3.071222e+04 2.542602e+04 -4.330344e+04 -3.516459e+03 6.423832e+03 -5.041475e+05 -3.077871e+04 -2.244342e+04 -4.518306e+03 -9.730916e+04 -7.440746e+03 -5.041002e+05 -3.313879e+04 2.101245e+03
-2.727273e-03 3.923877e+04 3.363938e+04 6.001460e+03 1.429130e+05 -8.645020e+03 -6.401412e+05 -3.912123e+04 2.985796e+03 5.603551e+03 -1.431842e+05 -3.019255e+04 2.292348e+04 3.933897e+04 2.567352e+03 -5.928456e+03 4.928367e+05 7.025510e+03 -1.628602e+05 -3.438146e+04 2.954913e+04 -4.484493e+04 -3.580685e+03 6.647847e+03 -5.617076e+05 -3.445752e+04 -2.609309e+04 -4.775033e+03 -1.256469e+05 -7.694454e+03 -5.616536e+05 -3.431786e+04 2.115730e+03
-2.525253e-03 4.477945e+04 4.025700e+04 6.489623e+03 1.883899e+05 -8.924635e+03 -7.272466e+05 -4.193422e+04 3.104243e+03 6.023747e+03 -1.886871e+05 -3.444929e+04 2.742612e+04 4.216299e+04 2.614788e+03 -6.121033e+03 5.598915e+05 7.575970e+03 -2.146879e+05 -3.923136e+04 3.535257e+04 -4.806408e+04 -3.708180e+03 6.864556e+03 -6.381376e+05 -3.932060e+04 -3.122779e+04 -5.148378e+03 -1.655740e+05 -7.942570e+03 -6.380742e+05 -3.678556e+04 2.163127e+03
-2.323232e-03 5.315216e+04 5.074602e+04 7.309330e+03 2.597229e+05 -9.184083e+03 -8.596406e+05 -4.848540e+04 3.352915e+03 6.736122e+03 -2.600633e+05 -4.088317e+04 3.456347e+04 4.873310e+04 2.751231e+03 -6.301965e+03 6.618116e+05 8.504181e+03 -2.959826e+05 -4.656055e+04 4.455307e+04 -5.555299e+04 -3.983122e+03 7.063883e+03 -7.543070e+05 -4.667057e+04 -3.936507e+04 -5.778245e+03 -2.282039e+05 -8.177110e+03 -7.542289e+05 -4.253298e+04 2.289366e+03
-2.121212e-03 7.036905e+04 7.268731e+04 9.193165e+03 4.051294e+05 -9.382006e+03 -1.133739e+06 -6.824066e+04 4.032581e+03 8.389763e+03 -4.055679e+05 -5.411662e+04 4.949579e+04 6.853515e+04 3.189974e+03 -6.448311e+03 8.728224e+05 1.064687e+04 -4.616947e+05 -6.163269e+04 6.380266e+04 -7.812355e+04 -4.748247e+03 7.209891e+03 -9.948173e+05 -6.178718e+04 -5.638576e+04 -7.232936e+03 -3.558791e+05 -8.371597e+03 -9.947077e+05 -5.986505e+04 2.681630e+03
-1.919192e-03 6.528199e+06 7.863472e+06 8.053845e+05 4.894615e+07 3.421614e+04 -1.047951e+08 -1.065910e+07 3.336746e+05 7.139111e+05 -4.898601e+07 -5.019266e+06 5.353178e+06 1.068197e+07 2.378034e+05 1.735814e+04 8.067873e+07 9.200636e+05 -5.577955e+07 -5.715378e+06 6.900158e+06 -1.217523e+07 -3.804012e+05 -3.098614e+04 -9.195696e+07 -5.733089e+06 -6.100520e+06 -6.249154e+05 -4.298487e+07 1.879417e+04 -9.194235e+07 -9.351784e+06 2.085613e+05
-1.717172e-03 8.615685e+04 1.030529e+05 1.030764e+04 6.424037e+05 -9.957522e+03 -1.379207e+06 -6.271338e+04 4.133876e+03 9.339762e+03 -6.429137e+05 -6.624139e+04 7.014509e+04 6.300519e+04 3.120050e+03 -6.838042e+03 1.061782e+06 1.189875e+04 -7.321088e+05 -7.545220e+04 9.044092e+04 -7.182129e+04 -4.841760e+03 7.662100e+03 -1.210198e+06 -7.563893e+04 -7.992509e+04 -8.080823e+03 -5.641377e+05 -8.868512e+03 -1.210064e+06 -5.501510e+04 2.637169e+03
-1.515152e-03 -2.627594e+04 -4.531356e+04 -2.911230e+03 -3.295116e+05 -1.078423e+04 4.190720e+05 9.984815e+04 -1.079469e+03 -2.391320e+03 3.296917e+05 2.019469e+04 -3.083496e+04 -9.989395e+04 -5.354759e+02 -7.312807e+03 -3.226164e+05 -3.211734e+03 3.755299e+05 2.298549e+04 -3.974828e+04 1.138500e+05 1.112103e+03 8.362188e+03 3.677300e+05 2.308592e+04 3.515370e+04 2.180649e+03 2.892905e+05 -9.434534e+03 3.676597e+05 8.760867e+04 -5.608065e+02
-1.313131e-03 3.096345e+04 3.989758e+04 3.490621e+03 2.547432e+05 -1.075224e+04 -4.933683e+05 3.286502e+04 1.297298e+03 3.257936e+03 -2.549125e+05 -2.380404e+04 2.714869e+04 -3.276564e+04 1.053674e+03 -7.328290e+03 3.798162e+05 4.087489e+03 -2.903178e+05 -2.712615e+04 3.501867e+04 3.733727e+04 -1.583123e+03 8.312384e+03 -4.329009e+05 -2.717113e+04 -3.092997e+04 -2.775237e+03 -2.236763e+05 -9.474061e+03 -4.328687e+05 2.884112e+04 8.439757e+02
-1.111111e-03 5.570193e+04 9.107956e+04 6.026359e+03 6.317669e+05 -1.088587e+04 -8.855247e+05 1.635560e+04 2.127916e+03 5.480349e+03 -6.320994e+05 -4.281602e+04 6.196486e+04 -1.621775e+04 1.556709e+03 -7.428850e+03 6.817100e+05 6.969971e+03 -7.199975e+05 -4.878287e+04 7.992627e+04 1.847586e+04 -2.515382e+03 8.409845e+03 -7.770005e+05 -4.888856e+04 -7.061081e+04 -4.731577e+03 -5.546401e+05 -9.608492e+03 -7.769248e+05 1.435673e+04 1.296427e+03
-9.090909e-04 3.896472e+04 7.417153e+04 4.116732e+03 5.255376e+05 -1.111785e+04 -6.184538e+05 4.039587e+04 1.402965e+03 3.764663e+03 -5.257829e+05 -2.994941e+04 5.045486e+04 -4.030490e+04 1.034738e+03 -7.574469e+03 4.761071e+05 4.774237e+03 -5.989347e+05 -3.412677e+04 6.508810e+04 4.593018e+04 -1.674002e+03 8.596040e+03 -5.426571e+05 -3.419497e+04 -5.749543e+04 -3.240658e+03 -4.613503e+05 -9.791766e+03 -5.426083e+05 3.544856e+04 8.501128e+02
-7.070707e-04 8.982671e+03 1.506747e+04 9.565494e+02 9.394890e+04 -1.131986e+04 -1.424957e+05 6.640730e+04 3.253975e+02 9.410460e+02 -9.399744e+04 -6.905435e+03 1.024763e+04 -6.636774e+04 3.090977e+02 -7.698618e+03 1.096985e+05 1.149470e+03 -1.070697e+05 -7.874294e+03 1.322549e+04 7.563642e+04 -4.300402e+02 8.758922e+03 -1.250274e+05 -7.877288e+03 -1.167435e+04 -7.802422e+02 -8.247857e+04 -9.947569e+03 -1.250251e+05 5.826974e+04 2.256394e+02
-5.050505e-04 -2.491694e+04 -1.010516e+05 -2.478919e+03 -7.902369e+05 -1.146255e+04 3.943359e+05 8.348483e+04 -7.762354e+02 -2.126700e+03 7.905119e+05 1.914731e+04 -6.872936e+04 -8.347859e+04 -4.082106e+02 -7.787107e+03 -3.035692e+05 -2.790266e+03 9.006100e+05 2.180837e+04 -8.866408e+04 9.513927e+04 8.419372e+02 8.873107e+03 3.460126e+05 2.187667e+04 7.833213e+04 1.893495e+03 6.936317e+05 -1.005941e+04 3.459649e+05 7.325274e+04 -3.910718e+02
-3.030303e-04 3.179386e+03 1.015889e+04 3.325838e+02 6.065381e+04 -1.149989e+04 -5.036479e+04 7.252081e+04 1.095387e+02 3.354730e+02 -6.068077e+04 -2.444168e+03 6.907091e+03 -7.249022e+04 1.125173e+02 -7.818658e+03 3.877265e+04 4.046897e+02 -6.912496e+04 -2.787893e+03 8.916413e+03 8.261468e+04 -1.506438e+02 8.898499e+03 -4.419006e+04 -2.787328e+03 -7.869285e+03 -2.746746e+02 -5.324446e+04 -1.010276e+04 -4.419039e+04 6.363352e+04 7.885864e+01
-1.010101e-04 3.412553e+03 5.268514e+04 3.430935e+02 3.915464e+05 -1.153544e+04 -5.399151e+04 7.335824e+04 1.077625e+02 3.174527e+02 -3.916785e+05 -2.622750e+03 3.582760e+04 -7.332863e+04 8.095728e+01 -7.842562e+03 4.156422e+04 4.001743e+02 -4.462336e+05 -2.989205e+03 4.623051e+04 8.357027e+04 -1.314455e+02 8.925930e+03 -4.737388e+04 -2.994179e+03 -4.082955e+04 -2.715690e+02 -3.436772e+05 -1.013376e+04 -4.737031e+04 6.436827e+04 6.438969e+01
1.010101e-04 -3.412553e+03 5.268514e+04 -3.430935e+02 3.915464e+05 -1.153544e+04 5.399151e+04 7.335824e+04 -1.077625e+02 -3.174527e+02 -3.916785e+05 2.622750e+03 3.582760e+04 -7.332863e+04 -8.095728e+01 -7.842562e+03 -4.156422e+04 -4.001743e+02 -4.462336e+05 2.989205e+03 4.623051e+04 8.357027e+04 1.314455e+02 8.925930e+03 4.737388e+04 2.994179e+03 -4.082955e+04 2.715690e+02 -3.436772e+05 -1.013376e+04 4.737031e+04 6.436827e+04 -6.438969e+01
3.030303e-04 -3.179386e+03 1.015889e+04 -3.325838e+02 6.065381e+04 -1.149989e+04 5.036479e+04 7.252081e+04 -1.095387e+02 -3.354730e+02 -6.068077e+04 2.444168e+03 6.907091e+03 -7.249022e+04 -1.125173e+02 -7.818658e+03 -3.877265e+04 -4.046897e+02 -6.912496e+04 2.787893e+03 8.916413e+03 8.261468e+04 1.506438e+02 8.898499e+03 4.419006e+04 2.787328e+03 -7.869285e+03 2.746746e+02 -5.324446e+04 -1.010276e+04 4.419039e+04 6.363352e+04 -7.885864e+01
5.050505e-04 2.491694e+04 -1.010516e+05 2.478919e+03 -7.902369e+05 -1.146255e+04 -3.943359e+05 8.348483e+04 7.762354e+02 2.126700e+03 7.905119e+05 -1.914731e+04 -6.872936e+04 -8.347859e+04 4.082106e+02 -7.787107e+03 3.035692e+05 2.790266e+03 9.006100e+05 -2.180837e+04 -8.866408e+04 9.513927e+04 -8.419372e+02 8.873107e+03 -3.460126e+05 -2.187667e+04 7.833213e+04 -1.893495e+03 6.936317e+05 -1.005941e+04 -3.459649e+05 7.325274e+04 3.910718e+02
7.070707e-04 -8.982671e+03 1.506747e+04 -9.565494e+02 9.394890e+04 -1.131986e+04 1.424957e+05 6.640730e+04 -3.253975e+02 -9.410460e+02 -9.399744e+04 6.905435e+03 1.024763e+04 -6.636774e+04 -3.090977e+02 -7.698618e+03 -1.096985e+05 -1.149470e+03 -1.070697e+05 7.874294e+03 1.322549e+04 7.563642e+04 4.300402e+02 8.758922e+03 1.250274e+05 7.877288e+03 -1.167435e+04 7.802422e+02 -8.247857e+04 -9.947569e+03 1.250251e+05 5.826974e+04 -2.256394e+02
9.090909e-04 -3.896472e+04 7.417153e+04 -4.116732e+03 5.255376e+05 -1.111785e+04 6.184538e+05 4.039587e+04 -1.402965e+03 -3.764663e+03 -5.257829e+05 2.994941e+04 5.045486e+04 -4.030490e+04 -1.034738e+03 -7.574469e+03 -4.761071e+05 -4.774237e+03 -5.989347e+05 3.412677e+04 6.508810e+04 4.593018e+04 1.674002e+03 8.596040e+03 5.426571e+05 3.419497e+04 -5.749543e+04 3.240658e+03 -4.613503e+05 -9.791766e+03 5.426083e+05 3.544856e+04 -8.501128e+02
1.111111e-03 -5.570193e+04 9.107956e+04 -6.026359e+03 6.317669e+05 -1.088587e+04 8.855247e+05 1.635560e+04 -2.127916e+03 -5.480349e+03 -6.320994e+05 4.281602e+04 6.196486e+04 -1.621775e+04 -1.556709e+03 -7.428850e+03 -6.817100e+05 -6.969971e+03 -7.199975e+05 4.878287e+04 7.992627e+04 1.847586e+04 2.515382e+03 8.409845e+03 7.770005e+05 4.888856e+04 -7.061081e+04 4.731577e+03 -5.546401e+05 -9.608492e+03 7.769248e+05 1.435673e+04 -1.296427e+03
1.313131e-03 -3.096345e+04 3.989758e+04 -3.490621e+03 2.547432e+05 -1.075224e+04 4.933683e+05 3.286502e+04 -1.297298e+03 -3.257936e+03 -2.549125e+05 2.380404e+04 2.714869e+04 -3.276564e+04 -1.053674e+03 -7.328290e+03 -3.798162e+05 -4.087489e+03 -2.903178e+05 2.712615e+04 3.501867e+04 3.733727e+04 1.583123e+03 8.312384e+03 4.329009e+05 2.717113e+04 -3.092997e+04 2.775237e+03 -2.236763e+05 -9.474061e+03 4.328687e+05 2.884112e+04 -8.439757e+02
1.515152e-03 2.627594e+04 -4.531356e+04 2.911230e+03 -3.295116e+05 -1.078423e+04 -4.190720e+05 9.984815e+04 1.079469e+03 2.391320e+03 3.296917e+05 -2.019469e+04 -3.083496e+04 -9.989395e+04 5.354759e+02 -7.312807e+03 3.226164e+05 3.211734e+03 3.755299e+05 -2.298549e+04 -3.974828e+04 1.138500e+05 -1.112103e+03 8.362188e+03 -3.677300e+05 -2.308592e+04 3.515370e+04 -2.180649e+03 2.892905e+05 -9.434534e+03 -3.676597e+05 8.760867e+04 5.608065e+02
1.717172e-03 -8.615685e+04 1.030529e+05 -1.030764e+04 6.424037e+05 -9.957522e+03 1.379207e+06 -6.271338e+04 -4.133876e+03 -9.339762e+03 -6.429137e+05 6.624139e+04 7.014509e+04 6.300519e+04 -3.120050e+03 -6.838042e+03 -1.061782e+06 -1.189875e+04 -7.321088e+05 7.545220e+04 9.044092e+04 -7.182129e+04 4.841760e+03 7.662100e+03 1.210198e+06 7.563893e+04 -7.992509e+04 8.080823e+03 -5.641377e+05 -8.868512e+03 1.210064e+06 -5.501510e+04 -2.637169e+03
1.919192e-03 -6.528199e+06 7.863472e+06 -8.053845e+05 4.894615e+07 3.421614e+04 1.047951e+08 -1.065910e+07 -3.336746e+05 -7.139111e+05 -4.898601e+07 5.019266e+06 5.353178e+06 1.068197e+07 -2.378034e+05 1.735814e+04 -8.067873e+07 -9.200636e+05 -5.577955e+07 5.715378e+06 6.900158e+06 -1.217523e+07 3.804012e+05 -3.098614e+04 9.195696e+07 5.733089e+06 -6.100520e+06 6.249154e+05 -4.298487e+07 1.879417e+04 9.194235e+07 -9.351784e+06 -2.085613e+05
2.121212e-03 -7.036905e+04 7.268731e+04 -9.193165e+03 4.051294e+05 -9.382006e+03 1.133739e+06 -6.824066e+04 -4.032581e+03 -8.389763e+03 -4.055679e+05 5.411662e+04 4.949579e+04 6.853515e+04 -3.189974e+03 -6.448311e+03 -8.728224e+05 -1.064687e+04 -4.616947e+05 6.163269e+04 6.380266e+04 -7.812355e+04 4.748247e+03 7.209891e+03 9.948173e+05 6.178718e+04 -5.638576e+04 7.232936e+03 -3.558791e+05 -8.371597e+03 9.947077e+05 -5.986505e+04 -2.681630e+03
2.323232e-03 -5.315216e+04 5.074602e+04 -7.309330e+03 2.597229e+05 -9.184083e+03 8.596406e+05 -4.848540e+04 -3.352915e+03 -6.736122e+03 -2.600633e+05 4.088317e+04 3.456347e+04 4.873310e+04 -2.751231e+03 -6.301965e+03 -6.618116e+05 -8.504181e+03 -2.959826e+05 4.656055e+04 4.455307e+04 -5.555299e+04 3.983122e+03 7.063883e+03 7.543070e+05 4.667057e+04 -3.936507e+04 5.778245e+03 -2.282039e+05 -8.177110e+03 7.542289e+05 -4.253298e+04 -2.289366e+03
2.525253e-03 -4.477945e+04 4.025700e+04 -6.489623e+03 1.883899e+05 -8.924635e+03 7.272466e+05 -4.193422e+04 -3.104243e+03 -6.023747e+03 -1.886871e+05 3.444929e+04 2.742612e+04 4.216299e+04 -2.614788e+03 -6.121033e+03 -5.598915e+05 -7.575970e+03 -2.146879e+05 3.923136e+04 3.535257e+04 -4.806408e+04 3.708180e+03 6.864556e+03 6.381376e+05 3.932060e+04 -3.122779e+04 5.148378e+03 -1.655740e+05 -7.942570e+03 6.380742e+05 -3.678556e+04 -2.163127e+03
2.727273e-03 -3.923877e+04 3.363938e+04 -6.001460e+03 1.429130e+05 -8.645020e+03 6.401412e+05 -3.912123e+04 -2.985796e+03 -5.603551e+03 -1.431842e+05 3.019255e+04 2.292348e+04 3.933897e+04 -2.567352e+03 -5.928456e+03 -4.928367e+05 -7.025510e+03 -1.628602e+05 3.438146e+04 2.954913e+04 -4.484493e+04 3.580685e+03 6.647847e+03 5.617076e+05 3.445752e+04 -2.609309e+04 4.775033e+03 -1.256469e+05 -7.694454e+03 5.616536e+05 -3.431786e+04 -2.115730e+03
2.929293e-03 -3.504679e+04 2.893673e+04 -5.664460e+03 1.106363e+05 -8.357025e+03 5.745409e+05 -3.777701e+04 -2.923671e+03 -5.315772e+03 -1.108891e+05 2.697252e+04 1.972391e+04 3.798686e+04 -2.556618e+03 -5.731011e+03 -4.423373e+05 -6.646814e+03 -1.260760e+05 3.071222e+04 2.542602e+04 -4.330344e+04 3.516459e+03 6.423832e+03 5.041475e+05 3.077871e+04 -2.244342e+04 4.518306e+03 -9.730916e+04 -7.440746e+03 5.041002e+05 -3.313879e+04 -2.101245e+03
3.131313e-03 -3.163813e+04 2.536450e+04 -5.409752e+03 8.638759e+04 -8.066356e+03 5.213790e+05 -3.706850e+04 -2.889595e+03 -5.099466e+03 -8.662611e+04 2.435451e+04 1.729342e+04 3.727188e+04 -2.562615e+03 -5.532125e+03 -4.014135e+05 -6.361266e+03 -9.844101e+04 2.772863e+04 2.229479e+04 -4.248814e+04 3.483329e+03 6.197299e+03 4.575017e+05 2.778766e+04 -1.967025e+04 4.324802e+03 -7.601929e+04 -7.185572e+03 4.574597e+05 -3.251747e+04 -2.102110e+03
3.333333e-03 -2.874642e+04 2.253269e+04 -5.204861e+03 6.753874e+04 -7.776550e+03 4.763838e+05 -3.662717e+04 -2.870221e+03 -4.925946e+03 -6.776546e+04 2.213370e+04 1.536665e+04 3.682475e+04 -2.575964e+03 -5.334005e+03 -3.667765e+05 -6.131827e+03 -7.696004e+04 2.519751e+04 1.981323e+04 -4.197813e+04 3.466141e+03 5.971167e+03 4.180217e+05 2.525042e+04 -1.747117e+04 4.169364e+03 -5.946968e+04 -6.931627e+03 4.179840e+05 -3.213057e+04 -2.110052e+03
3.535354e-03 -2.622824e+04 2.022038e+04 -5.032408e+03 5.256263e+04 -7.490076e+03 4.372565e+05 -3.627489e+04 -2.858450e+03 -4.779908e+03 -5.277911e+04 2.019986e+04 1.379323e+04 3.646697e+04 -2.591737e+03 -5.138235e+03 -3.366567e+05 -5.938704e+03 -5.989269e+04 2.299330e+04 1.778746e+04 -4.156996e+04 3.456862e+03 5.747452e+03 3.836905e+05 2.304108e+04 -1.567484e+04 4.038551e+03 -4.631957e+04 -6.680866e+03 3.836564e+05 -3.182178e+04 -2.120703e+03
3.737374e-03 -2.399852e+04 1.829072e+04 -4.882272e+03 4.048700e+04 -7.208753e+03 4.026347e+05 -3.592313e+04 -2.850228e+03 -4.652478e+03 -4.069430e+04 1.848756e+04 1.248007e+04 3.610986e+04 -2.607189e+03 -4.946002e+03 -3.100053e+05 -5.770394e+03 -4.613092e+04 2.104153e+04 1.609738e+04 -4.116257e+04 3.450932e+03 5.527628e+03 3.533126e+05 2.108488e+04 -1.417518e+04 3.924549e+03 -3.571542e+04 -6.434765e+03 3.532817e+05 -3.151346e+04 -2.131606e+03
3.939394e-03 -2.200260e+04 1.665332e+04 -4.748187e+03 3.065073e+04 -6.933939e+03 3.716460e+05 -3.552936e+04 -2.843150e+03 -4.538202e+03 -3.084960e+04 1.695481e+04 1.136567e+04 3.571080e+04 -2.620763e+03 -4.758208e+03 -2.861505e+05 -5.619798e+03 -3.492129e+04 1.929436e+04 1.466367e+04 -4.070736e+04 3.445671e+03 5.312792e+03 3.261225e+05 1.933385e+04 -1.290211e+04 3.822538e+03 -2.707685e+04 -6.194446e+03 3.260943e+05 -3.116827e+04 -2.141352e+03
4.141414e-03 -2.020294e+04 1.524546e+04 -4.626098e+03 2.258178e+04 -6.666644e+03 3.436931e+05 -3.507574e+04 -2.835774e+03 -4.433581e+03 -2.277280e+04 1.557274e+04 1.040737e+04 3.525191e+04 -2.631599e+03 -4.575530e+03 -2.646326e+05 -5.482339e+03 -2.572581e+04 1.771894e+04 1.343129e+04 -4.018398e+04 3.439492e+03 5.103759e+03 3.015961e+05 1.775503e+04 -1.180702e+04 3.729412e+03 -1.998952e+04 -5.960752e+03 3.015702e+05 -3.077056e+04 -2.149142e+03
4.343434e-03 -1.857220e+04 1.402188e+04 -4.513281e+03 1.593039e+04 -6.407601e+03 3.183430e+05 -3.455797e+04 -2.827249e+03 -4.336293e+03 -1.611401e+04 1.432033e+04 9.574391e+03 3.472890e+04 -2.639265e+03 -4.398462e+03 -2.451183e+05 -5.354961e+03 -1.814588e+04 1.629132e+04 1.236052e+04 -3.958751e+04 3.431479e+03 4.901119e+03 2.793534e+05 1.632438e+04 -1.085486e+04 3.643098e+03 -1.414642e+04 -5.734300e+03 2.793297e+05 -3.031657e+04 -2.154552e+03
4.545455e-03 -1.708938e+04 1.294896e+04 -4.407856e+03 1.042998e+04 -6.157318e+03 2.952655e+05 -3.397907e+04 -2.817094e+03 -4.244760e+03 -1.060658e+04 1.318147e+04 8.843863e+03 3.414481e+04 -2.643598e+03 -4.227351e+03 -2.273534e+05 -5.235569e+03 -1.187768e+04 1.499314e+04 1.142184e+04 -3.892144e+04 3.421139e+03 4.705283e+03 2.591047e+05 1.502350e+04 -1.001954e+04 3.562173e+03 -9.313579e+03 -5.515518e+03 2.590829e+05 -2.980894e+04 -2.157399e+03
4.747475e-03 -1.573772e+04 1.200101e+04 -4.308493e+03 5.872851e+03 -5.916119e+03 2.741983e+05 -3.334587e+04 -2.805076e+03 -4.157885e+03 -6.042769e+03 1.214328e+04 8.198328e+03 3.350646e+04 -2.644605e+03 -4.062419e+03 -2.111359e+05 -5.122690e+03 -6.684507e+03 1.380972e+04 1.059273e+04 -3.819353e+04 3.408255e+03 4.516515e+03 2.406199e+05 1.383766e+04 -9.281185e+03 3.485641e+03 -5.308721e+03 -5.304681e+03 2.405998e+05 -2.925366e+04 -2.157653e+03
4.949495e-03 -1.450332e+04 1.115803e+04 -4.214229e+03 2.094413e+03 -5.684177e+03 2.549257e+05 -3.266683e+04 -2.791117e+03 -4.074892e+03 -2.257946e+03 1.119509e+04 7.624186e+03 3.282235e+04 -2.642406e+03 -3.903788e+03 -1.962998e+05 -5.015271e+03 -2.378775e+03 1.272892e+04 9.855622e+03 -3.741348e+04 3.392784e+03 4.334959e+03 2.237096e+05 1.275467e+04 -8.624293e+03 3.412788e+03 -1.987386e+03 -5.101934e+03 2.236911e+05 -2.865815e+04 -2.155381e+03
5.151515e-03 -1.337442e+04 1.040417e+04 -4.124355e+03 -1.037556e+03 -5.461543e+03 2.372653e+05 -3.195090e+04 -2.775243e+03 -3.995223e+03 8.801325e+02 1.032785e+04 7.110652e+03 3.210142e+04 -2.637183e+03 -3.751497e+03 -1.827047e+05 -4.912541e+03 1.190204e+03 1.174043e+04 9.196605e+03 -3.659148e+04 3.374799e+03 4.160663e+03 2.082139e+05 1.176420e+04 -8.036573e+03 3.343094e+03 7.664573e+02 -4.907320e+03 2.081968e+05 -2.803027e+04 -2.150713e+03
5.353535e-03 -1.234079e+04 9.726629e+03 -4.038337e+03 -3.630406e+03 -5.248173e+03 2.210601e+05 -3.120677e+04 -2.757546e+03 -3.918472e+03 3.478833e+03 9.533729e+03 6.649037e+03 3.135240e+04 -2.629162e+03 -3.605516e+03 -1.702298e+05 -4.813930e+03 4.144776e+03 1.083531e+04 8.604465e+03 -3.573746e+04 3.354444e+03 3.993595e+03 1.939951e+05 1.085728e+04 -7.508123e+03 3.276173e+03 3.047017e+03 -4.720797e+03 1.939792e+05 -2.737764e+04 -2.143813e+03
5.555556e-03 -1.139347e+04 9.114995e+03 -3.955766e+03 -5.772046e+03 -5.043942e+03 2.061728e+05 -3.044251e+04 -2.738158e+03 -3.844336e+03 5.626078e+03 8.805845e+03 6.232255e+03 3.058335e+04 -2.618584e+03 -3.465766e+03 -1.587693e+05 -4.719006e+03 6.585131e+03 1.000572e+04 8.070052e+03 -3.486063e+04 3.331904e+03 3.833664e+03 1.809325e+05 1.002606e+04 -7.030865e+03 3.211733e+03 4.931441e+03 -4.542258e+03 1.809177e+05 -2.670732e+04 -2.134868e+03
5.757576e-03 -1.052450e+04 8.560657e+03 -3.876323e+03 -7.534975e+03 -4.848665e+03 1.924817e+05 -2.966535e+04 -2.717233e+03 -3.772587e+03 7.394376e+03 8.138089e+03 5.854455e+03 2.980152e+04 -2.605698e+03 -3.332124e+03 -1.482295e+05 -4.627437e+03 8.593892e+03 9.244689e+03 7.585818e+03 -3.396926e+04 3.307388e+03 3.680729e+03 1.689194e+05 9.263541e+03 -6.598129e+03 3.149552e+03 6.483349e+03 -4.371540e+03 1.689057e+05 -2.602569e+04 -2.124071e+03
5.959596e-03 -9.726763e+03 8.056440e+03 -3.799756e+03 -8.979320e+03 -4.662113e+03 1.798784e+05 -2.888166e+04 -2.694935e+03 -3.703051e+03 8.843866e+03 7.524998e+03 5.510759e+03 2.901330e+04 -2.590752e+03 -3.204435e+03 -1.385272e+05 -4.538961e+03 1.023959e+04 8.545997e+03 7.145468e+03 -3.307061e+04 3.281113e+03 3.534612e+03 1.578608e+05 8.563491e+03 -6.204355e+03 3.089454e+03 7.755509e+03 -4.208442e+03 1.578481e+05 -2.533833e+04 -2.111616e+03
6.161616e-03 -8.993863e+03 7.596310e+03 -3.725858e+03 -1.015519e+04 -4.484020e+03 1.682658e+05 -2.809692e+04 -2.671432e+03 -3.635590e+03 1.002466e+04 6.961667e+03 5.197066e+03 2.822417e+04 -2.573982e+03 -3.082520e+03 -1.295874e+05 -4.453370e+03 1.157932e+04 7.904047e+03 6.743711e+03 -3.217093e+04 3.253297e+03 3.395109e+03 1.476715e+05 7.920301e+03 -5.844864e+03 3.031299e+03 8.791897e+03 -4.052734e+03 1.476596e+05 -2.465003e+04 -2.097691e+03
6.363636e-03 -8.320036e+03 7.175151e+03 -3.654459e+03 -1.110451e+04 -4.314097e+03 1.575564e+05 -2.731578e+04 -2.646887e+03 -3.570093e+03 1.097870e+04 6.443673e+03 4.909897e+03 2.743877e+04 -2.555614e+03 -2.966183e+03 -1.213429e+05 -4.370491e+03 1.266088e+04 7.313795e+03 6.376061e+03 -3.127552e+04 3.224148e+03 3.261994e+03 1.382746e+05 7.328915e+03 -5.515691e+03 2.974972e+03 9.629306e+03 -3.904162e+03 1.382635e+05 -2.396488e+04 -2.082475e+03
6.565657e-03 -7.700071e+03 6.788596e+03 -3.585415e+03 -1.186249e+04 -4.152038e+03 1.476712e+05 -2.654211e+04 -2.621456e+03 -3.506470e+03 1.174119e+04 5.967019e+03 4.646285e+03 2.666098e+04 -2.535860e+03 -2.855219e+03 -1.137328e+05 -4.290183e+03 1.352438e+04 6.770683e+03 6.038689e+03 -3.038880e+04 3.193867e+03 3.135031e+03 1.296009e+05 6.784763e+03 -5.213448e+03 2.920377e+03 1.029863e+04 -3.762461e+03 1.295906e+05 -2.328627e+04 -2.066137e+03
6.767677e-03 -7.129251e+03 6.432893e+03 -3.518603e+03 -1.245875e+04 -3.997526e+03 1.385388e+05 -2.577911e+04 -2.595287e+03 -3.444643e+03 1.234177e+04 5.528085e+03 4.403677e+03 2.589400e+04 -2.514915e+03 -2.749411e+03 -1.067022e+05 -4.212322e+03 1.420360e+04 6.270584e+03 5.728306e+03 -2.951441e+04 3.162642e+03 3.013974e+03 1.215876e+05 6.283709e+03 -4.935225e+03 2.867433e+03 1.082587e+04 -3.627355e+03 1.215780e+05 -2.261701e+04 -2.048834e+03
6.969697e-03 -6.603300e+03 6.104800e+03 -3.453914e+03 -1.291830e+04 -3.850242e+03 1.300945e+05 -2.502934e+04 -2.568517e+03 -3.384545e+03 1.280546e+04 5.123590e+03 4.179869e+03 2.514040e+04 -2.492958e+03 -2.648544e+03 -1.002013e+05 -4.136802e+03 1.472703e+04 5.809756e+03 5.442071e+03 -2.865529e+04 3.130644e+03 2.898572e+03 1.141782e+05 5.822004e+03 -4.678507e+03 2.816069e+03 1.123300e+04 -3.498564e+03 1.141692e+05 -2.195936e+04 -2.030711e+03
7.171717e-03 -6.118339e+03 5.801501e+03 -3.391253e+03 -1.326232e+04 -3.709866e+03 1.222797e+05 -2.429486e+04 -2.541271e+03 -3.326116e+03 1.315344e+04 4.750561e+03 3.972948e+03 2.440223e+04 -2.470154e+03 -2.552399e+03 -9.418485e+04 -4.063527e+03 1.511880e+04 5.384806e+03 5.177517e+03 -2.781375e+04 3.098032e+03 2.788576e+03 1.073210e+05 5.396247e+03 -4.441106e+03 2.766220e+03 1.153857e+04 -3.375810e+03 1.073125e+05 -2.131512e+04 -2.011899e+03
7.373737e-03 -5.670848e+03 5.520538e+03 -3.330532e+03 -1.350873e+04 -3.576080e+03 1.150410e+05 -2.357725e+04 -2.513664e+03 -3.269304e+03 1.340363e+04 4.406295e+03 3.781239e+03 2.368107e+04 -2.446650e+03 -2.460760e+03 -8.861195e+04 -3.992411e+03 1.539935e+04 4.992654e+03 4.932490e+03 -2.699162e+04 3.064951e+03 2.683739e+03 1.009693e+05 5.003351e+03 -4.221116e+03 2.717829e+03 1.175834e+04 -3.258815e+03 1.009614e+05 -2.068566e+04 -1.992518e+03
7.575758e-03 -5.257630e+03 5.259757e+03 -3.271672e+03 -1.367276e+04 -3.448573e+03 1.083301e+05 -2.287770e+04 -2.485799e+03 -3.214056e+03 1.357127e+04 4.088340e+03 3.603280e+03 2.297810e+04 -2.422581e+03 -2.373416e+03 -8.344534e+04 -3.923374e+03 1.558602e+04 4.630501e+03 4.705103e+03 -2.619023e+04 3.031529e+03 2.583817e+03 9.508073e+04 4.640513e+03 -4.016863e+03 2.670844e+03 1.190566e+04 -3.147308e+03 9.507330e+04 -2.007205e+04 -1.972677e+03
7.777778e-03 -4.875779e+03 5.017261e+03 -3.214598e+03 -1.376734e+04 -3.327041e+03 1.021031e+05 -2.219706e+04 -2.457769e+03 -3.160326e+03 1.366931e+04 3.794468e+03 3.437779e+03 2.229419e+04 -2.398066e+03 -2.290159e+03 -7.865117e+04 -3.856343e+03 1.569355e+04 4.295807e+03 4.493695e+03 -2.541057e+04 2.997883e+03 2.488574e+03 8.961667e+04 4.305185e+03 -3.826873e+03 2.625215e+03 1.199191e+04 -3.041024e+03 8.960970e+04 -1.947502e+04 -1.952473e+03
7.979798e-03 -4.522655e+03 4.791376e+03 -3.159242e+03 -1.380349e+04 -3.211191e+03 9.631993e+04 -2.153593e+04 -2.429657e+03 -3.108068e+03 1.370877e+04 3.522651e+03 3.283597e+03 2.162990e+04 -2.373214e+03 -2.210790e+03 -7.419868e+04 -3.791248e+03 1.573451e+04 3.986260e+03 4.296800e+03 -2.465329e+04 2.964118e+03 2.397779e+03 8.454207e+04 3.995054e+03 -3.649844e+03 2.580896e+03 1.202674e+04 -2.939705e+03 8.453550e+04 -1.889509e+04 -1.931994e+03
8.181818e-03 -4.195856e+03 4.580616e+03 -3.105541e+03 -1.379059e+04 -3.100737e+03 9.094426e+04 -2.089462e+04 -2.401537e+03 -3.057240e+03 1.369903e+04 3.271049e+03 3.139723e+03 2.098557e+04 -2.348120e+03 -2.135113e+03 -7.005987e+04 -3.728023e+03 1.571959e+04 3.699760e+03 4.113117e+03 -2.391876e+04 2.930324e+03 2.311210e+03 7.982500e+04 3.708013e+03 -3.484622e+03 2.537842e+03 1.201839e+04 -2.843105e+03 7.981882e+04 -1.833256e+04 -1.911317e+03
8.383838e-03 -3.893200e+03 4.383660e+03 -3.053431e+03 -1.373665e+04 -2.995406e+03 8.594297e+04 -2.027330e+04 -2.373473e+03 -3.007799e+03 1.364812e+04 3.037986e+03 3.005259e+03 2.036134e+04 -2.322868e+03 -2.062943e+03 -6.620926e+04 -3.666606e+03 1.565790e+04 3.434395e+03 3.941491e+03 -2.320716e+04 2.896584e+03 2.228654e+03 7.543643e+04 3.442147e+03 -3.330179e+03 2.496012e+03 1.197391e+04 -2.750983e+03 7.543060e+04 -1.778755e+04 -1.890510e+03
8.585859e-03 -3.612697e+03 4.199329e+03 -3.002857e+03 -1.364850e+04 -2.894938e+03 8.128592e+04 -1.967194e+04 -2.345523e+03 -2.959705e+03 1.356286e+04 2.821936e+03 2.879402e+03 1.975718e+04 -2.297535e+03 -1.994101e+03 -6.262364e+04 -3.606936e+03 1.555723e+04 3.188426e+03 3.780890e+03 -2.251845e+04 2.862969e+03 2.149905e+03 7.134990e+04 3.195713e+03 -3.185599e+03 2.455365e+03 1.189928e+04 -2.663113e+03 7.134440e+04 -1.726005e+04 -1.869636e+03
8.787879e-03 -3.352537e+03 4.026570e+03 -2.953761e+03 -1.353196e+04 -2.799081e+03 7.694564e+04 -1.909040e+04 -2.317738e+03 -2.912917e+03 1.344909e+04 2.621511e+03 2.761434e+03 1.917296e+04 -2.272186e+03 -1.928417e+03 -5.928187e+04 -3.548955e+03 1.542422e+04 2.960269e+03 3.630392e+03 -2.185246e+04 2.829541e+03 2.074769e+03 6.754130e+04 2.967126e+03 -3.050061e+03 2.415862e+03 1.179962e+04 -2.579275e+03 6.753611e+04 -1.674993e+04 -1.848748e+03
8.989899e-03 -3.111073e+03 3.864437e+03 -2.906092e+03 -1.339202e+04 -2.707598e+03 7.289706e+04 -1.852841e+04 -2.290159e+03 -2.867398e+03 1.331179e+04 2.435446e+03 2.650713e+03 1.860841e+04 -2.246880e+03 -1.865726e+03 -5.616466e+04 -3.492608e+03 1.526455e+04 2.748481e+03 3.489169e+03 -2.120890e+04 2.796354e+03 2.003058e+03 6.398866e+04 2.754938e+03 -2.922828e+03 2.377467e+03 1.167932e+04 -2.499261e+03 6.398375e+04 -1.625697e+04 -1.827894e+03
9.191919e-03 -2.886801e+03 3.712079e+03 -2.859798e+03 -1.323292e+04 -2.620262e+03 6.911735e+04 -1.798566e+04 -2.262826e+03 -2.823109e+03 1.315523e+04 2.262587e+03 2.546657e+03 1.806319e+04 -2.221666e+03 -1.805876e+03 -5.325441e+04 -3.437840e+03 1.508306e+04 2.551747e+03 3.356478e+03 -2.058739e+04 2.763455e+03 1.934596e+03 6.067192e+04 2.557832e+03 -2.803237e+03 2.340143e+03 1.154211e+04 -2.422873e+03 6.066727e+04 -1.578087e+04 -1.807114e+03
9.393939e-03 -2.678351e+03 3.568729e+03 -2.814831e+03 -1.305831e+04 -2.536856e+03 6.558562e+04 -1.746173e+04 -2.235769e+03 -2.780014e+03 1.298305e+04 2.101883e+03 2.448747e+03 1.753690e+04 -2.196590e+03 -1.748717e+03 -5.053507e+04 -3.384600e+03 1.488391e+04 2.368868e+03 3.231647e+03 -1.998745e+04 2.730885e+03 1.869213e+03 5.757277e+04 2.374607e+03 -2.690693e+03 2.303855e+03 1.139117e+04 -2.349922e+03 5.756837e+04 -1.532128e+04 -1.786445e+03
9.595960e-03 -2.484473e+03 3.433694e+03 -2.771145e+03 -1.287129e+04 -2.457177e+03 6.228282e+04 -1.695618e+04 -2.209016e+03 -2.738076e+03 1.279835e+04 1.952375e+03 2.356509e+03 1.702907e+04 -2.171690e+03 -1.694111e+03 -4.799196e+04 -3.332838e+03 1.467062e+04 2.198749e+03 3.114072e+03 -1.940856e+04 2.698677e+03 1.806750e+03 5.467449e+04 2.204166e+03 -2.584654e+03 2.268568e+03 1.122925e+04 -2.280230e+03 5.467032e+04 -1.487781e+04 -1.765919e+03
9.797980e-03 -2.304024e+03 3.306347e+03 -2.728694e+03 -1.267451e+04 -2.381031e+03 5.919153e+04 -1.646850e+04 -2.182591e+03 -2.697259e+03 1.260379e+04 1.813185e+03 2.269516e+03 1.653921e+04 -2.146998e+03 -1.641924e+03 -4.561167e+04 -3.282504e+03 1.444621e+04 2.040391e+03 3.003204e+03 -1.885017e+04 2.666861e+03 1.747054e+03 5.196179e+04 2.045509e+03 -2.484631e+03 2.234251e+03 1.105868e+04 -2.213627e+03 5.195783e+04 -1.445002e+04 -1.745562e+03
1.000000e-02 -2.135962e+03 3.186120e+03 -2.687436e+03 -1.247022e+04 -2.308233e+03 5.629581e+04 -1.599818e+04 -2.156513e+03 -2.657531e+03 1.240164e+04 1.683515e+03 2.187380e+03 1.606681e+04 -2.122544e+03 -1.592031e+03 -4.338193e+04 -3.233551e+03 1.421326e+04 1.892882e+03 2.898546e+03 -1.831167e+04 2.635460e+03 1.689982e+03 4.942069e+04 1.897720e+03 -2.390181e+03 2.200872e+03 1.088143e+04 -2.149954e+03 4.941693e+04 -1.403745e+04 -1.725397e+03
