-1.000000e-02 4.103616e+02 3.291267e+03 2.901376e+03 -1.604639e+04 -2.304894e+03 -6.345948e+04 -1.990730e+04 2.346798e+03 2.866419e+03 1.597184e+04 -3.612333e+02 2.260358e+03 1.998192e+04 2.307646e+03 -1.591463e+03 4.890362e+04 3.488997e+03 1.828644e+04 -3.823086e+02 2.997152e+03 -2.277109e+04 -2.863283e+03 1.679698e+03 -5.571006e+04 -3.872838e+02 -2.467024e+03 -2.375217e+03 1.401602e+04 -2.156673e+03 -5.570626e+04 -1.746948e+04 1.879382e+03
-9.797980e-03 4.999897e+02 3.428100e+03 2.955163e+03 -1.649392e+04 -2.383010e+03 -6.710942e+04 -2.067056e+04 2.381962e+03 2.918204e+03 1.641664e+04 -4.309434e+02 2.353943e+03 2.074789e+04 2.340692e+03 -1.645141e+03 5.171446e+04 3.552783e+03 1.879654e+04 -4.612183e+02 3.116554e+03 -2.364407e+04 -2.905593e+03 1.740669e+03 -5.891320e+04 -4.665149e+02 -2.574350e+03 -2.418750e+03 1.440623e+04 -2.225429e+03 -5.890917e+04 -1.813915e+04 1.906657e+03
-9.595960e-03 5.979566e+02 3.574151e+03 3.011132e+03 -1.695368e+04 -2.465101e+03 -7.104651e+04 -2.147879e+04 2.418062e+03 2.972012e+03 1.687350e+04 -5.070855e+02 2.453827e+03 2.155896e+04 2.374507e+03 -1.701554e+03 5.474641e+04 3.619113e+03 1.932059e+04 -5.474380e+02 3.244012e+03 -2.456847e+04 -2.949024e+03 1.804739e+03 -6.236833e+04 -5.530832e+02 -2.688886e+03 -2.464014e+03 1.480702e+04 -2.297691e+03 -6.236405e+04 -1.884826e+04 1.934566e+03
-9.393939e-03 7.051439e+02 3.730290e+03 3.069429e+03 -1.742518e+04 -2.551420e+03 -7.529958e+04 -2.233564e+04 2.455125e+03 3.027970e+03 1.734193e+04 -5.903381e+02 2.560605e+03 2.241883e+04 2.409102e+03 -1.760877e+03 5.802164e+04 3.688152e+03 1.985801e+04 -6.417397e+02 3.380288e+03 -2.554848e+04 -2.993605e+03 1.872106e+03 -6.610072e+04 -6.477633e+02 -2.811313e+03 -2.511123e+03 1.521796e+04 -2.373682e+03 -6.609618e+04 -1.960005e+04 1.963118e+03
-9.191919e-03 8.225443e+02 3.897495e+03 3.130212e+03 -1.790768e+04 -2.642238e+03 -7.990103e+04 -2.324521e+04 2.493181e+03 3.086222e+03 1.782119e+04 -6.814652e+02 2.674945e+03 2.333158e+04 2.444486e+03 -1.823298e+03 6.156509e+04 3.760083e+03 2.040800e+04 -7.449927e+02 3.526239e+03 -2.658877e+04 -3.039372e+03 1.942980e+03 -7.013881e+04 -7.514279e+02 -2.942394e+03 -2.560200e+03 1.563839e+04 -2.453644e+03 -7.013399e+04 -2.039807e+04 1.992322e+03
-8.989899e-03 9.512783e+02 4.076874e+03 3.193660e+03 -1.840018e+04 -2.737848e+03 -8.488736e+04 -2.421202e+04 2.532260e+03 3.146922e+03 1.831024e+04 -7.813293e+02 2.797601e+03 2.430176e+04 2.480668e+03 -1.889018e+03 6.540489e+04 3.835107e+03 2.096938e+04 -8.581783e+02 3.682833e+03 -2.769452e+04 -3.086357e+03 2.017589e+03 -7.451464e+04 -8.650616e+02 -3.082991e+03 -2.611382e+03 1.606741e+04 -2.537835e+03 -7.450950e+04 -2.124633e+04 2.022186e+03
-8.787879e-03 1.092614e+03 4.269678e+03 3.259971e+03 -1.890130e+04 -2.838562e+03 -9.029983e+04 -2.524116e+04 2.572394e+03 3.210244e+03 1.880770e+04 -8.909061e+02 2.929430e+03 2.533446e+04 2.517655e+03 -1.958252e+03 6.957279e+04 3.913450e+03 2.154059e+04 -9.824068e+02 3.851166e+03 -2.887153e+04 -3.134596e+03 2.096175e+03 -7.926441e+04 -9.897791e+02 -3.234081e+03 -2.664823e+03 1.650379e+04 -2.626531e+03 -7.925892e+04 -2.214925e+04 2.052716e+03
-8.585859e-03 1.247991e+03 4.477333e+03 3.329364e+03 -1.940920e+04 -2.944714e+03 -9.618524e+04 -2.633829e+04 2.613616e+03 3.276382e+03 1.931172e+04 -1.011304e+03 3.071404e+03 2.643539e+04 2.555452e+03 -2.031232e+03 7.410482e+04 3.995361e+03 2.211955e+04 -1.118939e+03 4.032487e+03 -3.012630e+04 -3.184126e+03 2.178999e+03 -8.442917e+04 -1.126846e+03 -3.396777e+03 -2.720693e+03 1.694592e+04 -2.720031e+03 -8.442331e+04 -2.311185e+04 2.083919e+03
-8.383838e-03 1.419049e+03 4.701468e+03 3.402089e+03 -1.992152e+04 -3.056664e+03 -1.025968e+05 -2.750985e+04 2.655962e+03 3.345555e+03 1.981989e+04 -1.143782e+03 3.224633e+03 2.761096e+04 2.594061e+03 -2.108207e+03 7.904194e+04 4.081125e+03 2.270355e+04 -1.269209e+03 4.228222e+03 -3.146616e+04 -3.234984e+03 2.266341e+03 -9.005561e+04 -1.277701e+03 -3.572347e+03 -2.779184e+03 1.739170e+04 -2.818653e+03 -9.004934e+04 -2.413973e+04 2.115797e+03
-8.181818e-03 1.607659e+03 4.943952e+03 3.478428e+03 -2.043518e+04 -3.174797e+03 -1.095952e+05 -2.876307e+04 2.699470e+03 3.418007e+03 2.032913e+04 -1.289784e+03 3.390396e+03 2.886847e+04 2.633484e+03 -2.189442e+03 8.443092e+04 4.171060e+03 2.328909e+04 -1.434857e+03 4.440009e+03 -3.289940e+04 -3.287213e+03 2.358499e+03 -9.619704e+04 -1.443991e+03 -3.762248e+03 -2.840513e+03 1.783839e+04 -2.922740e+03 -9.619032e+04 -2.523927e+04 2.148355e+03
-7.979798e-03 1.815969e+03 5.206941e+03 3.558703e+03 -2.094624e+04 -3.299524e+03 -1.172501e+05 -3.010622e+04 2.744183e+03 3.494020e+03 2.083547e+04 -1.450959e+03 3.570162e+03 3.021618e+04 2.673721e+03 -2.275224e+03 9.032536e+04 4.265531e+03 2.387169e+04 -1.617762e+03 4.669737e+03 -3.443545e+04 -3.340858e+03 2.455792e+03 -1.029145e+05 -1.627603e+03 -3.968160e+03 -2.904927e+03 1.828254e+04 -3.032658e+03 -1.029073e+05 -2.641771e+04 2.181593e+03
-7.777778e-03 2.046448e+03 5.492939e+03 3.643281e+03 -2.144971e+04 -3.431284e+03 -1.256417e+05 -3.154876e+04 2.790149e+03 3.573912e+03 2.133388e+04 -1.629209e+03 3.765639e+03 3.166358e+04 2.714770e+03 -2.365856e+03 9.678692e+04 4.364954e+03 2.444564e+04 -1.820088e+03 4.919597e+03 -3.608512e+04 -3.395971e+03 2.558561e+03 -1.102784e+05 -1.830707e+03 -4.192033e+03 -2.972711e+03 1.871972e+04 -3.148798e+03 -1.102706e+05 -2.768334e+04 2.215515e+03
-7.575758e-03 2.301956e+03 5.804864e+03 3.732590e+03 -2.193922e+04 -3.570547e+03 -1.348625e+05 -3.310156e+04 2.837425e+03 3.658056e+03 2.181798e+04 -1.826733e+03 3.978818e+03 3.322158e+04 2.756629e+03 -2.461664e+03 1.038869e+05 4.469812e+03 2.500371e+04 -2.044335e+03 5.192148e+03 -3.786087e+04 -3.452610e+03 2.667170e+03 -1.183699e+05 -2.055815e+03 -4.436140e+03 -3.044193e+03 1.914433e+04 -3.271581e+03 -1.183616e+05 -2.904573e+04 2.250120e+03
-7.373737e-03 2.585811e+03 6.146144e+03 3.827127e+03 -2.240675e+04 -3.717812e+03 -1.450202e+05 -3.477729e+04 2.886077e+03 3.746882e+03 2.227968e+04 -2.046085e+03 4.212038e+03 3.490287e+04 2.799296e+03 -2.562996e+03 1.117083e+05 4.580668e+03 2.553673e+04 -2.293411e+03 5.490394e+03 -3.977713e+04 -3.510847e+03 2.782007e+03 -1.272836e+05 -2.305845e+03 -4.703150e+03 -3.119754e+03 1.954927e+04 -3.401455e+03 -1.272745e+05 -3.051596e+04 2.285413e+03
-7.171717e-03 2.901893e+03 6.520837e+03 3.927479e+03 -2.284211e+04 -3.873611e+03 -1.562407e+05 -3.659074e+04 2.936188e+03 3.840900e+03 2.270876e+04 -2.290249e+03 4.468067e+03 3.672229e+04 2.842773e+03 -2.670222e+03 1.203480e+05 4.698185e+03 2.603311e+04 -2.570712e+03 5.817891e+03 -4.185082e+04 -3.570767e+03 2.903480e+03 -1.371299e+05 -2.584206e+03 -4.996220e+03 -3.199845e+03 1.992559e+04 -3.538894e+03 -1.371201e+05 -3.210702e+04 2.321400e+03
-6.969697e-03 3.254762e+03 6.933779e+03 4.034343e+03 -2.323241e+04 -4.038503e+03 -1.686723e+05 -3.855939e+04 2.987860e+03 3.940714e+03 2.309229e+04 -2.562736e+03 4.750204e+03 3.869737e+04 2.887066e+03 -2.783733e+03 1.299201e+05 4.823150e+03 2.647816e+04 -2.880229e+03 6.178878e+03 -4.410193e+04 -3.632480e+03 3.032024e+03 -1.480388e+05 -2.894907e+03 -5.319115e+03 -3.285003e+03 2.026191e+04 -3.684407e+03 -1.480282e+05 -3.383426e+04 2.358092e+03
-6.767677e-03 3.649820e+03 7.390789e+03 4.148558e+03 -2.356128e+04 -4.213081e+03 -1.824906e+05 -4.070415e+04 3.041228e+03 4.047052e+03 2.341382e+04 -2.867701e+03 5.062416e+03 4.084904e+04 2.932192e+03 -2.903944e+03 1.405598e+05 4.956514e+03 2.685322e+04 -3.226692e+03 6.578458e+03 -4.655431e+04 -3.696129e+03 3.168093e+03 -1.601645e+05 -3.242695e+03 -5.676363e+03 -3.375872e+03 2.054382e+04 -3.838527e+03 -1.601530e+05 -3.571600e+04 2.395515e+03
-6.565657e-03 4.093514e+03 7.898939e+03 4.271148e+03 -2.380788e+04 -4.397962e+03 -1.979057e+05 -4.305023e+04 3.096468e+03 4.160801e+03 2.365244e+04 -3.210105e+03 5.409528e+03 4.320261e+04 2.978188e+03 -3.031290e+03 1.524289e+05 5.099431e+03 2.713454e+04 -3.615745e+03 7.022830e+03 -4.923680e+04 -3.761902e+03 3.312163e+03 -1.736915e+05 -3.633238e+03 -6.073464e+03 -3.473238e+03 2.075296e+04 -4.001819e+03 -1.736789e+05 -3.777439e+04 2.433707e+03
-6.363636e-03 4.593615e+03 8.466920e+03 4.403375e+03 -2.394552e+04 -4.593789e+03 -2.151716e+05 -4.562855e+04 3.153818e+03 4.283059e+03 2.378138e+04 -3.595930e+03 5.797466e+03 4.578905e+04 3.025120e+03 -3.166224e+03 1.657229e+05 5.253331e+03 2.729171e+04 -4.054191e+03 7.519616e+03 -5.218471e+04 -3.830058e+03 3.464725e+03 -1.888424e+05 -4.073367e+03 -6.517178e+03 -3.578073e+03 2.086584e+04 -4.174872e+03 -1.888286e+05 -4.003654e+04 2.472738e+03
-6.161616e-03 5.159595e+03 9.105549e+03 4.546825e+03 -2.393983e+04 -4.801219e+03 -2.345983e+05 -4.847755e+04 3.213606e+03 4.415204e+03 2.376615e+04 -4.032467e+03 6.233606e+03 4.864688e+04 3.073099e+03 -3.309217e+03 1.806806e+05 5.420007e+03 2.728556e+04 -4.550322e+03 8.078303e+03 -5.544195e+04 -3.900951e+03 3.626280e+03 -2.058895e+05 -4.571410e+03 -7.015916e+03 -3.691596e+03 2.085221e+04 -4.358296e+03 -2.058744e+05 -4.253619e+04 2.512719e+03
-5.959596e-03 5.803153e+03 9.828491e+03 4.703518e+03 -2.374616e+04 -5.020914e+03 -2.565702e+05 -5.164589e+04 3.276291e+03 4.558997e+03 2.356197e+04 -4.528718e+03 6.727266e+03 5.182488e+04 3.122313e+03 -3.460744e+03 1.975979e+05 5.601748e+03 2.706521e+04 -5.114380e+03 8.710874e+03 -5.906409e+04 -3.975087e+03 3.797328e+03 -2.251699e+05 -5.137653e+03 -7.580303e+03 -3.815365e+03 2.067275e+04 -4.552715e+03 -2.251533e+05 -4.531601e+04 2.553830e+03
-5.757576e-03 6.538961e+03 1.065330e+04 4.876086e+03 -2.330590e+04 -5.253523e+03 -2.815711e+05 -5.519638e+04 3.342524e+03 4.716734e+03 2.311006e+04 -5.095983e+03 7.290419e+03 5.538602e+04 3.173067e+03 -3.621282e+03 2.168472e+05 5.801536e+03 2.656387e+04 -5.759210e+03 9.432732e+03 -6.312290e+04 -4.053184e+03 3.978355e+03 -2.471081e+05 -5.785000e+03 -8.223988e+03 -3.951406e+03 2.027589e+04 -4.758758e+03 -2.470898e+05 -4.843114e+04 2.596355e+03
-5.555556e-03 7.385785e+03 1.160300e+04 5.068024e+03 -2.254109e+04 -5.499655e+03 -3.102219e+05 -5.921207e+04 3.413252e+03 4.891474e+03 2.233224e+04 -5.748708e+03 7.938756e+03 5.941349e+04 3.225849e+03 -3.791288e+03 2.389066e+05 6.023338e+03 2.569269e+04 -6.501242e+03 1.026406e+04 -6.771322e+04 -4.136294e+03 4.169803e+03 -2.722492e+05 -6.529953e+03 -8.964860e+03 -4.102418e+03 1.959303e+04 -4.977034e+03 -2.722288e+05 -5.195442e+04 2.640744e+03
-5.353535e-03 8.368178e+03 1.270847e+04 5.284106e+03 -2.134625e+04 -5.759830e+03 -3.433388e+05 -6.380568e+04 3.489875e+03 5.087399e+03 2.112270e+04 -6.505804e+03 8.693338e+03 6.402027e+04 3.281446e+03 -3.971177e+03 2.644046e+05 6.272574e+03 2.433146e+04 -7.361973e+03 1.123197e+04 -7.296378e+04 -4.225982e+03 4.372041e+03 -3.013092e+05 -7.394111e+03 -9.826927e+03 -4.272087e+03 1.853132e+04 -5.208109e+03 -3.012864e+05 -5.598478e+04 2.687711e+03
-5.151515e-03 9.519208e+03 1.401237e+04 5.531041e+03 -1.957550e+04 -6.034412e+03 -3.820262e+05 -6.913516e+04 3.574512e+03 5.310406e+03 1.933520e+04 -7.392741e+03 9.583255e+03 6.936464e+04 3.341129e+03 -4.161280e+03 2.941913e+05 6.556870e+03 2.231397e+04 -8.370353e+03 1.237388e+04 -7.905500e+04 -4.324626e+03 4.585291e+03 -3.352572e+05 -8.406564e+03 -1.084334e+04 -4.465604e+03 1.696243e+04 -5.452453e+03 -3.352315e+05 -6.066079e+04 2.738399e+03
-4.949495e-03 1.088502e+04 1.557572e+04 5.818615e+03 -1.702141e+04 -6.323483e+03 -4.278329e+05 -7.543043e+04 3.670472e+03 5.569109e+03 1.676166e+04 -8.445070e+03 1.065011e+04 7.567698e+04 3.406985e+03 -4.361773e+03 3.294594e+05 6.887362e+03 1.940379e+04 -9.566789e+03 1.374332e+04 -8.624944e+04 -4.435957e+03 4.809530e+03 -3.754524e+05 -9.607918e+03 -1.206153e+04 -4.690543e+03 1.470377e+04 -5.710363e+03 -3.754233e+05 -6.618419e+04 2.794672e+03
-4.747475e-03 1.253303e+04 1.748971e+04 6.161759e+03 -1.337766e+04 -6.626622e+03 -4.830330e+05 -8.304204e+04 3.783113e+03 5.876682e+03 1.309489e+04 -9.714736e+03 1.195610e+04 8.330856e+04 3.482540e+03 -4.572551e+03 3.719596e+05 7.281053e+03 1.525187e+04 -1.101031e+04 1.542032e+04 -9.494744e+04 -4.566033e+03 5.044294e+03 -4.238902e+05 -1.105750e+04 -1.355236e+04 -4.958475e+03 1.148579e+04 -5.981815e+03 -4.238569e+05 -7.286257e+04 2.859660e+03
-4.545455e-03 1.456772e+04 1.989869e+04 6.584606e+03 -8.168494e+03 -6.942476e+03 -5.511689e+05 -9.253697e+04 3.921563e+03 6.254450e+03 7.857687e+03 -1.128226e+04 1.359964e+04 9.282750e+04 3.573993e+03 -4.792988e+03 4.244196e+05 7.765448e+03 9.316030e+03 -1.279238e+04 1.753154e+04 -1.057965e+05 -4.725199e+03 5.288306e+03 -4.836792e+05 -1.284726e+04 -1.542800e+04 -5.288116e+03 6.889719e+03 -6.266189e+03 -4.836405e+05 -8.119340e+04 2.938845e+03
-4.343434e-03 1.716442e+04 2.304929e+04 7.129283e+03 -6.004780e+02 -7.267837e+03 -6.382161e+05 -1.049065e+05 4.102488e+03 6.739702e+03 2.541439e+02 -1.328280e+04 1.574894e+04 1.052271e+05 3.692959e+03 -5.021414e+03 4.914399e+05 8.388596e+03 6.920875e+02 -1.506656e+04 2.029339e+04 -1.199287e+05 -4.932385e+03 5.538666e+03 -5.600629e+05 -1.513157e+04 -1.788015e+04 -5.712166e+03 2.171528e+02 -6.561666e+03 -5.600171e+05 -9.204644e+04 3.042469e+03
-4.141414e-03 2.065251e+04 2.741169e+04 7.877839e+03 1.079551e+04 -7.595335e+03 -7.554513e+05 -1.220847e+05 4.359608e+03 7.405146e+03 -1.118968e+04 -1.597031e+04 1.872465e+04 1.224452e+05 3.863412e+03 -5.253813e+03 5.817031e+05 9.244123e+03 -1.229414e+04 -1.812125e+04 2.411845e+04 -1.395525e+05 -5.225948e+03 5.788839e+03 -6.629368e+05 -1.820042e+04 -2.127421e+04 -6.294348e+03 -9.825311e+03 -6.863742e+03 -6.628811e+05 -1.071187e+05 3.191623e+03
-3.939394e-03 2.576746e+04 3.404819e+04 9.019625e+03 2.923233e+04 -7.906291e+03 -9.281695e+05 -1.485413e+05 4.773306e+03 8.418725e+03 -2.969768e+04 -1.991190e+04 2.325135e+04 1.489606e+05 4.143380e+03 -5.479787e+03 7.146852e+05 1.054819e+04 -3.330397e+04 -2.260048e+04 2.993893e+04 -1.697726e+05 -5.697407e+03 6.022399e+03 -8.144979e+05 -2.270148e+04 -2.643589e+04 -7.181785e+03 -2.606671e+04 -7.160613e+03 -8.144269e+05 -1.303320e+05 3.437292e+03
-3.737374e-03 3.475293e+04 4.623024e+04 1.115029e+04 6.426366e+04 -8.138496e+03 -1.233868e+06 -1.983413e+05 5.603718e+03 1.030904e+04 -6.485810e+04 -2.683800e+04 3.156047e+04 1.988661e+05 4.722975e+03 -5.664300e+03 9.500560e+05 1.298091e+04 -7.322451e+04 -3.046895e+04 4.062560e+04 -2.266505e+05 -6.643115e+03 6.184819e+03 -1.082752e+06 -3.061084e+04 -3.590808e+04 -8.837423e+03 -5.692092e+04 -7.412319e+03 -1.082652e+06 -1.740272e+05 3.946372e+03
-3.535354e-03 6.437074e+04 8.863582e+04 1.887200e+04 1.851475e+05 -7.787919e+03 -2.254354e+06 -3.799224e+05 8.920311e+03 1.716138e+04 -1.861942e+05 -4.967832e+04 6.048607e+04 3.808162e+05 7.131707e+03 -5.520861e+03 1.735783e+06 2.179778e+04 -2.109799e+05 -5.640451e+04 7.783403e+04 -4.340202e+05 -1.042127e+04 5.834707e+03 -1.978250e+06 -5.669400e+04 -6.887429e+04 -1.483872e+04 -1.633964e+05 -7.291720e+03 -1.978047e+06 -3.333499e+05 6.061128e+03
-3.333333e-03 -7.643524e+05 -1.123269e+06 -2.041122e+05 -3.279845e+06 -3.187997e+04 2.642242e+07 4.901142e+06 -8.981026e+04 -1.807822e+05 3.291765e+06 5.895184e+05 -7.661773e+05 -4.910730e+06 -6.544986e+04 -1.918133e+04 -2.034388e+07 -2.328451e+05 3.737665e+06 6.692929e+05 -9.856340e+05 5.596779e+06 1.020925e+05 2.688634e+04 2.318604e+07 6.732481e+05 8.731729e+05 1.584952e+05 2.888563e+06 -2.293695e+04 2.318354e+07 4.300364e+06 -5.762856e+04
-3.131313e-03 -9.782084e+04 -1.480980e+05 -2.393152e+04 -5.129982e+05 -1.309409e+04 3.342319e+06 6.414833e+05 -9.680057e+03 -2.084145e+04 5.144459e+05 7.540722e+04 -1.009875e+05 -6.426046e+05 -6.456538e+03 -8.607130e+03 -2.573398e+06 -2.708745e+04 5.846107e+05 8.562366e+04 -1.299119e+05 7.323776e+05 1.078058e+04 1.038842e+04 2.932946e+06 8.614956e+04 1.151298e+05 1.843583e+04 4.514284e+05 -1.090913e+04 2.932587e+06 5.628520e+05 -5.858718e+03
-2.929293e-03 -2.425288e+05 -3.481991e+05 -5.494885e+04 -1.229080e+06 -1.568930e+04 8.201654e+06 1.400497e+06 -2.034701e+04 -4.836893e+04 1.232439e+06 1.869003e+05 -2.374188e+05 -1.403092e+06 -1.348872e+04 -9.997328e+03 -6.314728e+06 -6.251127e+04 1.400663e+06 2.123453e+05 -3.055031e+05 1.599114e+06 2.294103e+04 1.261153e+04 7.196983e+06 2.134674e+05 2.706043e+05 4.253872e+04 1.081463e+06 -1.254626e+04 7.196239e+06 1.228821e+06 -1.202611e+04
-2.727273e-03 5.759562e+04 6.975643e+04 1.220802e+04 2.043951e+05 -1.106176e+04 -1.930402e+06 -2.218871e+05 4.099352e+03 1.121539e+04 -2.051191e+05 -4.437836e+04 4.757446e+04 2.224874e+05 3.065114e+03 -7.664841e+03 1.486280e+06 1.417330e+04 -2.329239e+05 -5.047183e+04 6.124948e+04 -2.535758e+05 -4.912555e+03 8.507822e+03 -1.693908e+06 -5.064162e+04 -5.417776e+04 -9.642976e+03 -1.799958e+05 -9.934168e+03 -1.693786e+06 -1.946837e+05 2.504117e+03
-2.525253e-03 -6.488368e+03 -1.899486e+04 -1.129286e+03 -1.264926e+05 -1.242656e+04 2.142467e+05 1.060583e+05 -2.829006e+02 -6.284563e+02 1.265927e+05 4.990077e+03 -1.293229e+04 -1.060900e+05 2.380118e+02 -8.432780e+03 -1.649489e+05 -1.063626e+03 1.441571e+05 5.647450e+03 -1.663360e+04 1.209079e+05 8.833802e+01 9.649988e+03 1.880183e+05 5.733367e+03 1.477198e+04 7.237133e+02 1.110805e+05 -1.086421e+04 1.879591e+05 9.306038e+04 2.862583e+01
-2.323232e-03 4.578604e+04 5.195242e+04 8.273551e+03 1.738991e+05 -1.253688e+04 -1.508413e+06 -1.166701e+05 2.066760e+03 7.697841e+03 -1.743967e+05 -3.525748e+04 3.542040e+04 1.170807e+05 1.467723e+03 -8.618167e+03 1.161354e+06 9.665765e+03 -1.981748e+05 -4.012874e+04 4.561765e+04 -1.334435e+05 -2.580990e+03 9.692346e+03 -1.323592e+06 -4.022762e+04 -4.033568e+04 -6.573845e+03 -1.530337e+05 -1.113026e+04 -1.323521e+06 -1.023640e+05 1.114142e+03
-2.121212e-03 -6.113640e+05 -8.540342e+05 -1.006929e+05 -4.029277e+06 -1.651288e+04 1.997400e+07 2.472892e+06 -1.995393e+04 -8.893866e+04 4.035877e+06 4.705660e+05 -5.818819e+05 -2.477448e+06 -7.739449e+03 -1.008293e+04 -1.537793e+07 -1.147736e+05 4.591944e+06 5.353566e+05 -7.493607e+05 2.823588e+06 2.252479e+04 1.311923e+04 1.752654e+07 5.373751e+05 6.631642e+05 7.804595e+04 3.541347e+06 -1.285800e+04 1.752536e+07 2.169743e+06 -6.957109e+03
-1.919192e-03 -1.705678e+05 -2.516074e+05 -2.596599e+04 -1.312534e+06 -1.446414e+04 5.534577e+06 6.897570e+05 -3.788220e+03 -2.269297e+04 1.314275e+06 1.312492e+05 -1.713823e+05 -6.908767e+05 -3.890333e+02 -9.548263e+03 -4.261058e+06 -2.945372e+04 1.495821e+06 1.493409e+05 -2.207556e+05 7.874011e+05 4.113482e+03 1.126994e+04 4.856434e+06 1.499049e+05 1.953364e+05 2.002405e+04 1.153233e+06 -1.230271e+04 4.856063e+06 6.052025e+05 -4.982317e+02
-1.717172e-03 7.643201e+04 9.914266e+04 1.090252e+04 4.936741e+05 -1.431095e+04 -2.466254e+06 -1.466774e+05 1.049875e+03 9.966342e+03 -4.943655e+05 -5.880721e+04 6.753071e+04 1.471716e+05 7.780758e+01 -9.842830e+03 1.898765e+06 1.263341e+04 -5.626087e+05 -6.696195e+04 8.701269e+04 -1.677401e+05 -1.386433e+03 1.108127e+04 -2.164045e+06 -6.712368e+04 -7.694273e+04 -8.586819e+03 -4.337925e+05 -1.269370e+04 -2.163928e+06 -1.286916e+05 -7.798256e+01
-1.515152e-03 5.019335e+03 -4.941527e+03 7.149285e+02 -6.901207e+04 -1.493837e+04 -1.617195e+05 8.387888e+04 5.075844e+01 9.120257e+02 6.899714e+04 -3.865109e+03 -3.355708e+03 -8.381650e+04 2.550624e+02 -1.016288e+04 1.245090e+05 9.849450e+02 7.865172e+04 -4.421474e+03 -4.321726e+03 9.552194e+04 -2.320114e+02 1.157777e+04 -1.418881e+05 -4.387354e+03 3.838586e+03 -6.693528e+02 6.054080e+04 -1.311221e+04 -1.419114e+05 7.360030e+04 8.970894e+01
-1.313131e-03 7.164878e+05 1.172614e+06 8.878323e+04 7.238428e+06 -1.554837e+04 -2.288234e+07 -1.610669e+06 -1.325899e+03 7.889957e+04 -7.244393e+06 -5.510224e+05 7.982284e+05 1.613982e+06 -1.157772e+04 -1.136918e+04 1.761709e+07 1.015333e+05 -8.249177e+06 -6.274732e+05 1.028947e+06 -1.839501e+06 1.354688e+03 1.206163e+04 -2.007861e+07 -6.291914e+05 -9.096798e+05 -6.897858e+04 -6.356757e+06 -1.454012e+04 -2.007710e+07 -1.413205e+06 -1.027951e+04
-1.111111e-03 -1.992256e+04 -5.019352e+04 -2.294505e+03 -3.630496e+05 -1.584515e+04 6.331415e+05 1.458642e+05 1.599282e+02 -1.813642e+03 3.632482e+05 1.531635e+04 -3.415452e+04 -1.459016e+05 6.583037e+02 -1.075464e+04 -4.874425e+05 -2.487846e+03 4.137545e+05 1.742674e+04 -4.403511e+04 1.662816e+05 -3.187770e+02 1.227501e+04 5.555645e+05 1.751010e+04 3.893196e+04 1.689733e+03 3.187328e+05 -1.388498e+04 5.555072e+05 1.279867e+05 4.725246e+02
-9.090909e-04 -1.271608e+04 -4.102603e+04 -1.385992e+03 -3.131170e+05 -1.623843e+04 4.026826e+05 1.300013e+05 1.642162e+02 -1.043508e+03 3.132575e+05 9.774287e+03 -2.791153e+04 -1.300009e+05 5.190460e+02 -1.103111e+04 -3.100154e+05 -1.471452e+03 3.568490e+05 1.111896e+04 -3.599383e+04 1.481591e+05 -3.019201e+02 1.257798e+04 3.533444e+05 1.117839e+04 3.181428e+04 9.991594e+02 2.748676e+05 -1.424220e+04 3.533035e+05 1.140686e+05 3.670733e+02
-7.070707e-04 -3.471077e+04 -1.051877e+05 -3.666581e+03 -7.866490e+05 -1.655079e+04 1.097062e+06 1.563516e+05 5.695748e+02 -3.099836e+03 7.869943e+05 2.668315e+04 -7.155630e+04 -1.563943e+05 1.156703e+03 -1.123287e+04 -8.446006e+05 -4.098332e+03 8.965194e+05 3.038433e+04 -9.229470e+04 1.782404e+05 -7.404159e+02 1.281643e+04 9.626233e+05 3.048270e+04 8.155253e+04 2.782553e+03 6.905464e+05 -1.450775e+04 9.625567e+05 1.371885e+05 9.446604e+02
-5.050505e-04 9.999379e+03 2.090803e+04 1.036754e+03 1.349049e+05 -1.684812e+04 -3.157328e+05 1.050158e+05 -1.913062e+02 1.023947e+03 -1.349740e+05 -7.688267e+03 1.422107e+04 -1.049565e+05 -2.046407e+02 -1.145966e+04 2.430759e+05 1.248144e+03 -1.537464e+05 -8.766846e+03 1.834592e+04 1.196152e+05 1.516826e+02 1.304925e+04 -2.770334e+05 -8.769063e+03 -1.620711e+04 -8.473888e+02 -1.184330e+05 -1.479433e+04 -2.770316e+05 9.214638e+04 -2.306409e+02
-3.030303e-04 -1.019606e+04 -7.346280e+04 -1.015756e+03 -5.825673e+05 -1.701532e+04 3.211447e+05 1.212909e+05 2.168172e+02 -8.345085e+02 5.827617e+05 7.836774e+03 -4.996412e+04 -1.212588e+05 4.045146e+02 -1.156668e+04 -2.472401e+05 -1.120830e+03 6.639355e+05 8.923206e+03 -6.446074e+04 1.381953e+05 -2.873754e+02 1.317668e+04 2.817905e+05 8.954700e+03 5.694157e+04 7.607742e+02 5.113417e+05 -1.493557e+04 2.817690e+05 1.064262e+05 3.239309e+02
-1.010101e-04 -7.077021e+02 -2.686906e+04 -6.808468e+01 -2.265766e+05 -1.711163e+04 2.223969e+04 1.166254e+05 1.583604e+01 -3.862482e+01 2.266441e+05 5.437027e+02 -1.827480e+04 -1.165827e+05 4.633555e+01 -1.163468e+04 -1.712156e+04 -6.465370e+01 2.582230e+05 6.177565e+02 -2.357792e+04 1.328658e+05 -3.155282e+01 1.325133e+04 1.951530e+04 6.228786e+02 2.082550e+04 4.386962e+01 1.988678e+05 -1.502294e+04 1.951178e+04 1.023327e+05 3.025917e+01
1.010101e-04 7.077021e+02 -2.686906e+04 6.808468e+01 -2.265766e+05 -1.711163e+04 -2.223969e+04 1.166254e+05 -1.583604e+01 3.862482e+01 2.266441e+05 -5.437027e+02 -1.827480e+04 -1.165827e+05 -4.633555e+01 -1.163468e+04 1.712156e+04 6.465370e+01 2.582230e+05 -6.177565e+02 -2.357792e+04 1.328658e+05 3.155282e+01 1.325133e+04 -1.951530e+04 -6.228786e+02 2.082550e+04 -4.386962e+01 1.988678e+05 -1.502294e+04 -1.951178e+04 1.023327e+05 -3.025917e+01
3.030303e-04 1.019606e+04 -7.346280e+04 1.015756e+03 -5.825673e+05 -1.701532e+04 -3.211447e+05 1.212909e+05 -2.168172e+02 8.345085e+02 5.827617e+05 -7.836774e+03 -4.996412e+04 -1.212588e+05 -4.045146e+02 -1.156668e+04 2.472401e+05 1.120830e+03 6.639355e+05 -8.923206e+03 -6.446074e+04 1.381953e+05 2.873754e+02 1.317668e+04 -2.817905e+05 -8.954700e+03 5.694157e+04 -7.607742e+02 5.113417e+05 -1.493557e+04 -2.817690e+05 1.064262e+05 -3.239309e+02
5.050505e-04 -9.999379e+03 2.090803e+04 -1.036754e+03 1.349049e+05 -1.684812e+04 3.157328e+05 1.050158e+05 1.913062e+02 -1.023947e+03 -1.349740e+05 7.688267e+03 1.422107e+04 -1.049565e+05 2.046407e+02 -1.145966e+04 -2.430759e+05 -1.248144e+03 -1.537464e+05 8.766846e+03 1.834592e+04 1.196152e+05 -1.516826e+02 1.304925e+04 2.770334e+05 8.769063e+03 -1.620711e+04 8.473888e+02 -1.184330e+05 -1.479433e+04 2.770316e+05 9.214638e+04 2.306409e+02
7.070707e-04 3.471077e+04 -1.051877e+05 3.666581e+03 -7.866490e+05 -1.655079e+04 -1.097062e+06 1.563516e+05 -5.695748e+02 3.099836e+03 7.869943e+05 -2.668315e+04 -7.155630e+04 -1.563943e+05 -1.156703e+03 -1.123287e+04 8.446006e+05 4.098332e+03 8.965194e+05 -3.038433e+04 -9.229470e+04 1.782404e+05 7.404159e+02 1.281643e+04 -9.626233e+05 -3.048270e+04 8.155253e+04 -2.782553e+03 6.905464e+05 -1.450775e+04 -9.625567e+05 1.371885e+05 -9.446604e+02
9.090909e-04 1.271608e+04 -4.102603e+04 1.385992e+03 -3.131170e+05 -1.623843e+04 -4.026826e+05 1.300013e+05 -1.642162e+02 1.043508e+03 3.132575e+05 -9.774287e+03 -2.791153e+04 -1.300009e+05 -5.190460e+02 -1.103111e+04 3.100154e+05 1.471452e+03 3.568490e+05 -1.111896e+04 -3.599383e+04 1.481591e+05 3.019201e+02 1.257798e+04 -3.533444e+05 -1.117839e+04 3.181428e+04 -9.991594e+02 2.748676e+05 -1.424220e+04 -3.533035e+05 1.140686e+05 -3.670733e+02
1.111111e-03 1.992256e+04 -5.019352e+04 2.294505e+03 -3.630496e+05 -1.584515e+04 -6.331415e+05 1.458642e+05 -1.599282e+02 1.813642e+03 3.632482e+05 -1.531635e+04 -3.415452e+04 -1.459016e+05 -6.583037e+02 -1.075464e+04 4.874425e+05 2.487846e+03 4.137545e+05 -1.742674e+04 -4.403511e+04 1.662816e+05 3.187770e+02 1.227501e+04 -5.555645e+05 -1.751010e+04 3.893196e+04 -1.689733e+03 3.187328e+05 -1.388498e+04 -5.555072e+05 1.279867e+05 -4.725246e+02
1.313131e-03 -7.164878e+05 1.172614e+06 -8.878323e+04 7.238428e+06 -1.554837e+04 2.288234e+07 -1.610669e+06 1.325899e+03 -7.889957e+04 -7.244393e+06 5.510224e+05 7.982284e+05 1.613982e+06 1.157772e+04 -1.136918e+04 -1.761709e+07 -1.015333e+05 -8.249177e+06 6.274732e+05 1.028947e+06 -1.839501e+06 -1.354688e+03 1.206163e+04 2.007861e+07 6.291914e+05 -9.096798e+05 6.897858e+04 -6.356757e+06 -1.454012e+04 2.007710e+07 -1.413205e+06 1.027951e+04
1.515152e-03 -5.019335e+03 -4.941527e+03 -7.149285e+02 -6.901207e+04 -1.493837e+04 1.617195e+05 8.387888e+04 -5.075844e+01 -9.120257e+02 6.899714e+04 3.865109e+03 -3.355708e+03 -8.381650e+04 -2.550624e+02 -1.016288e+04 -1.245090e+05 -9.849450e+02 7.865172e+04 4.421474e+03 -4.321726e+03 9.552194e+04 2.320114e+02 1.157777e+04 1.418881e+05 4.387354e+03 3.838586e+03 6.693528e+02 6.054080e+04 -1.311221e+04 1.419114e+05 7.360030e+04 -8.970894e+01
1.717172e-03 -7.643201e+04 9.914265e+04 -1.090252e+04 4.936741e+05 -1.431095e+04 2.466254e+06 -1.466774e+05 -1.049875e+03 -9.966342e+03 -4.943655e+05 5.880721e+04 6.753071e+04 1.471716e+05 -7.780758e+01 -9.842830e+03 -1.898765e+06 -1.263341e+04 -5.626087e+05 6.696195e+04 8.701269e+04 -1.677401e+05 1.386433e+03 1.108127e+04 2.164045e+06 6.712368e+04 -7.694273e+04 8.586818e+03 -4.337925e+05 -1.269370e+04 2.163928e+06 -1.286916e+05 7.798255e+01
1.919192e-03 1.705678e+05 -2.516074e+05 2.596599e+04 -1.312534e+06 -1.446414e+04 -5.534577e+06 6.897570e+05 3.788220e+03 2.269297e+04 1.314275e+06 -1.312492e+05 -1.713823e+05 -6.908767e+05 3.890333e+02 -9.548263e+03 4.261058e+06 2.945372e+04 1.495821e+06 -1.493409e+05 -2.207556e+05 7.874011e+05 -4.113482e+03 1.126994e+04 -4.856434e+06 -1.499049e+05 1.953364e+05 -2.002405e+04 1.153233e+06 -1.230271e+04 -4.856063e+06 6.052025e+05 4.982317e+02
2.121212e-03 6.113640e+05 -8.540342e+05 1.006929e+05 -4.029277e+06 -1.651288e+04 -1.997400e+07 2.472892e+06 1.995393e+04 8.893866e+04 4.035877e+06 -4.705660e+05 -5.818819e+05 -2.477448e+06 7.739449e+03 -1.008293e+04 1.537793e+07 1.147736e+05 4.591944e+06 -5.353566e+05 -7.493607e+05 2.823588e+06 -2.252479e+04 1.311923e+04 -1.752654e+07 -5.373751e+05 6.631642e+05 -7.804595e+04 3.541347e+06 -1.285800e+04 -1.752536e+07 2.169743e+06 6.957109e+03
2.323232e-03 -4.578604e+04 5.195242e+04 -8.273551e+03 1.738991e+05 -1.253688e+04 1.508413e+06 -1.166701e+05 -2.066760e+03 -7.697841e+03 -1.743967e+05 3.525748e+04 3.542040e+04 1.170807e+05 -1.467723e+03 -8.618167e+03 -1.161354e+06 -9.665765e+03 -1.981748e+05 4.012874e+04 4.561765e+04 -1.334435e+05 2.580990e+03 9.692346e+03 1.323592e+06 4.022762e+04 -4.033568e+04 6.573845e+03 -1.530337e+05 -1.113026e+04 1.323521e+06 -1.023640e+05 -1.114142e+03
2.525253e-03 6.488368e+03 -1.899486e+04 1.129286e+03 -1.264926e+05 -1.242656e+04 -2.142467e+05 1.060583e+05 2.829006e+02 6.284563e+02 1.265927e+05 -4.990077e+03 -1.293229e+04 -1.060900e+05 -2.380118e+02 -8.432780e+03 1.649489e+05 1.063626e+03 1.441571e+05 -5.647450e+03 -1.663360e+04 1.209079e+05 -8.833802e+01 9.649988e+03 -1.880183e+05 -5.733367e+03 1.477198e+04 -7.237133e+02 1.110805e+05 -1.086421e+04 -1.879591e+05 9.306038e+04 -2.862583e+01
2.727273e-03 -5.759562e+04 6.975643e+04 -1.220802e+04 2.043951e+05 -1.106176e+04 1.930402e+06 -2.218871e+05 -4.099352e+03 -1.121539e+04 -2.051191e+05 4.437836e+04 4.757446e+04 2.224874e+05 -3.065114e+03 -7.664841e+03 -1.486280e+06 -1.417330e+04 -2.329239e+05 5.047183e+04 6.124948e+04 -2.535758e+05 4.912555e+03 8.507822e+03 1.693908e+06 5.064162e+04 -5.417776e+04 9.642976e+03 -1.799958e+05 -9.934168e+03 1.693786e+06 -1.946837e+05 -2.504117e+03
2.929293e-03 2.425288e+05 -3.481991e+05 5.494885e+04 -1.229080e+06 -1.568930e+04 -8.201654e+06 1.400497e+06 2.034701e+04 4.836893e+04 1.232439e+06 -1.869003e+05 -2.374188e+05 -1.403092e+06 1.348872e+04 -9.997328e+03 6.314728e+06 6.251127e+04 1.400663e+06 -2.123453e+05 -3.055031e+05 1.599114e+06 -2.294103e+04 1.261153e+04 -7.196983e+06 -2.134674e+05 2.706043e+05 -4.253872e+04 1.081463e+06 -1.254626e+04 -7.196239e+06 1.228821e+06 1.202611e+04
3.131313e-03 9.782085e+04 -1.480980e+05 2.393152e+04 -5.129982e+05 -1.309409e+04 -3.342319e+06 6.414833e+05 9.680057e+03 2.084145e+04 5.144459e+05 -7.540722e+04 -1.009875e+05 -6.426046e+05 6.456538e+03 -8.607130e+03 2.573398e+06 2.708745e+04 5.846107e+05 -8.562366e+04 -1.299119e+05 7.323776e+05 -1.078058e+04 1.038842e+04 -2.932946e+06 -8.614956e+04 1.151298e+05 -1.843583e+04 4.514284e+05 -1.090913e+04 -2.932587e+06 5.628520e+05 5.858718e+03
3.333333e-03 7.643525e+05 -1.123269e+06 2.041123e+05 -3.279846e+06 -3.187997e+04 -2.642242e+07 4.901143e+06 8.981027e+04 1.807822e+05 3.291765e+06 -5.895185e+05 -7.661773e+05 -4.910730e+06 6.544986e+04 -1.918133e+04 2.034388e+07 2.328451e+05 3.737665e+06 -6.692930e+05 -9.856341e+05 5.596779e+06 -1.020925e+05 2.688634e+04 -2.318604e+07 -6.732482e+05 8.731730e+05 -1.584952e+05 2.888563e+06 -2.293695e+04 -2.318354e+07 4.300365e+06 5.762857e+04
3.535354e-03 -6.437074e+04 8.863582e+04 -1.887200e+04 1.851475e+05 -7.787919e+03 2.254354e+06 -3.799224e+05 -8.920311e+03 -1.716138e+04 -1.861942e+05 4.967832e+04 6.048607e+04 3.808162e+05 -7.131707e+03 -5.520861e+03 -1.735783e+06 -2.179778e+04 -2.109799e+05 5.640451e+04 7.783403e+04 -4.340202e+05 1.042127e+04 5.834707e+03 1.978250e+06 5.669400e+04 -6.887429e+04 1.483872e+04 -1.633964e+05 -7.291720e+03 1.978047e+06 -3.333499e+05 -6.061128e+03
3.737374e-03 -3.475293e+04 4.623024e+04 -1.115029e+04 6.426366e+04 -8.138496e+03 1.233868e+06 -1.983413e+05 -5.603718e+03 -1.030904e+04 -6.485810e+04 2.683800e+04 3.156047e+04 1.988661e+05 -4.722975e+03 -5.664300e+03 -9.500560e+05 -1.298091e+04 -7.322451e+04 3.046895e+04 4.062560e+04 -2.266505e+05 6.643115e+03 6.184819e+03 1.082752e+06 3.061084e+04 -3.590808e+04 8.837423e+03 -5.692092e+04 -7.412319e+03 1.082652e+06 -1.740272e+05 -3.946372e+03
3.939394e-03 -2.576746e+04 3.404819e+04 -9.019625e+03 2.923233e+04 -7.906291e+03 9.281695e+05 -1.485413e+05 -4.773306e+03 -8.418725e+03 -2.969768e+04 1.991190e+04 2.325135e+04 1.489606e+05 -4.143380e+03 -5.479787e+03 -7.146852e+05 -1.054819e+04 -3.330397e+04 2.260048e+04 2.993893e+04 -1.697726e+05 5.697407e+03 6.022399e+03 8.144979e+05 2.270148e+04 -2.643589e+04 7.181785e+03 -2.606671e+04 -7.160613e+03 8.144269e+05 -1.303320e+05 -3.437292e+03
4.141414e-03 -2.065251e+04 2.741169e+04 -7.877839e+03 1.079551e+04 -7.595335e+03 7.554513e+05 -1.220847e+05 -4.359608e+03 -7.405146e+03 -1.118968e+04 1.597031e+04 1.872465e+04 1.224452e+05 -3.863412e+03 -5.253813e+03 -5.817031e+05 -9.244123e+03 -1.229414e+04 1.812125e+04 2.411845e+04 -1.395525e+05 5.225948e+03 5.788839e+03 6.629368e+05 1.820042e+04 -2.127421e+04 6.294348e+03 -9.825311e+03 -6.863742e+03 6.628811e+05 -1.071187e+05 -3.191623e+03
4.343434e-03 -1.716442e+04 2.304929e+04 -7.129283e+03 -6.004780e+02 -7.267837e+03 6.382161e+05 -1.049065e+05 -4.102488e+03 -6.739702e+03 2.541439e+02 1.328280e+04 1.574894e+04 1.052271e+05 -3.692959e+03 -5.021414e+03 -4.914399e+05 -8.388596e+03 6.920875e+02 1.506656e+04 2.029339e+04 -1.199287e+05 4.932385e+03 5.538666e+03 5.600629e+05 1.513157e+04 -1.788015e+04 5.712166e+03 2.171528e+02 -6.561666e+03 5.600171e+05 -9.204644e+04 -3.042469e+03
4.545455e-03 -1.456772e+04 1.989869e+04 -6.584606e+03 -8.168494e+03 -6.942476e+03 5.511689e+05 -9.253697e+04 -3.921563e+03 -6.254450e+03 7.857687e+03 1.128226e+04 1.359964e+04 9.282750e+04 -3.573993e+03 -4.792988e+03 -4.244196e+05 -7.765448e+03 9.316030e+03 1.279238e+04 1.753154e+04 -1.057965e+05 4.725199e+03 5.288306e+03 4.836792e+05 1.284726e+04 -1.542800e+04 5.288116e+03 6.889719e+03 -6.266189e+03 4.836405e+05 -8.119340e+04 -2.938845e+03
4.747475e-03 -1.253303e+04 1.748971e+04 -6.161759e+03 -1.337766e+04 -6.626622e+03 4.830330e+05 -8.304204e+04 -3.783113e+03 -5.876682e+03 1.309489e+04 9.714736e+03 1.195610e+04 8.330856e+04 -3.482540e+03 -4.572551e+03 -3.719596e+05 -7.281053e+03 1.525187e+04 1.101031e+04 1.542032e+04 -9.494744e+04 4.566033e+03 5.044294e+03 4.238902e+05 1.105750e+04 -1.355236e+04 4.958475e+03 1.148579e+04 -5.981815e+03 4.238569e+05 -7.286257e+04 -2.859660e+03
4.949495e-03 -1.088502e+04 1.557572e+04 -5.818615e+03 -1.702141e+04 -6.323483e+03 4.278329e+05 -7.543043e+04 -3.670472e+03 -5.569109e+03 1.676166e+04 8.445070e+03 1.065011e+04 7.567698e+04 -3.406985e+03 -4.361773e+03 -3.294594e+05 -6.887362e+03 1.940379e+04 9.566789e+03 1.374332e+04 -8.624944e+04 4.435957e+03 4.809530e+03 3.754524e+05 9.607918e+03 -1.206153e+04 4.690543e+03 1.470377e+04 -5.710363e+03 3.754233e+05 -6.618419e+04 -2.794672e+03
5.151515e-03 -9.519208e+03 1.401237e+04 -5.531041e+03 -1.957550e+04 -6.034412e+03 3.820262e+05 -6.913516e+04 -3.574512e+03 -5.310406e+03 1.933520e+04 7.392741e+03 9.583255e+03 6.936464e+04 -3.341129e+03 -4.161280e+03 -2.941913e+05 -6.556870e+03 2.231397e+04 8.370353e+03 1.237388e+04 -7.905500e+04 4.324626e+03 4.585291e+03 3.352572e+05 8.406564e+03 -1.084334e+04 4.465604e+03 1.696243e+04 -5.452453e+03 3.352315e+05 -6.066079e+04 -2.738399e+03
5.353535e-03 -8.368178e+03 1.270847e+04 -5.284106e+03 -2.134625e+04 -5.759830e+03 3.433388e+05 -6.380568e+04 -3.489875e+03 -5.087399e+03 2.112270e+04 6.505804e+03 8.693338e+03 6.402027e+04 -3.281446e+03 -3.971177e+03 -2.644046e+05 -6.272574e+03 2.433146e+04 7.361973e+03 1.123197e+04 -7.296378e+04 4.225982e+03 4.372041e+03 3.013092e+05 7.394111e+03 -9.826927e+03 4.272087e+03 1.853132e+04 -5.208109e+03 3.012864e+05 -5.598478e+04 -2.687711e+03
5.555556e-03 -7.385785e+03 1.160300e+04 -5.068024e+03 -2.254109e+04 -5.499655e+03 3.102219e+05 -5.921207e+04 -3.413252e+03 -4.891474e+03 2.233224e+04 5.748708e+03 7.938756e+03 5.941349e+04 -3.225849e+03 -3.791288e+03 -2.389066e+05 -6.023338e+03 2.569269e+04 6.501242e+03 1.026406e+04 -6.771322e+04 4.136294e+03 4.169803e+03 2.722492e+05 6.529953e+03 -8.964860e+03 4.102418e+03 1.959303e+04 -4.977034e+03 2.722288e+05 -5.195442e+04 -2.640744e+03
5.757576e-03 -6.538961e+03 1.065330e+04 -4.876086e+03 -2.330590e+04 -5.253523e+03 2.815711e+05 -5.519638e+04 -3.342524e+03 -4.716734e+03 2.311006e+04 5.095983e+03 7.290419e+03 5.538602e+04 -3.173067e+03 -3.621282e+03 -2.168472e+05 -5.801536e+03 2.656387e+04 5.759210e+03 9.432732e+03 -6.312290e+04 4.053184e+03 3.978355e+03 2.471081e+05 5.785000e+03 -8.223988e+03 3.951406e+03 2.027589e+04 -4.758758e+03 2.470898e+05 -4.843114e+04 -2.596355e+03
5.959596e-03 -5.803153e+03 9.828491e+03 -4.703518e+03 -2.374616e+04 -5.020914e+03 2.565702e+05 -5.164589e+04 -3.276291e+03 -4.558997e+03 2.356197e+04 4.528718e+03 6.727266e+03 5.182488e+04 -3.122313e+03 -3.460744e+03 -1.975979e+05 -5.601748e+03 2.706521e+04 5.114380e+03 8.710874e+03 -5.906409e+04 3.975087e+03 3.797328e+03 2.251699e+05 5.137653e+03 -7.580303e+03 3.815365e+03 2.067275e+04 -4.552715e+03 2.251533e+05 -4.531601e+04 -2.553830e+03
6.161616e-03 -5.159595e+03 9.105549e+03 -4.546825e+03 -2.393983e+04 -4.801219e+03 2.345983e+05 -4.847755e+04 -3.213606e+03 -4.415204e+03 2.376615e+04 4.032467e+03 6.233606e+03 4.864688e+04 -3.073099e+03 -3.309217e+03 -1.806806e+05 -5.420007e+03 2.728556e+04 4.550322e+03 8.078303e+03 -5.544195e+04 3.900951e+03 3.626280e+03 2.058895e+05 4.571410e+03 -7.015916e+03 3.691596e+03 2.085221e+04 -4.358296e+03 2.058744e+05 -4.253619e+04 -2.512719e+03
6.363636e-03 -4.593615e+03 8.466920e+03 -4.403375e+03 -2.394552e+04 -4.593789e+03 2.151716e+05 -4.562855e+04 -3.153818e+03 -4.283059e+03 2.378138e+04 3.595930e+03 5.797466e+03 4.578905e+04 -3.025120e+03 -3.166224e+03 -1.657229e+05 -5.253331e+03 2.729171e+04 4.054191e+03 7.519616e+03 -5.218471e+04 3.830058e+03 3.464725e+03 1.888424e+05 4.073367e+03 -6.517178e+03 3.578073e+03 2.086584e+04 -4.174872e+03 1.888286e+05 -4.003654e+04 -2.472738e+03
6.565657e-03 -4.093514e+03 7.898939e+03 -4.271148e+03 -2.380788e+04 -4.397962e+03 1.979057e+05 -4.305023e+04 -3.096468e+03 -4.160801e+03 2.365244e+04 3.210105e+03 5.409528e+03 4.320261e+04 -2.978188e+03 -3.031290e+03 -1.524289e+05 -5.099431e+03 2.713454e+04 3.615745e+03 7.022830e+03 -4.923680e+04 3.761902e+03 3.312163e+03 1.736915e+05 3.633238e+03 -6.073464e+03 3.473238e+03 2.075296e+04 -4.001819e+03 1.736789e+05 -3.777439e+04 -2.433707e+03
6.767677e-03 -3.649820e+03 7.390789e+03 -4.148558e+03 -2.356128e+04 -4.213081e+03 1.824906e+05 -4.070415e+04 -3.041228e+03 -4.047052e+03 2.341382e+04 2.867701e+03 5.062416e+03 4.084904e+04 -2.932192e+03 -2.903944e+03 -1.405598e+05 -4.956514e+03 2.685322e+04 3.226692e+03 6.578458e+03 -4.655431e+04 3.696129e+03 3.168093e+03 1.601645e+05 3.242695e+03 -5.676363e+03 3.375872e+03 2.054382e+04 -3.838527e+03 1.601530e+05 -3.571600e+04 -2.395515e+03
6.969697e-03 -3.254762e+03 6.933779e+03 -4.034343e+03 -2.323241e+04 -4.038503e+03 1.686723e+05 -3.855939e+04 -2.987860e+03 -3.940714e+03 2.309229e+04 2.562736e+03 4.750204e+03 3.869737e+04 -2.887066e+03 -2.783733e+03 -1.299201e+05 -4.823150e+03 2.647816e+04 2.880229e+03 6.178878e+03 -4.410193e+04 3.632480e+03 3.032024e+03 1.480388e+05 2.894907e+03 -5.319115e+03 3.285003e+03 2.026191e+04 -3.684407e+03 1.480282e+05 -3.383426e+04 -2.358092e+03
7.171717e-03 -2.901893e+03 6.520837e+03 -3.927479e+03 -2.284211e+04 -3.873611e+03 1.562407e+05 -3.659074e+04 -2.936188e+03 -3.840900e+03 2.270876e+04 2.290249e+03 4.468067e+03 3.672229e+04 -2.842773e+03 -2.670222e+03 -1.203480e+05 -4.698185e+03 2.603311e+04 2.570712e+03 5.817891e+03 -4.185082e+04 3.570767e+03 2.903480e+03 1.371299e+05 2.584206e+03 -4.996220e+03 3.199845e+03 1.992559e+04 -3.538894e+03 1.371201e+05 -3.210702e+04 -2.321400e+03
7.373737e-03 -2.585811e+03 6.146144e+03 -3.827127e+03 -2.240675e+04 -3.717812e+03 1.450202e+05 -3.477729e+04 -2.886077e+03 -3.746882e+03 2.227968e+04 2.046085e+03 4.212038e+03 3.490287e+04 -2.799296e+03 -2.562996e+03 -1.117083e+05 -4.580668e+03 2.553673e+04 2.293411e+03 5.490394e+03 -3.977713e+04 3.510847e+03 2.782007e+03 1.272836e+05 2.305845e+03 -4.703150e+03 3.119754e+03 1.954927e+04 -3.401455e+03 1.272745e+05 -3.051596e+04 -2.285413e+03
7.575758e-03 -2.301956e+03 5.804864e+03 -3.732590e+03 -2.193922e+04 -3.570547e+03 1.348625e+05 -3.310156e+04 -2.837425e+03 -3.658056e+03 2.181798e+04 1.826733e+03 3.978818e+03 3.322158e+04 -2.756629e+03 -2.461664e+03 -1.038869e+05 -4.469812e+03 2.500371e+04 2.044335e+03 5.192148e+03 -3.786087e+04 3.452610e+03 2.667170e+03 1.183699e+05 2.055815e+03 -4.436140e+03 3.044193e+03 1.914433e+04 -3.271581e+03 1.183616e+05 -2.904573e+04 -2.250120e+03
7.777778e-03 -2.046448e+03 5.492939e+03 -3.643281e+03 -2.144971e+04 -3.431284e+03 1.256417e+05 -3.154876e+04 -2.790149e+03 -3.573912e+03 2.133388e+04 1.629209e+03 3.765639e+03 3.166358e+04 -2.714770e+03 -2.365856e+03 -9.678692e+04 -4.364954e+03 2.444564e+04 1.820088e+03 4.919597e+03 -3.608512e+04 3.395971e+03 2.558561e+03 1.102784e+05 1.830707e+03 -4.192033e+03 2.972711e+03 1.871972e+04 -3.148798e+03 1.102706e+05 -2.768334e+04 -2.215515e+03
7.979798e-03 -1.815969e+03 5.206941e+03 -3.558703e+03 -2.094624e+04 -3.299524e+03 1.172501e+05 -3.010622e+04 -2.744183e+03 -3.494020e+03 2.083547e+04 1.450959e+03 3.570162e+03 3.021618e+04 -2.673721e+03 -2.275224e+03 -9.032536e+04 -4.265531e+03 2.387169e+04 1.617762e+03 4.669737e+03 -3.443545e+04 3.340858e+03 2.455792e+03 1.029145e+05 1.627603e+03 -3.968160e+03 2.904927e+03 1.828254e+04 -3.032658e+03 1.029073e+05 -2.641771e+04 -2.181593e+03
8.181818e-03 -1.607659e+03 4.943952e+03 -3.478428e+03 -2.043518e+04 -3.174797e+03 1.095952e+05 -2.876307e+04 -2.699470e+03 -3.418007e+03 2.032913e+04 1.289784e+03 3.390396e+03 2.886847e+04 -2.633484e+03 -2.189442e+03 -8.443092e+04 -4.171060e+03 2.328909e+04 1.434857e+03 4.440009e+03 -3.289940e+04 3.287213e+03 2.358499e+03 9.619704e+04 1.443991e+03 -3.762248e+03 2.840513e+03 1.783839e+04 -2.922740e+03 9.619032e+04 -2.523927e+04 -2.148355e+03
8.383838e-03 -1.419049e+03 4.701468e+03 -3.402089e+03 -1.992152e+04 -3.056664e+03 1.025968e+05 -2.750985e+04 -2.655962e+03 -3.345555e+03 1.981989e+04 1.143782e+03 3.224633e+03 2.761096e+04 -2.594061e+03 -2.108207e+03 -7.904194e+04 -4.081125e+03 2.270355e+04 1.269209e+03 4.228222e+03 -3.146616e+04 3.234984e+03 2.266341e+03 9.005561e+04 1.277701e+03 -3.572347e+03 2.779184e+03 1.739170e+04 -2.818653e+03 9.004934e+04 -2.413973e+04 -2.115797e+03
8.585859e-03 -1.247991e+03 4.477333e+03 -3.329364e+03 -1.940920e+04 -2.944714e+03 9.618524e+04 -2.633829e+04 -2.613616e+03 -3.276382e+03 1.931172e+04 1.011304e+03 3.071404e+03 2.643539e+04 -2.555452e+03 -2.031232e+03 -7.410482e+04 -3.995361e+03 2.211955e+04 1.118939e+03 4.032487e+03 -3.012630e+04 3.184126e+03 2.178999e+03 8.442917e+04 1.126846e+03 -3.396777e+03 2.720693e+03 1.694592e+04 -2.720031e+03 8.442331e+04 -2.311185e+04 -2.083919e+03
8.787879e-03 -1.092614e+03 4.269678e+03 -3.259971e+03 -1.890130e+04 -2.838562e+03 9.029983e+04 -2.524116e+04 -2.572394e+03 -3.210244e+03 1.880770e+04 8.909061e+02 2.929430e+03 2.533446e+04 -2.517655e+03 -1.958252e+03 -6.957279e+04 -3.913450e+03 2.154059e+04 9.824068e+02 3.851166e+03 -2.887153e+04 3.134596e+03 2.096175e+03 7.926441e+04 9.897791e+02 -3.234081e+03 2.664823e+03 1.650379e+04 -2.626531e+03 7.925892e+04 -2.214925e+04 -2.052716e+03
8.989899e-03 -9.512783e+02 4.076874e+03 -3.193660e+03 -1.840018e+04 -2.737848e+03 8.488736e+04 -2.421202e+04 -2.532260e+03 -3.146922e+03 1.831024e+04 7.813293e+02 2.797601e+03 2.430176e+04 -2.480668e+03 -1.889018e+03 -6.540489e+04 -3.835107e+03 2.096938e+04 8.581783e+02 3.682833e+03 -2.769452e+04 3.086357e+03 2.017589e+03 7.451464e+04 8.650616e+02 -3.082991e+03 2.611382e+03 1.606741e+04 -2.537835e+03 7.450950e+04 -2.124633e+04 -2.022186e+03
9.191919e-03 -8.225443e+02 3.897495e+03 -3.130212e+03 -1.790768e+04 -2.642238e+03 7.990103e+04 -2.324521e+04 -2.493181e+03 -3.086222e+03 1.782119e+04 6.814652e+02 2.674945e+03 2.333158e+04 -2.444486e+03 -1.823298e+03 -6.156509e+04 -3.760083e+03 2.040800e+04 7.449927e+02 3.526239e+03 -2.658877e+04 3.039372e+03 1.942980e+03 7.013881e+04 7.514279e+02 -2.942394e+03 2.560200e+03 1.563839e+04 -2.453644e+03 7.013399e+04 -2.039807e+04 -1.992322e+03
9.393939e-03 -7.051439e+02 3.730290e+03 -3.069429e+03 -1.742518e+04 -2.551420e+03 7.529958e+04 -2.233564e+04 -2.455125e+03 -3.027970e+03 1.734193e+04 5.903381e+02 2.560605e+03 2.241883e+04 -2.409102e+03 -1.760877e+03 -5.802164e+04 -3.688152e+03 1.985801e+04 6.417397e+02 3.380288e+03 -2.554848e+04 2.993605e+03 1.872106e+03 6.610072e+04 6.477633e+02 -2.811313e+03 2.511123e+03 1.521796e+04 -2.373682e+03 6.609618e+04 -1.960005e+04 -1.963118e+03
9.595960e-03 -5.979566e+02 3.574151e+03 -3.011132e+03 -1.695368e+04 -2.465101e+03 7.104651e+04 -2.147879e+04 -2.418062e+03 -2.972012e+03 1.687350e+04 5.070855e+02 2.453827e+03 2.155896e+04 -2.374507e+03 -1.701554e+03 -5.474641e+04 -3.619113e+03 1.932059e+04 5.474380e+02 3.244012e+03 -2.456847e+04 2.949024e+03 1.804739e+03 6.236833e+04 5.530832e+02 -2.688886e+03 2.464014e+03 1.480702e+04 -2.297691e+03 6.236405e+04 -1.884826e+04 -1.934566e+03
9.797980e-03 -4.999897e+02 3.428100e+03 -2.955163e+03 -1.649392e+04 -2.383010e+03 6.710942e+04 -2.067056e+04 -2.381962e+03 -2.918204e+03 1.641664e+04 4.309434e+02 2.353943e+03 2.074789e+04 -2.340692e+03 -1.645141e+03 -5.171446e+04 -3.552783e+03 1.879654e+04 4.612183e+02 3.116554e+03 -2.364407e+04 2.905593e+03 1.740669e+03 5.891320e+04 4.665149e+02 -2.574350e+03 2.418750e+03 1.440623e+04 -2.225429e+03 5.890917e+04 -1.813915e+04 -1.906657e+03
1.000000e-02 -4.103616e+02 3.291267e+03 -2.901376e+03 -1.604639e+04 -2.304894e+03 6.345948e+04 -1.990730e+04 -2.346798e+03 -2.866419e+03 1.597184e+04 3.612333e+02 2.260358e+03 1.998192e+04 -2.307646e+03 -1.591463e+03 -4.890362e+04 -3.488997e+03 1.828644e+04 3.823086e+02 2.997152e+03 -2.277109e+04 2.863283e+03 1.679698e+03 5.571006e+04 3.872838e+02 -2.467024e+03 2.375217e+03 1.401602e+04 -2.156673e+03 5.570626e+04 -1.746948e+04 -1.879382e+03
