-1.000000e-02 -1.085922e+05 3.901025e+03 6.552908e+03 -1.335533e+05 -1.877402e+02 -2.028107e+05 -1.394035e+05 5.992778e+03 6.372637e+03 1.334483e+05 8.351296e+04 2.678289e+03 1.395102e+05 5.808744e+03 -1.602034e+02 1.562404e+05 7.817348e+03 1.521637e+05 9.523214e+04 3.682461e+03 -1.589510e+05 -7.179449e+03 -2.299731e+02 -1.780095e+05 9.523036e+04 -2.793070e+03 -5.323101e+03 1.171278e+05 -5.774880e+02 -1.780094e+05 -1.223545e+05 4.827527e+03
-9.797980e-03 -1.272467e+05 4.443930e+03 7.094877e+03 -1.555827e+05 -8.322864e+01 -2.379613e+05 -1.626454e+05 6.458599e+03 6.882442e+03 1.554620e+05 9.786222e+04 3.050937e+03 1.627679e+05 6.241931e+03 -9.339929e+01 1.833165e+05 8.452153e+03 1.772639e+05 1.115933e+05 4.168535e+03 -1.854507e+05 -7.727167e+03 -3.410193e+02 -2.088598e+05 1.115910e+05 -3.208083e+03 -5.757250e+03 1.364485e+05 -5.207165e+02 -2.088596e+05 -1.427529e+05 5.194647e+03
-9.595960e-03 -1.514442e+05 5.139631e+03 7.760212e+03 -1.841024e+05 7.152909e+01 -2.835767e+05 -1.927802e+05 7.026421e+03 7.505523e+03 1.839617e+05 1.164753e+05 3.528456e+03 1.929230e+05 6.766894e+03 6.376315e+00 2.184533e+05 9.229713e+03 2.097590e+05 1.328159e+05 4.789991e+03 -2.198093e+05 -8.393226e+03 -4.987103e+02 -2.488946e+05 1.328131e+05 -3.741304e+03 -6.289134e+03 1.614614e+05 -4.289287e+02 -2.488943e+05 -1.692009e+05 5.640683e+03
-9.393939e-03 -1.838140e+05 6.061670e+03 8.602249e+03 -2.221813e+05 3.061016e+02 -3.446243e+05 -2.330856e+05 7.739627e+03 8.290098e+03 2.220141e+05 1.413750e+05 4.161303e+03 2.332551e+05 7.421834e+03 1.586707e+02 2.654770e+05 1.021127e+04 2.531460e+05 1.612064e+05 5.611647e+03 -2.657638e+05 -9.227495e+03 -7.295203e+02 -3.024735e+05 1.612027e+05 -4.449954e+03 -6.960712e+03 1.948583e+05 -2.803786e+02 -3.024729e+05 -2.045750e+05 6.198823e+03
-9.191919e-03 -2.289402e+05 7.340852e+03 9.713735e+03 -2.751630e+05 6.753057e+02 -4.297637e+05 -2.892813e+05 8.673626e+03 9.319702e+03 2.749592e+05 1.760876e+05 5.039201e+03 2.894878e+05 8.272827e+03 3.997812e+02 3.310577e+05 1.150315e+04 3.135134e+05 2.007854e+05 6.748656e+03 -3.298355e+05 -1.031647e+04 -1.082233e+03 -3.771964e+05 2.007805e+05 -5.435912e+03 -7.844812e+03 2.413258e+05 -3.438732e+01 -3.771956e+05 -2.538952e+05 6.926618e+03
-8.989899e-03 -2.956884e+05 9.237406e+03 1.127540e+04 -3.533666e+05 1.292526e+03 -5.557415e+05 -3.724447e+05 9.975585e+03 1.075653e+04 3.531091e+05 2.274329e+05 6.340607e+03 3.727052e+05 9.448259e+03 8.049075e+02 4.280949e+05 1.331215e+04 4.026188e+05 2.593287e+05 8.429881e+03 -4.246541e+05 -1.182859e+04 -1.657238e+03 -4.877613e+05 2.593219e+05 -6.902039e+03 -9.083108e+03 3.099143e+05 3.938425e+02 -4.877600e+05 -3.268835e+05 7.936158e+03
-8.787879e-03 -4.042894e+05 1.236888e+04 1.370854e+04 -4.802953e+05 2.436674e+03 -7.607686e+05 -5.078976e+05 1.198995e+04 1.297737e+04 4.799514e+05 3.109738e+05 8.488866e+03 5.082453e+05 1.124752e+04 1.559324e+03 5.860209e+05 1.611965e+04 5.472420e+05 3.545806e+05 1.119796e+04 -5.790898e+05 -1.415737e+04 -2.700447e+03 -6.677037e+05 3.545706e+05 -9.330051e+03 -1.100529e+04 4.212375e+05 1.214265e+03 -6.677015e+05 -4.457633e+05 9.489394e+03
-8.585859e-03 -6.180753e+05 1.877481e+04 1.838584e+04 -7.293410e+05 5.059230e+03 -1.164433e+06 -7.750847e+05 1.584723e+04 1.720646e+04 7.288275e+05 4.754286e+05 1.288152e+04 7.756033e+05 1.465068e+04 3.296087e+03 8.969504e+05 2.149216e+04 8.310059e+05 5.420890e+05 1.684380e+04 -8.837205e+05 -1.859239e+04 -5.048200e+03 -1.021980e+06 5.420721e+05 -1.431141e+04 -1.468399e+04 6.396638e+05 3.146843e+03 -1.021976e+06 -6.802591e+05 1.244536e+04
-8.383838e-03 -1.515834e+06 4.863950e+04 3.879447e+04 -1.768745e+06 1.886736e+04 -2.859115e+06 -1.902346e+06 3.279211e+04 3.544606e+04 1.767517e+06 1.166027e+06 3.334157e+04 1.903586e+06 2.939783e+04 1.248491e+04 2.202313e+06 4.480907e+04 2.015306e+06 1.329500e+06 4.308360e+04 -2.168955e+06 -3.794798e+04 -1.721715e+04 -2.509322e+06 1.329450e+06 -3.759469e+04 -3.064458e+04 1.551272e+06 1.356531e+04 -2.509309e+06 -1.669597e+06 2.535084e+04
-8.181818e-03 -1.923162e+07 6.160572e+05 4.164398e+05 -2.229553e+07 2.852713e+05 -3.631464e+07 -2.412948e+07 3.426731e+05 3.717338e+05 2.228010e+07 1.479382e+07 4.221840e+05 2.414503e+07 2.973830e+05 1.897501e+05 2.797224e+07 4.754399e+05 2.540338e+07 1.686767e+07 5.411200e+05 -2.751114e+07 -3.910846e+05 -2.509474e+05 -3.187191e+07 1.686713e+07 -4.806027e+05 -3.255499e+05 1.955435e+07 2.156009e+05 -3.187138e+07 -2.117713e+07 2.605043e+05
-7.979798e-03 -1.016953e+06 1.649745e+04 1.855911e+04 -1.217416e+06 6.313192e+02 -1.922322e+06 -1.252291e+06 1.475276e+04 1.772069e+04 1.216629e+06 7.823013e+05 1.139984e+04 1.253080e+06 1.390379e+04 2.308453e+02 1.480681e+06 2.187480e+04 1.387143e+06 8.919505e+05 1.495694e+04 -1.427784e+06 -1.753222e+04 -1.388918e+03 -1.687115e+06 8.919382e+05 -1.251134e+04 -1.499259e+04 1.067767e+06 -5.724511e+02 -1.687109e+06 -1.099061e+06 1.164593e+04
-7.777778e-03 1.922939e+05 -1.720024e+04 -2.528460e+03 1.892519e+05 -1.541971e+04 3.639807e+05 2.599197e+05 -1.874881e+03 -9.088255e+02 -1.891095e+05 -1.479381e+05 -1.171562e+04 -2.600629e+05 -2.369440e+02 -1.043578e+04 -2.803523e+05 -2.063865e+03 -2.156342e+05 -1.686778e+05 -1.455392e+04 2.963234e+05 1.309106e+03 1.256291e+04 3.194445e+05 -1.686494e+05 1.389042e+04 1.427156e+03 -1.659717e+05 -1.286030e+04 3.194377e+05 2.281132e+05 -8.450432e+02
-7.575758e-03 3.380366e+06 -7.073107e+04 -3.570224e+04 3.957119e+06 -3.669971e+04 6.403745e+06 4.193060e+06 -2.399585e+04 -3.040413e+04 -3.954656e+06 -2.600538e+06 -4.863417e+04 -4.195519e+06 -1.864100e+04 -2.432791e+04 -4.932373e+06 -3.973564e+04 -4.508866e+06 -2.964972e+06 -6.144147e+04 4.780520e+06 2.636364e+04 3.104466e+04 5.620120e+06 -2.964873e+06 5.604926e+04 2.741311e+04 -3.470728e+06 -2.888208e+04 5.620102e+06 3.679946e+06 -1.711316e+04
-7.373737e-03 -4.455840e+06 2.757032e+04 3.065217e+04 -5.371042e+06 -7.592888e+03 -8.449559e+06 -5.412865e+06 1.562668e+04 2.968155e+04 5.367871e+06 3.427953e+06 1.947772e+04 5.416034e+06 1.464592e+04 -5.908254e+03 6.508064e+06 3.616133e+04 6.119970e+06 3.908255e+06 2.498400e+04 -6.171251e+06 -1.903123e+04 5.213770e+03 -7.415552e+06 3.908244e+06 -2.140650e+04 -2.509953e+04 4.710981e+06 -8.182858e+03 -7.415533e+06 -4.750458e+06 1.190967e+04
-7.171717e-03 -1.170936e+06 -2.444965e+04 3.154745e+03 -1.489195e+06 -3.109373e+04 -2.222602e+06 -1.358134e+06 -6.947348e+02 5.882851e+03 1.488388e+06 9.008334e+05 -1.642034e+04 1.358950e+06 2.058668e+03 -2.131001e+04 1.711886e+06 5.378858e+03 1.696862e+06 1.027016e+06 -2.031225e+04 -1.548447e+06 -1.005598e+03 2.513364e+04 -1.950595e+06 1.027071e+06 1.985471e+04 -3.788830e+03 1.306235e+06 -2.643589e+04 -1.950606e+06 -1.191928e+06 4.225183e+02
-6.969697e-03 -1.176358e+07 5.641844e+02 -3.921425e+03 -1.427085e+07 -2.656594e+04 -2.235191e+07 -1.420009e+07 -4.076195e+04 -2.642806e+03 1.426304e+07 9.050388e+06 2.177023e+03 1.420791e+07 -3.947246e+04 -1.984151e+04 1.721550e+07 -4.869962e+03 1.626100e+07 1.031817e+07 2.326968e+02 -1.618929e+07 4.684951e+04 2.379156e+04 -1.961631e+07 1.031821e+07 -2.742876e+03 2.011006e+03 1.251742e+07 -2.213085e+04 -1.961629e+07 -1.246216e+07 -3.433102e+04
-6.767677e-03 6.880496e+06 -6.115413e+04 2.397198e+04 8.161137e+06 -6.690928e+04 1.308631e+07 8.473507e+06 4.467658e+04 3.020738e+04 -8.156673e+06 -5.293678e+06 -4.254852e+04 -8.477937e+06 5.096163e+04 -4.446139e+04 -1.007902e+07 3.330326e+04 -9.299286e+06 -6.035226e+06 -4.989646e+04 9.660285e+06 -5.692449e+04 5.137797e+04 1.148466e+07 -6.035089e+06 5.225327e+04 -2.190017e+04 -7.158369e+06 -5.800373e+04 1.148464e+07 7.436412e+06 4.008988e+04
-6.565657e-03 1.009472e+05 -1.707227e+04 7.448511e+02 6.820429e+04 -1.822958e+04 1.922605e+05 1.584118e+05 1.004539e+03 2.465312e+03 -6.813510e+04 -7.767591e+04 -1.161430e+04 -1.584692e+05 2.737276e+03 -1.237282e+04 -1.480773e+05 1.950779e+03 -7.770937e+04 -8.856819e+04 -1.430301e+04 1.805728e+05 -2.253019e+03 1.463549e+04 1.687345e+05 -8.853157e+04 1.391345e+04 -1.314824e+03 -5.980052e+04 -1.546094e+04 1.687227e+05 1.390204e+05 1.548608e+03
-6.363636e-03 -2.123363e+06 1.084865e+04 -2.101080e+04 -2.535710e+06 2.539827e+04 -4.045979e+06 -2.628700e+06 -2.693725e+04 -2.274816e+04 2.534433e+06 1.633737e+06 7.649892e+03 2.629961e+06 -2.868626e+04 1.698189e+04 3.116109e+06 -2.663105e+04 2.889377e+06 1.862548e+06 7.850640e+03 -2.996790e+06 3.338889e+04 -1.891914e+04 -3.550744e+06 1.862513e+06 -1.038608e+04 1.789352e+04 2.224213e+06 2.272099e+04 -3.550725e+06 -2.306929e+06 -2.309968e+04
-6.161616e-03 1.329761e+06 -2.995616e+04 1.788035e+04 1.502241e+06 -4.508231e+04 2.536225e+06 1.704390e+06 2.139121e+04 2.149593e+04 -1.501455e+06 -1.023169e+06 -2.052344e+04 -1.705140e+06 2.502790e+04 -3.047297e+04 -1.953318e+06 2.392105e+04 -1.711763e+06 -1.166475e+06 -2.413888e+04 1.942986e+06 -2.792996e+04 3.508315e+04 2.225785e+06 -1.166394e+06 2.553544e+04 -1.613418e+04 -1.317675e+06 -3.920388e+04 2.225756e+06 1.495751e+06 1.922632e+04
-5.959596e-03 -6.943923e+05 1.723817e+03 -1.105455e+04 -8.355929e+05 1.099019e+04 -1.325441e+06 -8.698858e+05 -1.285201e+04 -1.165079e+04 8.352053e+05 5.342946e+05 1.253300e+03 8.702658e+05 -1.345161e+04 7.388069e+03 1.020798e+06 -1.378574e+04 9.521487e+05 6.091126e+05 7.825249e+02 -9.916642e+05 1.583418e+04 -8.111779e+03 -1.163192e+06 6.091001e+05 -2.158019e+03 9.309398e+03 7.329656e+05 9.951859e+03 -1.163185e+06 -7.633959e+05 -1.088887e+04
-5.757576e-03 1.364934e+07 -2.698009e+05 2.687877e+05 1.544594e+07 -5.239475e+05 2.607759e+07 1.771524e+07 3.020546e+05 3.065589e+05 -1.543839e+07 -1.050277e+07 -1.849113e+05 -1.772232e+07 3.399998e+05 -3.546072e+05 -2.008375e+07 3.490503e+05 -1.760043e+07 -1.197360e+07 -2.113802e+05 2.019455e+07 -3.869872e+05 4.043406e+05 2.288540e+07 -1.197266e+07 2.360856e+05 -2.361083e+05 -1.354855e+07 -4.595389e+05 2.288515e+07 1.554653e+07 2.654172e+05
-5.555556e-03 -6.725846e+05 6.727683e+03 -1.492528e+04 -7.881281e+05 2.122446e+04 -1.285993e+06 -8.697843e+05 -1.651356e+04 -1.623564e+04 7.877775e+05 5.175422e+05 4.644149e+03 8.701153e+05 -1.782922e+04 1.435670e+04 9.903959e+05 -1.889779e+04 8.980697e+05 5.900083e+05 4.778630e+03 -9.915059e+05 2.070706e+04 -1.612539e+04 -1.128564e+06 5.899771e+05 -6.416905e+03 1.279300e+04 6.913383e+05 1.886029e+04 -1.128551e+06 -7.632967e+05 -1.419107e+04
-5.353535e-03 -4.180621e+05 2.969900e+03 -1.040940e+04 -4.955423e+05 1.354632e+04 -7.999619e+05 -5.450590e+05 -1.135986e+04 -1.117376e+04 4.953339e+05 3.216973e+05 2.060639e+03 5.452545e+05 -1.212691e+04 9.167301e+03 6.160772e+05 -1.308504e+04 5.646728e+05 3.667377e+05 1.880291e+03 -6.213275e+05 1.416694e+04 -1.023830e+04 -7.020287e+05 3.667191e+05 -3.073782e+03 8.864166e+03 4.346927e+05 1.209589e+04 -7.020206e+05 -4.783245e+05 -9.700899e+03
-5.151515e-03 -2.982746e+05 1.409174e+03 -8.212303e+03 -3.575103e+05 1.014294e+04 -5.711776e+05 -3.930585e+05 -8.864632e+03 -8.739368e+03 3.573684e+05 2.295254e+05 9.861036e+02 3.931905e+05 -9.393274e+03 6.867713e+03 4.398785e+05 -1.027444e+04 4.073873e+05 2.616586e+05 6.942212e+02 -4.480506e+05 1.101641e+04 -7.639674e+03 -5.012502e+05 2.616455e+05 -1.665853e+03 6.964110e+03 3.136158e+05 9.087385e+03 -5.012444e+05 -3.449322e+05 -7.538529e+03
-4.949495e-03 -2.268417e+05 5.694909e+02 -6.822994e+03 -2.752008e+05 8.167380e+03 -4.347031e+05 -3.027903e+05 -7.300065e+03 -7.215302e+03 2.750980e+05 1.745601e+05 4.073221e+02 3.028848e+05 -7.693348e+03 5.532915e+03 3.347728e+05 -8.506777e+03 3.135965e+05 1.989966e+05 6.717047e+01 -3.451472e+05 9.048969e+03 -6.137001e+03 -3.814821e+05 1.989866e+05 -8.965505e+02 5.768665e+03 2.414164e+05 7.335337e+03 -3.814776e+05 -2.657148e+05 -6.188897e+03
-4.747475e-03 -1.793342e+05 6.109335e+01 -5.833969e+03 -2.205508e+05 6.867896e+03 -3.439031e+05 -2.429973e+05 -6.196603e+03 -6.139576e+03 2.204736e+05 1.380043e+05 5.651821e+01 2.430673e+05 -6.502821e+03 4.654826e+03 2.648436e+05 -7.254270e+03 2.513233e+05 1.573221e+05 -3.048228e+02 -2.769849e+05 7.666043e+03 -5.152047e+03 -3.017975e+05 1.573142e+05 -4.226831e+02 4.921239e+03 1.934789e+05 6.179299e+03 -3.017939e+05 -2.132420e+05 -5.240796e+03
-4.545455e-03 -1.455981e+05 -2.686666e+02 -5.079862e+03 -1.818630e+05 5.947427e+03 -2.793961e+05 -2.007275e+05 -5.362934e+03 -5.325348e+03 1.818037e+05 1.120450e+05 -1.712591e+02 2.007805e+05 -5.608796e+03 4.032742e+03 2.151641e+05 -6.303092e+03 2.072387e+05 1.277281e+05 -5.404518e+02 -2.287988e+05 6.624221e+03 -4.456641e+03 -2.451873e+05 1.277216e+05 -1.093984e+02 4.277402e+03 1.595428e+05 5.358048e+03 -2.451844e+05 -1.761471e+05 -4.526963e+03
-4.343434e-03 -1.205400e+05 -4.924222e+02 -4.478268e+03 -1.532576e+05 5.262381e+03 -2.314595e+05 -1.694986e+05 -4.703612e+03 -4.679886e+03 1.532113e+05 9.276299e+04 -3.259800e+02 1.695391e+05 -4.905449e+03 3.569670e+03 1.782464e+05 -5.546918e+03 1.746430e+05 1.057463e+05 -6.959714e+02 -1.931990e+05 5.802302e+03 -3.940654e+03 -2.031192e+05 1.057409e+05 1.077272e+02 3.765340e+03 1.344507e+05 4.745173e+03 -2.031167e+05 -1.487415e+05 -3.964111e+03
-4.141414e-03 -1.012949e+05 -6.491039e+02 -3.982567e+03 -1.314235e+05 4.734142e+03 -1.946252e+05 -1.456718e+05 -4.164689e+03 -4.150953e+03 1.313870e+05 7.795395e+04 -4.344436e+02 1.457030e+05 -4.333185e+03 3.212517e+03 1.498792e+05 -4.925733e+03 1.497630e+05 8.886395e+04 -8.013905e+02 -1.660375e+05 5.131911e+03 -3.543891e+03 -1.707943e+05 8.885935e+04 2.633850e+02 3.344517e+03 1.152982e+05 4.271382e+03 -1.707921e+05 -1.278319e+05 -3.505255e+03
-3.939394e-03 -8.612176e+04 -7.613430e+02 -3.563988e+03 -1.143461e+05 4.315832e+03 -1.655692e+05 -1.270388e+05 -3.712952e+03 -3.706455e+03 1.143172e+05 6.627803e+04 -5.122367e+02 1.270629e+05 -3.855453e+03 2.929623e+03 1.275024e+05 -4.402586e+03 1.303033e+05 7.555343e+04 -8.740571e+02 -1.447968e+05 4.571035e+03 -3.230511e+03 -1.452955e+05 7.554948e+04 3.778476e+02 2.989974e+03 1.003181e+05 3.895300e+03 -1.452936e+05 -1.114802e+05 -3.121529e+03
-3.737374e-03 -7.389984e+04 -8.430980e+02 -3.203611e+03 -1.007291e+05 3.977681e+03 -1.421520e+05 -1.121809e+05 -3.326633e+03 -3.325381e+03 1.007060e+05 5.687302e+04 -5.689781e+02 1.121994e+05 -3.448386e+03 2.700888e+03 1.094684e+05 -3.953237e+03 1.147866e+05 6.483181e+04 -9.246048e+02 -1.278595e+05 4.092186e+03 -2.977791e+03 -1.247453e+05 6.482838e+04 4.636911e+02 2.685335e+03 8.837331e+04 3.590616e+03 -1.247437e+05 -9.844143e+04 -2.794054e+03
-3.535354e-03 -6.387579e+04 -9.033773e+02 -2.888371e+03 -8.970078e+04 3.699857e+03 -1.229352e+05 -1.001459e+05 -2.990769e+03 -2.993289e+03 8.968245e+04 4.915920e+04 -6.108782e+02 1.001599e+05 -3.095633e+03 2.512918e+03 9.466928e+04 -3.560991e+03 1.022197e+05 5.603819e+04 -9.598484e+02 -1.141403e+05 3.676500e+03 -2.770619e+03 -1.078813e+05 5.603519e+04 5.290821e+02 2.419319e+03 7.869934e+04 3.339778e+03 -1.078798e+05 -8.787997e+04 -2.509876e+03
-3.333333e-03 -5.552497e+04 -9.482065e+02 -2.608899e+03 -8.065514e+04 3.468631e+03 -1.069169e+05 -9.027222e+04 -2.694672e+03 -2.699860e+03 8.064062e+04 4.273290e+04 -6.420929e+02 9.028263e+04 -2.785555e+03 2.356441e+03 8.233346e+04 -3.213896e+03 9.191213e+04 4.871236e+04 -9.843116e+02 -1.028849e+05 3.310526e+03 -2.598550e+03 -9.382423e+04 4.870972e+04 5.795204e+02 2.183849e+03 7.076451e+04 3.130618e+03 -9.382293e+04 -7.921519e+04 -2.259762e+03
-3.131313e-03 -4.847132e+04 -9.817348e+02 -2.358254e+03 -7.315852e+04 3.274201e+03 -9.337890e+04 -8.208690e+04 -2.430468e+03 -2.437486e+03 7.314711e+04 3.730474e+04 -6.654851e+02 8.209438e+04 -2.509605e+03 2.224838e+03 7.190778e+04 -2.903125e+03 8.336962e+04 4.252443e+04 -1.001084e+03 -9.355419e+04 2.984369e+03 -2.454138e+03 -8.194377e+04 4.252211e+04 6.188200e+02 1.972959e+03 6.418844e+04 2.954437e+03 -8.194262e+04 -7.203210e+04 -2.036922e+03
-2.929293e-03 -4.243862e+04 -1.006888e+03 -2.131164e+03 -6.689343e+04 3.109389e+03 -8.179341e+04 -7.524395e+04 -2.192201e+03 -2.200407e+03 6.688458e+04 3.266219e+04 -6.830751e+02 7.524902e+04 -2.261340e+03 2.113261e+03 6.298583e+04 -2.621982e+03 7.623043e+04 3.723211e+04 -1.012324e+03 -8.575371e+04 2.690557e+03 -2.331938e+03 -7.177683e+04 3.723005e+04 6.496914e+02 1.782121e+03 5.869266e+04 2.804856e+03 -7.177581e+04 -6.602702e+04 -1.836229e+03
-2.727273e-03 -3.721962e+04 -1.025773e+03 -1.923530e+03 -6.162280e+04 2.968825e+03 -7.176448e+04 -6.948513e+04 -1.975266e+03 -1.984163e+03 6.161608e+04 2.864578e+04 -6.963171e+02 6.948821e+04 -2.035791e+03 2.018083e+03 5.526265e+04 -2.365274e+03 7.022445e+04 3.265359e+04 -1.019571e+03 -7.918907e+04 2.423319e+03 -2.227885e+03 -6.297591e+04 3.265176e+04 6.741011e+02 1.607825e+03 5.406921e+04 2.677093e+03 -6.297500e+04 -6.097334e+04 -1.653726e+03
-2.525253e-03 -3.265593e+04 -1.039931e+03 -1.732102e+03 -5.716672e+04 2.848418e+03 -6.298940e+04 -6.461448e+04 -1.776032e+03 -1.785231e+03 5.716176e+04 2.513361e+04 -7.062763e+02 6.461591e+04 -1.829051e+03 1.936540e+03 4.850510e+04 -2.128892e+03 6.514664e+04 2.864991e+04 -1.023940e+03 -7.363692e+04 2.178109e+03 -2.138885e+03 -5.527532e+04 2.864830e+04 6.935002e+02 1.447290e+03 5.016027e+04 2.567506e+03 -5.527451e+04 -5.669909e+04 -1.486299e+03
-2.323232e-03 -2.862439e+04 -1.050507e+03 -1.554260e+03 -5.338667e+04 2.745007e+03 -5.523277e+04 -6.048124e+04 -1.591582e+03 -1.600778e+03 5.338319e+04 2.203094e+04 -7.137437e+02 6.048128e+04 -1.637992e+03 1.866495e+03 4.253189e+04 -1.909528e+03 6.083918e+04 2.511306e+04 -1.026249e+03 -6.892536e+04 1.951283e+03 -2.062550e+03 -4.846851e+04 2.511164e+04 7.089758e+02 1.298279e+03 4.684435e+04 2.473272e+03 -4.846779e+04 -5.307196e+04 -1.331448e+03
-2.121212e-03 -2.502779e+04 -1.058360e+03 -1.387856e+03 -5.017483e+04 2.656117e+03 -4.830872e+04 -5.696801e+04 -1.419538e+03 -1.428490e+03 5.017260e+04 1.926296e+04 -7.193144e+02 5.696689e+04 -1.460068e+03 1.806279e+03 3.719988e+04 -1.704476e+03 5.717920e+04 2.195776e+04 -1.027109e+03 -6.492058e+04 1.739872e+03 -1.997014e+03 -4.239236e+04 2.195651e+04 7.213524e+02 1.158960e+03 4.402687e+04 2.392180e+03 -4.239172e+04 -4.998893e+04 -1.187140e+03
-1.919192e-03 -2.178826e+04 -1.064144e+03 -1.231102e+03 -4.744643e+04 2.579793e+03 -4.206831e+04 -5.398254e+04 -1.257930e+03 -1.266447e+03 4.744524e+04 1.676973e+04 -7.234403e+02 5.398045e+04 -1.293178e+03 1.754568e+03 3.239436e+04 -1.511486e+03 5.407011e+04 1.911568e+04 -1.026974e+03 -6.151741e+04 1.541418e+03 -1.940804e+03 -3.691614e+04 1.911458e+04 7.312618e+02 1.027811e+03 4.163346e+04 2.322483e+03 -3.691558e+04 -4.736903e+04 -1.051694e+03
-1.717172e-03 -1.884249e+04 -1.068360e+03 -1.082489e+03 -4.513438e+04 2.514479e+03 -3.639047e+04 -5.145181e+04 -1.105103e+03 -1.113034e+03 4.513406e+04 1.450257e+04 -7.264675e+02 5.144891e+04 -1.135559e+03 1.710311e+03 2.802208e+04 -1.328663e+03 5.143545e+04 1.653131e+04 -1.026190e+03 -5.863260e+04 1.353862e+03 -1.892750e+03 -3.193362e+04 1.653036e+04 7.391919e+02 9.035492e+02 3.960527e+04 2.262786e+03 -3.193313e+04 -4.514820e+04 -9.236973e+02
-1.515152e-03 -1.613833e+04 -1.071392e+03 -9.407241e+02 -4.318531e+04 2.458928e+03 -3.117539e+04 -4.931773e+04 -9.596462e+02 -9.668702e+02 4.318572e+04 1.242133e+04 -7.286625e+02 4.931416e+04 -9.857114e+02 1.672666e+03 2.400619e+04 -1.154388e+03 4.921442e+04 1.415889e+04 -1.025019e+03 -5.619996e+04 1.175447e+03 -1.851914e+03 -2.735721e+04 1.415806e+04 7.455219e+02 7.850783e+02 3.789549e+04 2.211973e+03 -2.735678e+04 -4.327545e+04 -8.019495e+02
-1.313131e-03 -1.363216e+04 -1.073538e+03 -8.046872e+02 -4.155671e+04 2.412144e+03 -2.633959e+04 -4.753405e+04 -8.203405e+02 -8.267622e+02 4.155773e+04 1.049244e+04 -7.302315e+02 4.752992e+04 -8.423439e+02 1.640958e+03 2.028239e+04 -9.872553e+02 4.735858e+04 1.196015e+04 -1.023662e+03 -5.416674e+04 1.004657e+03 -1.817549e+03 -2.311363e+04 1.195945e+04 7.505476e+02 6.714471e+02 3.646684e+04 2.169149e+03 -2.311327e+04 -4.171019e+04 -6.854133e+02
-1.111111e-03 -1.128695e+04 -1.075027e+03 -6.733903e+02 -4.021480e+04 2.373329e+03 -2.181216e+04 -4.606399e+04 -6.861161e+02 -6.916602e+02 4.021631e+04 8.687404e+03 -7.313336e+02 4.605940e+04 -7.043245e+02 1.614650e+03 1.679607e+04 -8.260309e+02 4.582942e+04 9.902603e+03 -1.022271e+03 -5.249101e+04 8.401636e+02 -1.789057e+03 -1.914068e+04 9.902021e+03 7.544991e+02 5.618190e+02 3.528968e+04 2.133600e+03 -1.914038e+04 -4.042015e+04 -5.731803e+02
-9.090909e-04 -9.070712e+03 -1.076036e+03 -5.459508e+02 -3.913290e+04 2.341851e+03 -1.753188e+04 -4.487852e+04 -5.560206e+02 -5.606285e+02 3.913481e+04 6.981626e+03 -7.320913e+02 4.487356e+04 -5.706475e+02 1.593314e+03 1.350009e+04 -6.696120e+02 4.459656e+04 7.958207e+03 -1.020963e+03 -5.113969e+04 6.807855e+02 -1.765963e+03 -1.538463e+04 7.957737e+03 7.575550e+02 4.554472e+02 3.434061e+04 2.104756e+03 -1.538438e+04 -3.937985e+04 -4.644422e+02
-7.070707e-04 -6.955370e+03 -1.076699e+03 -4.215675e+02 -3.829029e+04 2.317218e+03 -1.344496e+04 -4.395507e+04 -4.291926e+02 -4.328194e+02 3.829251e+04 5.353487e+03 -7.325976e+02 4.394984e+04 -4.404045e+02 1.576616e+03 1.035302e+04 -5.169992e+02 4.363637e+04 6.102317e+03 -1.019824e+03 -5.008706e+04 5.254538e+02 -1.747899e+03 -1.179825e+04 6.101956e+03 7.598518e+02 3.516545e+02 3.360144e+04 2.082174e+03 -1.179806e+04 -3.856948e+04 -3.584687e+02
-5.050505e-04 -4.915742e+03 -1.077116e+03 -2.995016e+02 -3.767129e+04 2.299053e+03 -9.503144e+03 -4.327660e+04 -3.048395e+02 -3.074524e+02 3.767373e+04 3.783612e+03 -7.329214e+02 4.327115e+04 -3.127616e+02 1.564302e+03 7.317695e+03 -3.672713e+02 4.293100e+04 4.312848e+03 -1.018919e+03 -4.931367e+04 3.731867e+02 -1.734583e+03 -8.339216e+03 4.312593e+03 7.614914e+02 2.498170e+02 3.305843e+04 2.065517e+03 -8.339083e+03 -3.797409e+04 -2.545889e+02
-3.030303e-04 -2.928771e+03 -1.077357e+03 -1.790598e+02 -3.726466e+04 2.287089e+03 -5.662259e+03 -4.283085e+04 -1.822198e+02 -1.837963e+02 3.726724e+04 2.254258e+03 -7.331115e+02 4.282527e+04 -1.869389e+02 1.556191e+03 4.360099e+03 -2.195649e+02 4.246762e+04 2.569573e+03 -1.018291e+03 -4.880556e+04 2.230654e+02 -1.725814e+03 -4.968753e+03 2.569420e+03 7.625460e+02 1.493495e+02 3.270172e+04 2.054543e+03 -4.968674e+03 -3.758293e+04 -1.521750e+02
-1.010101e-04 -9.728386e+02 -1.077466e+03 -5.958033e+01 -3.706312e+04 2.281149e+03 -1.880867e+03 -4.260992e+04 -6.062660e+01 -6.115354e+01 3.706578e+04 7.487888e+02 -7.331990e+02 4.260427e+04 -6.219402e+01 1.552165e+03 1.448320e+03 -7.305608e+01 4.223796e+04 8.535255e+02 -1.017971e+03 -4.855372e+04 7.421487e+01 -1.721461e+03 -1.650501e+03 8.534748e+02 7.630619e+02 4.969354e+01 3.252493e+04 2.049095e+03 -1.650475e+03 -3.738905e+04 -5.062920e+01
1.010101e-04 9.728386e+02 -1.077466e+03 5.958033e+01 -3.706312e+04 2.281149e+03 1.880867e+03 -4.260992e+04 6.062660e+01 6.115354e+01 3.706578e+04 -7.487888e+02 -7.331990e+02 4.260427e+04 6.219402e+01 1.552165e+03 -1.448320e+03 7.305608e+01 4.223796e+04 -8.535255e+02 -1.017971e+03 -4.855372e+04 -7.421487e+01 -1.721461e+03 1.650501e+03 -8.534748e+02 7.630619e+02 -4.969354e+01 3.252493e+04 2.049095e+03 1.650475e+03 -3.738905e+04 5.062920e+01
3.030303e-04 2.928771e+03 -1.077357e+03 1.790598e+02 -3.726466e+04 2.287089e+03 5.662259e+03 -4.283085e+04 1.822198e+02 1.837963e+02 3.726724e+04 -2.254258e+03 -7.331115e+02 4.282527e+04 1.869389e+02 1.556191e+03 -4.360099e+03 2.195649e+02 4.246762e+04 -2.569573e+03 -1.018291e+03 -4.880556e+04 -2.230654e+02 -1.725814e+03 4.968753e+03 -2.569420e+03 7.625460e+02 -1.493495e+02 3.270172e+04 2.054543e+03 4.968674e+03 -3.758293e+04 1.521750e+02
5.050505e-04 4.915742e+03 -1.077116e+03 2.995016e+02 -3.767129e+04 2.299053e+03 9.503144e+03 -4.327660e+04 3.048395e+02 3.074524e+02 3.767373e+04 -3.783612e+03 -7.329214e+02 4.327115e+04 3.127616e+02 1.564302e+03 -7.317695e+03 3.672713e+02 4.293100e+04 -4.312848e+03 -1.018919e+03 -4.931367e+04 -3.731867e+02 -1.734583e+03 8.339216e+03 -4.312593e+03 7.614914e+02 -2.498170e+02 3.305843e+04 2.065517e+03 8.339083e+03 -3.797409e+04 2.545889e+02
7.070707e-04 6.955370e+03 -1.076699e+03 4.215675e+02 -3.829029e+04 2.317218e+03 1.344496e+04 -4.395507e+04 4.291926e+02 4.328194e+02 3.829251e+04 -5.353487e+03 -7.325976e+02 4.394984e+04 4.404045e+02 1.576616e+03 -1.035302e+04 5.169992e+02 4.363637e+04 -6.102317e+03 -1.019824e+03 -5.008706e+04 -5.254538e+02 -1.747899e+03 1.179825e+04 -6.101956e+03 7.598518e+02 -3.516545e+02 3.360144e+04 2.082174e+03 1.179806e+04 -3.856948e+04 3.584687e+02
9.090909e-04 9.070712e+03 -1.076036e+03 5.459508e+02 -3.913290e+04 2.341851e+03 1.753188e+04 -4.487852e+04 5.560206e+02 5.606285e+02 3.913481e+04 -6.981626e+03 -7.320913e+02 4.487356e+04 5.706475e+02 1.593314e+03 -1.350009e+04 6.696120e+02 4.459656e+04 -7.958207e+03 -1.020963e+03 -5.113969e+04 -6.807855e+02 -1.765963e+03 1.538463e+04 -7.957737e+03 7.575550e+02 -4.554472e+02 3.434061e+04 2.104756e+03 1.538438e+04 -3.937985e+04 4.644422e+02
1.111111e-03 1.128695e+04 -1.075027e+03 6.733903e+02 -4.021480e+04 2.373329e+03 2.181216e+04 -4.606399e+04 6.861161e+02 6.916602e+02 4.021631e+04 -8.687404e+03 -7.313336e+02 4.605940e+04 7.043245e+02 1.614650e+03 -1.679607e+04 8.260309e+02 4.582942e+04 -9.902603e+03 -1.022271e+03 -5.249101e+04 -8.401636e+02 -1.789057e+03 1.914068e+04 -9.902021e+03 7.544991e+02 -5.618190e+02 3.528968e+04 2.133600e+03 1.914038e+04 -4.042015e+04 5.731803e+02
1.313131e-03 1.363216e+04 -1.073538e+03 8.046872e+02 -4.155671e+04 2.412144e+03 2.633959e+04 -4.753405e+04 8.203405e+02 8.267622e+02 4.155773e+04 -1.049244e+04 -7.302315e+02 4.752992e+04 8.423439e+02 1.640958e+03 -2.028239e+04 9.872553e+02 4.735858e+04 -1.196015e+04 -1.023662e+03 -5.416674e+04 -1.004657e+03 -1.817549e+03 2.311363e+04 -1.195945e+04 7.505476e+02 -6.714471e+02 3.646684e+04 2.169149e+03 2.311327e+04 -4.171019e+04 6.854133e+02
1.515152e-03 1.613833e+04 -1.071392e+03 9.407241e+02 -4.318531e+04 2.458928e+03 3.117539e+04 -4.931773e+04 9.596462e+02 9.668702e+02 4.318572e+04 -1.242133e+04 -7.286625e+02 4.931416e+04 9.857114e+02 1.672666e+03 -2.400619e+04 1.154388e+03 4.921442e+04 -1.415889e+04 -1.025019e+03 -5.619996e+04 -1.175447e+03 -1.851914e+03 2.735721e+04 -1.415806e+04 7.455219e+02 -7.850783e+02 3.789549e+04 2.211973e+03 2.735678e+04 -4.327545e+04 8.019495e+02
1.717172e-03 1.884249e+04 -1.068360e+03 1.082489e+03 -4.513438e+04 2.514479e+03 3.639047e+04 -5.145181e+04 1.105103e+03 1.113034e+03 4.513406e+04 -1.450257e+04 -7.264675e+02 5.144891e+04 1.135559e+03 1.710311e+03 -2.802208e+04 1.328663e+03 5.143545e+04 -1.653131e+04 -1.026190e+03 -5.863260e+04 -1.353862e+03 -1.892750e+03 3.193362e+04 -1.653036e+04 7.391919e+02 -9.035492e+02 3.960527e+04 2.262786e+03 3.193313e+04 -4.514820e+04 9.236973e+02
1.919192e-03 2.178826e+04 -1.064144e+03 1.231102e+03 -4.744643e+04 2.579793e+03 4.206831e+04 -5.398254e+04 1.257930e+03 1.266447e+03 4.744524e+04 -1.676973e+04 -7.234403e+02 5.398045e+04 1.293178e+03 1.754568e+03 -3.239436e+04 1.511486e+03 5.407011e+04 -1.911568e+04 -1.026974e+03 -6.151741e+04 -1.541418e+03 -1.940804e+03 3.691614e+04 -1.911458e+04 7.312618e+02 -1.027811e+03 4.163346e+04 2.322483e+03 3.691558e+04 -4.736903e+04 1.051694e+03
2.121212e-03 2.502779e+04 -1.058360e+03 1.387856e+03 -5.017483e+04 2.656117e+03 4.830872e+04 -5.696801e+04 1.419538e+03 1.428490e+03 5.017260e+04 -1.926296e+04 -7.193144e+02 5.696689e+04 1.460068e+03 1.806279e+03 -3.719988e+04 1.704476e+03 5.717920e+04 -2.195776e+04 -1.027109e+03 -6.492058e+04 -1.739872e+03 -1.997014e+03 4.239236e+04 -2.195651e+04 7.213524e+02 -1.158960e+03 4.402687e+04 2.392180e+03 4.239172e+04 -4.998893e+04 1.187140e+03
2.323232e-03 2.862439e+04 -1.050507e+03 1.554260e+03 -5.338667e+04 2.745007e+03 5.523277e+04 -6.048124e+04 1.591582e+03 1.600778e+03 5.338319e+04 -2.203094e+04 -7.137437e+02 6.048128e+04 1.637992e+03 1.866495e+03 -4.253189e+04 1.909528e+03 6.083918e+04 -2.511306e+04 -1.026249e+03 -6.892536e+04 -1.951283e+03 -2.062550e+03 4.846851e+04 -2.511164e+04 7.089758e+02 -1.298279e+03 4.684435e+04 2.473272e+03 4.846779e+04 -5.307196e+04 1.331448e+03
2.525253e-03 3.265593e+04 -1.039931e+03 1.732102e+03 -5.716672e+04 2.848418e+03 6.298940e+04 -6.461448e+04 1.776032e+03 1.785231e+03 5.716176e+04 -2.513361e+04 -7.062763e+02 6.461591e+04 1.829051e+03 1.936540e+03 -4.850510e+04 2.128892e+03 6.514664e+04 -2.864991e+04 -1.023940e+03 -7.363692e+04 -2.178109e+03 -2.138885e+03 5.527532e+04 -2.864830e+04 6.935002e+02 -1.447290e+03 5.016027e+04 2.567506e+03 5.527451e+04 -5.669909e+04 1.486299e+03
2.727273e-03 3.721962e+04 -1.025773e+03 1.923530e+03 -6.162280e+04 2.968825e+03 7.176448e+04 -6.948513e+04 1.975266e+03 1.984163e+03 6.161608e+04 -2.864578e+04 -6.963171e+02 6.948821e+04 2.035791e+03 2.018083e+03 -5.526265e+04 2.365274e+03 7.022445e+04 -3.265359e+04 -1.019571e+03 -7.918907e+04 -2.423319e+03 -2.227885e+03 6.297591e+04 -3.265176e+04 6.741011e+02 -1.607825e+03 5.406921e+04 2.677093e+03 6.297500e+04 -6.097334e+04 1.653726e+03
2.929293e-03 4.243862e+04 -1.006888e+03 2.131164e+03 -6.689343e+04 3.109389e+03 8.179341e+04 -7.524395e+04 2.192201e+03 2.200407e+03 6.688458e+04 -3.266219e+04 -6.830751e+02 7.524902e+04 2.261340e+03 2.113261e+03 -6.298583e+04 2.621982e+03 7.623043e+04 -3.723211e+04 -1.012324e+03 -8.575371e+04 -2.690557e+03 -2.331938e+03 7.177683e+04 -3.723005e+04 6.496914e+02 -1.782121e+03 5.869266e+04 2.804856e+03 7.177581e+04 -6.602702e+04 1.836229e+03
3.131313e-03 4.847132e+04 -9.817348e+02 2.358254e+03 -7.315852e+04 3.274201e+03 9.337890e+04 -8.208690e+04 2.430468e+03 2.437486e+03 7.314711e+04 -3.730474e+04 -6.654851e+02 8.209438e+04 2.509605e+03 2.224838e+03 -7.190778e+04 2.903125e+03 8.336962e+04 -4.252443e+04 -1.001084e+03 -9.355419e+04 -2.984369e+03 -2.454138e+03 8.194377e+04 -4.252211e+04 6.188200e+02 -1.972959e+03 6.418844e+04 2.954437e+03 8.194262e+04 -7.203210e+04 2.036922e+03
3.333333e-03 5.552497e+04 -9.482065e+02 2.608899e+03 -8.065514e+04 3.468631e+03 1.069169e+05 -9.027222e+04 2.694672e+03 2.699860e+03 8.064062e+04 -4.273290e+04 -6.420929e+02 9.028263e+04 2.785555e+03 2.356441e+03 -8.233346e+04 3.213896e+03 9.191213e+04 -4.871236e+04 -9.843116e+02 -1.028849e+05 -3.310526e+03 -2.598550e+03 9.382423e+04 -4.870972e+04 5.795204e+02 -2.183849e+03 7.076451e+04 3.130618e+03 9.382293e+04 -7.921519e+04 2.259762e+03
3.535354e-03 6.387579e+04 -9.033773e+02 2.888371e+03 -8.970078e+04 3.699857e+03 1.229352e+05 -1.001459e+05 2.990769e+03 2.993289e+03 8.968245e+04 -4.915920e+04 -6.108782e+02 1.001599e+05 3.095633e+03 2.512918e+03 -9.466928e+04 3.560991e+03 1.022197e+05 -5.603819e+04 -9.598484e+02 -1.141403e+05 -3.676500e+03 -2.770619e+03 1.078813e+05 -5.603519e+04 5.290821e+02 -2.419319e+03 7.869934e+04 3.339778e+03 1.078798e+05 -8.787997e+04 2.509876e+03
3.737374e-03 7.389984e+04 -8.430980e+02 3.203611e+03 -1.007291e+05 3.977681e+03 1.421520e+05 -1.121809e+05 3.326633e+03 3.325381e+03 1.007060e+05 -5.687302e+04 -5.689781e+02 1.121994e+05 3.448386e+03 2.700888e+03 -1.094684e+05 3.953237e+03 1.147866e+05 -6.483181e+04 -9.246048e+02 -1.278595e+05 -4.092186e+03 -2.977791e+03 1.247453e+05 -6.482838e+04 4.636911e+02 -2.685335e+03 8.837331e+04 3.590616e+03 1.247437e+05 -9.844143e+04 2.794054e+03
3.939394e-03 8.612176e+04 -7.613430e+02 3.563988e+03 -1.143461e+05 4.315832e+03 1.655692e+05 -1.270388e+05 3.712952e+03 3.706455e+03 1.143172e+05 -6.627803e+04 -5.122367e+02 1.270629e+05 3.855453e+03 2.929623e+03 -1.275024e+05 4.402586e+03 1.303033e+05 -7.555343e+04 -8.740571e+02 -1.447968e+05 -4.571035e+03 -3.230511e+03 1.452955e+05 -7.554948e+04 3.778476e+02 -2.989974e+03 1.003181e+05 3.895300e+03 1.452936e+05 -1.114802e+05 3.121529e+03
4.141414e-03 1.012949e+05 -6.491039e+02 3.982567e+03 -1.314235e+05 4.734142e+03 1.946252e+05 -1.456718e+05 4.164689e+03 4.150953e+03 1.313870e+05 -7.795395e+04 -4.344436e+02 1.457030e+05 4.333185e+03 3.212517e+03 -1.498792e+05 4.925733e+03 1.497630e+05 -8.886395e+04 -8.013905e+02 -1.660375e+05 -5.131911e+03 -3.543891e+03 1.707943e+05 -8.885935e+04 2.633850e+02 -3.344517e+03 1.152982e+05 4.271382e+03 1.707921e+05 -1.278319e+05 3.505255e+03
4.343434e-03 1.205400e+05 -4.924222e+02 4.478268e+03 -1.532576e+05 5.262381e+03 2.314595e+05 -1.694986e+05 4.703612e+03 4.679886e+03 1.532113e+05 -9.276299e+04 -3.259800e+02 1.695391e+05 4.905449e+03 3.569670e+03 -1.782464e+05 5.546918e+03 1.746430e+05 -1.057463e+05 -6.959714e+02 -1.931990e+05 -5.802302e+03 -3.940654e+03 2.031192e+05 -1.057409e+05 1.077272e+02 -3.765340e+03 1.344507e+05 4.745173e+03 2.031167e+05 -1.487415e+05 3.964111e+03
4.545455e-03 1.455981e+05 -2.686666e+02 5.079862e+03 -1.818630e+05 5.947427e+03 2.793961e+05 -2.007275e+05 5.362934e+03 5.325348e+03 1.818037e+05 -1.120450e+05 -1.712591e+02 2.007805e+05 5.608796e+03 4.032742e+03 -2.151641e+05 6.303092e+03 2.072387e+05 -1.277281e+05 -5.404518e+02 -2.287988e+05 -6.624221e+03 -4.456641e+03 2.451873e+05 -1.277216e+05 -1.093984e+02 -4.277402e+03 1.595428e+05 5.358048e+03 2.451844e+05 -1.761471e+05 4.526963e+03
4.747475e-03 1.793342e+05 6.109335e+01 5.833969e+03 -2.205508e+05 6.867896e+03 3.439031e+05 -2.429973e+05 6.196603e+03 6.139576e+03 2.204736e+05 -1.380043e+05 5.651821e+01 2.430673e+05 6.502821e+03 4.654826e+03 -2.648436e+05 7.254270e+03 2.513233e+05 -1.573221e+05 -3.048228e+02 -2.769849e+05 -7.666043e+03 -5.152047e+03 3.017975e+05 -1.573142e+05 -4.226831e+02 -4.921239e+03 1.934789e+05 6.179299e+03 3.017939e+05 -2.132420e+05 5.240796e+03
4.949495e-03 2.268417e+05 5.694909e+02 6.822994e+03 -2.752008e+05 8.167380e+03 4.347031e+05 -3.027903e+05 7.300065e+03 7.215302e+03 2.750980e+05 -1.745601e+05 4.073221e+02 3.028848e+05 7.693348e+03 5.532915e+03 -3.347728e+05 8.506777e+03 3.135965e+05 -1.989966e+05 6.717047e+01 -3.451472e+05 -9.048969e+03 -6.137001e+03 3.814821e+05 -1.989866e+05 -8.965505e+02 -5.768665e+03 2.414164e+05 7.335337e+03 3.814776e+05 -2.657148e+05 6.188897e+03
5.151515e-03 2.982746e+05 1.409174e+03 8.212303e+03 -3.575103e+05 1.014294e+04 5.711776e+05 -3.930585e+05 8.864632e+03 8.739368e+03 3.573684e+05 -2.295254e+05 9.861036e+02 3.931905e+05 9.393274e+03 6.867713e+03 -4.398785e+05 1.027444e+04 4.073873e+05 -2.616586e+05 6.942212e+02 -4.480506e+05 -1.101641e+04 -7.639674e+03 5.012502e+05 -2.616455e+05 -1.665853e+03 -6.964110e+03 3.136158e+05 9.087385e+03 5.012444e+05 -3.449322e+05 7.538529e+03
5.353535e-03 4.180621e+05 2.969900e+03 1.040940e+04 -4.955423e+05 1.354632e+04 7.999619e+05 -5.450590e+05 1.135986e+04 1.117376e+04 4.953339e+05 -3.216973e+05 2.060639e+03 5.452545e+05 1.212691e+04 9.167301e+03 -6.160772e+05 1.308504e+04 5.646728e+05 -3.667377e+05 1.880291e+03 -6.213275e+05 -1.416694e+04 -1.023830e+04 7.020287e+05 -3.667191e+05 -3.073782e+03 -8.864166e+03 4.346927e+05 1.209589e+04 7.020206e+05 -4.783245e+05 9.700899e+03
5.555556e-03 6.725846e+05 6.727683e+03 1.492528e+04 -7.881281e+05 2.122446e+04 1.285993e+06 -8.697843e+05 1.651356e+04 1.623564e+04 7.877775e+05 -5.175422e+05 4.644149e+03 8.701153e+05 1.782922e+04 1.435670e+04 -9.903959e+05 1.889779e+04 8.980697e+05 -5.900083e+05 4.778630e+03 -9.915059e+05 -2.070706e+04 -1.612539e+04 1.128564e+06 -5.899771e+05 -6.416905e+03 -1.279300e+04 6.913383e+05 1.886029e+04 1.128551e+06 -7.632967e+05 1.419107e+04
5.757576e-03 -1.364934e+07 -2.698009e+05 -2.687877e+05 1.544594e+07 -5.239475e+05 -2.607759e+07 1.771524e+07 -3.020546e+05 -3.065589e+05 -1.543839e+07 1.050277e+07 -1.849113e+05 -1.772232e+07 -3.399998e+05 -3.546072e+05 2.008375e+07 -3.490503e+05 -1.760043e+07 1.197360e+07 -2.113802e+05 2.019455e+07 3.869872e+05 4.043406e+05 -2.288540e+07 1.197266e+07 2.360856e+05 2.361083e+05 -1.354855e+07 -4.595389e+05 -2.288515e+07 1.554653e+07 -2.654172e+05
5.959596e-03 6.943923e+05 1.723817e+03 1.105455e+04 -8.355929e+05 1.099019e+04 1.325441e+06 -8.698858e+05 1.285201e+04 1.165079e+04 8.352053e+05 -5.342946e+05 1.253300e+03 8.702658e+05 1.345161e+04 7.388069e+03 -1.020798e+06 1.378574e+04 9.521487e+05 -6.091126e+05 7.825249e+02 -9.916642e+05 -1.583418e+04 -8.111779e+03 1.163192e+06 -6.091001e+05 -2.158019e+03 -9.309398e+03 7.329656e+05 9.951859e+03 1.163185e+06 -7.633959e+05 1.088887e+04
6.161616e-03 -1.329761e+06 -2.995616e+04 -1.788035e+04 1.502241e+06 -4.508231e+04 -2.536225e+06 1.704390e+06 -2.139121e+04 -2.149593e+04 -1.501455e+06 1.023169e+06 -2.052344e+04 -1.705140e+06 -2.502790e+04 -3.047297e+04 1.953318e+06 -2.392105e+04 -1.711763e+06 1.166475e+06 -2.413888e+04 1.942986e+06 2.792996e+04 3.508315e+04 -2.225785e+06 1.166394e+06 2.553544e+04 1.613418e+04 -1.317675e+06 -3.920388e+04 -2.225756e+06 1.495751e+06 -1.922632e+04
6.363636e-03 2.123363e+06 1.084865e+04 2.101080e+04 -2.535710e+06 2.539827e+04 4.045979e+06 -2.628700e+06 2.693725e+04 2.274816e+04 2.534433e+06 -1.633737e+06 7.649892e+03 2.629961e+06 2.868626e+04 1.698189e+04 -3.116109e+06 2.663105e+04 2.889377e+06 -1.862548e+06 7.850640e+03 -2.996790e+06 -3.338889e+04 -1.891914e+04 3.550744e+06 -1.862513e+06 -1.038608e+04 -1.789352e+04 2.224213e+06 2.272099e+04 3.550725e+06 -2.306929e+06 2.309968e+04
6.565657e-03 -1.009472e+05 -1.707227e+04 -7.448511e+02 6.820429e+04 -1.822958e+04 -1.922605e+05 1.584118e+05 -1.004539e+03 -2.465312e+03 -6.813510e+04 7.767591e+04 -1.161430e+04 -1.584692e+05 -2.737276e+03 -1.237282e+04 1.480773e+05 -1.950779e+03 -7.770937e+04 8.856819e+04 -1.430301e+04 1.805728e+05 2.253019e+03 1.463549e+04 -1.687345e+05 8.853157e+04 1.391345e+04 1.314824e+03 -5.980052e+04 -1.546094e+04 -1.687227e+05 1.390204e+05 -1.548608e+03
6.767677e-03 -6.880496e+06 -6.115413e+04 -2.397198e+04 8.161137e+06 -6.690928e+04 -1.308631e+07 8.473507e+06 -4.467658e+04 -3.020738e+04 -8.156673e+06 5.293678e+06 -4.254852e+04 -8.477937e+06 -5.096163e+04 -4.446139e+04 1.007902e+07 -3.330326e+04 -9.299286e+06 6.035226e+06 -4.989646e+04 9.660285e+06 5.692449e+04 5.137797e+04 -1.148466e+07 6.035089e+06 5.225327e+04 2.190017e+04 -7.158369e+06 -5.800373e+04 -1.148464e+07 7.436412e+06 -4.008988e+04
6.969697e-03 1.176358e+07 5.641844e+02 3.921425e+03 -1.427085e+07 -2.656594e+04 2.235191e+07 -1.420009e+07 4.076195e+04 2.642806e+03 1.426304e+07 -9.050388e+06 2.177023e+03 1.420791e+07 3.947246e+04 -1.984151e+04 -1.721550e+07 4.869962e+03 1.626100e+07 -1.031817e+07 2.326968e+02 -1.618929e+07 -4.684951e+04 2.379156e+04 1.961631e+07 -1.031821e+07 -2.742876e+03 -2.011006e+03 1.251742e+07 -2.213085e+04 1.961629e+07 -1.246216e+07 3.433102e+04
7.171717e-03 1.170936e+06 -2.444965e+04 -3.154745e+03 -1.489195e+06 -3.109373e+04 2.222602e+06 -1.358134e+06 6.947348e+02 -5.882851e+03 1.488388e+06 -9.008334e+05 -1.642034e+04 1.358950e+06 -2.058668e+03 -2.131001e+04 -1.711886e+06 -5.378858e+03 1.696862e+06 -1.027016e+06 -2.031225e+04 -1.548447e+06 1.005598e+03 2.513364e+04 1.950595e+06 -1.027071e+06 1.985471e+04 3.788830e+03 1.306235e+06 -2.643589e+04 1.950606e+06 -1.191928e+06 -4.225183e+02
7.373737e-03 4.455840e+06 2.757032e+04 -3.065217e+04 -5.371042e+06 -7.592888e+03 8.449559e+06 -5.412865e+06 -1.562668e+04 -2.968155e+04 5.367871e+06 -3.427953e+06 1.947772e+04 5.416034e+06 -1.464592e+04 -5.908254e+03 -6.508064e+06 -3.616133e+04 6.119970e+06 -3.908255e+06 2.498400e+04 -6.171251e+06 1.903123e+04 5.213770e+03 7.415552e+06 -3.908244e+06 -2.140650e+04 2.509953e+04 4.710981e+06 -8.182858e+03 7.415533e+06 -4.750458e+06 -1.190967e+04
7.575758e-03 -3.380366e+06 -7.073107e+04 3.570224e+04 3.957119e+06 -3.669971e+04 -6.403745e+06 4.193060e+06 2.399585e+04 3.040413e+04 -3.954656e+06 2.600538e+06 -4.863417e+04 -4.195519e+06 1.864100e+04 -2.432791e+04 4.932373e+06 3.973564e+04 -4.508866e+06 2.964972e+06 -6.144147e+04 4.780520e+06 -2.636364e+04 3.104466e+04 -5.620120e+06 2.964873e+06 5.604926e+04 -2.741311e+04 -3.470728e+06 -2.888208e+04 -5.620102e+06 3.679946e+06 1.711316e+04
7.777778e-03 -1.922939e+05 -1.720024e+04 2.528460e+03 1.892519e+05 -1.541971e+04 -3.639807e+05 2.599197e+05 1.874881e+03 9.088255e+02 -1.891095e+05 1.479381e+05 -1.171562e+04 -2.600629e+05 2.369440e+02 -1.043578e+04 2.803523e+05 2.063865e+03 -2.156342e+05 1.686778e+05 -1.455392e+04 2.963234e+05 -1.309106e+03 1.256291e+04 -3.194445e+05 1.686494e+05 1.389042e+04 -1.427156e+03 -1.659717e+05 -1.286030e+04 -3.194377e+05 2.281132e+05 8.450432e+02
7.979798e-03 1.016953e+06 1.649745e+04 -1.855911e+04 -1.217416e+06 6.313192e+02 1.922322e+06 -1.252291e+06 -1.475276e+04 -1.772069e+04 1.216629e+06 -7.823013e+05 1.139984e+04 1.253080e+06 -1.390379e+04 2.308453e+02 -1.480681e+06 -2.187480e+04 1.387143e+06 -8.919505e+05 1.495694e+04 -1.427784e+06 1.753222e+04 -1.388918e+03 1.687115e+06 -8.919382e+05 -1.251134e+04 1.499259e+04 1.067767e+06 -5.724511e+02 1.687109e+06 -1.099061e+06 -1.164593e+04
8.181818e-03 1.923161e+07 6.160572e+05 -4.164397e+05 -2.229553e+07 2.852713e+05 3.631464e+07 -2.412948e+07 -3.426731e+05 -3.717338e+05 2.228010e+07 -1.479382e+07 4.221840e+05 2.414502e+07 -2.973830e+05 1.897501e+05 -2.797224e+07 -4.754399e+05 2.540338e+07 -1.686767e+07 5.411200e+05 -2.751114e+07 3.910845e+05 -2.509474e+05 3.187191e+07 -1.686713e+07 -4.806026e+05 3.255498e+05 1.955435e+07 2.156009e+05 3.187138e+07 -2.117713e+07 -2.605043e+05
8.383838e-03 1.515834e+06 4.863950e+04 -3.879447e+04 -1.768745e+06 1.886736e+04 2.859115e+06 -1.902346e+06 -3.279211e+04 -3.544606e+04 1.767517e+06 -1.166027e+06 3.334157e+04 1.903586e+06 -2.939783e+04 1.248491e+04 -2.202313e+06 -4.480907e+04 2.015306e+06 -1.329500e+06 4.308360e+04 -2.168955e+06 3.794798e+04 -1.721715e+04 2.509322e+06 -1.329450e+06 -3.759469e+04 3.064458e+04 1.551272e+06 1.356531e+04 2.509309e+06 -1.669597e+06 -2.535084e+04
8.585859e-03 6.180753e+05 1.877481e+04 -1.838584e+04 -7.293410e+05 5.059230e+03 1.164433e+06 -7.750847e+05 -1.584723e+04 -1.720646e+04 7.288275e+05 -4.754286e+05 1.288152e+04 7.756033e+05 -1.465068e+04 3.296087e+03 -8.969504e+05 -2.149216e+04 8.310059e+05 -5.420890e+05 1.684380e+04 -8.837205e+05 1.859239e+04 -5.048200e+03 1.021980e+06 -5.420721e+05 -1.431141e+04 1.468399e+04 6.396638e+05 3.146843e+03 1.021976e+06 -6.802591e+05 -1.244536e+04
8.787879e-03 4.042894e+05 1.236888e+04 -1.370854e+04 -4.802953e+05 2.436674e+03 7.607686e+05 -5.078976e+05 -1.198995e+04 -1.297737e+04 4.799514e+05 -3.109738e+05 8.488866e+03 5.082453e+05 -1.124752e+04 1.559324e+03 -5.860209e+05 -1.611965e+04 5.472420e+05 -3.545806e+05 1.119796e+04 -5.790898e+05 1.415737e+04 -2.700447e+03 6.677037e+05 -3.545706e+05 -9.330051e+03 1.100529e+04 4.212375e+05 1.214265e+03 6.677015e+05 -4.457633e+05 -9.489394e+03
8.989899e-03 2.956884e+05 9.237406e+03 -1.127540e+04 -3.533666e+05 1.292526e+03 5.557415e+05 -3.724447e+05 -9.975585e+03 -1.075653e+04 3.531091e+05 -2.274329e+05 6.340607e+03 3.727052e+05 -9.448259e+03 8.049075e+02 -4.280949e+05 -1.331215e+04 4.026188e+05 -2.593287e+05 8.429881e+03 -4.246541e+05 1.182859e+04 -1.657238e+03 4.877613e+05 -2.593219e+05 -6.902039e+03 9.083108e+03 3.099143e+05 3.938425e+02 4.877600e+05 -3.268835e+05 -7.936158e+03
9.191919e-03 2.289402e+05 7.340852e+03 -9.713735e+03 -2.751630e+05 6.753057e+02 4.297637e+05 -2.892813e+05 -8.673626e+03 -9.319702e+03 2.749592e+05 -1.760876e+05 5.039201e+03 2.894878e+05 -8.272827e+03 3.997812e+02 -3.310577e+05 -1.150315e+04 3.135134e+05 -2.007854e+05 6.748656e+03 -3.298355e+05 1.031647e+04 -1.082233e+03 3.771964e+05 -2.007805e+05 -5.435912e+03 7.844812e+03 2.413258e+05 -3.438732e+01 3.771956e+05 -2.538952e+05 -6.926618e+03
9.393939e-03 1.838140e+05 6.061670e+03 -8.602249e+03 -2.221813e+05 3.061016e+02 3.446243e+05 -2.330856e+05 -7.739627e+03 -8.290098e+03 2.220141e+05 -1.413750e+05 4.161303e+03 2.332551e+05 -7.421834e+03 1.586707e+02 -2.654770e+05 -1.021127e+04 2.531460e+05 -1.612064e+05 5.611647e+03 -2.657638e+05 9.227495e+03 -7.295203e+02 3.024735e+05 -1.612027e+05 -4.449954e+03 6.960712e+03 1.948583e+05 -2.803786e+02 3.024729e+05 -2.045750e+05 -6.198823e+03
9.595960e-03 1.514442e+05 5.139631e+03 -7.760212e+03 -1.841024e+05 7.152909e+01 2.835767e+05 -1.927802e+05 -7.026421e+03 -7.505523e+03 1.839617e+05 -1.164753e+05 3.528456e+03 1.929230e+05 -6.766894e+03 6.376315e+00 -2.184533e+05 -9.229713e+03 2.097590e+05 -1.328159e+05 4.789991e+03 -2.198093e+05 8.393226e+03 -4.987103e+02 2.488946e+05 -1.328131e+05 -3.741304e+03 6.289134e+03 1.614614e+05 -4.289287e+02 2.488943e+05 -1.692009e+05 -5.640683e+03
9.797980e-03 1.272467e+05 4.443930e+03 -7.094877e+03 -1.555827e+05 -8.322864e+01 2.379613e+05 -1.626454e+05 -6.458599e+03 -6.882442e+03 1.554620e+05 -9.786222e+04 3.050937e+03 1.627679e+05 -6.241931e+03 -9.339929e+01 -1.833165e+05 -8.452153e+03 1.772639e+05 -1.115933e+05 4.168535e+03 -1.854507e+05 7.727167e+03 -3.410193e+02 2.088598e+05 -1.115910e+05 -3.208083e+03 5.757250e+03 1.364485e+05 -5.207165e+02 2.088596e+05 -1.427529e+05 -5.194647e+03
1.000000e-02 1.085922e+05 3.901025e+03 -6.552908e+03 -1.335533e+05 -1.877402e+02 2.028107e+05 -1.394035e+05 -5.992778e+03 -6.372637e+03 1.334483e+05 -8.351296e+04 2.678289e+03 1.395102e+05 -5.808744e+03 -1.602034e+02 -1.562404e+05 -7.817348e+03 1.521637e+05 -9.523214e+04 3.682461e+03 -1.589510e+05 7.179449e+03 -2.299731e+02 1.780095e+05 -9.523036e+04 -2.793070e+03 5.323101e+03 1.171278e+05 -5.774880e+02 1.780094e+05 -1.223545e+05 -4.827527e+03
