-1.000000e-02 5.531837e+03 2.575616e+03 1.668555e+03 -5.811428e+02 -2.139127e+03 -2.631642e+04 -2.493612e+03 1.268939e+03 1.657531e+03 5.419897e+02 -4.269095e+03 1.764224e+03 2.532694e+03 1.254634e+03 -1.468055e+03 2.027144e+04 2.013131e+03 6.719486e+02 -4.856368e+03 2.338260e+03 -2.895786e+03 -1.569331e+03 1.584747e+03 -2.309828e+04 -4.860073e+03 -1.932423e+03 -1.368903e+03 4.684750e+02 -1.965445e+03 -2.309519e+04 -2.180940e+03 1.005786e+03
-9.797980e-03 5.685203e+03 2.629879e+03 1.669849e+03 -3.353338e+02 -2.180476e+03 -2.692478e+04 -2.335589e+03 1.267673e+03 1.658569e+03 2.959658e+02 -4.386491e+03 1.800986e+03 2.374860e+03 1.253100e+03 -1.496020e+03 2.073915e+04 2.014596e+03 3.918767e+02 -4.990530e+03 2.384784e+03 -2.715976e+03 -1.567585e+03 1.617646e+03 -2.363173e+04 -4.994333e+03 -1.975418e+03 -1.369823e+03 2.525186e+02 -2.000707e+03 -2.362858e+04 -2.042201e+03 1.004677e+03
-9.595960e-03 5.840258e+03 2.685469e+03 1.670504e+03 -7.207390e+01 -2.222688e+03 -2.753795e+04 -2.164276e+03 1.265853e+03 1.658966e+03 3.251246e+01 -4.505163e+03 1.838642e+03 2.203713e+03 1.251011e+03 -1.524562e+03 2.121053e+04 2.015287e+03 9.191016e+01 -5.126161e+03 2.432449e+03 -2.520986e+03 -1.565164e+03 1.651229e+03 -2.416939e+04 -5.130063e+03 -2.019452e+03 -1.370215e+03 2.127445e+01 -2.036700e+03 -2.416617e+04 -1.891806e+03 1.003116e+03
-9.393939e-03 5.996703e+03 2.742396e+03 1.670473e+03 2.095097e+02 -2.265760e+03 -2.815462e+04 -1.978965e+03 1.263447e+03 1.658676e+03 -2.492411e+02 -4.624879e+03 1.877198e+03 2.018542e+03 1.248335e+03 -1.553680e+03 2.168457e+04 2.015149e+03 -2.289463e+02 -5.262995e+03 2.481264e+03 -2.310008e+03 -1.562028e+03 1.685493e+03 -2.471011e+04 -5.266998e+03 -2.064536e+03 -1.370043e+03 -2.260212e+02 -2.073420e+03 -2.470681e+04 -1.729134e+03 1.001076e+03
-9.191919e-03 6.154195e+03 2.800671e+03 1.669710e+03 5.103029e+02 -2.309688e+03 -2.877330e+04 -1.778936e+03 1.260422e+03 1.657652e+03 -5.501790e+02 -4.745376e+03 1.916661e+03 1.818626e+03 1.245041e+03 -1.583369e+03 2.216015e+04 2.014124e+03 -5.717032e+02 -5.400733e+03 2.531239e+03 -2.082217e+03 -1.558136e+03 1.720436e+03 -2.525258e+04 -5.404837e+03 -2.110676e+03 -1.369265e+03 -4.901434e+02 -2.110865e+03 -2.524921e+04 -1.553554e+03 9.985315e+02
-8.989899e-03 6.312344e+03 2.860300e+03 1.668164e+03 8.311999e+02 -2.354466e+03 -2.939233e+04 -1.563459e+03 1.256743e+03 1.655846e+03 -8.711933e+02 -4.866356e+03 1.957035e+03 1.603232e+03 1.241093e+03 -1.613625e+03 2.263596e+04 2.012154e+03 -9.373802e+02 -5.539035e+03 2.582379e+03 -1.836779e+03 -1.553446e+03 1.756052e+03 -2.579534e+04 -5.543240e+03 -2.157875e+03 -1.367843e+03 -7.718744e+02 -2.149028e+03 -2.579190e+04 -1.364426e+03 9.954551e+02
-8.787879e-03 6.470715e+03 2.921286e+03 1.665784e+03 1.173097e+03 -2.400083e+03 -3.000984e+04 -1.331799e+03 1.252374e+03 1.653205e+03 -1.213179e+03 -4.987482e+03 1.998320e+03 1.371624e+03 1.236457e+03 -1.644441e+03 2.311059e+04 2.009174e+03 -1.327000e+03 -5.677517e+03 2.634687e+03 -1.572852e+03 -1.547913e+03 1.792333e+03 -2.633676e+04 -5.681824e+03 -2.206136e+03 -1.365733e+03 -1.071998e+03 -2.187900e+03 -2.633324e+04 -1.161107e+03 9.918187e+02
-8.585859e-03 6.628818e+03 2.983626e+03 1.662515e+03 1.536888e+03 -2.446527e+03 -3.062377e+04 -1.083223e+03 1.247279e+03 1.649677e+03 -1.577026e+03 -5.108381e+03 2.040516e+03 1.123065e+03 1.231099e+03 -1.675808e+03 2.358244e+04 2.005120e+03 -1.741582e+03 -5.815751e+03 2.688161e+03 -1.289598e+03 -1.541494e+03 1.829269e+03 -2.687502e+04 -5.820160e+03 -2.255456e+03 -1.362892e+03 -1.391297e+03 -2.227470e+03 -2.687143e+04 -9.429524e+02 9.875940e+02
-8.383838e-03 6.786108e+03 3.047315e+03 1.658300e+03 1.923453e+03 -2.493782e+03 -3.123181e+04 -8.170017e+02 1.241421e+03 1.645206e+03 -1.963614e+03 -5.228633e+03 2.083617e+03 8.568257e+02 1.224981e+03 -1.707713e+03 2.404973e+04 1.999923e+03 -2.182129e+03 -5.953260e+03 2.742797e+03 -9.861825e+02 -1.534141e+03 1.866845e+03 -2.740810e+04 -5.957771e+03 -2.305831e+03 -1.359273e+03 -1.730539e+03 -2.267723e+03 -2.740444e+04 -7.093245e+02 9.827516e+02
-8.181818e-03 6.941981e+03 3.112343e+03 1.653081e+03 2.333651e+03 -2.541826e+03 -3.183143e+04 -5.324214e+02 1.234761e+03 1.639734e+03 -2.373800e+03 -5.347776e+03 2.127617e+03 5.721884e+02 1.218066e+03 -1.740143e+03 2.451052e+04 1.993514e+03 -2.649623e+03 -6.089516e+03 2.798586e+03 -6.617883e+02 -1.525808e+03 1.905046e+03 -2.793378e+04 -6.094128e+03 -2.357250e+03 -1.354828e+03 -2.090478e+03 -2.308642e+03 -2.793005e+04 -4.595968e+02 9.772619e+02
-7.979798e-03 7.095771e+03 3.178693e+03 1.646797e+03 2.768314e+03 -2.590636e+03 -3.241984e+04 -2.287883e+02 1.227260e+03 1.633201e+03 -2.808412e+03 -5.465298e+03 2.172504e+03 2.684578e+02 1.210317e+03 -1.773080e+03 2.496266e+04 1.985818e+03 -3.145011e+03 -6.223935e+03 2.855514e+03 -3.156216e+02 -1.516446e+03 1.943853e+03 -2.844962e+04 -6.228646e+03 -2.409699e+03 -1.349508e+03 -2.471838e+03 -2.350204e+03 -2.844582e+04 -1.931615e+02 9.710947e+02
-7.777778e-03 7.246747e+03 3.246343e+03 1.639385e+03 3.228226e+03 -2.640182e+03 -3.299399e+04 9.456059e+01 1.218880e+03 1.625547e+03 -3.268234e+03 -5.580638e+03 2.218261e+03 -5.503151e+01 1.201696e+03 -1.806504e+03 2.540381e+04 1.976762e+03 -3.669189e+03 -6.355876e+03 2.913562e+03 5.307687e+01 -1.506007e+03 1.983241e+03 -2.895293e+04 -6.360686e+03 -2.463162e+03 -1.343262e+03 -2.875308e+03 -2.392386e+03 -2.894906e+04 9.056247e+01 9.642195e+02
-7.575758e-03 7.394107e+03 3.315263e+03 1.630781e+03 3.714119e+03 -2.690431e+03 -3.355055e+04 4.382480e+02 1.209579e+03 1.616707e+03 -3.753995e+03 -5.693182e+03 2.264869e+03 -3.989043e+02 1.192165e+03 -1.840392e+03 2.583141e+04 1.966266e+03 -4.222992e+03 -6.484640e+03 2.972706e+03 4.450200e+02 -1.494442e+03 2.023185e+03 -2.944080e+04 -6.489545e+03 -2.517613e+03 -1.336037e+03 -3.301526e+03 -2.435158e+03 -2.943687e+04 3.921209e+02 9.566057e+02
-7.373737e-03 7.536983e+03 3.385418e+03 1.620917e+03 4.226656e+03 -2.741344e+03 -3.408593e+04 8.028449e+02 1.199319e+03 1.606617e+03 -4.266355e+03 -5.802265e+03 2.312304e+03 -7.637338e+02 1.181685e+03 -1.874718e+03 2.624269e+04 1.954252e+03 -4.807175e+03 -6.609464e+03 3.032915e+03 8.608617e+02 -1.481701e+03 2.063652e+03 -2.991008e+04 -6.614462e+03 -2.573023e+03 -1.327780e+03 -3.751071e+03 -2.478487e+03 -2.990608e+04 7.120140e+02 9.482227e+02
-7.171717e-03 7.674431e+03 3.456764e+03 1.609728e+03 4.766411e+03 -2.792877e+03 -3.459623e+04 1.188858e+03 1.188058e+03 1.595211e+03 -4.805889e+03 -5.907162e+03 2.360533e+03 -1.150028e+03 1.170218e+03 -1.909450e+03 2.663465e+04 1.940637e+03 -5.422395e+03 -6.729523e+03 3.094151e+03 1.301182e+03 -1.467734e+03 2.104608e+03 -3.035736e+04 -6.734611e+03 -2.629356e+03 -1.318435e+03 -4.224446e+03 -2.522334e+03 -3.035329e+04 1.050686e+03 9.390397e+02
-6.969697e-03 7.805435e+03 3.529247e+03 1.597142e+03 5.333859e+03 -2.844980e+03 -3.507727e+04 1.596715e+03 1.175758e+03 1.582422e+03 -5.373066e+03 -6.007095e+03 2.409523e+03 -1.558218e+03 1.157725e+03 -1.944555e+03 2.700408e+04 1.925340e+03 -6.069191e+03 -6.843930e+03 3.156369e+03 1.766473e+03 -1.452492e+03 2.146013e+03 -3.077895e+04 -6.849103e+03 -2.686571e+03 -1.307947e+03 -4.722062e+03 -2.566656e+03 -3.077483e+04 1.408511e+03 9.290266e+02
-6.767677e-03 7.928906e+03 3.602806e+03 1.583090e+03 5.929348e+03 -2.897597e+03 -3.552457e+04 2.026752e+03 1.162377e+03 1.568180e+03 -5.968236e+03 -6.101230e+03 2.459229e+03 -1.988641e+03 1.144170e+03 -1.979994e+03 2.734753e+04 1.908275e+03 -6.747965e+03 -6.951729e+03 3.219517e+03 2.257119e+03 -1.435925e+03 2.187823e+03 -3.117093e+04 -6.956983e+03 -2.744617e+03 -1.296259e+03 -5.244227e+03 -2.611406e+03 -3.116676e+04 1.785784e+03 9.181535e+02
-6.565657e-03 8.043680e+03 3.677369e+03 1.567502e+03 6.553089e+03 -2.950666e+03 -3.593336e+04 2.479194e+03 1.147879e+03 1.552418e+03 -6.591606e+03 -6.188674e+03 2.509604e+03 -2.441523e+03 1.129515e+03 -2.015726e+03 2.766135e+04 1.889359e+03 -7.458953e+03 -7.051902e+03 3.283532e+03 2.773380e+03 -1.417985e+03 2.229987e+03 -3.152914e+04 -7.057232e+03 -2.803438e+03 -1.283313e+03 -5.791120e+03 -2.656530e+03 -3.152491e+04 2.182703e+03 9.063912e+02
-6.363636e-03 8.148522e+03 3.752854e+03 1.550305e+03 7.205125e+03 -3.004118e+03 -3.629861e+04 2.954142e+03 1.132223e+03 1.535065e+03 -7.243219e+03 -6.268482e+03 2.560590e+03 -2.916965e+03 1.113726e+03 -2.051703e+03 2.794165e+04 1.868505e+03 -8.202209e+03 -7.143370e+03 3.348345e+03 3.315370e+03 -1.398625e+03 2.272451e+03 -3.184913e+04 -7.148768e+03 -2.862966e+03 -1.269052e+03 -6.362780e+03 -2.701969e+03 -3.184485e+04 2.599353e+03 8.937117e+02
-6.161616e-03 8.242129e+03 3.829166e+03 1.531430e+03 7.885313e+03 -3.057877e+03 -3.661498e+04 3.451548e+03 1.115374e+03 1.516055e+03 -7.922931e+03 -6.339655e+03 2.612125e+03 -3.414924e+03 1.096767e+03 -2.087874e+03 2.818433e+04 1.845629e+03 -8.977568e+03 -7.224992e+03 3.413875e+03 3.883041e+03 -1.377800e+03 2.315155e+03 -3.212625e+04 -7.230452e+03 -2.923129e+03 -1.253419e+03 -6.959080e+03 -2.747660e+03 -3.212193e+04 3.035695e+03 8.800879e+02
-5.959596e-03 8.323134e+03 3.906200e+03 1.510806e+03 8.593300e+03 -3.111862e+03 -3.687693e+04 3.971205e+03 1.097298e+03 1.495318e+03 -8.630388e+03 -6.401146e+03 2.664137e+03 -3.935189e+03 1.078607e+03 -2.124183e+03 2.838513e+04 1.820648e+03 -9.784630e+03 -7.295572e+03 3.480031e+03 4.476153e+03 -1.355464e+03 2.358033e+03 -3.235561e+04 -7.301085e+03 -2.983842e+03 -1.236358e+03 -7.579708e+03 -2.793530e+03 -3.235127e+04 3.491544e+03 8.654942e+02
-5.757576e-03 8.390112e+03 3.983839e+03 1.488363e+03 9.328499e+03 -3.165983e+03 -3.707865e+04 4.512718e+03 1.077959e+03 1.472787e+03 -9.365002e+03 -6.451864e+03 2.716546e+03 -4.477369e+03 1.059214e+03 -2.160569e+03 2.853960e+04 1.793478e+03 -1.062272e+04 -7.353863e+03 3.546713e+03 5.094261e+03 -1.331578e+03 2.401014e+03 -3.253215e+04 -7.359421e+03 -3.045011e+03 -1.217812e+03 -8.224148e+03 -2.839505e+03 -3.252778e+04 3.966556e+03 8.499066e+02
-5.555556e-03 8.441588e+03 4.061951e+03 1.464035e+03 1.009006e+04 -3.220142e+03 -3.721418e+04 5.075493e+03 1.057328e+03 1.448400e+03 -1.012592e+04 -6.490678e+03 2.769263e+03 -5.040868e+03 1.038561e+03 -2.196968e+03 2.864312e+04 1.764039e+03 -1.149088e+04 -7.398576e+03 3.613808e+03 5.736684e+03 -1.306102e+03 2.444021e+03 -3.265062e+04 -7.404168e+03 -3.106534e+03 -1.197729e+03 -8.891657e+03 -2.885501e+03 -3.264623e+04 4.460208e+03 8.333035e+02
-5.353535e-03 8.476047e+03 4.140393e+03 1.437757e+03 1.087685e+04 -3.274236e+03 -3.727739e+04 5.658711e+03 1.035377e+03 1.422092e+03 -1.091202e+04 -6.516430e+03 2.822190e+03 -5.624866e+03 1.016623e+03 -2.233309e+03 2.869101e+04 1.732254e+03 -1.238781e+04 -7.428385e+03 3.681192e+03 6.402490e+03 -1.279000e+03 2.486971e+03 -3.270565e+04 -7.434000e+03 -3.168296e+03 -1.176055e+03 -9.581239e+03 -2.931430e+03 -3.270124e+04 4.971781e+03 8.156650e+02
-5.151515e-03 8.491949e+03 4.219005e+03 1.409468e+03 1.168743e+04 -3.328152e+03 -3.726205e+04 6.261311e+03 1.012081e+03 1.393806e+03 -1.172186e+04 -6.527940e+03 2.875222e+03 -6.228301e+03 9.933770e+02 -2.269516e+03 2.867846e+04 1.698050e+03 -1.331188e+04 -7.441942e+03 3.748730e+03 7.090467e+03 -1.250242e+03 2.529775e+03 -3.269177e+04 -7.447568e+03 -3.230173e+03 -1.152742e+03 -1.029163e+04 -2.977197e+03 -3.268737e+04 5.500346e+03 7.969743e+02
-4.949495e-03 8.487739e+03 4.297615e+03 1.379109e+03 1.252003e+04 -3.381773e+03 -3.716190e+04 6.881973e+03 9.874178e+02 1.363486e+03 -1.255366e+04 -6.524016e+03 2.928241e+03 -6.849852e+03 9.688048e+02 -2.305511e+03 2.860068e+04 1.661358e+03 -1.426105e+04 -7.437888e+03 3.816272e+03 7.799109e+03 -1.219800e+03 2.572341e+03 -3.260351e+04 -7.443512e+03 -3.292028e+03 -1.127744e+03 -1.102129e+04 -3.022701e+03 -3.259911e+04 6.044744e+03 7.772171e+02
-4.747475e-03 8.461866e+03 4.376038e+03 1.346629e+03 1.337252e+04 -3.434973e+03 -3.697071e+04 7.519100e+03 9.613703e+02 1.331084e+03 -1.340531e+04 -6.503473e+03 2.981121e+03 -7.487920e+03 9.428917e+02 -2.341208e+03 2.845285e+04 1.622116e+03 -1.523293e+04 -7.414867e+03 3.883660e+03 8.526593e+03 -1.187651e+03 2.614566e+03 -3.243539e+04 -7.420474e+03 -3.353716e+03 -1.101019e+03 -1.176834e+04 -3.067836e+03 -3.243101e+04 6.603576e+03 7.563826e+02
-4.545455e-03 8.412804e+03 4.454071e+03 1.311981e+03 1.424243e+04 -3.487619e+03 -3.668235e+04 8.170806e+03 9.339255e+02 1.296553e+03 -1.427433e+04 -6.465141e+03 3.033729e+03 -8.140614e+03 9.156275e+02 -2.376520e+03 2.823029e+04 1.580268e+03 -1.622466e+04 -7.371543e+03 3.950720e+03 9.270763e+03 -1.153778e+03 2.656348e+03 -3.218205e+04 -7.377119e+03 -3.415079e+03 -1.072530e+03 -1.253062e+04 -3.112489e+03 -3.217770e+04 7.175185e+03 7.344633e+02
-4.343434e-03 8.339070e+03 4.531502e+03 1.275124e+03 1.512687e+04 -3.539572e+03 -3.629090e+04 8.834904e+03 9.050748e+02 1.259858e+03 -1.515784e+04 -6.407886e+03 3.085918e+03 -8.805743e+03 8.870065e+02 -2.411353e+03 2.792842e+04 1.535768e+03 -1.723298e+04 -7.306620e+03 4.017268e+03 1.002912e+04 -1.118171e+03 2.697575e+03 -3.183828e+04 -7.312148e+03 -3.475948e+03 -1.042246e+03 -1.330561e+04 -3.156544e+03 -3.183397e+04 7.757655e+03 7.114556e+02
-4.141414e-03 8.239252e+03 4.608102e+03 1.236027e+03 1.602260e+04 -3.590688e+03 -3.579072e+04 9.508897e+03 8.748152e+02 1.220968e+03 -1.605260e+04 -6.330628e+03 3.137537e+03 -9.480808e+03 8.570280e+02 -2.445611e+03 2.754291e+04 1.488576e+03 -1.825417e+04 -7.218864e+03 4.083108e+03 1.079882e+04 -1.080824e+03 2.738133e+03 -3.139914e+04 -7.224326e+03 -3.536145e+03 -1.010142e+03 -1.409045e+04 -3.199877e+03 -3.139489e+04 8.348795e+03 6.873599e+02
-3.939394e-03 8.112031e+03 4.683629e+03 1.194665e+03 1.692596e+04 -3.640818e+03 -3.517657e+04 1.018998e+04 8.431490e+02 1.179862e+03 -1.695495e+04 -6.232356e+03 3.188422e+03 -1.016300e+04 8.256969e+02 -2.479194e+03 2.706975e+04 1.438665e+03 -1.928407e+04 -7.107119e+03 4.148032e+03 1.157664e+04 -1.041739e+03 2.777904e+03 -3.086004e+04 -7.112498e+03 -3.595481e+03 -9.761984e+02 -1.488194e+04 -3.242362e+03 -3.085587e+04 8.946146e+03 6.621808e+02
-3.737374e-03 7.956209e+03 4.757831e+03 1.151025e+03 1.783291e+04 -3.689805e+03 -3.444371e+04 1.087503e+04 8.100845e+02 1.136528e+03 -1.786088e+04 -6.112155e+03 3.238405e+03 -1.084918e+04 7.930236e+02 -2.511999e+03 2.650528e+04 1.386019e+03 -2.031808e+04 -6.970341e+03 4.211823e+03 1.235904e+04 -1.000927e+03 2.816764e+03 -3.021683e+04 -6.975618e+03 -3.653759e+03 -9.404056e+02 -1.567656e+04 -3.283869e+03 -3.021274e+04 9.546974e+03 6.359275e+02
-3.535354e-03 7.770741e+03 4.830445e+03 1.105104e+03 1.873904e+04 -3.737493e+03 -3.358803e+04 1.156065e+04 7.756361e+02 1.090963e+03 -1.876595e+04 -5.969226e+03 3.287308e+03 -1.153595e+04 7.590244e+02 -2.543920e+03 2.584634e+04 1.330635e+03 -2.135116e+04 -6.807615e+03 4.274253e+03 1.314211e+04 -9.584022e+02 2.854590e+03 -2.946589e+04 -6.812769e+03 -3.710772e+03 -9.027616e+02 -1.647043e+04 -3.324264e+03 -2.946190e+04 1.014829e+04 6.086142e+02
-3.333333e-03 7.554760e+03 4.901197e+03 1.056909e+03 1.963957e+04 -3.783720e+03 -3.260614e+04 1.224312e+04 7.398247e+02 1.043179e+03 -1.966542e+04 -5.802905e+03 3.334948e+03 -1.221959e+04 7.237218e+02 -2.574852e+03 2.509034e+04 1.272523e+03 -2.237786e+04 -6.618182e+03 4.335089e+03 1.392161e+04 -9.141915e+02 2.891252e+03 -2.860427e+04 -6.623194e+03 -3.766308e+03 -8.632740e+02 -1.725937e+04 -3.363412e+03 -2.860039e+04 1.074684e+04 5.802595e+02
-3.131313e-03 7.307607e+03 4.969807e+03 1.006460e+03 2.052941e+04 -3.828322e+03 -3.149553e+04 1.291850e+04 7.026782e+02 9.931952e+02 -2.055419e+04 -5.612691e+03 3.381136e+03 -1.289614e+04 6.871446e+02 -2.604686e+03 2.423534e+04 1.211707e+03 -2.339239e+04 -6.401469e+03 4.394087e+03 1.469304e+04 -8.683279e+02 2.926622e+03 -2.762975e+04 -6.406318e+03 -3.820147e+03 -8.219602e+02 -1.803892e+04 -3.401174e+03 -2.762600e+04 1.133915e+04 5.508873e+02
-2.929293e-03 7.028863e+03 5.035988e+03 9.537919e+02 2.140317e+04 -3.871137e+03 -3.025465e+04 1.358257e+04 6.642309e+02 9.410471e+02 -2.142688e+04 -5.398261e+03 3.425682e+03 -1.356138e+04 6.493281e+02 -2.633313e+03 2.328014e+04 1.148229e+03 -2.438858e+04 -6.157108e+03 4.451002e+03 1.545158e+04 -8.208533e+02 2.960571e+03 -2.654097e+04 -6.161773e+03 -3.872066e+03 -7.788483e+02 -1.880436e+04 -3.437414e+03 -2.653737e+04 1.192156e+04 5.205266e+02
-2.727273e-03 6.718373e+03 5.099450e+03 8.989515e+02 2.225521e+04 -3.912000e+03 -2.888301e+04 1.423097e+04 6.245246e+02 8.867822e+02 -2.227787e+04 -5.159500e+03 3.468390e+03 -1.421093e+04 6.103139e+02 -2.660626e+03 2.222439e+04 1.082147e+03 -2.536002e+04 -5.884964e+03 4.505583e+03 1.619224e+04 -7.718184e+02 2.992970e+03 -2.533752e+04 -5.889424e+03 -3.921840e+03 -7.339775e+02 -1.955076e+04 -3.471995e+03 -2.533408e+04 1.249021e+04 4.892113e+02
-2.525253e-03 6.376268e+03 5.159904e+03 8.420008e+02 2.307973e+04 -3.950752e+03 -2.738132e+04 1.485915e+04 5.836077e+02 8.304621e+02 -2.310134e+04 -4.896511e+03 3.509067e+03 -1.484024e+04 5.701503e+02 -2.686517e+03 2.106861e+04 1.013535e+03 -2.630009e+04 -5.585155e+03 4.557580e+03 1.690982e+04 -7.212827e+02 3.023692e+03 -2.402002e+04 -5.589389e+03 -3.969243e+03 -6.873988e+02 -2.027302e+04 -3.504781e+03 -2.401675e+04 1.304112e+04 4.569807e+02
-2.323232e-03 6.002995e+03 5.217061e+03 7.830164e+02 2.387078e+04 -3.987233e+03 -2.575154e+04 1.546248e+04 5.415358e+02 7.721626e+02 -2.389140e+04 -4.609634e+03 3.547519e+03 -1.544467e+04 5.288919e+02 -2.710884e+03 1.981433e+04 9.424854e+02 -2.720201e+04 -5.258070e+03 4.606744e+03 1.759903e+04 -6.693144e+02 3.052610e+03 -2.259017e+04 -5.262057e+03 -4.014049e+03 -6.391747e+02 -2.096597e+04 -3.535639e+03 -2.258709e+04 1.357024e+04 4.238788e+02
-2.121212e-03 5.599323e+03 5.270636e+03 7.220897e+02 2.462241e+04 -4.021290e+03 -2.399695e+04 1.603630e+04 4.983713e+02 7.119738e+02 -2.464206e+04 -4.299463e+03 3.583556e+03 -1.601954e+04 4.865995e+02 -2.733625e+03 1.846407e+04 8.691083e+02 -2.805898e+04 -4.904385e+03 4.652831e+03 1.825454e+04 -6.159904e+02 3.079605e+03 -2.105087e+04 -4.908104e+03 -4.056039e+03 -5.893799e+02 -2.162436e+04 -3.564441e+03 -2.104800e+04 1.407347e+04 3.899547e+02
-1.919192e-03 5.166362e+03 5.320355e+03 6.593275e+02 2.532868e+04 -4.052776e+03 -2.212222e+04 1.657595e+04 4.541835e+02 6.500004e+02 -2.534741e+04 -3.966848e+03 3.616995e+03 -1.656020e+04 4.433403e+02 -2.754643e+03 1.702141e+04 7.935317e+02 -2.886424e+04 -4.525071e+03 4.695603e+03 1.887104e+04 -5.613960e+02 3.104560e+03 -1.940620e+04 -4.528503e+03 -4.094999e+03 -5.381013e+02 -2.224301e+04 -3.591063e+03 -1.940355e+04 1.454674e+04 3.552623e+02
-1.717172e-03 4.705568e+03 5.365952e+03 5.948510e+02 2.598380e+04 -4.081551e+03 -2.013339e+04 1.707692e+04 4.090480e+02 5.863612e+02 -2.600167e+04 -3.612905e+03 3.647658e+03 -1.706209e+04 3.991867e+02 -2.773846e+03 1.549102e+04 7.159016e+02 -2.961118e+04 -4.121401e+03 4.734831e+03 1.944335e+04 -5.056246e+02 3.127365e+03 -1.766146e+04 -4.124528e+03 -4.130722e+03 -4.854372e+02 -2.281684e+04 -3.615389e+03 -1.765905e+04 1.498607e+04 3.198597e+02
-1.515152e-03 4.218737e+03 5.407178e+03 5.287959e+02 2.658219e+04 -4.107485e+03 -1.803790e+04 1.753482e+04 3.630464e+02 5.211887e+02 -2.659927e+04 -3.239012e+03 3.675379e+03 -1.752085e+04 3.542172e+02 -2.791148e+03 1.387860e+04 6.363806e+02 -3.029344e+04 -3.694949e+03 4.770301e+03 1.996647e+04 -4.487772e+02 3.147917e+03 -1.582319e+04 -3.697753e+03 -4.163015e+03 -4.314979e+02 -2.334098e+04 -3.637310e+03 -1.582104e+04 1.538764e+04 2.838095e+02
-1.313131e-03 3.708002e+03 5.443802e+03 4.613115e+02 2.711859e+04 -4.130458e+03 -1.584456e+04 1.794553e+04 3.162662e+02 4.546286e+02 -2.713495e+04 -2.846804e+03 3.700001e+03 -1.793234e+04 3.085150e+02 -2.806471e+03 1.219092e+04 5.551480e+02 -3.090503e+04 -3.247581e+03 4.801812e+03 2.043570e+04 -3.909622e+02 3.166120e+03 -1.389910e+04 -3.250046e+03 -4.191698e+03 -3.764042e+02 -2.381081e+04 -3.656724e+03 -1.389721e+04 1.574782e+04 2.471780e+02
-1.111111e-03 3.175815e+03 5.475611e+03 3.925601e+02 2.758816e+04 -4.150360e+03 -1.356344e+04 1.830526e+04 2.688000e+02 3.868387e+02 -2.760389e+04 -2.438159e+03 3.721385e+03 -1.829275e+04 2.621679e+02 -2.819744e+03 1.043575e+04 4.723980e+02 -3.144042e+04 -2.781443e+03 4.829182e+03 2.084668e+04 -3.322943e+02 3.181890e+03 -1.189803e+04 -2.783554e+03 -4.216608e+03 -3.202874e+02 -2.422210e+04 -3.673541e+03 -1.189640e+04 1.606330e+04 2.100353e+02
-9.090909e-04 2.624924e+03 5.502418e+03 3.227153e+02 2.798654e+04 -4.167096e+03 -1.120581e+04 1.861060e+04 2.207450e+02 3.179879e+02 -2.800174e+04 -2.015183e+03 3.739406e+03 -1.859867e+04 2.152679e+02 -2.830903e+03 8.621734e+03 3.883388e+02 -3.189465e+04 -2.298939e+03 4.852250e+03 2.119551e+04 -2.728944e+02 3.195151e+03 -9.829859e+03 -2.300684e+03 -4.237598e+03 -2.632879e+02 -2.457105e+04 -3.687682e+03 -9.828517e+03 1.633106e+04 1.724545e+02
-7.070707e-04 2.058339e+03 5.524064e+03 2.519611e+02 2.830998e+04 -4.180586e+03 -8.784013e+03 1.885858e+04 1.722027e+02 2.482552e+02 -2.832475e+04 -1.580184e+03 3.753955e+03 -1.884712e+04 1.679107e+02 -2.839897e+03 6.758382e+03 3.031910e+02 -3.226344e+04 -1.802703e+03 4.870876e+03 2.147883e+04 -2.128883e+02 3.205839e+03 -7.705419e+03 -1.804072e+03 -4.254545e+03 -2.055544e+02 -2.485434e+04 -3.699079e+03 -7.704367e+03 1.654854e+04 1.345114e+02
-5.050505e-04 1.479301e+03 5.540416e+03 1.804902e+02 2.855537e+04 -4.190762e+03 -6.311314e+03 1.904677e+04 1.232776e+02 1.778274e+02 -2.856981e+04 -1.135643e+03 3.764946e+03 -1.903567e+04 1.201945e+02 -2.846680e+03 4.855882e+03 2.171851e+02 -3.254322e+04 -1.295571e+03 4.884947e+03 2.169384e+04 -1.524061e+02 3.213902e+03 -5.536335e+03 -1.296555e+03 -4.267347e+03 -1.472426e+02 -2.506927e+04 -3.707675e+03 -5.535579e+03 1.671357e+04 9.628411e+01
-3.030303e-04 8.912316e+02 5.551374e+03 1.085024e+02 2.872032e+04 -4.197575e+03 -3.801707e+03 1.917329e+04 7.407724e+01 1.068983e+02 -2.873453e+04 -6.841829e+02 3.772311e+03 -1.916244e+04 7.222039e+01 -2.851221e+03 2.925002e+03 1.305603e+02 -3.273129e+04 -7.805371e+02 4.894377e+03 2.183839e+04 -9.158135e+01 3.219299e+03 -3.334884e+03 -7.811297e+02 -4.275925e+03 -8.851358e+01 -2.521374e+04 -3.713430e+03 -3.334429e+03 1.682453e+04 5.785254e+01
-1.010101e-04 2.976885e+02 5.556870e+03 3.620227e+01 2.880320e+04 -4.200990e+03 -1.269733e+03 1.923688e+04 2.471090e+01 3.566652e+01 -2.881730e+04 -2.285293e+02 3.776005e+03 -1.922614e+04 2.409078e+01 -2.853497e+03 9.769211e+02 4.356179e+01 -3.282579e+04 -2.607139e+02 4.899106e+03 2.191104e+04 -3.055012e+01 3.222005e+03 -1.113818e+03 -2.609118e+02 -4.280228e+03 -2.953262e+01 -2.528634e+04 -3.716315e+03 -1.113666e+03 1.688029e+04 1.929788e+01
1.010101e-04 -2.976885e+02 5.556870e+03 -3.620227e+01 2.880320e+04 -4.200990e+03 1.269733e+03 1.923688e+04 -2.471090e+01 -3.566652e+01 -2.881730e+04 2.285293e+02 3.776005e+03 -1.922614e+04 -2.409078e+01 -2.853497e+03 -9.769211e+02 -4.356179e+01 -3.282579e+04 2.607139e+02 4.899106e+03 2.191104e+04 3.055012e+01 3.222005e+03 1.113818e+03 2.609118e+02 -4.280228e+03 2.953262e+01 -2.528634e+04 -3.716315e+03 1.113666e+03 1.688029e+04 -1.929788e+01
3.030303e-04 -8.912316e+02 5.551374e+03 -1.085024e+02 2.872032e+04 -4.197575e+03 3.801707e+03 1.917329e+04 -7.407724e+01 -1.068983e+02 -2.873453e+04 6.841829e+02 3.772311e+03 -1.916244e+04 -7.222039e+01 -2.851221e+03 -2.925002e+03 -1.305603e+02 -3.273129e+04 7.805371e+02 4.894377e+03 2.183839e+04 9.158135e+01 3.219299e+03 3.334884e+03 7.811297e+02 -4.275925e+03 8.851358e+01 -2.521374e+04 -3.713430e+03 3.334429e+03 1.682453e+04 -5.785254e+01
5.050505e-04 -1.479301e+03 5.540416e+03 -1.804902e+02 2.855537e+04 -4.190762e+03 6.311314e+03 1.904677e+04 -1.232776e+02 -1.778274e+02 -2.856981e+04 1.135643e+03 3.764946e+03 -1.903567e+04 -1.201945e+02 -2.846680e+03 -4.855882e+03 -2.171851e+02 -3.254322e+04 1.295571e+03 4.884947e+03 2.169384e+04 1.524061e+02 3.213902e+03 5.536335e+03 1.296555e+03 -4.267347e+03 1.472426e+02 -2.506927e+04 -3.707675e+03 5.535579e+03 1.671357e+04 -9.628411e+01
7.070707e-04 -2.058339e+03 5.524064e+03 -2.519611e+02 2.830998e+04 -4.180586e+03 8.784013e+03 1.885858e+04 -1.722027e+02 -2.482552e+02 -2.832475e+04 1.580184e+03 3.753955e+03 -1.884712e+04 -1.679107e+02 -2.839897e+03 -6.758382e+03 -3.031910e+02 -3.226344e+04 1.802703e+03 4.870876e+03 2.147883e+04 2.128883e+02 3.205839e+03 7.705419e+03 1.804072e+03 -4.254545e+03 2.055544e+02 -2.485434e+04 -3.699079e+03 7.704367e+03 1.654854e+04 -1.345114e+02
9.090909e-04 -2.624924e+03 5.502418e+03 -3.227153e+02 2.798654e+04 -4.167096e+03 1.120581e+04 1.861060e+04 -2.207450e+02 -3.179879e+02 -2.800174e+04 2.015183e+03 3.739406e+03 -1.859867e+04 -2.152679e+02 -2.830903e+03 -8.621734e+03 -3.883388e+02 -3.189465e+04 2.298939e+03 4.852250e+03 2.119551e+04 2.728944e+02 3.195151e+03 9.829859e+03 2.300684e+03 -4.237598e+03 2.632879e+02 -2.457105e+04 -3.687682e+03 9.828517e+03 1.633106e+04 -1.724545e+02
1.111111e-03 -3.175815e+03 5.475611e+03 -3.925601e+02 2.758816e+04 -4.150360e+03 1.356344e+04 1.830526e+04 -2.688000e+02 -3.868387e+02 -2.760389e+04 2.438159e+03 3.721385e+03 -1.829275e+04 -2.621679e+02 -2.819744e+03 -1.043575e+04 -4.723980e+02 -3.144042e+04 2.781443e+03 4.829182e+03 2.084668e+04 3.322943e+02 3.181890e+03 1.189803e+04 2.783554e+03 -4.216608e+03 3.202874e+02 -2.422210e+04 -3.673541e+03 1.189640e+04 1.606330e+04 -2.100353e+02
1.313131e-03 -3.708002e+03 5.443802e+03 -4.613115e+02 2.711859e+04 -4.130458e+03 1.584456e+04 1.794553e+04 -3.162662e+02 -4.546286e+02 -2.713495e+04 2.846804e+03 3.700001e+03 -1.793234e+04 -3.085150e+02 -2.806471e+03 -1.219092e+04 -5.551480e+02 -3.090503e+04 3.247581e+03 4.801812e+03 2.043570e+04 3.909622e+02 3.166120e+03 1.389910e+04 3.250046e+03 -4.191698e+03 3.764042e+02 -2.381081e+04 -3.656724e+03 1.389721e+04 1.574782e+04 -2.471780e+02
1.515152e-03 -4.218737e+03 5.407178e+03 -5.287959e+02 2.658219e+04 -4.107485e+03 1.803790e+04 1.753482e+04 -3.630464e+02 -5.211887e+02 -2.659927e+04 3.239012e+03 3.675379e+03 -1.752085e+04 -3.542172e+02 -2.791148e+03 -1.387860e+04 -6.363806e+02 -3.029344e+04 3.694949e+03 4.770301e+03 1.996647e+04 4.487772e+02 3.147917e+03 1.582319e+04 3.697753e+03 -4.163015e+03 4.314979e+02 -2.334098e+04 -3.637310e+03 1.582104e+04 1.538764e+04 -2.838095e+02
1.717172e-03 -4.705568e+03 5.365952e+03 -5.948510e+02 2.598380e+04 -4.081551e+03 2.013339e+04 1.707692e+04 -4.090480e+02 -5.863612e+02 -2.600167e+04 3.612905e+03 3.647658e+03 -1.706209e+04 -3.991867e+02 -2.773846e+03 -1.549102e+04 -7.159016e+02 -2.961118e+04 4.121401e+03 4.734831e+03 1.944335e+04 5.056246e+02 3.127365e+03 1.766146e+04 4.124528e+03 -4.130722e+03 4.854372e+02 -2.281684e+04 -3.615389e+03 1.765905e+04 1.498607e+04 -3.198597e+02
1.919192e-03 -5.166362e+03 5.320355e+03 -6.593275e+02 2.532868e+04 -4.052776e+03 2.212222e+04 1.657595e+04 -4.541835e+02 -6.500004e+02 -2.534741e+04 3.966848e+03 3.616995e+03 -1.656020e+04 -4.433403e+02 -2.754643e+03 -1.702141e+04 -7.935317e+02 -2.886424e+04 4.525071e+03 4.695603e+03 1.887104e+04 5.613960e+02 3.104560e+03 1.940620e+04 4.528503e+03 -4.094999e+03 5.381013e+02 -2.224301e+04 -3.591063e+03 1.940355e+04 1.454674e+04 -3.552623e+02
2.121212e-03 -5.599323e+03 5.270636e+03 -7.220897e+02 2.462241e+04 -4.021290e+03 2.399695e+04 1.603630e+04 -4.983713e+02 -7.119738e+02 -2.464206e+04 4.299463e+03 3.583556e+03 -1.601954e+04 -4.865995e+02 -2.733625e+03 -1.846407e+04 -8.691083e+02 -2.805898e+04 4.904385e+03 4.652831e+03 1.825454e+04 6.159904e+02 3.079605e+03 2.105087e+04 4.908104e+03 -4.056039e+03 5.893799e+02 -2.162436e+04 -3.564441e+03 2.104800e+04 1.407347e+04 -3.899547e+02
2.323232e-03 -6.002995e+03 5.217061e+03 -7.830164e+02 2.387078e+04 -3.987233e+03 2.575154e+04 1.546248e+04 -5.415358e+02 -7.721626e+02 -2.389140e+04 4.609634e+03 3.547519e+03 -1.544467e+04 -5.288919e+02 -2.710884e+03 -1.981433e+04 -9.424854e+02 -2.720201e+04 5.258070e+03 4.606744e+03 1.759903e+04 6.693144e+02 3.052610e+03 2.259017e+04 5.262057e+03 -4.014049e+03 6.391747e+02 -2.096597e+04 -3.535639e+03 2.258709e+04 1.357024e+04 -4.238788e+02
2.525253e-03 -6.376268e+03 5.159904e+03 -8.420008e+02 2.307973e+04 -3.950752e+03 2.738132e+04 1.485915e+04 -5.836077e+02 -8.304621e+02 -2.310134e+04 4.896511e+03 3.509067e+03 -1.484024e+04 -5.701503e+02 -2.686517e+03 -2.106861e+04 -1.013535e+03 -2.630009e+04 5.585155e+03 4.557580e+03 1.690982e+04 7.212827e+02 3.023692e+03 2.402002e+04 5.589389e+03 -3.969243e+03 6.873988e+02 -2.027302e+04 -3.504781e+03 2.401675e+04 1.304112e+04 -4.569807e+02
2.727273e-03 -6.718373e+03 5.099450e+03 -8.989515e+02 2.225521e+04 -3.912000e+03 2.888301e+04 1.423097e+04 -6.245246e+02 -8.867822e+02 -2.227787e+04 5.159500e+03 3.468390e+03 -1.421093e+04 -6.103139e+02 -2.660626e+03 -2.222439e+04 -1.082147e+03 -2.536002e+04 5.884964e+03 4.505583e+03 1.619224e+04 7.718184e+02 2.992970e+03 2.533752e+04 5.889424e+03 -3.921840e+03 7.339775e+02 -1.955076e+04 -3.471995e+03 2.533408e+04 1.249021e+04 -4.892113e+02
2.929293e-03 -7.028863e+03 5.035988e+03 -9.537919e+02 2.140317e+04 -3.871137e+03 3.025465e+04 1.358257e+04 -6.642309e+02 -9.410471e+02 -2.142688e+04 5.398261e+03 3.425682e+03 -1.356138e+04 -6.493281e+02 -2.633313e+03 -2.328014e+04 -1.148229e+03 -2.438858e+04 6.157108e+03 4.451002e+03 1.545158e+04 8.208533e+02 2.960571e+03 2.654097e+04 6.161773e+03 -3.872066e+03 7.788483e+02 -1.880436e+04 -3.437414e+03 2.653737e+04 1.192156e+04 -5.205266e+02
3.131313e-03 -7.307607e+03 4.969807e+03 -1.006460e+03 2.052941e+04 -3.828322e+03 3.149553e+04 1.291850e+04 -7.026782e+02 -9.931952e+02 -2.055419e+04 5.612691e+03 3.381136e+03 -1.289614e+04 -6.871446e+02 -2.604686e+03 -2.423534e+04 -1.211707e+03 -2.339239e+04 6.401469e+03 4.394087e+03 1.469304e+04 8.683279e+02 2.926622e+03 2.762975e+04 6.406318e+03 -3.820147e+03 8.219602e+02 -1.803892e+04 -3.401174e+03 2.762600e+04 1.133915e+04 -5.508873e+02
3.333333e-03 -7.554760e+03 4.901197e+03 -1.056909e+03 1.963957e+04 -3.783720e+03 3.260614e+04 1.224312e+04 -7.398247e+02 -1.043179e+03 -1.966542e+04 5.802905e+03 3.334948e+03 -1.221959e+04 -7.237218e+02 -2.574852e+03 -2.509034e+04 -1.272523e+03 -2.237786e+04 6.618182e+03 4.335089e+03 1.392161e+04 9.141915e+02 2.891252e+03 2.860427e+04 6.623194e+03 -3.766308e+03 8.632740e+02 -1.725937e+04 -3.363412e+03 2.860039e+04 1.074684e+04 -5.802595e+02
3.535354e-03 -7.770741e+03 4.830445e+03 -1.105104e+03 1.873904e+04 -3.737493e+03 3.358803e+04 1.156065e+04 -7.756361e+02 -1.090963e+03 -1.876595e+04 5.969226e+03 3.287308e+03 -1.153595e+04 -7.590244e+02 -2.543920e+03 -2.584634e+04 -1.330635e+03 -2.135116e+04 6.807615e+03 4.274253e+03 1.314211e+04 9.584022e+02 2.854590e+03 2.946589e+04 6.812769e+03 -3.710772e+03 9.027616e+02 -1.647043e+04 -3.324264e+03 2.946190e+04 1.014829e+04 -6.086142e+02
3.737374e-03 -7.956209e+03 4.757831e+03 -1.151025e+03 1.783291e+04 -3.689805e+03 3.444371e+04 1.087503e+04 -8.100845e+02 -1.136528e+03 -1.786088e+04 6.112155e+03 3.238405e+03 -1.084918e+04 -7.930236e+02 -2.511999e+03 -2.650528e+04 -1.386019e+03 -2.031808e+04 6.970341e+03 4.211823e+03 1.235904e+04 1.000927e+03 2.816764e+03 3.021683e+04 6.975618e+03 -3.653759e+03 9.404056e+02 -1.567656e+04 -3.283869e+03 3.021274e+04 9.546974e+03 -6.359275e+02
3.939394e-03 -8.112031e+03 4.683629e+03 -1.194665e+03 1.692596e+04 -3.640818e+03 3.517657e+04 1.018998e+04 -8.431490e+02 -1.179862e+03 -1.695495e+04 6.232356e+03 3.188422e+03 -1.016300e+04 -8.256969e+02 -2.479194e+03 -2.706975e+04 -1.438665e+03 -1.928407e+04 7.107119e+03 4.148032e+03 1.157664e+04 1.041739e+03 2.777904e+03 3.086004e+04 7.112498e+03 -3.595481e+03 9.761984e+02 -1.488194e+04 -3.242362e+03 3.085587e+04 8.946146e+03 -6.621808e+02
4.141414e-03 -8.239252e+03 4.608102e+03 -1.236027e+03 1.602260e+04 -3.590688e+03 3.579072e+04 9.508897e+03 -8.748152e+02 -1.220968e+03 -1.605260e+04 6.330628e+03 3.137537e+03 -9.480808e+03 -8.570280e+02 -2.445611e+03 -2.754291e+04 -1.488576e+03 -1.825417e+04 7.218864e+03 4.083108e+03 1.079882e+04 1.080824e+03 2.738133e+03 3.139914e+04 7.224326e+03 -3.536145e+03 1.010142e+03 -1.409045e+04 -3.199877e+03 3.139489e+04 8.348795e+03 -6.873599e+02
4.343434e-03 -8.339070e+03 4.531502e+03 -1.275124e+03 1.512687e+04 -3.539572e+03 3.629090e+04 8.834904e+03 -9.050748e+02 -1.259858e+03 -1.515784e+04 6.407886e+03 3.085918e+03 -8.805743e+03 -8.870065e+02 -2.411353e+03 -2.792842e+04 -1.535768e+03 -1.723298e+04 7.306620e+03 4.017268e+03 1.002912e+04 1.118171e+03 2.697575e+03 3.183828e+04 7.312148e+03 -3.475948e+03 1.042246e+03 -1.330561e+04 -3.156544e+03 3.183397e+04 7.757655e+03 -7.114556e+02
4.545455e-03 -8.412804e+03 4.454071e+03 -1.311981e+03 1.424243e+04 -3.487619e+03 3.668235e+04 8.170806e+03 -9.339255e+02 -1.296553e+03 -1.427433e+04 6.465141e+03 3.033729e+03 -8.140614e+03 -9.156275e+02 -2.376520e+03 -2.823029e+04 -1.580268e+03 -1.622466e+04 7.371543e+03 3.950720e+03 9.270763e+03 1.153778e+03 2.656348e+03 3.218205e+04 7.377119e+03 -3.415079e+03 1.072530e+03 -1.253062e+04 -3.112489e+03 3.217770e+04 7.175185e+03 -7.344633e+02
4.747475e-03 -8.461866e+03 4.376038e+03 -1.346629e+03 1.337252e+04 -3.434973e+03 3.697071e+04 7.519100e+03 -9.613703e+02 -1.331084e+03 -1.340531e+04 6.503473e+03 2.981121e+03 -7.487920e+03 -9.428917e+02 -2.341208e+03 -2.845285e+04 -1.622116e+03 -1.523293e+04 7.414867e+03 3.883660e+03 8.526593e+03 1.187651e+03 2.614566e+03 3.243539e+04 7.420474e+03 -3.353716e+03 1.101019e+03 -1.176834e+04 -3.067836e+03 3.243101e+04 6.603576e+03 -7.563826e+02
4.949495e-03 -8.487739e+03 4.297615e+03 -1.379109e+03 1.252003e+04 -3.381773e+03 3.716190e+04 6.881973e+03 -9.874178e+02 -1.363486e+03 -1.255366e+04 6.524016e+03 2.928241e+03 -6.849852e+03 -9.688048e+02 -2.305511e+03 -2.860068e+04 -1.661358e+03 -1.426105e+04 7.437888e+03 3.816272e+03 7.799109e+03 1.219800e+03 2.572341e+03 3.260351e+04 7.443512e+03 -3.292028e+03 1.127744e+03 -1.102129e+04 -3.022701e+03 3.259911e+04 6.044744e+03 -7.772171e+02
5.151515e-03 -8.491949e+03 4.219005e+03 -1.409468e+03 1.168743e+04 -3.328152e+03 3.726205e+04 6.261311e+03 -1.012081e+03 -1.393806e+03 -1.172186e+04 6.527940e+03 2.875222e+03 -6.228301e+03 -9.933770e+02 -2.269516e+03 -2.867846e+04 -1.698050e+03 -1.331188e+04 7.441942e+03 3.748730e+03 7.090467e+03 1.250242e+03 2.529775e+03 3.269177e+04 7.447568e+03 -3.230173e+03 1.152742e+03 -1.029163e+04 -2.977197e+03 3.268737e+04 5.500346e+03 -7.969743e+02
5.353535e-03 -8.476047e+03 4.140393e+03 -1.437757e+03 1.087685e+04 -3.274236e+03 3.727739e+04 5.658711e+03 -1.035377e+03 -1.422092e+03 -1.091202e+04 6.516430e+03 2.822190e+03 -5.624866e+03 -1.016623e+03 -2.233309e+03 -2.869101e+04 -1.732254e+03 -1.238781e+04 7.428385e+03 3.681192e+03 6.402490e+03 1.279000e+03 2.486971e+03 3.270565e+04 7.434000e+03 -3.168296e+03 1.176055e+03 -9.581239e+03 -2.931430e+03 3.270124e+04 4.971781e+03 -8.156650e+02
5.555556e-03 -8.441588e+03 4.061951e+03 -1.464035e+03 1.009006e+04 -3.220142e+03 3.721418e+04 5.075493e+03 -1.057328e+03 -1.448400e+03 -1.012592e+04 6.490678e+03 2.769263e+03 -5.040868e+03 -1.038561e+03 -2.196968e+03 -2.864312e+04 -1.764039e+03 -1.149088e+04 7.398576e+03 3.613808e+03 5.736684e+03 1.306102e+03 2.444021e+03 3.265062e+04 7.404168e+03 -3.106534e+03 1.197729e+03 -8.891657e+03 -2.885501e+03 3.264623e+04 4.460208e+03 -8.333035e+02
5.757576e-03 -8.390112e+03 3.983839e+03 -1.488363e+03 9.328499e+03 -3.165983e+03 3.707865e+04 4.512718e+03 -1.077959e+03 -1.472787e+03 -9.365002e+03 6.451864e+03 2.716546e+03 -4.477369e+03 -1.059214e+03 -2.160569e+03 -2.853960e+04 -1.793478e+03 -1.062272e+04 7.353863e+03 3.546713e+03 5.094261e+03 1.331578e+03 2.401014e+03 3.253215e+04 7.359421e+03 -3.045011e+03 1.217812e+03 -8.224148e+03 -2.839505e+03 3.252778e+04 3.966556e+03 -8.499066e+02
5.959596e-03 -8.323134e+03 3.906200e+03 -1.510806e+03 8.593300e+03 -3.111862e+03 3.687693e+04 3.971205e+03 -1.097298e+03 -1.495318e+03 -8.630388e+03 6.401146e+03 2.664137e+03 -3.935189e+03 -1.078607e+03 -2.124183e+03 -2.838513e+04 -1.820648e+03 -9.784630e+03 7.295572e+03 3.480031e+03 4.476153e+03 1.355464e+03 2.358033e+03 3.235561e+04 7.301085e+03 -2.983842e+03 1.236358e+03 -7.579708e+03 -2.793530e+03 3.235127e+04 3.491544e+03 -8.654942e+02
6.161616e-03 -8.242129e+03 3.829166e+03 -1.531430e+03 7.885313e+03 -3.057877e+03 3.661498e+04 3.451548e+03 -1.115374e+03 -1.516055e+03 -7.922931e+03 6.339655e+03 2.612125e+03 -3.414924e+03 -1.096767e+03 -2.087874e+03 -2.818433e+04 -1.845629e+03 -8.977568e+03 7.224992e+03 3.413875e+03 3.883041e+03 1.377800e+03 2.315155e+03 3.212625e+04 7.230452e+03 -2.923129e+03 1.253419e+03 -6.959080e+03 -2.747660e+03 3.212193e+04 3.035695e+03 -8.800879e+02
6.363636e-03 -8.148522e+03 3.752854e+03 -1.550305e+03 7.205125e+03 -3.004118e+03 3.629861e+04 2.954142e+03 -1.132223e+03 -1.535065e+03 -7.243219e+03 6.268482e+03 2.560590e+03 -2.916965e+03 -1.113726e+03 -2.051703e+03 -2.794165e+04 -1.868505e+03 -8.202209e+03 7.143370e+03 3.348345e+03 3.315370e+03 1.398625e+03 2.272451e+03 3.184913e+04 7.148768e+03 -2.862966e+03 1.269052e+03 -6.362780e+03 -2.701969e+03 3.184485e+04 2.599353e+03 -8.937117e+02
6.565657e-03 -8.043680e+03 3.677369e+03 -1.567502e+03 6.553089e+03 -2.950666e+03 3.593336e+04 2.479194e+03 -1.147879e+03 -1.552418e+03 -6.591606e+03 6.188674e+03 2.509604e+03 -2.441523e+03 -1.129515e+03 -2.015726e+03 -2.766135e+04 -1.889359e+03 -7.458953e+03 7.051902e+03 3.283532e+03 2.773380e+03 1.417985e+03 2.229987e+03 3.152914e+04 7.057232e+03 -2.803438e+03 1.283313e+03 -5.791120e+03 -2.656530e+03 3.152491e+04 2.182703e+03 -9.063912e+02
6.767677e-03 -7.928906e+03 3.602806e+03 -1.583090e+03 5.929348e+03 -2.897597e+03 3.552457e+04 2.026752e+03 -1.162377e+03 -1.568180e+03 -5.968236e+03 6.101230e+03 2.459229e+03 -1.988641e+03 -1.144170e+03 -1.979994e+03 -2.734753e+04 -1.908275e+03 -6.747965e+03 6.951729e+03 3.219517e+03 2.257119e+03 1.435925e+03 2.187823e+03 3.117093e+04 6.956983e+03 -2.744617e+03 1.296259e+03 -5.244227e+03 -2.611406e+03 3.116676e+04 1.785784e+03 -9.181535e+02
6.969697e-03 -7.805435e+03 3.529247e+03 -1.597142e+03 5.333859e+03 -2.844980e+03 3.507727e+04 1.596715e+03 -1.175758e+03 -1.582422e+03 -5.373066e+03 6.007095e+03 2.409523e+03 -1.558218e+03 -1.157725e+03 -1.944555e+03 -2.700408e+04 -1.925340e+03 -6.069191e+03 6.843930e+03 3.156369e+03 1.766473e+03 1.452492e+03 2.146013e+03 3.077895e+04 6.849103e+03 -2.686571e+03 1.307947e+03 -4.722062e+03 -2.566656e+03 3.077483e+04 1.408511e+03 -9.290266e+02
7.171717e-03 -7.674431e+03 3.456764e+03 -1.609728e+03 4.766411e+03 -2.792877e+03 3.459623e+04 1.188858e+03 -1.188058e+03 -1.595211e+03 -4.805889e+03 5.907162e+03 2.360533e+03 -1.150028e+03 -1.170218e+03 -1.909450e+03 -2.663465e+04 -1.940637e+03 -5.422395e+03 6.729523e+03 3.094151e+03 1.301182e+03 1.467734e+03 2.104608e+03 3.035736e+04 6.734611e+03 -2.629356e+03 1.318435e+03 -4.224446e+03 -2.522334e+03 3.035329e+04 1.050686e+03 -9.390397e+02
7.373737e-03 -7.536983e+03 3.385418e+03 -1.620917e+03 4.226656e+03 -2.741344e+03 3.408593e+04 8.028449e+02 -1.199319e+03 -1.606617e+03 -4.266355e+03 5.802265e+03 2.312304e+03 -7.637338e+02 -1.181685e+03 -1.874718e+03 -2.624269e+04 -1.954252e+03 -4.807175e+03 6.609464e+03 3.032915e+03 8.608617e+02 1.481701e+03 2.063652e+03 2.991008e+04 6.614462e+03 -2.573023e+03 1.327780e+03 -3.751071e+03 -2.478487e+03 2.990608e+04 7.120140e+02 -9.482227e+02
7.575758e-03 -7.394107e+03 3.315263e+03 -1.630781e+03 3.714119e+03 -2.690431e+03 3.355055e+04 4.382480e+02 -1.209579e+03 -1.616707e+03 -3.753995e+03 5.693182e+03 2.264869e+03 -3.989043e+02 -1.192165e+03 -1.840392e+03 -2.583141e+04 -1.966266e+03 -4.222992e+03 6.484640e+03 2.972706e+03 4.450200e+02 1.494442e+03 2.023185e+03 2.944080e+04 6.489545e+03 -2.517613e+03 1.336037e+03 -3.301526e+03 -2.435158e+03 2.943687e+04 3.921209e+02 -9.566057e+02
7.777778e-03 -7.246747e+03 3.246343e+03 -1.639385e+03 3.228226e+03 -2.640182e+03 3.299399e+04 9.456059e+01 -1.218880e+03 -1.625547e+03 -3.268234e+03 5.580638e+03 2.218261e+03 -5.503151e+01 -1.201696e+03 -1.806504e+03 -2.540381e+04 -1.976762e+03 -3.669189e+03 6.355876e+03 2.913562e+03 5.307687e+01 1.506007e+03 1.983241e+03 2.895293e+04 6.360686e+03 -2.463162e+03 1.343262e+03 -2.875308e+03 -2.392386e+03 2.894906e+04 9.056247e+01 -9.642195e+02
7.979798e-03 -7.095771e+03 3.178693e+03 -1.646797e+03 2.768314e+03 -2.590636e+03 3.241984e+04 -2.287883e+02 -1.227260e+03 -1.633201e+03 -2.808412e+03 5.465298e+03 2.172504e+03 2.684578e+02 -1.210317e+03 -1.773080e+03 -2.496266e+04 -1.985818e+03 -3.145011e+03 6.223935e+03 2.855514e+03 -3.156216e+02 1.516446e+03 1.943853e+03 2.844962e+04 6.228646e+03 -2.409699e+03 1.349508e+03 -2.471838e+03 -2.350204e+03 2.844582e+04 -1.931615e+02 -9.710947e+02
8.181818e-03 -6.941981e+03 3.112343e+03 -1.653081e+03 2.333651e+03 -2.541826e+03 3.183143e+04 -5.324214e+02 -1.234761e+03 -1.639734e+03 -2.373800e+03 5.347776e+03 2.127617e+03 5.721884e+02 -1.218066e+03 -1.740143e+03 -2.451052e+04 -1.993514e+03 -2.649623e+03 6.089516e+03 2.798586e+03 -6.617883e+02 1.525808e+03 1.905046e+03 2.793378e+04 6.094128e+03 -2.357250e+03 1.354828e+03 -2.090478e+03 -2.308642e+03 2.793005e+04 -4.595968e+02 -9.772619e+02
8.383838e-03 -6.786108e+03 3.047315e+03 -1.658300e+03 1.923453e+03 -2.493782e+03 3.123181e+04 -8.170017e+02 -1.241421e+03 -1.645206e+03 -1.963614e+03 5.228633e+03 2.083617e+03 8.568257e+02 -1.224981e+03 -1.707713e+03 -2.404973e+04 -1.999923e+03 -2.182129e+03 5.953260e+03 2.742797e+03 -9.861825e+02 1.534141e+03 1.866845e+03 2.740810e+04 5.957771e+03 -2.305831e+03 1.359273e+03 -1.730539e+03 -2.267723e+03 2.740444e+04 -7.093245e+02 -9.827516e+02
8.585859e-03 -6.628818e+03 2.983626e+03 -1.662515e+03 1.536888e+03 -2.446527e+03 3.062377e+04 -1.083223e+03 -1.247279e+03 -1.649677e+03 -1.577026e+03 5.108381e+03 2.040516e+03 1.123065e+03 -1.231099e+03 -1.675808e+03 -2.358244e+04 -2.005120e+03 -1.741582e+03 5.815751e+03 2.688161e+03 -1.289598e+03 1.541494e+03 1.829269e+03 2.687502e+04 5.820160e+03 -2.255456e+03 1.362892e+03 -1.391297e+03 -2.227470e+03 2.687143e+04 -9.429524e+02 -9.875940e+02
8.787879e-03 -6.470715e+03 2.921286e+03 -1.665784e+03 1.173097e+03 -2.400083e+03 3.000984e+04 -1.331799e+03 -1.252374e+03 -1.653205e+03 -1.213179e+03 4.987482e+03 1.998320e+03 1.371624e+03 -1.236457e+03 -1.644441e+03 -2.311059e+04 -2.009174e+03 -1.327000e+03 5.677517e+03 2.634687e+03 -1.572852e+03 1.547913e+03 1.792333e+03 2.633676e+04 5.681824e+03 -2.206136e+03 1.365733e+03 -1.071998e+03 -2.187900e+03 2.633324e+04 -1.161107e+03 -9.918187e+02
8.989899e-03 -6.312344e+03 2.860300e+03 -1.668164e+03 8.311999e+02 -2.354466e+03 2.939233e+04 -1.563459e+03 -1.256743e+03 -1.655846e+03 -8.711933e+02 4.866356e+03 1.957035e+03 1.603232e+03 -1.241093e+03 -1.613625e+03 -2.263596e+04 -2.012154e+03 -9.373802e+02 5.539035e+03 2.582379e+03 -1.836779e+03 1.553446e+03 1.756052e+03 2.579534e+04 5.543240e+03 -2.157875e+03 1.367843e+03 -7.718744e+02 -2.149028e+03 2.579190e+04 -1.364426e+03 -9.954551e+02
9.191919e-03 -6.154195e+03 2.800671e+03 -1.669710e+03 5.103029e+02 -2.309688e+03 2.877330e+04 -1.778936e+03 -1.260422e+03 -1.657652e+03 -5.501790e+02 4.745376e+03 1.916661e+03 1.818626e+03 -1.245041e+03 -1.583369e+03 -2.216015e+04 -2.014124e+03 -5.717032e+02 5.400733e+03 2.531239e+03 -2.082217e+03 1.558136e+03 1.720436e+03 2.525258e+04 5.404837e+03 -2.110676e+03 1.369265e+03 -4.901434e+02 -2.110865e+03 2.524921e+04 -1.553554e+03 -9.985315e+02
9.393939e-03 -5.996703e+03 2.742396e+03 -1.670473e+03 2.095097e+02 -2.265760e+03 2.815462e+04 -1.978965e+03 -1.263447e+03 -1.658676e+03 -2.492411e+02 4.624879e+03 1.877198e+03 2.018542e+03 -1.248335e+03 -1.553680e+03 -2.168457e+04 -2.015149e+03 -2.289463e+02 5.262995e+03 2.481264e+03 -2.310008e+03 1.562028e+03 1.685493e+03 2.471011e+04 5.266998e+03 -2.064536e+03 1.370043e+03 -2.260212e+02 -2.073420e+03 2.470681e+04 -1.729134e+03 -1.001076e+03
9.595960e-03 -5.840258e+03 2.685469e+03 -1.670504e+03 -7.207390e+01 -2.222688e+03 2.753795e+04 -2.164276e+03 -1.265853e+03 -1.658966e+03 3.251246e+01 4.505163e+03 1.838642e+03 2.203713e+03 -1.251011e+03 -1.524562e+03 -2.121053e+04 -2.015287e+03 9.191016e+01 5.126161e+03 2.432449e+03 -2.520986e+03 1.565164e+03 1.651229e+03 2.416939e+04 5.130063e+03 -2.019452e+03 1.370215e+03 2.127445e+01 -2.036700e+03 2.416617e+04 -1.891806e+03 -1.003116e+03
9.797980e-03 -5.685203e+03 2.629879e+03 -1.669849e+03 -3.353338e+02 -2.180476e+03 2.692478e+04 -2.335589e+03 -1.267673e+03 -1.658569e+03 2.959658e+02 4.386491e+03 1.800986e+03 2.374860e+03 -1.253100e+03 -1.496020e+03 -2.073915e+04 -2.014596e+03 3.918767e+02 4.990530e+03 2.384784e+03 -2.715976e+03 1.567585e+03 1.617646e+03 2.363173e+04 4.994333e+03 -1.975418e+03 1.369823e+03 2.525186e+02 -2.000707e+03 2.362858e+04 -2.042201e+03 -1.004677e+03
1.000000e-02 -5.531837e+03 2.575616e+03 -1.668555e+03 -5.811428e+02 -2.139127e+03 2.631642e+04 -2.493612e+03 -1.268939e+03 -1.657531e+03 5.419897e+02 4.269095e+03 1.764224e+03 2.532694e+03 -1.254634e+03 -1.468055e+03 -2.027144e+04 -2.013131e+03 6.719486e+02 4.856368e+03 2.338260e+03 -2.895786e+03 1.569331e+03 1.584747e+03 2.309828e+04 4.860073e+03 -1.932423e+03 1.368903e+03 4.684750e+02 -1.965445e+03 2.309519e+04 -2.180940e+03 -1.005786e+03
