-1.000000e-02 -1.446423e+05 -1.613356e+03 4.350738e+03 -7.776383e+04 3.979977e+03 -4.095964e+04 -7.140771e+04 5.034151e+03 4.240354e+03 7.788186e+04 1.114581e+05 -1.132833e+03 7.129049e+04 4.928520e+03 2.737634e+03 3.143936e+04 5.246424e+03 8.872763e+04 1.269723e+05 -1.025450e+03 -8.135048e+04 -6.023230e+03 -3.678658e+03 -3.588825e+04 1.269697e+05 1.681505e+03 -3.498774e+03 6.825909e+04 2.933837e+03 -3.588382e+04 -6.257818e+04 4.104804e+03
-9.797980e-03 -1.622162e+05 -1.679789e+03 4.558036e+03 -8.653037e+04 4.332724e+03 -4.578986e+04 -7.922079e+04 5.302220e+03 4.434279e+03 8.665990e+04 1.249969e+05 -1.180969e+03 7.909207e+04 5.183590e+03 2.980163e+03 3.514980e+04 5.492444e+03 9.872877e+04 1.423974e+05 -1.068564e+03 -9.025201e+04 -6.338812e+03 -3.991668e+03 -4.012202e+04 1.423944e+05 1.751560e+03 -3.661402e+03 7.595350e+04 3.206765e+03 -4.011695e+04 -6.942579e+04 4.320878e+03
-9.595960e-03 -1.832124e+05 -1.747953e+03 4.791883e+03 -9.698225e+04 4.745394e+03 -5.155424e+04 -8.850902e+04 5.607757e+03 4.652072e+03 9.712534e+04 1.411721e+05 -1.230809e+03 8.836674e+04 5.473513e+03 3.263914e+03 3.957798e+04 5.769591e+03 1.106524e+05 1.608263e+05 -1.111687e+03 -1.008342e+05 -6.697998e+03 -4.357618e+03 -4.517468e+04 1.608229e+05 1.825067e+03 -3.844302e+03 8.512710e+04 3.526313e+03 -4.516884e+04 -7.756633e+04 4.566842e+03
-9.393939e-03 -2.086127e+05 -1.816616e+03 5.058497e+03 -1.096035e+05 5.234351e+03 -5.852010e+04 -9.969070e+04 5.960015e+03 4.899148e+03 1.097628e+05 1.607399e+05 -1.281658e+03 9.953224e+04 5.806759e+03 3.600144e+03 4.492930e+04 6.085078e+03 1.250508e+05 1.831207e+05 -1.153511e+03 -1.135737e+05 -7.111470e+03 -4.790923e+03 -5.128059e+04 1.831168e+05 1.901465e+03 -4.052130e+03 9.620472e+04 3.905254e+03 -5.127381e+04 -8.736645e+04 4.850024e+03
-9.191919e-03 -2.397956e+05 -1.883620e+03 5.366414e+03 -1.250747e+05 5.822561e+03 -6.706274e+04 -1.133521e+05 6.371780e+03 5.182900e+03 1.252535e+05 1.847623e+05 -1.332254e+03 1.131741e+05 6.194997e+03 4.004650e+03 5.149214e+04 6.448782e+03 1.427002e+05 2.104905e+05 -1.191871e+03 -1.291385e+05 -7.593963e+03 -5.311805e+03 -5.876875e+04 2.104859e+05 1.979585e+03 -4.291254e+03 1.097837e+05 4.361523e+03 -5.876079e+04 -9.934004e+04 5.180537e+03
-8.989899e-03 -2.787578e+05 -1.945217e+03 5.727767e+03 -1.443828e+05 6.543359e+03 -7.772559e+04 -1.303407e+05 6.861324e+03 5.513774e+03 1.445858e+05 2.147774e+05 -1.380342e+03 1.301385e+05 6.654852e+03 4.500364e+03 5.968407e+04 6.874718e+03 1.647265e+05 2.446882e+05 -1.223145e+03 -1.484941e+05 -8.166507e+03 -5.949599e+03 -6.811557e+04 2.446828e+05 2.057194e+03 -4.570699e+03 1.267302e+05 4.921170e+03 -6.810611e+04 -1.142299e+05 5.572813e+03
-8.787879e-03 -3.285038e+05 -1.994796e+03 6.160577e+03 -1.690159e+05 7.447201e+03 -9.132632e+04 -1.519289e+05 7.455886e+03 5.907198e+03 1.692493e+05 2.530997e+05 -1.421867e+03 1.516962e+05 7.211031e+03 5.121989e+03 7.013338e+04 7.383650e+03 1.928270e+05 2.883508e+05 -1.241121e+03 -1.730902e+05 -8.860401e+03 -6.748689e+03 -8.003786e+04 2.883443e+05 2.130081e+03 -4.903826e+03 1.483503e+05 5.623635e+03 -8.002645e+04 -1.331512e+05 6.048336e+03
-8.585859e-03 -3.937817e+05 -2.020311e+03 6.693150e+03 -2.013303e+05 8.614643e+03 -1.091570e+05 -1.801226e+05 8.198327e+03 6.387276e+03 2.016031e+05 3.033866e+05 -1.449334e+03 1.798503e+05 7.902291e+03 5.924921e+03 8.383292e+04 8.008119e+03 2.296897e+05 3.456458e+05 -1.234715e+03 -2.052122e+05 -9.724823e+03 -7.779899e+03 -9.566837e+04 3.456378e+05 2.190220e+03 -5.311566e+03 1.767122e+05 6.531912e+03 -9.565434e+04 -1.578622e+05 6.640861e+03
-8.383838e-03 -4.826019e+05 -1.998608e+03 7.373404e+03 -2.453120e+05 1.018375e+04 -1.333977e+05 -2.182962e+05 9.161119e+03 6.994617e+03 2.456376e+05 3.718090e+05 -1.448178e+03 2.179707e+05 8.793964e+03 7.004092e+03 1.024577e+05 8.803094e+03 2.798612e+05 4.236037e+05 -1.182969e+03 -2.487048e+05 -1.084281e+04 -9.164569e+03 -1.169182e+05 4.235937e+05 2.221660e+03 -5.829274e+03 2.153141e+05 7.754003e+03 -1.169005e+05 -1.913206e+05 7.407382e+03
-8.181818e-03 -6.097865e+05 -1.881259e+03 8.291414e+03 -3.083603e+05 1.241594e+04 -1.680825e+05 -2.726735e+05 1.047985e+04 7.805247e+03 3.087608e+05 4.697846e+05 -1.387661e+03 2.722727e+05 1.000792e+04 8.539190e+03 1.291078e+05 9.871682e+03 3.517818e+05 5.352341e+05 -1.042568e+03 -3.106590e+05 -1.236949e+04 -1.113234e+04 -1.473240e+05 5.352210e+05 2.190197e+03 -6.523308e+03 2.706502e+05 9.494434e+03 -1.473009e+05 -2.389815e+05 8.454371e+03
-7.979798e-03 -8.069601e+05 -1.552022e+03 9.645492e+03 -4.063266e+05 1.588702e+04 -2.218223e+05 -3.564813e+05 1.245029e+04 8.986092e+03 4.068419e+05 6.216749e+05 -1.193455e+03 3.559647e+05 1.180927e+04 1.092591e+04 1.703994e+05 1.144046e+04 4.635327e+05 7.082937e+05 -7.104748e+02 -4.061447e+05 -1.464288e+04 -1.418888e+04 -1.944347e+05 7.082756e+05 2.012180e+03 -7.539690e+03 3.566327e+05 1.220376e+04 -1.944028e+05 -3.124380e+05 1.001377e+04
-7.777778e-03 -1.161071e+06 -6.521177e+02 1.200931e+04 -5.830151e+05 2.224974e+04 -3.183043e+05 -5.059132e+05 1.591581e+04 1.101952e+04 5.837354e+05 8.944592e+05 -6.347304e+02 5.051898e+05 1.495224e+04 1.529953e+04 2.445335e+05 1.416391e+04 6.650808e+05 1.019097e+06 1.293711e+02 -5.763986e+05 -1.862584e+04 -1.978518e+04 -2.790161e+05 1.019070e+06 1.425838e+03 -9.301130e+03 5.117076e+05 1.717509e+04 -2.789675e+05 -4.434129e+05 1.274612e+04
-7.575758e-03 -2.123469e+06 2.916838e+03 1.859877e+04 -1.067332e+06 4.059861e+04 -5.806031e+05 -9.077300e+05 2.550697e+04 1.661237e+04 1.068610e+06 1.635830e+06 1.645806e+03 9.064434e+05 2.357047e+04 2.790419e+04 4.460759e+05 2.170718e+04 1.217536e+06 1.863797e+06 3.318679e+03 -1.034204e+06 -2.960156e+04 -3.590405e+04 -5.089639e+05 1.863741e+06 -1.114944e+03 -1.418252e+04 9.367802e+05 3.152204e+04 -5.088646e+05 -7.955943e+05 2.027436e+04
-7.373737e-03 3.865235e+06 -2.853598e+04 -2.746862e+04 1.992318e+06 -8.763033e+04 1.054007e+06 1.553086e+06 -3.953151e+04 -2.218055e+04 -1.994560e+06 -2.977532e+06 -1.879900e+04 -1.550814e+06 -3.436837e+04 -6.009325e+04 -8.098711e+05 -3.073599e+04 -2.272557e+06 -3.392541e+06 -2.418180e+04 1.769478e+06 4.454452e+04 7.662654e+04 9.240453e+05 -3.392401e+06 2.227937e+04 1.989933e+04 -1.748601e+06 -6.875311e+04 9.237734e+05 1.361163e+06 -3.055121e+04
-7.171717e-03 7.929261e+06 -4.120724e+04 -4.566006e+04 4.004391e+06 -1.501417e+05 2.156970e+06 3.265677e+06 -6.976651e+04 -3.702927e+04 -4.008848e+06 -6.108079e+06 -2.685247e+04 -3.261158e+06 -6.133006e+04 -1.031118e+05 -1.657445e+06 -5.141034e+04 -4.567620e+06 -6.959459e+06 -3.520028e+04 3.720744e+06 7.897986e+04 1.314701e+05 1.891008e+06 -6.959241e+06 3.155599e+04 3.297212e+04 -3.514520e+06 -1.177884e+05 1.890556e+06 2.862299e+06 -5.422847e+04
-6.969697e-03 -2.319616e+07 5.266246e+04 1.022420e+05 -1.140089e+07 3.349569e+05 -6.295168e+06 -9.876136e+06 1.711777e+05 8.493923e+04 1.141369e+07 1.786845e+07 3.259755e+04 9.863185e+06 1.542499e+05 2.307017e+05 4.837471e+06 1.171684e+05 1.300464e+07 2.035913e+07 4.720861e+04 -1.125237e+07 -1.959225e+05 -2.943251e+05 -5.518824e+06 2.035840e+07 -3.614139e+04 -7.402762e+04 1.000613e+07 2.625146e+05 -5.517969e+06 -8.656854e+06 1.347160e+05
-6.767677e-03 -3.641659e+06 -7.669912e+03 1.115082e+04 -1.718957e+06 3.090385e+04 -9.860148e+05 -1.627335e+06 2.169319e+04 1.013147e+04 1.720897e+06 2.805168e+06 -5.683958e+03 1.625384e+06 2.069514e+04 2.146777e+04 7.577359e+05 1.347179e+04 1.960779e+06 3.196183e+06 -5.531176e+03 -1.854153e+06 -2.549718e+04 -2.749506e+04 -8.643985e+05 3.196145e+06 7.677631e+03 -8.301464e+03 1.508660e+06 2.408865e+04 -8.643464e+05 -1.426552e+06 1.756453e+04
-6.565657e-03 -9.157426e+05 -1.632910e+04 1.530497e+03 -3.758600e+05 -7.465669e+03 -2.474217e+05 -4.759930e+05 4.149932e+03 2.580515e+03 3.763406e+05 7.053872e+05 -1.120705e+04 4.755245e+05 5.180172e+03 -4.958653e+03 1.901422e+05 2.634263e+03 4.287943e+05 8.036979e+05 -1.290778e+04 -5.423547e+05 -5.608712e+03 6.129125e+03 -2.168711e+05 8.037266e+05 1.419263e+04 -1.578963e+03 3.298822e+05 -6.072663e+03 -2.169286e+05 -4.173406e+05 3.868711e+03
-6.363636e-03 3.599015e+06 -2.214236e+04 -1.342583e+03 1.770360e+06 -4.337988e+04 9.699023e+05 1.492698e+06 -1.102099e+04 1.503178e+03 -1.772124e+06 -2.772198e+06 -1.462170e+04 -1.490896e+06 -8.226512e+03 -2.989701e+04 -7.454680e+05 -4.445954e+02 -2.019195e+06 -3.158708e+06 -1.766634e+04 1.700768e+06 1.150315e+04 3.756636e+04 8.503903e+05 -3.158628e+06 1.842582e+04 -4.834388e+02 -1.553736e+06 -3.457038e+04 8.502333e+05 1.308501e+06 -8.033019e+03
-6.161616e-03 -7.178780e+07 -7.354308e+04 -7.328114e+04 -3.297376e+07 2.228721e+05 -1.930514e+07 -3.235935e+07 1.154790e+05 -7.966394e+04 3.300828e+07 5.529529e+07 -5.799577e+04 3.232470e+07 1.092060e+05 1.594666e+05 1.483851e+07 -8.200885e+04 3.761026e+07 6.300450e+07 -6.203689e+04 -3.687049e+07 -1.331815e+05 -1.962853e+05 -1.692524e+07 6.300387e+07 6.859313e+04 7.106330e+04 2.893910e+07 1.810163e+05 -1.692499e+07 -2.836974e+07 9.461735e+04
-5.959596e-03 -2.298598e+06 -4.528574e+04 -6.373681e+03 -8.625892e+05 -3.973133e+04 -6.168517e+05 -1.243460e+06 -4.814579e+02 -2.770815e+03 8.636624e+05 1.770448e+06 -3.101623e+04 1.242446e+06 3.064068e+03 -2.675723e+04 4.741587e+05 -5.205803e+03 9.840680e+05 2.017269e+06 -3.626273e+04 -1.416869e+06 -1.477522e+03 3.394518e+04 -5.407158e+05 2.017354e+06 3.882131e+04 4.015768e+03 7.570476e+05 -3.141141e+04 -5.409240e+05 -1.090385e+06 1.128437e+03
-5.757576e-03 -3.010616e+07 5.449550e+04 -1.036184e+05 -1.388529e+07 3.919629e+04 -8.061803e+06 -1.347195e+07 -2.965373e+04 -1.075176e+05 1.389850e+07 2.318851e+07 3.401686e+04 1.345865e+07 -3.349489e+04 2.965674e+04 6.197354e+06 -1.236222e+05 1.583658e+07 2.642203e+07 3.827124e+04 -1.535040e+07 3.929888e+04 -3.192817e+04 -7.068466e+06 2.642178e+07 -4.831598e+04 9.008125e+04 1.218601e+07 3.626102e+04 -7.068273e+06 -1.181170e+07 -2.515695e+04
-5.555556e-03 8.296470e+04 -1.991411e+04 3.052026e+02 1.184018e+05 -1.825571e+04 2.211276e+04 -6.100945e+04 1.603878e+02 1.883847e+03 -1.184205e+05 -6.390028e+04 -1.352626e+04 6.106129e+04 1.717509e+03 -1.241562e+04 -1.700978e+04 1.316016e+03 -1.349448e+05 -7.283513e+04 -1.577044e+04 -6.953391e+04 -1.139676e+03 1.561045e+04 1.943944e+04 -7.278697e+04 1.711859e+04 -9.075616e+02 -1.039029e+05 -1.455769e+04 1.934792e+04 -5.357600e+04 7.702811e+02
-5.353535e-03 8.069752e+06 -9.020305e+04 4.587672e+04 3.970863e+06 -4.228155e+04 2.152201e+06 3.338618e+06 2.739770e+04 5.125146e+04 -3.974077e+06 -6.215365e+06 -6.058344e+04 -3.335280e+06 3.270358e+04 -2.946528e+04 -1.654669e+06 5.772981e+04 -4.528322e+06 -7.082199e+06 -6.931516e+04 3.804155e+06 -3.663933e+04 3.480351e+04 1.887268e+06 -7.082045e+06 7.887987e+04 -4.077724e+04 -3.484848e+06 -3.587548e+04 1.886950e+06 2.927121e+06 2.452931e+04
-5.151515e-03 -3.842971e+06 3.436777e+04 -2.588383e+04 -1.845504e+06 2.747110e+03 -1.023034e+06 -1.666000e+06 -1.732759e+04 -2.735328e+04 1.846965e+06 2.959818e+06 2.303478e+04 1.664499e+06 -1.877935e+04 2.193719e+03 7.865719e+05 -3.172871e+04 2.104574e+06 3.372638e+06 2.601601e+04 -1.898337e+06 2.197202e+04 -1.474030e+03 -8.970876e+05 3.372582e+06 -3.039284e+04 2.228402e+04 1.619607e+06 3.435606e+03 -8.970030e+05 -1.460781e+06 -1.476710e+04
-4.949495e-03 -1.181123e+06 6.600611e+03 -9.071865e+03 -5.488193e+05 -5.648569e+03 -3.138804e+05 -5.456342e+05 -6.502124e+03 -9.100089e+03 5.492521e+05 9.096773e+05 4.392661e+03 5.451998e+05 -6.529664e+03 -3.745241e+03 2.413386e+05 -1.084930e+04 6.258627e+05 1.036554e+06 4.810893e+03 -6.217381e+05 7.921736e+03 5.176893e+03 -2.752308e+05 1.036551e+06 -5.987321e+03 7.591768e+03 4.816398e+05 -4.048109e+03 -2.752297e+05 -4.784650e+05 -5.336321e+03
-4.747475e-03 -7.040148e+05 2.707083e+03 -6.029172e+03 -3.212756e+05 -6.233154e+03 -1.867756e+05 -3.409107e+05 -4.534228e+03 -5.884795e+03 3.215226e+05 5.422108e+05 1.787613e+03 3.406672e+05 -4.390892e+03 -4.184414e+03 1.436143e+05 -7.123272e+03 3.663717e+05 6.178369e+05 1.871035e+03 -3.884655e+05 5.421088e+03 5.584039e+03 -1.637750e+05 6.178403e+05 -2.541812e+03 4.969477e+03 2.819473e+05 -4.654311e+03 -1.637843e+05 -2.989641e+05 -3.658027e+03
-4.545455e-03 -1.402155e+06 2.303321e+04 -1.368188e+04 -7.091775e+05 -1.120036e+03 -3.712904e+05 -5.952263e+05 -1.085409e+04 -1.449620e+04 7.096229e+05 1.079879e+06 1.555956e+04 5.947523e+05 -1.166089e+04 -6.618354e+02 2.855176e+05 -1.688611e+04 8.086226e+05 1.230526e+06 1.758708e+04 -6.782503e+05 1.366320e+04 1.492375e+03 -3.256165e+05 1.230496e+06 -2.035660e+04 1.172374e+04 6.223532e+05 -2.451714e+02 -3.255676e+05 -5.219496e+05 -9.237242e+03
-4.343434e-03 -2.227792e+06 5.262167e+04 -2.415313e+04 -1.190539e+06 5.063492e+03 -5.888987e+05 -8.804557e+05 -1.984695e+04 -2.626243e+04 1.191186e+06 1.715726e+06 3.562713e+04 8.797307e+05 -2.193933e+04 3.591629e+03 4.528887e+05 -3.025284e+04 1.357385e+06 1.955103e+06 4.047320e+04 -1.003263e+06 2.534484e+04 -3.418787e+03 -5.165006e+05 1.955029e+06 -4.630354e+04 2.094460e+04 1.044770e+06 5.116582e+03 -5.163710e+05 -7.720453e+05 -1.715370e+04
-4.141414e-03 -1.114390e+06 2.701916e+04 -1.302714e+04 -5.995065e+05 -4.076549e+02 -2.941307e+05 -4.536842e+05 -1.093239e+04 -1.397114e+04 5.998088e+05 8.582329e+05 1.830080e+04 4.533438e+05 -1.186951e+04 -2.073830e+02 2.262083e+05 -1.621188e+04 6.835013e+05 9.779769e+05 2.074487e+04 -5.169710e+05 1.382583e+04 8.642451e+02 -2.579730e+05 9.779434e+05 -2.382033e+04 1.120765e+04 5.260992e+05 2.697465e+02 -2.579145e+05 -3.978466e+05 -9.363759e+03
-3.939394e-03 -7.607924e+05 1.966506e+04 -9.522733e+03 -4.158072e+05 -1.809915e+03 -2.005074e+05 -3.160427e+05 -8.133569e+03 -1.013587e+04 4.159978e+05 5.859076e+05 1.332657e+04 3.158251e+05 -8.742677e+03 -1.186149e+03 1.542114e+05 -1.181164e+04 4.740468e+05 6.676592e+05 1.508955e+04 -3.601329e+05 1.023016e+04 1.938797e+03 -1.758618e+05 6.676373e+05 -1.735371e+04 8.155327e+03 3.648902e+05 -1.001454e+03 -1.758235e+05 -2.771598e+05 -6.932419e+03
-3.737374e-03 -5.685339e+05 1.584272e+04 -7.565763e+03 -3.172885e+05 -2.432945e+03 -1.496270e+05 -2.409182e+05 -6.557167e+03 -8.010196e+03 3.174187e+05 4.378390e+05 1.074160e+04 2.407665e+05 -6.998994e+03 -1.623380e+03 1.150837e+05 -9.363371e+03 3.617149e+05 4.989332e+05 1.215489e+04 -2.745306e+05 8.215774e+03 2.402033e+03 -1.312379e+05 4.989172e+05 -1.398839e+04 6.458005e+03 2.784331e+05 -1.583120e+03 -1.312099e+05 -2.112884e+05 -5.569980e+03
-3.535354e-03 -4.451611e+05 1.344610e+04 -6.258477e+03 -2.548233e+05 -2.755430e+03 -1.170012e+05 -1.928003e+05 -5.490805e+03 -6.599278e+03 2.549154e+05 3.428235e+05 9.120801e+03 1.926902e+05 -5.829833e+03 -1.851204e+03 8.999352e+04 -7.732654e+03 2.904916e+05 3.906617e+05 1.031736e+04 -2.197015e+05 6.859668e+03 2.631515e+03 -1.026238e+05 3.906493e+05 -1.187578e+04 5.328454e+03 2.236156e+05 -1.896196e+03 -1.026021e+05 -1.690967e+05 -4.652416e+03
-3.333333e-03 -3.588662e+05 1.179076e+04 -5.300448e+03 -2.116691e+05 -2.932310e+03 -9.420106e+04 -1.593495e+05 -4.698451e+03 -5.571026e+03 2.117352e+05 2.763640e+05 8.001214e+03 1.592679e+05 -4.967794e+03 -1.977296e+03 7.245908e+04 -6.540483e+03 2.412871e+05 3.149299e+05 9.049691e+03 -1.815851e+05 5.856287e+03 2.749130e+03 -8.262687e+04 3.149200e+05 -1.041499e+04 4.503480e+03 1.857449e+05 -2.077450e+03 -8.260955e+04 -1.397654e+05 -3.973218e+03
-3.131313e-03 -2.951076e+05 1.057742e+04 -4.556518e+03 -1.802299e+05 -3.030061e+03 -7.737215e+04 -1.348835e+05 -4.074560e+03 -4.776453e+03 1.802773e+05 2.272612e+05 7.180450e+03 1.348224e+05 -4.293623e+03 -2.047929e+03 5.951646e+04 -5.616634e+03 2.054403e+05 2.589761e+05 8.121469e+03 -1.537066e+05 5.069182e+03 2.806956e+03 -6.786689e+04 2.589680e+05 -9.343143e+03 3.864820e+03 1.581550e+05 -2.185866e+03 -6.785271e+04 -1.183122e+05 -3.440184e+03
-2.929293e-03 -2.461264e+05 9.651773e+03 -3.955056e+03 -1.564794e+05 -3.081893e+03 -6.445769e+04 -1.163554e+05 -3.563340e+03 -4.136821e+03 1.565129e+05 1.895392e+05 6.554190e+03 1.163094e+05 -3.744487e+03 -2.086259e+03 4.958401e+04 -4.871031e+03 1.783603e+05 2.159909e+05 7.413984e+03 -1.325940e+05 4.426343e+03 2.830862e+03 -5.653994e+04 2.159842e+05 -8.524667e+03 3.349883e+03 1.373124e+05 -2.251101e+03 -5.652815e+04 -1.020655e+05 -3.004662e+03
-2.727273e-03 -2.073535e+05 8.925330e+03 -3.453850e+03 -1.380607e+05 -3.106064e+03 -5.424650e+04 -1.019655e+05 -3.131911e+03 -3.605864e+03 1.380836e+05 1.596793e+05 6.062616e+03 1.019311e+05 -3.283487e+03 -2.105039e+03 4.173038e+04 -4.250676e+03 1.573597e+05 1.819646e+05 6.859205e+03 -1.161969e+05 3.885412e+03 2.834969e+03 -4.758383e+04 1.819589e+05 -7.881780e+03 2.921841e+03 1.211489e+05 -2.289587e+03 -4.757391e+04 -8.944726e+04 -2.638032e+03
-2.525253e-03 -1.759061e+05 8.343402e+03 -3.026092e+03 -1.234961e+05 -3.113295e+03 -4.597448e+04 -9.057752e+04 -2.759339e+03 -3.154282e+03 1.235107e+05 1.354611e+05 5.668762e+03 9.055220e+04 -2.887223e+03 -2.111771e+03 3.536797e+04 -3.721956e+03 1.407535e+05 1.543671e+05 6.415111e+03 -1.032204e+05 3.419480e+03 2.827496e+03 -4.032841e+04 1.543623e+05 -7.366385e+03 2.557341e+03 1.083676e+05 -2.311062e+03 -4.031999e+04 -7.946128e+04 -2.322114e+03
-2.323232e-03 -1.498688e+05 7.870262e+03 -2.653767e+03 -1.118107e+05 -3.110188e+03 -3.913404e+04 -8.143771e+04 -2.431504e+03 -2.762444e+03 1.118189e+05 1.154096e+05 5.348481e+03 8.141953e+04 -2.539972e+03 -2.111084e+03 3.010646e+04 -3.262314e+03 1.274303e+05 1.315175e+05 6.054269e+03 -9.280561e+04 3.010430e+03 2.813452e+03 -3.432851e+04 1.315134e+05 -6.947043e+03 2.240717e+03 9.811301e+04 -2.321584e+03 -3.432134e+04 -7.144661e+04 -2.044664e+03
-2.121212e-03 -1.279162e+05 7.481553e+03 -2.324222e+03 -1.023362e+05 -3.100955e+03 -3.337402e+04 -7.402696e+04 -2.138436e+03 -2.416600e+03 1.023392e+05 9.850384e+04 5.085310e+03 7.401447e+04 -2.230673e+03 -2.105938e+03 2.567582e+04 -2.855929e+03 1.166279e+05 1.122526e+05 5.757987e+03 -8.436106e+04 2.645498e+03 2.795992e+03 -2.927619e+04 1.122490e+05 -6.602315e+03 1.960984e+03 8.979857e+04 -2.325065e+03 -2.927006e+04 -6.494808e+04 -1.797058e+03
-1.919192e-03 -1.091000e+05 7.160115e+03 -2.028241e+03 -9.459998e+04 -3.088357e+03 -2.844328e+04 -6.797710e+04 -1.872823e+03 -2.106759e+03 9.459886e+04 8.401365e+04 4.867650e+03 6.796918e+04 -1.951251e+03 -2.098277e+03 2.188293e+04 -2.491288e+03 1.078076e+05 9.574021e+04 5.513102e+03 -7.746723e+04 2.315347e+03 2.777157e+03 -2.495117e+04 9.573719e+04 -6.317084e+03 1.710153e+03 8.300967e+04 -2.324107e+03 -2.494594e+04 -5.964288e+04 -1.572982e+03
-1.717172e-03 -9.272232e+04 6.893535e+03 -1.758898e+03 -8.826026e+04 -3.074242e+03 -2.415702e+04 -6.302095e+04 -1.629137e+03 -1.825437e+03 8.825581e+04 7.140143e+04 4.687112e+03 6.301673e+04 -1.695622e+03 -2.089408e+03 1.858566e+04 -2.159752e+03 1.005794e+05 8.136781e+04 5.310101e+03 -7.181967e+04 2.012929e+03 2.758288e+03 -2.119138e+04 8.136525e+04 -6.080414e+03 1.482230e+03 7.744625e+04 -2.320475e+03 -2.118693e+04 -5.529673e+04 -1.367672e+03
-1.515152e-03 -7.825604e+04 6.672660e+03 -1.510844e+03 -8.306502e+04 -3.059868e+03 -2.037576e+04 -5.896117e+04 -1.403073e+03 -1.566866e+03 8.305787e+04 6.026129e+04 4.537507e+03 5.895994e+04 -1.459067e+03 -2.080220e+03 1.567677e+04 -1.854653e+03 9.465619e+04 6.867288e+04 5.141968e+03 -6.719353e+04 1.732769e+03 2.740281e+03 -1.787450e+04 6.867071e+04 -5.884233e+03 1.272595e+03 7.288716e+04 -2.315391e+03 -1.787074e+04 -5.173661e+04 -1.177426e+03
-1.313131e-03 -6.529373e+04 6.490637e+03 -1.279843e+03 -7.882604e+04 -3.046099e+03 -1.699171e+04 -5.565015e+04 -1.191197e+03 -1.326491e+03 7.881673e+04 5.027941e+04 4.414204e+03 5.565132e+04 -1.237834e+03 -2.071328e+03 1.307334e+04 -1.570719e+03 8.982324e+04 5.729780e+04 5.003456e+03 -6.342058e+04 1.470508e+03 2.723739e+03 -1.490599e+04 5.729599e+04 -5.722500e+03 1.077594e+03 6.916726e+04 -2.309712e+03 -1.490285e+04 -4.883306e+04 -9.992954e+02
-1.111111e-03 -5.351302e+04 6.342296e+03 -1.062455e+03 -7.540168e+04 -3.033535e+03 -1.391961e+04 -5.297660e+04 -9.906987e+02 -1.100623e+03 7.539064e+04 4.120753e+04 4.313708e+03 5.297970e+04 -1.028867e+03 -2.063160e+03 1.070983e+04 -1.303673e+03 8.591907e+04 4.695968e+04 4.890607e+03 -6.037403e+04 1.222585e+03 2.709069e+03 -1.221108e+04 4.695819e+04 -5.590650e+03 8.942650e+02 6.616222e+04 -2.304044e+03 -1.220850e+04 -4.648852e+04 -8.308712e+02
-9.090909e-04 -4.265280e+04 6.223726e+03 -8.558234e+02 -7.268514e+04 -3.022594e+03 -1.109048e+04 -5.085656e+04 -7.992246e+02 -8.862054e+02 7.267275e+04 3.284455e+04 4.233374e+03 5.086117e+04 -8.296123e+02 -2.056013e+03 8.533181e+03 -1.049964e+03 8.282191e+04 3.742937e+04 4.800426e+03 -5.795822e+04 9.860252e+02 2.696548e+03 -9.729263e+03 3.742819e+04 -5.485234e+03 7.201519e+02 6.377833e+04 -2.298817e+03 -9.727208e+03 -4.462937e+04 -6.701399e+02
-7.070707e-04 -3.249627e+04 6.131991e+03 -6.575137e+02 -7.059648e+04 -3.013566e+03 -8.447036e+03 -4.922713e+04 -6.147548e+02 -6.806371e+02 7.058305e+04 2.502351e+04 4.171216e+03 4.923290e+04 -6.378861e+02 -2.050097e+03 6.499335e+03 -8.065692e+02 8.044061e+04 2.851662e+04 4.730669e+03 -5.610146e+04 7.582782e+02 2.686361e+03 -7.410304e+03 2.851572e+04 -5.403656e+03 5.531643e+02 6.194544e+04 -2.294336e+03 -7.408737e+03 -4.320045e+04 -5.153758e+02
-5.050505e-04 -2.285843e+04 6.064930e+03 -4.653977e+02 -6.907706e+04 -3.006646e+03 -5.940434e+03 -4.804214e+04 -4.355116e+02 -4.816507e+02 6.906289e+04 1.760193e+04 4.125775e+03 4.804875e+04 -4.517721e+02 -2.045553e+03 4.570732e+03 -5.708496e+02 7.870832e+04 2.005906e+04 4.679681e+03 -5.475115e+04 5.371038e+02 2.678632e+03 -5.211365e+03 2.005842e+04 -5.344011e+03 3.914774e+02 6.061209e+04 -2.290813e+03 -5.210262e+03 -4.216128e+04 -3.650624e+02
-3.030303e-04 -1.357657e+04 6.021024e+03 -2.775639e+02 -6.808578e+04 -3.001968e+03 -3.527733e+03 -4.726922e+04 -2.598892e+02 -2.872125e+02 6.807113e+04 1.045451e+04 4.096023e+03 4.727636e+04 -2.695428e+02 -2.042476e+03 2.714347e+03 -3.404354e+02 7.757815e+04 1.191390e+04 4.646303e+03 -5.387039e+04 3.204806e+02 2.673440e+03 -3.094782e+03 1.191352e+04 -5.304955e+03 2.334541e+02 5.974219e+04 -2.288392e+03 -3.094127e+03 -4.148346e+04 -2.178309e+02
-1.010101e-04 -4.502715e+03 5.999306e+03 -9.224489e+01 -6.759649e+04 -2.999610e+03 -1.169896e+03 -4.688776e+04 -8.639554e+01 -9.544406e+01 6.758160e+04 3.467270e+03 4.081306e+03 4.689517e+04 -8.959654e+01 -2.040924e+03 9.001558e+02 -1.131361e+02 7.702031e+04 3.951283e+03 4.629793e+03 -5.343571e+04 1.065326e+02 2.670834e+03 -1.026318e+03 3.951158e+03 -5.285636e+03 7.758164e+01 5.931282e+04 -2.287160e+03 -1.026101e+03 -4.114894e+04 -7.241104e+01
1.010101e-04 4.502715e+03 5.999306e+03 9.224489e+01 -6.759649e+04 -2.999610e+03 1.169896e+03 -4.688776e+04 8.639554e+01 9.544406e+01 6.758160e+04 -3.467270e+03 4.081306e+03 4.689517e+04 8.959654e+01 -2.040924e+03 -9.001558e+02 1.131361e+02 7.702031e+04 -3.951283e+03 4.629793e+03 -5.343571e+04 -1.065326e+02 2.670834e+03 1.026318e+03 -3.951158e+03 -5.285636e+03 -7.758164e+01 5.931282e+04 -2.287160e+03 1.026101e+03 -4.114894e+04 7.241104e+01
3.030303e-04 1.357657e+04 6.021024e+03 2.775639e+02 -6.808578e+04 -3.001968e+03 3.527733e+03 -4.726922e+04 2.598892e+02 2.872125e+02 6.807113e+04 -1.045451e+04 4.096023e+03 4.727636e+04 2.695428e+02 -2.042476e+03 -2.714347e+03 3.404354e+02 7.757815e+04 -1.191390e+04 4.646303e+03 -5.387039e+04 -3.204806e+02 2.673440e+03 3.094782e+03 -1.191352e+04 -5.304955e+03 -2.334541e+02 5.974219e+04 -2.288392e+03 3.094127e+03 -4.148346e+04 2.178309e+02
5.050505e-04 2.285843e+04 6.064930e+03 4.653977e+02 -6.907706e+04 -3.006646e+03 5.940434e+03 -4.804214e+04 4.355116e+02 4.816507e+02 6.906289e+04 -1.760193e+04 4.125775e+03 4.804875e+04 4.517721e+02 -2.045553e+03 -4.570732e+03 5.708496e+02 7.870832e+04 -2.005906e+04 4.679681e+03 -5.475115e+04 -5.371038e+02 2.678632e+03 5.211365e+03 -2.005842e+04 -5.344011e+03 -3.914774e+02 6.061209e+04 -2.290813e+03 5.210262e+03 -4.216128e+04 3.650624e+02
7.070707e-04 3.249627e+04 6.131991e+03 6.575137e+02 -7.059648e+04 -3.013566e+03 8.447036e+03 -4.922713e+04 6.147548e+02 6.806371e+02 7.058305e+04 -2.502351e+04 4.171216e+03 4.923290e+04 6.378861e+02 -2.050097e+03 -6.499335e+03 8.065692e+02 8.044061e+04 -2.851662e+04 4.730669e+03 -5.610146e+04 -7.582782e+02 2.686361e+03 7.410304e+03 -2.851572e+04 -5.403656e+03 -5.531643e+02 6.194544e+04 -2.294336e+03 7.408737e+03 -4.320045e+04 5.153758e+02
9.090909e-04 4.265280e+04 6.223726e+03 8.558234e+02 -7.268514e+04 -3.022594e+03 1.109048e+04 -5.085656e+04 7.992246e+02 8.862054e+02 7.267275e+04 -3.284455e+04 4.233374e+03 5.086117e+04 8.296123e+02 -2.056013e+03 -8.533181e+03 1.049964e+03 8.282191e+04 -3.742937e+04 4.800426e+03 -5.795822e+04 -9.860252e+02 2.696548e+03 9.729263e+03 -3.742819e+04 -5.485234e+03 -7.201519e+02 6.377833e+04 -2.298817e+03 9.727208e+03 -4.462937e+04 6.701399e+02
1.111111e-03 5.351302e+04 6.342296e+03 1.062455e+03 -7.540168e+04 -3.033535e+03 1.391961e+04 -5.297660e+04 9.906987e+02 1.100623e+03 7.539064e+04 -4.120753e+04 4.313708e+03 5.297970e+04 1.028867e+03 -2.063160e+03 -1.070983e+04 1.303673e+03 8.591907e+04 -4.695968e+04 4.890607e+03 -6.037403e+04 -1.222585e+03 2.709069e+03 1.221108e+04 -4.695819e+04 -5.590650e+03 -8.942650e+02 6.616222e+04 -2.304044e+03 1.220850e+04 -4.648852e+04 8.308712e+02
1.313131e-03 6.529373e+04 6.490637e+03 1.279843e+03 -7.882604e+04 -3.046099e+03 1.699171e+04 -5.565015e+04 1.191197e+03 1.326491e+03 7.881673e+04 -5.027941e+04 4.414204e+03 5.565132e+04 1.237834e+03 -2.071328e+03 -1.307334e+04 1.570719e+03 8.982324e+04 -5.729780e+04 5.003456e+03 -6.342058e+04 -1.470508e+03 2.723739e+03 1.490599e+04 -5.729599e+04 -5.722500e+03 -1.077594e+03 6.916726e+04 -2.309712e+03 1.490285e+04 -4.883306e+04 9.992954e+02
1.515152e-03 7.825604e+04 6.672660e+03 1.510844e+03 -8.306502e+04 -3.059868e+03 2.037576e+04 -5.896117e+04 1.403073e+03 1.566866e+03 8.305787e+04 -6.026129e+04 4.537507e+03 5.895994e+04 1.459067e+03 -2.080220e+03 -1.567677e+04 1.854653e+03 9.465619e+04 -6.867288e+04 5.141968e+03 -6.719353e+04 -1.732769e+03 2.740281e+03 1.787450e+04 -6.867071e+04 -5.884233e+03 -1.272595e+03 7.288716e+04 -2.315391e+03 1.787074e+04 -5.173661e+04 1.177426e+03
1.717172e-03 9.272232e+04 6.893535e+03 1.758898e+03 -8.826026e+04 -3.074242e+03 2.415702e+04 -6.302095e+04 1.629137e+03 1.825437e+03 8.825581e+04 -7.140143e+04 4.687112e+03 6.301673e+04 1.695622e+03 -2.089408e+03 -1.858566e+04 2.159752e+03 1.005794e+05 -8.136781e+04 5.310101e+03 -7.181967e+04 -2.012929e+03 2.758288e+03 2.119138e+04 -8.136525e+04 -6.080414e+03 -1.482230e+03 7.744625e+04 -2.320475e+03 2.118693e+04 -5.529673e+04 1.367672e+03
1.919192e-03 1.091000e+05 7.160115e+03 2.028241e+03 -9.459998e+04 -3.088357e+03 2.844328e+04 -6.797710e+04 1.872823e+03 2.106759e+03 9.459886e+04 -8.401365e+04 4.867650e+03 6.796918e+04 1.951251e+03 -2.098277e+03 -2.188293e+04 2.491288e+03 1.078076e+05 -9.574021e+04 5.513102e+03 -7.746723e+04 -2.315347e+03 2.777157e+03 2.495117e+04 -9.573719e+04 -6.317084e+03 -1.710153e+03 8.300967e+04 -2.324107e+03 2.494594e+04 -5.964288e+04 1.572982e+03
2.121212e-03 1.279162e+05 7.481553e+03 2.324222e+03 -1.023362e+05 -3.100955e+03 3.337402e+04 -7.402696e+04 2.138436e+03 2.416600e+03 1.023392e+05 -9.850384e+04 5.085310e+03 7.401447e+04 2.230673e+03 -2.105938e+03 -2.567582e+04 2.855929e+03 1.166279e+05 -1.122526e+05 5.757987e+03 -8.436106e+04 -2.645498e+03 2.795992e+03 2.927619e+04 -1.122490e+05 -6.602315e+03 -1.960984e+03 8.979857e+04 -2.325065e+03 2.927006e+04 -6.494808e+04 1.797058e+03
2.323232e-03 1.498688e+05 7.870262e+03 2.653767e+03 -1.118107e+05 -3.110188e+03 3.913404e+04 -8.143771e+04 2.431504e+03 2.762444e+03 1.118189e+05 -1.154096e+05 5.348481e+03 8.141953e+04 2.539972e+03 -2.111084e+03 -3.010646e+04 3.262314e+03 1.274303e+05 -1.315175e+05 6.054269e+03 -9.280561e+04 -3.010430e+03 2.813452e+03 3.432851e+04 -1.315134e+05 -6.947043e+03 -2.240717e+03 9.811301e+04 -2.321584e+03 3.432134e+04 -7.144661e+04 2.044664e+03
2.525253e-03 1.759061e+05 8.343402e+03 3.026092e+03 -1.234961e+05 -3.113295e+03 4.597448e+04 -9.057752e+04 2.759339e+03 3.154282e+03 1.235107e+05 -1.354611e+05 5.668762e+03 9.055220e+04 2.887223e+03 -2.111771e+03 -3.536797e+04 3.721956e+03 1.407535e+05 -1.543671e+05 6.415111e+03 -1.032204e+05 -3.419480e+03 2.827496e+03 4.032841e+04 -1.543623e+05 -7.366385e+03 -2.557341e+03 1.083676e+05 -2.311062e+03 4.031999e+04 -7.946128e+04 2.322114e+03
2.727273e-03 2.073535e+05 8.925330e+03 3.453850e+03 -1.380607e+05 -3.106064e+03 5.424650e+04 -1.019655e+05 3.131911e+03 3.605864e+03 1.380836e+05 -1.596793e+05 6.062616e+03 1.019311e+05 3.283487e+03 -2.105039e+03 -4.173038e+04 4.250676e+03 1.573597e+05 -1.819646e+05 6.859205e+03 -1.161969e+05 -3.885412e+03 2.834969e+03 4.758383e+04 -1.819589e+05 -7.881780e+03 -2.921841e+03 1.211489e+05 -2.289587e+03 4.757391e+04 -8.944726e+04 2.638032e+03
2.929293e-03 2.461264e+05 9.651773e+03 3.955056e+03 -1.564794e+05 -3.081893e+03 6.445769e+04 -1.163554e+05 3.563340e+03 4.136821e+03 1.565129e+05 -1.895392e+05 6.554190e+03 1.163094e+05 3.744487e+03 -2.086259e+03 -4.958401e+04 4.871031e+03 1.783603e+05 -2.159909e+05 7.413984e+03 -1.325940e+05 -4.426343e+03 2.830862e+03 5.653994e+04 -2.159842e+05 -8.524667e+03 -3.349883e+03 1.373124e+05 -2.251101e+03 5.652815e+04 -1.020655e+05 3.004662e+03
3.131313e-03 2.951076e+05 1.057742e+04 4.556518e+03 -1.802299e+05 -3.030061e+03 7.737215e+04 -1.348835e+05 4.074560e+03 4.776453e+03 1.802773e+05 -2.272612e+05 7.180450e+03 1.348224e+05 4.293623e+03 -2.047929e+03 -5.951646e+04 5.616634e+03 2.054403e+05 -2.589761e+05 8.121469e+03 -1.537066e+05 -5.069182e+03 2.806956e+03 6.786689e+04 -2.589680e+05 -9.343143e+03 -3.864820e+03 1.581550e+05 -2.185866e+03 6.785271e+04 -1.183122e+05 3.440184e+03
3.333333e-03 3.588662e+05 1.179076e+04 5.300448e+03 -2.116691e+05 -2.932310e+03 9.420106e+04 -1.593495e+05 4.698451e+03 5.571026e+03 2.117352e+05 -2.763640e+05 8.001214e+03 1.592679e+05 4.967794e+03 -1.977296e+03 -7.245908e+04 6.540483e+03 2.412871e+05 -3.149299e+05 9.049691e+03 -1.815851e+05 -5.856287e+03 2.749130e+03 8.262687e+04 -3.149200e+05 -1.041499e+04 -4.503480e+03 1.857449e+05 -2.077450e+03 8.260955e+04 -1.397654e+05 3.973218e+03
3.535354e-03 4.451611e+05 1.344610e+04 6.258477e+03 -2.548233e+05 -2.755430e+03 1.170012e+05 -1.928003e+05 5.490805e+03 6.599278e+03 2.549154e+05 -3.428235e+05 9.120801e+03 1.926902e+05 5.829833e+03 -1.851204e+03 -8.999352e+04 7.732654e+03 2.904916e+05 -3.906617e+05 1.031736e+04 -2.197015e+05 -6.859668e+03 2.631515e+03 1.026238e+05 -3.906493e+05 -1.187578e+04 -5.328454e+03 2.236156e+05 -1.896196e+03 1.026021e+05 -1.690967e+05 4.652416e+03
3.737374e-03 5.685339e+05 1.584272e+04 7.565763e+03 -3.172885e+05 -2.432945e+03 1.496270e+05 -2.409182e+05 6.557167e+03 8.010196e+03 3.174187e+05 -4.378390e+05 1.074160e+04 2.407665e+05 6.998994e+03 -1.623380e+03 -1.150837e+05 9.363371e+03 3.617149e+05 -4.989332e+05 1.215489e+04 -2.745306e+05 -8.215774e+03 2.402033e+03 1.312379e+05 -4.989172e+05 -1.398839e+04 -6.458005e+03 2.784331e+05 -1.583120e+03 1.312099e+05 -2.112884e+05 5.569980e+03
3.939394e-03 7.607924e+05 1.966506e+04 9.522733e+03 -4.158072e+05 -1.809915e+03 2.005074e+05 -3.160427e+05 8.133569e+03 1.013587e+04 4.159978e+05 -5.859076e+05 1.332657e+04 3.158251e+05 8.742677e+03 -1.186149e+03 -1.542114e+05 1.181164e+04 4.740468e+05 -6.676592e+05 1.508955e+04 -3.601329e+05 -1.023016e+04 1.938797e+03 1.758618e+05 -6.676373e+05 -1.735371e+04 -8.155327e+03 3.648902e+05 -1.001454e+03 1.758235e+05 -2.771598e+05 6.932419e+03
4.141414e-03 1.114390e+06 2.701916e+04 1.302714e+04 -5.995065e+05 -4.076549e+02 2.941307e+05 -4.536842e+05 1.093239e+04 1.397114e+04 5.998088e+05 -8.582329e+05 1.830080e+04 4.533438e+05 1.186951e+04 -2.073830e+02 -2.262083e+05 1.621188e+04 6.835013e+05 -9.779769e+05 2.074487e+04 -5.169710e+05 -1.382583e+04 8.642451e+02 2.579730e+05 -9.779434e+05 -2.382033e+04 -1.120765e+04 5.260992e+05 2.697465e+02 2.579145e+05 -3.978466e+05 9.363759e+03
4.343434e-03 2.227792e+06 5.262167e+04 2.415313e+04 -1.190539e+06 5.063492e+03 5.888987e+05 -8.804557e+05 1.984695e+04 2.626243e+04 1.191186e+06 -1.715726e+06 3.562713e+04 8.797307e+05 2.193933e+04 3.591629e+03 -4.528887e+05 3.025284e+04 1.357385e+06 -1.955103e+06 4.047320e+04 -1.003263e+06 -2.534484e+04 -3.418787e+03 5.165006e+05 -1.955029e+06 -4.630354e+04 -2.094460e+04 1.044770e+06 5.116582e+03 5.163710e+05 -7.720453e+05 1.715370e+04
4.545455e-03 1.402155e+06 2.303321e+04 1.368188e+04 -7.091775e+05 -1.120036e+03 3.712904e+05 -5.952263e+05 1.085409e+04 1.449620e+04 7.096229e+05 -1.079879e+06 1.555956e+04 5.947523e+05 1.166089e+04 -6.618354e+02 -2.855176e+05 1.688611e+04 8.086226e+05 -1.230526e+06 1.758708e+04 -6.782503e+05 -1.366320e+04 1.492375e+03 3.256165e+05 -1.230496e+06 -2.035660e+04 -1.172374e+04 6.223532e+05 -2.451714e+02 3.255676e+05 -5.219496e+05 9.237242e+03
4.747475e-03 7.040148e+05 2.707083e+03 6.029172e+03 -3.212756e+05 -6.233154e+03 1.867756e+05 -3.409107e+05 4.534228e+03 5.884795e+03 3.215226e+05 -5.422108e+05 1.787613e+03 3.406672e+05 4.390892e+03 -4.184414e+03 -1.436143e+05 7.123272e+03 3.663717e+05 -6.178369e+05 1.871035e+03 -3.884655e+05 -5.421088e+03 5.584039e+03 1.637750e+05 -6.178403e+05 -2.541812e+03 -4.969477e+03 2.819473e+05 -4.654311e+03 1.637843e+05 -2.989641e+05 3.658027e+03
4.949495e-03 1.181123e+06 6.600611e+03 9.071865e+03 -5.488193e+05 -5.648569e+03 3.138804e+05 -5.456342e+05 6.502124e+03 9.100089e+03 5.492521e+05 -9.096773e+05 4.392661e+03 5.451998e+05 6.529664e+03 -3.745241e+03 -2.413386e+05 1.084930e+04 6.258627e+05 -1.036554e+06 4.810893e+03 -6.217381e+05 -7.921736e+03 5.176893e+03 2.752308e+05 -1.036551e+06 -5.987321e+03 -7.591768e+03 4.816398e+05 -4.048109e+03 2.752297e+05 -4.784650e+05 5.336321e+03
5.151515e-03 3.842971e+06 3.436777e+04 2.588383e+04 -1.845504e+06 2.747110e+03 1.023034e+06 -1.666000e+06 1.732759e+04 2.735328e+04 1.846965e+06 -2.959818e+06 2.303478e+04 1.664499e+06 1.877935e+04 2.193719e+03 -7.865719e+05 3.172871e+04 2.104574e+06 -3.372638e+06 2.601601e+04 -1.898337e+06 -2.197202e+04 -1.474030e+03 8.970876e+05 -3.372582e+06 -3.039284e+04 -2.228402e+04 1.619607e+06 3.435606e+03 8.970030e+05 -1.460781e+06 1.476710e+04
5.353535e-03 -8.069752e+06 -9.020305e+04 -4.587672e+04 3.970863e+06 -4.228155e+04 -2.152201e+06 3.338618e+06 -2.739770e+04 -5.125146e+04 -3.974077e+06 6.215365e+06 -6.058344e+04 -3.335280e+06 -3.270358e+04 -2.946528e+04 1.654669e+06 -5.772981e+04 -4.528322e+06 7.082199e+06 -6.931516e+04 3.804155e+06 3.663933e+04 3.480351e+04 -1.887268e+06 7.082045e+06 7.887987e+04 4.077724e+04 -3.484848e+06 -3.587548e+04 -1.886950e+06 2.927121e+06 -2.452931e+04
5.555556e-03 -8.296470e+04 -1.991411e+04 -3.052025e+02 1.184018e+05 -1.825571e+04 -2.211276e+04 -6.100945e+04 -1.603878e+02 -1.883847e+03 -1.184205e+05 6.390028e+04 -1.352626e+04 6.106129e+04 -1.717509e+03 -1.241562e+04 1.700978e+04 -1.316016e+03 -1.349448e+05 7.283513e+04 -1.577044e+04 -6.953391e+04 1.139676e+03 1.561045e+04 -1.943944e+04 7.278697e+04 1.711859e+04 9.075616e+02 -1.039029e+05 -1.455769e+04 -1.934792e+04 -5.357600e+04 -7.702811e+02
5.757576e-03 3.010616e+07 5.449550e+04 1.036184e+05 -1.388529e+07 3.919629e+04 8.061803e+06 -1.347195e+07 2.965373e+04 1.075176e+05 1.389850e+07 -2.318851e+07 3.401686e+04 1.345865e+07 3.349489e+04 2.965674e+04 -6.197354e+06 1.236222e+05 1.583658e+07 -2.642203e+07 3.827124e+04 -1.535040e+07 -3.929888e+04 -3.192817e+04 7.068466e+06 -2.642178e+07 -4.831598e+04 -9.008125e+04 1.218601e+07 3.626102e+04 7.068273e+06 -1.181170e+07 2.515695e+04
5.959596e-03 2.298598e+06 -4.528574e+04 6.373681e+03 -8.625892e+05 -3.973133e+04 6.168517e+05 -1.243460e+06 4.814579e+02 2.770815e+03 8.636624e+05 -1.770448e+06 -3.101623e+04 1.242446e+06 -3.064068e+03 -2.675723e+04 -4.741587e+05 5.205803e+03 9.840680e+05 -2.017269e+06 -3.626273e+04 -1.416869e+06 1.477522e+03 3.394518e+04 5.407158e+05 -2.017354e+06 3.882131e+04 -4.015768e+03 7.570476e+05 -3.141141e+04 5.409240e+05 -1.090385e+06 -1.128437e+03
6.161616e-03 7.178780e+07 -7.354308e+04 7.328114e+04 -3.297376e+07 2.228721e+05 1.930514e+07 -3.235935e+07 -1.154790e+05 7.966394e+04 3.300828e+07 -5.529529e+07 -5.799577e+04 3.232470e+07 -1.092060e+05 1.594666e+05 -1.483851e+07 8.200885e+04 3.761026e+07 -6.300450e+07 -6.203689e+04 -3.687049e+07 1.331815e+05 -1.962853e+05 1.692524e+07 -6.300387e+07 6.859313e+04 -7.106330e+04 2.893910e+07 1.810163e+05 1.692499e+07 -2.836974e+07 -9.461735e+04
6.363636e-03 -3.599015e+06 -2.214236e+04 1.342583e+03 1.770360e+06 -4.337988e+04 -9.699023e+05 1.492698e+06 1.102099e+04 -1.503178e+03 -1.772124e+06 2.772198e+06 -1.462170e+04 -1.490896e+06 8.226512e+03 -2.989701e+04 7.454680e+05 4.445954e+02 -2.019195e+06 3.158708e+06 -1.766634e+04 1.700768e+06 -1.150315e+04 3.756636e+04 -8.503903e+05 3.158628e+06 1.842582e+04 4.834388e+02 -1.553736e+06 -3.457038e+04 -8.502333e+05 1.308501e+06 8.033019e+03
6.565657e-03 9.157426e+05 -1.632910e+04 -1.530497e+03 -3.758600e+05 -7.465669e+03 2.474217e+05 -4.759930e+05 -4.149932e+03 -2.580515e+03 3.763406e+05 -7.053872e+05 -1.120705e+04 4.755245e+05 -5.180172e+03 -4.958653e+03 -1.901422e+05 -2.634263e+03 4.287943e+05 -8.036979e+05 -1.290778e+04 -5.423547e+05 5.608712e+03 6.129125e+03 2.168711e+05 -8.037266e+05 1.419263e+04 1.578963e+03 3.298822e+05 -6.072663e+03 2.169286e+05 -4.173406e+05 -3.868711e+03
6.767677e-03 3.641659e+06 -7.669912e+03 -1.115082e+04 -1.718957e+06 3.090385e+04 9.860148e+05 -1.627335e+06 -2.169319e+04 -1.013147e+04 1.720897e+06 -2.805168e+06 -5.683958e+03 1.625384e+06 -2.069514e+04 2.146777e+04 -7.577359e+05 -1.347179e+04 1.960779e+06 -3.196183e+06 -5.531176e+03 -1.854153e+06 2.549718e+04 -2.749506e+04 8.643985e+05 -3.196145e+06 7.677631e+03 8.301464e+03 1.508660e+06 2.408865e+04 8.643464e+05 -1.426552e+06 -1.756453e+04
6.969697e-03 2.319616e+07 5.266246e+04 -1.022420e+05 -1.140089e+07 3.349569e+05 6.295168e+06 -9.876136e+06 -1.711776e+05 -8.493922e+04 1.141369e+07 -1.786845e+07 3.259754e+04 9.863185e+06 -1.542499e+05 2.307017e+05 -4.837471e+06 -1.171684e+05 1.300464e+07 -2.035913e+07 4.720860e+04 -1.125237e+07 1.959225e+05 -2.943251e+05 5.518824e+06 -2.035840e+07 -3.614139e+04 7.402761e+04 1.000613e+07 2.625146e+05 5.517968e+06 -8.656854e+06 -1.347160e+05
7.171717e-03 -7.929261e+06 -4.120724e+04 4.566006e+04 4.004391e+06 -1.501417e+05 -2.156970e+06 3.265677e+06 6.976652e+04 3.702927e+04 -4.008849e+06 6.108080e+06 -2.685247e+04 -3.261158e+06 6.133006e+04 -1.031118e+05 1.657445e+06 5.141034e+04 -4.567620e+06 6.959459e+06 -3.520028e+04 3.720744e+06 -7.897986e+04 1.314701e+05 -1.891008e+06 6.959241e+06 3.155599e+04 -3.297212e+04 -3.514520e+06 -1.177884e+05 -1.890556e+06 2.862299e+06 5.422847e+04
7.373737e-03 -3.865235e+06 -2.853598e+04 2.746862e+04 1.992318e+06 -8.763033e+04 -1.054007e+06 1.553086e+06 3.953151e+04 2.218055e+04 -1.994560e+06 2.977532e+06 -1.879900e+04 -1.550814e+06 3.436837e+04 -6.009325e+04 8.098711e+05 3.073599e+04 -2.272557e+06 3.392541e+06 -2.418180e+04 1.769478e+06 -4.454452e+04 7.662654e+04 -9.240453e+05 3.392401e+06 2.227937e+04 -1.989933e+04 -1.748601e+06 -6.875311e+04 -9.237734e+05 1.361163e+06 3.055121e+04
7.575758e-03 2.123469e+06 2.916838e+03 -1.859877e+04 -1.067332e+06 4.059861e+04 5.806031e+05 -9.077300e+05 -2.550697e+04 -1.661237e+04 1.068610e+06 -1.635830e+06 1.645806e+03 9.064434e+05 -2.357047e+04 2.790419e+04 -4.460759e+05 -2.170718e+04 1.217536e+06 -1.863797e+06 3.318679e+03 -1.034204e+06 2.960156e+04 -3.590405e+04 5.089639e+05 -1.863741e+06 -1.114944e+03 1.418252e+04 9.367802e+05 3.152204e+04 5.088646e+05 -7.955943e+05 -2.027436e+04
7.777778e-03 1.161071e+06 -6.521177e+02 -1.200931e+04 -5.830151e+05 2.224974e+04 3.183043e+05 -5.059132e+05 -1.591581e+04 -1.101952e+04 5.837354e+05 -8.944592e+05 -6.347304e+02 5.051898e+05 -1.495224e+04 1.529953e+04 -2.445335e+05 -1.416391e+04 6.650808e+05 -1.019097e+06 1.293711e+02 -5.763986e+05 1.862584e+04 -1.978518e+04 2.790161e+05 -1.019070e+06 1.425838e+03 9.301130e+03 5.117076e+05 1.717509e+04 2.789675e+05 -4.434129e+05 -1.274612e+04
7.979798e-03 8.069601e+05 -1.552022e+03 -9.645492e+03 -4.063266e+05 1.588702e+04 2.218223e+05 -3.564813e+05 -1.245029e+04 -8.986092e+03 4.068419e+05 -6.216749e+05 -1.193455e+03 3.559647e+05 -1.180927e+04 1.092591e+04 -1.703994e+05 -1.144046e+04 4.635327e+05 -7.082937e+05 -7.104748e+02 -4.061447e+05 1.464288e+04 -1.418888e+04 1.944347e+05 -7.082756e+05 2.012180e+03 7.539690e+03 3.566327e+05 1.220376e+04 1.944028e+05 -3.124380e+05 -1.001377e+04
8.181818e-03 6.097865e+05 -1.881259e+03 -8.291414e+03 -3.083603e+05 1.241594e+04 1.680825e+05 -2.726735e+05 -1.047985e+04 -7.805247e+03 3.087608e+05 -4.697846e+05 -1.387661e+03 2.722727e+05 -1.000792e+04 8.539190e+03 -1.291078e+05 -9.871682e+03 3.517818e+05 -5.352341e+05 -1.042568e+03 -3.106590e+05 1.236949e+04 -1.113234e+04 1.473240e+05 -5.352210e+05 2.190197e+03 6.523308e+03 2.706502e+05 9.494434e+03 1.473009e+05 -2.389815e+05 -8.454371e+03
8.383838e-03 4.826019e+05 -1.998608e+03 -7.373404e+03 -2.453120e+05 1.018375e+04 1.333977e+05 -2.182962e+05 -9.161119e+03 -6.994617e+03 2.456376e+05 -3.718090e+05 -1.448178e+03 2.179707e+05 -8.793964e+03 7.004092e+03 -1.024577e+05 -8.803094e+03 2.798612e+05 -4.236037e+05 -1.182969e+03 -2.487048e+05 1.084281e+04 -9.164569e+03 1.169182e+05 -4.235937e+05 2.221660e+03 5.829274e+03 2.153141e+05 7.754003e+03 1.169005e+05 -1.913206e+05 -7.407382e+03
8.585859e-03 3.937817e+05 -2.020311e+03 -6.693150e+03 -2.013303e+05 8.614643e+03 1.091570e+05 -1.801226e+05 -8.198327e+03 -6.387276e+03 2.016031e+05 -3.033866e+05 -1.449334e+03 1.798503e+05 -7.902291e+03 5.924921e+03 -8.383292e+04 -8.008119e+03 2.296897e+05 -3.456458e+05 -1.234715e+03 -2.052122e+05 9.724823e+03 -7.779899e+03 9.566837e+04 -3.456378e+05 2.190220e+03 5.311566e+03 1.767122e+05 6.531912e+03 9.565434e+04 -1.578622e+05 -6.640861e+03
8.787879e-03 3.285038e+05 -1.994796e+03 -6.160577e+03 -1.690159e+05 7.447201e+03 9.132632e+04 -1.519289e+05 -7.455886e+03 -5.907198e+03 1.692493e+05 -2.530997e+05 -1.421867e+03 1.516962e+05 -7.211031e+03 5.121989e+03 -7.013338e+04 -7.383650e+03 1.928270e+05 -2.883508e+05 -1.241121e+03 -1.730902e+05 8.860401e+03 -6.748689e+03 8.003786e+04 -2.883443e+05 2.130081e+03 4.903826e+03 1.483503e+05 5.623635e+03 8.002645e+04 -1.331512e+05 -6.048336e+03
8.989899e-03 2.787578e+05 -1.945217e+03 -5.727767e+03 -1.443828e+05 6.543359e+03 7.772559e+04 -1.303407e+05 -6.861324e+03 -5.513774e+03 1.445858e+05 -2.147774e+05 -1.380342e+03 1.301385e+05 -6.654852e+03 4.500364e+03 -5.968407e+04 -6.874718e+03 1.647265e+05 -2.446882e+05 -1.223145e+03 -1.484941e+05 8.166507e+03 -5.949599e+03 6.811557e+04 -2.446828e+05 2.057194e+03 4.570699e+03 1.267302e+05 4.921170e+03 6.810611e+04 -1.142299e+05 -5.572813e+03
9.191919e-03 2.397956e+05 -1.883620e+03 -5.366414e+03 -1.250747e+05 5.822561e+03 6.706274e+04 -1.133521e+05 -6.371780e+03 -5.182900e+03 1.252535e+05 -1.847623e+05 -1.332254e+03 1.131741e+05 -6.194997e+03 4.004650e+03 -5.149214e+04 -6.448782e+03 1.427002e+05 -2.104905e+05 -1.191871e+03 -1.291385e+05 7.593963e+03 -5.311805e+03 5.876875e+04 -2.104859e+05 1.979585e+03 4.291254e+03 1.097837e+05 4.361523e+03 5.876079e+04 -9.934004e+04 -5.180537e+03
9.393939e-03 2.086127e+05 -1.816616e+03 -5.058497e+03 -1.096035e+05 5.234351e+03 5.852010e+04 -9.969070e+04 -5.960015e+03 -4.899148e+03 1.097628e+05 -1.607399e+05 -1.281658e+03 9.953224e+04 -5.806759e+03 3.600144e+03 -4.492930e+04 -6.085078e+03 1.250508e+05 -1.831207e+05 -1.153511e+03 -1.135737e+05 7.111470e+03 -4.790923e+03 5.128059e+04 -1.831168e+05 1.901465e+03 4.052130e+03 9.620472e+04 3.905254e+03 5.127381e+04 -8.736645e+04 -4.850024e+03
9.595960e-03 1.832124e+05 -1.747953e+03 -4.791883e+03 -9.698225e+04 4.745394e+03 5.155424e+04 -8.850902e+04 -5.607757e+03 -4.652072e+03 9.712534e+04 -1.411721e+05 -1.230809e+03 8.836674e+04 -5.473513e+03 3.263914e+03 -3.957798e+04 -5.769591e+03 1.106524e+05 -1.608263e+05 -1.111687e+03 -1.008342e+05 6.697998e+03 -4.357618e+03 4.517468e+04 -1.608229e+05 1.825067e+03 3.844302e+03 8.512710e+04 3.526313e+03 4.516884e+04 -7.756633e+04 -4.566842e+03
9.797980e-03 1.622162e+05 -1.679789e+03 -4.558036e+03 -8.653037e+04 4.332724e+03 4.578986e+04 -7.922079e+04 -5.302220e+03 -4.434279e+03 8.665990e+04 -1.249969e+05 -1.180969e+03 7.909207e+04 -5.183590e+03 2.980163e+03 -3.514980e+04 -5.492444e+03 9.872877e+04 -1.423974e+05 -1.068564e+03 -9.025201e+04 6.338812e+03 -3.991668e+03 4.012202e+04 -1.423944e+05 1.751560e+03 3.661402e+03 7.595350e+04 3.206765e+03 4.011695e+04 -6.942579e+04 -4.320878e+03
1.000000e-02 1.446423e+05 -1.613356e+03 -4.350738e+03 -7.776383e+04 3.979977e+03 4.095964e+04 -7.140771e+04 -5.034151e+03 -4.240354e+03 7.788186e+04 -1.114581e+05 -1.132833e+03 7.129049e+04 -4.928520e+03 2.737634e+03 -3.143936e+04 -5.246424e+03 8.872763e+04 -1.269723e+05 -1.025450e+03 -8.135048e+04 6.023230e+03 -3.678658e+03 3.588825e+04 -1.269697e+05 1.681505e+03 3.498774e+03 6.825909e+04 2.933837e+03 3.588382e+04 -6.257818e+04 -4.104804e+03
