-1.000000e-02 -2.371493e+04 -2.102119e+03 1.179932e+03 -1.608093e+03 2.500656e+03 5.480114e+03 1.440567e+02 1.564611e+03 1.167158e+03 1.644199e+03 1.826584e+04 -1.441895e+03 -1.802368e+02 1.555024e+03 1.712347e+03 -4.226594e+03 1.462146e+03 1.883652e+03 2.081399e+04 -1.557535e+03 1.540971e+02 -1.888212e+03 -2.270705e+03 4.809492e+03 2.081102e+04 1.930365e+03 -9.334314e+02 1.403521e+03 1.875073e+03 4.813036e+03 1.656417e+02 1.283901e+03
-9.797980e-03 -2.419594e+04 -2.140020e+03 1.177244e+03 -1.438846e+03 2.549427e+03 5.613970e+03 3.885767e+02 1.563582e+03 1.164268e+03 1.475040e+03 1.863549e+04 -1.467484e+03 -4.248684e+02 1.553798e+03 1.745345e+03 -4.328966e+03 1.458646e+03 1.690905e+03 2.123569e+04 -1.587723e+03 4.327304e+02 -1.886905e+03 -2.312434e+03 4.926543e+03 2.123266e+04 1.962605e+03 -9.312366e+02 1.254956e+03 1.913752e+03 4.930170e+03 3.803532e+02 1.282930e+03
-9.595960e-03 -2.467682e+04 -2.178610e+03 1.174020e+03 -1.257606e+03 2.599234e+03 5.748273e+03 6.483192e+02 1.561903e+03 1.160843e+03 1.293864e+03 1.900502e+04 -1.493533e+03 -6.847005e+02 1.551923e+03 1.779038e+03 -4.431662e+03 1.454491e+03 1.484456e+03 2.165727e+04 -1.618457e+03 7.287200e+02 -1.884813e+03 -2.355052e+03 5.043974e+03 2.165418e+04 1.995428e+03 -9.286062e+02 1.095874e+03 1.953244e+03 5.047684e+03 6.083960e+02 1.281424e+03
-9.393939e-03 -2.515628e+04 -2.217883e+03 1.170233e+03 -1.063849e+03 2.650076e+03 5.882691e+03 9.239121e+02 1.559536e+03 1.156856e+03 1.100146e+03 1.937344e+04 -1.520038e+03 -9.603592e+02 1.549359e+03 1.813427e+03 -4.534427e+03 1.449647e+03 1.263704e+03 2.207759e+04 -1.649733e+03 1.042782e+03 -1.881888e+03 -2.398559e+03 5.161494e+03 2.207445e+04 2.028826e+03 -9.255189e+02 9.258150e+02 1.993548e+03 5.165288e+03 8.503187e+02 1.279351e+03
-9.191919e-03 -2.563289e+04 -2.257829e+03 1.165854e+03 -8.570513e+02 2.701952e+03 6.016857e+03 1.215979e+03 1.556438e+03 1.152280e+03 8.933595e+02 1.973965e+04 -1.546990e+03 -1.252467e+03 1.546067e+03 1.848509e+03 -4.636979e+03 1.444080e+03 1.028051e+03 2.249541e+04 -1.681542e+03 1.375628e+03 -1.878081e+03 -2.442954e+03 5.278783e+03 2.249220e+04 2.062792e+03 -9.219524e+02 7.443213e+02 2.034660e+03 5.282660e+03 1.106667e+03 1.276678e+03
-8.989899e-03 -2.610508e+04 -2.298437e+03 1.160855e+03 -6.366943e+02 2.754854e+03 6.150364e+03 1.525136e+03 1.552568e+03 1.147086e+03 6.729856e+02 2.010243e+04 -1.574382e+03 -1.561638e+03 1.542003e+03 1.884281e+03 -4.739006e+03 1.437754e+03 7.769027e+02 2.290933e+04 -1.713875e+03 1.727961e+03 -1.873339e+03 -2.488230e+03 5.395483e+03 2.290607e+04 2.097315e+03 -9.178844e+02 5.509379e+02 2.076577e+03 5.399444e+03 1.377979e+03 1.273368e+03
-8.787879e-03 -2.657113e+04 -2.339690e+03 1.155206e+03 -4.022689e+02 2.808775e+03 6.282766e+03 1.851985e+03 1.547879e+03 1.141247e+03 4.385130e+02 2.046047e+04 -1.602203e+03 -1.888473e+03 1.537124e+03 1.920734e+03 -4.840166e+03 1.430633e+03 5.096765e+02 2.331785e+04 -1.746720e+03 2.100467e+03 -1.867609e+03 -2.534381e+03 5.511205e+03 2.331453e+04 2.132381e+03 -9.132919e+02 3.452186e+02 2.119290e+03 5.515248e+03 1.664782e+03 1.269386e+03
-8.585859e-03 -2.702914e+04 -2.381573e+03 1.148878e+03 -1.532801e+02 2.863701e+03 6.413573e+03 2.197107e+03 1.542328e+03 1.134734e+03 1.894452e+02 2.081231e+04 -1.630441e+03 -2.233551e+03 1.531385e+03 1.957861e+03 -4.940083e+03 1.422681e+03 2.258058e+02 2.371932e+04 -1.780062e+03 2.493809e+03 -1.860837e+03 -2.581395e+03 5.625518e+03 2.371594e+04 2.167976e+03 -9.081518e+02 1.267296e+02 2.162788e+03 5.629643e+03 1.967583e+03 1.264695e+03
-8.383838e-03 -2.747708e+04 -2.424063e+03 1.141840e+03 1.107472e+02 2.919615e+03 6.542249e+03 2.561058e+03 1.535865e+03 1.127516e+03 -7.469475e+01 2.115638e+04 -1.659081e+03 -2.597426e+03 1.524739e+03 1.995650e+03 -5.038347e+03 1.413860e+03 -7.525364e+01 2.411193e+04 -1.813886e+03 2.908621e+03 -1.852964e+03 -2.629258e+03 5.737956e+03 2.410850e+04 2.204082e+03 -9.024406e+02 -1.049453e+02 2.207058e+03 5.742161e+03 2.286867e+03 1.259255e+03
-8.181818e-03 -2.791272e+04 -2.467138e+03 1.134061e+03 3.902620e+02 2.976495e+03 6.668213e+03 2.944355e+03 1.528443e+03 1.119565e+03 -3.543573e+02 2.149097e+04 -1.688107e+03 -2.980615e+03 1.517138e+03 2.034085e+03 -5.134511e+03 1.404132e+03 -3.940159e+02 2.449376e+04 -1.848171e+03 3.345496e+03 -1.843932e+03 -2.677953e+03 5.848008e+03 2.449027e+04 2.240678e+03 -8.961346e+02 -3.501996e+02 2.252081e+03 5.852292e+03 2.623088e+03 1.253027e+03
-7.979798e-03 -2.833368e+04 -2.510769e+03 1.125512e+03 6.856801e+02 3.034316e+03 6.790836e+03 3.347477e+03 1.520012e+03 1.110850e+03 -6.499598e+02 2.181424e+04 -1.717500e+03 -3.383593e+03 1.508534e+03 2.073149e+03 -5.228094e+03 1.393458e+03 -7.309575e+02 2.486268e+04 -1.882896e+03 3.804976e+03 -1.833683e+03 -2.727456e+03 5.955124e+03 2.485914e+04 2.277739e+03 -8.892099e+02 -6.093976e+02 2.297837e+03 5.959484e+03 2.976662e+03 1.245972e+03
-7.777778e-03 -2.873736e+04 -2.554925e+03 1.116160e+03 9.973768e+02 3.093046e+03 6.909437e+03 3.770845e+03 1.510520e+03 1.101342e+03 -9.618792e+02 2.212421e+04 -1.747239e+03 -3.806783e+03 1.498877e+03 2.112820e+03 -5.318574e+03 1.381801e+03 -1.086508e+03 2.521645e+04 -1.918035e+03 4.287545e+03 -1.822153e+03 -2.777741e+03 6.058708e+03 2.521285e+04 2.315241e+03 -8.816429e+02 -8.828681e+02 2.344299e+03 6.063144e+03 3.347959e+03 1.238047e+03
-7.575758e-03 -2.912101e+04 -2.599571e+03 1.105975e+03 1.325678e+03 3.152648e+03 7.023287e+03 4.214819e+03 1.499916e+03 1.091011e+03 -1.290443e+03 2.241875e+04 -1.777298e+03 -4.250541e+03 1.488116e+03 2.153072e+03 -5.405393e+03 1.369121e+03 -1.461043e+03 2.555264e+04 -1.953561e+03 4.793614e+03 -1.809282e+03 -2.828776e+03 6.158123e+03 2.554899e+04 2.353151e+03 -8.734098e+02 -1.170897e+03 2.391438e+03 6.162630e+03 3.737292e+03 1.229210e+03
-7.373737e-03 -2.948169e+04 -2.644667e+03 1.094926e+03 1.670852e+03 3.213079e+03 7.131606e+03 4.679686e+03 1.488148e+03 1.079828e+03 -1.635920e+03 2.269561e+04 -1.807651e+03 -4.715153e+03 1.476199e+03 2.193876e+03 -5.487952e+03 1.355382e+03 -1.854868e+03 2.586867e+04 -1.989441e+03 5.323508e+03 -1.795005e+03 -2.880525e+03 6.252686e+03 2.586498e+04 2.391436e+03 -8.644874e+02 -1.473718e+03 2.439220e+03 6.257261e+03 4.144911e+03 1.219419e+03
-7.171717e-03 -2.981627e+04 -2.690170e+03 1.082983e+03 2.033099e+03 3.274289e+03 7.233562e+03 5.165644e+03 1.475162e+03 1.067764e+03 -1.998513e+03 2.295237e+04 -1.838269e+03 -5.200816e+03 1.463075e+03 2.235199e+03 -5.565614e+03 1.340544e+03 -2.268214e+03 2.616180e+04 -2.025642e+03 5.877454e+03 -1.779260e+03 -2.932946e+03 6.341669e+03 2.615806e+04 2.430059e+03 -8.548524e+02 -1.791508e+03 2.487605e+03 6.346308e+03 4.570988e+03 1.208631e+03
-6.969697e-03 -3.012144e+04 -2.736031e+03 1.070116e+03 2.412541e+03 3.336222e+03 7.328273e+03 5.672792e+03 1.460905e+03 1.054790e+03 -2.378343e+03 2.318650e+04 -1.869118e+03 -5.707629e+03 1.448692e+03 2.277002e+03 -5.637705e+03 1.324570e+03 -2.701222e+03 2.642912e+04 -2.062123e+03 6.455567e+03 -1.761982e+03 -2.985990e+03 6.424300e+03 2.642535e+04 2.468978e+03 -8.444824e+02 -2.124372e+03 2.536547e+03 6.429000e+03 5.015609e+03 1.196803e+03
-6.767677e-03 -3.039372e+04 -2.782198e+03 1.056295e+03 2.809210e+03 3.398815e+03 7.414810e+03 6.201117e+03 1.445323e+03 1.040878e+03 -2.775445e+03 2.339531e+04 -1.900163e+03 -6.235577e+03 1.432997e+03 2.319242e+03 -5.703512e+03 1.307425e+03 -3.153930e+03 2.666758e+04 -2.098844e+03 7.057832e+03 -1.743107e+03 -3.039603e+03 6.499767e+03 2.666378e+04 2.508148e+03 -8.333557e+02 -2.472338e+03 2.585997e+03 6.504521e+03 5.478761e+03 1.183891e+03
-6.565657e-03 -3.062945e+04 -2.828611e+03 1.041492e+03 3.223039e+03 3.461997e+03 7.492197e+03 6.750479e+03 1.428363e+03 1.026003e+03 -3.189751e+03 2.357600e+04 -1.931364e+03 -6.784520e+03 1.415940e+03 2.361870e+03 -5.762287e+03 1.289073e+03 -3.626262e+03 2.687399e+04 -2.135757e+03 7.684090e+03 -1.722571e+03 -3.093725e+03 6.567216e+03 2.687015e+04 2.547521e+03 -8.214511e+02 -2.835348e+03 2.635898e+03 6.572019e+03 5.960321e+03 1.169852e+03
-6.363636e-03 -3.082484e+04 -2.875210e+03 1.025681e+03 3.653846e+03 3.525689e+03 7.559415e+03 7.320596e+03 1.409973e+03 1.010138e+03 -3.621081e+03 2.372565e+04 -1.962678e+03 -7.354175e+03 1.397468e+03 2.404834e+03 -5.813251e+03 1.269479e+03 -4.118013e+03 2.704501e+04 -2.172813e+03 8.334019e+03 -1.700311e+03 -3.148288e+03 6.625754e+03 2.704114e+04 2.587041e+03 -8.087488e+02 -3.213241e+03 2.686186e+03 6.630600e+03 6.460041e+03 1.154644e+03
-6.161616e-03 -3.097595e+04 -2.921924e+03 1.008835e+03 4.101325e+03 3.589803e+03 7.615405e+03 7.911030e+03 1.390102e+03 9.932600e+02 -4.069128e+03 2.384122e+04 -1.994059e+03 -7.944104e+03 1.377532e+03 2.448074e+03 -5.855593e+03 1.248613e+03 -4.628833e+03 2.717717e+04 -2.209958e+03 9.007121e+03 -1.676265e+03 -3.203217e+03 6.674458e+03 2.717329e+04 2.626651e+03 -7.952300e+02 -3.605750e+03 2.736794e+03 6.679340e+03 6.977537e+03 1.138226e+03
-5.959596e-03 -3.107872e+04 -2.968682e+03 9.909301e+02 4.565035e+03 3.654245e+03 7.659076e+03 8.521172e+03 1.368698e+03 9.753466e+02 -4.533450e+03 2.391961e+04 -2.025459e+03 -8.553698e+03 1.356084e+03 2.491526e+03 -5.888479e+03 1.226443e+03 -5.158219e+03 2.726694e+04 -2.247132e+03 9.702701e+03 -1.650374e+03 -3.258430e+03 6.712372e+03 2.726304e+04 2.666290e+03 -7.808775e+02 -4.012486e+03 2.787644e+03 6.717282e+03 7.512273e+03 1.120557e+03
-5.757576e-03 -3.112900e+04 -3.015404e+03 9.719449e+02 5.044382e+03 3.718908e+03 7.689311e+03 9.150226e+03 1.345713e+03 9.563775e+02 -5.013455e+03 2.395762e+04 -2.056824e+03 -9.182162e+03 1.333077e+03 2.535118e+03 -5.911051e+03 1.202941e+03 -5.705495e+03 2.731068e+04 -2.284275e+03 1.041985e+04 -1.622579e+03 -3.313838e+03 6.738519e+03 2.730676e+04 2.705889e+03 -7.656753e+02 -4.432929e+03 2.838655e+03 6.743448e+03 8.063551e+03 1.101597e+03
-5.555556e-03 -3.112260e+04 -3.062008e+03 9.518591e+02 5.538614e+03 3.783679e+03 7.704973e+03 9.797196e+03 1.321102e+03 9.363347e+02 -5.508388e+03 2.395202e+04 -2.088099e+03 -9.828501e+03 1.308466e+03 2.578774e+03 -5.922441e+03 1.178084e+03 -6.269802e+03 2.730468e+04 -2.321319e+03 1.115744e+04 -1.592826e+03 -3.369344e+03 6.751904e+03 2.730077e+04 2.745380e+03 -7.496098e+02 -4.866419e+03 2.889736e+03 6.756843e+03 8.630500e+03 1.081312e+03
-5.353535e-03 -3.105528e+04 -3.108404e+03 9.306554e+02 6.046805e+03 3.848437e+03 7.704915e+03 1.046087e+04 1.294822e+03 9.152026e+02 -6.017323e+03 2.389956e+04 -2.119222e+03 -1.049150e+04 1.282211e+03 2.622412e+03 -5.921771e+03 1.151847e+03 -6.850082e+03 2.724526e+04 -2.358193e+03 1.191408e+04 -1.561062e+03 -3.424841e+03 6.751526e+03 2.724135e+04 2.784685e+03 -7.326689e+02 -5.312144e+03 2.940791e+03 6.756465e+03 9.212057e+03 1.059665e+03
-5.151515e-03 -3.092281e+04 -3.154498e+03 9.083189e+02 6.567847e+03 3.913047e+03 7.687994e+03 1.113982e+04 1.266832e+03 8.929686e+02 -6.539149e+03 2.379700e+04 -2.150133e+03 -1.116974e+04 1.254272e+03 2.665941e+03 -5.908165e+03 1.124213e+03 -7.445071e+03 2.712870e+04 -2.394824e+03 1.268815e+04 -1.527241e+03 -3.480217e+03 6.736383e+03 2.712480e+04 2.823726e+03 -7.148432e+02 -5.769131e+03 2.991715e+03 6.741312e+03 9.806966e+03 1.036625e+03
-4.949495e-03 -3.072104e+04 -3.200192e+03 8.848382e+02 7.100440e+03 3.977371e+03 7.653076e+03 1.183236e+04 1.237098e+03 8.696227e+02 -7.072565e+03 2.364113e+04 -2.180763e+03 -1.186153e+04 1.224617e+03 2.709268e+03 -5.880757e+03 1.095167e+03 -8.053284e+03 2.695135e+04 -2.431132e+03 1.347772e+04 -1.491320e+03 -3.535351e+03 6.705485e+03 2.694748e+04 2.862419e+03 -6.961252e+02 -6.236243e+03 3.042398e+03 6.710392e+03 1.041376e+04 1.012164e+03
-4.747475e-03 -3.044592e+04 -3.245383e+03 8.602048e+02 7.643088e+03 4.041256e+03 7.599057e+03 1.253658e+04 1.205587e+03 8.451584e+02 -7.616070e+03 2.342884e+04 -2.211046e+03 -1.256497e+04 1.193216e+03 2.752291e+03 -5.838702e+03 1.064697e+03 -8.673010e+03 2.670967e+04 -2.467036e+03 1.428061e+04 -1.453262e+03 -3.590114e+03 6.657867e+03 2.670583e+04 2.900677e+03 -6.765106e+02 -6.712164e+03 3.092721e+03 6.662740e+03 1.103075e+04 9.862577e+02
-4.545455e-03 -3.009355e+04 -3.289962e+03 8.344141e+02 8.194087e+03 4.104544e+03 7.524875e+03 1.325030e+04 1.172274e+03 8.195729e+02 -8.167960e+03 2.315715e+04 -2.240907e+03 -1.327788e+04 1.160044e+03 2.794903e+03 -5.781186e+03 1.032797e+03 -9.302305e+03 2.640024e+04 -2.502451e+03 1.509436e+04 -1.413036e+03 -3.644369e+03 6.592599e+03 2.639645e+04 2.938409e+03 -6.559975e+02 -7.195402e+03 3.142559e+03 6.597426e+03 1.165605e+04 9.588845e+02
-4.343434e-03 -2.966027e+04 -3.333817e+03 8.074652e+02 8.751530e+03 4.167067e+03 7.429523e+03 1.397110e+04 1.137139e+03 7.928668e+02 -8.726323e+03 2.282323e+04 -2.270273e+03 -1.399784e+04 1.125083e+03 2.836992e+03 -5.707441e+03 9.994649e+02 -9.938988e+03 2.601985e+04 -2.537286e+03 1.591618e+04 -1.370618e+03 -3.697973e+03 6.508803e+03 2.601611e+04 2.975519e+03 -6.345873e+02 -7.684285e+03 3.191781e+03 6.513569e+03 1.228753e+04 9.300293e+02
-4.141414e-03 -2.914270e+04 -3.376834e+03 7.793614e+02 9.313302e+03 4.228651e+03 7.312072e+03 1.469631e+04 1.100169e+03 7.650450e+02 -9.289039e+03 2.242448e+04 -2.299067e+03 -1.472218e+04 1.088320e+03 2.878439e+03 -5.616755e+03 9.647045e+02 -1.058064e+04 2.556554e+04 -2.571452e+03 1.674303e+04 -1.325993e+03 -3.750775e+03 6.405664e+03 2.556186e+04 3.011912e+03 -6.122844e+02 -8.176958e+03 3.240249e+03 6.410355e+03 1.292284e+04 8.996818e+02
-3.939394e-03 -2.853781e+04 -3.418894e+03 7.501103e+02 9.877085e+03 4.289113e+03 7.171682e+03 1.542298e+04 1.061356e+03 7.361163e+02 -9.853786e+03 2.195859e+04 -2.327210e+03 -1.544797e+04 1.049751e+03 2.919124e+03 -5.508487e+03 9.285243e+02 -1.122462e+04 2.503465e+04 -2.604853e+03 1.757157e+04 -1.279153e+03 -3.802619e+03 6.282451e+03 2.503104e+04 3.047487e+03 -5.890967e+02 -8.671388e+03 3.287821e+03 6.287053e+03 1.355941e+04 8.678372e+02
-3.737374e-03 -2.784299e+04 -3.459875e+03 7.197240e+02 1.044037e+04 4.348262e+03 7.007629e+03 1.614796e+04 1.020702e+03 7.060941e+02 -1.041805e+04 2.142354e+04 -2.354622e+03 -1.617205e+04 1.009378e+03 2.958918e+03 -5.382083e+03 8.909386e+02 -1.186805e+04 2.442489e+04 -2.637395e+03 1.839817e+04 -1.230099e+03 -3.853342e+03 6.138528e+03 2.442137e+04 3.082142e+03 -5.650355e+02 -9.165372e+03 3.334349e+03 6.143025e+03 1.419447e+04 8.344972e+02
-3.535354e-03 -2.705613e+04 -3.499654e+03 6.882195e+02 1.100045e+04 4.405906e+03 6.819316e+03 1.686784e+04 9.782162e+02 6.749962e+02 -1.097911e+04 2.081772e+04 -2.381221e+03 -1.689102e+04 9.672101e+02 2.997691e+03 -5.237087e+03 8.519676e+02 -1.250785e+04 2.373441e+04 -2.668979e+03 1.921897e+04 -1.178844e+03 -3.902776e+03 5.973375e+03 2.373099e+04 3.115773e+03 -5.401156e+02 -9.656544e+03 3.379680e+03 5.977752e+03 1.482506e+04 7.996701e+02
-3.333333e-03 -2.617567e+04 -3.538108e+03 6.556186e+02 1.155446e+04 4.461845e+03 6.606294e+03 1.757902e+04 9.339172e+02 6.428451e+02 -1.153412e+04 2.013992e+04 -2.406925e+03 -1.760129e+04 9.232674e+02 3.035311e+03 -5.073157e+03 8.116378e+02 -1.314074e+04 2.296185e+04 -2.699507e+03 2.002987e+04 -1.125410e+03 -3.950752e+03 5.786602e+03 2.295854e+04 3.148277e+03 -5.143557e+02 -1.014239e+04 3.423658e+03 5.790843e+03 1.544800e+04 7.633713e+02
-3.131313e-03 -2.520067e+04 -3.575112e+03 6.219480e+02 1.209939e+04 4.515877e+03 6.368284e+03 1.827772e+04 8.878324e+02 6.096679e+02 -1.208004e+04 1.938942e+04 -2.431651e+03 -1.829908e+04 8.775775e+02 3.071642e+03 -4.890080e+03 7.699817e+02 -1.376327e+04 2.210638e+04 -2.728881e+03 2.082653e+04 -1.069831e+03 -3.997095e+03 5.577962e+03 2.210319e+04 3.179548e+03 -4.877779e+02 -1.062027e+04 3.466127e+03 5.582051e+03 1.605999e+04 7.256238e+02
-2.929293e-03 -2.413089e+04 -3.610541e+03 5.872397e+02 1.263210e+04 4.567797e+03 6.105190e+03 1.896000e+04 8.399991e+02 5.754967e+02 -1.261371e+04 1.856604e+04 -2.455317e+03 -1.898046e+04 8.301779e+02 3.106547e+03 -4.687783e+03 7.270381e+02 -1.437185e+04 2.116779e+04 -2.757002e+03 2.160448e+04 -1.012150e+03 -4.041630e+03 5.347373e+03 2.116473e+04 3.209483e+03 -4.604084e+02 -1.108742e+04 3.506927e+03 5.351294e+03 1.665759e+04 6.864585e+02
-2.727273e-03 -2.296681e+04 -3.644272e+03 5.515307e+02 1.314934e+04 4.617403e+03 5.817113e+03 1.962181e+04 7.904645e+02 5.403680e+02 -1.313191e+04 1.767016e+04 -2.477842e+03 -1.964138e+04 7.811156e+02 3.139891e+03 -4.466346e+03 6.828525e+02 -1.496278e+04 2.014651e+04 -2.783774e+03 2.235909e+04 -9.524268e+02 -4.084183e+03 5.094925e+03 2.014360e+04 3.237977e+03 -4.322769e+02 -1.154100e+04 3.545899e+03 5.098662e+03 1.723724e+04 6.459141e+02
-2.525253e-03 -2.170974e+04 -3.676185e+03 5.148629e+02 1.364781e+04 4.664492e+03 5.504370e+03 2.025901e+04 7.392864e+02 5.043234e+02 -1.363132e+04 1.670277e+04 -2.499146e+03 -2.027773e+04 7.304479e+02 3.171538e+03 -4.226011e+03 6.374764e+02 -1.553229e+04 1.904368e+04 -2.809099e+03 2.308565e+04 -8.907294e+02 -4.124578e+03 4.820896e+03 1.904093e+04 3.264931e+03 -4.034169e+02 -1.197813e+04 3.582886e+03 4.824432e+03 1.779532e+04 6.040379e+02
-2.323232e-03 -2.036178e+04 -3.706162e+03 4.772835e+02 1.412419e+04 4.708864e+03 5.167501e+03 2.086745e+04 6.865327e+02 4.674089e+02 -1.410859e+04 1.566550e+04 -2.519152e+03 -2.088533e+04 6.782418e+02 3.201354e+03 -3.967195e+03 5.909679e+02 -1.607656e+04 1.786115e+04 -2.832887e+03 2.377941e+04 -8.271400e+02 -4.162645e+03 4.525758e+03 1.785857e+04 3.290245e+03 -3.738655e+02 -1.239587e+04 3.617731e+03 4.529078e+03 1.832821e+04 5.608854e+02
-2.121212e-03 -1.892592e+04 -3.734090e+03 4.388444e+02 1.457515e+04 4.750326e+03 4.807278e+03 2.144298e+04 6.322818e+02 4.296751e+02 -1.456041e+04 1.456065e+04 -2.537786e+03 -2.146007e+04 6.245745e+02 3.229212e+03 -3.690488e+03 5.433912e+02 -1.659180e+04 1.660154e+04 -2.855046e+03 2.443566e+04 -7.617530e+02 -4.198218e+03 4.210186e+03 1.659914e+04 3.313824e+03 -3.436633e+02 -1.279133e+04 3.650285e+03 4.213275e+03 1.883226e+04 5.165204e+02
-1.919192e-03 -1.740602e+04 -3.759860e+03 3.996025e+02 1.499744e+04 4.788691e+03 4.424708e+03 2.198153e+04 5.766225e+02 3.911770e+02 -1.498350e+04 1.339117e+04 -2.554976e+03 -2.199788e+04 5.695333e+02 3.254985e+03 -3.396662e+03 4.948163e+02 -1.707429e+04 1.526823e+04 -2.875492e+03 2.504975e+04 -6.946753e+02 -4.231134e+03 3.875063e+03 1.526602e+04 3.335578e+03 -3.128544e+02 -1.316164e+04 3.680402e+03 3.877907e+03 1.930393e+04 4.710153e+02
-1.717172e-03 -1.580681e+04 -3.783370e+03 3.596190e+02 1.538790e+04 4.823781e+03 4.021034e+03 2.247918e+04 5.196535e+02 3.519737e+02 -1.537471e+04 1.216072e+04 -2.570654e+03 -2.249483e+04 5.132148e+02 3.278555e+03 -3.086672e+03 4.453191e+02 -1.752042e+04 1.386537e+04 -2.894143e+03 2.561719e+04 -6.260254e+02 -4.261242e+03 3.521477e+03 1.386336e+04 3.355421e+03 -2.814859e+02 -1.350403e+04 3.707943e+03 3.524062e+03 1.973975e+04 4.244502e+02
-1.515152e-03 -1.413388e+04 -3.804524e+03 3.189595e+02 1.574350e+04 4.855430e+03 3.597734e+03 2.293216e+04 4.614832e+02 3.121281e+02 -1.573100e+04 1.087359e+04 -2.584759e+03 -2.294717e+04 4.557254e+02 3.299811e+03 -2.761648e+03 3.949809e+02 -1.792674e+04 1.239786e+04 -2.910925e+03 2.613371e+04 -5.559338e+02 -4.288399e+03 3.150720e+03 1.239606e+04 3.373274e+03 -2.496081e+02 -1.381586e+04 3.732780e+03 3.153033e+03 2.013646e+04 3.769131e+02
-1.313131e-03 -1.239366e+04 -3.823236e+03 2.776934e+02 1.606144e+04 4.883482e+03 3.156507e+03 2.333695e+04 4.022292e+02 2.717068e+02 -1.604955e+04 9.534714e+03 -2.597232e+03 -2.335139e+04 3.971798e+02 3.318651e+03 -2.422894e+03 3.438880e+02 -1.829002e+04 1.087134e+04 -2.925768e+03 2.659528e+04 -4.845416e+02 -4.312470e+03 2.764280e+03 1.086977e+04 3.389064e+03 -2.172740e+02 -1.409465e+04 3.754791e+03 2.766310e+03 2.049096e+04 3.284993e+02
-1.111111e-03 -1.059334e+04 -3.839428e+03 2.358940e+02 1.633912e+04 4.907800e+03 2.699266e+03 2.369035e+04 3.420174e+02 2.307798e+02 -1.632778e+04 8.149638e+03 -2.608024e+03 -2.370429e+04 3.377012e+02 3.334980e+03 -2.071873e+03 2.921311e+02 -1.860731e+04 9.292129e+03 -2.938611e+03 2.699824e+04 -4.120000e+02 -4.333338e+03 2.363830e+03 9.290782e+03 3.402725e+03 -1.845392e+02 -1.433815e+04 3.773870e+03 2.365565e+03 2.080045e+04 2.793109e+02
-9.090909e-04 -8.740850e+03 -3.853029e+03 1.936377e+02 1.657425e+04 4.928261e+03 2.228115e+03 2.398947e+04 2.809814e+02 1.894196e+02 -1.656337e+04 6.724453e+03 -2.617088e+03 -2.400299e+04 2.774197e+02 3.348719e+03 -1.710200e+03 2.398053e+02 -1.887597e+04 7.667168e+03 -2.949399e+03 2.733933e+04 -3.384695e+02 -4.350896e+03 1.951211e+03 7.666056e+03 3.414199e+03 -1.514614e+02 -1.454433e+04 3.789921e+03 1.952644e+03 2.106241e+04 2.294560e+02
-7.070707e-04 -6.844751e+03 -3.863982e+03 1.510034e+02 1.676483e+04 4.944759e+03 1.745334e+03 2.423186e+04 2.192614e+02 1.477015e+02 -1.675432e+04 5.265736e+03 -2.624386e+03 -2.424503e+04 2.164722e+02 3.359796e+03 -1.339618e+03 1.870089e+02 -1.909374e+04 6.003964e+03 -2.958086e+03 2.761572e+04 -2.641183e+02 -4.365054e+03 1.528418e+03 6.003093e+03 3.423439e+03 -1.181002e+02 -1.471145e+04 3.802863e+03 1.529540e+03 2.127467e+04 1.790481e+02
-5.050505e-04 -4.914143e+03 -3.872239e+03 1.080729e+02 1.690924e+04 4.957209e+03 1.253347e+03 2.441548e+04 1.570035e+02 1.057029e+02 -1.689901e+04 3.780488e+03 -2.629887e+03 -2.442838e+04 1.550010e+02 3.368155e+03 -9.619864e+02 1.338435e+02 -1.925875e+04 4.310499e+03 -2.964635e+03 2.782510e+04 -1.891217e+02 -4.375738e+03 1.097571e+03 4.309874e+03 3.430405e+03 -8.451701e+01 -1.483808e+04 3.812628e+03 1.098377e+03 2.143548e+04 1.282053e+02
-3.030303e-04 -2.958565e+03 -3.877764e+03 6.492930e+01 1.700622e+04 4.965545e+03 7.546980e+02 2.453878e+04 9.435807e+01 6.350270e+01 -1.699618e+04 2.276042e+03 -2.633568e+03 -2.455150e+04 9.315238e+01 3.373752e+03 -5.792517e+02 8.041269e+01 -1.936956e+04 2.595138e+03 -2.969017e+03 2.796569e+04 -1.136601e+02 -4.382892e+03 6.608954e+02 2.594762e+03 3.435065e+03 -5.077427e+01 -1.492312e+04 3.819167e+03 6.613808e+02 2.154345e+04 7.704927e+01
-1.010101e-04 -9.878747e+02 -3.880533e+03 2.165739e+01 1.705492e+04 4.969725e+03 2.520160e+02 2.460069e+04 3.147875e+01 2.118108e+01 -1.704498e+04 7.599773e+02 -2.635413e+03 -2.461332e+04 3.107616e+01 3.376558e+03 -1.934286e+02 2.682203e+01 -1.942521e+04 8.665248e+02 -2.971213e+03 2.803628e+04 -3.791797e+01 -4.386479e+03 2.206922e+02 8.663991e+02 3.437400e+03 -1.693545e+01 -1.496583e+04 3.822445e+03 2.208543e+02 2.159766e+04 2.570415e+01
1.010101e-04 9.878747e+02 -3.880533e+03 -2.165739e+01 1.705492e+04 4.969725e+03 -2.520160e+02 2.460069e+04 -3.147875e+01 -2.118108e+01 -1.704498e+04 -7.599773e+02 -2.635413e+03 -2.461332e+04 -3.107616e+01 3.376558e+03 1.934286e+02 -2.682203e+01 -1.942521e+04 -8.665248e+02 -2.971213e+03 2.803628e+04 3.791797e+01 -4.386479e+03 -2.206922e+02 -8.663991e+02 3.437400e+03 1.693545e+01 -1.496583e+04 3.822445e+03 -2.208543e+02 2.159766e+04 -2.570415e+01
3.030303e-04 2.958565e+03 -3.877764e+03 -6.492930e+01 1.700622e+04 4.965545e+03 -7.546980e+02 2.453878e+04 -9.435807e+01 -6.350270e+01 -1.699618e+04 -2.276042e+03 -2.633568e+03 -2.455150e+04 -9.315238e+01 3.373752e+03 5.792517e+02 -8.041269e+01 -1.936956e+04 -2.595138e+03 -2.969017e+03 2.796569e+04 1.136601e+02 -4.382892e+03 -6.608954e+02 -2.594762e+03 3.435065e+03 5.077427e+01 -1.492312e+04 3.819167e+03 -6.613808e+02 2.154345e+04 -7.704927e+01
5.050505e-04 4.914143e+03 -3.872239e+03 -1.080729e+02 1.690924e+04 4.957209e+03 -1.253347e+03 2.441548e+04 -1.570035e+02 -1.057029e+02 -1.689901e+04 -3.780488e+03 -2.629887e+03 -2.442838e+04 -1.550010e+02 3.368155e+03 9.619864e+02 -1.338435e+02 -1.925875e+04 -4.310499e+03 -2.964635e+03 2.782510e+04 1.891217e+02 -4.375738e+03 -1.097571e+03 -4.309874e+03 3.430405e+03 8.451701e+01 -1.483808e+04 3.812628e+03 -1.098377e+03 2.143548e+04 -1.282053e+02
7.070707e-04 6.844751e+03 -3.863982e+03 -1.510034e+02 1.676483e+04 4.944759e+03 -1.745334e+03 2.423186e+04 -2.192614e+02 -1.477015e+02 -1.675432e+04 -5.265736e+03 -2.624386e+03 -2.424503e+04 -2.164722e+02 3.359796e+03 1.339618e+03 -1.870089e+02 -1.909374e+04 -6.003964e+03 -2.958086e+03 2.761572e+04 2.641183e+02 -4.365054e+03 -1.528418e+03 -6.003093e+03 3.423439e+03 1.181002e+02 -1.471145e+04 3.802863e+03 -1.529540e+03 2.127467e+04 -1.790481e+02
9.090909e-04 8.740850e+03 -3.853029e+03 -1.936377e+02 1.657425e+04 4.928261e+03 -2.228115e+03 2.398947e+04 -2.809814e+02 -1.894196e+02 -1.656337e+04 -6.724453e+03 -2.617088e+03 -2.400299e+04 -2.774197e+02 3.348719e+03 1.710200e+03 -2.398053e+02 -1.887597e+04 -7.667168e+03 -2.949399e+03 2.733933e+04 3.384695e+02 -4.350896e+03 -1.951211e+03 -7.666056e+03 3.414199e+03 1.514614e+02 -1.454433e+04 3.789921e+03 -1.952644e+03 2.106241e+04 -2.294560e+02
1.111111e-03 1.059334e+04 -3.839428e+03 -2.358940e+02 1.633912e+04 4.907800e+03 -2.699266e+03 2.369035e+04 -3.420174e+02 -2.307798e+02 -1.632778e+04 -8.149638e+03 -2.608024e+03 -2.370429e+04 -3.377012e+02 3.334980e+03 2.071873e+03 -2.921311e+02 -1.860731e+04 -9.292129e+03 -2.938611e+03 2.699824e+04 4.120000e+02 -4.333338e+03 -2.363830e+03 -9.290782e+03 3.402725e+03 1.845392e+02 -1.433815e+04 3.773870e+03 -2.365565e+03 2.080045e+04 -2.793109e+02
1.313131e-03 1.239366e+04 -3.823236e+03 -2.776934e+02 1.606144e+04 4.883482e+03 -3.156507e+03 2.333695e+04 -4.022292e+02 -2.717068e+02 -1.604955e+04 -9.534714e+03 -2.597232e+03 -2.335139e+04 -3.971798e+02 3.318651e+03 2.422894e+03 -3.438880e+02 -1.829002e+04 -1.087134e+04 -2.925768e+03 2.659528e+04 4.845416e+02 -4.312470e+03 -2.764280e+03 -1.086977e+04 3.389064e+03 2.172740e+02 -1.409465e+04 3.754791e+03 -2.766310e+03 2.049096e+04 -3.284993e+02
1.515152e-03 1.413388e+04 -3.804524e+03 -3.189595e+02 1.574350e+04 4.855430e+03 -3.597734e+03 2.293216e+04 -4.614832e+02 -3.121281e+02 -1.573100e+04 -1.087359e+04 -2.584759e+03 -2.294717e+04 -4.557254e+02 3.299811e+03 2.761648e+03 -3.949809e+02 -1.792674e+04 -1.239786e+04 -2.910925e+03 2.613371e+04 5.559338e+02 -4.288399e+03 -3.150720e+03 -1.239606e+04 3.373274e+03 2.496081e+02 -1.381586e+04 3.732780e+03 -3.153033e+03 2.013646e+04 -3.769131e+02
1.717172e-03 1.580681e+04 -3.783370e+03 -3.596190e+02 1.538790e+04 4.823781e+03 -4.021034e+03 2.247918e+04 -5.196535e+02 -3.519737e+02 -1.537471e+04 -1.216072e+04 -2.570654e+03 -2.249483e+04 -5.132148e+02 3.278555e+03 3.086672e+03 -4.453191e+02 -1.752042e+04 -1.386537e+04 -2.894143e+03 2.561719e+04 6.260254e+02 -4.261242e+03 -3.521477e+03 -1.386336e+04 3.355421e+03 2.814859e+02 -1.350403e+04 3.707943e+03 -3.524062e+03 1.973975e+04 -4.244502e+02
1.919192e-03 1.740602e+04 -3.759860e+03 -3.996025e+02 1.499744e+04 4.788691e+03 -4.424708e+03 2.198153e+04 -5.766225e+02 -3.911770e+02 -1.498350e+04 -1.339117e+04 -2.554976e+03 -2.199788e+04 -5.695333e+02 3.254985e+03 3.396662e+03 -4.948163e+02 -1.707429e+04 -1.526823e+04 -2.875492e+03 2.504975e+04 6.946753e+02 -4.231134e+03 -3.875063e+03 -1.526602e+04 3.335578e+03 3.128544e+02 -1.316164e+04 3.680402e+03 -3.877907e+03 1.930393e+04 -4.710153e+02
2.121212e-03 1.892592e+04 -3.734090e+03 -4.388444e+02 1.457515e+04 4.750326e+03 -4.807278e+03 2.144298e+04 -6.322818e+02 -4.296751e+02 -1.456041e+04 -1.456065e+04 -2.537786e+03 -2.146007e+04 -6.245745e+02 3.229212e+03 3.690488e+03 -5.433912e+02 -1.659180e+04 -1.660154e+04 -2.855046e+03 2.443566e+04 7.617530e+02 -4.198218e+03 -4.210186e+03 -1.659914e+04 3.313824e+03 3.436633e+02 -1.279133e+04 3.650285e+03 -4.213275e+03 1.883226e+04 -5.165204e+02
2.323232e-03 2.036178e+04 -3.706162e+03 -4.772835e+02 1.412419e+04 4.708864e+03 -5.167501e+03 2.086745e+04 -6.865327e+02 -4.674089e+02 -1.410859e+04 -1.566550e+04 -2.519152e+03 -2.088533e+04 -6.782418e+02 3.201354e+03 3.967195e+03 -5.909679e+02 -1.607656e+04 -1.786115e+04 -2.832887e+03 2.377941e+04 8.271400e+02 -4.162645e+03 -4.525758e+03 -1.785857e+04 3.290245e+03 3.738655e+02 -1.239587e+04 3.617731e+03 -4.529078e+03 1.832821e+04 -5.608854e+02
2.525253e-03 2.170974e+04 -3.676185e+03 -5.148629e+02 1.364781e+04 4.664492e+03 -5.504370e+03 2.025901e+04 -7.392864e+02 -5.043234e+02 -1.363132e+04 -1.670277e+04 -2.499146e+03 -2.027773e+04 -7.304479e+02 3.171538e+03 4.226011e+03 -6.374764e+02 -1.553229e+04 -1.904368e+04 -2.809099e+03 2.308565e+04 8.907294e+02 -4.124578e+03 -4.820896e+03 -1.904093e+04 3.264931e+03 4.034169e+02 -1.197813e+04 3.582886e+03 -4.824432e+03 1.779532e+04 -6.040379e+02
2.727273e-03 2.296681e+04 -3.644272e+03 -5.515307e+02 1.314934e+04 4.617403e+03 -5.817113e+03 1.962181e+04 -7.904645e+02 -5.403680e+02 -1.313191e+04 -1.767016e+04 -2.477842e+03 -1.964138e+04 -7.811156e+02 3.139891e+03 4.466346e+03 -6.828525e+02 -1.496278e+04 -2.014651e+04 -2.783774e+03 2.235909e+04 9.524268e+02 -4.084183e+03 -5.094925e+03 -2.014360e+04 3.237977e+03 4.322769e+02 -1.154100e+04 3.545899e+03 -5.098662e+03 1.723724e+04 -6.459141e+02
2.929293e-03 2.413089e+04 -3.610541e+03 -5.872397e+02 1.263210e+04 4.567797e+03 -6.105190e+03 1.896000e+04 -8.399991e+02 -5.754967e+02 -1.261371e+04 -1.856604e+04 -2.455317e+03 -1.898046e+04 -8.301779e+02 3.106547e+03 4.687783e+03 -7.270381e+02 -1.437185e+04 -2.116779e+04 -2.757002e+03 2.160448e+04 1.012150e+03 -4.041630e+03 -5.347373e+03 -2.116473e+04 3.209483e+03 4.604084e+02 -1.108742e+04 3.506927e+03 -5.351294e+03 1.665759e+04 -6.864585e+02
3.131313e-03 2.520067e+04 -3.575112e+03 -6.219480e+02 1.209939e+04 4.515877e+03 -6.368284e+03 1.827772e+04 -8.878324e+02 -6.096679e+02 -1.208004e+04 -1.938942e+04 -2.431651e+03 -1.829908e+04 -8.775775e+02 3.071642e+03 4.890080e+03 -7.699817e+02 -1.376327e+04 -2.210638e+04 -2.728881e+03 2.082653e+04 1.069831e+03 -3.997095e+03 -5.577962e+03 -2.210319e+04 3.179548e+03 4.877779e+02 -1.062027e+04 3.466127e+03 -5.582051e+03 1.605999e+04 -7.256238e+02
3.333333e-03 2.617567e+04 -3.538108e+03 -6.556186e+02 1.155446e+04 4.461845e+03 -6.606294e+03 1.757902e+04 -9.339172e+02 -6.428451e+02 -1.153412e+04 -2.013992e+04 -2.406925e+03 -1.760129e+04 -9.232674e+02 3.035311e+03 5.073157e+03 -8.116378e+02 -1.314074e+04 -2.296185e+04 -2.699507e+03 2.002987e+04 1.125410e+03 -3.950752e+03 -5.786602e+03 -2.295854e+04 3.148277e+03 5.143557e+02 -1.014239e+04 3.423658e+03 -5.790843e+03 1.544800e+04 -7.633713e+02
3.535354e-03 2.705613e+04 -3.499654e+03 -6.882195e+02 1.100045e+04 4.405906e+03 -6.819316e+03 1.686784e+04 -9.782162e+02 -6.749962e+02 -1.097911e+04 -2.081772e+04 -2.381221e+03 -1.689102e+04 -9.672101e+02 2.997691e+03 5.237087e+03 -8.519676e+02 -1.250785e+04 -2.373441e+04 -2.668979e+03 1.921897e+04 1.178844e+03 -3.902776e+03 -5.973375e+03 -2.373099e+04 3.115773e+03 5.401156e+02 -9.656544e+03 3.379680e+03 -5.977752e+03 1.482506e+04 -7.996701e+02
3.737374e-03 2.784299e+04 -3.459875e+03 -7.197240e+02 1.044037e+04 4.348262e+03 -7.007629e+03 1.614796e+04 -1.020702e+03 -7.060941e+02 -1.041805e+04 -2.142354e+04 -2.354622e+03 -1.617205e+04 -1.009378e+03 2.958918e+03 5.382083e+03 -8.909386e+02 -1.186805e+04 -2.442489e+04 -2.637395e+03 1.839817e+04 1.230099e+03 -3.853342e+03 -6.138528e+03 -2.442137e+04 3.082142e+03 5.650355e+02 -9.165372e+03 3.334349e+03 -6.143025e+03 1.419447e+04 -8.344972e+02
3.939394e-03 2.853781e+04 -3.418894e+03 -7.501103e+02 9.877085e+03 4.289113e+03 -7.171682e+03 1.542298e+04 -1.061356e+03 -7.361163e+02 -9.853786e+03 -2.195859e+04 -2.327210e+03 -1.544797e+04 -1.049751e+03 2.919124e+03 5.508487e+03 -9.285243e+02 -1.122462e+04 -2.503465e+04 -2.604853e+03 1.757157e+04 1.279153e+03 -3.802619e+03 -6.282451e+03 -2.503104e+04 3.047487e+03 5.890967e+02 -8.671388e+03 3.287821e+03 -6.287053e+03 1.355941e+04 -8.678372e+02
4.141414e-03 2.914270e+04 -3.376834e+03 -7.793614e+02 9.313302e+03 4.228651e+03 -7.312072e+03 1.469631e+04 -1.100169e+03 -7.650450e+02 -9.289039e+03 -2.242448e+04 -2.299067e+03 -1.472218e+04 -1.088320e+03 2.878439e+03 5.616755e+03 -9.647045e+02 -1.058064e+04 -2.556554e+04 -2.571452e+03 1.674303e+04 1.325993e+03 -3.750775e+03 -6.405664e+03 -2.556186e+04 3.011912e+03 6.122844e+02 -8.176958e+03 3.240249e+03 -6.410355e+03 1.292284e+04 -8.996818e+02
4.343434e-03 2.966027e+04 -3.333817e+03 -8.074652e+02 8.751530e+03 4.167067e+03 -7.429523e+03 1.397110e+04 -1.137139e+03 -7.928668e+02 -8.726323e+03 -2.282323e+04 -2.270273e+03 -1.399784e+04 -1.125083e+03 2.836992e+03 5.707441e+03 -9.994649e+02 -9.938988e+03 -2.601985e+04 -2.537286e+03 1.591618e+04 1.370618e+03 -3.697973e+03 -6.508803e+03 -2.601611e+04 2.975519e+03 6.345873e+02 -7.684285e+03 3.191781e+03 -6.513569e+03 1.228753e+04 -9.300293e+02
4.545455e-03 3.009355e+04 -3.289962e+03 -8.344141e+02 8.194087e+03 4.104544e+03 -7.524875e+03 1.325030e+04 -1.172274e+03 -8.195729e+02 -8.167960e+03 -2.315715e+04 -2.240907e+03 -1.327788e+04 -1.160044e+03 2.794903e+03 5.781186e+03 -1.032797e+03 -9.302305e+03 -2.640024e+04 -2.502451e+03 1.509436e+04 1.413036e+03 -3.644369e+03 -6.592599e+03 -2.639645e+04 2.938409e+03 6.559975e+02 -7.195402e+03 3.142559e+03 -6.597426e+03 1.165605e+04 -9.588845e+02
4.747475e-03 3.044592e+04 -3.245383e+03 -8.602048e+02 7.643088e+03 4.041256e+03 -7.599057e+03 1.253658e+04 -1.205587e+03 -8.451584e+02 -7.616070e+03 -2.342884e+04 -2.211046e+03 -1.256497e+04 -1.193216e+03 2.752291e+03 5.838702e+03 -1.064697e+03 -8.673010e+03 -2.670967e+04 -2.467036e+03 1.428061e+04 1.453262e+03 -3.590114e+03 -6.657867e+03 -2.670583e+04 2.900677e+03 6.765106e+02 -6.712164e+03 3.092721e+03 -6.662740e+03 1.103075e+04 -9.862577e+02
4.949495e-03 3.072104e+04 -3.200192e+03 -8.848382e+02 7.100440e+03 3.977371e+03 -7.653076e+03 1.183236e+04 -1.237098e+03 -8.696227e+02 -7.072565e+03 -2.364113e+04 -2.180763e+03 -1.186153e+04 -1.224617e+03 2.709268e+03 5.880757e+03 -1.095167e+03 -8.053284e+03 -2.695135e+04 -2.431132e+03 1.347772e+04 1.491320e+03 -3.535351e+03 -6.705485e+03 -2.694748e+04 2.862419e+03 6.961252e+02 -6.236243e+03 3.042398e+03 -6.710392e+03 1.041376e+04 -1.012164e+03
5.151515e-03 3.092281e+04 -3.154498e+03 -9.083189e+02 6.567847e+03 3.913047e+03 -7.687994e+03 1.113982e+04 -1.266832e+03 -8.929686e+02 -6.539149e+03 -2.379700e+04 -2.150133e+03 -1.116974e+04 -1.254272e+03 2.665941e+03 5.908165e+03 -1.124213e+03 -7.445071e+03 -2.712870e+04 -2.394824e+03 1.268815e+04 1.527241e+03 -3.480217e+03 -6.736383e+03 -2.712480e+04 2.823726e+03 7.148432e+02 -5.769131e+03 2.991715e+03 -6.741312e+03 9.806966e+03 -1.036625e+03
5.353535e-03 3.105528e+04 -3.108404e+03 -9.306554e+02 6.046805e+03 3.848437e+03 -7.704915e+03 1.046087e+04 -1.294822e+03 -9.152026e+02 -6.017323e+03 -2.389956e+04 -2.119222e+03 -1.049150e+04 -1.282211e+03 2.622412e+03 5.921771e+03 -1.151847e+03 -6.850082e+03 -2.724526e+04 -2.358193e+03 1.191408e+04 1.561062e+03 -3.424841e+03 -6.751526e+03 -2.724135e+04 2.784685e+03 7.326689e+02 -5.312144e+03 2.940791e+03 -6.756465e+03 9.212057e+03 -1.059665e+03
5.555556e-03 3.112260e+04 -3.062008e+03 -9.518591e+02 5.538614e+03 3.783679e+03 -7.704973e+03 9.797196e+03 -1.321102e+03 -9.363347e+02 -5.508388e+03 -2.395202e+04 -2.088099e+03 -9.828501e+03 -1.308466e+03 2.578774e+03 5.922441e+03 -1.178084e+03 -6.269802e+03 -2.730468e+04 -2.321319e+03 1.115744e+04 1.592826e+03 -3.369344e+03 -6.751904e+03 -2.730077e+04 2.745380e+03 7.496098e+02 -4.866419e+03 2.889736e+03 -6.756843e+03 8.630500e+03 -1.081312e+03
5.757576e-03 3.112900e+04 -3.015404e+03 -9.719449e+02 5.044382e+03 3.718908e+03 -7.689311e+03 9.150226e+03 -1.345713e+03 -9.563775e+02 -5.013455e+03 -2.395762e+04 -2.056824e+03 -9.182162e+03 -1.333077e+03 2.535118e+03 5.911051e+03 -1.202941e+03 -5.705495e+03 -2.731068e+04 -2.284275e+03 1.041985e+04 1.622579e+03 -3.313838e+03 -6.738519e+03 -2.730676e+04 2.705889e+03 7.656753e+02 -4.432929e+03 2.838655e+03 -6.743448e+03 8.063551e+03 -1.101597e+03
5.959596e-03 3.107872e+04 -2.968682e+03 -9.909301e+02 4.565035e+03 3.654245e+03 -7.659076e+03 8.521172e+03 -1.368698e+03 -9.753466e+02 -4.533450e+03 -2.391961e+04 -2.025459e+03 -8.553698e+03 -1.356084e+03 2.491526e+03 5.888479e+03 -1.226443e+03 -5.158219e+03 -2.726694e+04 -2.247132e+03 9.702701e+03 1.650374e+03 -3.258430e+03 -6.712372e+03 -2.726304e+04 2.666290e+03 7.808775e+02 -4.012486e+03 2.787644e+03 -6.717282e+03 7.512273e+03 -1.120557e+03
6.161616e-03 3.097595e+04 -2.921924e+03 -1.008835e+03 4.101325e+03 3.589803e+03 -7.615405e+03 7.911030e+03 -1.390102e+03 -9.932600e+02 -4.069128e+03 -2.384122e+04 -1.994059e+03 -7.944104e+03 -1.377532e+03 2.448074e+03 5.855593e+03 -1.248613e+03 -4.628833e+03 -2.717717e+04 -2.209958e+03 9.007121e+03 1.676265e+03 -3.203217e+03 -6.674458e+03 -2.717329e+04 2.626651e+03 7.952300e+02 -3.605750e+03 2.736794e+03 -6.679340e+03 6.977537e+03 -1.138226e+03
6.363636e-03 3.082484e+04 -2.875210e+03 -1.025681e+03 3.653846e+03 3.525689e+03 -7.559415e+03 7.320596e+03 -1.409973e+03 -1.010138e+03 -3.621081e+03 -2.372565e+04 -1.962678e+03 -7.354175e+03 -1.397468e+03 2.404834e+03 5.813251e+03 -1.269479e+03 -4.118013e+03 -2.704501e+04 -2.172813e+03 8.334019e+03 1.700311e+03 -3.148288e+03 -6.625754e+03 -2.704114e+04 2.587041e+03 8.087488e+02 -3.213241e+03 2.686186e+03 -6.630600e+03 6.460041e+03 -1.154644e+03
6.565657e-03 3.062945e+04 -2.828611e+03 -1.041492e+03 3.223039e+03 3.461997e+03 -7.492197e+03 6.750479e+03 -1.428363e+03 -1.026003e+03 -3.189751e+03 -2.357600e+04 -1.931364e+03 -6.784520e+03 -1.415940e+03 2.361870e+03 5.762287e+03 -1.289073e+03 -3.626262e+03 -2.687399e+04 -2.135757e+03 7.684090e+03 1.722571e+03 -3.093725e+03 -6.567216e+03 -2.687015e+04 2.547521e+03 8.214511e+02 -2.835348e+03 2.635898e+03 -6.572019e+03 5.960321e+03 -1.169852e+03
6.767677e-03 3.039372e+04 -2.782198e+03 -1.056295e+03 2.809210e+03 3.398815e+03 -7.414810e+03 6.201117e+03 -1.445323e+03 -1.040878e+03 -2.775445e+03 -2.339531e+04 -1.900163e+03 -6.235577e+03 -1.432997e+03 2.319242e+03 5.703512e+03 -1.307425e+03 -3.153930e+03 -2.666758e+04 -2.098844e+03 7.057832e+03 1.743107e+03 -3.039603e+03 -6.499767e+03 -2.666378e+04 2.508148e+03 8.333557e+02 -2.472338e+03 2.585997e+03 -6.504521e+03 5.478761e+03 -1.183891e+03
6.969697e-03 3.012144e+04 -2.736031e+03 -1.070116e+03 2.412541e+03 3.336222e+03 -7.328273e+03 5.672792e+03 -1.460905e+03 -1.054790e+03 -2.378343e+03 -2.318650e+04 -1.869118e+03 -5.707629e+03 -1.448692e+03 2.277002e+03 5.637705e+03 -1.324570e+03 -2.701222e+03 -2.642912e+04 -2.062123e+03 6.455567e+03 1.761982e+03 -2.985990e+03 -6.424300e+03 -2.642535e+04 2.468978e+03 8.444824e+02 -2.124372e+03 2.536547e+03 -6.429000e+03 5.015609e+03 -1.196803e+03
7.171717e-03 2.981627e+04 -2.690170e+03 -1.082983e+03 2.033099e+03 3.274289e+03 -7.233562e+03 5.165644e+03 -1.475162e+03 -1.067764e+03 -1.998513e+03 -2.295237e+04 -1.838269e+03 -5.200816e+03 -1.463075e+03 2.235199e+03 5.565614e+03 -1.340544e+03 -2.268214e+03 -2.616180e+04 -2.025642e+03 5.877454e+03 1.779260e+03 -2.932946e+03 -6.341669e+03 -2.615806e+04 2.430059e+03 8.548524e+02 -1.791508e+03 2.487605e+03 -6.346308e+03 4.570988e+03 -1.208631e+03
7.373737e-03 2.948169e+04 -2.644667e+03 -1.094926e+03 1.670852e+03 3.213079e+03 -7.131606e+03 4.679686e+03 -1.488148e+03 -1.079828e+03 -1.635920e+03 -2.269561e+04 -1.807651e+03 -4.715153e+03 -1.476199e+03 2.193876e+03 5.487952e+03 -1.355382e+03 -1.854868e+03 -2.586867e+04 -1.989441e+03 5.323508e+03 1.795005e+03 -2.880525e+03 -6.252686e+03 -2.586498e+04 2.391436e+03 8.644874e+02 -1.473718e+03 2.439220e+03 -6.257261e+03 4.144911e+03 -1.219419e+03
7.575758e-03 2.912101e+04 -2.599571e+03 -1.105975e+03 1.325678e+03 3.152648e+03 -7.023287e+03 4.214819e+03 -1.499916e+03 -1.091011e+03 -1.290443e+03 -2.241875e+04 -1.777298e+03 -4.250541e+03 -1.488116e+03 2.153072e+03 5.405393e+03 -1.369121e+03 -1.461043e+03 -2.555264e+04 -1.953561e+03 4.793614e+03 1.809282e+03 -2.828776e+03 -6.158123e+03 -2.554899e+04 2.353151e+03 8.734098e+02 -1.170897e+03 2.391438e+03 -6.162630e+03 3.737292e+03 -1.229210e+03
7.777778e-03 2.873736e+04 -2.554925e+03 -1.116160e+03 9.973768e+02 3.093046e+03 -6.909437e+03 3.770845e+03 -1.510520e+03 -1.101342e+03 -9.618792e+02 -2.212421e+04 -1.747239e+03 -3.806783e+03 -1.498877e+03 2.112820e+03 5.318574e+03 -1.381801e+03 -1.086508e+03 -2.521645e+04 -1.918035e+03 4.287545e+03 1.822153e+03 -2.777741e+03 -6.058708e+03 -2.521285e+04 2.315241e+03 8.816429e+02 -8.828681e+02 2.344299e+03 -6.063144e+03 3.347959e+03 -1.238047e+03
7.979798e-03 2.833368e+04 -2.510769e+03 -1.125512e+03 6.856801e+02 3.034316e+03 -6.790836e+03 3.347477e+03 -1.520012e+03 -1.110850e+03 -6.499598e+02 -2.181424e+04 -1.717500e+03 -3.383593e+03 -1.508534e+03 2.073149e+03 5.228094e+03 -1.393458e+03 -7.309575e+02 -2.486268e+04 -1.882896e+03 3.804976e+03 1.833683e+03 -2.727456e+03 -5.955124e+03 -2.485914e+04 2.277739e+03 8.892099e+02 -6.093976e+02 2.297837e+03 -5.959484e+03 2.976662e+03 -1.245972e+03
8.181818e-03 2.791272e+04 -2.467138e+03 -1.134061e+03 3.902620e+02 2.976495e+03 -6.668213e+03 2.944355e+03 -1.528443e+03 -1.119565e+03 -3.543573e+02 -2.149097e+04 -1.688107e+03 -2.980615e+03 -1.517138e+03 2.034085e+03 5.134511e+03 -1.404132e+03 -3.940159e+02 -2.449376e+04 -1.848171e+03 3.345496e+03 1.843932e+03 -2.677953e+03 -5.848008e+03 -2.449027e+04 2.240678e+03 8.961346e+02 -3.501996e+02 2.252081e+03 -5.852292e+03 2.623088e+03 -1.253027e+03
8.383838e-03 2.747708e+04 -2.424063e+03 -1.141840e+03 1.107472e+02 2.919615e+03 -6.542249e+03 2.561058e+03 -1.535865e+03 -1.127516e+03 -7.469475e+01 -2.115638e+04 -1.659081e+03 -2.597426e+03 -1.524739e+03 1.995650e+03 5.038347e+03 -1.413860e+03 -7.525364e+01 -2.411193e+04 -1.813886e+03 2.908621e+03 1.852964e+03 -2.629258e+03 -5.737956e+03 -2.410850e+04 2.204082e+03 9.024406e+02 -1.049453e+02 2.207058e+03 -5.742161e+03 2.286867e+03 -1.259255e+03
8.585859e-03 2.702914e+04 -2.381573e+03 -1.148878e+03 -1.532801e+02 2.863701e+03 -6.413573e+03 2.197107e+03 -1.542328e+03 -1.134734e+03 1.894452e+02 -2.081231e+04 -1.630441e+03 -2.233551e+03 -1.531385e+03 1.957861e+03 4.940083e+03 -1.422681e+03 2.258058e+02 -2.371932e+04 -1.780062e+03 2.493809e+03 1.860837e+03 -2.581395e+03 -5.625518e+03 -2.371594e+04 2.167976e+03 9.081518e+02 1.267296e+02 2.162788e+03 -5.629643e+03 1.967583e+03 -1.264695e+03
8.787879e-03 2.657113e+04 -2.339690e+03 -1.155206e+03 -4.022689e+02 2.808775e+03 -6.282766e+03 1.851985e+03 -1.547879e+03 -1.141247e+03 4.385130e+02 -2.046047e+04 -1.602203e+03 -1.888473e+03 -1.537124e+03 1.920734e+03 4.840166e+03 -1.430633e+03 5.096765e+02 -2.331785e+04 -1.746720e+03 2.100467e+03 1.867609e+03 -2.534381e+03 -5.511205e+03 -2.331453e+04 2.132381e+03 9.132919e+02 3.452186e+02 2.119290e+03 -5.515248e+03 1.664782e+03 -1.269386e+03
8.989899e-03 2.610508e+04 -2.298437e+03 -1.160855e+03 -6.366943e+02 2.754854e+03 -6.150364e+03 1.525136e+03 -1.552568e+03 -1.147086e+03 6.729856e+02 -2.010243e+04 -1.574382e+03 -1.561638e+03 -1.542003e+03 1.884281e+03 4.739006e+03 -1.437754e+03 7.769027e+02 -2.290933e+04 -1.713875e+03 1.727961e+03 1.873339e+03 -2.488230e+03 -5.395483e+03 -2.290607e+04 2.097315e+03 9.178844e+02 5.509379e+02 2.076577e+03 -5.399444e+03 1.377979e+03 -1.273368e+03
9.191919e-03 2.563289e+04 -2.257829e+03 -1.165854e+03 -8.570513e+02 2.701952e+03 -6.016857e+03 1.215979e+03 -1.556438e+03 -1.152280e+03 8.933595e+02 -1.973965e+04 -1.546990e+03 -1.252467e+03 -1.546067e+03 1.848509e+03 4.636979e+03 -1.444080e+03 1.028051e+03 -2.249541e+04 -1.681542e+03 1.375628e+03 1.878081e+03 -2.442954e+03 -5.278783e+03 -2.249220e+04 2.062792e+03 9.219524e+02 7.443213e+02 2.034660e+03 -5.282660e+03 1.106667e+03 -1.276678e+03
9.393939e-03 2.515628e+04 -2.217883e+03 -1.170233e+03 -1.063849e+03 2.650076e+03 -5.882691e+03 9.239121e+02 -1.559536e+03 -1.156856e+03 1.100146e+03 -1.937344e+04 -1.520038e+03 -9.603592e+02 -1.549359e+03 1.813427e+03 4.534427e+03 -1.449647e+03 1.263704e+03 -2.207759e+04 -1.649733e+03 1.042782e+03 1.881888e+03 -2.398559e+03 -5.161494e+03 -2.207445e+04 2.028826e+03 9.255189e+02 9.258150e+02 1.993548e+03 -5.165288e+03 8.503187e+02 -1.279351e+03
9.595960e-03 2.467682e+04 -2.178610e+03 -1.174020e+03 -1.257606e+03 2.599234e+03 -5.748273e+03 6.483192e+02 -1.561903e+03 -1.160843e+03 1.293864e+03 -1.900502e+04 -1.493533e+03 -6.847005e+02 -1.551923e+03 1.779038e+03 4.431662e+03 -1.454491e+03 1.484456e+03 -2.165727e+04 -1.618457e+03 7.287200e+02 1.884813e+03 -2.355052e+03 -5.043974e+03 -2.165418e+04 1.995428e+03 9.286062e+02 1.095874e+03 1.953244e+03 -5.047684e+03 6.083960e+02 -1.281424e+03
9.797980e-03 2.419594e+04 -2.140020e+03 -1.177244e+03 -1.438846e+03 2.549427e+03 -5.613970e+03 3.885767e+02 -1.563582e+03 -1.164268e+03 1.475040e+03 -1.863549e+04 -1.467484e+03 -4.248684e+02 -1.553798e+03 1.745345e+03 4.328966e+03 -1.458646e+03 1.690905e+03 -2.123569e+04 -1.587723e+03 4.327304e+02 1.886905e+03 -2.312434e+03 -4.926543e+03 -2.123266e+04 1.962605e+03 9.312366e+02 1.254956e+03 1.913752e+03 -4.930170e+03 3.803532e+02 -1.282930e+03
1.000000e-02 2.371493e+04 -2.102119e+03 -1.179932e+03 -1.608093e+03 2.500656e+03 -5.480114e+03 1.440567e+02 -1.564611e+03 -1.167158e+03 1.644199e+03 -1.826584e+04 -1.441895e+03 -1.802368e+02 -1.555024e+03 1.712347e+03 4.226594e+03 -1.462146e+03 1.883652e+03 -2.081399e+04 -1.557535e+03 1.540971e+02 1.888212e+03 -2.270705e+03 -4.809492e+03 -2.081102e+04 1.930365e+03 9.334314e+02 1.403521e+03 1.875073e+03 -4.813036e+03 1.656417e+02 -1.283901e+03
