-1.000000e-02 -2.143254e+04 3.821165e+03 4.309619e+03 -4.861943e+04 -1.985026e+03 -1.157190e+05 -5.436939e+04 3.643794e+03 4.232157e+03 4.851201e+04 1.641851e+04 2.628044e+03 5.447731e+04 3.561594e+03 -1.382977e+03 8.917632e+04 5.164601e+03 5.538961e+04 1.876220e+04 3.510499e+03 -6.206465e+04 -4.408944e+03 1.362747e+03 -1.015862e+05 1.875719e+04 -2.837743e+03 -3.519153e+03 4.258334e+04 -1.955407e+03 -1.015829e+05 -4.772357e+04 2.927680e+03
-9.797980e-03 -2.343276e+04 4.090724e+03 4.485359e+03 -5.269916e+04 -2.073384e+03 -1.271693e+05 -5.917180e+04 3.773617e+03 4.400186e+03 5.258354e+04 1.795323e+04 2.813231e+03 5.928789e+04 3.683423e+03 -1.445111e+03 9.799735e+04 5.372023e+03 6.003777e+04 2.051455e+04 3.748594e+03 -6.754566e+04 -4.563756e+03 1.427589e+03 -1.116365e+05 2.050897e+04 -3.047238e+03 -3.661112e+03 4.615693e+04 -2.038921e+03 -1.116328e+05 -5.193854e+04 3.029292e+03
-9.595960e-03 -2.573507e+04 4.395333e+03 4.679605e+03 -5.736656e+04 -2.167677e+03 -1.403730e+05 -6.468987e+04 3.915549e+03 4.585509e+03 5.724163e+04 1.971984e+04 3.022509e+03 6.481524e+04 3.816111e+03 -1.511560e+03 1.081691e+05 5.601039e+03 6.535551e+04 2.253161e+04 4.017582e+03 -7.384335e+04 -4.732853e+03 1.496579e+03 -1.232257e+05 2.252537e+04 -3.284051e+03 -3.817859e+03 5.024533e+04 -2.128413e+03 -1.232216e+05 -5.678161e+04 3.140061e+03
-9.393939e-03 -2.840520e+04 4.742103e+03 4.895745e+03 -6.274695e+04 -2.268288e+03 -1.557136e+05 -7.107978e+04 4.071632e+03 4.791242e+03 6.261134e+04 2.176879e+04 3.260768e+03 7.121577e+04 3.961418e+03 -1.582644e+03 1.199868e+05 5.855570e+03 7.148559e+04 2.487099e+04 4.323720e+03 -8.113594e+04 -4.918616e+03 1.569925e+03 -1.366903e+05 2.486397e+04 -3.553737e+03 -3.992084e+03 5.495831e+04 -2.224377e+03 -1.366857e+05 -6.238985e+04 3.261487e+03
-9.191919e-03 -3.152842e+04 5.140218e+03 5.138099e+03 -6.900249e+04 -2.375557e+03 -1.736885e+05 -7.854451e+04 4.244443e+03 5.021345e+03 6.885456e+04 2.416556e+04 3.534320e+03 7.869274e+04 4.121552e+03 -1.658667e+03 1.338338e+05 6.140608e+03 7.861280e+04 2.760742e+04 4.675089e+03 -8.965504e+04 -5.124047e+03 1.647773e+03 -1.524671e+05 2.759948e+04 -3.863469e+03 -4.187209e+03 6.043796e+04 -2.327312e+03 -1.524620e+05 -6.894140e+04 3.395458e+03
-8.989899e-03 -3.521728e+04 5.601757e+03 5.412284e+03 -7.634668e+04 -2.489720e+03 -1.949549e+05 -8.735241e+04 4.437307e+03 5.280955e+03 7.618439e+04 2.699656e+04 3.851469e+03 8.751491e+04 4.299343e+03 -1.739887e+03 1.502162e+05 6.462637e+03 8.698038e+04 3.083953e+04 5.082312e+03 -9.970687e+04 -5.353007e+03 1.730153e+03 -1.711328e+05 3.083049e+04 -4.222687e+03 -4.407679e+03 6.687129e+04 -2.437687e+03 -1.711269e+05 -7.667179e+04 3.544400e+03
-8.787879e-03 -3.962330e+04 6.142953e+03 5.725757e+03 -8.506618e+04 -2.610803e+03 -2.203975e+05 -9.786550e+04 4.654598e+03 5.576874e+03 8.488695e+04 3.037810e+04 4.223376e+03 9.804481e+04 4.498491e+03 -1.826456e+03 1.698155e+05 6.830252e+03 9.691494e+04 3.470012e+04 5.559664e+03 -1.117045e+05 -5.610572e+03 1.816882e+03 -1.934639e+05 3.468975e+04 -4.644078e+03 -4.659390e+03 7.450944e+04 -2.555885e+03 -1.934572e+05 -8.589873e+04 3.711493e+03
-8.585859e-03 -4.495528e+04 6.786183e+03 6.088677e+03 -9.555486e+04 -2.738451e+03 -2.512361e+05 -1.105838e+05 4.902241e+03 5.918346e+03 9.535539e+04 3.447052e+04 4.665422e+03 1.107832e+05 4.723978e+03 -1.918312e+03 1.935714e+05 7.255148e+03 1.088653e+05 3.937219e+04 6.126817e+03 -1.262185e+05 -5.903597e+03 1.907398e+03 -2.205309e+05 3.936017e+04 -5.145136e+03 -4.950360e+03 8.369746e+04 -2.682084e+03 -2.205232e+05 -9.706106e+04 3.901027e+03
-8.383838e-03 -5.150921e+04 7.563253e+03 6.515320e+03 -1.083693e+05 -2.871589e+03 -2.891999e+05 -1.262178e+05 5.188517e+03 6.318323e+03 1.081453e+05 3.950104e+04 5.199468e+03 1.264415e+05 4.982724e+03 -2.014979e+03 2.228157e+05 7.753739e+03 1.234655e+05 4.511511e+04 6.811724e+03 -1.440595e+05 -6.241644e+03 2.000459e+03 -2.538516e+05 4.510106e+04 -5.750730e+03 -5.291849e+03 9.492295e+04 -2.816040e+03 -2.538426e+05 -1.107824e+05 4.118978e+03
-8.181818e-03 -5.971933e+04 8.521102e+03 7.026530e+03 -1.243232e+05 -3.007801e+03 -3.368263e+05 -1.458130e+05 5.525483e+03 6.795668e+03 1.240688e+05 4.580308e+04 5.857775e+03 1.460668e+05 5.284746e+03 -2.115191e+03 2.595030e+05 8.349959e+03 1.416427e+05 5.230948e+04 7.655630e+03 -1.664205e+05 -6.638605e+03 2.093587e+03 -2.956529e+05 5.229281e+04 -6.497572e+03 -5.700270e+03 1.088988e+05 -2.956673e+03 -2.956423e+05 -1.279802e+05 4.374018e+03
-7.979798e-03 -7.025122e+04 9.732370e+03 7.654238e+03 -1.446591e+05 -3.142083e+03 -3.980045e+05 -1.709772e+05 5.931609e+03 7.379201e+03 1.443661e+05 5.388764e+04 6.690265e+03 1.712689e+05 5.645311e+03 -2.216120e+03 3.066290e+05 9.080428e+03 1.648127e+05 6.153862e+04 8.722349e+03 -1.951360e+05 -7.115712e+03 2.181951e+03 -3.493483e+05 6.151853e+04 -7.442478e+03 -6.200740e+03 1.267134e+05 -3.101199e+03 -3.493356e+05 -1.500655e+05 4.679403e+03
-7.777778e-03 -8.418520e+04 1.131666e+04 8.450552e+03 -1.713845e+05 -3.264168e+03 -4.790460e+05 -2.043296e+05 6.437138e+03 8.115828e+03 1.710411e+05 6.458416e+04 7.779115e+03 2.046710e+05 6.089308e+03 -2.311721e+03 3.690555e+05 1.000483e+04 1.952626e+05 7.374932e+04 1.011693e+04 -2.331946e+05 -7.707658e+03 2.256002e+03 -4.204774e+05 7.372460e+04 -8.679010e+03 -6.834192e+03 1.501255e+05 -3.243276e+03 -4.204618e+05 -1.793372e+05 5.056796e+03
-7.575758e-03 -1.034189e+05 1.348830e+04 9.508139e+03 -2.080075e+05 -3.352180e+03 -5.910340e+05 -2.504916e+05 7.096272e+03 9.088764e+03 2.075954e+05 7.934956e+04 9.271561e+03 2.509008e+05 6.661210e+03 -2.388773e+03 4.553196e+05 1.122919e+04 2.369897e+05 9.060468e+04 1.202756e+04 -2.858693e+05 -8.476492e+03 2.295871e+03 -5.187675e+05 9.057337e+04 -1.037483e+04 -7.673336e+03 1.822084e+05 -3.368511e+03 -5.187478e+05 -2.198511e+05 5.545004e+03
-7.373737e-03 -1.316982e+05 1.668188e+04 1.101385e+04 -2.614110e+05 -3.355169e+03 -7.558353e+05 -3.186328e+05 8.019689e+03 1.046542e+04 2.608985e+05 1.010598e+05 1.146609e+04 3.191405e+05 7.451685e+03 -2.415916e+03 5.822651e+05 1.296706e+04 2.978359e+05 1.153878e+05 1.483582e+04 -3.636226e+05 -9.548695e+03 2.256020e+03 -6.634108e+05 1.153464e+05 -1.286991e+04 -8.864611e+03 2.289915e+05 -3.442012e+03 -6.633848e+05 -2.796547e+05 6.223314e+03
-7.171717e-03 -1.779875e+05 2.197439e+04 1.342923e+04 -3.479446e+05 -3.132097e+03 -1.025734e+06 -4.308287e+05 9.485773e+03 1.265855e+04 3.472689e+05 1.365972e+05 1.510220e+04 4.314964e+05 8.688861e+03 -2.305202e+03 7.901656e+05 1.574558e+04 3.964295e+05 1.559551e+05 1.948711e+04 -4.916429e+05 -1.124194e+04 2.011684e+03 -9.002962e+05 1.558963e+05 -1.700662e+04 -1.076938e+04 3.047971e+05 -3.364585e+03 -9.002593e+05 -3.781225e+05 7.291571e+03
-6.969697e-03 -2.740206e+05 3.335193e+04 1.846258e+04 -5.249775e+05 -2.113389e+03 -1.585593e+06 -6.657855e+05 1.254974e+04 1.719346e+04 5.239634e+05 2.103242e+05 2.291589e+04 6.667844e+05 1.123952e+04 -1.697945e+03 1.221420e+06 2.151454e+04 5.981343e+05 2.401187e+05 2.948020e+04 -7.597345e+05 -1.475914e+04 1.062143e+03 -1.391676e+06 2.400208e+05 -2.590206e+04 -1.472398e+04 4.598788e+05 -2.728503e+03 -1.391614e+06 -5.843301e+05 9.510040e+03
-6.767677e-03 -8.073634e+06 1.090906e+06 4.753417e+05 -1.442476e+07 1.619930e+05 -4.690729e+07 -2.023028e+07 3.062911e+05 4.247185e+05 1.439545e+07 6.197775e+06 7.484517e+05 2.025893e+07 2.541097e+05 1.026196e+05 3.613334e+07 5.428554e+05 1.643461e+07 7.075735e+06 9.577112e+05 -2.308332e+07 -3.494587e+05 -1.428282e+05 -4.117084e+07 7.071855e+06 -8.525199e+05 -3.718577e+05 1.263498e+07 1.162337e+05 -4.116790e+07 -1.775498e+07 2.226554e+05
-6.565657e-03 2.879896e+05 -4.450429e+04 -1.457978e+04 4.668999e+05 -1.575915e+04 1.679959e+06 7.531550e+05 -8.758299e+03 -1.216542e+04 -4.658865e+05 -2.211128e+05 -3.048582e+04 -7.541313e+05 -6.273845e+03 -1.045309e+04 -1.294045e+06 -1.612138e+04 -5.319566e+05 -2.524401e+05 -3.883493e+04 8.592799e+05 9.451522e+03 1.287516e+04 1.474486e+06 -2.522493e+05 3.495992e+04 1.105713e+04 -4.089095e+05 -1.286476e+04 1.474373e+06 6.609923e+05 -5.912662e+03
-6.363636e-03 -4.682896e+04 -5.409166e+03 2.366953e+03 -1.487154e+05 -1.127625e+04 -2.737288e+05 -6.675060e+04 1.365839e+03 3.032565e+03 1.485614e+05 3.594365e+04 -3.635702e+03 6.691596e+04 2.049515e+03 -7.700003e+03 2.108534e+05 3.257807e+03 1.694558e+05 4.100079e+04 -4.509098e+03 -7.623886e+04 -2.127083e+03 8.849324e+03 -2.402277e+05 4.105412e+04 4.380559e+03 -2.229739e+03 1.303788e+05 -9.820537e+03 -2.402583e+05 -5.858836e+04 1.359078e+03
-6.161616e-03 -2.277207e+05 9.278656e+03 8.797554e+03 -5.003697e+05 -1.109629e+04 -1.337389e+06 -4.897078e+05 4.280484e+03 8.875919e+03 4.996262e+05 1.748508e+05 6.486462e+03 4.904524e+05 4.360392e+03 -7.721169e+03 1.030144e+06 1.064816e+04 5.701309e+05 1.995395e+05 8.397883e+03 -5.588306e+05 -5.501931e+03 8.570674e+03 -1.173756e+06 1.995464e+05 -7.136532e+03 -7.310238e+03 4.384924e+05 -9.965772e+03 -1.173757e+06 -4.297877e+05 3.345710e+03
-5.959596e-03 -3.800540e+05 1.576693e+04 1.182099e+04 -8.144575e+05 -1.277131e+04 -2.240136e+06 -8.274285e+05 4.493334e+03 1.171380e+04 8.132561e+05 2.918528e+05 1.100342e+04 8.286271e+05 4.382883e+03 -8.967596e+03 1.725462e+06 1.416599e+04 9.280129e+05 3.330508e+05 1.411320e+04 -9.441627e+05 -5.813749e+03 9.882639e+03 -1.966034e+06 3.330429e+05 -1.226232e+04 -9.745103e+03 7.137432e+05 -1.154420e+04 -1.966024e+06 -7.261778e+05 3.312082e+03
-5.757576e-03 -4.229038e+05 9.961239e+03 1.012652e+04 -9.302887e+05 -1.635662e+04 -2.501289e+06 -8.950283e+05 2.165534e+03 1.037570e+04 9.290024e+05 3.247908e+05 7.076275e+03 8.963200e+05 2.420204e+03 -1.142197e+04 1.926578e+06 1.232505e+04 1.060007e+06 3.706047e+05 9.046823e+03 -1.021298e+06 -3.255256e+03 1.281312e+04 -2.195202e+06 3.706258e+05 -7.758743e+03 -8.501354e+03 8.153161e+05 -1.455670e+04 -2.195210e+06 -7.855021e+05 1.517286e+03
-5.555556e-03 -2.771873e+05 -7.031892e+03 4.632492e+03 -6.763227e+05 -2.117051e+04 -1.644778e+06 -5.260742e+05 -4.887497e+02 5.687402e+03 6.755210e+05 2.128966e+05 -4.587411e+03 5.269032e+05 5.898166e+02 -1.457856e+04 1.266844e+06 6.193407e+03 7.706452e+05 2.428811e+05 -5.822671e+03 -6.003671e+05 -3.697038e+02 1.671945e+04 -1.443470e+06 2.429685e+05 5.575374e+03 -4.287167e+03 5.928415e+05 -1.847149e+04 -1.443519e+06 -4.617015e+05 -1.960349e+02
-5.353535e-03 3.455070e+05 -3.515213e+04 -3.821797e+03 5.673118e+05 -2.597879e+04 2.057668e+06 8.957047e+05 2.252833e+03 -1.584653e+03 -5.663113e+05 -2.654227e+05 -2.411799e+04 -8.966408e+05 4.538015e+03 -1.742879e+04 -1.584810e+06 -3.209228e+03 -6.464022e+05 -3.029217e+05 -3.041996e+04 1.021708e+06 -3.740492e+03 2.038286e+04 1.805880e+06 -3.027353e+05 2.791087e+04 2.273387e+03 -4.970200e+05 -2.227505e+04 1.805774e+06 7.860616e+05 3.078814e+03
-5.151515e-03 2.567451e+07 -3.027294e+05 -9.186278e+04 5.454138e+07 1.135356e+05 1.533584e+08 5.551041e+07 3.536298e+05 -8.508743e+04 -5.447212e+07 -1.972453e+07 -2.217642e+05 -5.557950e+07 3.605447e+05 9.317381e+04 -1.181146e+08 -1.026404e+05 -6.214819e+07 -2.250404e+07 -2.648865e+05 6.333100e+07 -4.051560e+05 -1.041303e+05 1.345876e+08 -2.250340e+07 2.534818e+05 7.624324e+04 -4.780485e+07 1.016800e+05 1.345878e+08 4.871613e+07 3.147159e+05
-4.949495e-03 1.099493e+06 -3.917621e+04 2.256434e+03 2.130692e+06 -4.042517e+04 6.587753e+06 2.574215e+06 2.081759e+04 5.052487e+03 -2.127799e+06 -8.447758e+05 -2.728005e+04 -2.577013e+06 2.366729e+04 -2.682642e+04 -5.073742e+06 4.605682e+03 -2.427835e+06 -9.638739e+05 -3.366379e+04 2.936467e+06 -2.578821e+04 3.097707e+04 5.781463e+06 -9.636369e+05 3.180123e+04 -2.867812e+03 -1.867376e+06 -3.506741e+04 5.781332e+06 2.259103e+06 1.917834e+04
-4.747475e-03 -1.432290e+06 -4.750479e+03 -1.182373e+04 -3.059122e+06 1.727947e+04 -8.606294e+06 -3.125862e+06 -3.551027e+04 -1.224511e+04 3.055586e+06 1.100558e+06 -2.427827e+03 3.129380e+06 -3.593966e+04 1.094479e+04 6.628247e+06 -1.479203e+04 3.485819e+06 1.255532e+06 -4.627580e+03 -3.565896e+06 4.178951e+04 -1.219077e+04 -7.552810e+06 1.255499e+06 2.308450e+03 9.732398e+03 2.681553e+06 1.544529e+04 -7.552771e+06 -2.743212e+06 -3.051896e+04
-4.545455e-03 7.230155e+03 -1.731287e+04 1.106745e+02 -1.005653e+05 -1.930680e+04 4.390548e+04 1.139014e+05 1.747591e+02 1.341980e+03 1.006061e+05 -5.566203e+03 -1.177362e+04 -1.138927e+05 1.426667e+03 -1.311984e+04 -3.381220e+04 8.804196e+02 1.146099e+05 -6.396196e+03 -1.495113e+04 1.297921e+05 -9.642214e+02 1.516523e+04 3.856081e+04 -6.290686e+03 1.365804e+04 -5.967497e+02 8.827791e+04 -1.672774e+04 3.849853e+04 9.994834e+04 6.628058e+02
-4.343434e-03 3.677962e+05 -2.038620e+04 7.204158e+03 6.036423e+05 -4.206324e+04 2.222779e+06 9.750435e+05 1.292087e+04 9.243715e+03 -6.027813e+05 -2.826755e+05 -1.404361e+04 -9.758151e+05 1.499265e+04 -2.841069e+04 -1.711851e+06 1.000668e+04 -6.878267e+05 -3.225266e+05 -1.732490e+04 1.111967e+06 -1.653688e+04 3.254692e+04 1.950710e+06 -3.223508e+05 1.656763e+04 -6.728747e+03 -5.290054e+05 -3.674052e+04 1.950606e+06 8.556569e+05 1.176056e+04
-4.141414e-03 5.372598e+05 -2.210824e+04 1.343695e+04 9.027639e+05 -6.419951e+04 3.255334e+06 1.425777e+06 2.159898e+04 1.617262e+04 -9.015734e+05 -4.129520e+05 -1.528426e+04 -1.426838e+06 2.437516e+04 -4.339200e+04 -2.507027e+06 1.799207e+04 -1.028677e+06 -4.711412e+05 -1.858721e+04 1.625930e+06 -2.731115e+04 4.958827e+04 2.856853e+06 -4.709037e+05 1.822996e+04 -1.213013e+04 -7.912177e+05 -5.619661e+04 2.856713e+06 1.251193e+06 1.931246e+04
-3.939394e-03 2.923048e+05 -1.690564e+04 8.955162e+03 4.355505e+05 -4.724395e+04 1.775737e+06 8.325605e+05 1.326242e+04 1.092739e+04 -4.349263e+05 -2.246976e+05 -1.162411e+04 -8.330832e+05 1.526171e+04 -3.198958e+04 -1.367525e+06 1.207013e+04 -4.962948e+05 -2.563672e+05 -1.429642e+04 9.493387e+05 -1.698969e+04 3.657203e+04 1.558373e+06 -2.561950e+05 1.378464e+04 -8.153963e+03 -3.816929e+05 -4.133999e+04 1.558270e+06 7.306053e+05 1.194771e+04
-3.737374e-03 -4.597991e+03 -1.024118e+04 5.063303e+01 -8.923820e+04 -1.155770e+04 -2.769135e+04 4.946324e+04 -5.828521e+01 7.029778e+02 8.924606e+04 3.525552e+03 -6.961920e+03 -4.943519e+04 6.021144e+02 -7.858925e+03 2.132781e+04 4.556982e+02 1.016988e+05 3.997848e+03 -8.887643e+03 5.633893e+04 -3.352431e+02 9.055919e+03 -2.428519e+04 4.055284e+03 8.032764e+03 -3.103474e+02 7.831153e+04 -1.004191e+04 -2.431928e+04 4.340185e+04 2.190831e+02
-3.535354e-03 -5.787278e+05 2.628999e+03 -2.296351e+04 -1.027847e+06 8.657749e+04 -3.531487e+06 -1.597410e+06 -3.118410e+04 -2.549871e+04 1.026787e+06 4.449245e+05 2.011913e+03 1.598313e+06 -3.374989e+04 5.864220e+04 2.719585e+06 -2.939397e+04 1.171246e+06 5.075464e+05 1.422061e+03 -1.821381e+06 3.876929e+04 -6.674131e+04 -3.099133e+06 5.073240e+05 -3.176690e+03 1.989500e+04 9.010745e+05 7.605955e+04 -3.098989e+06 -1.401772e+06 -2.712688e+04
-3.333333e-03 -6.633572e+03 -8.566443e+03 -5.832438e+01 -8.442369e+04 -9.331958e+03 -4.028920e+04 3.407818e+04 -1.875900e+02 4.380391e+02 8.442756e+04 5.091952e+03 -5.823217e+03 -3.405019e+04 3.139211e+02 -6.346435e+03 3.102831e+04 2.292599e+02 9.621197e+04 5.790026e+03 -7.456858e+03 3.880591e+04 -8.405772e+01 7.305483e+03 -3.534396e+04 5.834325e+03 6.696314e+03 -1.565997e+02 7.408343e+04 -8.115636e+03 -3.536981e+04 2.990167e+04 4.614208e+01
-3.131313e-03 4.610540e+05 -1.821201e+04 2.304768e+04 6.149001e+05 -1.166325e+05 2.825957e+06 1.512375e+06 2.921764e+04 2.657792e+04 -6.141222e+05 -3.545293e+05 -1.254055e+04 -1.512902e+06 3.278359e+04 -7.914879e+04 -2.176210e+06 3.007894e+04 -7.006745e+05 -4.044559e+05 -1.507044e+04 1.724082e+06 -3.711637e+04 9.025974e+04 2.479987e+06 -4.041403e+05 1.520091e+04 -2.038824e+04 -5.389430e+05 -1.022835e+05 2.479801e+06 1.327127e+06 2.582621e+04
-2.929293e-03 -2.060385e+05 -3.014466e+03 -1.085308e+04 -3.591531e+05 4.535605e+04 -1.264983e+06 -6.435642e+05 -1.359230e+04 -1.189889e+04 3.588489e+05 1.584354e+05 -1.986099e+03 6.437858e+05 -1.464819e+04 3.077792e+04 9.741268e+05 -1.378829e+04 4.092693e+05 1.807230e+05 -2.988608e+03 -7.336533e+05 1.690972e+04 -3.501992e+04 -1.110098e+06 1.806294e+05 1.920312e+03 9.349157e+03 3.149071e+05 3.985467e+04 -1.110040e+06 -5.647322e+05 -1.176043e+04
-2.727273e-03 -1.325672e+05 -4.203297e+03 -7.454494e+03 -2.428308e+05 3.140137e+04 -8.153238e+05 -4.279476e+05 -9.186429e+03 -8.087724e+03 2.426537e+05 1.019441e+05 -2.820814e+03 4.280697e+05 -9.825370e+03 2.131573e+04 6.278517e+05 -9.417387e+03 2.767188e+05 1.162804e+05 -3.905551e+03 -4.878284e+05 1.139020e+04 -2.424435e+04 -7.154911e+05 1.162235e+05 2.997670e+03 6.387793e+03 2.129377e+05 2.760183e+04 -7.154560e+05 -3.755244e+05 -7.912319e+03
-2.525253e-03 -9.699381e+04 -4.633667e+03 -5.780427e+03 -1.858485e+05 2.515657e+04 -5.975135e+05 -3.273181e+05 -7.026013e+03 -6.228154e+03 1.857326e+05 7.459195e+04 -3.126143e+03 3.273913e+05 -7.477514e+03 1.708224e+04 4.601197e+05 -7.275226e+03 2.117868e+05 8.507898e+04 -4.223743e+03 -3.730979e+05 8.693544e+03 -1.942624e+04 -5.243480e+05 8.503861e+04 3.405012e+03 4.936295e+03 1.629855e+05 2.211561e+04 -5.243231e+05 -2.872199e+05 -6.032759e+03
-2.323232e-03 -7.485507e+04 -4.823333e+03 -4.695651e+03 -1.505273e+05 2.146954e+04 -4.618311e+05 -2.666575e+05 -5.641263e+03 -5.033531e+03 1.504487e+05 5.756915e+04 -3.262821e+03 2.667005e+05 -5.981805e+03 1.458293e+04 3.556336e+05 -5.893566e+03 1.715378e+05 6.566109e+04 -4.353851e+03 -3.039364e+05 6.969950e+03 -1.658348e+04 -4.052781e+05 6.563052e+04 3.597051e+03 3.999874e+03 1.320215e+05 1.887477e+04 -4.052592e+05 -2.339889e+05 -4.832338e+03
-2.121212e-03 -5.944926e+04 -4.907517e+03 -3.901105e+03 -1.263340e+05 1.901206e+04 -3.672940e+05 -2.258377e+05 -4.640568e+03 -4.165256e+03 1.262803e+05 4.572295e+04 -3.325235e+03 2.258604e+05 -4.906667e+03 1.291709e+04 2.828330e+05 -4.885786e+03 1.439690e+05 5.214851e+04 -4.402896e+03 -2.573960e+05 5.727245e+03 -1.468977e+04 -3.223161e+05 5.212453e+04 3.692973e+03 3.316644e+03 1.108122e+05 1.671363e+04 -3.223013e+05 -1.981687e+05 -3.967687e+03
-1.919192e-03 -4.799127e+04 -4.939131e+03 -3.275948e+03 -1.088265e+05 1.725985e+04 -2.968804e+05 -1.966453e+05 -3.864361e+03 -3.486744e+03 1.087906e+05 3.691200e+04 -3.350396e+03 1.966534e+05 -4.076615e+03 1.172931e+04 2.286098e+05 -4.095795e+03 1.240189e+05 4.209842e+04 -4.412592e+03 -2.241125e+05 4.765169e+03 -1.334018e+04 -2.605242e+05 4.207922e+04 3.739669e+03 2.780894e+03 9.546396e+04 1.517204e+04 -2.605124e+05 -1.725517e+05 -3.299001e+03
-1.717172e-03 -3.906524e+04 -4.943222e+03 -2.759844e+03 -9.572708e+04 1.595818e+04 -2.419399e+05 -1.749780e+05 -3.232534e+03 -2.929954e+03 9.570422e+04 3.004774e+04 -3.355863e+03 1.749756e+05 -3.403749e+03 1.084689e+04 1.863023e+05 -3.445746e+03 1.090917e+05 3.426902e+04 -4.402571e+03 -1.994090e+05 3.983322e+03 -1.233801e+04 -2.123111e+05 3.425348e+04 3.759491e+03 2.339907e+03 8.397988e+04 1.402639e+04 -2.123016e+05 -1.535383e+05 -2.756160e+03
-1.515152e-03 -3.185778e+04 -4.933036e+03 -2.318436e+03 -8.572454e+04 1.496666e+04 -1.975041e+05 -1.585251e+05 -2.699341e+03 -2.456247e+03 8.571149e+04 2.450480e+04 -3.350947e+03 1.585147e+05 -2.837996e+03 1.017469e+04 1.520843e+05 -2.891369e+03 9.769356e+04 2.794690e+04 -4.383139e+03 -1.806505e+05 3.324449e+03 -1.157489e+04 -1.733165e+05 2.793428e+04 3.764368e+03 1.963710e+03 7.521068e+04 1.315341e+04 -1.733088e+05 -1.391006e+05 -2.299171e+03
-1.313131e-03 -2.586066e+04 -4.916101e+03 -1.930270e+03 -7.800564e+04 1.420119e+04 -1.604681e+05 -1.458774e+05 -2.236210e+03 -2.041571e+03 7.800003e+04 1.989243e+04 -3.340955e+03 1.458609e+05 -2.348156e+03 9.655708e+03 1.235649e+05 -2.405071e+03 8.889763e+04 2.268631e+04 -4.360098e+03 -1.662305e+05 2.752837e+03 -1.098591e+04 -1.408159e+05 2.267610e+04 3.761151e+03 1.633618e+03 6.844345e+04 1.247924e+04 -1.408096e+05 -1.280020e+05 -1.903085e+03
-1.111111e-03 -2.073554e+04 -4.896908e+03 -1.580976e+03 -7.203982e+04 1.360836e+04 -1.287650e+05 -1.361282e+05 -1.824037e+03 -1.669870e+03 7.203988e+04 1.595050e+04 -3.329063e+03 1.361072e+05 -1.913422e+03 9.253749e+03 9.915220e+04 -1.968401e+03 8.209938e+04 1.819051e+04 -4.336871e+03 -1.551153e+05 2.244634e+03 -1.052988e+04 -1.129952e+05 1.818234e+04 3.753974e+03 1.337139e+03 6.321311e+04 1.195699e+04 -1.129901e+05 -1.194469e+05 -1.551242e+03
-9.090909e-04 -1.624509e+04 -4.878226e+03 -1.260352e+03 -6.746941e+04 1.315293e+04 -1.009446e+05 -1.286731e+05 -1.449306e+03 -1.329788e+03 6.747377e+04 1.249655e+04 -3.317233e+03 1.286485e+05 -1.519109e+03 8.944930e+03 7.772950e+04 -1.568286e+03 7.689124e+04 1.425135e+04 -4.315541e+03 -1.466156e+05 1.782989e+03 -1.017960e+04 -8.858173e+04 1.424496e+04 3.745422e+03 1.065420e+03 5.920610e+04 1.155568e+04 -8.857779e+04 -1.129049e+05 -1.231875e+03
-7.070707e-04 -1.221485e+04 -4.861793e+03 -9.607742e+02 -6.404907e+04 1.281109e+04 -7.594022e+04 -1.231007e+05 -1.101965e+03 -1.012868e+03 6.405661e+04 9.396441e+03 -3.306706e+03 1.230736e+05 -1.154324e+03 8.713127e+03 5.847545e+04 -1.194974e+03 7.299364e+04 1.071583e+04 -4.297399e+03 -1.402625e+05 1.355382e+03 -9.916737e+03 -6.663961e+04 1.071103e+04 3.737143e+03 8.118570e+02 5.620737e+04 1.125442e+04 -6.663664e+04 -1.080151e+05 -9.362437e+02
-5.050505e-04 -8.510492e+03 -4.848712e+03 -6.762582e+02 -6.161059e+04 1.256673e+04 -5.293047e+04 -1.191312e+05 -7.741667e+02 -7.124963e+02 6.162038e+04 6.546896e+03 -3.298267e+03 1.191023e+05 -8.105845e+02 8.547420e+03 4.075740e+04 -8.408276e+02 7.021490e+04 7.466121e+03 -4.283249e+03 -1.357369e+05 9.520499e+02 -9.728852e+03 -4.644787e+04 7.462778e+03 3.730193e+03 5.712769e+02 5.406946e+04 1.103904e+04 -4.644581e+04 -1.045318e+05 -6.575371e+02
-3.030303e-04 -5.023414e+03 -4.839665e+03 -4.018687e+02 -6.004178e+04 1.240919e+04 -3.125083e+04 -1.165787e+05 -4.594777e+02 -4.232370e+02 6.005301e+04 3.864412e+03 -3.292407e+03 1.165486e+05 -4.809500e+02 8.440585e+03 2.406367e+04 -4.995573e+02 6.842718e+04 4.406981e+03 -4.273584e+03 -1.328267e+05 5.649952e+02 -9.607732e+03 -2.742341e+04 4.405009e+03 3.725238e+03 3.394199e+02 5.269401e+04 1.090017e+04 -2.742219e+04 -1.022919e+05 -3.901768e+02
-1.010101e-04 -1.660934e+03 -4.835051e+03 -1.333198e+02 -5.927377e+04 1.233197e+04 -1.033406e+04 -1.153294e+05 -1.523374e+02 -1.403815e+02 5.928570e+04 1.277729e+03 -3.289411e+03 1.152988e+05 -1.594331e+02 8.388213e+03 7.957393e+03 -1.657104e+02 6.755200e+04 1.457121e+03 -4.268688e+03 -1.314025e+05 1.873116e+02 -9.548362e+03 -9.068398e+03 1.456469e+03 3.722670e+03 1.125921e+02 5.202066e+04 1.083209e+04 -9.067996e+03 -1.011957e+05 -1.293480e+02
1.010101e-04 1.660934e+03 -4.835051e+03 1.333198e+02 -5.927377e+04 1.233197e+04 1.033406e+04 -1.153294e+05 1.523374e+02 1.403815e+02 5.928570e+04 -1.277729e+03 -3.289411e+03 1.152988e+05 1.594331e+02 8.388213e+03 -7.957393e+03 1.657104e+02 6.755200e+04 -1.457121e+03 -4.268688e+03 -1.314025e+05 -1.873116e+02 -9.548362e+03 9.068398e+03 -1.456469e+03 3.722670e+03 -1.125921e+02 5.202066e+04 1.083209e+04 9.067996e+03 -1.011957e+05 1.293480e+02
3.030303e-04 5.023414e+03 -4.839665e+03 4.018687e+02 -6.004178e+04 1.240919e+04 3.125083e+04 -1.165787e+05 4.594777e+02 4.232370e+02 6.005301e+04 -3.864412e+03 -3.292407e+03 1.165486e+05 4.809500e+02 8.440585e+03 -2.406367e+04 4.995573e+02 6.842718e+04 -4.406981e+03 -4.273584e+03 -1.328267e+05 -5.649952e+02 -9.607732e+03 2.742341e+04 -4.405009e+03 3.725238e+03 -3.394199e+02 5.269401e+04 1.090017e+04 2.742219e+04 -1.022919e+05 3.901768e+02
5.050505e-04 8.510492e+03 -4.848712e+03 6.762582e+02 -6.161059e+04 1.256673e+04 5.293047e+04 -1.191312e+05 7.741667e+02 7.124963e+02 6.162038e+04 -6.546896e+03 -3.298267e+03 1.191023e+05 8.105845e+02 8.547420e+03 -4.075740e+04 8.408276e+02 7.021490e+04 -7.466121e+03 -4.283249e+03 -1.357369e+05 -9.520499e+02 -9.728852e+03 4.644787e+04 -7.462778e+03 3.730193e+03 -5.712769e+02 5.406946e+04 1.103904e+04 4.644581e+04 -1.045318e+05 6.575371e+02
7.070707e-04 1.221485e+04 -4.861793e+03 9.607742e+02 -6.404907e+04 1.281109e+04 7.594022e+04 -1.231007e+05 1.101965e+03 1.012868e+03 6.405661e+04 -9.396441e+03 -3.306706e+03 1.230736e+05 1.154324e+03 8.713127e+03 -5.847545e+04 1.194974e+03 7.299364e+04 -1.071583e+04 -4.297399e+03 -1.402625e+05 -1.355382e+03 -9.916737e+03 6.663961e+04 -1.071103e+04 3.737143e+03 -8.118570e+02 5.620737e+04 1.125442e+04 6.663664e+04 -1.080151e+05 9.362437e+02
9.090909e-04 1.624509e+04 -4.878226e+03 1.260352e+03 -6.746941e+04 1.315293e+04 1.009446e+05 -1.286731e+05 1.449306e+03 1.329788e+03 6.747377e+04 -1.249655e+04 -3.317233e+03 1.286485e+05 1.519109e+03 8.944930e+03 -7.772950e+04 1.568286e+03 7.689124e+04 -1.425135e+04 -4.315541e+03 -1.466156e+05 -1.782989e+03 -1.017960e+04 8.858173e+04 -1.424496e+04 3.745422e+03 -1.065420e+03 5.920610e+04 1.155568e+04 8.857779e+04 -1.129049e+05 1.231875e+03
1.111111e-03 2.073554e+04 -4.896908e+03 1.580976e+03 -7.203982e+04 1.360836e+04 1.287650e+05 -1.361282e+05 1.824037e+03 1.669870e+03 7.203988e+04 -1.595050e+04 -3.329063e+03 1.361072e+05 1.913422e+03 9.253749e+03 -9.915220e+04 1.968401e+03 8.209938e+04 -1.819051e+04 -4.336871e+03 -1.551153e+05 -2.244634e+03 -1.052988e+04 1.129952e+05 -1.818234e+04 3.753974e+03 -1.337139e+03 6.321311e+04 1.195699e+04 1.129901e+05 -1.194469e+05 1.551242e+03
1.313131e-03 2.586066e+04 -4.916101e+03 1.930270e+03 -7.800564e+04 1.420119e+04 1.604681e+05 -1.458774e+05 2.236210e+03 2.041571e+03 7.800003e+04 -1.989243e+04 -3.340955e+03 1.458609e+05 2.348156e+03 9.655708e+03 -1.235649e+05 2.405071e+03 8.889763e+04 -2.268631e+04 -4.360098e+03 -1.662305e+05 -2.752837e+03 -1.098591e+04 1.408159e+05 -2.267610e+04 3.761151e+03 -1.633618e+03 6.844345e+04 1.247924e+04 1.408096e+05 -1.280020e+05 1.903085e+03
1.515152e-03 3.185778e+04 -4.933036e+03 2.318436e+03 -8.572454e+04 1.496666e+04 1.975041e+05 -1.585251e+05 2.699341e+03 2.456247e+03 8.571149e+04 -2.450480e+04 -3.350947e+03 1.585147e+05 2.837996e+03 1.017469e+04 -1.520843e+05 2.891369e+03 9.769356e+04 -2.794690e+04 -4.383139e+03 -1.806505e+05 -3.324449e+03 -1.157489e+04 1.733165e+05 -2.793428e+04 3.764368e+03 -1.963710e+03 7.521068e+04 1.315341e+04 1.733088e+05 -1.391006e+05 2.299171e+03
1.717172e-03 3.906524e+04 -4.943222e+03 2.759844e+03 -9.572708e+04 1.595818e+04 2.419399e+05 -1.749780e+05 3.232534e+03 2.929954e+03 9.570422e+04 -3.004774e+04 -3.355863e+03 1.749756e+05 3.403749e+03 1.084689e+04 -1.863023e+05 3.445746e+03 1.090917e+05 -3.426902e+04 -4.402571e+03 -1.994090e+05 -3.983322e+03 -1.233801e+04 2.123111e+05 -3.425348e+04 3.759491e+03 -2.339907e+03 8.397988e+04 1.402639e+04 2.123016e+05 -1.535383e+05 2.756160e+03
1.919192e-03 4.799127e+04 -4.939131e+03 3.275948e+03 -1.088265e+05 1.725985e+04 2.968804e+05 -1.966453e+05 3.864361e+03 3.486744e+03 1.087906e+05 -3.691200e+04 -3.350396e+03 1.966534e+05 4.076615e+03 1.172931e+04 -2.286098e+05 4.095795e+03 1.240189e+05 -4.209842e+04 -4.412592e+03 -2.241125e+05 -4.765169e+03 -1.334018e+04 2.605242e+05 -4.207922e+04 3.739669e+03 -2.780894e+03 9.546396e+04 1.517204e+04 2.605124e+05 -1.725517e+05 3.299001e+03
2.121212e-03 5.944926e+04 -4.907517e+03 3.901105e+03 -1.263340e+05 1.901206e+04 3.672940e+05 -2.258377e+05 4.640568e+03 4.165256e+03 1.262803e+05 -4.572295e+04 -3.325235e+03 2.258604e+05 4.906667e+03 1.291709e+04 -2.828330e+05 4.885786e+03 1.439690e+05 -5.214851e+04 -4.402896e+03 -2.573960e+05 -5.727245e+03 -1.468977e+04 3.223161e+05 -5.212453e+04 3.692973e+03 -3.316644e+03 1.108122e+05 1.671363e+04 3.223013e+05 -1.981687e+05 3.967687e+03
2.323232e-03 7.485507e+04 -4.823333e+03 4.695651e+03 -1.505273e+05 2.146954e+04 4.618311e+05 -2.666575e+05 5.641263e+03 5.033531e+03 1.504487e+05 -5.756915e+04 -3.262821e+03 2.667005e+05 5.981805e+03 1.458293e+04 -3.556336e+05 5.893566e+03 1.715378e+05 -6.566109e+04 -4.353851e+03 -3.039364e+05 -6.969950e+03 -1.658348e+04 4.052781e+05 -6.563052e+04 3.597051e+03 -3.999874e+03 1.320215e+05 1.887477e+04 4.052592e+05 -2.339889e+05 4.832338e+03
2.525253e-03 9.699381e+04 -4.633667e+03 5.780427e+03 -1.858485e+05 2.515657e+04 5.975135e+05 -3.273181e+05 7.026013e+03 6.228154e+03 1.857326e+05 -7.459195e+04 -3.126143e+03 3.273913e+05 7.477514e+03 1.708224e+04 -4.601197e+05 7.275226e+03 2.117868e+05 -8.507898e+04 -4.223743e+03 -3.730979e+05 -8.693544e+03 -1.942624e+04 5.243480e+05 -8.503861e+04 3.405012e+03 -4.936295e+03 1.629855e+05 2.211561e+04 5.243231e+05 -2.872199e+05 6.032759e+03
2.727273e-03 1.325672e+05 -4.203297e+03 7.454494e+03 -2.428308e+05 3.140137e+04 8.153238e+05 -4.279476e+05 9.186429e+03 8.087724e+03 2.426537e+05 -1.019441e+05 -2.820814e+03 4.280697e+05 9.825370e+03 2.131573e+04 -6.278517e+05 9.417387e+03 2.767188e+05 -1.162804e+05 -3.905551e+03 -4.878284e+05 -1.139020e+04 -2.424435e+04 7.154911e+05 -1.162235e+05 2.997670e+03 -6.387793e+03 2.129377e+05 2.760183e+04 7.154560e+05 -3.755244e+05 7.912319e+03
2.929293e-03 2.060385e+05 -3.014466e+03 1.085308e+04 -3.591531e+05 4.535605e+04 1.264983e+06 -6.435642e+05 1.359230e+04 1.189889e+04 3.588489e+05 -1.584354e+05 -1.986099e+03 6.437858e+05 1.464819e+04 3.077792e+04 -9.741268e+05 1.378829e+04 4.092693e+05 -1.807230e+05 -2.988608e+03 -7.336533e+05 -1.690972e+04 -3.501992e+04 1.110098e+06 -1.806294e+05 1.920312e+03 -9.349157e+03 3.149071e+05 3.985467e+04 1.110040e+06 -5.647322e+05 1.176043e+04
3.131313e-03 -4.610540e+05 -1.821201e+04 -2.304768e+04 6.149001e+05 -1.166325e+05 -2.825957e+06 1.512375e+06 -2.921764e+04 -2.657792e+04 -6.141222e+05 3.545293e+05 -1.254055e+04 -1.512902e+06 -3.278359e+04 -7.914879e+04 2.176210e+06 -3.007894e+04 -7.006745e+05 4.044559e+05 -1.507044e+04 1.724082e+06 3.711637e+04 9.025974e+04 -2.479987e+06 4.041403e+05 1.520091e+04 2.038824e+04 -5.389430e+05 -1.022835e+05 -2.479801e+06 1.327127e+06 -2.582621e+04
3.333333e-03 6.633571e+03 -8.566443e+03 5.832438e+01 -8.442369e+04 -9.331958e+03 4.028920e+04 3.407818e+04 1.875900e+02 -4.380391e+02 8.442756e+04 -5.091951e+03 -5.823217e+03 -3.405019e+04 -3.139211e+02 -6.346435e+03 -3.102831e+04 -2.292599e+02 9.621197e+04 -5.790026e+03 -7.456858e+03 3.880591e+04 8.405772e+01 7.305483e+03 3.534396e+04 -5.834325e+03 6.696314e+03 1.565997e+02 7.408343e+04 -8.115636e+03 3.536981e+04 2.990167e+04 -4.614208e+01
3.535354e-03 5.787278e+05 2.628999e+03 2.296351e+04 -1.027847e+06 8.657749e+04 3.531487e+06 -1.597410e+06 3.118410e+04 2.549871e+04 1.026787e+06 -4.449245e+05 2.011913e+03 1.598313e+06 3.374989e+04 5.864220e+04 -2.719585e+06 2.939397e+04 1.171246e+06 -5.075464e+05 1.422061e+03 -1.821381e+06 -3.876929e+04 -6.674131e+04 3.099133e+06 -5.073240e+05 -3.176690e+03 -1.989500e+04 9.010745e+05 7.605955e+04 3.098989e+06 -1.401772e+06 2.712688e+04
3.737374e-03 4.597991e+03 -1.024118e+04 -5.063303e+01 -8.923820e+04 -1.155770e+04 2.769135e+04 4.946324e+04 5.828521e+01 -7.029778e+02 8.924606e+04 -3.525552e+03 -6.961920e+03 -4.943519e+04 -6.021144e+02 -7.858925e+03 -2.132781e+04 -4.556982e+02 1.016988e+05 -3.997848e+03 -8.887643e+03 5.633893e+04 3.352431e+02 9.055919e+03 2.428519e+04 -4.055284e+03 8.032764e+03 3.103474e+02 7.831153e+04 -1.004191e+04 2.431928e+04 4.340185e+04 -2.190831e+02
3.939394e-03 -2.923048e+05 -1.690564e+04 -8.955162e+03 4.355505e+05 -4.724395e+04 -1.775737e+06 8.325605e+05 -1.326242e+04 -1.092739e+04 -4.349263e+05 2.246976e+05 -1.162411e+04 -8.330832e+05 -1.526171e+04 -3.198958e+04 1.367525e+06 -1.207013e+04 -4.962948e+05 2.563672e+05 -1.429642e+04 9.493387e+05 1.698969e+04 3.657203e+04 -1.558373e+06 2.561950e+05 1.378464e+04 8.153963e+03 -3.816929e+05 -4.133999e+04 -1.558270e+06 7.306053e+05 -1.194771e+04
4.141414e-03 -5.372598e+05 -2.210824e+04 -1.343695e+04 9.027639e+05 -6.419951e+04 -3.255334e+06 1.425777e+06 -2.159898e+04 -1.617262e+04 -9.015734e+05 4.129520e+05 -1.528426e+04 -1.426838e+06 -2.437516e+04 -4.339200e+04 2.507027e+06 -1.799207e+04 -1.028677e+06 4.711412e+05 -1.858721e+04 1.625930e+06 2.731115e+04 4.958827e+04 -2.856853e+06 4.709037e+05 1.822996e+04 1.213013e+04 -7.912177e+05 -5.619661e+04 -2.856713e+06 1.251193e+06 -1.931246e+04
4.343434e-03 -3.677962e+05 -2.038620e+04 -7.204158e+03 6.036423e+05 -4.206324e+04 -2.222779e+06 9.750435e+05 -1.292087e+04 -9.243715e+03 -6.027813e+05 2.826755e+05 -1.404361e+04 -9.758151e+05 -1.499265e+04 -2.841069e+04 1.711851e+06 -1.000668e+04 -6.878267e+05 3.225266e+05 -1.732490e+04 1.111967e+06 1.653688e+04 3.254692e+04 -1.950710e+06 3.223508e+05 1.656763e+04 6.728747e+03 -5.290054e+05 -3.674052e+04 -1.950606e+06 8.556569e+05 -1.176056e+04
4.545455e-03 -7.230155e+03 -1.731287e+04 -1.106745e+02 -1.005653e+05 -1.930680e+04 -4.390548e+04 1.139014e+05 -1.747591e+02 -1.341980e+03 1.006061e+05 5.566203e+03 -1.177362e+04 -1.138927e+05 -1.426667e+03 -1.311984e+04 3.381220e+04 -8.804196e+02 1.146099e+05 6.396196e+03 -1.495113e+04 1.297921e+05 9.642214e+02 1.516523e+04 -3.856081e+04 6.290686e+03 1.365804e+04 5.967497e+02 8.827791e+04 -1.672774e+04 -3.849853e+04 9.994834e+04 -6.628058e+02
4.747475e-03 1.432290e+06 -4.750479e+03 1.182373e+04 -3.059122e+06 1.727947e+04 8.606294e+06 -3.125862e+06 3.551027e+04 1.224511e+04 3.055586e+06 -1.100558e+06 -2.427826e+03 3.129380e+06 3.593966e+04 1.094479e+04 -6.628247e+06 1.479203e+04 3.485819e+06 -1.255532e+06 -4.627580e+03 -3.565896e+06 -4.178951e+04 -1.219077e+04 7.552810e+06 -1.255499e+06 2.308450e+03 -9.732398e+03 2.681553e+06 1.544529e+04 7.552771e+06 -2.743212e+06 3.051896e+04
4.949495e-03 -1.099493e+06 -3.917621e+04 -2.256434e+03 2.130692e+06 -4.042517e+04 -6.587753e+06 2.574215e+06 -2.081759e+04 -5.052487e+03 -2.127799e+06 8.447758e+05 -2.728005e+04 -2.577013e+06 -2.366729e+04 -2.682642e+04 5.073742e+06 -4.605682e+03 -2.427835e+06 9.638739e+05 -3.366379e+04 2.936467e+06 2.578821e+04 3.097707e+04 -5.781463e+06 9.636369e+05 3.180123e+04 2.867812e+03 -1.867376e+06 -3.506741e+04 -5.781332e+06 2.259103e+06 -1.917834e+04
5.151515e-03 -2.567451e+07 -3.027294e+05 9.186278e+04 5.454138e+07 1.135356e+05 -1.533584e+08 5.551041e+07 -3.536298e+05 8.508743e+04 -5.447212e+07 1.972453e+07 -2.217642e+05 -5.557950e+07 -3.605447e+05 9.317381e+04 1.181146e+08 1.026404e+05 -6.214819e+07 2.250404e+07 -2.648865e+05 6.333100e+07 4.051560e+05 -1.041303e+05 -1.345876e+08 2.250340e+07 2.534818e+05 -7.624324e+04 -4.780485e+07 1.016800e+05 -1.345878e+08 4.871613e+07 -3.147159e+05
5.353535e-03 -3.455070e+05 -3.515213e+04 3.821797e+03 5.673118e+05 -2.597879e+04 -2.057668e+06 8.957047e+05 -2.252833e+03 1.584653e+03 -5.663113e+05 2.654227e+05 -2.411799e+04 -8.966408e+05 -4.538015e+03 -1.742879e+04 1.584810e+06 3.209228e+03 -6.464022e+05 3.029217e+05 -3.041996e+04 1.021708e+06 3.740492e+03 2.038286e+04 -1.805880e+06 3.027353e+05 2.791087e+04 -2.273387e+03 -4.970200e+05 -2.227505e+04 -1.805774e+06 7.860616e+05 -3.078814e+03
5.555556e-03 2.771873e+05 -7.031892e+03 -4.632492e+03 -6.763227e+05 -2.117051e+04 1.644778e+06 -5.260742e+05 4.887497e+02 -5.687402e+03 6.755210e+05 -2.128966e+05 -4.587411e+03 5.269032e+05 -5.898166e+02 -1.457856e+04 -1.266844e+06 -6.193407e+03 7.706452e+05 -2.428811e+05 -5.822671e+03 -6.003671e+05 3.697038e+02 1.671945e+04 1.443470e+06 -2.429685e+05 5.575374e+03 4.287167e+03 5.928415e+05 -1.847149e+04 1.443519e+06 -4.617015e+05 1.960349e+02
5.757576e-03 4.229038e+05 9.961239e+03 -1.012652e+04 -9.302887e+05 -1.635662e+04 2.501289e+06 -8.950283e+05 -2.165534e+03 -1.037570e+04 9.290024e+05 -3.247908e+05 7.076275e+03 8.963200e+05 -2.420204e+03 -1.142197e+04 -1.926578e+06 -1.232505e+04 1.060007e+06 -3.706047e+05 9.046823e+03 -1.021298e+06 3.255256e+03 1.281312e+04 2.195202e+06 -3.706258e+05 -7.758743e+03 8.501354e+03 8.153161e+05 -1.455670e+04 2.195210e+06 -7.855021e+05 -1.517286e+03
5.959596e-03 3.800540e+05 1.576693e+04 -1.182099e+04 -8.144575e+05 -1.277131e+04 2.240136e+06 -8.274285e+05 -4.493334e+03 -1.171380e+04 8.132561e+05 -2.918528e+05 1.100342e+04 8.286271e+05 -4.382883e+03 -8.967596e+03 -1.725462e+06 -1.416599e+04 9.280129e+05 -3.330508e+05 1.411320e+04 -9.441627e+05 5.813749e+03 9.882639e+03 1.966034e+06 -3.330429e+05 -1.226232e+04 9.745103e+03 7.137432e+05 -1.154420e+04 1.966024e+06 -7.261778e+05 -3.312082e+03
6.161616e-03 2.277207e+05 9.278656e+03 -8.797554e+03 -5.003697e+05 -1.109629e+04 1.337389e+06 -4.897078e+05 -4.280484e+03 -8.875919e+03 4.996262e+05 -1.748508e+05 6.486462e+03 4.904524e+05 -4.360392e+03 -7.721169e+03 -1.030144e+06 -1.064816e+04 5.701309e+05 -1.995395e+05 8.397883e+03 -5.588306e+05 5.501931e+03 8.570674e+03 1.173756e+06 -1.995464e+05 -7.136532e+03 7.310238e+03 4.384924e+05 -9.965772e+03 1.173757e+06 -4.297877e+05 -3.345710e+03
6.363636e-03 4.682896e+04 -5.409166e+03 -2.366953e+03 -1.487154e+05 -1.127625e+04 2.737288e+05 -6.675060e+04 -1.365839e+03 -3.032565e+03 1.485614e+05 -3.594365e+04 -3.635702e+03 6.691596e+04 -2.049515e+03 -7.700003e+03 -2.108534e+05 -3.257807e+03 1.694558e+05 -4.100079e+04 -4.509098e+03 -7.623886e+04 2.127083e+03 8.849324e+03 2.402277e+05 -4.105412e+04 4.380560e+03 2.229739e+03 1.303788e+05 -9.820537e+03 2.402583e+05 -5.858836e+04 -1.359078e+03
6.565657e-03 -2.879896e+05 -4.450429e+04 1.457978e+04 4.668999e+05 -1.575915e+04 -1.679959e+06 7.531550e+05 8.758299e+03 1.216542e+04 -4.658865e+05 2.211128e+05 -3.048582e+04 -7.541313e+05 6.273845e+03 -1.045309e+04 1.294045e+06 1.612138e+04 -5.319566e+05 2.524401e+05 -3.883493e+04 8.592799e+05 -9.451522e+03 1.287516e+04 -1.474486e+06 2.522493e+05 3.495992e+04 -1.105713e+04 -4.089095e+05 -1.286476e+04 -1.474373e+06 6.609923e+05 5.912662e+03
6.767677e-03 8.073634e+06 1.090906e+06 -4.753417e+05 -1.442476e+07 1.619930e+05 4.690729e+07 -2.023028e+07 -3.062911e+05 -4.247185e+05 1.439545e+07 -6.197775e+06 7.484517e+05 2.025893e+07 -2.541097e+05 1.026196e+05 -3.613334e+07 -5.428554e+05 1.643461e+07 -7.075735e+06 9.577112e+05 -2.308332e+07 3.494587e+05 -1.428282e+05 4.117084e+07 -7.071855e+06 -8.525199e+05 3.718577e+05 1.263498e+07 1.162337e+05 4.116790e+07 -1.775498e+07 -2.226554e+05
6.969697e-03 2.740206e+05 3.335193e+04 -1.846258e+04 -5.249775e+05 -2.113389e+03 1.585593e+06 -6.657855e+05 -1.254974e+04 -1.719346e+04 5.239634e+05 -2.103242e+05 2.291589e+04 6.667844e+05 -1.123952e+04 -1.697945e+03 -1.221420e+06 -2.151454e+04 5.981343e+05 -2.401187e+05 2.948020e+04 -7.597345e+05 1.475914e+04 1.062143e+03 1.391676e+06 -2.400208e+05 -2.590206e+04 1.472398e+04 4.598788e+05 -2.728503e+03 1.391614e+06 -5.843301e+05 -9.510040e+03
7.171717e-03 1.779875e+05 2.197439e+04 -1.342923e+04 -3.479446e+05 -3.132097e+03 1.025734e+06 -4.308287e+05 -9.485773e+03 -1.265855e+04 3.472689e+05 -1.365972e+05 1.510220e+04 4.314964e+05 -8.688861e+03 -2.305202e+03 -7.901656e+05 -1.574558e+04 3.964295e+05 -1.559551e+05 1.948711e+04 -4.916429e+05 1.124194e+04 2.011684e+03 9.002962e+05 -1.558963e+05 -1.700662e+04 1.076938e+04 3.047971e+05 -3.364585e+03 9.002593e+05 -3.781225e+05 -7.291571e+03
7.373737e-03 1.316982e+05 1.668188e+04 -1.101385e+04 -2.614110e+05 -3.355169e+03 7.558353e+05 -3.186328e+05 -8.019689e+03 -1.046542e+04 2.608985e+05 -1.010598e+05 1.146609e+04 3.191405e+05 -7.451685e+03 -2.415916e+03 -5.822651e+05 -1.296706e+04 2.978359e+05 -1.153878e+05 1.483582e+04 -3.636226e+05 9.548695e+03 2.256020e+03 6.634108e+05 -1.153464e+05 -1.286991e+04 8.864611e+03 2.289915e+05 -3.442012e+03 6.633848e+05 -2.796547e+05 -6.223314e+03
7.575758e-03 1.034189e+05 1.348830e+04 -9.508139e+03 -2.080075e+05 -3.352180e+03 5.910340e+05 -2.504916e+05 -7.096272e+03 -9.088764e+03 2.075954e+05 -7.934956e+04 9.271561e+03 2.509008e+05 -6.661210e+03 -2.388773e+03 -4.553196e+05 -1.122919e+04 2.369897e+05 -9.060468e+04 1.202756e+04 -2.858693e+05 8.476492e+03 2.295871e+03 5.187675e+05 -9.057337e+04 -1.037483e+04 7.673336e+03 1.822084e+05 -3.368511e+03 5.187478e+05 -2.198511e+05 -5.545004e+03
7.777778e-03 8.418520e+04 1.131666e+04 -8.450552e+03 -1.713845e+05 -3.264168e+03 4.790460e+05 -2.043296e+05 -6.437138e+03 -8.115828e+03 1.710411e+05 -6.458416e+04 7.779115e+03 2.046710e+05 -6.089308e+03 -2.311721e+03 -3.690555e+05 -1.000483e+04 1.952626e+05 -7.374932e+04 1.011693e+04 -2.331946e+05 7.707658e+03 2.256002e+03 4.204774e+05 -7.372460e+04 -8.679010e+03 6.834192e+03 1.501255e+05 -3.243276e+03 4.204618e+05 -1.793372e+05 -5.056796e+03
7.979798e-03 7.025122e+04 9.732370e+03 -7.654238e+03 -1.446591e+05 -3.142083e+03 3.980045e+05 -1.709772e+05 -5.931609e+03 -7.379201e+03 1.443661e+05 -5.388764e+04 6.690265e+03 1.712689e+05 -5.645311e+03 -2.216120e+03 -3.066290e+05 -9.080428e+03 1.648127e+05 -6.153862e+04 8.722349e+03 -1.951360e+05 7.115712e+03 2.181951e+03 3.493483e+05 -6.151853e+04 -7.442478e+03 6.200740e+03 1.267134e+05 -3.101199e+03 3.493356e+05 -1.500655e+05 -4.679403e+03
8.181818e-03 5.971933e+04 8.521102e+03 -7.026530e+03 -1.243232e+05 -3.007801e+03 3.368263e+05 -1.458130e+05 -5.525483e+03 -6.795668e+03 1.240688e+05 -4.580308e+04 5.857775e+03 1.460668e+05 -5.284746e+03 -2.115191e+03 -2.595030e+05 -8.349959e+03 1.416427e+05 -5.230948e+04 7.655630e+03 -1.664205e+05 6.638605e+03 2.093587e+03 2.956529e+05 -5.229281e+04 -6.497572e+03 5.700270e+03 1.088988e+05 -2.956673e+03 2.956423e+05 -1.279802e+05 -4.374018e+03
8.383838e-03 5.150921e+04 7.563253e+03 -6.515320e+03 -1.083693e+05 -2.871589e+03 2.891999e+05 -1.262178e+05 -5.188517e+03 -6.318323e+03 1.081453e+05 -3.950104e+04 5.199468e+03 1.264415e+05 -4.982724e+03 -2.014979e+03 -2.228157e+05 -7.753739e+03 1.234655e+05 -4.511511e+04 6.811724e+03 -1.440595e+05 6.241644e+03 2.000459e+03 2.538516e+05 -4.510106e+04 -5.750730e+03 5.291849e+03 9.492295e+04 -2.816040e+03 2.538426e+05 -1.107824e+05 -4.118978e+03
8.585859e-03 4.495528e+04 6.786183e+03 -6.088677e+03 -9.555486e+04 -2.738451e+03 2.512361e+05 -1.105838e+05 -4.902241e+03 -5.918346e+03 9.535539e+04 -3.447052e+04 4.665422e+03 1.107832e+05 -4.723978e+03 -1.918312e+03 -1.935714e+05 -7.255148e+03 1.088653e+05 -3.937219e+04 6.126817e+03 -1.262185e+05 5.903597e+03 1.907398e+03 2.205309e+05 -3.936017e+04 -5.145136e+03 4.950360e+03 8.369746e+04 -2.682084e+03 2.205232e+05 -9.706106e+04 -3.901027e+03
8.787879e-03 3.962330e+04 6.142953e+03 -5.725757e+03 -8.506618e+04 -2.610803e+03 2.203975e+05 -9.786550e+04 -4.654598e+03 -5.576874e+03 8.488695e+04 -3.037810e+04 4.223376e+03 9.804481e+04 -4.498491e+03 -1.826456e+03 -1.698155e+05 -6.830252e+03 9.691494e+04 -3.470012e+04 5.559664e+03 -1.117045e+05 5.610572e+03 1.816882e+03 1.934639e+05 -3.468975e+04 -4.644078e+03 4.659390e+03 7.450944e+04 -2.555885e+03 1.934572e+05 -8.589873e+04 -3.711493e+03
8.989899e-03 3.521728e+04 5.601757e+03 -5.412284e+03 -7.634668e+04 -2.489720e+03 1.949549e+05 -8.735241e+04 -4.437307e+03 -5.280955e+03 7.618439e+04 -2.699656e+04 3.851469e+03 8.751491e+04 -4.299343e+03 -1.739887e+03 -1.502162e+05 -6.462637e+03 8.698038e+04 -3.083953e+04 5.082312e+03 -9.970687e+04 5.353007e+03 1.730153e+03 1.711328e+05 -3.083049e+04 -4.222687e+03 4.407679e+03 6.687129e+04 -2.437687e+03 1.711269e+05 -7.667179e+04 -3.544400e+03
9.191919e-03 3.152842e+04 5.140218e+03 -5.138099e+03 -6.900249e+04 -2.375557e+03 1.736885e+05 -7.854451e+04 -4.244443e+03 -5.021345e+03 6.885456e+04 -2.416556e+04 3.534320e+03 7.869274e+04 -4.121552e+03 -1.658667e+03 -1.338338e+05 -6.140608e+03 7.861280e+04 -2.760742e+04 4.675089e+03 -8.965504e+04 5.124047e+03 1.647773e+03 1.524671e+05 -2.759948e+04 -3.863469e+03 4.187209e+03 6.043796e+04 -2.327312e+03 1.524620e+05 -6.894140e+04 -3.395458e+03
9.393939e-03 2.840520e+04 4.742103e+03 -4.895745e+03 -6.274695e+04 -2.268288e+03 1.557136e+05 -7.107978e+04 -4.071632e+03 -4.791242e+03 6.261134e+04 -2.176879e+04 3.260768e+03 7.121577e+04 -3.961418e+03 -1.582644e+03 -1.199868e+05 -5.855570e+03 7.148559e+04 -2.487099e+04 4.323720e+03 -8.113594e+04 4.918616e+03 1.569925e+03 1.366903e+05 -2.486397e+04 -3.553737e+03 3.992084e+03 5.495831e+04 -2.224377e+03 1.366857e+05 -6.238985e+04 -3.261487e+03
9.595960e-03 2.573507e+04 4.395333e+03 -4.679605e+03 -5.736656e+04 -2.167677e+03 1.403730e+05 -6.468987e+04 -3.915549e+03 -4.585509e+03 5.724163e+04 -1.971984e+04 3.022509e+03 6.481524e+04 -3.816111e+03 -1.511560e+03 -1.081691e+05 -5.601039e+03 6.535551e+04 -2.253161e+04 4.017582e+03 -7.384335e+04 4.732853e+03 1.496579e+03 1.232257e+05 -2.252537e+04 -3.284051e+03 3.817859e+03 5.024533e+04 -2.128413e+03 1.232216e+05 -5.678161e+04 -3.140061e+03
9.797980e-03 2.343276e+04 4.090724e+03 -4.485359e+03 -5.269916e+04 -2.073384e+03 1.271693e+05 -5.917180e+04 -3.773617e+03 -4.400186e+03 5.258354e+04 -1.795323e+04 2.813231e+03 5.928789e+04 -3.683423e+03 -1.445111e+03 -9.799735e+04 -5.372023e+03 6.003777e+04 -2.051455e+04 3.748594e+03 -6.754566e+04 4.563756e+03 1.427589e+03 1.116365e+05 -2.050897e+04 -3.047238e+03 3.661112e+03 4.615693e+04 -2.038921e+03 1.116328e+05 -5.193854e+04 -3.029292e+03
1.000000e-02 2.143254e+04 3.821165e+03 -4.309619e+03 -4.861943e+04 -1.985026e+03 1.157190e+05 -5.436939e+04 -3.643794e+03 -4.232157e+03 4.851201e+04 -1.641851e+04 2.628044e+03 5.447731e+04 -3.561594e+03 -1.382977e+03 -8.917632e+04 -5.164601e+03 5.538961e+04 -1.876220e+04 3.510499e+03 -6.206465e+04 4.408944e+03 1.362747e+03 1.015862e+05 -1.875719e+04 -2.837743e+03 3.519153e+03 4.258334e+04 -1.955407e+03 1.015829e+05 -4.772357e+04 -2.927680e+03
