-1.000000e-02 -2.136241e+05 1.834880e+03 7.194779e+03 -1.826662e+05 2.836661e+03 -1.880611e+05 -1.810650e+05 7.340190e+03 6.958004e+03 1.826960e+05 1.644982e+05 1.235665e+03 1.810376e+05 7.104379e+03 1.932337e+03 1.447647e+05 8.582829e+03 2.081954e+05 1.874585e+05 1.973801e+03 -2.063382e+05 -8.748544e+03 -2.821569e+03 -1.649989e+05 1.874601e+05 -1.044416e+03 -5.810274e+03 1.602946e+05 1.869741e+03 -1.650000e+05 -1.588644e+05 5.938818e+03
-9.797980e-03 -2.579794e+05 2.263452e+03 7.918739e+03 -2.195033e+05 3.395421e+03 -2.270519e+05 -2.175074e+05 8.088558e+03 7.630831e+03 2.195385e+05 1.986526e+05 1.525174e+03 2.174750e+05 7.801765e+03 2.312941e+03 1.747797e+05 9.429470e+03 2.501807e+05 2.263804e+05 2.368940e+03 -2.478678e+05 -9.623093e+03 -3.328477e+03 -1.992085e+05 2.263822e+05 -1.355265e+03 -6.384031e+03 1.926194e+05 2.286885e+03 -1.992098e+05 -1.908383e+05 6.534066e+03
-9.595960e-03 -3.189407e+05 2.869405e+03 8.854677e+03 -2.700878e+05 4.171000e+03 -2.806357e+05 -2.675322e+05 9.057606e+03 8.495179e+03 2.701303e+05 2.455937e+05 1.934609e+03 2.674929e+05 8.699432e+03 2.841204e+03 2.160284e+05 1.052081e+04 3.078347e+05 2.798741e+05 2.922619e+03 -3.048758e+05 -1.075229e+04 -4.028172e+03 -2.462219e+05 2.798762e+05 -1.799890e+03 -7.123440e+03 2.370078e+05 2.869773e+03 -2.462233e+05 -2.347292e+05 7.302630e+03
-9.393939e-03 -4.071253e+05 3.777687e+03 1.013015e+04 -3.432114e+05 5.311912e+03 -3.581425e+05 -3.398148e+05 1.038039e+04 9.664420e+03 3.432644e+05 3.134972e+05 2.548486e+03 3.397657e+05 9.916286e+03 3.618244e+03 2.756931e+05 1.200298e+04 3.911776e+05 3.572563e+05 3.745180e+03 -3.872489e+05 -1.228854e+04 -5.051596e+03 -3.142249e+05 3.572588e+05 -2.473904e+03 -8.127396e+03 3.011742e+05 3.733017e+03 -3.142264e+05 -2.981488e+05 8.348256e+03
-9.191919e-03 -5.450230e+05 5.266475e+03 1.201922e+04 -4.575020e+05 7.146442e+03 -4.793348e+05 -4.527256e+05 1.234264e+04 1.138113e+04 4.575713e+05 4.196803e+05 3.554989e+03 4.526613e+05 1.170666e+04 4.867550e+03 3.689871e+05 1.418932e+04 5.214408e+05 4.782618e+05 5.081664e+03 -5.159218e+05 -1.455854e+04 -6.687669e+03 -4.205568e+05 4.782650e+05 -3.590819e+03 -9.607962e+03 4.014650e+05 5.130458e+03 -4.205586e+05 -3.972149e+05 9.893293e+03
-8.989899e-03 -7.929333e+05 8.129716e+03 1.528118e+04 -6.629261e+05 1.060533e+04 -6.972027e+05 -6.554995e+05 1.573511e+04 1.431511e+04 6.630243e+05 6.105747e+05 5.491323e+03 6.554080e+05 1.477206e+04 7.222664e+03 5.367021e+05 1.794660e+04 7.555736e+05 6.958036e+05 7.630037e+03 -7.470025e+05 -1.846502e+04 -9.754314e+03 -6.117103e+05 6.958079e+05 -5.761543e+03 -1.215176e+04 5.817260e+05 7.782887e+03 -6.117124e+05 -5.751255e+05 1.255210e+04
-8.787879e-03 -1.435024e+06 1.642575e+04 2.371562e+04 -1.195096e+06 2.041706e+04 -1.261483e+06 -1.180036e+06 2.450712e+04 2.180981e+04 1.195269e+06 1.104994e+06 1.110396e+04 1.179875e+06 2.260691e+04 1.390156e+04 9.710865e+05 2.760695e+04 1.362115e+06 1.259240e+06 1.495301e+04 -1.344764e+06 -2.851134e+04 -1.840251e+04 -1.106800e+06 1.259247e+06 -1.211438e+04 -1.869106e+04 1.048708e+06 1.535576e+04 -1.106803e+06 -1.035346e+06 1.938900e+04
-8.585859e-03 6.574973e+07 -9.853742e+05 -9.053090e+05 5.452878e+07 -1.143279e+06 5.778480e+07 5.362955e+07 -9.398778e+05 -7.948006e+05 -5.453630e+07 -5.062806e+07 -6.669445e+05 -5.362264e+07 -8.296652e+05 -7.779705e+05 -4.448311e+07 -1.031053e+06 -6.214905e+07 -5.769526e+07 -8.639581e+05 6.111643e+07 1.070584e+06 1.002691e+06 5.069965e+07 -5.769592e+07 7.607451e+05 6.979294e+05 -4.784945e+07 -8.871124e+05 5.069952e+07 4.705376e+07 -7.284298e+05
-8.383838e-03 1.594530e+07 -2.052715e+05 -1.802436e+05 1.320407e+07 -2.387503e+05 1.401071e+07 1.301173e+07 -1.883932e+05 -1.572099e+05 -1.320587e+07 -1.227805e+07 -1.389077e+05 -1.301003e+07 -1.654188e+05 -1.625299e+05 -1.078553e+07 -2.046878e+05 -1.504933e+07 -1.399200e+07 -1.794346e+05 1.482819e+07 2.140046e+05 2.089071e+05 1.229280e+07 -1.399209e+07 1.589877e+05 1.385046e+05 -1.158664e+07 -1.858155e+05 1.229280e+07 1.141630e+07 -1.456876e+05
-8.181818e-03 8.323824e+06 -9.213487e+04 -7.363236e+04 6.882391e+06 -1.069485e+05 7.312370e+06 6.793898e+06 -7.774770e+04 -6.331063e+04 -6.883303e+06 -6.409408e+06 -6.233343e+04 -6.793024e+06 -6.745108e+04 -7.283700e+04 -5.629115e+06 -8.309002e+04 -7.844196e+06 -7.304146e+06 -8.007450e+04 7.742345e+06 8.779301e+04 9.316760e+04 6.415776e+06 -7.304178e+06 7.180790e+04 5.618763e+04 -6.039315e+06 -8.368470e+04 6.415772e+06 5.960869e+06 -5.981177e+04
-7.979798e-03 6.038233e+06 -5.691576e+04 -3.868296e+04 4.985633e+06 -6.564359e+04 5.303399e+06 4.929704e+06 -4.156591e+04 -3.233153e+04 -4.986273e+06 -4.649467e+06 -3.849426e+04 -4.929081e+06 -3.522896e+04 -4.472910e+04 -4.082605e+06 -4.311346e+04 -5.682361e+06 -5.298536e+06 -4.903617e+04 5.617912e+06 4.640680e+04 5.680266e+04 4.653139e+06 -5.298551e+06 4.477484e+04 2.911758e+04 -4.374893e+06 -5.177281e+04 4.653134e+06 4.325256e+06 -3.165450e+04
-7.777778e-03 5.717697e+06 -4.370286e+04 -2.281934e+04 4.715301e+06 -4.998975e+04 5.020841e+06 4.671418e+06 -2.545311e+04 -1.796636e+04 -4.715887e+06 -4.402635e+06 -2.954064e+04 -4.670841e+06 -2.061045e+04 -3.408827e+04 -3.865101e+06 -2.479674e+04 -5.374242e+06 -5.017259e+06 -3.722107e+04 5.323576e+06 2.780405e+04 4.287251e+04 4.405233e+06 -5.017268e+06 3.479226e+04 1.669581e+04 -4.137667e+06 -3.984039e+04 4.405227e+06 4.098645e+06 -1.901179e+04
-7.575758e-03 8.449569e+06 -4.181737e+04 -1.340802e+04 6.960200e+06 -4.811694e+04 7.418271e+06 6.917133e+06 -1.716195e+04 -8.753802e+03 -6.961036e+06 -6.506154e+06 -2.820679e+04 -6.916301e+06 -1.251692e+04 -3.287663e+04 -5.710687e+06 -1.356106e+04 -7.932842e+06 -7.414455e+06 -3.508974e+04 7.882818e+06 1.784448e+04 4.081206e+04 6.508723e+06 -7.414462e+06 3.374910e+04 9.004898e+03 -6.107546e+06 -3.887660e+04 6.508714e+06 6.069018e+06 -1.230304e+04
-7.373737e-03 -1.696426e+07 -2.818228e+04 -1.546151e+04 -1.394095e+07 -2.154630e+04 -1.489081e+07 -1.396761e+07 -8.183356e+03 -1.288562e+04 1.394258e+07 1.306240e+07 -1.951707e+04 1.396598e+07 -5.612146e+03 -1.426221e+04 1.146318e+07 -1.688605e+04 1.588909e+07 1.488604e+07 -2.404612e+04 -1.591761e+07 8.594013e+03 1.830979e+04 -1.306507e+07 1.488603e+07 2.292526e+04 1.187224e+04 1.223310e+07 -1.685024e+04 -1.306508e+07 -1.225507e+07 -5.488259e+03
-7.171717e-03 -1.953173e+06 -1.498698e+04 -6.114425e+03 -1.606312e+06 -1.486886e+04 -1.714125e+06 -1.622014e+06 -5.303319e+03 -4.564867e+03 1.606494e+06 1.503926e+06 -1.022219e+04 1.621834e+06 -3.756314e+03 -1.006013e+04 1.319562e+06 -6.434058e+03 1.830780e+06 1.713893e+06 -1.265644e+04 -1.848465e+06 5.511094e+03 1.261719e+04 -1.503958e+06 1.713893e+06 1.214371e+04 4.416812e+03 1.409526e+06 -1.189471e+04 -1.503962e+06 -1.423147e+06 -3.706330e+03
-6.969697e-03 -3.809736e+05 -1.418046e+04 -1.929073e+03 -3.144287e+05 -1.418896e+04 -3.342926e+05 -3.296710e+05 -1.771634e+03 -4.572261e+02 3.144645e+05 2.933427e+05 -9.641935e+03 3.296387e+05 -3.019824e+02 -9.632534e+03 2.573410e+05 -1.437917e+03 3.583686e+05 3.342990e+05 -1.173676e+04 -3.756983e+05 1.259652e+03 1.183778e+04 -2.933018e+05 3.342997e+05 1.169444e+04 9.867694e+02 2.759083e+05 -1.159020e+04 -2.933069e+05 -2.892549e+05 -8.496874e+02
-6.767677e-03 3.004571e+05 -1.656558e+04 2.405994e+03 2.467660e+05 -1.613219e+04 2.635714e+05 2.287278e+05 2.299635e+03 4.099388e+03 -2.467891e+05 -2.313522e+05 -1.125026e+04 -2.286987e+05 3.990754e+03 -1.096710e+04 -2.029093e+05 3.934964e+03 -2.812440e+05 -2.636507e+05 -1.342242e+04 2.606597e+05 -3.812674e+03 1.319265e+04 2.312627e+05 -2.636490e+05 1.393458e+04 -2.678533e+03 -2.165343e+05 -1.346134e+04 2.312560e+05 2.006815e+05 2.584060e+03
-6.565657e-03 9.285072e+05 -2.343322e+04 9.134093e+03 7.664697e+05 -2.199246e+04 8.143953e+05 7.406876e+05 8.806370e+03 1.148027e+04 -7.665419e+05 -7.149425e+05 -1.590720e+04 -7.406042e+05 1.114973e+04 -1.496139e+04 -6.269516e+05 1.246724e+04 -8.735633e+05 -8.147587e+05 -1.863120e+04 8.440960e+05 -1.209266e+04 1.763413e+04 7.145582e+05 -8.147550e+05 2.005921e+04 -8.489264e+03 -6.725678e+05 -1.871408e+04 7.145477e+05 6.498737e+05 8.200168e+03
-6.363636e-03 2.251201e+06 -4.570804e+04 2.666813e+04 1.865591e+06 -4.131424e+04 1.974198e+06 1.814709e+06 2.590162e+04 3.114795e+04 -1.865759e+06 -1.733398e+06 -3.102506e+04 -1.814514e+06 3.037669e+04 -2.811550e+04 -1.519812e+06 3.496906e+04 -2.126252e+06 -1.975410e+06 -3.578848e+04 2.068066e+06 -3.409424e+04 3.254588e+04 1.732180e+06 -1.975400e+06 3.967638e+04 -2.380726e+04 -1.637032e+06 -3.574739e+04 1.732157e+06 1.592219e+06 2.313179e+04
-6.161616e-03 -2.298880e+06 3.452035e+04 -3.138909e+04 -1.918145e+06 2.915553e+04 -2.015683e+06 -1.879936e+06 -3.063225e+04 -3.464234e+04 1.918310e+06 1.770100e+06 2.342526e+04 1.879747e+06 -3.388247e+04 1.985296e+04 1.551749e+06 -3.993909e+04 2.186144e+06 2.017243e+06 2.631854e+04 -2.142403e+06 3.907643e+04 -2.218664e+04 -1.768578e+06 2.017234e+06 -3.066852e+04 2.718929e+04 1.683145e+06 2.602140e+04 -1.768560e+06 -1.649459e+06 -2.652300e+04
-5.959596e-03 -9.385025e+05 1.263861e+04 -1.454582e+04 -7.884923e+05 1.002235e+04 -8.227563e+05 -7.745241e+05 -1.424878e+04 -1.569398e+04 7.885566e+05 7.226291e+05 8.576458e+03 7.744493e+05 -1.539600e+04 6.826729e+03 6.333901e+05 -1.829125e+04 8.986558e+05 8.235246e+05 9.439546e+03 -8.826596e+05 1.795296e+04 -7.388658e+03 -7.218941e+05 8.235209e+05 -1.142460e+04 1.245108e+04 6.918905e+05 9.185552e+03 -7.218873e+05 -6.795713e+05 -1.218961e+04
-5.757576e-03 -6.072105e+05 8.001848e+03 -1.052251e+04 -5.140583e+05 6.008168e+03 -5.322386e+05 -5.051754e+05 -1.033827e+04 -1.122631e+04 5.140976e+05 4.675391e+05 5.430738e+03 5.051286e+05 -1.104158e+04 4.092987e+03 4.097393e+05 -1.315567e+04 5.858770e+05 5.328192e+05 5.889486e+03 -5.757059e+05 1.294602e+04 -4.312185e+03 -4.669920e+05 5.328167e+05 -7.321035e+03 8.954664e+03 4.510783e+05 5.624256e+03 -4.669875e+05 -4.432452e+05 -8.792457e+03
-5.555556e-03 -4.392812e+05 5.798752e+03 -8.393679e+03 -3.752211e+05 4.126844e+03 -3.849844e+05 -3.687469e+05 -8.266024e+03 -8.887489e+03 3.752477e+05 3.382362e+05 3.936196e+03 3.687141e+05 -8.759550e+03 2.811557e+03 2.963778e+05 -1.045340e+04 4.276411e+05 3.854631e+05 4.215116e+03 -4.202299e+05 1.030826e+04 -2.884171e+03 -3.377901e+05 3.854611e+05 -5.359006e+03 7.115063e+03 3.292506e+05 3.941116e+03 -3.377867e+05 -3.235430e+05 -7.002636e+03
-5.353535e-03 -3.364611e+05 4.500553e+03 -7.008084e+03 -2.903996e+05 3.035077e+03 -2.948295e+05 -2.853435e+05 -6.914493e+03 -7.378857e+03 2.904186e+05 2.590664e+05 3.055525e+03 2.853192e+05 -7.285094e+03 2.067838e+03 2.269733e+05 -8.702737e+03 3.309681e+05 2.952396e+05 3.235721e+03 -3.251820e+05 8.596426e+03 -2.063816e+03 -2.586876e+05 2.952379e+05 -4.195616e+03 5.923401e+03 2.548210e+05 2.955917e+03 -2.586849e+05 -2.503649e+05 -5.840941e+03
-5.151515e-03 -2.672028e+05 3.647505e+03 -6.009489e+03 -2.334186e+05 2.329126e+03 -2.341072e+05 -2.292945e+05 -5.938373e+03 -6.299849e+03 2.334326e+05 2.057388e+05 2.476815e+03 2.292759e+05 -6.228632e+03 1.586902e+03 1.802270e+05 -7.445977e+03 2.660256e+05 2.344663e+05 2.596842e+03 -2.613076e+05 7.365280e+03 -1.538902e+03 -2.054094e+05 2.344648e+05 -3.426445e+03 5.068017e+03 2.048210e+05 2.313296e+03 -2.054071e+05 -2.011875e+05 -5.005328e+03
-4.949495e-03 -2.176747e+05 3.047818e+03 -5.244082e+03 -1.928081e+05 1.840964e+03 -1.906873e+05 -1.893399e+05 -5.188670e+03 -5.478184e+03 1.928186e+05 1.676031e+05 2.069963e+03 1.893252e+05 -5.422715e+03 1.254317e+03 1.468006e+05 -6.485910e+03 2.197410e+05 1.910060e+05 2.150931e+03 -2.157746e+05 6.423101e+03 -1.179819e+03 -1.673124e+05 1.910047e+05 -2.882480e+03 4.414619e+03 1.691860e+05 1.865009e+03 -1.673104e+05 -1.661313e+05 -4.365745e+03
-4.747475e-03 -1.807348e+05 2.606170e+03 -4.632445e+03 -1.626487e+05 1.487384e+03 -1.583061e+05 -1.596640e+05 -4.588449e+03 -4.825276e+03 1.626566e+05 1.391601e+05 1.770311e+03 1.596522e+05 -4.781253e+03 1.013412e+03 1.218723e+05 -5.720926e+03 1.853676e+05 1.585917e+05 1.824840e+03 -1.819554e+05 5.671119e+03 -9.225847e+02 -1.389008e+05 1.585905e+05 -2.479539e+03 3.894021e+03 1.427216e+05 1.537449e+03 -1.388991e+05 -1.400937e+05 -3.855192e+03
-4.545455e-03 -1.522955e+05 2.269593e+03 -4.128622e+03 -1.395539e+05 1.222370e+03 -1.333791e+05 -1.369383e+05 -4.093177e+03 -4.290087e+03 1.395598e+05 1.172625e+05 1.541931e+03 1.369288e+05 -4.254636e+03 8.328433e+02 1.026824e+05 -5.092368e+03 1.590460e+05 1.336366e+05 1.578033e+03 -1.560568e+05 5.052293e+03 -7.319327e+02 -1.170296e+05 1.336356e+05 -2.170736e+03 3.466282e+03 1.224563e+05 1.289779e+03 -1.170281e+05 -1.201541e+05 -3.434977e+03
-4.343434e-03 -1.298436e+05 2.006262e+03 -3.703827e+03 -1.214427e+05 1.018424e+03 -1.137020e+05 -1.191164e+05 -3.674936e+03 -3.840785e+03 1.214472e+05 9.997507e+04 1.363236e+03 1.191086e+05 -3.811902e+03 6.938792e+02 8.753416e+04 -4.563570e+03 1.384044e+05 1.139354e+05 1.386225e+03 -1.357466e+05 4.530952e+03 -5.868710e+02 -9.976466e+04 1.139345e+05 -1.927829e+03 3.106439e+03 1.065641e+05 1.097519e+03 -9.976333e+04 -1.045172e+05 -3.080902e+03
-4.141414e-03 -1.117491e+05 1.795909e+03 -3.338938e+03 -1.069665e+05 8.581423e+02 -9.784547e+04 -1.048717e+05 -3.315167e+03 -3.456312e+03 1.069698e+05 8.604277e+04 1.220481e+03 1.048652e+05 -3.432558e+03 5.846645e+02 7.532711e+04 -4.110231e+03 1.219056e+05 9.805777e+04 1.233997e+03 -1.195130e+05 4.083433e+03 -4.741671e+02 -8.585195e+04 9.805694e+04 -1.732786e+03 2.797947e+03 9.386150e+04 9.451178e+02 -8.585077e+04 -9.201884e+04 -2.776917e+03
-3.939394e-03 -9.691018e+04 1.625033e+03 -3.020663e+03 -9.521439e+04 7.300079e+02 -8.484326e+04 -9.330795e+04 -3.000952e+03 -3.122090e+03 9.521674e+04 7.461715e+04 1.104506e+03 9.330254e+04 -3.102402e+03 4.973526e+02 6.531741e+04 -3.715494e+03 1.085115e+05 8.503681e+04 1.111113e+03 -1.063347e+05 3.693308e+03 -3.851009e+02 -7.444363e+04 8.503605e+04 -1.573561e+03 2.529331e+03 8.354923e+04 8.222481e+02 -7.444256e+04 -8.187278e+04 -2.511876e+03
-3.737374e-03 -8.455644e+04 1.484307e+03 -2.739424e+03 -8.555035e+04 6.261201e+02 -7.401990e+04 -8.379935e+04 -2.722975e+03 -2.827654e+03 8.555195e+04 6.510512e+04 1.008987e+03 8.379482e+04 -2.811232e+03 4.265612e+02 5.698506e+04 -3.367234e+03 9.749720e+04 7.419660e+04 1.010522e+03 -9.549845e+04 3.348751e+03 -3.137179e+02 -6.494704e+04 7.419591e+04 -1.441810e+03 2.292338e+03 7.506923e+04 7.217980e+02 -6.494608e+04 -7.352990e+04 -2.277757e+03
-3.535354e-03 -7.413430e+04 1.367096e+03 -2.488110e+03 -7.751813e+04 5.408988e+02 -6.488990e+04 -7.589684e+04 -2.474311e+03 -2.565264e+03 7.751912e+04 5.708038e+04 9.294216e+02 7.589303e+04 -2.551495e+03 3.684886e+02 4.995634e+04 -3.056467e+03 8.834274e+04 6.505134e+04 9.272248e+02 -8.649256e+04 3.040991e+03 -2.558318e+02 -5.693623e+04 6.505071e+04 -1.331581e+03 2.080854e+03 6.802113e+04 6.387250e+02 -5.693536e+04 -6.659621e+04 -2.068609e+03
-3.333333e-03 -6.523635e+04 1.268560e+03 -2.261310e+03 -7.078282e+04 4.703046e+02 -5.709606e+04 -6.927076e+04 -2.249685e+03 -2.329050e+03 7.078331e+04 5.022924e+04 8.625287e+02 6.926754e+04 -2.317457e+03 3.203827e+02 4.395623e+04 -2.776371e+03 8.066640e+04 5.724354e+04 8.575885e+02 -7.894131e+04 2.763358e+03 -2.084263e+02 -5.009776e+04 5.724297e+04 -1.238520e+03 1.890234e+03 6.211103e+04 5.693643e+02 -5.009697e+04 -6.078246e+04 -1.879906e+03
-3.131313e-03 -5.755663e+04 1.185097e+03 -2.054817e+03 -6.509375e+04 4.113525e+02 -5.037009e+04 -6.367439e+04 -2.044991e+03 -2.114466e+03 6.509383e+04 4.431610e+04 8.058632e+02 6.367167e+04 -2.104671e+03 2.802097e+02 3.877822e+04 -2.521650e+03 7.418249e+04 5.050472e+04 7.989158e+02 -7.256354e+04 2.510672e+03 -1.692836e+02 -4.419626e+04 5.050420e+04 -1.159376e+03 1.716875e+03 5.711901e+04 5.109969e+02 -4.419554e+04 -5.587218e+04 -1.708135e+03
-2.929293e-03 -5.086120e+04 1.113973e+03 -1.865301e+03 -6.026023e+04 3.617969e+02 -4.450690e+04 -5.891999e+04 -1.856975e+03 -1.917921e+03 6.025996e+04 3.916086e+04 7.575722e+02 5.891768e+04 -1.909626e+03 2.464395e+02 3.426440e+04 -2.288116e+03 6.867365e+04 4.462961e+04 7.491691e+02 -6.714529e+04 2.278833e+03 -1.367431e+02 -3.905176e+04 4.462913e+04 -1.091679e+03 1.557929e+03 5.287771e+04 4.615692e+02 -3.905112e+04 -5.170064e+04 -1.550513e+03
-2.727273e-03 -4.496833e+04 1.053087e+03 -1.690082e+03 -5.613506e+04 3.199228e+02 -3.934714e+04 -5.486265e+04 -1.683015e+03 -1.736535e+03 5.613450e+04 3.462356e+04 7.162294e+02 5.486070e+04 -1.729498e+03 2.179037e+02 3.029213e+04 -2.072407e+03 6.397213e+04 3.945873e+04 7.067850e+02 -6.252144e+04 2.064544e+03 -1.095431e+02 -3.452447e+04 3.945829e+04 -1.033521e+03 1.411104e+03 4.925796e+04 4.195064e+02 -3.452389e+04 -4.814071e+04 -1.404802e+03
-2.525253e-03 -3.973473e+04 1.000800e+03 -1.526969e+03 -5.260324e+04 2.844032e+02 -3.476520e+04 -5.138918e+04 -1.520966e+03 -1.567960e+03 5.260244e+04 3.059389e+04 6.807229e+02 5.138753e+04 -1.561986e+03 1.936980e+02 2.676468e+04 -1.871775e+03 5.994686e+04 3.486635e+04 6.705488e+02 -5.856297e+04 1.865110e+03 -8.671204e+01 -3.050416e+04 3.486595e+04 -9.834105e+02 1.274535e+03 4.615888e+04 3.835853e+02 -3.050364e+04 -4.509307e+04 -1.269175e+03
-2.323232e-03 -3.504590e+04 9.558184e+02 -1.374147e+03 -4.957401e+04 2.542000e+02 -3.066071e+04 -4.841022e+04 -1.369049e+03 -1.410258e+03 4.957300e+04 2.698367e+04 6.501759e+02 4.840882e+04 -1.405188e+03 1.731150e+02 2.360479e+04 -1.683950e+03 5.649441e+04 3.075199e+04 6.395058e+02 -5.516806e+04 1.678302e+03 -6.749363e+01 -2.690278e+04 3.075164e+04 -9.401706e+02 1.146676e+03 4.350080e+04 3.528449e+02 -2.690230e+04 -4.247931e+04 -1.142117e+03
-2.121212e-03 -3.080916e+04 9.171157e+02 -1.230093e+03 -4.697511e+04 2.284932e+02 -2.695243e+04 -4.585463e+04 -1.225770e+03 -1.261805e+03 4.697393e+04 2.372156e+04 6.238912e+02 4.585344e+04 -1.257509e+03 1.555963e+02 2.074992e+04 -1.507028e+03 5.353241e+04 2.703434e+04 6.128990e+02 -5.225563e+04 1.502249e+03 -5.129352e+01 -2.364902e+04 2.703402e+04 -9.028612e+02 1.026231e+03 4.122034e+04 3.265237e+02 -2.364860e+04 -4.023702e+04 -1.022360e+03
-1.919192e-03 -2.694856e+04 8.838681e+02 -1.093513e+03 -4.474863e+04 2.066310e+02 -2.357377e+04 -4.366540e+04 -1.089858e+03 -1.121227e+03 4.474731e+04 2.074906e+04 6.013101e+02 4.366440e+04 -1.117596e+03 1.406973e+02 1.814880e+04 -1.339394e+03 5.099487e+04 2.364674e+04 5.901234e+02 -4.976072e+04 1.335363e+03 -3.764120e+01 -2.068448e+04 2.364646e+04 -8.707280e+02 9.121024e+02 3.926666e+04 3.040137e+02 -2.068410e+04 -3.831618e+04 -9.088256e+02
-1.717172e-03 -2.340107e+04 8.554125e+02 -9.632946e+02 -4.284793e+04 1.880916e+02 -2.046948e+04 -4.179662e+04 -9.602194e+02 -9.873411e+02 4.284649e+04 1.801765e+04 5.819827e+02 4.179577e+04 -9.842876e+02 1.280628e+02 1.575891e+04 -1.179661e+03 4.882862e+04 2.053389e+04 5.706935e+02 -4.763100e+04 1.176276e+03 -2.616209e+01 -1.796068e+04 2.053364e+04 -8.431622e+02 8.033461e+02 3.759885e+04 2.848268e+02 -1.796035e+04 -3.667650e+04 -8.005855e+02
-1.515152e-03 -2.011372e+04 8.312135e+02 -8.384691e+02 -4.123536e+04 1.724567e+02 -1.759316e+04 -4.021122e+04 -8.359013e+02 -8.591233e+02 4.123381e+04 1.548655e+04 5.655457e+02 4.021050e+04 -8.565749e+02 1.174076e+02 1.354452e+04 -1.026621e+03 4.699075e+04 1.764932e+04 5.542182e+02 -4.582423e+04 1.023800e+03 -1.655696e+01 -1.543690e+04 1.764910e+04 -8.196709e+02 6.991413e+02 3.618386e+04 2.685702e+02 -1.543662e+04 -3.528546e+04 -6.968334e+02
-1.313131e-03 -1.704145e+04 8.108390e+02 -7.181823e+02 -3.988053e+04 1.593905e+02 -1.490530e+04 -3.887928e+04 -7.160627e+02 -7.356714e+02 3.987889e+04 1.312104e+04 5.517060e+02 3.887867e+04 -7.335687e+02 1.085030e+02 1.147522e+04 -8.792119e+02 4.544663e+04 1.495347e+04 5.403825e+02 -4.430631e+04 8.768874e+02 -8.586663e+00 -1.307848e+04 1.495328e+04 -7.998559e+02 5.987653e+02 3.499503e+04 2.549277e+02 -1.307824e+04 -3.411681e+04 -5.968581e+02
-1.111111e-03 -1.414534e+04 7.939412e+02 -6.016721e+02 -3.875899e+04 1.486244e+02 -1.237180e+04 -3.777675e+04 -5.999525e+02 -6.161818e+02 3.875729e+04 1.089118e+04 5.402275e+02 3.777623e+04 -6.144766e+02 1.011658e+02 9.524744e+03 -7.364865e+02 4.416840e+04 1.241220e+04 5.289335e+02 -4.304983e+04 7.346037e+02 -2.060602e+00 -1.085550e+04 1.241204e+04 -7.833958e+02 5.015739e+02 3.401091e+04 2.436454e+02 -1.085529e+04 -3.314944e+04 -5.000250e+02
-9.090909e-04 -1.139130e+04 7.802429e+02 -4.882491e+02 -3.785128e+04 1.399453e+02 -9.962780e+03 -3.688445e+04 -4.868909e+02 -4.999291e+02 3.784952e+04 8.770710e+03 5.309221e+02 3.688401e+04 -4.985828e+02 9.525090e+01 7.670104e+03 -5.975882e+02 4.313388e+04 9.995598e+03 5.196701e+02 -4.203294e+04 5.961035e+02 3.171915e+00 -8.741732e+03 9.995469e+03 -7.700344e+02 4.069848e+02 3.321442e+04 2.345216e+02 -8.741565e+03 -3.236653e+04 -4.057604e+02
-7.070707e-04 -8.748974e+03 7.695269e+02 -3.772810e+02 -3.714213e+04 1.331867e+02 -7.651637e+03 -3.618737e+04 -3.762543e+02 -3.862488e+02 3.714033e+04 6.736251e+03 5.236424e+02 3.618699e+04 -3.852314e+02 9.064485e+01 5.890813e+03 -4.617326e+02 4.232565e+04 7.677016e+03 5.124347e+02 -4.123853e+04 4.606116e+02 7.228178e+00 -6.713848e+03 7.676916e+03 -7.595703e+02 3.144644e+02 3.259217e+04 2.273984e+02 -6.713719e+03 -3.175491e+04 -3.135381e+02
-5.050505e-04 -6.190821e+03 7.616276e+02 -2.681797e+02 -3.661994e+04 1.282225e+02 -5.414247e+03 -3.567408e+04 -2.674619e+02 -2.745238e+02 3.661811e+04 4.766606e+03 5.182761e+02 3.567373e+04 -2.738127e+02 8.726166e+01 4.168301e+03 -3.281901e+02 4.173050e+04 5.432297e+03 5.071078e+02 -4.065356e+04 3.274071e+02 1.019693e+01 -4.750675e+03 5.432226e+03 -7.518502e+02 2.235167e+02 3.213396e+04 2.221558e+02 -4.750583e+03 -3.130454e+04 -2.228688e+02
-3.030303e-04 -3.691389e+03 7.564258e+02 -1.603895e+02 -3.627632e+04 1.249618e+02 -3.228306e+03 -3.533632e+04 -1.599649e+02 -1.641717e+02 3.627447e+04 2.842174e+03 5.147423e+02 3.533600e+04 -1.637512e+02 8.503947e+01 2.485397e+03 -1.962720e+02 4.133888e+04 3.239105e+03 5.036029e+02 -4.026864e+04 1.958092e+02 1.214190e+01 -2.832644e+03 3.239063e+03 -7.467631e+02 1.336735e+02 3.183244e+04 2.187072e+02 -2.832589e+03 -3.100819e+04 -1.332901e+02
-1.010101e-04 -1.226639e+03 7.538439e+02 -5.337720e+01 -3.610585e+04 1.233459e+02 -1.072752e+03 -3.516876e+04 -5.323670e+01 -5.463392e+01 3.610398e+04 9.444474e+02 5.129883e+02 3.516845e+04 -5.449476e+01 8.393822e+01 8.258868e+02 -6.531753e+01 4.114459e+04 1.076347e+03 5.018642e+02 -4.007768e+04 6.516440e+01 1.310427e+01 -9.412753e+02 1.076332e+03 -7.442373e+02 4.448543e+01 3.168286e+04 2.169967e+02 -9.412571e+02 -3.086117e+04 -4.435854e+01
1.010101e-04 1.226639e+03 7.538439e+02 5.337720e+01 -3.610585e+04 1.233459e+02 1.072752e+03 -3.516876e+04 5.323670e+01 5.463392e+01 3.610398e+04 -9.444474e+02 5.129883e+02 3.516845e+04 5.449476e+01 8.393822e+01 -8.258868e+02 6.531753e+01 4.114459e+04 -1.076347e+03 5.018642e+02 -4.007768e+04 -6.516440e+01 1.310427e+01 9.412753e+02 -1.076332e+03 -7.442373e+02 -4.448543e+01 3.168286e+04 2.169967e+02 9.412571e+02 -3.086117e+04 4.435854e+01
3.030303e-04 3.691389e+03 7.564258e+02 1.603895e+02 -3.627632e+04 1.249618e+02 3.228306e+03 -3.533632e+04 1.599649e+02 1.641717e+02 3.627447e+04 -2.842174e+03 5.147423e+02 3.533600e+04 1.637512e+02 8.503947e+01 -2.485397e+03 1.962720e+02 4.133888e+04 -3.239105e+03 5.036029e+02 -4.026864e+04 -1.958092e+02 1.214190e+01 2.832644e+03 -3.239063e+03 -7.467631e+02 -1.336735e+02 3.183244e+04 2.187072e+02 2.832589e+03 -3.100819e+04 1.332901e+02
5.050505e-04 6.190821e+03 7.616276e+02 2.681797e+02 -3.661994e+04 1.282225e+02 5.414247e+03 -3.567408e+04 2.674619e+02 2.745238e+02 3.661811e+04 -4.766606e+03 5.182761e+02 3.567373e+04 2.738127e+02 8.726166e+01 -4.168301e+03 3.281901e+02 4.173050e+04 -5.432297e+03 5.071078e+02 -4.065356e+04 -3.274071e+02 1.019693e+01 4.750675e+03 -5.432226e+03 -7.518502e+02 -2.235167e+02 3.213396e+04 2.221558e+02 4.750583e+03 -3.130454e+04 2.228688e+02
7.070707e-04 8.748974e+03 7.695269e+02 3.772810e+02 -3.714213e+04 1.331867e+02 7.651637e+03 -3.618737e+04 3.762543e+02 3.862488e+02 3.714033e+04 -6.736251e+03 5.236424e+02 3.618699e+04 3.852314e+02 9.064485e+01 -5.890813e+03 4.617326e+02 4.232565e+04 -7.677016e+03 5.124347e+02 -4.123853e+04 -4.606116e+02 7.228178e+00 6.713848e+03 -7.676916e+03 -7.595703e+02 -3.144644e+02 3.259217e+04 2.273984e+02 6.713719e+03 -3.175491e+04 3.135381e+02
9.090909e-04 1.139130e+04 7.802429e+02 4.882491e+02 -3.785128e+04 1.399453e+02 9.962780e+03 -3.688445e+04 4.868909e+02 4.999291e+02 3.784952e+04 -8.770710e+03 5.309221e+02 3.688401e+04 4.985828e+02 9.525090e+01 -7.670104e+03 5.975882e+02 4.313388e+04 -9.995598e+03 5.196701e+02 -4.203294e+04 -5.961035e+02 3.171915e+00 8.741732e+03 -9.995469e+03 -7.700344e+02 -4.069848e+02 3.321442e+04 2.345216e+02 8.741565e+03 -3.236653e+04 4.057604e+02
1.111111e-03 1.414534e+04 7.939412e+02 6.016721e+02 -3.875899e+04 1.486244e+02 1.237180e+04 -3.777675e+04 5.999525e+02 6.161818e+02 3.875729e+04 -1.089118e+04 5.402275e+02 3.777623e+04 6.144766e+02 1.011658e+02 -9.524744e+03 7.364865e+02 4.416840e+04 -1.241220e+04 5.289335e+02 -4.304983e+04 -7.346037e+02 -2.060602e+00 1.085550e+04 -1.241204e+04 -7.833958e+02 -5.015739e+02 3.401091e+04 2.436454e+02 1.085529e+04 -3.314944e+04 5.000250e+02
1.313131e-03 1.704145e+04 8.108390e+02 7.181823e+02 -3.988053e+04 1.593905e+02 1.490530e+04 -3.887928e+04 7.160627e+02 7.356714e+02 3.987889e+04 -1.312104e+04 5.517060e+02 3.887867e+04 7.335687e+02 1.085030e+02 -1.147522e+04 8.792119e+02 4.544663e+04 -1.495347e+04 5.403825e+02 -4.430631e+04 -8.768874e+02 -8.586663e+00 1.307848e+04 -1.495328e+04 -7.998559e+02 -5.987653e+02 3.499503e+04 2.549277e+02 1.307824e+04 -3.411681e+04 5.968581e+02
1.515152e-03 2.011372e+04 8.312135e+02 8.384691e+02 -4.123536e+04 1.724567e+02 1.759316e+04 -4.021122e+04 8.359013e+02 8.591233e+02 4.123381e+04 -1.548655e+04 5.655457e+02 4.021050e+04 8.565749e+02 1.174076e+02 -1.354452e+04 1.026621e+03 4.699075e+04 -1.764932e+04 5.542182e+02 -4.582423e+04 -1.023800e+03 -1.655696e+01 1.543690e+04 -1.764910e+04 -8.196709e+02 -6.991413e+02 3.618386e+04 2.685702e+02 1.543662e+04 -3.528546e+04 6.968334e+02
1.717172e-03 2.340107e+04 8.554125e+02 9.632946e+02 -4.284793e+04 1.880916e+02 2.046948e+04 -4.179662e+04 9.602194e+02 9.873411e+02 4.284649e+04 -1.801765e+04 5.819827e+02 4.179577e+04 9.842876e+02 1.280628e+02 -1.575891e+04 1.179661e+03 4.882862e+04 -2.053389e+04 5.706935e+02 -4.763100e+04 -1.176276e+03 -2.616209e+01 1.796068e+04 -2.053364e+04 -8.431622e+02 -8.033461e+02 3.759885e+04 2.848268e+02 1.796035e+04 -3.667650e+04 8.005855e+02
1.919192e-03 2.694856e+04 8.838681e+02 1.093513e+03 -4.474863e+04 2.066310e+02 2.357377e+04 -4.366540e+04 1.089858e+03 1.121227e+03 4.474731e+04 -2.074906e+04 6.013101e+02 4.366440e+04 1.117596e+03 1.406973e+02 -1.814880e+04 1.339394e+03 5.099487e+04 -2.364674e+04 5.901234e+02 -4.976072e+04 -1.335363e+03 -3.764120e+01 2.068448e+04 -2.364646e+04 -8.707280e+02 -9.121024e+02 3.926666e+04 3.040137e+02 2.068410e+04 -3.831618e+04 9.088256e+02
2.121212e-03 3.080916e+04 9.171157e+02 1.230093e+03 -4.697511e+04 2.284932e+02 2.695243e+04 -4.585463e+04 1.225770e+03 1.261805e+03 4.697393e+04 -2.372156e+04 6.238912e+02 4.585344e+04 1.257509e+03 1.555963e+02 -2.074992e+04 1.507028e+03 5.353241e+04 -2.703434e+04 6.128990e+02 -5.225563e+04 -1.502249e+03 -5.129352e+01 2.364902e+04 -2.703402e+04 -9.028612e+02 -1.026231e+03 4.122034e+04 3.265237e+02 2.364860e+04 -4.023702e+04 1.022360e+03
2.323232e-03 3.504590e+04 9.558184e+02 1.374147e+03 -4.957401e+04 2.542000e+02 3.066071e+04 -4.841022e+04 1.369049e+03 1.410258e+03 4.957300e+04 -2.698367e+04 6.501759e+02 4.840882e+04 1.405188e+03 1.731150e+02 -2.360479e+04 1.683950e+03 5.649441e+04 -3.075199e+04 6.395058e+02 -5.516806e+04 -1.678302e+03 -6.749363e+01 2.690278e+04 -3.075164e+04 -9.401706e+02 -1.146676e+03 4.350080e+04 3.528449e+02 2.690230e+04 -4.247931e+04 1.142117e+03
2.525253e-03 3.973473e+04 1.000800e+03 1.526969e+03 -5.260324e+04 2.844032e+02 3.476520e+04 -5.138918e+04 1.520966e+03 1.567960e+03 5.260244e+04 -3.059389e+04 6.807229e+02 5.138753e+04 1.561986e+03 1.936980e+02 -2.676468e+04 1.871775e+03 5.994686e+04 -3.486635e+04 6.705488e+02 -5.856297e+04 -1.865110e+03 -8.671204e+01 3.050416e+04 -3.486595e+04 -9.834105e+02 -1.274535e+03 4.615888e+04 3.835853e+02 3.050364e+04 -4.509307e+04 1.269175e+03
2.727273e-03 4.496833e+04 1.053087e+03 1.690082e+03 -5.613506e+04 3.199228e+02 3.934714e+04 -5.486265e+04 1.683015e+03 1.736535e+03 5.613450e+04 -3.462356e+04 7.162294e+02 5.486070e+04 1.729498e+03 2.179037e+02 -3.029213e+04 2.072407e+03 6.397213e+04 -3.945873e+04 7.067850e+02 -6.252144e+04 -2.064544e+03 -1.095431e+02 3.452447e+04 -3.945829e+04 -1.033521e+03 -1.411104e+03 4.925796e+04 4.195064e+02 3.452389e+04 -4.814071e+04 1.404802e+03
2.929293e-03 5.086120e+04 1.113973e+03 1.865301e+03 -6.026023e+04 3.617969e+02 4.450690e+04 -5.891999e+04 1.856975e+03 1.917921e+03 6.025996e+04 -3.916086e+04 7.575722e+02 5.891768e+04 1.909626e+03 2.464395e+02 -3.426440e+04 2.288116e+03 6.867365e+04 -4.462961e+04 7.491691e+02 -6.714529e+04 -2.278833e+03 -1.367431e+02 3.905176e+04 -4.462913e+04 -1.091679e+03 -1.557929e+03 5.287771e+04 4.615692e+02 3.905112e+04 -5.170064e+04 1.550513e+03
3.131313e-03 5.755663e+04 1.185097e+03 2.054817e+03 -6.509375e+04 4.113525e+02 5.037009e+04 -6.367439e+04 2.044991e+03 2.114466e+03 6.509383e+04 -4.431610e+04 8.058632e+02 6.367167e+04 2.104671e+03 2.802097e+02 -3.877822e+04 2.521650e+03 7.418249e+04 -5.050472e+04 7.989158e+02 -7.256354e+04 -2.510672e+03 -1.692836e+02 4.419626e+04 -5.050420e+04 -1.159376e+03 -1.716875e+03 5.711901e+04 5.109969e+02 4.419554e+04 -5.587218e+04 1.708135e+03
3.333333e-03 6.523635e+04 1.268560e+03 2.261310e+03 -7.078282e+04 4.703046e+02 5.709606e+04 -6.927076e+04 2.249685e+03 2.329050e+03 7.078331e+04 -5.022924e+04 8.625287e+02 6.926754e+04 2.317457e+03 3.203827e+02 -4.395623e+04 2.776371e+03 8.066640e+04 -5.724354e+04 8.575885e+02 -7.894131e+04 -2.763358e+03 -2.084263e+02 5.009776e+04 -5.724297e+04 -1.238520e+03 -1.890234e+03 6.211103e+04 5.693643e+02 5.009697e+04 -6.078246e+04 1.879906e+03
3.535354e-03 7.413430e+04 1.367096e+03 2.488110e+03 -7.751813e+04 5.408988e+02 6.488990e+04 -7.589684e+04 2.474311e+03 2.565264e+03 7.751912e+04 -5.708038e+04 9.294216e+02 7.589303e+04 2.551495e+03 3.684886e+02 -4.995634e+04 3.056467e+03 8.834274e+04 -6.505134e+04 9.272248e+02 -8.649256e+04 -3.040991e+03 -2.558318e+02 5.693623e+04 -6.505071e+04 -1.331581e+03 -2.080854e+03 6.802113e+04 6.387250e+02 5.693536e+04 -6.659621e+04 2.068609e+03
3.737374e-03 8.455644e+04 1.484307e+03 2.739424e+03 -8.555035e+04 6.261201e+02 7.401990e+04 -8.379935e+04 2.722975e+03 2.827654e+03 8.555195e+04 -6.510512e+04 1.008987e+03 8.379482e+04 2.811232e+03 4.265612e+02 -5.698506e+04 3.367234e+03 9.749720e+04 -7.419660e+04 1.010522e+03 -9.549845e+04 -3.348751e+03 -3.137179e+02 6.494704e+04 -7.419591e+04 -1.441810e+03 -2.292338e+03 7.506923e+04 7.217980e+02 6.494608e+04 -7.352990e+04 2.277757e+03
3.939394e-03 9.691018e+04 1.625033e+03 3.020663e+03 -9.521439e+04 7.300079e+02 8.484326e+04 -9.330795e+04 3.000952e+03 3.122090e+03 9.521674e+04 -7.461715e+04 1.104506e+03 9.330254e+04 3.102402e+03 4.973526e+02 -6.531741e+04 3.715494e+03 1.085115e+05 -8.503681e+04 1.111113e+03 -1.063347e+05 -3.693308e+03 -3.851009e+02 7.444363e+04 -8.503605e+04 -1.573561e+03 -2.529331e+03 8.354923e+04 8.222481e+02 7.444256e+04 -8.187278e+04 2.511876e+03
4.141414e-03 1.117491e+05 1.795909e+03 3.338938e+03 -1.069665e+05 8.581423e+02 9.784547e+04 -1.048717e+05 3.315167e+03 3.456312e+03 1.069698e+05 -8.604277e+04 1.220481e+03 1.048652e+05 3.432558e+03 5.846645e+02 -7.532711e+04 4.110231e+03 1.219056e+05 -9.805777e+04 1.233997e+03 -1.195130e+05 -4.083433e+03 -4.741671e+02 8.585195e+04 -9.805694e+04 -1.732786e+03 -2.797947e+03 9.386150e+04 9.451178e+02 8.585077e+04 -9.201884e+04 2.776917e+03
4.343434e-03 1.298436e+05 2.006262e+03 3.703827e+03 -1.214427e+05 1.018424e+03 1.137020e+05 -1.191164e+05 3.674936e+03 3.840785e+03 1.214472e+05 -9.997507e+04 1.363236e+03 1.191086e+05 3.811902e+03 6.938792e+02 -8.753416e+04 4.563570e+03 1.384044e+05 -1.139354e+05 1.386225e+03 -1.357466e+05 -4.530952e+03 -5.868710e+02 9.976466e+04 -1.139345e+05 -1.927829e+03 -3.106439e+03 1.065641e+05 1.097519e+03 9.976333e+04 -1.045172e+05 3.080902e+03
4.545455e-03 1.522955e+05 2.269593e+03 4.128622e+03 -1.395539e+05 1.222370e+03 1.333791e+05 -1.369383e+05 4.093177e+03 4.290087e+03 1.395598e+05 -1.172625e+05 1.541931e+03 1.369288e+05 4.254636e+03 8.328433e+02 -1.026824e+05 5.092368e+03 1.590460e+05 -1.336366e+05 1.578033e+03 -1.560568e+05 -5.052293e+03 -7.319327e+02 1.170296e+05 -1.336356e+05 -2.170736e+03 -3.466282e+03 1.224563e+05 1.289779e+03 1.170281e+05 -1.201541e+05 3.434977e+03
4.747475e-03 1.807348e+05 2.606170e+03 4.632445e+03 -1.626487e+05 1.487384e+03 1.583061e+05 -1.596640e+05 4.588449e+03 4.825276e+03 1.626566e+05 -1.391601e+05 1.770311e+03 1.596522e+05 4.781253e+03 1.013412e+03 -1.218723e+05 5.720926e+03 1.853676e+05 -1.585917e+05 1.824840e+03 -1.819554e+05 -5.671119e+03 -9.225847e+02 1.389008e+05 -1.585905e+05 -2.479539e+03 -3.894021e+03 1.427216e+05 1.537449e+03 1.388991e+05 -1.400937e+05 3.855192e+03
4.949495e-03 2.176747e+05 3.047818e+03 5.244082e+03 -1.928081e+05 1.840964e+03 1.906873e+05 -1.893399e+05 5.188670e+03 5.478184e+03 1.928186e+05 -1.676031e+05 2.069963e+03 1.893252e+05 5.422715e+03 1.254317e+03 -1.468006e+05 6.485910e+03 2.197410e+05 -1.910060e+05 2.150931e+03 -2.157746e+05 -6.423101e+03 -1.179819e+03 1.673124e+05 -1.910047e+05 -2.882480e+03 -4.414619e+03 1.691860e+05 1.865009e+03 1.673104e+05 -1.661313e+05 4.365745e+03
5.151515e-03 2.672028e+05 3.647505e+03 6.009489e+03 -2.334186e+05 2.329126e+03 2.341072e+05 -2.292945e+05 5.938373e+03 6.299849e+03 2.334326e+05 -2.057388e+05 2.476815e+03 2.292759e+05 6.228632e+03 1.586902e+03 -1.802270e+05 7.445977e+03 2.660256e+05 -2.344663e+05 2.596842e+03 -2.613076e+05 -7.365280e+03 -1.538902e+03 2.054094e+05 -2.344648e+05 -3.426445e+03 -5.068017e+03 2.048210e+05 2.313296e+03 2.054071e+05 -2.011875e+05 5.005328e+03
5.353535e-03 3.364611e+05 4.500553e+03 7.008084e+03 -2.903996e+05 3.035077e+03 2.948295e+05 -2.853435e+05 6.914493e+03 7.378857e+03 2.904186e+05 -2.590664e+05 3.055525e+03 2.853192e+05 7.285094e+03 2.067838e+03 -2.269733e+05 8.702737e+03 3.309681e+05 -2.952396e+05 3.235721e+03 -3.251820e+05 -8.596426e+03 -2.063816e+03 2.586876e+05 -2.952379e+05 -4.195616e+03 -5.923401e+03 2.548210e+05 2.955917e+03 2.586849e+05 -2.503649e+05 5.840941e+03
5.555556e-03 4.392812e+05 5.798752e+03 8.393679e+03 -3.752211e+05 4.126844e+03 3.849844e+05 -3.687469e+05 8.266024e+03 8.887489e+03 3.752477e+05 -3.382362e+05 3.936196e+03 3.687141e+05 8.759550e+03 2.811557e+03 -2.963778e+05 1.045340e+04 4.276411e+05 -3.854631e+05 4.215116e+03 -4.202299e+05 -1.030826e+04 -2.884171e+03 3.377901e+05 -3.854611e+05 -5.359006e+03 -7.115063e+03 3.292506e+05 3.941116e+03 3.377867e+05 -3.235430e+05 7.002636e+03
5.757576e-03 6.072105e+05 8.001848e+03 1.052251e+04 -5.140583e+05 6.008168e+03 5.322386e+05 -5.051754e+05 1.033827e+04 1.122631e+04 5.140976e+05 -4.675391e+05 5.430738e+03 5.051286e+05 1.104158e+04 4.092987e+03 -4.097393e+05 1.315567e+04 5.858770e+05 -5.328192e+05 5.889486e+03 -5.757059e+05 -1.294602e+04 -4.312185e+03 4.669920e+05 -5.328167e+05 -7.321035e+03 -8.954664e+03 4.510783e+05 5.624256e+03 4.669875e+05 -4.432452e+05 8.792457e+03
5.959596e-03 9.385025e+05 1.263861e+04 1.454582e+04 -7.884923e+05 1.002235e+04 8.227563e+05 -7.745241e+05 1.424878e+04 1.569398e+04 7.885566e+05 -7.226291e+05 8.576458e+03 7.744493e+05 1.539600e+04 6.826729e+03 -6.333901e+05 1.829125e+04 8.986558e+05 -8.235246e+05 9.439546e+03 -8.826596e+05 -1.795296e+04 -7.388658e+03 7.218941e+05 -8.235209e+05 -1.142460e+04 -1.245108e+04 6.918905e+05 9.185552e+03 7.218873e+05 -6.795713e+05 1.218961e+04
6.161616e-03 2.298880e+06 3.452035e+04 3.138909e+04 -1.918145e+06 2.915553e+04 2.015683e+06 -1.879936e+06 3.063225e+04 3.464234e+04 1.918310e+06 -1.770100e+06 2.342526e+04 1.879747e+06 3.388247e+04 1.985296e+04 -1.551749e+06 3.993909e+04 2.186144e+06 -2.017243e+06 2.631854e+04 -2.142403e+06 -3.907643e+04 -2.218664e+04 1.768578e+06 -2.017234e+06 -3.066852e+04 -2.718929e+04 1.683145e+06 2.602140e+04 1.768560e+06 -1.649459e+06 2.652300e+04
6.363636e-03 -2.251201e+06 -4.570804e+04 -2.666813e+04 1.865591e+06 -4.131424e+04 -1.974198e+06 1.814709e+06 -2.590162e+04 -3.114795e+04 -1.865759e+06 1.733398e+06 -3.102506e+04 -1.814514e+06 -3.037669e+04 -2.811550e+04 1.519812e+06 -3.496906e+04 -2.126252e+06 1.975410e+06 -3.578848e+04 2.068066e+06 3.409424e+04 3.254588e+04 -1.732180e+06 1.975400e+06 3.967638e+04 2.380726e+04 -1.637032e+06 -3.574739e+04 -1.732157e+06 1.592219e+06 -2.313179e+04
6.565657e-03 -9.285072e+05 -2.343322e+04 -9.134093e+03 7.664697e+05 -2.199246e+04 -8.143953e+05 7.406876e+05 -8.806370e+03 -1.148027e+04 -7.665419e+05 7.149425e+05 -1.590720e+04 -7.406042e+05 -1.114973e+04 -1.496139e+04 6.269516e+05 -1.246724e+04 -8.735633e+05 8.147587e+05 -1.863120e+04 8.440960e+05 1.209266e+04 1.763413e+04 -7.145582e+05 8.147550e+05 2.005921e+04 8.489264e+03 -6.725678e+05 -1.871408e+04 -7.145477e+05 6.498737e+05 -8.200168e+03
6.767677e-03 -3.004571e+05 -1.656558e+04 -2.405994e+03 2.467660e+05 -1.613219e+04 -2.635714e+05 2.287278e+05 -2.299635e+03 -4.099388e+03 -2.467891e+05 2.313522e+05 -1.125026e+04 -2.286987e+05 -3.990754e+03 -1.096710e+04 2.029093e+05 -3.934964e+03 -2.812440e+05 2.636507e+05 -1.342242e+04 2.606597e+05 3.812674e+03 1.319265e+04 -2.312627e+05 2.636490e+05 1.393458e+04 2.678533e+03 -2.165343e+05 -1.346134e+04 -2.312560e+05 2.006815e+05 -2.584060e+03
6.969697e-03 3.809736e+05 -1.418046e+04 1.929073e+03 -3.144287e+05 -1.418896e+04 3.342926e+05 -3.296710e+05 1.771634e+03 4.572261e+02 3.144645e+05 -2.933427e+05 -9.641935e+03 3.296387e+05 3.019824e+02 -9.632534e+03 -2.573410e+05 1.437917e+03 3.583686e+05 -3.342990e+05 -1.173676e+04 -3.756983e+05 -1.259652e+03 1.183778e+04 2.933018e+05 -3.342997e+05 1.169444e+04 -9.867694e+02 2.759083e+05 -1.159020e+04 2.933069e+05 -2.892549e+05 8.496874e+02
7.171717e-03 1.953173e+06 -1.498698e+04 6.114425e+03 -1.606312e+06 -1.486886e+04 1.714125e+06 -1.622014e+06 5.303319e+03 4.564867e+03 1.606494e+06 -1.503926e+06 -1.022219e+04 1.621834e+06 3.756314e+03 -1.006013e+04 -1.319562e+06 6.434058e+03 1.830780e+06 -1.713893e+06 -1.265644e+04 -1.848465e+06 -5.511094e+03 1.261719e+04 1.503958e+06 -1.713893e+06 1.214371e+04 -4.416812e+03 1.409526e+06 -1.189471e+04 1.503962e+06 -1.423147e+06 3.706330e+03
7.373737e-03 1.696426e+07 -2.818228e+04 1.546151e+04 -1.394095e+07 -2.154630e+04 1.489081e+07 -1.396761e+07 8.183356e+03 1.288562e+04 1.394258e+07 -1.306240e+07 -1.951707e+04 1.396598e+07 5.612146e+03 -1.426221e+04 -1.146318e+07 1.688605e+04 1.588909e+07 -1.488604e+07 -2.404612e+04 -1.591761e+07 -8.594013e+03 1.830979e+04 1.306507e+07 -1.488603e+07 2.292526e+04 -1.187224e+04 1.223310e+07 -1.685024e+04 1.306508e+07 -1.225507e+07 5.488259e+03
7.575758e-03 -8.449569e+06 -4.181737e+04 1.340802e+04 6.960200e+06 -4.811694e+04 -7.418271e+06 6.917133e+06 1.716195e+04 8.753802e+03 -6.961036e+06 6.506154e+06 -2.820679e+04 -6.916301e+06 1.251692e+04 -3.287663e+04 5.710687e+06 1.356106e+04 -7.932842e+06 7.414455e+06 -3.508974e+04 7.882818e+06 -1.784448e+04 4.081206e+04 -6.508723e+06 7.414462e+06 3.374910e+04 -9.004898e+03 -6.107546e+06 -3.887660e+04 -6.508714e+06 6.069018e+06 1.230304e+04
7.777778e-03 -5.717697e+06 -4.370286e+04 2.281934e+04 4.715301e+06 -4.998975e+04 -5.020841e+06 4.671418e+06 2.545311e+04 1.796636e+04 -4.715887e+06 4.402635e+06 -2.954064e+04 -4.670841e+06 2.061045e+04 -3.408827e+04 3.865101e+06 2.479674e+04 -5.374242e+06 5.017259e+06 -3.722107e+04 5.323576e+06 -2.780405e+04 4.287251e+04 -4.405233e+06 5.017268e+06 3.479226e+04 -1.669581e+04 -4.137667e+06 -3.984039e+04 -4.405227e+06 4.098645e+06 1.901179e+04
7.979798e-03 -6.038233e+06 -5.691576e+04 3.868296e+04 4.985633e+06 -6.564359e+04 -5.303399e+06 4.929704e+06 4.156591e+04 3.233153e+04 -4.986273e+06 4.649467e+06 -3.849426e+04 -4.929081e+06 3.522896e+04 -4.472910e+04 4.082605e+06 4.311346e+04 -5.682361e+06 5.298536e+06 -4.903617e+04 5.617912e+06 -4.640680e+04 5.680266e+04 -4.653139e+06 5.298551e+06 4.477484e+04 -2.911758e+04 -4.374893e+06 -5.177281e+04 -4.653134e+06 4.325256e+06 3.165450e+04
8.181818e-03 -8.323824e+06 -9.213487e+04 7.363236e+04 6.882391e+06 -1.069485e+05 -7.312370e+06 6.793898e+06 7.774770e+04 6.331063e+04 -6.883303e+06 6.409408e+06 -6.233343e+04 -6.793024e+06 6.745108e+04 -7.283700e+04 5.629115e+06 8.309002e+04 -7.844196e+06 7.304146e+06 -8.007450e+04 7.742345e+06 -8.779301e+04 9.316760e+04 -6.415776e+06 7.304178e+06 7.180790e+04 -5.618763e+04 -6.039315e+06 -8.368470e+04 -6.415772e+06 5.960869e+06 5.981177e+04
8.383838e-03 -1.594530e+07 -2.052715e+05 1.802436e+05 1.320407e+07 -2.387503e+05 -1.401071e+07 1.301173e+07 1.883932e+05 1.572099e+05 -1.320587e+07 1.227805e+07 -1.389077e+05 -1.301003e+07 1.654188e+05 -1.625299e+05 1.078553e+07 2.046878e+05 -1.504933e+07 1.399200e+07 -1.794346e+05 1.482819e+07 -2.140046e+05 2.089071e+05 -1.229280e+07 1.399209e+07 1.589877e+05 -1.385046e+05 -1.158664e+07 -1.858155e+05 -1.229280e+07 1.141630e+07 1.456876e+05
8.585859e-03 -6.574973e+07 -9.853741e+05 9.053089e+05 5.452878e+07 -1.143279e+06 -5.778480e+07 5.362954e+07 9.398778e+05 7.948005e+05 -5.453629e+07 5.062806e+07 -6.669445e+05 -5.362264e+07 8.296652e+05 -7.779705e+05 4.448311e+07 1.031053e+06 -6.214905e+07 5.769526e+07 -8.639581e+05 6.111643e+07 -1.070584e+06 1.002691e+06 -5.069964e+07 5.769592e+07 7.607451e+05 -6.979294e+05 -4.784944e+07 -8.871124e+05 -5.069952e+07 4.705376e+07 7.284298e+05
8.787879e-03 1.435024e+06 1.642575e+04 -2.371562e+04 -1.195096e+06 2.041706e+04 1.261483e+06 -1.180036e+06 -2.450712e+04 -2.180981e+04 1.195269e+06 -1.104994e+06 1.110396e+04 1.179875e+06 -2.260691e+04 1.390156e+04 -9.710865e+05 -2.760695e+04 1.362115e+06 -1.259240e+06 1.495301e+04 -1.344764e+06 2.851134e+04 -1.840251e+04 1.106800e+06 -1.259247e+06 -1.211438e+04 1.869106e+04 1.048708e+06 1.535576e+04 1.106803e+06 -1.035346e+06 -1.938900e+04
8.989899e-03 7.929333e+05 8.129716e+03 -1.528118e+04 -6.629261e+05 1.060533e+04 6.972027e+05 -6.554995e+05 -1.573511e+04 -1.431511e+04 6.630243e+05 -6.105747e+05 5.491323e+03 6.554080e+05 -1.477206e+04 7.222664e+03 -5.367021e+05 -1.794660e+04 7.555736e+05 -6.958036e+05 7.630037e+03 -7.470025e+05 1.846502e+04 -9.754314e+03 6.117103e+05 -6.958079e+05 -5.761543e+03 1.215176e+04 5.817260e+05 7.782887e+03 6.117124e+05 -5.751255e+05 -1.255210e+04
9.191919e-03 5.450230e+05 5.266475e+03 -1.201922e+04 -4.575020e+05 7.146442e+03 4.793348e+05 -4.527256e+05 -1.234264e+04 -1.138113e+04 4.575713e+05 -4.196803e+05 3.554989e+03 4.526613e+05 -1.170666e+04 4.867550e+03 -3.689871e+05 -1.418932e+04 5.214408e+05 -4.782618e+05 5.081664e+03 -5.159218e+05 1.455854e+04 -6.687669e+03 4.205568e+05 -4.782650e+05 -3.590819e+03 9.607962e+03 4.014650e+05 5.130458e+03 4.205586e+05 -3.972149e+05 -9.893293e+03
9.393939e-03 4.071253e+05 3.777687e+03 -1.013015e+04 -3.432114e+05 5.311912e+03 3.581425e+05 -3.398148e+05 -1.038039e+04 -9.664420e+03 3.432644e+05 -3.134972e+05 2.548486e+03 3.397657e+05 -9.916286e+03 3.618244e+03 -2.756931e+05 -1.200298e+04 3.911776e+05 -3.572563e+05 3.745180e+03 -3.872489e+05 1.228854e+04 -5.051596e+03 3.142249e+05 -3.572588e+05 -2.473904e+03 8.127396e+03 3.011742e+05 3.733017e+03 3.142264e+05 -2.981488e+05 -8.348256e+03
9.595960e-03 3.189407e+05 2.869405e+03 -8.854677e+03 -2.700878e+05 4.171000e+03 2.806357e+05 -2.675322e+05 -9.057606e+03 -8.495179e+03 2.701303e+05 -2.455937e+05 1.934609e+03 2.674929e+05 -8.699432e+03 2.841204e+03 -2.160284e+05 -1.052081e+04 3.078347e+05 -2.798741e+05 2.922619e+03 -3.048758e+05 1.075229e+04 -4.028172e+03 2.462219e+05 -2.798762e+05 -1.799890e+03 7.123440e+03 2.370078e+05 2.869773e+03 2.462233e+05 -2.347292e+05 -7.302630e+03
9.797980e-03 2.579794e+05 2.263452e+03 -7.918739e+03 -2.195033e+05 3.395421e+03 2.270519e+05 -2.175074e+05 -8.088558e+03 -7.630831e+03 2.195385e+05 -1.986526e+05 1.525174e+03 2.174750e+05 -7.801765e+03 2.312941e+03 -1.747797e+05 -9.429470e+03 2.501807e+05 -2.263804e+05 2.368940e+03 -2.478678e+05 9.623093e+03 -3.328477e+03 1.992085e+05 -2.263822e+05 -1.355265e+03 6.384031e+03 1.926194e+05 2.286885e+03 1.992098e+05 -1.908383e+05 -6.534066e+03
1.000000e-02 2.136241e+05 1.834880e+03 -7.194779e+03 -1.826662e+05 2.836661e+03 1.880611e+05 -1.810650e+05 -7.340190e+03 -6.958004e+03 1.826960e+05 -1.644982e+05 1.235665e+03 1.810376e+05 -7.104379e+03 1.932337e+03 -1.447647e+05 -8.582829e+03 2.081954e+05 -1.874585e+05 1.973801e+03 -2.063382e+05 8.748544e+03 -2.821569e+03 1.649989e+05 -1.874601e+05 -1.044416e+03 5.810274e+03 1.602946e+05 1.869741e+03 1.650000e+05 -1.588644e+05 -5.938818e+03
