-1.000000e-02 -2.123532e+05 3.151765e+02 6.389727e+03 -1.547662e+05 3.731969e+03 -1.304897e+05 -1.496675e+05 6.868116e+03 6.187212e+03 1.548590e+05 1.635759e+05 1.854890e+02 1.495766e+05 6.668798e+03 2.559027e+03 1.003835e+05 7.644260e+03 1.764458e+05 1.863757e+05 6.667817e+02 -1.705308e+05 -8.189222e+03 -3.554229e+03 -1.144521e+05 1.863763e+05 1.790048e+02 -5.150072e+03 1.358328e+05 2.637012e+03 -1.144512e+05 -1.312779e+05 5.573183e+03
-9.797980e-03 -2.517354e+05 4.974408e+02 6.935279e+03 -1.824922e+05 4.307580e+03 -1.545362e+05 -1.762668e+05 7.484062e+03 6.694124e+03 1.825998e+05 1.939093e+05 3.053303e+02 1.761613e+05 7.246539e+03 2.953595e+03 1.188848e+05 8.284512e+03 2.080546e+05 2.209387e+05 8.465256e+02 -2.008390e+05 -8.909970e+03 -4.070916e+03 -1.355447e+05 2.209393e+05 6.226029e+01 -5.580599e+03 1.601658e+05 3.075090e+03 -1.355435e+05 -1.546093e+05 6.065680e+03
-9.595960e-03 -3.038720e+05 7.589400e+02 7.613609e+03 -2.191686e+05 5.063552e+03 -1.863598e+05 -2.114095e+05 8.254354e+03 7.320577e+03 2.192956e+05 2.340664e+05 4.777933e+02 2.112848e+05 7.965525e+03 3.471769e+03 1.433698e+05 9.078521e+03 2.498671e+05 2.666951e+05 1.098551e+03 -2.408818e+05 -9.809124e+03 -4.747509e+03 -1.634590e+05 2.666957e+05 -1.116945e+02 -6.114141e+03 1.923540e+05 3.652391e+03 -1.634573e+05 -1.854347e+05 6.680191e+03
-9.393939e-03 -3.754972e+05 1.148937e+03 8.488688e+03 -2.695281e+05 6.097983e+03 -2.300652e+05 -2.595931e+05 9.254167e+03 8.123030e+03 2.696815e+05 2.892340e+05 7.357184e+02 2.594425e+05 8.893498e+03 4.180749e+03 1.769968e+05 1.009972e+04 3.072787e+05 3.295552e+05 1.466689e+03 -2.957842e+05 -1.097292e+04 -5.670463e+03 -2.017958e+05 3.295558e+05 -3.796794e+02 -6.799830e+03 2.365507e+05 4.445126e+03 -2.017935e+05 -2.276990e+05 7.475721e+03
-9.191919e-03 -4.791068e+05 1.764166e+03 9.679562e+03 -3.423605e+05 7.597793e+03 -2.932689e+05 -3.291543e+05 1.062334e+04 9.206077e+03 3.425516e+05 3.690364e+05 1.143657e+03 3.289665e+05 1.015599e+04 5.208552e+03 2.256264e+05 1.148448e+04 3.903099e+05 4.204854e+05 2.036612e+03 -3.750450e+05 -1.256151e+04 -7.004306e+03 -2.572360e+05 4.204859e+05 -8.144633e+02 -7.728905e+03 3.004701e+05 5.598681e+03 -2.572327e+05 -2.887148e+05 8.561838e+03
-8.989899e-03 -6.413021e+05 2.824354e+03 1.144411e+04 -4.564022e+05 9.975744e+03 -3.921867e+05 -4.378184e+05 1.266413e+04 1.079537e+04 4.566518e+05 4.939625e+05 1.848384e+03 4.375728e+05 1.202335e+04 6.837785e+03 3.017351e+05 1.352760e+04 5.203207e+05 5.628315e+05 3.002175e+03 -4.988616e+05 -1.492042e+04 -9.111939e+03 -3.440037e+05 5.628320e+05 -1.582258e+03 -9.098647e+03 4.005555e+05 7.434418e+03 -3.439989e+05 -3.840301e+05 1.017494e+04
-8.787879e-03 -9.342329e+05 4.972370e+03 1.450810e+04 -6.625568e+05 1.440857e+04 -5.708064e+05 -6.335850e+05 1.622331e+04 1.352394e+04 6.629114e+05 7.195830e+05 3.279785e+03 6.332358e+05 1.525056e+04 9.873836e+03 4.391682e+05 1.705744e+04 7.553422e+05 8.199137e+05 4.928846e+03 -7.219267e+05 -1.901635e+04 -1.302700e+04 -5.006841e+05 8.199140e+05 -3.171584e+03 -1.146357e+04 5.814810e+05 1.086912e+04 -5.006762e+05 -5.557480e+05 1.297622e+04
-8.585859e-03 -1.711465e+06 1.166442e+04 2.266762e+04 -1.210861e+06 2.707533e+04 -1.044747e+06 -1.151179e+06 2.569603e+04 2.069658e+04 1.211494e+06 1.318221e+06 7.751585e+03 1.150555e+06 2.374654e+04 1.854392e+04 8.038266e+05 2.640140e+04 1.380421e+06 1.502029e+06 1.085058e+04 -1.311696e+06 -2.986187e+04 -2.417371e+04 -9.164126e+05 1.502028e+06 -8.217887e+03 -1.772251e+04 1.062684e+06 2.071811e+04 -9.163955e+05 -1.009759e+06 2.039298e+04
-8.383838e-03 1.931564e+06 -2.938680e+04 -2.081156e+04 1.375646e+06 -4.398297e+04 1.178013e+06 1.258452e+06 -2.406524e+04 -1.706176e+04 -1.376341e+06 -1.487728e+06 -1.977117e+04 -1.257772e+06 -2.035364e+04 -3.003606e+04 -9.063922e+05 -2.308285e+04 -1.568261e+06 -1.695181e+06 -2.509430e+04 1.433934e+06 2.680985e+04 3.815127e+04 1.033334e+06 -1.695182e+06 2.322295e+04 1.545954e+04 -1.207297e+06 -3.467332e+04 1.033297e+06 1.103847e+06 -1.833469e+04
-8.181818e-03 7.942520e+06 -7.607421e+04 -7.061947e+04 5.602857e+06 -1.300013e+05 4.839984e+06 5.266565e+06 -8.365803e+04 -6.012827e+04 -5.605622e+06 -6.117399e+06 -5.095031e+04 -5.263831e+06 -7.326812e+04 -8.896206e+04 -3.724037e+06 -7.976323e+04 -6.387328e+06 -6.970473e+06 -6.596561e+04 6.000996e+06 9.467308e+04 1.135939e+05 4.245558e+06 -6.970481e+06 5.884971e+04 5.331186e+04 -4.917157e+06 -1.018649e+05 4.245443e+06 4.619617e+06 -6.480679e+04
-7.979798e-03 -9.599413e+06 4.726766e+04 6.640757e+04 -6.707145e+06 1.039939e+05 -5.844946e+06 -6.455603e+06 8.175398e+04 5.874136e+04 6.710420e+06 7.393504e+06 3.128740e+04 6.452342e+06 7.415856e+04 7.142244e+04 4.497316e+06 7.647029e+04 7.646239e+06 8.424583e+06 4.233745e+04 -7.355856e+06 -9.399609e+04 -9.182808e+04 -5.127077e+06 8.424549e+06 -3.479261e+04 -5.093459e+04 5.886262e+06 8.082120e+04 -5.127010e+06 -5.662667e+06 6.443850e+04
-7.777778e-03 -3.234234e+06 -1.134208e+03 1.583815e+04 -2.232727e+06 1.493634e+04 -1.967702e+06 -2.210225e+06 2.085384e+04 1.514913e+04 2.233795e+06 2.490986e+06 -1.029593e+03 2.209157e+06 2.017101e+04 1.040278e+04 1.514043e+06 1.898731e+04 2.545329e+06 2.838388e+06 3.602514e+01 -2.518468e+06 -2.470664e+04 -1.376139e+04 -1.726035e+06 2.838383e+06 2.205117e+03 -1.257077e+04 1.959454e+06 1.120070e+04 -1.726030e+06 -1.938772e+06 1.697571e+04
-7.575758e-03 -1.688791e+06 -1.489170e+04 4.704306e+03 -1.142457e+06 -8.092811e+03 -1.026657e+06 -1.184216e+06 7.249689e+03 5.874549e+03 1.142999e+06 1.300681e+06 -1.024305e+04 1.183674e+06 8.410754e+03 -5.367247e+03 7.899678e+05 6.518915e+03 1.302413e+06 1.482086e+06 -1.178572e+04 -1.349379e+06 -9.414834e+03 6.303624e+03 -9.005629e+05 1.482087e+06 1.295480e+04 -4.263283e+03 1.002622e+06 -6.914117e+03 -9.005780e+05 -1.038794e+06 6.492777e+03
-7.373737e-03 4.505626e+05 -2.727526e+04 -8.501171e+02 3.504066e+05 -2.786488e+04 2.736419e+05 2.494143e+05 -1.460685e+03 1.936402e+03 -3.505407e+05 -3.470089e+05 -1.849415e+04 -2.492768e+05 1.305190e+03 -1.895943e+04 -2.105711e+05 6.307836e+02 -3.994344e+05 -3.954119e+05 -2.215097e+04 2.842002e+05 7.645104e+01 2.335895e+04 2.400617e+05 -3.954080e+05 2.285881e+04 -4.675338e+02 -3.075136e+05 -2.269852e+04 2.400251e+05 2.187648e+05 -7.761607e+01
-7.171717e-03 -3.813401e+07 -5.653013e+04 -4.571542e+04 -2.601141e+07 -5.235598e+03 -2.314583e+07 -2.613927e+07 7.012393e+03 -4.260356e+04 2.602282e+07 2.936951e+07 -4.103218e+04 2.612786e+07 1.010286e+04 -9.261178e+02 1.781052e+07 -5.112768e+04 2.965258e+07 3.346607e+07 -4.851340e+04 -2.978524e+07 -8.952493e+03 3.942447e+03 -2.030365e+07 3.346606e+07 4.785158e+04 3.813112e+04 2.282737e+07 -1.707308e+03 -2.030370e+07 -2.292958e+07 8.124698e+03
-6.969697e-03 -1.263701e+07 1.167602e+04 -3.739680e+04 -8.665543e+06 1.285382e+04 -7.664422e+06 -8.622183e+06 -2.059286e+04 -3.861435e+04 8.669194e+06 9.732483e+06 7.104472e+03 8.618526e+06 -2.180250e+04 9.560895e+03 5.897810e+06 -4.526843e+04 9.878465e+06 1.109007e+07 7.239417e+03 -9.824879e+06 2.611421e+04 -9.472137e+03 -6.723345e+06 1.109005e+07 -1.110317e+04 3.184249e+04 7.604752e+06 1.270193e+04 -6.723338e+06 -7.563505e+06 -1.709486e+04
-6.767677e-03 3.577197e+07 -2.277950e+05 1.685247e+05 2.482982e+07 -1.806177e+05 2.167998e+07 2.402667e+07 1.228040e+05 1.889247e+05 -2.483994e+07 -2.754997e+07 -1.525411e+05 -2.401646e+07 1.430834e+05 -1.249544e+05 -1.668307e+07 2.143465e+05 -2.830484e+07 -3.139288e+07 -1.744435e+05 2.737822e+07 -1.621859e+05 1.435020e+05 1.901831e+07 -3.139299e+07 1.992849e+05 -1.486122e+05 -2.179031e+07 -1.573834e+05 1.901791e+07 2.107645e+07 1.084374e+05
-6.565657e-03 2.999988e+06 -4.147079e+04 1.959170e+04 2.115600e+06 -3.263739e+04 1.816822e+06 1.964005e+06 1.595153e+04 2.329072e+04 -2.116401e+06 -2.310422e+06 -2.800247e+04 -1.963182e+06 1.963121e+04 -2.235468e+04 -1.398111e+06 2.579566e+04 -2.411643e+06 -2.632731e+06 -3.240496e+04 2.237975e+06 -2.163865e+04 2.633637e+04 1.593803e+06 -2.632717e+06 3.589746e+04 -1.776635e+04 -1.856601e+06 -2.777773e+04 1.593746e+06 1.722851e+06 1.456257e+04
-6.363636e-03 4.987295e+05 -1.836985e+04 4.375683e+03 3.672453e+05 -1.561203e+04 3.017913e+05 2.950607e+05 3.817534e+03 6.072561e+03 -3.673690e+05 -3.840907e+05 -1.245556e+04 -2.949247e+05 5.506602e+03 -1.063734e+04 -2.322502e+05 6.299723e+03 -4.186203e+05 -4.376764e+05 -1.460437e+04 3.362180e+05 -5.660282e+03 1.284436e+04 2.647603e+05 -4.376684e+05 1.570950e+04 -4.317483e+03 -3.222833e+05 -1.297734e+04 2.647333e+05 2.588217e+05 3.823595e+03
-6.161616e-03 -1.020547e+06 5.029017e+03 -9.872061e+03 -7.113910e+05 -3.083946e+02 -6.172429e+05 -7.018659e+05 -8.709400e+03 -1.009365e+04 7.116443e+05 7.859500e+05 3.363803e+03 7.016099e+05 -8.929866e+03 -1.553693e+02 4.750004e+05 -1.203190e+04 8.109300e+05 8.956008e+05 3.483202e+03 -7.997849e+05 1.070729e+04 7.985278e+02 -5.414726e+05 8.955987e+05 -4.763363e+03 8.255178e+03 6.242928e+05 3.506237e+02 -5.414699e+05 -6.157111e+05 -7.234134e+03
-5.959596e-03 -6.006079e+06 1.030580e+05 -7.026904e+04 -4.292351e+06 5.817620e+04 -3.629948e+06 -3.931307e+06 -6.385941e+04 -7.819623e+04 4.293745e+06 4.625404e+06 6.974474e+04 3.929831e+06 -7.175781e+04 3.984315e+04 2.793528e+06 -8.956755e+04 4.892820e+06 5.270752e+06 7.917239e+04 -4.479769e+06 8.225913e+04 -4.487100e+04 -3.184459e+06 5.270698e+06 -9.074311e+04 6.131016e+04 3.766798e+06 5.158200e+04 -3.184328e+06 -3.448699e+06 -5.566641e+04
-5.757576e-03 -1.316145e+06 2.051426e+04 -1.735412e+04 -9.430384e+05 8.818236e+03 -7.949592e+05 -8.756781e+05 -1.599876e+04 -1.878040e+04 9.433315e+05 1.013581e+06 1.388169e+04 8.753677e+05 -1.742045e+04 6.056697e+03 6.117894e+05 -2.180723e+04 1.074953e+06 1.155003e+06 1.555193e+04 -9.978512e+05 2.026321e+04 -6.414227e+03 -6.973989e+05 1.154993e+06 -1.826918e+04 1.491621e+04 8.275698e+05 8.225554e+03 -6.973744e+05 -7.681916e+05 -1.372317e+04
-5.555556e-03 -7.970196e+05 1.255014e+04 -1.169529e+04 -5.750256e+05 4.203645e+03 -4.811120e+05 -5.355080e+05 -1.090664e+04 -1.250083e+04 5.751944e+05 6.137903e+05 8.495609e+03 5.353280e+05 -1.170993e+04 2.893441e+03 3.702619e+05 -1.460683e+04 6.554537e+05 6.994335e+05 9.444102e+03 -6.102244e+05 1.370908e+04 -2.855099e+03 -4.220708e+05 6.994277e+05 -1.125044e+04 9.984658e+03 5.046151e+05 4.130685e+03 -4.220565e+05 -4.697825e+05 -9.290372e+03
-5.353535e-03 -5.627726e+05 9.192247e+03 -9.072651e+03 -4.097255e+05 2.351667e+03 -3.395111e+05 -3.817520e+05 -8.538101e+03 -9.620835e+03 4.098385e+05 4.333914e+05 6.225350e+03 3.816303e+05 -9.084991e+03 1.622662e+03 2.612899e+05 -1.128768e+04 4.670274e+05 4.938654e+05 6.881642e+03 -4.350178e+05 1.067967e+04 -1.445120e+03 -2.978490e+05 4.938613e+05 -8.279119e+03 7.711883e+03 3.595539e+05 2.467444e+03 -2.978390e+05 -3.349021e+05 -7.241176e+03
-5.151515e-03 -4.254563e+05 7.286144e+03 -7.454295e+03 -3.131813e+05 1.359447e+03 -2.565242e+05 -2.916608e+05 -7.066550e+03 -7.859156e+03 3.132619e+05 3.276414e+05 4.936708e+03 2.915730e+05 -7.470623e+03 9.413218e+02 1.974253e+05 -9.248470e+03 3.569764e+05 3.733610e+05 5.433810e+03 -3.323577e+05 8.807812e+03 -7.008426e+02 -2.250472e+05 3.733578e+05 -6.585782e+03 6.316124e+03 2.748304e+05 1.564637e+03 -2.250396e+05 -2.558706e+05 -5.974571e+03
-4.949495e-03 -3.350595e+05 6.050218e+03 -6.322444e+03 -2.498602e+05 7.551569e+02 -2.019094e+05 -2.324637e+05 -6.029534e+03 -6.636164e+03 2.499199e+05 2.580253e+05 4.101089e+03 2.323979e+05 -6.342768e+03 5.261098e+02 1.553948e+05 -7.827455e+03 2.847967e+05 2.940318e+05 4.499120e+03 -2.649019e+05 7.494879e+03 -2.550694e+02 -1.771352e+05 2.940292e+05 -5.483655e+03 5.343950e+03 2.192623e+05 1.006999e+03 -1.771291e+05 -2.039405e+05 -5.085825e+03
-4.747475e-03 -2.713240e+05 5.184048e+03 -5.471803e+03 -2.054016e+05 3.586336e+02 -1.634154e+05 -1.908562e+05 -5.244315e+03 -5.722842e+03 2.054467e+05 2.089418e+05 3.515386e+03 1.908056e+05 -5.495062e+03 2.535057e+02 1.257704e+05 -6.762777e+03 2.341184e+05 2.380998e+05 3.846749e+03 -2.174893e+05 6.504737e+03 3.202550e+01 -1.433653e+05 2.380976e+05 -4.708480e+03 4.615889e+03 1.802472e+05 6.355078e+02 -1.433604e+05 -1.674405e+05 -4.415319e+03
-4.545455e-03 -2.242408e+05 4.544853e+03 -4.801534e+03 -1.727230e+05 8.528066e+01 -1.349890e+05 -1.602544e+05 -4.621221e+03 -5.007127e+03 1.727575e+05 1.726825e+05 3.083088e+03 1.602148e+05 -4.826651e+03 6.548206e+01 1.038937e+05 -5.926071e+03 1.968682e+05 1.967814e+05 3.367180e+03 -1.826180e+05 5.721760e+03 2.258629e+02 -1.184275e+05 1.967795e+05 -4.134495e+03 4.043964e+03 1.515698e+05 3.752238e+02 -1.184233e+05 -1.405952e+05 -3.884898e+03
-4.343434e-03 -1.882398e+05 4.055399e+03 -4.255215e+03 -1.478884e+05 -1.099160e+02 -1.132618e+05 -1.369910e+05 -4.110040e+03 -4.426562e+03 1.479152e+05 1.449580e+05 2.751999e+03 1.369596e+05 -4.281312e+03 -6.885027e+01 8.717243e+04 -5.245660e+03 1.685595e+05 1.651884e+05 3.001284e+03 -1.561088e+05 5.081353e+03 3.611034e+02 -9.936660e+04 1.651867e+05 -3.693576e+03 3.579048e+03 1.297762e+05 1.861082e+02 -9.936303e+04 -1.201873e+05 -3.450901e+03
-4.141414e-03 -1.599618e+05 3.670059e+03 -3.798357e+03 -1.285276e+05 -2.530282e+02 -9.620240e+04 -1.188528e+05 -3.680016e+03 -3.943116e+03 1.285483e+05 1.231811e+05 2.491285e+03 1.188278e+05 -3.824761e+03 -1.673885e+02 7.404338e+04 -4.677816e+03 1.464903e+05 1.403728e+05 2.714195e+03 -1.354399e+05 4.544044e+03 4.577231e+02 -8.440057e+04 1.403714e+05 -3.345410e+03 3.191178e+03 1.127860e+05 4.486430e+01 -8.439749e+04 -1.042756e+05 -3.086647e+03
-3.939394e-03 -1.372587e+05 3.360083e+03 -3.408475e+03 -1.131266e+05 -3.601175e+02 -8.251183e+04 -1.044248e+05 -3.311040e+03 -3.532090e+03 1.131426e+05 1.056976e+05 2.281518e+03 1.044047e+05 -3.434683e+03 -2.411619e+02 6.350693e+04 -4.194087e+03 1.289350e+05 1.204496e+05 2.483987e+03 -1.189988e+05 4.084089e+03 5.279600e+02 -7.238995e+04 1.204483e+05 -3.064556e+03 2.860861e+03 9.927083e+04 -6.293189e+01 -7.238727e+04 -9.161851e+04 -2.774732e+03
-3.737374e-03 -1.186938e+05 3.106442e+03 -3.070174e+03 -1.006745e+05 -4.415560e+02 -7.132148e+04 -9.276070e+04 -2.989296e+03 -3.176637e+03 1.006867e+05 9.140089e+04 2.109841e+03 9.274462e+04 -3.095816e+03 -2.972946e+02 5.489460e+04 -3.775024e+03 1.147411e+05 1.041579e+05 2.296176e+03 -1.057072e+05 3.683843e+03 5.796696e+02 -6.257269e+04 1.041568e+05 -2.834146e+03 2.574774e+03 8.834348e+04 -1.466451e+02 -6.257034e+04 -8.138609e+04 -2.503224e+03
-3.535354e-03 -1.032711e+05 2.896038e+03 -2.772493e+03 -9.047161e+04 -5.042959e+02 -6.202922e+04 -8.320532e+04 -2.704911e+03 -2.864804e+03 9.048086e+04 7.952405e+04 1.967401e+03 8.319243e+04 -2.797298e+03 -3.405635e+02 4.774301e+04 -3.406808e+03 1.031111e+05 9.062368e+04 2.140813e+03 -9.481858e+04 3.330727e+03 6.180826e+02 -5.442058e+04 9.062267e+04 -2.642551e+03 2.323457e+03 7.938999e+04 -2.125884e+02 -5.441850e+04 -7.300353e+04 -2.263618e+03
-3.333333e-03 -9.027939e+04 2.719569e+03 -2.507381e+03 -8.201971e+04 -5.531405e+02 -5.420520e+04 -7.529161e+04 -2.450602e+03 -2.587840e+03 8.202651e+04 6.951940e+04 1.847912e+03 7.528133e+04 -2.531150e+03 -3.742694e+02 4.172135e+04 -3.079303e+03 9.347698e+04 7.922285e+04 2.010843e+03 -8.580063e+04 3.015480e+03 6.467874e+02 -4.755652e+04 7.922195e+04 -2.481494e+03 2.099968e+03 7.197306e+04 -2.651498e+02 -4.755468e+04 -6.606112e+04 -2.049650e+03
-3.131313e-03 -7.919824e+04 2.570251e+03 -2.268763e+03 -7.495517e+04 -5.914924e+02 -4.753485e+04 -6.867867e+04 -2.220855e+03 -2.339165e+03 7.495996e+04 6.098607e+04 1.746789e+03 6.867053e+04 -2.291353e+03 -4.007513e+02 3.658754e+04 -2.784874e+03 8.542433e+04 6.949865e+04 1.901134e+03 -7.826494e+04 2.731105e+03 6.683070e+02 -4.170454e+04 6.949784e+04 -2.344932e+03 1.899083e+03 6.577362e+04 -3.074574e+02 -4.170290e+04 -6.025981e+04 -1.856586e+03
-2.929293e-03 -6.963844e+04 2.443026e+03 -2.051953e+03 -6.900732e+04 -6.218133e+02 -4.178298e+04 -6.311259e+04 -2.011395e+03 -2.113718e+03 6.901044e+04 5.362435e+04 1.660614e+03 6.310623e+04 -2.073259e+03 -4.217018e+02 3.216059e+04 -2.517638e+03 7.864456e+04 6.110953e+04 1.807865e+03 -7.192218e+04 2.472192e+03 6.844523e+02 -3.665832e+04 6.110880e+04 -2.228351e+03 1.716777e+03 6.055412e+04 -3.417892e+02 -3.665687e+04 -5.537687e+04 -1.680765e+03
-2.727273e-03 -6.130346e+04 2.334057e+03 -1.853262e+03 -6.397112e+04 -6.459164e+02 -3.677042e+04 -5.840104e+04 -1.818847e+03 -1.907527e+03 6.397286e+04 4.720587e+04 1.586793e+03 5.839616e+04 -1.873212e+03 -4.383679e+02 2.830262e+04 -2.272972e+03 7.290398e+04 5.379526e+04 1.728144e+03 -6.655316e+04 2.234473e+03 6.965458e+02 -3.226070e+04 5.379460e+04 -2.128322e+03 1.549888e+03 5.613466e+04 -3.698346e+02 -3.225940e+04 -5.124356e+04 -1.519300e+03
-2.525253e-03 -5.396354e+04 2.240385e+03 -1.669736e+03 -5.968902e+04 -6.651577e+02 -3.235840e+04 -5.439614e+04 -1.640495e+03 -1.717422e+03 5.968960e+04 4.155369e+04 1.523325e+03 5.439251e+04 -1.688279e+03 -4.516823e+02 2.490680e+04 -2.047181e+03 6.802298e+04 4.735421e+04 1.659744e+03 -6.198941e+04 2.014524e+03 7.055682e+02 -2.838990e+04 4.735362e+04 -2.042194e+03 1.395888e+03 5.237694e+04 -3.928658e+02 -2.838874e+04 -4.773017e+04 -1.369873e+03
-2.323232e-03 -4.743791e+04 2.159697e+03 -1.498974e+03 -5.603841e+04 -6.805645e+02 -2.843771e+04 -5.098286e+04 -1.474124e+03 -1.540830e+03 5.603802e+04 3.652860e+04 1.468648e+03 5.098027e+04 -1.516074e+03 -4.623517e+02 2.188913e+04 -1.837261e+03 6.386181e+04 4.162775e+04 1.600927e+03 -5.809981e+04 1.809554e+03 7.122556e+02 -2.495015e+04 4.162722e+04 -1.967894e+03 1.252725e+03 4.917340e+04 -4.118535e+02 -2.494912e+04 -4.473578e+04 -1.230594e+03
-2.121212e-03 -4.158229e+04 2.090168e+03 -1.338991e+03 -5.292294e+04 -6.929239e+02 -2.492124e+04 -4.807073e+04 -1.317896e+03 -1.375632e+03 5.292173e+04 3.201948e+04 1.421526e+03 4.806903e+04 -1.354625e+03 -4.709178e+02 1.918254e+04 -1.640735e+03 6.031062e+04 3.648926e+04 1.550325e+03 -5.478131e+04 1.617253e+03 7.171667e+02 -2.186501e+04 3.648879e+04 -1.903783e+03 1.118705e+03 4.643946e+04 -4.275468e+02 -2.186410e+04 -4.218104e+04 -1.099899e+03
-1.919192e-03 -3.627994e+04 2.030344e+03 -1.188128e+03 -5.026620e+04 -7.028441e+02 -2.173851e+04 -4.558807e+04 -1.170268e+03 -1.220059e+03 5.026431e+04 2.793644e+04 1.380978e+03 4.558712e+04 -1.202281e+03 -4.777993e+02 1.673280e+04 -1.455533e+03 5.728233e+04 3.183630e+04 1.506848e+03 -5.195220e+04 1.435683e+03 7.207293e+02 -1.907265e+04 3.183589e+04 -1.848553e+03 9.924148e+02 4.410808e+04 -4.405288e+02 -1.907185e+04 -4.000306e+04 -9.764770e+02
-1.717172e-03 -3.143515e+04 1.979060e+03 -1.044975e+03 -4.800730e+04 -7.107988e+02 -1.883174e+04 -4.347771e+04 -1.029925e+03 -1.072613e+03 4.800482e+04 2.420576e+04 1.346214e+03 4.347738e+04 -1.057639e+03 -4.833222e+02 1.449544e+04 -1.279899e+03 5.470751e+04 2.758488e+04 1.469625e+03 -4.954733e+04 1.263198e+03 7.232732e+02 -1.652239e+04 2.758451e+04 -1.801156e+03 8.726540e+02 4.212582e+04 -4.512568e+02 -1.652169e+04 -3.815167e+04 -8.592111e+02
-1.515152e-03 -2.696836e+04 1.935380e+03 -9.083199e+02 -4.609746e+04 -7.171585e+02 -1.615291e+04 -4.169388e+04 -8.957329e+02 -9.320105e+02 4.609451e+04 2.076618e+04 1.316602e+03 4.169407e+04 -9.194915e+02 -4.877416e+02 1.243350e+04 -1.112325e+03 5.253059e+04 2.366516e+04 1.437957e+03 -4.751456e+04 1.098378e+03 7.250542e+02 -1.417210e+04 2.366485e+04 -1.760746e+03 7.583934e+02 4.044988e+04 -4.600910e+02 -1.417150e+04 -3.658675e+04 -7.471402e+02
-1.313131e-03 -2.281252e+04 1.898549e+03 -7.771080e+02 -4.449764e+04 -7.222138e+02 -1.366157e+04 -4.019992e+04 -7.667007e+02 -7.971328e+02 4.449429e+04 1.756606e+04 1.291631e+03 4.020055e+04 -7.867853e+02 -4.912576e+02 1.051587e+04 -9.514995e+02 5.070703e+04 2.001833e+04 1.411282e+03 -4.581211e+04 9.399831e+02 7.262706e+02 -1.198630e+04 2.001806e+04 -1.726644e+03 6.487366e+02 3.904598e+04 -4.673158e+02 -1.198579e+04 -3.527613e+04 -6.394245e+02
-1.111111e-03 -1.891031e+04 1.867962e+03 -6.504060e+02 -4.317663e+04 -7.261923e+02 -1.132314e+04 -3.896655e+04 -6.419495e+02 -6.669949e+02 4.317294e+04 1.456126e+04 1.270892e+03 3.896753e+04 -6.585896e+02 -4.940270e+02 8.715913e+03 -7.962629e+02 4.920128e+04 1.659406e+04 1.389147e+03 -4.440662e+04 7.869165e+02 7.270768e+02 -9.934646e+03 1.659384e+04 -1.698302e+03 5.428928e+02 3.788675e+04 -4.731554e+02 -9.934219e+03 -3.419411e+04 -5.353205e+02
-9.090909e-04 -1.521191e+04 1.843137e+03 -5.273777e+02 -4.210969e+04 -7.292710e+02 -9.107580e+03 -3.797056e+04 -5.206895e+02 -5.407153e+02 4.210574e+04 1.171341e+04 1.254058e+03 3.797183e+04 -5.340694e+02 -4.961717e+02 7.010518e+03 -6.455776e+02 4.798513e+04 1.334866e+04 1.371196e+03 -4.327163e+04 6.381933e+02 7.275916e+02 -7.990779e+03 1.334848e+04 -1.675286e+03 4.401537e+02 3.695048e+04 -4.777852e+02 -7.990434e+03 -3.332034e+04 -4.341609e+02
-7.070707e-04 -1.167331e+04 1.823697e+03 -4.072626e+02 -4.127754e+04 -7.315860e+02 -6.988336e+03 -3.719385e+04 -4.022005e+02 -4.174935e+02 4.127339e+04 8.988618e+03 1.240876e+03 3.719534e+04 -4.124644e+02 -4.977856e+02 5.379251e+03 -4.985004e+02 4.703661e+04 1.024348e+04 1.357147e+03 -4.238652e+04 4.929162e+02 7.279057e+02 -6.131411e+03 1.024334e+04 -1.657253e+03 3.398758e+02 3.622024e+04 -4.813408e+02 -6.131146e+03 -3.263894e+04 -3.353375e+02
-5.050505e-04 -8.254839e+03 1.809355e+03 -2.893577e+02 -4.066555e+04 -7.332390e+02 -4.941499e+03 -3.662269e+04 -2.858153e+02 -2.965903e+02 4.066126e+04 6.356339e+03 1.231151e+03 3.662435e+04 -2.930716e+02 -4.989386e+02 3.803711e+03 -3.541600e+02 4.633905e+04 7.243725e+03 1.346787e+03 -4.173566e+04 3.502548e+02 7.280866e+02 -4.335566e+03 7.243625e+03 -1.643944e+03 2.414646e+02 3.568321e+04 -4.839237e+02 -4.335378e+03 -3.213788e+04 -2.382874e+02
-3.030303e-04 -4.920026e+03 1.799906e+03 -1.730027e+02 -4.026321e+04 -7.343024e+02 -2.945085e+03 -3.624723e+04 -1.709061e+02 -1.773125e+02 4.025882e+04 3.788485e+03 1.224742e+03 3.624899e+04 -1.752303e+02 -4.996807e+02 2.266977e+03 -2.117384e+02 4.588044e+04 4.317384e+03 1.339963e+03 -4.130780e+04 2.094282e+02 7.281818e+02 -2.583957e+03 4.317324e+03 -1.635173e+03 1.443620e+02 3.533015e+04 -4.856069e+02 -2.583844e+03 -3.180848e+04 -1.424811e+02
-1.010101e-04 -1.634571e+03 1.795214e+03 -5.756612e+01 -4.006372e+04 -7.348227e+02 -9.784176e+02 -3.606106e+04 -5.687203e+01 -5.899784e+01 4.005928e+04 1.258641e+03 1.221561e+03 3.606287e+04 -5.830853e+01 -5.000439e+02 7.531366e+02 -7.045390e+01 4.565305e+04 1.434356e+03 1.336576e+03 -4.109565e+04 6.968928e+01 7.282220e+02 -8.584436e+02 1.434336e+03 -1.630817e+03 4.803504e+01 3.515508e+04 -4.864370e+02 -8.584062e+02 -3.164516e+04 -4.741226e+01
1.010101e-04 1.634571e+03 1.795214e+03 5.756612e+01 -4.006372e+04 -7.348227e+02 9.784176e+02 -3.606106e+04 5.687203e+01 5.899784e+01 4.005928e+04 -1.258641e+03 1.221561e+03 3.606287e+04 5.830853e+01 -5.000439e+02 -7.531366e+02 7.045390e+01 4.565305e+04 -1.434356e+03 1.336576e+03 -4.109565e+04 -6.968928e+01 7.282220e+02 8.584436e+02 -1.434336e+03 -1.630817e+03 -4.803504e+01 3.515508e+04 -4.864370e+02 8.584062e+02 -3.164516e+04 4.741226e+01
3.030303e-04 4.920026e+03 1.799906e+03 1.730027e+02 -4.026321e+04 -7.343024e+02 2.945085e+03 -3.624723e+04 1.709061e+02 1.773125e+02 4.025882e+04 -3.788485e+03 1.224742e+03 3.624899e+04 1.752303e+02 -4.996807e+02 -2.266977e+03 2.117384e+02 4.588044e+04 -4.317384e+03 1.339963e+03 -4.130780e+04 -2.094282e+02 7.281818e+02 2.583957e+03 -4.317324e+03 -1.635173e+03 -1.443620e+02 3.533015e+04 -4.856069e+02 2.583844e+03 -3.180848e+04 1.424811e+02
5.050505e-04 8.254839e+03 1.809355e+03 2.893577e+02 -4.066555e+04 -7.332390e+02 4.941499e+03 -3.662269e+04 2.858153e+02 2.965903e+02 4.066126e+04 -6.356339e+03 1.231151e+03 3.662435e+04 2.930716e+02 -4.989386e+02 -3.803711e+03 3.541600e+02 4.633905e+04 -7.243725e+03 1.346787e+03 -4.173566e+04 -3.502548e+02 7.280866e+02 4.335566e+03 -7.243625e+03 -1.643944e+03 -2.414646e+02 3.568321e+04 -4.839237e+02 4.335378e+03 -3.213788e+04 2.382874e+02
7.070707e-04 1.167331e+04 1.823697e+03 4.072626e+02 -4.127754e+04 -7.315860e+02 6.988336e+03 -3.719385e+04 4.022005e+02 4.174935e+02 4.127339e+04 -8.988618e+03 1.240876e+03 3.719534e+04 4.124644e+02 -4.977856e+02 -5.379251e+03 4.985004e+02 4.703661e+04 -1.024348e+04 1.357147e+03 -4.238652e+04 -4.929162e+02 7.279057e+02 6.131411e+03 -1.024334e+04 -1.657253e+03 -3.398758e+02 3.622024e+04 -4.813408e+02 6.131146e+03 -3.263894e+04 3.353375e+02
9.090909e-04 1.521191e+04 1.843137e+03 5.273777e+02 -4.210969e+04 -7.292710e+02 9.107580e+03 -3.797056e+04 5.206895e+02 5.407153e+02 4.210574e+04 -1.171341e+04 1.254058e+03 3.797183e+04 5.340694e+02 -4.961717e+02 -7.010518e+03 6.455776e+02 4.798513e+04 -1.334866e+04 1.371196e+03 -4.327163e+04 -6.381933e+02 7.275916e+02 7.990779e+03 -1.334848e+04 -1.675286e+03 -4.401537e+02 3.695048e+04 -4.777852e+02 7.990434e+03 -3.332034e+04 4.341609e+02
1.111111e-03 1.891031e+04 1.867962e+03 6.504060e+02 -4.317663e+04 -7.261923e+02 1.132314e+04 -3.896655e+04 6.419495e+02 6.669949e+02 4.317294e+04 -1.456126e+04 1.270892e+03 3.896753e+04 6.585896e+02 -4.940270e+02 -8.715913e+03 7.962629e+02 4.920128e+04 -1.659406e+04 1.389147e+03 -4.440662e+04 -7.869165e+02 7.270768e+02 9.934646e+03 -1.659384e+04 -1.698302e+03 -5.428928e+02 3.788675e+04 -4.731554e+02 9.934219e+03 -3.419411e+04 5.353205e+02
1.313131e-03 2.281252e+04 1.898549e+03 7.771080e+02 -4.449764e+04 -7.222138e+02 1.366157e+04 -4.019992e+04 7.667007e+02 7.971328e+02 4.449429e+04 -1.756606e+04 1.291631e+03 4.020055e+04 7.867853e+02 -4.912576e+02 -1.051587e+04 9.514995e+02 5.070703e+04 -2.001833e+04 1.411282e+03 -4.581211e+04 -9.399831e+02 7.262706e+02 1.198630e+04 -2.001806e+04 -1.726644e+03 -6.487366e+02 3.904598e+04 -4.673158e+02 1.198579e+04 -3.527613e+04 6.394245e+02
1.515152e-03 2.696836e+04 1.935380e+03 9.083199e+02 -4.609746e+04 -7.171585e+02 1.615291e+04 -4.169388e+04 8.957329e+02 9.320105e+02 4.609451e+04 -2.076618e+04 1.316602e+03 4.169407e+04 9.194915e+02 -4.877416e+02 -1.243350e+04 1.112325e+03 5.253059e+04 -2.366516e+04 1.437957e+03 -4.751456e+04 -1.098378e+03 7.250542e+02 1.417210e+04 -2.366485e+04 -1.760746e+03 -7.583934e+02 4.044988e+04 -4.600910e+02 1.417150e+04 -3.658675e+04 7.471402e+02
1.717172e-03 3.143515e+04 1.979060e+03 1.044975e+03 -4.800730e+04 -7.107988e+02 1.883174e+04 -4.347771e+04 1.029925e+03 1.072613e+03 4.800482e+04 -2.420576e+04 1.346214e+03 4.347738e+04 1.057639e+03 -4.833222e+02 -1.449544e+04 1.279899e+03 5.470751e+04 -2.758488e+04 1.469625e+03 -4.954733e+04 -1.263198e+03 7.232732e+02 1.652239e+04 -2.758451e+04 -1.801156e+03 -8.726540e+02 4.212582e+04 -4.512568e+02 1.652169e+04 -3.815167e+04 8.592111e+02
1.919192e-03 3.627994e+04 2.030344e+03 1.188128e+03 -5.026620e+04 -7.028441e+02 2.173851e+04 -4.558807e+04 1.170268e+03 1.220059e+03 5.026431e+04 -2.793644e+04 1.380978e+03 4.558712e+04 1.202281e+03 -4.777993e+02 -1.673280e+04 1.455533e+03 5.728233e+04 -3.183630e+04 1.506848e+03 -5.195220e+04 -1.435683e+03 7.207293e+02 1.907265e+04 -3.183589e+04 -1.848553e+03 -9.924148e+02 4.410808e+04 -4.405288e+02 1.907185e+04 -4.000306e+04 9.764770e+02
2.121212e-03 4.158229e+04 2.090168e+03 1.338991e+03 -5.292294e+04 -6.929239e+02 2.492124e+04 -4.807073e+04 1.317896e+03 1.375632e+03 5.292173e+04 -3.201948e+04 1.421526e+03 4.806903e+04 1.354625e+03 -4.709178e+02 -1.918254e+04 1.640735e+03 6.031062e+04 -3.648926e+04 1.550325e+03 -5.478131e+04 -1.617253e+03 7.171667e+02 2.186501e+04 -3.648879e+04 -1.903783e+03 -1.118705e+03 4.643946e+04 -4.275468e+02 2.186410e+04 -4.218104e+04 1.099899e+03
2.323232e-03 4.743791e+04 2.159697e+03 1.498974e+03 -5.603841e+04 -6.805645e+02 2.843771e+04 -5.098286e+04 1.474124e+03 1.540830e+03 5.603802e+04 -3.652860e+04 1.468648e+03 5.098027e+04 1.516074e+03 -4.623517e+02 -2.188913e+04 1.837261e+03 6.386181e+04 -4.162775e+04 1.600927e+03 -5.809981e+04 -1.809554e+03 7.122556e+02 2.495015e+04 -4.162722e+04 -1.967894e+03 -1.252725e+03 4.917340e+04 -4.118535e+02 2.494912e+04 -4.473578e+04 1.230594e+03
2.525253e-03 5.396354e+04 2.240385e+03 1.669736e+03 -5.968902e+04 -6.651577e+02 3.235840e+04 -5.439614e+04 1.640495e+03 1.717422e+03 5.968960e+04 -4.155369e+04 1.523325e+03 5.439251e+04 1.688279e+03 -4.516823e+02 -2.490680e+04 2.047181e+03 6.802298e+04 -4.735421e+04 1.659744e+03 -6.198941e+04 -2.014524e+03 7.055682e+02 2.838990e+04 -4.735362e+04 -2.042194e+03 -1.395888e+03 5.237694e+04 -3.928658e+02 2.838874e+04 -4.773017e+04 1.369873e+03
2.727273e-03 6.130346e+04 2.334057e+03 1.853262e+03 -6.397112e+04 -6.459164e+02 3.677042e+04 -5.840104e+04 1.818847e+03 1.907527e+03 6.397286e+04 -4.720587e+04 1.586793e+03 5.839616e+04 1.873212e+03 -4.383679e+02 -2.830262e+04 2.272972e+03 7.290398e+04 -5.379526e+04 1.728144e+03 -6.655316e+04 -2.234473e+03 6.965458e+02 3.226070e+04 -5.379460e+04 -2.128322e+03 -1.549888e+03 5.613466e+04 -3.698346e+02 3.225940e+04 -5.124356e+04 1.519300e+03
2.929293e-03 6.963844e+04 2.443026e+03 2.051953e+03 -6.900732e+04 -6.218133e+02 4.178298e+04 -6.311259e+04 2.011395e+03 2.113718e+03 6.901044e+04 -5.362435e+04 1.660614e+03 6.310623e+04 2.073259e+03 -4.217018e+02 -3.216059e+04 2.517638e+03 7.864456e+04 -6.110953e+04 1.807865e+03 -7.192218e+04 -2.472192e+03 6.844523e+02 3.665832e+04 -6.110880e+04 -2.228351e+03 -1.716777e+03 6.055412e+04 -3.417892e+02 3.665687e+04 -5.537687e+04 1.680765e+03
3.131313e-03 7.919824e+04 2.570251e+03 2.268763e+03 -7.495517e+04 -5.914924e+02 4.753485e+04 -6.867867e+04 2.220855e+03 2.339165e+03 7.495996e+04 -6.098607e+04 1.746789e+03 6.867053e+04 2.291353e+03 -4.007513e+02 -3.658754e+04 2.784874e+03 8.542433e+04 -6.949865e+04 1.901134e+03 -7.826494e+04 -2.731105e+03 6.683070e+02 4.170454e+04 -6.949784e+04 -2.344932e+03 -1.899083e+03 6.577362e+04 -3.074574e+02 4.170290e+04 -6.025981e+04 1.856586e+03
3.333333e-03 9.027939e+04 2.719569e+03 2.507381e+03 -8.201971e+04 -5.531405e+02 5.420520e+04 -7.529161e+04 2.450602e+03 2.587840e+03 8.202651e+04 -6.951940e+04 1.847912e+03 7.528133e+04 2.531150e+03 -3.742694e+02 -4.172135e+04 3.079303e+03 9.347698e+04 -7.922285e+04 2.010843e+03 -8.580063e+04 -3.015480e+03 6.467874e+02 4.755652e+04 -7.922195e+04 -2.481494e+03 -2.099968e+03 7.197306e+04 -2.651498e+02 4.755468e+04 -6.606112e+04 2.049650e+03
3.535354e-03 1.032711e+05 2.896038e+03 2.772493e+03 -9.047161e+04 -5.042959e+02 6.202922e+04 -8.320532e+04 2.704911e+03 2.864804e+03 9.048086e+04 -7.952405e+04 1.967401e+03 8.319243e+04 2.797298e+03 -3.405635e+02 -4.774301e+04 3.406808e+03 1.031111e+05 -9.062368e+04 2.140813e+03 -9.481858e+04 -3.330727e+03 6.180826e+02 5.442058e+04 -9.062267e+04 -2.642551e+03 -2.323457e+03 7.938999e+04 -2.125884e+02 5.441850e+04 -7.300353e+04 2.263618e+03
3.737374e-03 1.186938e+05 3.106442e+03 3.070174e+03 -1.006745e+05 -4.415560e+02 7.132148e+04 -9.276070e+04 2.989296e+03 3.176637e+03 1.006867e+05 -9.140089e+04 2.109841e+03 9.274462e+04 3.095816e+03 -2.972946e+02 -5.489460e+04 3.775024e+03 1.147411e+05 -1.041579e+05 2.296176e+03 -1.057072e+05 -3.683843e+03 5.796696e+02 6.257269e+04 -1.041568e+05 -2.834146e+03 -2.574774e+03 8.834348e+04 -1.466451e+02 6.257034e+04 -8.138609e+04 2.503224e+03
3.939394e-03 1.372587e+05 3.360083e+03 3.408475e+03 -1.131266e+05 -3.601175e+02 8.251183e+04 -1.044248e+05 3.311040e+03 3.532090e+03 1.131426e+05 -1.056976e+05 2.281518e+03 1.044047e+05 3.434683e+03 -2.411619e+02 -6.350693e+04 4.194087e+03 1.289350e+05 -1.204496e+05 2.483987e+03 -1.189988e+05 -4.084089e+03 5.279600e+02 7.238995e+04 -1.204483e+05 -3.064556e+03 -2.860861e+03 9.927083e+04 -6.293189e+01 7.238727e+04 -9.161851e+04 2.774732e+03
4.141414e-03 1.599618e+05 3.670059e+03 3.798357e+03 -1.285276e+05 -2.530282e+02 9.620240e+04 -1.188528e+05 3.680016e+03 3.943116e+03 1.285483e+05 -1.231811e+05 2.491285e+03 1.188278e+05 3.824761e+03 -1.673885e+02 -7.404338e+04 4.677816e+03 1.464903e+05 -1.403728e+05 2.714195e+03 -1.354399e+05 -4.544044e+03 4.577231e+02 8.440057e+04 -1.403714e+05 -3.345410e+03 -3.191178e+03 1.127860e+05 4.486430e+01 8.439749e+04 -1.042756e+05 3.086647e+03
4.343434e-03 1.882398e+05 4.055399e+03 4.255215e+03 -1.478884e+05 -1.099160e+02 1.132618e+05 -1.369910e+05 4.110040e+03 4.426562e+03 1.479152e+05 -1.449580e+05 2.751999e+03 1.369596e+05 4.281312e+03 -6.885027e+01 -8.717243e+04 5.245660e+03 1.685595e+05 -1.651884e+05 3.001284e+03 -1.561088e+05 -5.081353e+03 3.611034e+02 9.936660e+04 -1.651867e+05 -3.693576e+03 -3.579048e+03 1.297762e+05 1.861082e+02 9.936303e+04 -1.201873e+05 3.450901e+03
4.545455e-03 2.242408e+05 4.544853e+03 4.801534e+03 -1.727230e+05 8.528066e+01 1.349890e+05 -1.602544e+05 4.621221e+03 5.007127e+03 1.727575e+05 -1.726825e+05 3.083088e+03 1.602148e+05 4.826651e+03 6.548206e+01 -1.038937e+05 5.926071e+03 1.968682e+05 -1.967814e+05 3.367180e+03 -1.826180e+05 -5.721760e+03 2.258629e+02 1.184275e+05 -1.967795e+05 -4.134495e+03 -4.043964e+03 1.515698e+05 3.752238e+02 1.184233e+05 -1.405952e+05 3.884898e+03
4.747475e-03 2.713240e+05 5.184048e+03 5.471803e+03 -2.054016e+05 3.586336e+02 1.634154e+05 -1.908562e+05 5.244315e+03 5.722842e+03 2.054467e+05 -2.089418e+05 3.515386e+03 1.908056e+05 5.495062e+03 2.535057e+02 -1.257704e+05 6.762777e+03 2.341184e+05 -2.380998e+05 3.846749e+03 -2.174893e+05 -6.504737e+03 3.202550e+01 1.433653e+05 -2.380976e+05 -4.708480e+03 -4.615889e+03 1.802472e+05 6.355078e+02 1.433604e+05 -1.674405e+05 4.415319e+03
4.949495e-03 3.350595e+05 6.050218e+03 6.322444e+03 -2.498602e+05 7.551569e+02 2.019094e+05 -2.324637e+05 6.029534e+03 6.636164e+03 2.499199e+05 -2.580253e+05 4.101089e+03 2.323979e+05 6.342768e+03 5.261098e+02 -1.553948e+05 7.827455e+03 2.847967e+05 -2.940318e+05 4.499120e+03 -2.649019e+05 -7.494879e+03 -2.550694e+02 1.771352e+05 -2.940292e+05 -5.483655e+03 -5.343950e+03 2.192623e+05 1.006999e+03 1.771291e+05 -2.039405e+05 5.085825e+03
5.151515e-03 4.254563e+05 7.286144e+03 7.454295e+03 -3.131813e+05 1.359447e+03 2.565242e+05 -2.916608e+05 7.066550e+03 7.859156e+03 3.132619e+05 -3.276414e+05 4.936708e+03 2.915730e+05 7.470623e+03 9.413218e+02 -1.974253e+05 9.248470e+03 3.569764e+05 -3.733610e+05 5.433810e+03 -3.323577e+05 -8.807812e+03 -7.008426e+02 2.250472e+05 -3.733578e+05 -6.585782e+03 -6.316124e+03 2.748304e+05 1.564637e+03 2.250396e+05 -2.558706e+05 5.974571e+03
5.353535e-03 5.627726e+05 9.192247e+03 9.072651e+03 -4.097255e+05 2.351667e+03 3.395111e+05 -3.817520e+05 8.538101e+03 9.620835e+03 4.098385e+05 -4.333914e+05 6.225350e+03 3.816303e+05 9.084991e+03 1.622662e+03 -2.612899e+05 1.128768e+04 4.670274e+05 -4.938654e+05 6.881642e+03 -4.350178e+05 -1.067967e+04 -1.445120e+03 2.978490e+05 -4.938613e+05 -8.279119e+03 -7.711883e+03 3.595539e+05 2.467444e+03 2.978390e+05 -3.349021e+05 7.241176e+03
5.555556e-03 7.970196e+05 1.255014e+04 1.169529e+04 -5.750256e+05 4.203645e+03 4.811120e+05 -5.355080e+05 1.090664e+04 1.250083e+04 5.751944e+05 -6.137903e+05 8.495609e+03 5.353280e+05 1.170993e+04 2.893441e+03 -3.702619e+05 1.460683e+04 6.554537e+05 -6.994335e+05 9.444102e+03 -6.102244e+05 -1.370908e+04 -2.855099e+03 4.220708e+05 -6.994277e+05 -1.125044e+04 -9.984658e+03 5.046151e+05 4.130685e+03 4.220565e+05 -4.697825e+05 9.290372e+03
5.757576e-03 1.316145e+06 2.051426e+04 1.735412e+04 -9.430384e+05 8.818236e+03 7.949592e+05 -8.756781e+05 1.599876e+04 1.878040e+04 9.433315e+05 -1.013581e+06 1.388169e+04 8.753677e+05 1.742045e+04 6.056697e+03 -6.117894e+05 2.180723e+04 1.074953e+06 -1.155003e+06 1.555193e+04 -9.978512e+05 -2.026321e+04 -6.414227e+03 6.973989e+05 -1.154993e+06 -1.826918e+04 -1.491621e+04 8.275698e+05 8.225554e+03 6.973744e+05 -7.681916e+05 1.372317e+04
5.959596e-03 6.006079e+06 1.030580e+05 7.026904e+04 -4.292351e+06 5.817620e+04 3.629948e+06 -3.931307e+06 6.385941e+04 7.819623e+04 4.293745e+06 -4.625404e+06 6.974474e+04 3.929831e+06 7.175781e+04 3.984315e+04 -2.793528e+06 8.956755e+04 4.892820e+06 -5.270752e+06 7.917239e+04 -4.479769e+06 -8.225913e+04 -4.487100e+04 3.184459e+06 -5.270698e+06 -9.074311e+04 -6.131016e+04 3.766798e+06 5.158200e+04 3.184328e+06 -3.448699e+06 5.566641e+04
6.161616e-03 1.020547e+06 5.029017e+03 9.872061e+03 -7.113910e+05 -3.083946e+02 6.172429e+05 -7.018659e+05 8.709400e+03 1.009365e+04 7.116443e+05 -7.859500e+05 3.363803e+03 7.016099e+05 8.929866e+03 -1.553693e+02 -4.750004e+05 1.203190e+04 8.109300e+05 -8.956008e+05 3.483202e+03 -7.997849e+05 -1.070729e+04 7.985278e+02 5.414726e+05 -8.955987e+05 -4.763363e+03 -8.255178e+03 6.242928e+05 3.506237e+02 5.414699e+05 -6.157111e+05 7.234134e+03
6.363636e-03 -4.987295e+05 -1.836985e+04 -4.375683e+03 3.672453e+05 -1.561203e+04 -3.017913e+05 2.950607e+05 -3.817534e+03 -6.072561e+03 -3.673690e+05 3.840907e+05 -1.245556e+04 -2.949247e+05 -5.506602e+03 -1.063734e+04 2.322502e+05 -6.299723e+03 -4.186203e+05 4.376764e+05 -1.460437e+04 3.362180e+05 5.660282e+03 1.284436e+04 -2.647603e+05 4.376684e+05 1.570950e+04 4.317483e+03 -3.222833e+05 -1.297734e+04 -2.647333e+05 2.588217e+05 -3.823595e+03
6.565657e-03 -2.999988e+06 -4.147079e+04 -1.959170e+04 2.115600e+06 -3.263739e+04 -1.816822e+06 1.964005e+06 -1.595153e+04 -2.329072e+04 -2.116401e+06 2.310422e+06 -2.800247e+04 -1.963182e+06 -1.963121e+04 -2.235468e+04 1.398111e+06 -2.579566e+04 -2.411643e+06 2.632731e+06 -3.240496e+04 2.237975e+06 2.163865e+04 2.633637e+04 -1.593803e+06 2.632717e+06 3.589746e+04 1.776635e+04 -1.856601e+06 -2.777773e+04 -1.593746e+06 1.722851e+06 -1.456257e+04
6.767677e-03 -3.577197e+07 -2.277950e+05 -1.685247e+05 2.482982e+07 -1.806177e+05 -2.167998e+07 2.402667e+07 -1.228040e+05 -1.889247e+05 -2.483994e+07 2.754997e+07 -1.525411e+05 -2.401646e+07 -1.430834e+05 -1.249544e+05 1.668307e+07 -2.143465e+05 -2.830484e+07 3.139288e+07 -1.744435e+05 2.737822e+07 1.621859e+05 1.435020e+05 -1.901831e+07 3.139299e+07 1.992849e+05 1.486122e+05 -2.179031e+07 -1.573834e+05 -1.901791e+07 2.107645e+07 -1.084374e+05
6.969697e-03 1.263701e+07 1.167602e+04 3.739680e+04 -8.665543e+06 1.285382e+04 7.664422e+06 -8.622183e+06 2.059286e+04 3.861435e+04 8.669194e+06 -9.732483e+06 7.104472e+03 8.618526e+06 2.180250e+04 9.560895e+03 -5.897810e+06 4.526843e+04 9.878465e+06 -1.109007e+07 7.239417e+03 -9.824879e+06 -2.611421e+04 -9.472137e+03 6.723345e+06 -1.109005e+07 -1.110317e+04 -3.184249e+04 7.604752e+06 1.270193e+04 6.723337e+06 -7.563505e+06 1.709486e+04
7.171717e-03 3.813401e+07 -5.653013e+04 4.571542e+04 -2.601141e+07 -5.235598e+03 2.314583e+07 -2.613927e+07 -7.012393e+03 4.260356e+04 2.602282e+07 -2.936951e+07 -4.103218e+04 2.612786e+07 -1.010286e+04 -9.261178e+02 -1.781052e+07 5.112768e+04 2.965258e+07 -3.346607e+07 -4.851340e+04 -2.978524e+07 8.952493e+03 3.942447e+03 2.030365e+07 -3.346606e+07 4.785158e+04 -3.813112e+04 2.282737e+07 -1.707308e+03 2.030370e+07 -2.292958e+07 -8.124698e+03
7.373737e-03 -4.505626e+05 -2.727526e+04 8.501171e+02 3.504066e+05 -2.786488e+04 -2.736419e+05 2.494143e+05 1.460685e+03 -1.936402e+03 -3.505407e+05 3.470089e+05 -1.849415e+04 -2.492768e+05 -1.305190e+03 -1.895943e+04 2.105711e+05 -6.307836e+02 -3.994344e+05 3.954119e+05 -2.215097e+04 2.842002e+05 -7.645104e+01 2.335895e+04 -2.400617e+05 3.954080e+05 2.285881e+04 4.675338e+02 -3.075136e+05 -2.269852e+04 -2.400251e+05 2.187648e+05 7.761607e+01
7.575758e-03 1.688791e+06 -1.489170e+04 -4.704306e+03 -1.142457e+06 -8.092811e+03 1.026657e+06 -1.184216e+06 -7.249689e+03 -5.874549e+03 1.142999e+06 -1.300681e+06 -1.024305e+04 1.183674e+06 -8.410754e+03 -5.367247e+03 -7.899678e+05 -6.518915e+03 1.302413e+06 -1.482086e+06 -1.178572e+04 -1.349379e+06 9.414834e+03 6.303624e+03 9.005629e+05 -1.482087e+06 1.295480e+04 4.263283e+03 1.002622e+06 -6.914117e+03 9.005780e+05 -1.038794e+06 -6.492777e+03
7.777778e-03 3.234234e+06 -1.134208e+03 -1.583815e+04 -2.232727e+06 1.493634e+04 1.967702e+06 -2.210225e+06 -2.085384e+04 -1.514913e+04 2.233795e+06 -2.490986e+06 -1.029593e+03 2.209157e+06 -2.017101e+04 1.040278e+04 -1.514043e+06 -1.898731e+04 2.545329e+06 -2.838388e+06 3.602514e+01 -2.518468e+06 2.470664e+04 -1.376139e+04 1.726035e+06 -2.838383e+06 2.205117e+03 1.257077e+04 1.959454e+06 1.120070e+04 1.726030e+06 -1.938772e+06 -1.697571e+04
7.979798e-03 9.599413e+06 4.726766e+04 -6.640758e+04 -6.707145e+06 1.039939e+05 5.844946e+06 -6.455603e+06 -8.175398e+04 -5.874136e+04 6.710420e+06 -7.393504e+06 3.128740e+04 6.452342e+06 -7.415856e+04 7.142244e+04 -4.497316e+06 -7.647029e+04 7.646240e+06 -8.424583e+06 4.233745e+04 -7.355856e+06 9.399609e+04 -9.182808e+04 5.127077e+06 -8.424549e+06 -3.479261e+04 5.093459e+04 5.886262e+06 8.082120e+04 5.127010e+06 -5.662667e+06 -6.443850e+04
8.181818e-03 -7.942520e+06 -7.607421e+04 7.061947e+04 5.602857e+06 -1.300013e+05 -4.839984e+06 5.266565e+06 8.365803e+04 6.012827e+04 -5.605622e+06 6.117399e+06 -5.095031e+04 -5.263831e+06 7.326812e+04 -8.896206e+04 3.724037e+06 7.976323e+04 -6.387328e+06 6.970473e+06 -6.596561e+04 6.000996e+06 -9.467308e+04 1.135939e+05 -4.245558e+06 6.970481e+06 5.884971e+04 -5.331186e+04 -4.917157e+06 -1.018649e+05 -4.245443e+06 4.619617e+06 6.480679e+04
8.383838e-03 -1.931564e+06 -2.938680e+04 2.081156e+04 1.375646e+06 -4.398297e+04 -1.178013e+06 1.258452e+06 2.406524e+04 1.706176e+04 -1.376341e+06 1.487728e+06 -1.977117e+04 -1.257772e+06 2.035364e+04 -3.003606e+04 9.063922e+05 2.308285e+04 -1.568261e+06 1.695181e+06 -2.509430e+04 1.433934e+06 -2.680985e+04 3.815127e+04 -1.033334e+06 1.695182e+06 2.322295e+04 -1.545954e+04 -1.207297e+06 -3.467332e+04 -1.033297e+06 1.103847e+06 1.833469e+04
8.585859e-03 1.711465e+06 1.166442e+04 -2.266762e+04 -1.210861e+06 2.707533e+04 1.044747e+06 -1.151179e+06 -2.569603e+04 -2.069658e+04 1.211494e+06 -1.318221e+06 7.751585e+03 1.150555e+06 -2.374654e+04 1.854392e+04 -8.038266e+05 -2.640140e+04 1.380421e+06 -1.502029e+06 1.085058e+04 -1.311696e+06 2.986187e+04 -2.417371e+04 9.164126e+05 -1.502028e+06 -8.217887e+03 1.772251e+04 1.062684e+06 2.071811e+04 9.163955e+05 -1.009759e+06 -2.039298e+04
8.787879e-03 9.342329e+05 4.972370e+03 -1.450810e+04 -6.625568e+05 1.440857e+04 5.708064e+05 -6.335850e+05 -1.622331e+04 -1.352394e+04 6.629114e+05 -7.195830e+05 3.279785e+03 6.332358e+05 -1.525056e+04 9.873836e+03 -4.391682e+05 -1.705744e+04 7.553422e+05 -8.199137e+05 4.928846e+03 -7.219267e+05 1.901635e+04 -1.302700e+04 5.006841e+05 -8.199140e+05 -3.171584e+03 1.146357e+04 5.814810e+05 1.086912e+04 5.006762e+05 -5.557480e+05 -1.297622e+04
8.989899e-03 6.413021e+05 2.824354e+03 -1.144411e+04 -4.564022e+05 9.975744e+03 3.921867e+05 -4.378184e+05 -1.266413e+04 -1.079537e+04 4.566518e+05 -4.939625e+05 1.848384e+03 4.375728e+05 -1.202335e+04 6.837785e+03 -3.017351e+05 -1.352760e+04 5.203207e+05 -5.628315e+05 3.002175e+03 -4.988616e+05 1.492042e+04 -9.111939e+03 3.440037e+05 -5.628320e+05 -1.582258e+03 9.098647e+03 4.005555e+05 7.434418e+03 3.439989e+05 -3.840301e+05 -1.017494e+04
9.191919e-03 4.791068e+05 1.764166e+03 -9.679562e+03 -3.423605e+05 7.597793e+03 2.932689e+05 -3.291543e+05 -1.062334e+04 -9.206077e+03 3.425516e+05 -3.690364e+05 1.143657e+03 3.289665e+05 -1.015599e+04 5.208552e+03 -2.256264e+05 -1.148448e+04 3.903099e+05 -4.204854e+05 2.036612e+03 -3.750450e+05 1.256151e+04 -7.004306e+03 2.572360e+05 -4.204859e+05 -8.144633e+02 7.728905e+03 3.004701e+05 5.598681e+03 2.572327e+05 -2.887148e+05 -8.561838e+03
9.393939e-03 3.754972e+05 1.148937e+03 -8.488688e+03 -2.695281e+05 6.097983e+03 2.300652e+05 -2.595931e+05 -9.254167e+03 -8.123030e+03 2.696815e+05 -2.892340e+05 7.357184e+02 2.594425e+05 -8.893498e+03 4.180749e+03 -1.769968e+05 -1.009972e+04 3.072787e+05 -3.295552e+05 1.466689e+03 -2.957842e+05 1.097292e+04 -5.670463e+03 2.017958e+05 -3.295558e+05 -3.796794e+02 6.799830e+03 2.365507e+05 4.445126e+03 2.017935e+05 -2.276990e+05 -7.475721e+03
9.595960e-03 3.038720e+05 7.589400e+02 -7.613609e+03 -2.191686e+05 5.063552e+03 1.863598e+05 -2.114095e+05 -8.254354e+03 -7.320577e+03 2.192956e+05 -2.340664e+05 4.777933e+02 2.112848e+05 -7.965525e+03 3.471769e+03 -1.433698e+05 -9.078521e+03 2.498671e+05 -2.666951e+05 1.098551e+03 -2.408818e+05 9.809124e+03 -4.747509e+03 1.634590e+05 -2.666957e+05 -1.116945e+02 6.114141e+03 1.923540e+05 3.652391e+03 1.634573e+05 -1.854347e+05 -6.680191e+03
9.797980e-03 2.517354e+05 4.974408e+02 -6.935279e+03 -1.824922e+05 4.307580e+03 1.545362e+05 -1.762668e+05 -7.484062e+03 -6.694124e+03 1.825998e+05 -1.939093e+05 3.053303e+02 1.761613e+05 -7.246539e+03 2.953595e+03 -1.188848e+05 -8.284512e+03 2.080546e+05 -2.209387e+05 8.465256e+02 -2.008390e+05 8.909970e+03 -4.070916e+03 1.355447e+05 -2.209393e+05 6.226029e+01 5.580599e+03 1.601658e+05 3.075090e+03 1.355435e+05 -1.546093e+05 -6.065680e+03
1.000000e-02 2.123532e+05 3.151765e+02 -6.389727e+03 -1.547662e+05 3.731969e+03 1.304897e+05 -1.496675e+05 -6.868116e+03 -6.187212e+03 1.548590e+05 -1.635759e+05 1.854890e+02 1.495766e+05 -6.668798e+03 2.559027e+03 -1.003835e+05 -7.644260e+03 1.764458e+05 -1.863757e+05 6.667817e+02 -1.705308e+05 8.189222e+03 -3.554229e+03 1.144521e+05 -1.863763e+05 1.790048e+02 5.150072e+03 1.358328e+05 2.637012e+03 1.144512e+05 -1.312779e+05 -5.573183e+03
