-1.000000e-02 -2.167340e+05 7.193608e+02 6.660904e+03 -1.649988e+05 3.551857e+03 -1.472245e+05 -1.606607e+05 7.062911e+03 6.445992e+03 1.650778e+05 1.669367e+05 4.640166e+02 1.605838e+05 6.850677e+03 2.432471e+03 1.132799e+05 7.961174e+03 1.880957e+05 1.902127e+05 1.016295e+03 -1.830634e+05 -8.419199e+03 -3.411216e+03 -1.291424e+05 1.902136e+05 -1.435919e+02 -5.371106e+03 1.448083e+05 2.477725e+03 -1.291422e+05 -1.409331e+05 5.726591e+03
-9.797980e-03 -2.586719e+05 9.671779e+02 7.264584e+03 -1.959105e+05 4.140800e+03 -1.755758e+05 -1.905740e+05 7.728745e+03 7.006732e+03 1.960027e+05 1.992366e+05 6.287766e+02 1.904841e+05 7.473955e+03 2.835651e+03 1.350966e+05 8.668775e+03 2.233336e+05 2.270173e+05 1.253673e+03 -2.171487e+05 -9.197870e+03 -3.941048e+03 -1.540129e+05 2.270184e+05 -3.114160e+02 -5.848017e+03 1.719364e+05 2.924166e+03 -1.540124e+05 -1.671736e+05 6.258220e+03
-9.595960e-03 -3.149407e+05 1.320052e+03 8.025473e+03 -2.373535e+05 4.927973e+03 -2.136053e+05 -2.306379e+05 8.571928e+03 7.709099e+03 2.374633e+05 2.425737e+05 8.637535e+02 2.305309e+05 8.259131e+03 3.374495e+03 1.643611e+05 9.558211e+03 2.705768e+05 2.763987e+05 1.586096e+03 -2.628005e+05 -1.018139e+04 -4.646727e+03 -1.873734e+05 2.763999e+05 -5.563970e+02 -6.447140e+03 2.083068e+05 3.523314e+03 -1.873726e+05 -2.023185e+05 6.929806e+03
-9.393939e-03 -3.936526e+05 1.846259e+03 9.025697e+03 -2.952961e+05 6.030274e+03 -2.667900e+05 -2.865846e+05 9.685827e+03 8.625716e+03 2.954302e+05 3.031958e+05 1.214686e+03 2.864537e+05 9.290142e+03 4.128972e+03 2.052881e+05 1.072368e+04 3.366285e+05 3.454760e+05 2.074126e+03 -3.265504e+05 -1.147682e+04 -5.631278e+03 -2.340286e+05 3.454773e+05 -9.300084e+02 -7.231734e+03 2.591572e+05 4.365854e+03 -2.340274e+05 -2.513962e+05 7.814508e+03
-9.191919e-03 -5.105496e+05 2.685702e+03 1.042576e+04 -3.813297e+05 7.681798e+03 -3.457588e+05 -3.695277e+05 1.125277e+04 9.897884e+03 3.814995e+05 3.932270e+05 1.775364e+03 3.693618e+05 1.073027e+04 5.259185e+03 2.660568e+05 1.234891e+04 4.347023e+05 4.480642e+05 2.841383e+03 -4.210622e+05 -1.329281e+04 -7.100725e+03 -3.033024e+05 4.480658e+05 -1.538270e+03 -8.325164e+03 3.346600e+05 5.633636e+03 -3.033006e+05 -3.241559e+05 9.054928e+03
-8.989899e-03 -7.017069e+05 4.180225e+03 1.260204e+04 -5.220469e+05 1.044236e+04 -4.748706e+05 -5.049090e+05 1.369931e+04 1.185568e+04 5.222746e+05 5.404512e+05 2.775116e+03 5.046862e+05 1.296014e+04 7.147896e+03 3.654124e+05 1.486390e+04 5.951123e+05 6.158228e+05 4.188974e+03 -5.753263e+05 -1.611675e+04 -9.547162e+03 -4.165638e+05 6.158246e+05 -2.641374e+03 -1.001623e+04 4.581528e+05 7.762005e+03 -4.165607e+05 -4.429158e+05 1.098410e+04
-8.787879e-03 -1.080849e+06 7.494101e+03 1.679560e+04 -8.014047e+05 1.618136e+04 -7.309272e+05 -7.728215e+05 1.842577e+04 1.558436e+04 8.017466e+05 8.324559e+05 4.995601e+03 7.724865e+05 1.722555e+04 1.107284e+04 5.624568e+05 1.968444e+04 9.135644e+05 9.485556e+05 7.139987e+03 -8.806071e+05 -2.154653e+04 -1.461232e+04 -6.411859e+05 9.485581e+05 -5.128626e+03 -1.325610e+04 7.033158e+05 1.220577e+04 -6.411803e+05 -6.779356e+05 1.469364e+04
-8.585859e-03 -2.731729e+06 2.494793e+04 3.586309e+04 -2.021290e+06 4.431118e+04 -1.846034e+06 -1.935002e+06 3.982777e+04 3.230988e+04 2.022132e+06 2.103921e+06 1.671570e+04 1.934178e+06 3.630496e+04 3.029603e+04 1.420569e+06 4.146276e+04 2.304165e+06 2.397359e+06 2.250507e+04 -2.204887e+06 -4.599472e+04 -3.933409e+04 -1.619398e+06 2.397365e+06 -1.843491e+04 -2.789479e+04 1.773883e+06 3.407500e+04 -1.619379e+06 -1.697430e+06 3.139144e+04
-8.383838e-03 1.827633e+06 -2.932587e+04 -1.945721e+04 1.355731e+06 -4.020904e+04 1.234186e+06 1.266127e+06 -2.198904e+04 -1.587855e+04 -1.356280e+06 -1.407589e+06 -1.976912e+04 -1.265593e+06 -1.843897e+04 -2.743548e+04 -9.497594e+05 -2.150916e+04 -1.545448e+06 -1.603916e+06 -2.503799e+04 1.442727e+06 2.440892e+04 3.479608e+04 1.082683e+06 -1.603922e+06 2.322365e+04 1.444468e+04 -1.189783e+06 -3.175312e+04 1.082661e+06 1.110675e+06 -1.668121e+04
-8.181818e-03 3.554907e+06 -4.130524e+04 -3.063695e+04 2.622228e+06 -5.995187e+04 2.399049e+06 2.488677e+06 -3.542423e+04 -2.543955e+04 -2.623262e+06 -2.737856e+06 -2.778576e+04 -2.487660e+06 -3.026610e+04 -4.096242e+04 -1.846186e+06 -3.416504e+04 -2.989164e+06 -3.119743e+06 -3.545844e+04 2.835814e+06 3.964095e+04 5.206411e+04 2.104558e+06 -3.119751e+06 3.245051e+04 2.289945e+04 -2.301242e+06 -4.722488e+04 2.104522e+06 2.183141e+06 -2.712050e+04
-7.979798e-03 8.981943e+06 -6.976161e+04 -5.872216e+04 6.586413e+06 -1.098426e+05 6.057635e+06 6.344088e+06 -7.044730e+04 -4.952820e+04 -6.588938e+06 -6.917477e+06 -4.674805e+04 -6.341585e+06 -6.131869e+04 -7.520835e+04 -4.661693e+06 -6.605452e+04 -7.508031e+06 -7.882400e+06 -6.030087e+04 7.229046e+06 7.945128e+04 9.576773e+04 5.314059e+06 -7.882420e+06 5.418710e+04 4.412663e+04 -5.780139e+06 -8.632748e+04 5.313984e+06 5.565266e+06 -5.444862e+04
-7.777778e-03 -5.384995e+07 2.111184e+05 2.407019e+05 -3.922079e+07 4.017128e+05 -3.629002e+07 -3.837473e+07 3.045815e+05 2.094632e+05 3.923126e+07 4.146765e+07 1.400505e+05 3.836443e+07 2.734961e+05 2.761164e+05 2.793049e+07 2.753366e+05 4.470389e+07 4.725224e+07 1.863016e+05 -4.373290e+07 -3.481824e+05 -3.532388e+05 -3.183891e+07 4.725767e+07 -1.585519e+05 -1.830097e+05 3.441940e+07 3.139258e+05 -3.183520e+07 -3.366401e+07 2.391656e+05
-7.575758e-03 -2.095465e+07 2.344759e+04 4.763818e+04 -1.516962e+07 8.014926e+04 -1.411469e+07 -1.502661e+07 7.327654e+04 4.237152e+04 1.517521e+07 1.613805e+07 1.460528e+04 1.502101e+07 6.804327e+04 5.575634e+04 1.086225e+07 5.559587e+04 1.729219e+07 1.838935e+07 2.195159e+04 -1.712281e+07 -8.483438e+04 -7.128524e+04 -1.238214e+07 1.838930e+07 -1.526629e+04 -3.617378e+04 1.331250e+07 6.258665e+04 -1.238213e+07 -1.318211e+07 5.868695e+04
-7.373737e-03 -3.555936e+07 -2.992176e+04 4.476678e+03 -2.560326e+07 3.098574e+04 -2.393745e+07 -2.561117e+07 4.636955e+04 4.432907e+03 2.561244e+07 2.738547e+07 -2.245413e+04 2.560198e+07 4.632627e+04 2.317706e+04 1.842182e+07 7.182745e+03 2.918557e+07 3.120594e+07 -2.404420e+04 -2.918408e+07 -5.492796e+04 -2.868878e+04 -2.099931e+07 3.120591e+07 2.780147e+04 -2.287155e+03 2.246871e+07 2.491439e+04 -2.099933e+07 -2.246762e+07 3.904657e+04
-7.171717e-03 1.280544e+07 -4.530955e+04 2.274720e+04 9.280849e+06 -5.334646e+04 8.615000e+06 9.133743e+06 8.277083e+03 2.776180e+04 -9.284044e+06 -9.861812e+06 -3.005114e+04 -9.130538e+06 1.326495e+04 -3.696850e+04 -6.630042e+06 2.996196e+04 -1.057928e+07 -1.123765e+07 -3.543967e+04 1.040801e+07 -1.345651e+04 4.392247e+04 7.557659e+06 -1.123765e+07 3.856575e+04 -2.125063e+04 -8.144584e+06 -4.501777e+04 7.557605e+06 8.012674e+06 8.541995e+03
-6.969697e-03 3.213165e+06 -3.387476e+04 1.175714e+04 2.354437e+06 -3.202028e+04 2.160396e+06 2.251741e+06 8.288849e+03 1.510302e+04 -2.355208e+06 -2.474524e+06 -2.284061e+04 -2.250959e+06 1.161847e+04 -2.192805e+04 -1.662654e+06 1.611317e+04 -2.683799e+06 -2.819764e+06 -2.680697e+04 2.565893e+06 -1.215219e+04 2.617125e+04 1.895272e+06 -2.819759e+06 2.894729e+04 -1.116248e+04 -2.066170e+06 -2.691537e+04 1.895237e+06 1.975365e+06 8.111700e+03
-6.767677e-03 1.229514e+06 -2.490887e+04 6.939790e+03 9.136544e+05 -2.247339e+04 8.261770e+05 8.371846e+05 5.680865e+03 9.343594e+03 -9.139359e+05 -9.468670e+05 -1.686145e+04 -8.368926e+05 8.074113e+03 -1.533279e+04 -6.358441e+05 9.803957e+03 -1.041450e+06 -1.078977e+06 -1.981047e+04 9.539863e+05 -8.364113e+03 1.838796e+04 7.248022e+05 -1.078972e+06 2.126235e+04 -6.739523e+03 -8.017866e+05 -1.880544e+04 7.247759e+05 7.344267e+05 5.629747e+03
-6.565657e-03 3.785579e+05 -1.719435e+04 3.038824e+03 2.904145e+05 -1.563118e+04 2.542080e+05 2.355553e+05 2.682049e+03 4.703967e+03 -2.904951e+05 -2.915320e+05 -1.166546e+04 -2.354656e+05 4.340682e+03 -1.064009e+04 -1.956517e+05 4.672191e+03 -3.310270e+05 -3.322094e+05 -1.377784e+04 2.684179e+05 -4.262594e+03 1.287749e+04 2.230255e+05 -3.322049e+05 1.460409e+04 -3.196673e+03 -2.548548e+05 -1.296418e+04 2.230062e+05 2.066368e+05 2.880286e+03
-6.363636e-03 -2.274019e+05 -8.291755e+03 -1.807143e+03 -1.582836e+05 -8.711044e+03 -1.526707e+05 -1.878940e+05 -1.571044e+03 -9.409109e+02 1.583354e+05 1.751203e+05 -5.645337e+03 1.878478e+05 -7.077301e+02 -5.909309e+03 1.174944e+05 -1.652701e+03 1.804290e+05 1.995553e+05 -6.840634e+03 -2.141139e+05 1.385079e+03 7.373813e+03 -1.339276e+05 1.995578e+05 6.868707e+03 1.138805e+03 1.389022e+05 -7.004370e+03 -1.339385e+05 -1.648449e+05 -9.331777e+02
-6.161616e-03 -1.178414e+06 9.832159e+03 -1.280405e+04 -8.690718e+05 3.899005e+03 -7.905920e+05 -8.454210e+05 -1.171586e+04 -1.348025e+04 8.693127e+05 9.074885e+05 6.630910e+03 8.451738e+05 -1.238980e+04 2.701502e+03 6.084724e+05 -1.586173e+04 9.906168e+05 1.034119e+06 7.205650e+03 -9.633875e+05 1.462167e+04 -2.523541e+03 -6.935843e+05 1.034115e+06 -8.978852e+03 1.085075e+04 7.626519e+05 3.976205e+03 -6.935767e+05 -7.416831e+05 -9.894312e+03
-5.959596e-03 -1.917882e+06 2.963046e+04 -2.460637e+04 -1.431465e+06 1.684394e+04 -1.286000e+06 -1.347233e+06 -2.293143e+04 -2.691722e+04 1.431835e+06 1.476939e+06 2.006032e+04 1.346840e+06 -2.523595e+04 1.152821e+04 9.897791e+05 -3.111149e+04 1.631640e+06 1.683037e+06 2.255319e+04 -1.535222e+06 2.920267e+04 -1.264824e+04 -1.128225e+06 1.683026e+06 -2.630857e+04 2.125577e+04 1.256173e+06 1.526932e+04 -1.128195e+06 -1.181919e+06 -1.978133e+04
-5.757576e-03 -9.483796e+05 1.414531e+04 -1.367688e+04 -7.118874e+05 6.629364e+03 -6.356077e+05 -6.732157e+05 -1.288064e+04 -1.469968e+04 7.120619e+05 7.303306e+05 9.578156e+03 6.730293e+05 -1.390100e+04 4.543496e+03 4.892046e+05 -1.713895e+04 8.114299e+05 8.322471e+05 1.064354e+04 -7.671576e+05 1.623227e+04 -4.737004e+03 -5.576292e+05 8.322420e+05 -1.268442e+04 1.170325e+04 6.247099e+05 6.257748e+03 -5.576154e+05 -5.906144e+05 -1.100234e+04
-5.555556e-03 -6.334608e+05 9.621487e+03 -1.012543e+04 -4.792759e+05 3.743701e+03 -4.243458e+05 -4.537041e+05 -9.615120e+03 -1.077650e+04 4.793867e+05 4.878135e+05 6.517277e+03 4.535846e+05 -1.026487e+04 2.568460e+03 3.266072e+05 -1.262696e+04 5.462873e+05 5.558894e+05 7.184296e+03 -5.170168e+05 1.204632e+04 -2.526933e+03 -3.722876e+05 5.558858e+05 -8.685787e+03 8.618550e+03 4.205823e+05 3.684980e+03 -3.722785e+05 -3.980401e+05 -8.169244e+03
-5.353535e-03 -4.653566e+05 7.320191e+03 -8.143524e+03 -3.555177e+05 2.337605e+03 -3.115916e+05 -3.365243e+05 -7.784067e+03 -8.608421e+03 3.555947e+05 3.583578e+05 4.960397e+03 3.364403e+05 -8.248177e+03 1.605521e+03 2.398258e+05 -1.012152e+04 4.052213e+05 4.083692e+05 5.434090e+03 -3.834865e+05 9.712862e+03 -1.463590e+03 -2.733674e+05 4.083665e+05 -6.642359e+03 6.906161e+03 3.119787e+05 2.417154e+03 -2.733606e+05 -2.952399e+05 -6.589573e+03
-5.151515e-03 -3.598616e+05 5.911136e+03 -6.824097e+03 -2.780984e+05 1.516750e+03 -2.408473e+05 -2.630858e+05 -6.557679e+03 -7.176864e+03 2.781544e+05 2.771172e+05 4.007129e+03 2.630237e+05 -6.909967e+03 1.043128e+03 1.853772e+05 -8.460400e+03 3.169748e+05 3.157922e+05 4.367999e+03 -2.998007e+05 8.157795e+03 -8.514696e+02 -2.113028e+05 3.157899e+05 -5.385642e+03 5.771251e+03 2.440397e+05 1.668101e+03 -2.112975e+05 -2.308132e+05 -5.536513e+03
-4.949495e-03 -2.876997e+05 4.959176e+03 -5.861453e+03 -2.253275e+05 9.894066e+02 -1.924682e+05 -2.129753e+05 -5.657368e+03 -6.139691e+03 2.253695e+05 2.215463e+05 3.363044e+03 2.129280e+05 -5.935316e+03 6.817017e+02 1.481418e+05 -7.252655e+03 2.568241e+05 2.524666e+05 3.651292e+03 -2.426979e+05 7.021077e+03 -4.642039e+02 -1.688592e+05 2.524647e+05 -4.532991e+03 4.946391e+03 1.977310e+05 1.180764e+03 -1.688549e+05 -1.868518e+05 -4.766487e+03
-4.747475e-03 -2.355256e+05 4.274752e+03 -5.117958e+03 -1.873334e+05 6.294783e+02 -1.574991e+05 -1.768745e+05 -4.957899e+03 -5.343436e+03 1.873654e+05 1.813679e+05 2.899909e+03 1.768377e+05 -5.183212e+03 4.349422e+02 1.212274e+05 -6.322609e+03 2.135167e+05 2.066814e+05 3.138417e+03 -2.015596e+05 6.141182e+03 -2.042457e+02 -1.381803e+05 2.066798e+05 -3.917484e+03 4.311406e+03 1.643895e+05 8.436942e+02 -1.381767e+05 -1.551809e+05 -4.170235e+03
-4.545455e-03 -1.962812e+05 3.760922e+03 -4.520728e+03 -1.589014e+05 3.732255e+02 -1.312037e+05 -1.498503e+05 -4.392950e+03 -4.707156e+03 1.589260e+05 1.511466e+05 2.552158e+03 1.498212e+05 -4.579297e+03 2.592129e+02 1.009887e+05 -5.577434e+03 1.811086e+05 1.722427e+05 2.755087e+03 -1.707643e+05 5.432765e+03 -2.247210e+01 -1.151109e+05 1.722412e+05 -3.453622e+03 3.802795e+03 1.394392e+05 6.003579e+02 -1.151078e+05 -1.314726e+05 -3.690026e+03
-4.343434e-03 -1.658586e+05 3.362654e+03 -4.026879e+03 -1.369997e+05 1.849889e+02 -1.108255e+05 -1.290301e+05 -3.923447e+03 -4.183419e+03 1.370189e+05 1.277189e+05 2.282571e+03 1.290069e+05 -4.079963e+03 1.300944e+02 8.530419e+04 -4.962625e+03 1.561442e+05 1.455455e+05 2.459218e+03 -1.470387e+05 4.845665e+03 1.084799e+02 -9.723269e+04 1.455443e+05 -3.092782e+03 3.383274e+03 1.202197e+05 4.189995e+02 -9.723003e+04 -1.132071e+05 -3.291928e+03
-4.141414e-03 -1.417000e+05 3.046301e+03 -3.609232e+03 -1.197429e+05 4.333462e+01 -9.464845e+04 -1.126249e+05 -3.524572e+03 -3.742280e+03 1.197577e+05 1.091150e+05 2.068395e+03 1.126062e+05 -3.657635e+03 3.290517e+01 7.285302e+04 -4.443704e+03 1.364742e+05 1.243454e+05 2.225137e+03 -1.283442e+05 4.348098e+03 2.049780e+02 -8.304012e+04 1.243443e+05 -2.805182e+03 3.029265e+03 1.050761e+05 2.804481e+02 -8.303780e+04 -9.881488e+04 -2.954441e+03
-3.939394e-03 -1.221300e+05 2.790115e+03 -3.249573e+03 -1.058971e+05 -6.533209e+01 -8.154833e+04 -9.946331e+04 -3.179650e+03 -3.363753e+03 1.059085e+05 9.404477e+04 1.894923e+03 9.944827e+04 -3.293872e+03 -4.166854e+01 6.277007e+04 -3.997613e+03 1.206923e+05 1.071720e+05 2.036287e+03 -1.133460e+05 3.918761e+03 2.773487e+02 -7.154701e+04 1.071710e+05 -2.571534e+03 2.725001e+03 9.292597e+04 1.724871e+02 -7.154497e+04 -8.726822e+04 -2.663151e+03
-3.737374e-03 -1.060067e+05 2.579415e+03 -2.935158e+03 -9.462266e+04 -1.500032e+02 -7.075910e+04 -8.874740e+04 -2.876978e+03 -3.033903e+03 9.463137e+04 8.162880e+04 1.752227e+03 8.873525e+04 -2.975784e+03 -9.978834e+01 5.446570e+04 -3.608250e+03 1.078414e+05 9.302317e+04 1.881517e+03 -1.011347e+05 3.542738e+03 3.323832e+02 -6.208128e+04 9.302228e+04 -2.378793e+03 2.459473e+03 8.303228e+04 8.699571e+01 -6.207947e+04 -7.786712e+04 -2.407965e+03
-3.535354e-03 -9.252624e+04 2.403941e+03 -2.656755e+03 -8.532959e+04 -2.168302e+02 -6.174155e+04 -7.991620e+04 -2.608051e+03 -2.742675e+03 8.533611e+04 7.124804e+04 1.633368e+03 7.990639e+04 -2.694045e+03 -1.456700e+02 4.752493e+04 -3.263969e+03 9.724885e+04 8.119361e+04 1.753050e+03 -9.107103e+04 3.209214e+03 3.746989e+02 -5.416986e+04 8.119281e+04 -2.217826e+03 2.224721e+03 7.487731e+04 1.838959e+01 -5.416826e+04 -7.011947e+04 -2.181563e+03
-3.333333e-03 -8.110741e+04 2.256313e+03 -2.407481e+03 -7.759228e+04 -2.701392e+02 -5.410583e+04 -7.256491e+04 -2.366510e+03 -2.482595e+03 7.759700e+04 6.245491e+04 1.533353e+03 7.255703e+04 -2.441704e+03 -1.822790e+02 4.164770e+04 -2.956102e+03 8.842966e+04 7.117322e+04 1.645305e+03 -8.269383e+04 2.910116e+03 4.075224e+02 -4.747074e+04 7.117249e+04 -2.082046e+03 2.014824e+03 6.808758e+04 -3.728031e+01 -4.746931e+04 -6.367013e+04 -1.978482e+03
-3.131313e-03 -7.132018e+04 2.131093e+03 -2.182081e+03 -7.109690e+04 -3.130444e+02 -4.756356e+04 -6.639493e+04 -2.147479e+03 -2.247976e+03 7.110014e+04 5.491824e+04 1.448507e+03 6.638864e+04 -2.213458e+03 -2.117502e+02 3.661205e+04 -2.678042e+03 8.102606e+04 6.258463e+04 1.554181e+03 -7.566278e+04 2.639271e+03 4.331606e+02 -4.173092e+04 6.258398e+04 -1.966596e+03 1.825266e+03 6.238769e+04 -8.287261e+01 -4.172964e+04 -5.825716e+04 -1.794542e+03
-2.929293e-03 -6.284004e+04 2.024195e+03 -1.976455e+03 -6.560767e+04 -3.478318e+02 -4.189712e+04 -6.118190e+04 -1.947145e+03 -2.034396e+03 6.560967e+04 4.838813e+04 1.376066e+03 6.117693e+04 -2.005172e+03 -2.356509e+02 3.225051e+04 -2.424643e+03 7.476931e+04 5.514307e+04 1.476601e+03 -6.972222e+04 2.391859e+03 4.532948e+02 -3.675947e+04 5.514248e+04 -1.867815e+03 1.652532e+03 5.757073e+04 -1.204979e+02 -3.675833e+04 -5.368371e+04 -1.626479e+03
-2.727273e-03 -5.541773e+04 1.932496e+03 -1.787349e+03 -6.094461e+04 -3.762079e+02 -3.693939e+04 -5.675451e+04 -1.762470e+03 -1.838354e+03 6.094559e+04 4.267264e+04 1.313915e+03 5.675066e+04 -1.813560e+03 -2.551512e+02 2.843443e+04 -2.191824e+03 6.945427e+04 4.862981e+04 1.410220e+03 -6.467695e+04 2.164047e+03 4.691709e+02 -3.240979e+04 4.862927e+04 -1.782902e+03 1.493837e+03 5.347878e+04 -1.517411e+02 -3.240877e+04 -4.979951e+04 -1.471699e+03
-2.525253e-03 -4.885874e+04 1.853573e+03 -1.612134e+03 -5.696850e+04 -3.994650e+02 -3.255997e+04 -5.298023e+04 -1.590994e+03 -1.657031e+03 5.696861e+04 3.762197e+04 1.260417e+03 5.297731e+04 -1.635974e+03 -2.711375e+02 2.506346e+04 -1.976295e+03 6.492222e+04 4.287414e+04 1.353219e+03 -6.037591e+04 1.952736e+03 4.817254e+02 -2.856748e+04 4.287365e+04 -1.709678e+03 1.346935e+03 4.998963e+04 -1.778097e+02 -2.856656e+04 -4.648828e+04 -1.328102e+03
-2.323232e-03 -4.300906e+04 1.785524e+03 -1.448657e+03 -5.357032e+04 -4.185935e+02 -2.865563e+04 -4.975529e+04 -1.430694e+03 -1.488124e+03 5.356971e+04 3.311752e+04 1.214285e+03 4.975316e+04 -1.470240e+03 -2.842890e+02 2.205816e+04 -1.775365e+03 6.104893e+04 3.774092e+04 1.304177e+03 -5.670088e+04 1.755382e+03 4.916704e+02 -2.514196e+04 3.774049e+04 -1.646432e+03 1.209986e+03 4.700765e+04 -1.996350e+02 -2.514115e+04 -4.365899e+04 -1.193966e+03
-2.121212e-03 -3.774506e+04 1.726840e+03 -1.295130e+03 -5.066397e+04 -4.343611e+02 -2.514351e+04 -4.699771e+04 -1.279885e+03 -1.329724e+03 5.066275e+04 2.906408e+04 1.174497e+03 4.699625e+04 -1.314552e+03 -2.951322e+02 1.935473e+04 -1.586797e+03 5.773623e+04 3.312166e+04 1.261968e+03 -5.355844e+04 1.569869e+03 4.995535e+02 -2.206054e+04 3.312127e+04 -1.591802e+03 1.081468e+03 4.445727e+04 -2.179426e+02 -2.205982e+04 -4.123972e+04 -1.067856e+03
-1.919192e-03 -3.296618e+04 1.676317e+03 -1.150044e+03 -4.818087e+04 -4.473669e+02 -2.195623e+04 -4.464222e+04 -1.137142e+03 -1.180225e+03 4.817914e+04 2.538423e+04 1.140239e+03 4.464132e+04 -1.167391e+03 -3.040783e+02 1.690133e+04 -1.408714e+03 5.490597e+04 2.892811e+04 1.225693e+03 -5.087420e+04 1.394412e+03 5.057988e+02 -1.926412e+04 2.892776e+04 -1.544701e+03 9.600961e+02 4.227829e+04 -2.333029e+02 -1.926348e+04 -3.917320e+04 -9.485630e+02
-1.717172e-03 -2.858956e+04 1.632985e+03 -1.012115e+03 -4.606613e+04 -4.580824e+02 -1.903828e+04 -4.263654e+04 -1.001247e+03 -1.038265e+03 4.606396e+04 2.201414e+04 1.110854e+03 4.263612e+04 -1.027460e+03 -3.114506e+02 1.465522e+04 -1.239512e+03 5.249556e+04 2.508756e+04 1.194631e+03 -4.858859e+04 1.227487e+03 5.107374e+02 -1.670398e+04 2.508726e+04 -1.504251e+03 8.447790e+02 4.042256e+04 -2.461670e+02 -1.670343e+04 -3.741359e+04 -8.350546e+02
-1.515152e-03 -2.454605e+04 1.596064e+03 -8.802316e+02 -4.427564e+04 -4.668797e+02 -1.634333e+04 -4.093870e+04 -8.711467e+02 -9.026645e+02 4.427310e+04 1.890057e+04 1.085814e+03 4.093868e+04 -8.936357e+02 -3.175045e+02 1.258075e+04 -1.077810e+03 5.045474e+04 2.153933e+04 1.168202e+03 -4.665378e+04 1.067774e+03 5.146285e+02 -1.433949e+04 2.153907e+04 -1.469745e+03 7.345734e+02 3.885137e+04 -2.568929e+02 -1.433900e+04 -3.592404e+04 -7.264361e+02
-1.313131e-03 -2.077711e+04 1.564922e+03 -7.534214e+02 -4.277396e+04 -4.740530e+02 -1.383217e+04 -3.951496e+04 -7.459135e+02 -7.723966e+02 4.277112e+04 1.599844e+04 1.064693e+03 3.951527e+04 -7.649379e+02 -3.224418e+02 1.064774e+04 -9.223983e+02 4.874311e+04 1.823205e+04 1.145938e+03 -4.503133e+04 9.141167e+02 5.176758e+02 -1.213624e+04 1.823182e+04 -1.440611e+03 6.286551e+02 3.753362e+04 -2.657656e+02 -1.213583e+04 -3.467496e+04 -6.219240e+02
-1.111111e-03 -1.723252e+04 1.539054e+03 -6.308218e+02 -4.153271e+04 -4.798348e+02 -1.147117e+04 -3.833831e+04 -6.247243e+02 -6.465507e+02 4.152963e+04 1.326907e+04 1.047147e+03 3.833889e+04 -6.404951e+02 -3.264220e+02 8.830310e+03 -7.722056e+02 4.732833e+04 1.512163e+04 1.127464e+03 -4.369045e+04 7.654887e+02 5.200387e+02 -1.006473e+04 1.512144e+04 -1.416389e+03 5.262932e+02 3.644440e+04 -2.730109e+02 -1.006439e+04 -3.364266e+04 -5.208220e+02
-9.090909e-04 -1.386846e+04 1.518055e+03 -5.116571e+02 -4.052934e+04 -4.844071e+02 -9.231001e+03 -3.738728e+04 -5.068367e+02 -5.243093e+02 4.052606e+04 1.067873e+04 1.032903e+03 3.738808e+04 -5.195236e+02 -3.295702e+02 7.105882e+03 -6.262686e+02 4.618469e+04 1.216965e+04 1.112481e+03 -4.260667e+04 6.209649e+02 5.218417e+02 -8.099232e+03 1.216949e+04 -1.396712e+03 4.268315e+02 3.556392e+04 -2.788069e+02 -8.098955e+03 -3.280829e+04 -4.225030e+02
-7.070707e-04 -1.064612e+04 1.501609e+03 -3.952191e+02 -3.974624e+04 -4.879106e+02 -7.085672e+03 -3.664509e+04 -3.915720e+02 -4.049279e+02 3.974281e+04 8.197510e+03 1.021747e+03 3.664606e+04 -4.013079e+02 -3.319828e+02 5.454450e+03 -4.837092e+02 4.529210e+04 9.342019e+03 1.100756e+03 -4.176090e+04 4.797004e+02 5.231802e+02 -6.216938e+03 9.341901e+03 -1.381293e+03 3.296712e+02 3.487674e+04 -2.832915e+02 -6.216725e+03 -3.215716e+04 -3.263943e+02
-5.050505e-04 -7.530417e+03 1.489475e+03 -2.808516e+02 -3.917003e+04 -4.904513e+02 -5.011707e+03 -3.609903e+04 -2.783002e+02 -2.877171e+02 3.916648e+04 5.798415e+03 1.013516e+03 3.610013e+04 -2.851851e+02 -3.337325e+02 3.857946e+03 -3.437141e+02 4.463533e+04 6.607974e+03 1.092110e+03 -4.113863e+04 3.409117e+02 5.241256e+02 -4.397254e+03 6.607890e+03 -1.369911e+03 2.342581e+02 3.437110e+04 -2.865690e+02 -4.397102e+03 -3.167809e+04 -2.319646e+02
-3.030303e-04 -4.489031e+03 1.481479e+03 -1.679370e+02 -3.879106e+04 -4.921046e+02 -2.987472e+03 -3.573992e+04 -1.664273e+02 -1.720289e+02 3.878744e+04 3.456549e+03 1.008092e+03 3.574110e+04 -1.705309e+02 -3.348713e+02 2.299719e+03 -2.055178e+02 4.420339e+04 3.939143e+03 1.086415e+03 -4.072940e+04 2.038605e+02 5.247287e+02 -2.621199e+03 3.939093e+03 -1.362408e+03 1.400707e+02 3.403855e+04 -2.887140e+02 -2.621108e+03 -3.136303e+04 -1.387132e+02
-1.010101e-04 -1.491510e+03 1.477509e+03 -5.588385e+01 -3.860312e+04 -4.929193e+02 -9.925894e+02 -3.556183e+04 -5.538412e+01 -5.724328e+01 3.859946e+04 1.148460e+03 1.005399e+03 3.556304e+04 -5.674744e+01 -3.354324e+02 7.640832e+02 -6.838814e+01 4.398916e+04 1.308806e+03 1.083588e+03 -4.052644e+04 6.783968e+01 5.250223e+02 -8.708949e+02 1.308789e+03 -1.358682e+03 4.660997e+01 3.387363e+04 -2.897747e+02 -8.708648e+02 -3.120679e+04 -4.616053e+01
1.010101e-04 1.491510e+03 1.477509e+03 5.588385e+01 -3.860312e+04 -4.929193e+02 9.925894e+02 -3.556183e+04 5.538412e+01 5.724328e+01 3.859946e+04 -1.148460e+03 1.005399e+03 3.556304e+04 5.674744e+01 -3.354324e+02 -7.640832e+02 6.838814e+01 4.398916e+04 -1.308806e+03 1.083588e+03 -4.052644e+04 -6.783968e+01 5.250223e+02 8.708949e+02 -1.308789e+03 -1.358682e+03 -4.660997e+01 3.387363e+04 -2.897747e+02 8.708648e+02 -3.120679e+04 4.616053e+01
3.030303e-04 4.489031e+03 1.481479e+03 1.679370e+02 -3.879106e+04 -4.921046e+02 2.987472e+03 -3.573992e+04 1.664273e+02 1.720289e+02 3.878744e+04 -3.456549e+03 1.008092e+03 3.574110e+04 1.705309e+02 -3.348713e+02 -2.299719e+03 2.055178e+02 4.420339e+04 -3.939143e+03 1.086415e+03 -4.072940e+04 -2.038605e+02 5.247287e+02 2.621199e+03 -3.939093e+03 -1.362408e+03 -1.400707e+02 3.403855e+04 -2.887140e+02 2.621108e+03 -3.136303e+04 1.387132e+02
5.050505e-04 7.530417e+03 1.489475e+03 2.808516e+02 -3.917003e+04 -4.904513e+02 5.011707e+03 -3.609903e+04 2.783002e+02 2.877171e+02 3.916648e+04 -5.798415e+03 1.013516e+03 3.610013e+04 2.851851e+02 -3.337325e+02 -3.857946e+03 3.437141e+02 4.463533e+04 -6.607974e+03 1.092110e+03 -4.113863e+04 -3.409117e+02 5.241256e+02 4.397254e+03 -6.607890e+03 -1.369911e+03 -2.342581e+02 3.437110e+04 -2.865690e+02 4.397102e+03 -3.167809e+04 2.319646e+02
7.070707e-04 1.064612e+04 1.501609e+03 3.952191e+02 -3.974624e+04 -4.879106e+02 7.085672e+03 -3.664509e+04 3.915720e+02 4.049279e+02 3.974281e+04 -8.197510e+03 1.021747e+03 3.664606e+04 4.013079e+02 -3.319828e+02 -5.454450e+03 4.837092e+02 4.529210e+04 -9.342019e+03 1.100756e+03 -4.176090e+04 -4.797004e+02 5.231802e+02 6.216938e+03 -9.341901e+03 -1.381293e+03 -3.296712e+02 3.487674e+04 -2.832915e+02 6.216725e+03 -3.215716e+04 3.263943e+02
9.090909e-04 1.386846e+04 1.518055e+03 5.116571e+02 -4.052934e+04 -4.844071e+02 9.231001e+03 -3.738728e+04 5.068367e+02 5.243093e+02 4.052606e+04 -1.067873e+04 1.032903e+03 3.738808e+04 5.195236e+02 -3.295702e+02 -7.105882e+03 6.262686e+02 4.618469e+04 -1.216965e+04 1.112481e+03 -4.260667e+04 -6.209649e+02 5.218417e+02 8.099232e+03 -1.216949e+04 -1.396712e+03 -4.268315e+02 3.556392e+04 -2.788069e+02 8.098955e+03 -3.280829e+04 4.225030e+02
1.111111e-03 1.723252e+04 1.539054e+03 6.308218e+02 -4.153271e+04 -4.798348e+02 1.147117e+04 -3.833831e+04 6.247243e+02 6.465507e+02 4.152963e+04 -1.326907e+04 1.047147e+03 3.833889e+04 6.404951e+02 -3.264220e+02 -8.830310e+03 7.722056e+02 4.732833e+04 -1.512163e+04 1.127464e+03 -4.369045e+04 -7.654887e+02 5.200387e+02 1.006473e+04 -1.512144e+04 -1.416389e+03 -5.262932e+02 3.644440e+04 -2.730109e+02 1.006439e+04 -3.364266e+04 5.208220e+02
1.313131e-03 2.077711e+04 1.564922e+03 7.534214e+02 -4.277396e+04 -4.740530e+02 1.383217e+04 -3.951496e+04 7.459135e+02 7.723966e+02 4.277112e+04 -1.599844e+04 1.064693e+03 3.951527e+04 7.649379e+02 -3.224418e+02 -1.064774e+04 9.223983e+02 4.874311e+04 -1.823205e+04 1.145938e+03 -4.503133e+04 -9.141167e+02 5.176758e+02 1.213624e+04 -1.823182e+04 -1.440611e+03 -6.286551e+02 3.753362e+04 -2.657656e+02 1.213583e+04 -3.467496e+04 6.219240e+02
1.515152e-03 2.454605e+04 1.596064e+03 8.802316e+02 -4.427564e+04 -4.668797e+02 1.634333e+04 -4.093870e+04 8.711467e+02 9.026645e+02 4.427310e+04 -1.890057e+04 1.085814e+03 4.093868e+04 8.936357e+02 -3.175045e+02 -1.258075e+04 1.077810e+03 5.045474e+04 -2.153933e+04 1.168202e+03 -4.665378e+04 -1.067774e+03 5.146285e+02 1.433949e+04 -2.153907e+04 -1.469745e+03 -7.345734e+02 3.885137e+04 -2.568929e+02 1.433900e+04 -3.592404e+04 7.264361e+02
1.717172e-03 2.858956e+04 1.632985e+03 1.012115e+03 -4.606613e+04 -4.580824e+02 1.903828e+04 -4.263654e+04 1.001247e+03 1.038265e+03 4.606396e+04 -2.201414e+04 1.110854e+03 4.263612e+04 1.027460e+03 -3.114506e+02 -1.465522e+04 1.239512e+03 5.249556e+04 -2.508756e+04 1.194631e+03 -4.858859e+04 -1.227487e+03 5.107374e+02 1.670398e+04 -2.508726e+04 -1.504251e+03 -8.447790e+02 4.042256e+04 -2.461670e+02 1.670343e+04 -3.741359e+04 8.350546e+02
1.919192e-03 3.296618e+04 1.676317e+03 1.150044e+03 -4.818087e+04 -4.473669e+02 2.195623e+04 -4.464222e+04 1.137142e+03 1.180225e+03 4.817914e+04 -2.538423e+04 1.140239e+03 4.464132e+04 1.167391e+03 -3.040783e+02 -1.690133e+04 1.408714e+03 5.490597e+04 -2.892811e+04 1.225693e+03 -5.087420e+04 -1.394412e+03 5.057988e+02 1.926412e+04 -2.892776e+04 -1.544701e+03 -9.600961e+02 4.227829e+04 -2.333029e+02 1.926348e+04 -3.917320e+04 9.485630e+02
2.121212e-03 3.774506e+04 1.726840e+03 1.295130e+03 -5.066397e+04 -4.343611e+02 2.514351e+04 -4.699771e+04 1.279885e+03 1.329724e+03 5.066275e+04 -2.906408e+04 1.174497e+03 4.699625e+04 1.314552e+03 -2.951322e+02 -1.935473e+04 1.586797e+03 5.773623e+04 -3.312166e+04 1.261968e+03 -5.355844e+04 -1.569869e+03 4.995535e+02 2.206054e+04 -3.312127e+04 -1.591802e+03 -1.081468e+03 4.445727e+04 -2.179426e+02 2.205982e+04 -4.123972e+04 1.067856e+03
2.323232e-03 4.300906e+04 1.785524e+03 1.448657e+03 -5.357032e+04 -4.185935e+02 2.865563e+04 -4.975529e+04 1.430694e+03 1.488124e+03 5.356971e+04 -3.311752e+04 1.214285e+03 4.975316e+04 1.470240e+03 -2.842890e+02 -2.205816e+04 1.775365e+03 6.104893e+04 -3.774092e+04 1.304177e+03 -5.670088e+04 -1.755382e+03 4.916704e+02 2.514196e+04 -3.774049e+04 -1.646432e+03 -1.209986e+03 4.700765e+04 -1.996350e+02 2.514115e+04 -4.365899e+04 1.193966e+03
2.525253e-03 4.885874e+04 1.853573e+03 1.612134e+03 -5.696850e+04 -3.994650e+02 3.255997e+04 -5.298023e+04 1.590994e+03 1.657031e+03 5.696861e+04 -3.762197e+04 1.260417e+03 5.297731e+04 1.635974e+03 -2.711375e+02 -2.506346e+04 1.976295e+03 6.492222e+04 -4.287414e+04 1.353219e+03 -6.037591e+04 -1.952736e+03 4.817254e+02 2.856748e+04 -4.287365e+04 -1.709678e+03 -1.346935e+03 4.998963e+04 -1.778097e+02 2.856656e+04 -4.648828e+04 1.328102e+03
2.727273e-03 5.541773e+04 1.932496e+03 1.787349e+03 -6.094461e+04 -3.762079e+02 3.693939e+04 -5.675451e+04 1.762470e+03 1.838354e+03 6.094559e+04 -4.267264e+04 1.313915e+03 5.675066e+04 1.813560e+03 -2.551512e+02 -2.843443e+04 2.191824e+03 6.945427e+04 -4.862981e+04 1.410220e+03 -6.467695e+04 -2.164047e+03 4.691709e+02 3.240979e+04 -4.862927e+04 -1.782902e+03 -1.493837e+03 5.347878e+04 -1.517411e+02 3.240877e+04 -4.979951e+04 1.471699e+03
2.929293e-03 6.284004e+04 2.024195e+03 1.976455e+03 -6.560767e+04 -3.478318e+02 4.189712e+04 -6.118190e+04 1.947145e+03 2.034396e+03 6.560967e+04 -4.838813e+04 1.376066e+03 6.117693e+04 2.005172e+03 -2.356509e+02 -3.225051e+04 2.424643e+03 7.476931e+04 -5.514307e+04 1.476601e+03 -6.972222e+04 -2.391859e+03 4.532948e+02 3.675947e+04 -5.514248e+04 -1.867815e+03 -1.652532e+03 5.757073e+04 -1.204979e+02 3.675833e+04 -5.368371e+04 1.626479e+03
3.131313e-03 7.132018e+04 2.131093e+03 2.182081e+03 -7.109690e+04 -3.130444e+02 4.756356e+04 -6.639493e+04 2.147479e+03 2.247976e+03 7.110014e+04 -5.491824e+04 1.448507e+03 6.638864e+04 2.213458e+03 -2.117502e+02 -3.661205e+04 2.678042e+03 8.102606e+04 -6.258463e+04 1.554181e+03 -7.566278e+04 -2.639271e+03 4.331606e+02 4.173092e+04 -6.258398e+04 -1.966596e+03 -1.825266e+03 6.238769e+04 -8.287261e+01 4.172964e+04 -5.825716e+04 1.794542e+03
3.333333e-03 8.110741e+04 2.256313e+03 2.407481e+03 -7.759228e+04 -2.701392e+02 5.410583e+04 -7.256491e+04 2.366510e+03 2.482595e+03 7.759700e+04 -6.245491e+04 1.533353e+03 7.255703e+04 2.441704e+03 -1.822790e+02 -4.164770e+04 2.956102e+03 8.842966e+04 -7.117322e+04 1.645305e+03 -8.269383e+04 -2.910116e+03 4.075224e+02 4.747074e+04 -7.117249e+04 -2.082046e+03 -2.014824e+03 6.808758e+04 -3.728031e+01 4.746931e+04 -6.367013e+04 1.978482e+03
3.535354e-03 9.252624e+04 2.403941e+03 2.656755e+03 -8.532959e+04 -2.168302e+02 6.174155e+04 -7.991620e+04 2.608051e+03 2.742675e+03 8.533611e+04 -7.124804e+04 1.633368e+03 7.990639e+04 2.694045e+03 -1.456700e+02 -4.752493e+04 3.263969e+03 9.724885e+04 -8.119361e+04 1.753050e+03 -9.107103e+04 -3.209214e+03 3.746989e+02 5.416986e+04 -8.119281e+04 -2.217826e+03 -2.224721e+03 7.487731e+04 1.838959e+01 5.416826e+04 -7.011947e+04 2.181563e+03
3.737374e-03 1.060067e+05 2.579415e+03 2.935158e+03 -9.462266e+04 -1.500032e+02 7.075910e+04 -8.874740e+04 2.876978e+03 3.033903e+03 9.463137e+04 -8.162880e+04 1.752227e+03 8.873525e+04 2.975784e+03 -9.978834e+01 -5.446570e+04 3.608250e+03 1.078414e+05 -9.302317e+04 1.881517e+03 -1.011347e+05 -3.542738e+03 3.323832e+02 6.208128e+04 -9.302228e+04 -2.378793e+03 -2.459473e+03 8.303228e+04 8.699571e+01 6.207947e+04 -7.786712e+04 2.407965e+03
3.939394e-03 1.221300e+05 2.790115e+03 3.249573e+03 -1.058971e+05 -6.533209e+01 8.154833e+04 -9.946331e+04 3.179650e+03 3.363753e+03 1.059085e+05 -9.404477e+04 1.894923e+03 9.944827e+04 3.293872e+03 -4.166854e+01 -6.277007e+04 3.997613e+03 1.206923e+05 -1.071720e+05 2.036287e+03 -1.133460e+05 -3.918761e+03 2.773487e+02 7.154701e+04 -1.071710e+05 -2.571534e+03 -2.725001e+03 9.292597e+04 1.724871e+02 7.154497e+04 -8.726822e+04 2.663151e+03
4.141414e-03 1.417000e+05 3.046301e+03 3.609232e+03 -1.197429e+05 4.333462e+01 9.464845e+04 -1.126249e+05 3.524572e+03 3.742280e+03 1.197577e+05 -1.091150e+05 2.068395e+03 1.126062e+05 3.657635e+03 3.290517e+01 -7.285302e+04 4.443704e+03 1.364742e+05 -1.243454e+05 2.225137e+03 -1.283442e+05 -4.348098e+03 2.049780e+02 8.304012e+04 -1.243443e+05 -2.805182e+03 -3.029265e+03 1.050761e+05 2.804481e+02 8.303780e+04 -9.881488e+04 2.954441e+03
4.343434e-03 1.658586e+05 3.362654e+03 4.026879e+03 -1.369997e+05 1.849889e+02 1.108255e+05 -1.290301e+05 3.923447e+03 4.183419e+03 1.370189e+05 -1.277189e+05 2.282571e+03 1.290069e+05 4.079963e+03 1.300944e+02 -8.530419e+04 4.962625e+03 1.561442e+05 -1.455455e+05 2.459218e+03 -1.470387e+05 -4.845665e+03 1.084799e+02 9.723269e+04 -1.455443e+05 -3.092782e+03 -3.383274e+03 1.202197e+05 4.189995e+02 9.723003e+04 -1.132071e+05 3.291928e+03
4.545455e-03 1.962812e+05 3.760922e+03 4.520728e+03 -1.589014e+05 3.732255e+02 1.312037e+05 -1.498503e+05 4.392950e+03 4.707156e+03 1.589260e+05 -1.511466e+05 2.552158e+03 1.498212e+05 4.579297e+03 2.592129e+02 -1.009887e+05 5.577434e+03 1.811086e+05 -1.722427e+05 2.755087e+03 -1.707643e+05 -5.432765e+03 -2.247210e+01 1.151109e+05 -1.722412e+05 -3.453622e+03 -3.802795e+03 1.394392e+05 6.003579e+02 1.151078e+05 -1.314726e+05 3.690026e+03
4.747475e-03 2.355256e+05 4.274752e+03 5.117958e+03 -1.873334e+05 6.294783e+02 1.574991e+05 -1.768745e+05 4.957899e+03 5.343436e+03 1.873654e+05 -1.813679e+05 2.899909e+03 1.768377e+05 5.183212e+03 4.349422e+02 -1.212274e+05 6.322609e+03 2.135167e+05 -2.066814e+05 3.138417e+03 -2.015596e+05 -6.141182e+03 -2.042457e+02 1.381803e+05 -2.066798e+05 -3.917484e+03 -4.311406e+03 1.643895e+05 8.436942e+02 1.381767e+05 -1.551809e+05 4.170235e+03
4.949495e-03 2.876997e+05 4.959176e+03 5.861453e+03 -2.253275e+05 9.894066e+02 1.924682e+05 -2.129753e+05 5.657368e+03 6.139691e+03 2.253695e+05 -2.215463e+05 3.363044e+03 2.129280e+05 5.935316e+03 6.817017e+02 -1.481418e+05 7.252655e+03 2.568241e+05 -2.524666e+05 3.651292e+03 -2.426979e+05 -7.021077e+03 -4.642039e+02 1.688592e+05 -2.524647e+05 -4.532991e+03 -4.946391e+03 1.977310e+05 1.180764e+03 1.688549e+05 -1.868518e+05 4.766487e+03
5.151515e-03 3.598616e+05 5.911136e+03 6.824097e+03 -2.780984e+05 1.516750e+03 2.408473e+05 -2.630858e+05 6.557679e+03 7.176864e+03 2.781544e+05 -2.771172e+05 4.007129e+03 2.630237e+05 6.909967e+03 1.043128e+03 -1.853772e+05 8.460400e+03 3.169748e+05 -3.157922e+05 4.367999e+03 -2.998007e+05 -8.157795e+03 -8.514696e+02 2.113028e+05 -3.157899e+05 -5.385642e+03 -5.771251e+03 2.440397e+05 1.668101e+03 2.112975e+05 -2.308132e+05 5.536513e+03
5.353535e-03 4.653566e+05 7.320191e+03 8.143524e+03 -3.555177e+05 2.337605e+03 3.115916e+05 -3.365243e+05 7.784067e+03 8.608421e+03 3.555947e+05 -3.583578e+05 4.960397e+03 3.364403e+05 8.248177e+03 1.605521e+03 -2.398258e+05 1.012152e+04 4.052213e+05 -4.083692e+05 5.434090e+03 -3.834865e+05 -9.712862e+03 -1.463590e+03 2.733674e+05 -4.083665e+05 -6.642359e+03 -6.906161e+03 3.119787e+05 2.417154e+03 2.733606e+05 -2.952399e+05 6.589573e+03
5.555556e-03 6.334608e+05 9.621487e+03 1.012543e+04 -4.792759e+05 3.743701e+03 4.243458e+05 -4.537041e+05 9.615120e+03 1.077650e+04 4.793867e+05 -4.878135e+05 6.517277e+03 4.535846e+05 1.026487e+04 2.568460e+03 -3.266072e+05 1.262696e+04 5.462873e+05 -5.558894e+05 7.184296e+03 -5.170168e+05 -1.204632e+04 -2.526933e+03 3.722876e+05 -5.558858e+05 -8.685787e+03 -8.618550e+03 4.205823e+05 3.684980e+03 3.722785e+05 -3.980401e+05 8.169244e+03
5.757576e-03 9.483796e+05 1.414531e+04 1.367688e+04 -7.118874e+05 6.629364e+03 6.356077e+05 -6.732157e+05 1.288064e+04 1.469968e+04 7.120619e+05 -7.303306e+05 9.578156e+03 6.730293e+05 1.390100e+04 4.543496e+03 -4.892046e+05 1.713895e+04 8.114299e+05 -8.322471e+05 1.064354e+04 -7.671576e+05 -1.623227e+04 -4.737004e+03 5.576292e+05 -8.322420e+05 -1.268442e+04 -1.170325e+04 6.247099e+05 6.257748e+03 5.576154e+05 -5.906144e+05 1.100234e+04
5.959596e-03 1.917882e+06 2.963046e+04 2.460637e+04 -1.431465e+06 1.684394e+04 1.286000e+06 -1.347233e+06 2.293143e+04 2.691722e+04 1.431835e+06 -1.476939e+06 2.006032e+04 1.346840e+06 2.523595e+04 1.152821e+04 -9.897791e+05 3.111149e+04 1.631640e+06 -1.683037e+06 2.255319e+04 -1.535222e+06 -2.920267e+04 -1.264824e+04 1.128225e+06 -1.683026e+06 -2.630857e+04 -2.125577e+04 1.256173e+06 1.526932e+04 1.128195e+06 -1.181919e+06 1.978133e+04
6.161616e-03 1.178414e+06 9.832159e+03 1.280405e+04 -8.690718e+05 3.899005e+03 7.905920e+05 -8.454210e+05 1.171586e+04 1.348025e+04 8.693127e+05 -9.074885e+05 6.630910e+03 8.451738e+05 1.238980e+04 2.701502e+03 -6.084724e+05 1.586173e+04 9.906168e+05 -1.034119e+06 7.205650e+03 -9.633875e+05 -1.462167e+04 -2.523541e+03 6.935843e+05 -1.034115e+06 -8.978852e+03 -1.085075e+04 7.626519e+05 3.976205e+03 6.935767e+05 -7.416831e+05 9.894312e+03
6.363636e-03 2.274019e+05 -8.291755e+03 1.807143e+03 -1.582836e+05 -8.711044e+03 1.526707e+05 -1.878940e+05 1.571044e+03 9.409109e+02 1.583354e+05 -1.751203e+05 -5.645337e+03 1.878478e+05 7.077301e+02 -5.909309e+03 -1.174944e+05 1.652701e+03 1.804290e+05 -1.995553e+05 -6.840634e+03 -2.141139e+05 -1.385079e+03 7.373813e+03 1.339276e+05 -1.995578e+05 6.868707e+03 -1.138805e+03 1.389022e+05 -7.004370e+03 1.339385e+05 -1.648449e+05 9.331777e+02
6.565657e-03 -3.785579e+05 -1.719435e+04 -3.038824e+03 2.904145e+05 -1.563118e+04 -2.542080e+05 2.355553e+05 -2.682049e+03 -4.703967e+03 -2.904951e+05 2.915320e+05 -1.166546e+04 -2.354656e+05 -4.340682e+03 -1.064009e+04 1.956517e+05 -4.672191e+03 -3.310270e+05 3.322094e+05 -1.377784e+04 2.684179e+05 4.262594e+03 1.287749e+04 -2.230255e+05 3.322049e+05 1.460409e+04 3.196673e+03 -2.548548e+05 -1.296418e+04 -2.230062e+05 2.066368e+05 -2.880286e+03
6.767677e-03 -1.229514e+06 -2.490887e+04 -6.939790e+03 9.136544e+05 -2.247339e+04 -8.261770e+05 8.371846e+05 -5.680865e+03 -9.343594e+03 -9.139359e+05 9.468670e+05 -1.686145e+04 -8.368926e+05 -8.074113e+03 -1.533279e+04 6.358441e+05 -9.803957e+03 -1.041450e+06 1.078977e+06 -1.981047e+04 9.539863e+05 8.364113e+03 1.838796e+04 -7.248022e+05 1.078972e+06 2.126235e+04 6.739523e+03 -8.017866e+05 -1.880544e+04 -7.247759e+05 7.344267e+05 -5.629747e+03
6.969697e-03 -3.213165e+06 -3.387476e+04 -1.175714e+04 2.354437e+06 -3.202028e+04 -2.160396e+06 2.251741e+06 -8.288849e+03 -1.510302e+04 -2.355208e+06 2.474524e+06 -2.284061e+04 -2.250959e+06 -1.161847e+04 -2.192805e+04 1.662654e+06 -1.611317e+04 -2.683799e+06 2.819764e+06 -2.680697e+04 2.565893e+06 1.215219e+04 2.617125e+04 -1.895272e+06 2.819759e+06 2.894729e+04 1.116248e+04 -2.066170e+06 -2.691537e+04 -1.895237e+06 1.975365e+06 -8.111700e+03
7.171717e-03 -1.280544e+07 -4.530955e+04 -2.274720e+04 9.280849e+06 -5.334646e+04 -8.615000e+06 9.133743e+06 -8.277083e+03 -2.776180e+04 -9.284044e+06 9.861812e+06 -3.005114e+04 -9.130538e+06 -1.326495e+04 -3.696850e+04 6.630042e+06 -2.996196e+04 -1.057928e+07 1.123765e+07 -3.543967e+04 1.040801e+07 1.345651e+04 4.392247e+04 -7.557659e+06 1.123765e+07 3.856575e+04 2.125063e+04 -8.144584e+06 -4.501777e+04 -7.557605e+06 8.012674e+06 -8.541995e+03
7.373737e-03 3.555936e+07 -2.992176e+04 -4.476678e+03 -2.560326e+07 3.098574e+04 2.393745e+07 -2.561117e+07 -4.636955e+04 -4.432907e+03 2.561244e+07 -2.738547e+07 -2.245413e+04 2.560198e+07 -4.632627e+04 2.317706e+04 -1.842182e+07 -7.182745e+03 2.918557e+07 -3.120594e+07 -2.404420e+04 -2.918408e+07 5.492796e+04 -2.868878e+04 2.099931e+07 -3.120591e+07 2.780147e+04 2.287155e+03 2.246871e+07 2.491439e+04 2.099933e+07 -2.246762e+07 -3.904657e+04
7.575758e-03 2.095465e+07 2.344759e+04 -4.763818e+04 -1.516962e+07 8.014926e+04 1.411469e+07 -1.502661e+07 -7.327654e+04 -4.237152e+04 1.517521e+07 -1.613805e+07 1.460528e+04 1.502101e+07 -6.804327e+04 5.575634e+04 -1.086225e+07 -5.559587e+04 1.729219e+07 -1.838935e+07 2.195159e+04 -1.712281e+07 8.483438e+04 -7.128524e+04 1.238214e+07 -1.838930e+07 -1.526629e+04 3.617378e+04 1.331250e+07 6.258665e+04 1.238213e+07 -1.318211e+07 -5.868695e+04
7.777778e-03 5.384995e+07 2.111184e+05 -2.407019e+05 -3.922079e+07 4.017128e+05 3.629002e+07 -3.837473e+07 -3.045815e+05 -2.094632e+05 3.923126e+07 -4.146765e+07 1.400505e+05 3.836443e+07 -2.734961e+05 2.761164e+05 -2.793049e+07 -2.753366e+05 4.470389e+07 -4.725224e+07 1.863016e+05 -4.373290e+07 3.481824e+05 -3.532388e+05 3.183891e+07 -4.725767e+07 -1.585519e+05 1.830097e+05 3.441940e+07 3.139258e+05 3.183520e+07 -3.366401e+07 -2.391656e+05
7.979798e-03 -8.981943e+06 -6.976161e+04 5.872216e+04 6.586414e+06 -1.098426e+05 -6.057635e+06 6.344088e+06 7.044730e+04 4.952820e+04 -6.588938e+06 6.917477e+06 -4.674805e+04 -6.341585e+06 6.131869e+04 -7.520835e+04 4.661693e+06 6.605452e+04 -7.508031e+06 7.882400e+06 -6.030087e+04 7.229046e+06 -7.945128e+04 9.576773e+04 -5.314059e+06 7.882420e+06 5.418710e+04 -4.412663e+04 -5.780139e+06 -8.632748e+04 -5.313984e+06 5.565266e+06 5.444862e+04
8.181818e-03 -3.554907e+06 -4.130524e+04 3.063695e+04 2.622228e+06 -5.995187e+04 -2.399049e+06 2.488677e+06 3.542423e+04 2.543955e+04 -2.623262e+06 2.737856e+06 -2.778576e+04 -2.487660e+06 3.026610e+04 -4.096242e+04 1.846186e+06 3.416504e+04 -2.989164e+06 3.119743e+06 -3.545844e+04 2.835814e+06 -3.964095e+04 5.206411e+04 -2.104558e+06 3.119751e+06 3.245051e+04 -2.289945e+04 -2.301242e+06 -4.722488e+04 -2.104522e+06 2.183141e+06 2.712050e+04
8.383838e-03 -1.827633e+06 -2.932587e+04 1.945721e+04 1.355731e+06 -4.020904e+04 -1.234186e+06 1.266127e+06 2.198904e+04 1.587855e+04 -1.356280e+06 1.407589e+06 -1.976912e+04 -1.265593e+06 1.843897e+04 -2.743548e+04 9.497594e+05 2.150916e+04 -1.545448e+06 1.603916e+06 -2.503799e+04 1.442727e+06 -2.440892e+04 3.479608e+04 -1.082683e+06 1.603922e+06 2.322365e+04 -1.444468e+04 -1.189783e+06 -3.175312e+04 -1.082661e+06 1.110675e+06 1.668121e+04
8.585859e-03 2.731729e+06 2.494793e+04 -3.586309e+04 -2.021290e+06 4.431118e+04 1.846034e+06 -1.935002e+06 -3.982777e+04 -3.230988e+04 2.022132e+06 -2.103921e+06 1.671570e+04 1.934178e+06 -3.630496e+04 3.029603e+04 -1.420569e+06 -4.146276e+04 2.304165e+06 -2.397359e+06 2.250507e+04 -2.204887e+06 4.599472e+04 -3.933409e+04 1.619398e+06 -2.397365e+06 -1.843491e+04 2.789479e+04 1.773883e+06 3.407500e+04 1.619379e+06 -1.697430e+06 -3.139144e+04
8.787879e-03 1.080849e+06 7.494101e+03 -1.679560e+04 -8.014047e+05 1.618136e+04 7.309272e+05 -7.728215e+05 -1.842577e+04 -1.558436e+04 8.017466e+05 -8.324559e+05 4.995601e+03 7.724865e+05 -1.722555e+04 1.107284e+04 -5.624568e+05 -1.968444e+04 9.135644e+05 -9.485556e+05 7.139987e+03 -8.806071e+05 2.154653e+04 -1.461232e+04 6.411859e+05 -9.485581e+05 -5.128626e+03 1.325610e+04 7.033158e+05 1.220577e+04 6.411803e+05 -6.779356e+05 -1.469364e+04
8.989899e-03 7.017069e+05 4.180225e+03 -1.260204e+04 -5.220469e+05 1.044236e+04 4.748706e+05 -5.049090e+05 -1.369931e+04 -1.185568e+04 5.222746e+05 -5.404512e+05 2.775116e+03 5.046862e+05 -1.296014e+04 7.147896e+03 -3.654124e+05 -1.486390e+04 5.951123e+05 -6.158228e+05 4.188974e+03 -5.753263e+05 1.611675e+04 -9.547162e+03 4.165638e+05 -6.158246e+05 -2.641374e+03 1.001623e+04 4.581528e+05 7.762005e+03 4.165607e+05 -4.429158e+05 -1.098410e+04
9.191919e-03 5.105496e+05 2.685702e+03 -1.042576e+04 -3.813297e+05 7.681798e+03 3.457588e+05 -3.695277e+05 -1.125277e+04 -9.897884e+03 3.814995e+05 -3.932270e+05 1.775364e+03 3.693618e+05 -1.073027e+04 5.259185e+03 -2.660568e+05 -1.234891e+04 4.347023e+05 -4.480642e+05 2.841383e+03 -4.210622e+05 1.329281e+04 -7.100725e+03 3.033024e+05 -4.480658e+05 -1.538270e+03 8.325164e+03 3.346600e+05 5.633636e+03 3.033006e+05 -3.241559e+05 -9.054928e+03
9.393939e-03 3.936526e+05 1.846259e+03 -9.025697e+03 -2.952961e+05 6.030274e+03 2.667900e+05 -2.865846e+05 -9.685827e+03 -8.625716e+03 2.954302e+05 -3.031958e+05 1.214686e+03 2.864537e+05 -9.290142e+03 4.128972e+03 -2.052881e+05 -1.072368e+04 3.366285e+05 -3.454760e+05 2.074126e+03 -3.265504e+05 1.147682e+04 -5.631278e+03 2.340286e+05 -3.454773e+05 -9.300084e+02 7.231734e+03 2.591572e+05 4.365854e+03 2.340274e+05 -2.513962e+05 -7.814508e+03
9.595960e-03 3.149407e+05 1.320052e+03 -8.025473e+03 -2.373535e+05 4.927973e+03 2.136053e+05 -2.306379e+05 -8.571928e+03 -7.709099e+03 2.374633e+05 -2.425737e+05 8.637535e+02 2.305309e+05 -8.259131e+03 3.374495e+03 -1.643611e+05 -9.558211e+03 2.705768e+05 -2.763987e+05 1.586096e+03 -2.628005e+05 1.018139e+04 -4.646727e+03 1.873734e+05 -2.763999e+05 -5.563970e+02 6.447140e+03 2.083068e+05 3.523314e+03 1.873726e+05 -2.023185e+05 -6.929806e+03
9.797980e-03 2.586719e+05 9.671779e+02 -7.264584e+03 -1.959105e+05 4.140800e+03 1.755758e+05 -1.905740e+05 -7.728745e+03 -7.006732e+03 1.960027e+05 -1.992366e+05 6.287766e+02 1.904841e+05 -7.473955e+03 2.835651e+03 -1.350966e+05 -8.668775e+03 2.233336e+05 -2.270173e+05 1.253673e+03 -2.171487e+05 9.197870e+03 -3.941048e+03 1.540129e+05 -2.270184e+05 -3.114160e+02 5.848017e+03 1.719364e+05 2.924166e+03 1.540124e+05 -1.671736e+05 -6.258220e+03
1.000000e-02 2.167340e+05 7.193608e+02 -6.660904e+03 -1.649988e+05 3.551857e+03 1.472245e+05 -1.606607e+05 -7.062911e+03 -6.445992e+03 1.650778e+05 -1.669367e+05 4.640166e+02 1.605838e+05 -6.850677e+03 2.432471e+03 -1.132799e+05 -7.961174e+03 1.880957e+05 -1.902127e+05 1.016295e+03 -1.830634e+05 8.419199e+03 -3.411216e+03 1.291424e+05 -1.902136e+05 -1.435919e+02 5.371106e+03 1.448083e+05 2.477725e+03 1.291422e+05 -1.409331e+05 -5.726591e+03
