-1.000000e-02 -1.408403e+05 -1.670690e+03 4.256479e+03 -7.449630e+04 3.964334e+03 -3.803872e+04 -6.819867e+04 4.939571e+03 4.150011e+03 7.461339e+04 1.085295e+05 -1.171587e+03 6.808234e+04 4.837866e+03 2.726898e+03 2.919189e+04 5.134952e+03 8.500397e+04 1.236354e+05 -1.076931e+03 -7.769452e+04 -5.911261e+03 -3.661013e+03 -3.332615e+04 1.236327e+05 1.724498e+03 -3.422619e+03 6.539099e+04 2.925521e+03 -3.332162e+04 -5.976222e+04 4.028482e+03
-9.797980e-03 -1.575292e+05 -1.741479e+03 4.452325e+03 -8.265590e+04 4.305718e+03 -4.240291e+04 -7.543412e+04 5.194328e+03 4.333299e+03 8.278407e+04 1.213865e+05 -1.222567e+03 7.530671e+04 5.080429e+03 2.961603e+03 3.254395e+04 5.367523e+03 9.431312e+04 1.382838e+05 -1.124181e+03 -8.593794e+04 -6.211272e+03 -3.963770e+03 -3.715123e+04 1.382807e+05 1.797480e+03 -3.576220e+03 7.255268e+04 3.189814e+03 -3.714607e+04 -6.610319e+04 4.233890e+03
-9.595960e-03 -1.773742e+05 -1.814944e+03 4.672323e+03 -9.233698e+04 4.703195e+03 -4.758625e+04 -8.399279e+04 5.483500e+03 4.538298e+03 9.247814e+04 1.366748e+05 -1.275855e+03 8.385239e+04 5.355026e+03 3.234893e+03 3.652531e+04 5.628432e+03 1.053580e+05 1.557023e+05 -1.172331e+03 -9.568897e+04 -6.551348e+03 -4.316070e+03 -4.169437e+04 1.556988e+05 1.874542e+03 -3.748245e+03 8.104974e+04 3.497757e+03 -4.168844e+04 -7.360388e+04 4.466760e+03
-9.393939e-03 -2.012508e+05 -1.890227e+03 4.921907e+03 -1.039621e+05 5.171525e+03 -5.381541e+04 -9.423720e+04 5.815278e+03 4.769735e+03 1.041186e+05 1.550689e+05 -1.330999e+03 9.408138e+04 5.669160e+03 3.556922e+03 4.131014e+04 5.923988e+03 1.186205e+05 1.766594e+05 -1.220417e+03 -1.073606e+05 -6.940949e+03 -4.730916e+03 -4.715425e+04 1.766553e+05 1.955381e+03 -3.942753e+03 9.125301e+04 3.860874e+03 -4.714740e+04 -8.258201e+04 4.733581e+03
-9.191919e-03 -2.303755e+05 -1.965762e+03 5.208453e+03 -1.181188e+05 5.731186e+03 -6.140515e+04 -1.066700e+05 6.200855e+03 5.033990e+03 1.182939e+05 1.775056e+05 -1.387114e+03 1.064956e+05 6.033055e+03 3.941777e+03 4.714028e+04 6.262730e+03 1.347711e+05 2.022226e+05 -1.266809e+03 -1.215256e+05 -7.392977e+03 -5.226335e+03 -5.380681e+04 2.022179e+05 2.039244e+03 -4.165238e+03 1.036783e+05 4.295159e+03 -5.379881e+04 -9.347808e+04 5.043209e+03
-8.989899e-03 -2.664867e+05 -2.038767e+03 5.542297e+03 -1.356485e+05 6.411487e+03 -7.080535e+04 -1.220080e+05 6.656009e+03 5.339954e+03 1.358462e+05 2.053245e+05 -1.442565e+03 1.218109e+05 6.461076e+03 4.409618e+03 5.436137e+04 6.656606e+03 1.547695e+05 2.339180e+05 -1.308758e+03 -1.390006e+05 -7.925601e+03 -5.828120e+03 -6.204643e+04 2.339125e+05 2.124576e+03 -4.423372e+03 1.190639e+05 4.823512e+03 -6.203698e+04 -1.069205e+05 5.408111e+03
-8.787879e-03 -3.121590e+05 -2.104293e+03 5.938519e+03 -1.577989e+05 7.256017e+03 -8.268202e+04 -1.413105e+05 7.203863e+03 5.700524e+03 1.580249e+05 2.405085e+05 -1.494369e+03 1.410850e+05 6.974216e+03 4.990426e+03 6.348512e+04 7.123007e+03 1.800390e+05 2.740051e+05 -1.341544e+03 -1.609926e+05 -8.565401e+03 -6.574615e+03 -7.245695e+04 2.739985e+05 2.208359e+03 -4.728313e+03 1.385050e+05 5.480010e+03 -7.244564e+04 -1.238375e+05 5.846531e+03
-8.585859e-03 -3.713775e+05 -2.153362e+03 6.420276e+03 -1.865058e+05 8.332831e+03 -9.806602e+04 -1.662130e+05 7.880005e+03 6.135392e+03 1.867679e+05 2.861275e+05 -1.537006e+03 1.659512e+05 7.604682e+03 5.731004e+03 7.530359e+04 7.688573e+03 2.127876e+05 3.259817e+05 -1.356817e+03 -1.893648e+05 -9.353229e+03 -7.525655e+03 -8.594205e+04 3.259737e+05 2.284772e+03 -5.097147e+03 1.637005e+05 6.317870e+03 -8.592827e+04 -1.456627e+05 6.386507e+03
-8.383838e-03 -4.506811e+05 -2.168975e+03 7.025583e+03 -2.249532e+05 9.755125e+03 -1.186489e+05 -1.993915e+05 8.742845e+03 6.676729e+03 2.252631e+05 3.472187e+05 -1.559885e+03 1.990816e+05 8.405177e+03 6.709185e+03 9.111639e+04 8.396947e+03 2.566479e+05 3.955869e+05 -1.339076e+03 -2.271663e+05 -1.035604e+04 -8.780727e+03 -1.039846e+05 3.955770e+05 2.342337e+03 -5.557856e+03 1.974450e+05 7.425639e+03 -1.039674e+05 -1.747413e+05 7.073994e+03
-8.181818e-03 -5.616985e+05 -2.116657e+03 7.822850e+03 -2.788221e+05 1.172830e+04 -1.474391e+05 -2.455893e+05 9.897100e+03 7.382173e+03 2.791980e+05 4.327400e+05 -1.541288e+03 2.452129e+05 9.469909e+03 8.066168e+03 1.132351e+05 9.326491e+03 3.180997e+05 4.930272e+05 -1.257327e+03 -2.798014e+05 -1.169369e+04 -1.052028e+04 -1.292219e+05 4.930145e+05 2.357051e+03 -6.160707e+03 2.447244e+05 8.964018e+03 -1.291999e+05 -2.152308e+05 7.991258e+03
-7.979798e-03 -7.277371e+05 -1.918197e+03 8.952824e+03 -3.595428e+05 1.467581e+04 -1.904684e+05 -3.142774e+05 1.155651e+04 8.369948e+03 3.600166e+05 5.606455e+05 -1.431513e+03 3.138024e+05 1.099063e+04 1.009298e+04 1.462940e+05 1.063811e+04 4.101824e+05 6.387595e+05 -1.041998e+03 -3.580605e+05 -1.361054e+04 -1.311621e+04 -1.669418e+05 6.387424e+05 2.273229e+03 -7.009041e+03 3.155709e+05 1.126436e+04 -1.669122e+05 -2.754317e+05 9.305981e+03
-7.777778e-03 -1.005827e+06 -1.357965e+03 1.077539e+04 -4.952221e+05 1.967425e+04 -2.625032e+05 -4.285219e+05 1.426050e+04 9.941879e+03 4.958582e+05 7.748672e+05 -1.092554e+03 4.278829e+05 1.345012e+04 1.352924e+04 2.016383e+05 1.274258e+04 5.649573e+05 8.828388e+05 -5.027146e+02 -4.882242e+05 -1.672266e+04 -1.751375e+04 -2.300889e+05 8.828140e+05 1.934788e+03 -8.367204e+03 4.346528e+05 1.516905e+04 -2.300458e+05 -3.755601e+05 1.144083e+04
-7.575758e-03 -1.608027e+06 4.665372e+02 1.472044e+04 -7.910233e+05 3.093637e+04 -4.184948e+05 -6.736081e+05 2.011243e+04 1.329766e+04 7.920102e+05 1.238762e+06 5.668874e+01 6.726146e+05 1.872714e+04 2.126791e+04 3.214871e+05 1.727001e+04 9.023866e+05 1.411391e+06 1.153529e+03 -7.674608e+05 -2.343038e+04 -2.741086e+04 -3.668359e+05 1.411348e+06 6.807022e+02 -1.128740e+04 6.942689e+05 2.397370e+04 -3.667612e+05 -5.903612e+05 1.604205e+04
-7.373737e-03 -3.053319e+06 5.143907e+03 2.336742e+04 -1.499678e+06 5.703643e+04 -7.924752e+05 -1.261254e+06 3.328284e+04 2.056664e+04 1.501496e+06 2.352113e+06 3.022179e+03 1.259419e+06 3.055222e+04 3.920651e+04 6.088246e+05 2.716075e+04 1.710763e+06 2.679924e+06 5.321986e+03 -1.436990e+06 -3.849245e+04 -5.033374e+04 -6.946816e+05 2.679834e+06 -2.633927e+03 -1.763744e+04 1.316232e+06 4.439704e+04 -6.945330e+05 -1.105399e+06 2.637891e+04
-7.171717e-03 1.479232e+05 -1.146297e+04 -6.365640e+02 1.066635e+05 -1.246837e+04 3.822493e+04 1.125085e+04 -1.040079e+03 4.426238e+02 -1.067428e+05 -1.139429e+05 -7.763988e+03 -1.116390e+04 1.403559e+01 -8.489841e+03 -2.938077e+04 -1.405404e+02 -1.216263e+05 -1.298413e+05 -9.153065e+03 1.280847e+04 6.139352e+02 1.065301e+04 3.354138e+04 -1.298105e+05 9.753350e+03 6.191740e+01 -9.361049e+04 -9.963042e+03 3.348209e+04 9.805726e+03 -4.277809e+02
-6.969697e-03 2.357889e+06 -1.933337e+04 -1.114077e+04 1.185609e+06 -4.910145e+04 6.087176e+05 9.090389e+05 -1.827177e+04 -8.098043e+03 -1.186915e+06 -1.816306e+06 -1.280220e+04 -9.077055e+05 -1.529717e+04 -3.368270e+04 -4.677308e+05 -1.204991e+04 -1.352367e+06 -2.069501e+06 -1.594855e+04 1.035710e+06 2.021195e+04 4.278226e+04 5.336715e+05 -2.069410e+06 1.560470e+04 7.603161e+03 -1.040558e+06 -3.868982e+04 5.335030e+05 7.966895e+05 -1.389512e+04
-6.767677e-03 2.869596e+07 -7.499726e+04 -9.827624e+04 1.377390e+07 -3.990341e+05 7.391407e+06 1.182676e+07 -1.846613e+05 -7.744450e+04 -1.379036e+07 -2.210637e+07 -4.705439e+04 -1.181004e+07 -1.642964e+05 -2.749796e+05 -5.679272e+06 -1.112441e+05 -1.571273e+07 -2.518799e+07 -6.460832e+04 1.347388e+07 2.099498e+05 3.499089e+05 6.479375e+06 -2.518516e+07 5.481394e+04 6.853130e+04 -1.208874e+07 -3.136208e+05 6.478682e+06 1.036631e+07 -1.445652e+05
-6.565657e-03 -2.521631e+06 -1.275809e+04 5.441166e+03 -1.128417e+06 1.211473e+04 -6.479178e+05 -1.133281e+06 1.276237e+04 5.477315e+03 1.129745e+06 1.942382e+06 -8.987680e+03 1.131953e+06 1.279828e+04 8.550852e+03 4.978889e+05 7.021772e+03 1.287229e+06 2.213138e+06 -9.865033e+03 -1.291256e+06 -1.536506e+04 -1.101786e+04 -5.679699e+05 2.213135e+06 1.157308e+04 -4.173956e+03 9.903638e+05 9.357907e+03 -5.679732e+05 -9.934688e+05 1.059930e+04
-6.363636e-03 1.498933e+06 -2.010100e+04 -1.312390e+03 7.661849e+05 -2.976063e+04 3.841214e+05 5.499824e+05 -5.433553e+03 8.376476e+02 -7.669264e+05 -1.154576e+06 -1.347658e+04 -5.492111e+05 -3.324295e+03 -2.040123e+04 -2.952140e+05 -5.207262e+02 -8.738584e+05 -1.315568e+06 -1.602998e+04 6.266335e+05 5.239858e+03 2.567198e+04 3.368076e+05 -1.315502e+06 1.696615e+04 1.552380e+01 -6.724282e+05 -2.369232e+04 3.366837e+05 4.820301e+05 -3.650756e+03
-6.161616e-03 -7.740807e+07 -4.772873e+04 -3.863677e+04 -3.501465e+07 3.550372e+05 -1.979434e+07 -3.369098e+07 1.715950e+05 -5.167053e+04 3.505269e+07 5.962476e+07 -4.132136e+04 3.365268e+07 1.587985e+05 2.501389e+05 1.521302e+07 -4.278080e+04 3.993972e+07 6.793760e+07 -3.977560e+04 -3.838749e+07 -1.969522e+05 -3.121601e+05 -1.735344e+07 6.793642e+07 4.920325e+04 4.630551e+04 3.073026e+07 2.844489e+05 -1.735285e+07 -2.953545e+07 1.382780e+05
-5.959596e-03 -7.595416e+06 -5.245140e+04 -1.468259e+04 -3.187046e+06 -2.881638e+04 -1.937890e+06 -3.560455e+06 5.361327e+03 -1.126903e+04 3.190665e+06 5.850356e+06 -3.646987e+04 3.556894e+06 8.717340e+03 -1.875517e+04 1.489465e+06 -1.457424e+04 3.635492e+06 6.665982e+06 -4.232111e+04 -4.056889e+06 -8.237353e+03 2.433636e+04 -1.698844e+06 6.666067e+06 4.526591e+04 1.155031e+04 2.797089e+06 -2.232308e+04 -1.699050e+06 -3.121644e+06 6.011398e+03
-5.757576e-03 8.440833e+07 -1.293113e+05 2.475991e+05 3.804146e+07 -1.750023e+05 2.148761e+07 3.666471e+07 3.275267e+04 2.601862e+05 -3.807974e+07 -6.501435e+07 -7.916070e+04 -3.662624e+07 4.513787e+04 -1.276489e+05 -1.651657e+07 2.951232e+05 -4.338918e+07 -7.407929e+07 -9.077838e+04 4.177695e+07 -5.016529e+04 1.479246e+05 1.883927e+07 -7.407945e+07 1.129067e+05 -2.183336e+05 -3.338640e+07 -1.511041e+05 1.883840e+07 3.214429e+07 2.972920e+04
-5.555556e-03 -2.949442e+06 -8.946354e+03 -1.208166e+04 -1.259667e+06 -1.328687e+04 -7.492694e+05 -1.367720e+06 -4.777670e+03 -1.116761e+04 1.260951e+06 2.271709e+06 -6.367835e+03 1.366455e+06 -3.876761e+03 -8.742576e+03 5.759612e+05 -1.365492e+04 1.436781e+06 2.588476e+06 -7.649405e+03 -1.558453e+06 5.338410e+03 1.162169e+04 -6.568971e+05 2.588502e+06 7.457435e+03 9.886752e+03 1.105512e+06 -1.000082e+04 -6.569534e+05 -1.199221e+06 -3.484310e+03
-5.353535e-03 1.261836e+06 -2.731598e+04 6.469709e+03 6.647580e+05 -2.003559e+04 3.198010e+05 4.335866e+05 3.521887e+03 8.376346e+03 -6.652569e+05 -9.718707e+05 -1.844913e+04 -4.330421e+05 5.402700e+03 -1.373486e+04 -2.458602e+05 8.815153e+03 -7.580454e+05 -1.107434e+06 -2.132413e+04 4.940317e+05 -5.442764e+03 1.699177e+04 2.804618e+05 -1.107371e+06 2.367029e+04 -6.239649e+03 -5.833879e+05 -1.624141e+04 2.803451e+05 3.800587e+05 3.640731e+03
-5.151515e-03 4.500491e+06 -6.468850e+04 2.800961e+04 2.218283e+06 -2.974647e+04 1.138447e+06 1.747948e+06 1.771788e+04 3.173938e+04 -2.220012e+06 -3.466247e+06 -4.357656e+04 -1.746122e+06 2.140057e+04 -2.061327e+04 -8.752580e+05 3.556478e+04 -2.529655e+06 -3.949721e+06 -4.989812e+04 1.991686e+06 -2.381526e+04 2.463338e+04 9.983310e+05 -3.949599e+06 5.652643e+04 -2.504440e+04 -1.946753e+06 -2.495896e+04 9.980997e+05 1.532435e+06 1.599044e+04
-4.949495e-03 1.611806e+07 -2.475802e+05 1.171629e+05 7.965260e+06 -7.792950e+04 4.069391e+06 6.307517e+06 8.138999e+04 1.297639e+05 -7.971172e+06 -1.241389e+07 -1.669639e+05 -6.301256e+06 9.384291e+04 -5.430657e+04 -3.128783e+06 1.473533e+05 -9.083009e+06 -1.414542e+07 -1.904547e+05 7.187124e+06 -1.065304e+05 6.291977e+04 3.568629e+06 -1.414507e+07 2.170717e+05 -1.032143e+05 -6.990245e+06 -6.734668e+04 3.567824e+06 5.530066e+06 7.174637e+04
-4.747475e-03 1.857427e+07 -3.502122e+05 1.542903e+05 9.407455e+06 -9.545574e+04 4.680615e+06 7.081475e+06 1.144673e+05 1.711987e+05 -9.413858e+06 -1.430543e+07 -2.366260e+05 -7.074564e+06 1.311936e+05 -6.634021e+04 -3.598954e+06 1.946385e+05 -1.072702e+07 -1.630094e+07 -2.698048e+05 8.069053e+06 -1.491982e+05 7.653721e+04 4.104850e+06 -1.630046e+07 3.071690e+05 -1.357424e+05 -8.255827e+06 -8.282061e+04 4.103759e+06 6.208702e+06 1.006957e+05
-4.545455e-03 3.927324e+06 -9.756367e+04 3.680697e+04 2.080234e+06 -2.897187e+04 9.877968e+05 1.402346e+06 2.872904e+04 4.151057e+04 -2.081472e+06 -3.024660e+06 -6.603830e+04 -1.400948e+06 3.338744e+04 -1.998472e+04 -7.595835e+05 4.691559e+04 -2.371865e+06 -3.446648e+06 -7.539830e+04 1.597914e+06 -3.769765e+04 2.358214e+04 8.663568e+05 -3.446484e+06 8.547179e+04 -3.259808e+04 -1.825545e+06 -2.461386e+04 8.660560e+05 1.229486e+06 2.548261e+04
-4.343434e-03 -2.456456e+05 -3.653535e+03 -2.250281e+03 -8.992731e+04 -7.120673e+03 -6.173171e+04 -1.504685e+05 -1.719426e+03 -1.851031e+03 9.001222e+04 1.891839e+05 -2.500085e+03 1.503973e+05 -1.323303e+03 -4.824667e+03 4.746282e+04 -2.450683e+03 1.025684e+05 2.155679e+05 -2.976155e+03 -1.714648e+05 1.847370e+03 6.224397e+03 -5.411632e+04 2.155804e+05 3.078803e+03 1.711832e+03 7.891891e+04 -5.522244e+03 -5.414266e+04 -1.319812e+05 -1.247740e+03
-4.141414e-03 -1.584873e+06 3.880055e+04 -1.756707e+04 -8.365734e+05 1.320688e+03 -3.973157e+05 -6.130065e+05 -1.447886e+04 -1.897512e+04 8.370123e+05 1.220569e+06 2.627828e+04 6.125097e+05 -1.587566e+04 1.000138e+03 3.055487e+05 -2.192674e+04 9.538025e+05 1.390870e+06 2.983391e+04 -6.985154e+05 1.840773e+04 -4.738880e+02 -3.484699e+05 1.390818e+06 -3.416069e+04 1.518194e+04 7.341378e+05 1.824161e+03 -3.483788e+05 -5.375296e+05 -1.246348e+04
-3.939394e-03 -9.515907e+05 2.446843e+04 -1.131753e+04 -5.084310e+05 -1.411981e+03 -2.381863e+05 -3.775066e+05 -9.514047e+03 -1.210039e+04 5.086751e+05 7.328464e+05 1.657953e+04 3.772274e+05 -1.029122e+04 -9.027484e+02 1.831808e+05 -1.406094e+04 5.796564e+05 8.351016e+05 1.879550e+04 -4.301703e+05 1.200701e+04 1.650602e+03 -2.089066e+05 8.350720e+05 -2.156984e+04 9.722148e+03 4.461719e+05 -6.175615e+02 -2.088555e+05 -3.310456e+05 -8.134614e+03
-3.737374e-03 -6.785612e+05 1.872443e+04 -8.598748e+03 -3.695719e+05 -2.365759e+03 -1.695934e+05 -2.749249e+05 -7.348256e+03 -9.134644e+03 3.697314e+05 5.225728e+05 1.269379e+04 2.747392e+05 -7.880645e+03 -1.570572e+03 1.304340e+05 -1.065379e+04 4.213277e+05 5.954913e+05 1.437905e+04 -3.132812e+05 9.230399e+03 2.373593e+03 -1.487484e+05 5.954709e+05 -1.651767e+04 7.357518e+03 3.243139e+05 -1.492459e+03 -1.487132e+05 -2.411021e+05 -6.256644e+03
-3.535354e-03 -5.179378e+05 1.546581e+04 -6.947308e+03 -2.890111e+05 -2.818169e+03 -1.292654e+05 -2.144892e+05 -6.018831e+03 -7.345713e+03 2.891212e+05 3.988693e+05 1.048958e+04 2.143577e+05 -6.414900e+03 -1.889367e+03 9.942195e+04 -8.591029e+03 3.294711e+05 4.545289e+05 1.187707e+04 -2.444162e+05 7.534732e+03 2.704194e+03 -1.133794e+05 4.545136e+05 -1.364824e+04 5.926944e+03 2.536165e+05 -1.922084e+03 -1.133530e+05 -1.881115e+05 -5.109424e+03
-3.333333e-03 -4.107355e+05 1.333387e+04 -5.797720e+03 -2.359463e+05 -3.056039e+03 -1.023726e+05 -1.743127e+05 -5.081016e+03 -6.107848e+03 2.360243e+05 3.163085e+05 9.047417e+03 1.742166e+05 -5.389527e+03 -2.058393e+03 7.874103e+04 -7.158937e+03 2.689662e+05 3.604490e+05 1.024211e+04 -1.986358e+05 6.344000e+03 2.868604e+03 -8.979329e+04 3.604370e+05 -1.176891e+04 4.934683e+03 2.070488e+05 -2.158983e+03 -8.977259e+04 -1.528839e+05 -4.303502e+03
-3.131313e-03 -3.338658e+05 1.182370e+04 -4.933662e+03 -1.984331e+05 -3.184923e+03 -8.310805e+04 -1.457461e+05 -4.366135e+03 -5.182288e+03 1.984885e+05 2.571084e+05 8.025747e+03 1.456749e+05 -4.613619e+03 -2.151100e+03 6.392589e+04 -6.084939e+03 2.261933e+05 2.929891e+05 9.085175e+03 -1.660848e+05 5.439974e+03 2.949796e+03 -7.289728e+04 2.929794e+05 -1.043635e+04 4.191286e+03 1.741286e+05 -2.296503e+03 -7.288057e+04 -1.278359e+05 -3.691369e+03
-2.929293e-03 -2.760448e+05 1.069839e+04 -4.250739e+03 -1.706788e+05 -3.253165e+03 -6.863306e+04 -1.245335e+05 -3.793190e+03 -4.454127e+03 1.707178e+05 2.125788e+05 7.264333e+03 1.244804e+05 -3.995760e+03 -2.201186e+03 5.279376e+04 -5.237703e+03 1.945480e+05 2.422462e+05 8.223863e+03 -1.419133e+05 4.718005e+03 2.985590e+03 -6.020178e+04 2.422382e+05 -9.442480e+03 3.605441e+03 1.497726e+05 -2.377643e+03 -6.018803e+04 -1.092359e+05 -3.202301e+03
-2.727273e-03 -2.309947e+05 9.830258e+03 -3.691120e+03 -1.494832e+05 -3.285888e+03 -5.736827e+04 -1.082966e+05 -3.317387e+03 -3.859884e+03 1.495098e+05 1.778847e+05 6.676835e+03 1.082570e+05 -3.485563e+03 -2.226194e+03 4.413016e+04 -4.544588e+03 1.703810e+05 2.027111e+05 7.559923e+03 -1.234114e+05 4.120321e+03 2.995515e+03 -5.032169e+04 2.027044e+05 -8.675103e+03 3.126634e+03 1.311722e+05 -2.424911e+03 -5.031021e+04 -9.499844e+04 -2.797257e+03
-2.525253e-03 -1.949094e+05 9.143791e+03 -3.219657e+03 -1.329190e+05 -3.297267e+03 -4.835619e+04 -9.559006e+04 -2.911480e+03 -3.361089e+03 1.329362e+05 1.500948e+05 6.212200e+03 9.556096e+04 -3.052491e+03 -2.236043e+03 3.719885e+04 -3.961508e+03 1.514948e+05 1.710435e+05 7.035292e+03 -1.089325e+05 3.611850e+03 2.990504e+03 -4.241725e+04 1.710379e+05 -8.067848e+03 2.724211e+03 1.166362e+05 -2.451113e+03 -4.240758e+04 -8.385661e+04 -2.452538e+03
-2.323232e-03 -1.653340e+05 8.591266e+03 -2.813504e+03 -1.197523e+05 -3.295777e+03 -4.097935e+04 -8.548239e+04 -2.557710e+03 -2.932807e+03 1.197621e+05 1.273187e+05 5.838160e+03 8.546147e+04 -2.676713e+03 -2.236673e+03 3.152500e+04 -3.459847e+03 1.364826e+05 1.450890e+05 6.613288e+03 -9.741482e+04 3.169777e+03 2.977031e+03 -3.594695e+04 1.450842e+05 -7.578743e+03 2.378279e+03 1.050817e+05 -2.463984e+03 -3.593875e+04 -7.499349e+04 -2.152723e+03
-2.121212e-03 -1.406088e+05 8.140967e+03 -2.457025e+03 -1.091564e+05 -3.286700e+03 -3.482034e+04 -7.734573e+04 -2.243868e+03 -2.558018e+03 1.091603e+05 1.082778e+05 5.533275e+03 7.733128e+04 -2.344651e+03 -2.231797e+03 2.678764e+04 -3.020044e+03 1.244014e+05 1.233909e+05 6.269553e+03 -8.814309e+04 2.778450e+03 2.959083e+03 -3.054470e+04 1.233869e+05 -7.179885e+03 2.075244e+03 9.578316e+04 -2.468397e+03 -3.053773e+04 -6.785862e+04 -1.887235e+03
-1.919192e-03 -1.195681e+05 7.770998e+03 -2.139067e+03 -1.005572e+05 -3.273435e+03 -2.958608e+04 -7.074244e+04 -1.961198e+03 -2.224618e+03 1.005565e+05 9.207451e+04 5.282742e+03 7.073317e+04 -2.046605e+03 -2.223807e+03 2.276143e+04 -2.628167e+03 1.145971e+05 1.049264e+05 5.987274e+03 -8.061862e+04 2.426668e+03 2.939193e+03 -2.595350e+04 1.049229e+05 -6.852000e+03 1.805426e+03 8.823700e+04 -2.467532e+03 -2.594756e+04 -6.206827e+04 -1.648501e+03
-1.717172e-03 -1.013669e+05 7.465780e+03 -1.851395e+03 -9.354570e+04 -3.258221e+03 -2.506423e+04 -6.535934e+04 -1.703191e+03 -1.923691e+03 9.354123e+04 7.805806e+04 5.076027e+03 6.535423e+04 -1.775390e+03 -2.214287e+03 1.928307e+04 -2.273938e+03 1.066029e+05 8.895374e+04 5.754498e+03 -7.448453e+04 2.106124e+03 2.919003e+03 -2.198710e+04 8.895081e+04 -6.581368e+03 1.561691e+03 8.208405e+04 -2.463514e+03 -2.198206e+04 -5.734785e+04 -1.430904e+03
-1.515152e-03 -8.537544e+04 7.213974e+03 -1.587744e+03 -8.782375e+04 -3.242562e+03 -2.109658e+04 -6.096771e+04 -1.464859e+03 -1.648472e+03 8.781629e+04 6.574346e+04 4.905465e+03 6.096595e+04 -1.525524e+03 -2.204299e+03 1.623089e+04 -1.949547e+03 1.000791e+05 7.492040e+04 5.562529e+03 -6.948024e+04 1.810462e+03 2.899595e+03 -1.850674e+04 7.491793e+04 -6.357999e+03 1.338616e+03 7.706277e+04 -2.457793e+03 -1.850250e+04 -5.349683e+04 -1.230147e+03
-1.313131e-03 -7.111239e+04 7.007188e+03 -1.343212e+03 -8.317101e+04 -3.227480e+03 -1.756223e+04 -5.739808e+04 -1.242270e+03 -1.393683e+03 8.316114e+04 5.475995e+04 4.765382e+03 5.739901e+04 -1.292702e+03 -2.194572e+03 1.351193e+04 -1.648890e+03 9.477438e+04 6.240387e+04 5.404931e+03 -6.541261e+04 1.534685e+03 2.881689e+03 -1.540641e+04 6.240180e+04 -6.174498e+03 1.131970e+03 7.297977e+04 -2.451373e+03 -1.540288e+04 -5.036659e+04 -1.042850e+03
-1.111111e-03 -5.820058e+04 6.839145e+03 -1.113866e+03 -7.942294e+04 -3.213675e+03 -1.436653e+04 -5.452370e+04 -1.032243e+03 -1.155098e+03 7.941116e+04 4.481707e+04 4.651533e+03 5.452677e+04 -1.073453e+03 -2.185605e+03 1.105340e+04 -1.367075e+03 9.050111e+04 5.107316e+04 5.276896e+03 -6.213721e+04 1.274760e+03 2.865768e+03 -1.260309e+04 5.107147e+04 -6.025329e+03 9.383609e+02 6.969068e+04 -2.444956e+03 -1.260019e+04 -4.784600e+04 -8.662839e+02
-9.090909e-04 -4.633720e+04 6.705133e+03 -8.964696e+02 -7.645634e+04 -3.201632e+03 -1.143350e+04 -5.224952e+04 -8.321423e+02 -9.292491e+02 7.644307e+04 3.568162e+04 4.560733e+03 5.225428e+04 -8.649108e+02 -2.177743e+03 8.796883e+03 -1.100078e+03 8.711883e+04 4.066255e+04 5.174813e+03 -5.954575e+04 1.027346e+03 2.852156e+03 -1.003015e+04 4.066120e+04 -5.906338e+03 7.550018e+02 6.708736e+04 -2.439038e+03 -1.002784e+04 -4.585173e+04 -6.981881e+02
-7.070707e-04 -3.527275e+04 6.601635e+03 -6.882868e+02 -7.417950e+04 -3.191684e+03 -8.700589e+03 -5.050473e+04 -6.397203e+02 -7.132109e+02 7.416509e+04 2.716145e+04 4.490603e+03 5.051076e+04 -6.646401e+02 -2.171227e+03 6.694258e+03 -8.445038e+02 8.452296e+04 3.095306e+04 5.095988e+03 -5.755752e+04 7.896059e+02 2.841071e+03 -7.632714e+03 3.095203e+04 -5.814420e+03 5.795416e+02 6.508933e+04 -2.433965e+03 -7.630956e+03 -4.432168e+04 -5.366419e+02
-5.050505e-04 -2.479571e+04 6.526077e+03 -4.869446e+02 -7.252543e+04 -3.184056e+03 -6.114778e+03 -4.923755e+04 -4.530150e+02 -5.044509e+02 7.251020e+04 1.909367e+04 4.439402e+03 4.924450e+04 -4.705204e+02 -2.166220e+03 4.704762e+03 -5.974074e+02 8.263714e+04 2.175907e+04 5.038450e+03 -5.611355e+04 5.590619e+02 2.832655e+03 -5.364296e+03 2.175835e+04 -5.747305e+03 4.099425e+02 6.363782e+04 -2.429978e+03 -5.363059e+03 -4.321046e+04 -3.799687e+02
-3.030303e-04 -1.472107e+04 6.476654e+03 -2.903230e+02 -7.144731e+04 -3.178897e+03 -3.629723e+03 -4.841179e+04 -2.702628e+02 -3.007108e+02 7.143155e+04 1.133579e+04 4.405910e+03 4.841934e+04 -2.806508e+02 -2.162827e+03 2.792753e+03 -3.561603e+02 8.140796e+04 1.291823e+04 5.000818e+03 -5.517258e+04 3.334921e+02 2.827000e+03 -3.184246e+03 1.291780e+04 -5.703400e+03 2.443868e+02 6.269173e+04 -2.427238e+03 -3.183512e+03 -4.248632e+04 -2.266641e+02
-1.010101e-04 -4.881286e+03 6.452221e+03 -9.647015e+01 -7.091545e+04 -3.176296e+03 -1.203464e+03 -4.800448e+04 -8.983237e+01 -9.991365e+01 7.089944e+04 3.758775e+03 4.389352e+03 4.801233e+04 -9.327608e+01 -2.161116e+03 9.259627e+02 -1.183433e+02 8.080159e+04 4.283489e+03 4.982215e+03 -5.470845e+04 1.108430e+02 2.824160e+03 -1.055764e+03 4.283347e+03 -5.681693e+03 8.120182e+01 6.222500e+04 -2.425845e+03 -1.055521e+03 -4.212915e+04 -7.533729e+01
1.010101e-04 4.881286e+03 6.452221e+03 9.647015e+01 -7.091545e+04 -3.176296e+03 1.203464e+03 -4.800448e+04 8.983237e+01 9.991365e+01 7.089944e+04 -3.758775e+03 4.389352e+03 4.801233e+04 9.327608e+01 -2.161116e+03 -9.259627e+02 1.183433e+02 8.080159e+04 -4.283489e+03 4.982215e+03 -5.470845e+04 -1.108430e+02 2.824160e+03 1.055764e+03 -4.283347e+03 -5.681693e+03 -8.120182e+01 6.222500e+04 -2.425845e+03 1.055521e+03 -4.212915e+04 7.533729e+01
3.030303e-04 1.472107e+04 6.476654e+03 2.903230e+02 -7.144731e+04 -3.178897e+03 3.629723e+03 -4.841179e+04 2.702628e+02 3.007108e+02 7.143155e+04 -1.133579e+04 4.405910e+03 4.841934e+04 2.806508e+02 -2.162827e+03 -2.792753e+03 3.561603e+02 8.140796e+04 -1.291823e+04 5.000818e+03 -5.517258e+04 -3.334921e+02 2.827000e+03 3.184246e+03 -1.291780e+04 -5.703400e+03 -2.443868e+02 6.269173e+04 -2.427238e+03 3.183512e+03 -4.248632e+04 2.266641e+02
5.050505e-04 2.479571e+04 6.526077e+03 4.869446e+02 -7.252543e+04 -3.184056e+03 6.114778e+03 -4.923755e+04 4.530150e+02 5.044509e+02 7.251020e+04 -1.909367e+04 4.439402e+03 4.924450e+04 4.705204e+02 -2.166220e+03 -4.704762e+03 5.974074e+02 8.263714e+04 -2.175907e+04 5.038450e+03 -5.611355e+04 -5.590619e+02 2.832655e+03 5.364296e+03 -2.175835e+04 -5.747305e+03 -4.099425e+02 6.363782e+04 -2.429978e+03 5.363059e+03 -4.321046e+04 3.799687e+02
7.070707e-04 3.527275e+04 6.601635e+03 6.882868e+02 -7.417950e+04 -3.191684e+03 8.700589e+03 -5.050473e+04 6.397203e+02 7.132109e+02 7.416509e+04 -2.716145e+04 4.490603e+03 5.051076e+04 6.646401e+02 -2.171227e+03 -6.694258e+03 8.445038e+02 8.452296e+04 -3.095306e+04 5.095988e+03 -5.755752e+04 -7.896059e+02 2.841071e+03 7.632714e+03 -3.095203e+04 -5.814420e+03 -5.795416e+02 6.508933e+04 -2.433965e+03 7.630956e+03 -4.432168e+04 5.366419e+02
9.090909e-04 4.633720e+04 6.705133e+03 8.964696e+02 -7.645634e+04 -3.201632e+03 1.143350e+04 -5.224952e+04 8.321423e+02 9.292491e+02 7.644307e+04 -3.568162e+04 4.560733e+03 5.225428e+04 8.649108e+02 -2.177743e+03 -8.796883e+03 1.100078e+03 8.711883e+04 -4.066255e+04 5.174813e+03 -5.954575e+04 -1.027346e+03 2.852156e+03 1.003015e+04 -4.066120e+04 -5.906338e+03 -7.550018e+02 6.708736e+04 -2.439038e+03 1.002784e+04 -4.585173e+04 6.981881e+02
1.111111e-03 5.820058e+04 6.839145e+03 1.113866e+03 -7.942294e+04 -3.213675e+03 1.436653e+04 -5.452370e+04 1.032243e+03 1.155098e+03 7.941116e+04 -4.481707e+04 4.651533e+03 5.452677e+04 1.073453e+03 -2.185605e+03 -1.105340e+04 1.367075e+03 9.050111e+04 -5.107316e+04 5.276896e+03 -6.213721e+04 -1.274760e+03 2.865768e+03 1.260309e+04 -5.107147e+04 -6.025329e+03 -9.383609e+02 6.969068e+04 -2.444956e+03 1.260019e+04 -4.784600e+04 8.662839e+02
1.313131e-03 7.111239e+04 7.007188e+03 1.343212e+03 -8.317101e+04 -3.227480e+03 1.756223e+04 -5.739808e+04 1.242270e+03 1.393683e+03 8.316114e+04 -5.475995e+04 4.765382e+03 5.739901e+04 1.292702e+03 -2.194572e+03 -1.351193e+04 1.648890e+03 9.477438e+04 -6.240387e+04 5.404931e+03 -6.541261e+04 -1.534685e+03 2.881689e+03 1.540641e+04 -6.240180e+04 -6.174498e+03 -1.131970e+03 7.297977e+04 -2.451373e+03 1.540288e+04 -5.036659e+04 1.042850e+03
1.515152e-03 8.537544e+04 7.213974e+03 1.587744e+03 -8.782375e+04 -3.242562e+03 2.109658e+04 -6.096771e+04 1.464859e+03 1.648472e+03 8.781629e+04 -6.574346e+04 4.905465e+03 6.096595e+04 1.525524e+03 -2.204299e+03 -1.623089e+04 1.949547e+03 1.000791e+05 -7.492040e+04 5.562529e+03 -6.948024e+04 -1.810462e+03 2.899595e+03 1.850674e+04 -7.491793e+04 -6.357999e+03 -1.338616e+03 7.706277e+04 -2.457793e+03 1.850250e+04 -5.349683e+04 1.230147e+03
1.717172e-03 1.013669e+05 7.465780e+03 1.851395e+03 -9.354570e+04 -3.258221e+03 2.506423e+04 -6.535934e+04 1.703191e+03 1.923691e+03 9.354123e+04 -7.805806e+04 5.076027e+03 6.535423e+04 1.775390e+03 -2.214287e+03 -1.928307e+04 2.273938e+03 1.066029e+05 -8.895374e+04 5.754498e+03 -7.448453e+04 -2.106124e+03 2.919003e+03 2.198710e+04 -8.895081e+04 -6.581368e+03 -1.561691e+03 8.208405e+04 -2.463514e+03 2.198206e+04 -5.734785e+04 1.430904e+03
1.919192e-03 1.195681e+05 7.770998e+03 2.139067e+03 -1.005572e+05 -3.273435e+03 2.958608e+04 -7.074244e+04 1.961198e+03 2.224618e+03 1.005565e+05 -9.207451e+04 5.282742e+03 7.073317e+04 2.046605e+03 -2.223807e+03 -2.276143e+04 2.628167e+03 1.145971e+05 -1.049264e+05 5.987274e+03 -8.061862e+04 -2.426668e+03 2.939193e+03 2.595350e+04 -1.049229e+05 -6.852000e+03 -1.805426e+03 8.823700e+04 -2.467532e+03 2.594756e+04 -6.206827e+04 1.648501e+03
2.121212e-03 1.406088e+05 8.140967e+03 2.457025e+03 -1.091564e+05 -3.286700e+03 3.482034e+04 -7.734573e+04 2.243868e+03 2.558018e+03 1.091603e+05 -1.082778e+05 5.533275e+03 7.733128e+04 2.344651e+03 -2.231797e+03 -2.678764e+04 3.020044e+03 1.244014e+05 -1.233909e+05 6.269553e+03 -8.814309e+04 -2.778450e+03 2.959083e+03 3.054470e+04 -1.233869e+05 -7.179885e+03 -2.075244e+03 9.578316e+04 -2.468397e+03 3.053773e+04 -6.785862e+04 1.887235e+03
2.323232e-03 1.653340e+05 8.591266e+03 2.813504e+03 -1.197523e+05 -3.295777e+03 4.097935e+04 -8.548239e+04 2.557710e+03 2.932807e+03 1.197621e+05 -1.273187e+05 5.838160e+03 8.546147e+04 2.676713e+03 -2.236673e+03 -3.152500e+04 3.459847e+03 1.364826e+05 -1.450890e+05 6.613288e+03 -9.741482e+04 -3.169777e+03 2.977031e+03 3.594695e+04 -1.450842e+05 -7.578743e+03 -2.378279e+03 1.050817e+05 -2.463984e+03 3.593875e+04 -7.499349e+04 2.152723e+03
2.525253e-03 1.949094e+05 9.143791e+03 3.219657e+03 -1.329190e+05 -3.297267e+03 4.835619e+04 -9.559006e+04 2.911480e+03 3.361089e+03 1.329362e+05 -1.500948e+05 6.212200e+03 9.556096e+04 3.052491e+03 -2.236043e+03 -3.719885e+04 3.961508e+03 1.514948e+05 -1.710435e+05 7.035292e+03 -1.089325e+05 -3.611850e+03 2.990504e+03 4.241725e+04 -1.710379e+05 -8.067848e+03 -2.724211e+03 1.166362e+05 -2.451113e+03 4.240758e+04 -8.385661e+04 2.452538e+03
2.727273e-03 2.309947e+05 9.830258e+03 3.691120e+03 -1.494832e+05 -3.285888e+03 5.736827e+04 -1.082966e+05 3.317387e+03 3.859884e+03 1.495098e+05 -1.778847e+05 6.676835e+03 1.082570e+05 3.485563e+03 -2.226194e+03 -4.413016e+04 4.544588e+03 1.703810e+05 -2.027111e+05 7.559923e+03 -1.234114e+05 -4.120321e+03 2.995515e+03 5.032169e+04 -2.027044e+05 -8.675103e+03 -3.126634e+03 1.311722e+05 -2.424911e+03 5.031021e+04 -9.499844e+04 2.797257e+03
2.929293e-03 2.760448e+05 1.069839e+04 4.250739e+03 -1.706788e+05 -3.253165e+03 6.863306e+04 -1.245335e+05 3.793190e+03 4.454127e+03 1.707178e+05 -2.125788e+05 7.264333e+03 1.244804e+05 3.995760e+03 -2.201186e+03 -5.279376e+04 5.237703e+03 1.945480e+05 -2.422462e+05 8.223863e+03 -1.419133e+05 -4.718005e+03 2.985590e+03 6.020178e+04 -2.422382e+05 -9.442480e+03 -3.605441e+03 1.497726e+05 -2.377643e+03 6.018803e+04 -1.092359e+05 3.202301e+03
3.131313e-03 3.338658e+05 1.182370e+04 4.933662e+03 -1.984331e+05 -3.184923e+03 8.310805e+04 -1.457461e+05 4.366135e+03 5.182288e+03 1.984885e+05 -2.571084e+05 8.025747e+03 1.456749e+05 4.613619e+03 -2.151100e+03 -6.392589e+04 6.084939e+03 2.261933e+05 -2.929891e+05 9.085175e+03 -1.660848e+05 -5.439974e+03 2.949796e+03 7.289728e+04 -2.929794e+05 -1.043635e+04 -4.191286e+03 1.741286e+05 -2.296503e+03 7.288057e+04 -1.278359e+05 3.691369e+03
3.333333e-03 4.107355e+05 1.333387e+04 5.797720e+03 -2.359463e+05 -3.056039e+03 1.023726e+05 -1.743127e+05 5.081016e+03 6.107848e+03 2.360243e+05 -3.163085e+05 9.047417e+03 1.742166e+05 5.389527e+03 -2.058393e+03 -7.874103e+04 7.158937e+03 2.689662e+05 -3.604490e+05 1.024211e+04 -1.986358e+05 -6.344000e+03 2.868604e+03 8.979329e+04 -3.604370e+05 -1.176891e+04 -4.934683e+03 2.070488e+05 -2.158983e+03 8.977259e+04 -1.528839e+05 4.303502e+03
3.535354e-03 5.179378e+05 1.546581e+04 6.947308e+03 -2.890111e+05 -2.818169e+03 1.292654e+05 -2.144892e+05 6.018831e+03 7.345713e+03 2.891212e+05 -3.988693e+05 1.048958e+04 2.143577e+05 6.414900e+03 -1.889367e+03 -9.942195e+04 8.591029e+03 3.294711e+05 -4.545289e+05 1.187707e+04 -2.444162e+05 -7.534732e+03 2.704194e+03 1.133794e+05 -4.545136e+05 -1.364824e+04 -5.926944e+03 2.536165e+05 -1.922084e+03 1.133530e+05 -1.881115e+05 5.109424e+03
3.737374e-03 6.785612e+05 1.872443e+04 8.598748e+03 -3.695719e+05 -2.365759e+03 1.695934e+05 -2.749249e+05 7.348256e+03 9.134644e+03 3.697314e+05 -5.225728e+05 1.269379e+04 2.747392e+05 7.880645e+03 -1.570572e+03 -1.304340e+05 1.065379e+04 4.213277e+05 -5.954913e+05 1.437905e+04 -3.132812e+05 -9.230399e+03 2.373593e+03 1.487484e+05 -5.954709e+05 -1.651767e+04 -7.357518e+03 3.243139e+05 -1.492459e+03 1.487132e+05 -2.411021e+05 6.256644e+03
3.939394e-03 9.515907e+05 2.446843e+04 1.131753e+04 -5.084310e+05 -1.411981e+03 2.381863e+05 -3.775066e+05 9.514047e+03 1.210039e+04 5.086751e+05 -7.328464e+05 1.657953e+04 3.772274e+05 1.029122e+04 -9.027484e+02 -1.831808e+05 1.406094e+04 5.796564e+05 -8.351016e+05 1.879550e+04 -4.301703e+05 -1.200701e+04 1.650602e+03 2.089066e+05 -8.350720e+05 -2.156984e+04 -9.722148e+03 4.461719e+05 -6.175615e+02 2.088555e+05 -3.310456e+05 8.134614e+03
4.141414e-03 1.584873e+06 3.880055e+04 1.756707e+04 -8.365734e+05 1.320688e+03 3.973157e+05 -6.130065e+05 1.447886e+04 1.897512e+04 8.370123e+05 -1.220569e+06 2.627828e+04 6.125097e+05 1.587566e+04 1.000138e+03 -3.055487e+05 2.192674e+04 9.538025e+05 -1.390870e+06 2.983391e+04 -6.985154e+05 -1.840773e+04 -4.738880e+02 3.484699e+05 -1.390818e+06 -3.416069e+04 -1.518194e+04 7.341378e+05 1.824161e+03 3.483788e+05 -5.375296e+05 1.246348e+04
4.343434e-03 2.456456e+05 -3.653535e+03 2.250281e+03 -8.992731e+04 -7.120673e+03 6.173171e+04 -1.504685e+05 1.719426e+03 1.851031e+03 9.001222e+04 -1.891839e+05 -2.500085e+03 1.503973e+05 1.323303e+03 -4.824667e+03 -4.746282e+04 2.450683e+03 1.025684e+05 -2.155679e+05 -2.976155e+03 -1.714648e+05 -1.847370e+03 6.224397e+03 5.411632e+04 -2.155804e+05 3.078803e+03 -1.711832e+03 7.891891e+04 -5.522244e+03 5.414266e+04 -1.319812e+05 1.247740e+03
4.545455e-03 -3.927324e+06 -9.756367e+04 -3.680697e+04 2.080234e+06 -2.897187e+04 -9.877968e+05 1.402346e+06 -2.872904e+04 -4.151057e+04 -2.081472e+06 3.024660e+06 -6.603830e+04 -1.400948e+06 -3.338744e+04 -1.998472e+04 7.595835e+05 -4.691559e+04 -2.371865e+06 3.446648e+06 -7.539830e+04 1.597914e+06 3.769765e+04 2.358214e+04 -8.663568e+05 3.446484e+06 8.547179e+04 3.259808e+04 -1.825545e+06 -2.461386e+04 -8.660560e+05 1.229486e+06 -2.548261e+04
4.747475e-03 -1.857427e+07 -3.502122e+05 -1.542903e+05 9.407455e+06 -9.545574e+04 -4.680615e+06 7.081475e+06 -1.144673e+05 -1.711987e+05 -9.413858e+06 1.430543e+07 -2.366260e+05 -7.074564e+06 -1.311936e+05 -6.634021e+04 3.598954e+06 -1.946385e+05 -1.072702e+07 1.630094e+07 -2.698048e+05 8.069053e+06 1.491982e+05 7.653721e+04 -4.104850e+06 1.630046e+07 3.071690e+05 1.357424e+05 -8.255827e+06 -8.282061e+04 -4.103759e+06 6.208702e+06 -1.006957e+05
4.949495e-03 -1.611806e+07 -2.475802e+05 -1.171629e+05 7.965260e+06 -7.792950e+04 -4.069391e+06 6.307517e+06 -8.138999e+04 -1.297639e+05 -7.971172e+06 1.241389e+07 -1.669639e+05 -6.301256e+06 -9.384291e+04 -5.430657e+04 3.128783e+06 -1.473533e+05 -9.083009e+06 1.414542e+07 -1.904547e+05 7.187124e+06 1.065304e+05 6.291977e+04 -3.568629e+06 1.414507e+07 2.170717e+05 1.032143e+05 -6.990245e+06 -6.734668e+04 -3.567824e+06 5.530066e+06 -7.174637e+04
5.151515e-03 -4.500491e+06 -6.468850e+04 -2.800961e+04 2.218283e+06 -2.974647e+04 -1.138447e+06 1.747948e+06 -1.771788e+04 -3.173938e+04 -2.220012e+06 3.466247e+06 -4.357656e+04 -1.746122e+06 -2.140057e+04 -2.061327e+04 8.752580e+05 -3.556478e+04 -2.529655e+06 3.949721e+06 -4.989812e+04 1.991686e+06 2.381526e+04 2.463338e+04 -9.983310e+05 3.949599e+06 5.652643e+04 2.504440e+04 -1.946753e+06 -2.495896e+04 -9.980997e+05 1.532435e+06 -1.599044e+04
5.353535e-03 -1.261836e+06 -2.731598e+04 -6.469709e+03 6.647580e+05 -2.003559e+04 -3.198010e+05 4.335866e+05 -3.521887e+03 -8.376346e+03 -6.652569e+05 9.718707e+05 -1.844913e+04 -4.330421e+05 -5.402700e+03 -1.373486e+04 2.458602e+05 -8.815153e+03 -7.580454e+05 1.107434e+06 -2.132413e+04 4.940317e+05 5.442764e+03 1.699177e+04 -2.804618e+05 1.107371e+06 2.367029e+04 6.239649e+03 -5.833879e+05 -1.624141e+04 -2.803451e+05 3.800587e+05 -3.640731e+03
5.555556e-03 2.949442e+06 -8.946354e+03 1.208166e+04 -1.259667e+06 -1.328687e+04 7.492694e+05 -1.367720e+06 4.777670e+03 1.116761e+04 1.260951e+06 -2.271709e+06 -6.367835e+03 1.366455e+06 3.876761e+03 -8.742576e+03 -5.759612e+05 1.365492e+04 1.436781e+06 -2.588476e+06 -7.649405e+03 -1.558453e+06 -5.338410e+03 1.162169e+04 6.568971e+05 -2.588502e+06 7.457435e+03 -9.886752e+03 1.105512e+06 -1.000082e+04 6.569534e+05 -1.199221e+06 3.484310e+03
5.757576e-03 -8.440833e+07 -1.293113e+05 -2.475991e+05 3.804146e+07 -1.750023e+05 -2.148761e+07 3.666471e+07 -3.275267e+04 -2.601862e+05 -3.807974e+07 6.501435e+07 -7.916070e+04 -3.662624e+07 -4.513787e+04 -1.276489e+05 1.651657e+07 -2.951232e+05 -4.338918e+07 7.407929e+07 -9.077838e+04 4.177695e+07 5.016529e+04 1.479246e+05 -1.883927e+07 7.407945e+07 1.129067e+05 2.183336e+05 -3.338640e+07 -1.511041e+05 -1.883840e+07 3.214429e+07 -2.972920e+04
5.959596e-03 7.595416e+06 -5.245140e+04 1.468259e+04 -3.187046e+06 -2.881638e+04 1.937890e+06 -3.560455e+06 -5.361327e+03 1.126903e+04 3.190665e+06 -5.850356e+06 -3.646987e+04 3.556894e+06 -8.717339e+03 -1.875517e+04 -1.489465e+06 1.457424e+04 3.635492e+06 -6.665982e+06 -4.232111e+04 -4.056889e+06 8.237353e+03 2.433636e+04 1.698844e+06 -6.666067e+06 4.526591e+04 -1.155031e+04 2.797089e+06 -2.232308e+04 1.699050e+06 -3.121644e+06 -6.011398e+03
6.161616e-03 7.740807e+07 -4.772873e+04 3.863677e+04 -3.501465e+07 3.550372e+05 1.979434e+07 -3.369098e+07 -1.715950e+05 5.167053e+04 3.505269e+07 -5.962476e+07 -4.132136e+04 3.365268e+07 -1.587985e+05 2.501389e+05 -1.521302e+07 4.278080e+04 3.993972e+07 -6.793760e+07 -3.977560e+04 -3.838749e+07 1.969522e+05 -3.121601e+05 1.735344e+07 -6.793642e+07 4.920325e+04 -4.630551e+04 3.073026e+07 2.844489e+05 1.735285e+07 -2.953545e+07 -1.382780e+05
6.363636e-03 -1.498933e+06 -2.010100e+04 1.312390e+03 7.661849e+05 -2.976063e+04 -3.841214e+05 5.499824e+05 5.433553e+03 -8.376476e+02 -7.669264e+05 1.154576e+06 -1.347658e+04 -5.492111e+05 3.324295e+03 -2.040123e+04 2.952140e+05 5.207262e+02 -8.738584e+05 1.315568e+06 -1.602998e+04 6.266335e+05 -5.239858e+03 2.567198e+04 -3.368076e+05 1.315502e+06 1.696615e+04 -1.552381e+01 -6.724282e+05 -2.369232e+04 -3.366837e+05 4.820301e+05 3.650756e+03
6.565657e-03 2.521631e+06 -1.275809e+04 -5.441166e+03 -1.128417e+06 1.211473e+04 6.479178e+05 -1.133281e+06 -1.276237e+04 -5.477315e+03 1.129745e+06 -1.942382e+06 -8.987680e+03 1.131953e+06 -1.279828e+04 8.550852e+03 -4.978889e+05 -7.021772e+03 1.287229e+06 -2.213138e+06 -9.865033e+03 -1.291256e+06 1.536506e+04 -1.101786e+04 5.679699e+05 -2.213135e+06 1.157308e+04 4.173956e+03 9.903638e+05 9.357907e+03 5.679732e+05 -9.934688e+05 -1.059930e+04
6.767677e-03 -2.869596e+07 -7.499726e+04 9.827624e+04 1.377390e+07 -3.990341e+05 -7.391407e+06 1.182676e+07 1.846613e+05 7.744450e+04 -1.379036e+07 2.210637e+07 -4.705439e+04 -1.181004e+07 1.642964e+05 -2.749796e+05 5.679272e+06 1.112441e+05 -1.571273e+07 2.518799e+07 -6.460832e+04 1.347388e+07 -2.099498e+05 3.499089e+05 -6.479375e+06 2.518516e+07 5.481394e+04 -6.853130e+04 -1.208874e+07 -3.136208e+05 -6.478682e+06 1.036631e+07 1.445652e+05
6.969697e-03 -2.357889e+06 -1.933337e+04 1.114077e+04 1.185609e+06 -4.910145e+04 -6.087176e+05 9.090389e+05 1.827177e+04 8.098043e+03 -1.186915e+06 1.816306e+06 -1.280220e+04 -9.077055e+05 1.529717e+04 -3.368270e+04 4.677308e+05 1.204991e+04 -1.352367e+06 2.069501e+06 -1.594855e+04 1.035710e+06 -2.021195e+04 4.278226e+04 -5.336715e+05 2.069410e+06 1.560470e+04 -7.603161e+03 -1.040558e+06 -3.868982e+04 -5.335030e+05 7.966895e+05 1.389512e+04
7.171717e-03 -1.479232e+05 -1.146297e+04 6.365640e+02 1.066635e+05 -1.246837e+04 -3.822493e+04 1.125085e+04 1.040079e+03 -4.426238e+02 -1.067428e+05 1.139429e+05 -7.763988e+03 -1.116390e+04 -1.403559e+01 -8.489841e+03 2.938077e+04 1.405404e+02 -1.216263e+05 1.298413e+05 -9.153065e+03 1.280847e+04 -6.139352e+02 1.065301e+04 -3.354138e+04 1.298105e+05 9.753350e+03 -6.191740e+01 -9.361049e+04 -9.963042e+03 -3.348209e+04 9.805725e+03 4.277809e+02
7.373737e-03 3.053319e+06 5.143907e+03 -2.336742e+04 -1.499678e+06 5.703643e+04 7.924752e+05 -1.261254e+06 -3.328284e+04 -2.056664e+04 1.501496e+06 -2.352113e+06 3.022179e+03 1.259419e+06 -3.055222e+04 3.920651e+04 -6.088246e+05 -2.716075e+04 1.710763e+06 -2.679924e+06 5.321986e+03 -1.436990e+06 3.849245e+04 -5.033374e+04 6.946816e+05 -2.679834e+06 -2.633927e+03 1.763744e+04 1.316232e+06 4.439704e+04 6.945330e+05 -1.105399e+06 -2.637891e+04
7.575758e-03 1.608027e+06 4.665372e+02 -1.472044e+04 -7.910233e+05 3.093637e+04 4.184948e+05 -6.736081e+05 -2.011243e+04 -1.329766e+04 7.920102e+05 -1.238762e+06 5.668874e+01 6.726146e+05 -1.872714e+04 2.126791e+04 -3.214871e+05 -1.727001e+04 9.023866e+05 -1.411391e+06 1.153529e+03 -7.674608e+05 2.343038e+04 -2.741086e+04 3.668359e+05 -1.411348e+06 6.807022e+02 1.128740e+04 6.942689e+05 2.397370e+04 3.667612e+05 -5.903612e+05 -1.604205e+04
7.777778e-03 1.005827e+06 -1.357965e+03 -1.077539e+04 -4.952221e+05 1.967425e+04 2.625032e+05 -4.285219e+05 -1.426050e+04 -9.941879e+03 4.958582e+05 -7.748672e+05 -1.092554e+03 4.278829e+05 -1.345012e+04 1.352924e+04 -2.016383e+05 -1.274258e+04 5.649573e+05 -8.828388e+05 -5.027146e+02 -4.882242e+05 1.672266e+04 -1.751375e+04 2.300889e+05 -8.828140e+05 1.934788e+03 8.367204e+03 4.346528e+05 1.516905e+04 2.300458e+05 -3.755601e+05 -1.144083e+04
7.979798e-03 7.277371e+05 -1.918197e+03 -8.952824e+03 -3.595428e+05 1.467581e+04 1.904684e+05 -3.142774e+05 -1.155651e+04 -8.369948e+03 3.600166e+05 -5.606455e+05 -1.431513e+03 3.138024e+05 -1.099063e+04 1.009298e+04 -1.462940e+05 -1.063811e+04 4.101824e+05 -6.387595e+05 -1.041998e+03 -3.580605e+05 1.361054e+04 -1.311621e+04 1.669418e+05 -6.387424e+05 2.273229e+03 7.009041e+03 3.155709e+05 1.126436e+04 1.669122e+05 -2.754317e+05 -9.305981e+03
8.181818e-03 5.616985e+05 -2.116657e+03 -7.822850e+03 -2.788221e+05 1.172830e+04 1.474391e+05 -2.455893e+05 -9.897100e+03 -7.382173e+03 2.791980e+05 -4.327400e+05 -1.541288e+03 2.452129e+05 -9.469909e+03 8.066168e+03 -1.132351e+05 -9.326491e+03 3.180997e+05 -4.930272e+05 -1.257327e+03 -2.798014e+05 1.169369e+04 -1.052028e+04 1.292219e+05 -4.930145e+05 2.357051e+03 6.160707e+03 2.447244e+05 8.964018e+03 1.291999e+05 -2.152308e+05 -7.991258e+03
8.383838e-03 4.506811e+05 -2.168975e+03 -7.025583e+03 -2.249532e+05 9.755125e+03 1.186489e+05 -1.993915e+05 -8.742845e+03 -6.676729e+03 2.252631e+05 -3.472187e+05 -1.559885e+03 1.990816e+05 -8.405177e+03 6.709185e+03 -9.111639e+04 -8.396947e+03 2.566479e+05 -3.955869e+05 -1.339076e+03 -2.271663e+05 1.035604e+04 -8.780727e+03 1.039846e+05 -3.955770e+05 2.342337e+03 5.557856e+03 1.974450e+05 7.425639e+03 1.039674e+05 -1.747413e+05 -7.073994e+03
8.585859e-03 3.713775e+05 -2.153362e+03 -6.420276e+03 -1.865058e+05 8.332831e+03 9.806602e+04 -1.662130e+05 -7.880005e+03 -6.135392e+03 1.867679e+05 -2.861275e+05 -1.537006e+03 1.659512e+05 -7.604682e+03 5.731004e+03 -7.530359e+04 -7.688573e+03 2.127876e+05 -3.259817e+05 -1.356817e+03 -1.893648e+05 9.353229e+03 -7.525655e+03 8.594205e+04 -3.259737e+05 2.284772e+03 5.097147e+03 1.637005e+05 6.317870e+03 8.592827e+04 -1.456627e+05 -6.386507e+03
8.787879e-03 3.121590e+05 -2.104293e+03 -5.938519e+03 -1.577989e+05 7.256017e+03 8.268202e+04 -1.413105e+05 -7.203863e+03 -5.700524e+03 1.580249e+05 -2.405085e+05 -1.494369e+03 1.410850e+05 -6.974216e+03 4.990426e+03 -6.348512e+04 -7.123007e+03 1.800390e+05 -2.740051e+05 -1.341544e+03 -1.609926e+05 8.565401e+03 -6.574615e+03 7.245695e+04 -2.739985e+05 2.208359e+03 4.728313e+03 1.385050e+05 5.480010e+03 7.244564e+04 -1.238375e+05 -5.846531e+03
8.989899e-03 2.664867e+05 -2.038767e+03 -5.542297e+03 -1.356485e+05 6.411487e+03 7.080535e+04 -1.220080e+05 -6.656009e+03 -5.339954e+03 1.358462e+05 -2.053245e+05 -1.442565e+03 1.218109e+05 -6.461076e+03 4.409618e+03 -5.436137e+04 -6.656606e+03 1.547695e+05 -2.339180e+05 -1.308758e+03 -1.390006e+05 7.925601e+03 -5.828120e+03 6.204643e+04 -2.339125e+05 2.124576e+03 4.423372e+03 1.190639e+05 4.823512e+03 6.203698e+04 -1.069205e+05 -5.408111e+03
9.191919e-03 2.303755e+05 -1.965762e+03 -5.208453e+03 -1.181188e+05 5.731186e+03 6.140515e+04 -1.066700e+05 -6.200855e+03 -5.033990e+03 1.182939e+05 -1.775056e+05 -1.387114e+03 1.064956e+05 -6.033055e+03 3.941777e+03 -4.714028e+04 -6.262730e+03 1.347711e+05 -2.022226e+05 -1.266809e+03 -1.215256e+05 7.392977e+03 -5.226335e+03 5.380681e+04 -2.022179e+05 2.039244e+03 4.165238e+03 1.036783e+05 4.295159e+03 5.379881e+04 -9.347808e+04 -5.043209e+03
9.393939e-03 2.012508e+05 -1.890227e+03 -4.921907e+03 -1.039621e+05 5.171525e+03 5.381541e+04 -9.423720e+04 -5.815278e+03 -4.769735e+03 1.041186e+05 -1.550689e+05 -1.330999e+03 9.408138e+04 -5.669160e+03 3.556922e+03 -4.131014e+04 -5.923988e+03 1.186205e+05 -1.766594e+05 -1.220417e+03 -1.073606e+05 6.940949e+03 -4.730916e+03 4.715425e+04 -1.766553e+05 1.955381e+03 3.942753e+03 9.125301e+04 3.860874e+03 4.714740e+04 -8.258201e+04 -4.733581e+03
9.595960e-03 1.773742e+05 -1.814944e+03 -4.672323e+03 -9.233698e+04 4.703195e+03 4.758625e+04 -8.399279e+04 -5.483500e+03 -4.538298e+03 9.247814e+04 -1.366748e+05 -1.275855e+03 8.385239e+04 -5.355026e+03 3.234893e+03 -3.652531e+04 -5.628432e+03 1.053580e+05 -1.557023e+05 -1.172331e+03 -9.568897e+04 6.551348e+03 -4.316070e+03 4.169437e+04 -1.556988e+05 1.874542e+03 3.748245e+03 8.104974e+04 3.497757e+03 4.168844e+04 -7.360388e+04 -4.466760e+03
9.797980e-03 1.575292e+05 -1.741479e+03 -4.452325e+03 -8.265590e+04 4.305718e+03 4.240291e+04 -7.543412e+04 -5.194328e+03 -4.333299e+03 8.278407e+04 -1.213865e+05 -1.222567e+03 7.530671e+04 -5.080429e+03 2.961603e+03 -3.254395e+04 -5.367523e+03 9.431312e+04 -1.382838e+05 -1.124181e+03 -8.593794e+04 6.211272e+03 -3.963770e+03 3.715123e+04 -1.382807e+05 1.797480e+03 3.576220e+03 7.255268e+04 3.189814e+03 3.714607e+04 -6.610319e+04 -4.233890e+03
1.000000e-02 1.408403e+05 -1.670690e+03 -4.256479e+03 -7.449630e+04 3.964334e+03 3.803872e+04 -6.819867e+04 -4.939571e+03 -4.150011e+03 7.461339e+04 -1.085295e+05 -1.171587e+03 6.808234e+04 -4.837866e+03 2.726898e+03 -2.919189e+04 -5.134952e+03 8.500397e+04 -1.236354e+05 -1.076931e+03 -7.769452e+04 5.911261e+03 -3.661013e+03 3.332615e+04 -1.236327e+05 1.724498e+03 3.422619e+03 6.539099e+04 2.925521e+03 3.332162e+04 -5.976222e+04 -4.028482e+03
