-1.000000e-02 -2.342519e+04 3.844446e+03 4.395691e+03 -5.111197e+04 -1.948676e+03 -1.191164e+05 -5.695108e+04 3.726093e+03 4.315110e+03 5.100306e+04 1.795081e+04 2.644159e+03 5.706052e+04 3.640762e+03 -1.358656e+03 9.179394e+04 5.266715e+03 5.822904e+04 2.050955e+04 3.534209e+03 -6.500738e+04 -4.506614e+03 1.329263e+03 -1.045684e+05 2.050459e+04 -2.852827e+03 -3.588841e+03 4.477008e+04 -1.929278e+03 -1.045651e+05 -4.998986e+04 2.994161e+03
-9.797980e-03 -2.568087e+04 4.123396e+03 4.581272e+03 -5.555691e+04 -2.035677e+03 -1.312159e+05 -6.214635e+04 3.863953e+03 4.492450e+03 5.543941e+04 1.968185e+04 2.835825e+03 6.226435e+04 3.770087e+03 -1.419974e+03 1.011151e+05 5.485685e+03 6.329327e+04 2.248585e+04 3.780744e+03 -7.093641e+04 -4.670915e+03 1.392610e+03 -1.151884e+05 2.248030e+04 -3.069507e+03 -3.738714e+03 4.866389e+04 -2.012167e+03 -1.151848e+05 -5.454966e+04 3.102098e+03
-9.595960e-03 -2.828829e+04 4.439850e+03 4.787128e+03 -6.066566e+04 -2.128414e+03 -1.452260e+05 -6.814200e+04 4.015220e+03 4.688729e+03 6.053836e+04 2.168293e+04 3.053273e+03 6.826977e+04 3.911441e+03 -1.485497e+03 1.119081e+05 5.728306e+03 6.911382e+04 2.477039e+04 4.060346e+03 -7.777876e+04 -4.851019e+03 1.459880e+03 -1.274854e+05 2.476416e+04 -3.315411e+03 -3.904788e+03 5.313925e+04 -2.100960e+03 -1.274814e+05 -5.981191e+04 3.220186e+03
-9.393939e-03 -3.132670e+04 4.801705e+03 5.017115e+03 -6.658510e+04 -2.227197e+03 -1.615791e+05 -7.511894e+04 4.182251e+03 4.907491e+03 6.644652e+04 2.401490e+04 3.301933e+03 7.525795e+04 4.066861e+03 -1.555500e+03 1.245060e+05 5.999039e+03 7.585804e+04 2.743262e+04 4.379965e+03 -8.574086e+04 -5.049674e+03 1.531206e+03 -1.418388e+05 2.742560e+04 -3.596709e+03 -4.090121e+03 5.832486e+04 -2.196109e+03 -1.418343e+05 -6.593541e+04 3.350165e+03
-9.191919e-03 -3.489985e+04 5.219256e+03 5.276195e+03 -7.350709e+04 -2.332248e+03 -1.808416e+05 -8.331441e+04 4.368053e+03 5.153283e+03 7.335542e+04 2.675741e+04 3.588884e+03 8.346644e+04 4.238926e+03 -1.630221e+03 1.393450e+05 6.303618e+03 8.374453e+04 3.056348e+04 4.748660e+03 -9.509339e+04 -5.270379e+03 1.606620e+03 -1.587458e+05 3.055550e+04 -3.921441e+03 -4.298645e+03 6.438879e+04 -2.298048e+03 -1.587407e+05 -7.312836e+04 3.494243e+03
-8.989899e-03 -3.914606e+04 5.706189e+03 5.570884e+03 -8.168684e+04 -2.443620e+03 -2.037689e+05 -9.304527e+04 4.576541e+03 5.432061e+03 8.151981e+04 3.001668e+04 3.923536e+03 9.321257e+04 4.430975e+03 -1.709808e+03 1.570069e+05 6.649560e+03 9.306406e+04 3.428419e+04 5.178470e+03 -1.061979e+05 -5.517680e+03 1.685977e+03 -1.788693e+05 3.427507e+04 -4.300302e+03 -4.535516e+03 7.155464e+04 -2.407139e+03 -1.788634e+05 -8.166884e+04 3.655285e+03
-8.787879e-03 -4.425380e+04 6.281129e+03 5.909939e+03 -9.147113e+04 -2.561056e+03 -2.313902e+05 -1.047441e+05 4.812939e+03 5.751810e+03 9.128585e+04 3.393743e+04 4.318693e+03 1.049295e+05 4.647436e+03 -1.794241e+03 1.782847e+05 7.046956e+03 1.042117e+05 3.875993e+04 5.685773e+03 -1.195479e+05 -5.797628e+03 1.768823e+03 -2.031127e+05 3.874941e+04 -4.747849e+03 -4.807654e+03 8.012624e+04 -2.523585e+03 -2.031060e+05 -9.193650e+04 3.837100e+03
-8.585859e-03 -5.048648e+04 6.970134e+03 6.305466e+03 -1.033433e+05 -2.683729e+03 -2.651448e+05 -1.190167e+05 5.084420e+03 6.123534e+03 1.031361e+05 3.872191e+04 4.792272e+03 1.192240e+05 4.894354e+03 -1.883169e+03 2.042870e+05 7.509736e+03 1.177383e+05 4.422156e+04 6.293479e+03 -1.358349e+05 -6.118520e+03 1.854159e+03 -2.327392e+05 4.420930e+04 -5.284458e+03 -5.124615e+03 9.052707e+04 -2.647263e+03 -2.327314e+05 -1.044631e+05 4.044898e+03
-8.383838e-03 -5.822383e+04 7.810922e+03 6.774779e+03 -1.179982e+05 -2.809763e+03 -3.071078e+05 -1.367390e+05 5.401206e+03 6.562937e+03 1.177639e+05 4.466170e+04 5.370201e+03 1.369729e+05 5.180288e+03 -1.975627e+03 2.366123e+05 8.057802e+03 1.344353e+05 5.100189e+04 7.034739e+03 -1.560578e+05 -6.492147e+03 1.940012e+03 -2.695700e+05 5.098744e+04 -5.939621e+03 -5.500050e+03 1.033658e+05 -2.777400e+03 -2.695609e+05 -1.200173e+05 4.286081e+03
-8.181818e-03 -6.803488e+04 8.860423e+03 7.343728e+03 -1.364732e+05 -2.935319e+03 -3.603888e+05 -1.592269e+05 5.778520e+03 7.093392e+03 1.362052e+05 5.219375e+04 6.091611e+03 1.594942e+05 5.517916e+03 -2.069465e+03 2.776557e+05 8.720822e+03 1.554849e+05 5.959964e+04 7.959578e+03 -1.817184e+05 -6.936034e+03 2.022612e+03 -3.163346e+05 5.958235e+04 -6.757869e+03 -5.954310e+03 1.195515e+05 -2.911949e+03 -3.163237e+05 -1.397539e+05 4.571636e+03
-7.979798e-03 -8.081564e+04 1.020932e+04 8.053068e+03 -1.603957e+05 -3.052697e+03 -4.298844e+05 -1.885595e+05 6.240389e+03 7.751653e+03 1.600842e+05 6.200605e+04 7.018830e+03 1.888697e+05 5.927150e+03 -2.160175e+03 3.311891e+05 9.545512e+03 1.827413e+05 7.080011e+04 9.147662e+03 -2.151889e+05 -7.477776e+03 2.094711e+03 -3.773302e+05 7.077905e+04 -7.810141e+03 -6.519442e+03 1.405098e+05 -3.046268e+03 -3.773170e+05 -1.654978e+05 4.918871e+03
-7.777778e-03 -9.807405e+04 1.201283e+04 8.971922e+03 -1.924925e+05 -3.146100e+03 -5.238334e+05 -2.282493e+05 6.827757e+03 8.599894e+03 1.921230e+05 7.525650e+04 8.258508e+03 2.286168e+05 6.441784e+03 -2.238243e+03 4.035589e+05 1.061101e+04 2.193111e+05 8.592493e+04 1.073530e+04 -2.604768e+05 -8.164301e+03 2.141836e+03 -4.597884e+05 8.589864e+04 -9.217860e+03 -7.249729e+03 1.686297e+05 -3.170127e+03 -4.597719e+05 -2.003317e+05 5.357233e+03
-7.575758e-03 -1.225997e+05 1.456478e+04 1.023019e+04 -2.377810e+05 -3.180902e+03 -6.574717e+05 -2.848233e+05 7.618277e+03 9.754670e+03 2.373297e+05 9.408707e+04 1.001251e+04 2.852714e+05 7.125746e+03 -2.282410e+03 5.065011e+05 1.206588e+04 2.709111e+05 1.074190e+05 1.298051e+04 -3.250293e+05 -9.084437e+03 2.132843e+03 -5.770810e+05 1.073850e+05 -1.121091e+04 -8.247060e+03 2.083070e+05 -3.260070e+03 -5.770598e+05 -2.499839e+05 5.942557e+03
-7.373737e-03 -1.603666e+05 1.851417e+04 1.211329e+04 -3.069388e+05 -3.070993e+03 -8.634078e+05 -3.723338e+05 8.785046e+03 1.147152e+04 3.063627e+05 1.230849e+05 1.272660e+04 3.729046e+05 8.121385e+03 -2.239064e+03 6.651338e+05 1.423620e+04 3.497069e+05 1.405184e+05 1.645307e+04 -4.248793e+05 -1.043586e+04 1.991232e+03 -7.578284e+05 1.404720e+05 -1.429701e+04 -9.735055e+03 2.688960e+05 -3.255956e+03 -7.577995e+05 -3.267873e+05 6.799432e+03
-7.171717e-03 -2.280041e+05 2.574110e+04 1.544607e+04 -4.294620e+05 -2.542060e+03 -1.232325e+06 -5.301406e+05 1.083841e+04 1.448759e+04 4.286631e+05 1.750185e+05 1.769164e+04 5.309300e+05 9.848796e+03 -1.935611e+03 9.493108e+05 1.806372e+04 4.893050e+05 1.997979e+05 2.280331e+04 -6.049352e+05 -1.280063e+04 1.475220e+03 -1.081622e+06 1.997278e+05 -1.994673e+04 -1.235934e+04 3.762373e+05 -2.962223e+03 -1.081579e+06 -4.652859e+05 8.296104e+03
-6.969697e-03 -4.158911e+05 4.700923e+04 2.495841e+04 -7.641455e+05 1.006060e+02 -2.256390e+06 -9.737933e+05 1.678355e+04 2.302415e+04 7.627252e+05 3.192804e+05 3.229516e+04 9.751914e+05 1.478963e+04 -2.968855e+02 1.738150e+06 2.894585e+04 8.706282e+05 3.644701e+05 4.147873e+04 -1.111131e+06 -1.960353e+04 -9.023576e+02 -1.980435e+06 3.643272e+05 -3.657673e+04 -1.981902e+04 6.694402e+05 -1.153986e+03 -1.980346e+06 -8.546561e+05 1.261007e+04
-6.767677e-03 1.201021e+06 -1.521926e+05 -6.244166e+04 2.056617e+06 -3.301949e+04 6.540990e+06 2.903504e+06 -3.960730e+04 -5.488157e+04 -2.052626e+06 -9.221571e+05 -1.043901e+05 -2.907395e+06 -3.182706e+04 -2.142100e+04 -5.038532e+06 -7.074056e+04 -2.343203e+06 -1.052676e+06 -1.333493e+05 3.312723e+06 4.461086e+04 2.805284e+04 5.740979e+06 -1.052108e+06 1.191657e+05 4.848765e+04 -1.801579e+06 -2.532890e+04 5.740656e+06 2.548245e+06 -2.833167e+04
-6.565657e-03 -4.922455e+04 -4.704859e+03 2.540459e+03 -1.455320e+05 -1.058103e+04 -2.686514e+05 -7.291882e+04 1.557977e+03 3.164322e+03 1.453769e+05 3.778575e+04 -3.156582e+03 7.308295e+04 2.198712e+03 -7.227520e+03 2.069467e+05 3.442273e+03 1.658262e+05 4.310436e+04 -3.888133e+03 -8.326545e+04 -2.332215e+03 8.298368e+03 -2.357759e+05 4.315198e+04 3.837485e+03 -2.355580e+03 1.275858e+05 -9.223006e+03 -2.358025e+05 -6.400201e+04 1.500643e+03
-6.363636e-03 -4.975968e+05 3.454742e+04 1.952253e+04 -9.720706e+05 -6.984688e+03 -2.728388e+06 -1.101454e+06 1.038597e+04 1.843279e+04 9.705159e+05 3.821094e+05 2.385331e+04 1.102990e+06 9.266626e+03 -5.126854e+03 2.101619e+06 2.286776e+04 1.107569e+06 4.360879e+05 3.057820e+04 -1.256767e+06 -1.244132e+04 5.037181e+03 -2.394612e+06 4.360060e+05 -2.692131e+04 -1.569955e+04 8.517847e+05 -6.935511e+03 -2.394556e+06 -9.666819e+05 7.664916e+03
-6.161616e-03 -7.296517e+06 5.526569e+05 2.338303e+05 -1.365571e+07 4.136095e+04 -4.014633e+07 -1.653271e+07 1.035012e+05 2.104967e+05 1.363339e+07 5.603669e+06 3.808624e+05 1.655458e+07 7.957067e+04 2.275033e+04 3.092361e+07 2.674420e+05 1.555902e+07 6.395172e+06 4.853291e+05 -1.886281e+07 -1.185989e+05 -3.747566e+04 -3.523532e+07 6.393460e+06 -4.336688e+05 -1.839902e+05 1.196564e+07 2.473123e+04 -3.523367e+07 -1.450962e+07 6.931938e+04
-5.959596e-03 1.409532e+06 -1.031607e+05 -3.563183e+04 2.595241e+06 -2.220966e+04 7.781544e+06 3.217048e+06 -1.120390e+04 -3.076621e+04 -2.591114e+06 -1.082637e+06 -7.108084e+04 -3.221072e+06 -6.221630e+03 -1.410888e+04 -5.993675e+06 -3.991098e+04 -2.957036e+06 -1.235508e+06 -9.023395e+04 3.670225e+06 1.200865e+04 1.805739e+04 6.829455e+06 -1.235127e+06 8.129462e+04 2.753631e+04 -2.274089e+06 -1.750798e+04 6.829249e+06 2.823354e+06 -6.043612e+03
-5.757576e-03 1.161819e+06 -7.288536e+04 -2.179039e+04 2.157943e+06 -2.038525e+04 6.434566e+06 2.630389e+06 -2.147635e+03 -1.822287e+04 -2.154658e+06 -8.924550e+05 -5.030103e+04 -2.633590e+06 1.500925e+03 -1.308132e+04 -4.956088e+06 -2.399902e+04 -2.458799e+06 -1.018409e+06 -6.362212e+04 3.000844e+06 1.568208e+03 1.619404e+04 5.647225e+06 -1.018128e+06 5.765854e+04 1.663442e+04 -1.891015e+06 -1.660024e+04 5.647070e+06 2.308472e+06 6.403503e+02
-5.555556e-03 2.437858e+06 -9.975869e+04 -2.994215e+04 4.729170e+06 -1.891548e+04 1.354336e+07 5.340353e+06 1.033448e+04 -2.547825e+04 -4.722561e+06 -1.872805e+06 -6.933550e+04 -5.346849e+06 1.489450e+04 -1.131547e+04 -1.043130e+07 -3.310293e+04 -5.388592e+06 -2.136912e+06 -8.713855e+04 6.092490e+06 -1.285325e+04 1.447628e+04 1.188600e+07 -2.136555e+06 7.941526e+04 2.314465e+04 -4.144643e+06 -1.501564e+04 1.188582e+07 4.686764e+06 1.224169e+04
-5.353535e-03 -3.207987e+07 4.521550e+05 1.823927e+05 -6.578809e+07 -1.948614e+05 -1.787775e+08 -6.708075e+07 -3.257337e+05 1.728962e+05 6.571139e+07 2.464828e+07 3.261604e+05 6.715833e+07 -3.354431e+05 -1.513289e+05 1.376816e+08 2.095972e+05 7.496985e+07 2.812113e+07 3.973563e+05 -7.652398e+07 3.696382e+05 1.676929e+05 -1.568821e+08 2.811813e+07 -3.711036e+05 -1.503859e+05 5.766354e+07 -1.757578e+05 -1.568972e+08 -5.887085e+07 -2.955592e+05
-5.151515e-03 3.453636e+06 -6.214574e+04 4.221680e+02 6.871810e+06 -4.297238e+04 1.930066e+07 7.433831e+06 5.473366e+04 4.235673e+03 -6.863167e+06 -2.653604e+06 -4.420820e+04 -7.442359e+06 5.862033e+04 -2.723908e+04 -1.486523e+07 3.388154e+03 -7.830137e+06 -3.027461e+06 -5.346164e+04 8.480328e+06 -6.532505e+04 3.157228e+04 1.693845e+07 -3.027150e+06 5.145020e+04 -1.479466e+03 -6.023188e+06 -3.717775e+04 1.693831e+07 6.523951e+06 4.916731e+04
-4.949495e-03 -2.724901e+05 -2.026788e+04 -1.802903e+03 -6.856017e+05 -1.941129e+04 -1.526802e+06 -4.643131e+05 -6.036560e+03 -3.875870e+02 6.849790e+05 2.093762e+05 -1.363010e+04 4.649828e+05 -4.596025e+03 -1.334065e+04 1.175909e+06 -1.368287e+03 7.812438e+05 2.388004e+05 -1.754576e+04 -5.298236e+05 6.179425e+03 1.553340e+04 -1.339886e+06 2.389157e+05 1.577218e+04 8.688832e+02 6.011223e+05 -1.670277e+04 -1.339950e+06 -4.074899e+05 -4.571858e+03
-4.747475e-03 4.415025e+07 -5.764545e+05 5.025533e+05 8.562790e+07 -1.700891e+06 2.481048e+08 9.838912e+07 1.164981e+06 5.815628e+05 -8.552484e+07 -3.392818e+07 -4.145305e+05 -9.849002e+07 1.245376e+06 -1.133532e+06 -1.910866e+08 6.627591e+05 -9.757067e+07 -3.870681e+07 -4.744990e+05 1.122259e+08 -1.418337e+06 1.291868e+06 2.177365e+08 -3.869959e+07 5.037053e+05 -4.410581e+05 -7.505650e+07 -1.492462e+06 2.177380e+08 8.634680e+07 1.022952e+06
-4.545455e-03 -1.628203e+05 -1.285669e+04 -2.656399e+03 -4.095475e+05 -7.601119e+03 -9.171250e+05 -2.900071e+05 -5.072377e+03 -1.955664e+03 4.092103e+05 1.251261e+05 -8.661907e+03 2.903716e+05 -4.360922e+03 -5.244977e+03 7.063290e+05 -2.814170e+03 4.666865e+05 1.427057e+05 -1.121980e+04 -3.308710e+05 5.561591e+03 6.173208e+03 -8.048389e+05 1.427637e+05 9.933142e+03 1.880569e+03 3.591088e+05 -6.473744e+03 -8.048718e+05 -2.545098e+05 -3.995218e+03
-4.343434e-03 2.707830e+05 -1.768226e+04 6.121649e+03 4.017042e+05 -3.609900e+04 1.529987e+06 7.188452e+05 9.903906e+03 7.904067e+03 -4.011162e+05 -2.081393e+05 -1.214503e+04 -7.193568e+05 1.171234e+04 -2.441675e+04 -1.178306e+06 8.525039e+03 -4.577206e+05 -2.374774e+05 -1.502390e+04 8.197277e+05 -1.284724e+04 2.798404e+04 1.342725e+06 -2.373295e+05 1.433238e+04 -5.743978e+03 -3.520269e+05 -3.151825e+04 1.342637e+06 6.308266e+05 9.075760e+03
-4.141414e-03 7.493960e+05 -2.528349e+04 2.060986e+04 1.236601e+06 -8.820195e+04 4.244125e+06 1.917726e+06 3.088525e+04 2.425741e+04 -1.235079e+06 -5.760596e+05 -1.751186e+04 -1.919079e+06 3.458274e+04 -5.964187e+04 -3.268535e+06 2.724937e+04 -1.409078e+06 -6.571885e+05 -2.102111e+04 2.186852e+06 -3.897899e+04 6.809763e+04 3.724611e+06 -6.568835e+05 2.112057e+04 -1.839141e+04 -1.083900e+06 -7.726794e+04 3.724434e+06 1.682906e+06 2.743395e+04
-3.939394e-03 7.653606e+05 -2.543605e+04 2.493545e+04 1.221072e+06 -1.062541e+05 4.344760e+06 2.027498e+06 3.515260e+04 2.903794e+04 -1.219593e+06 -5.883808e+05 -1.760354e+04 -2.028771e+06 3.930719e+04 -7.193034e+04 -3.345990e+06 3.275689e+04 -1.391389e+06 -6.712338e+05 -2.102888e+04 2.311872e+06 -4.441845e+04 8.208075e+04 3.812910e+06 -6.708885e+05 2.135102e+04 -2.214168e+04 -1.070305e+06 -9.312959e+04 3.812710e+06 1.779220e+06 3.113584e+04
-3.737374e-03 2.235525e+05 -1.415868e+04 8.554470e+03 2.892132e+05 -4.433423e+04 1.272119e+06 6.555930e+05 1.142952e+04 1.032023e+04 -2.887926e+05 -1.718797e+05 -9.712118e+03 -6.559173e+05 1.321572e+04 -3.005744e+04 -9.796691e+05 1.144842e+04 -3.295456e+05 -1.960951e+05 -1.194944e+04 7.474574e+05 -1.473150e+04 3.434860e+04 1.116403e+06 -1.959457e+05 1.154231e+04 -7.748176e+03 -2.534475e+05 -3.880824e+04 1.116314e+06 5.753032e+05 1.028282e+04
-3.535354e-03 -1.844054e+05 -4.795174e+03 -7.484064e+03 -3.610325e+05 2.137638e+04 -1.051108e+06 -4.647517e+05 -9.864793e+03 -7.957024e+03 3.607314e+05 1.417765e+05 -3.195823e+03 4.650235e+05 -1.034322e+04 1.447020e+04 8.094594e+05 -9.364353e+03 4.114071e+05 1.617124e+05 -4.453138e+03 -5.299216e+05 1.207753e+04 -1.640687e+04 -9.224171e+05 1.616726e+05 3.396883e+03 6.339905e+03 3.165621e+05 1.884133e+04 -9.223912e+05 -4.078350e+05 -8.432717e+03
-3.333333e-03 2.251718e+06 -5.792552e+04 1.050463e+05 3.290938e+06 -4.654100e+05 1.286461e+07 6.684287e+06 1.328933e+05 1.196066e+05 -3.287270e+06 -1.731435e+06 -4.013373e+04 -6.687033e+06 1.475990e+05 -3.157092e+05 -9.906946e+06 1.361847e+05 -3.750023e+06 -1.975139e+06 -4.653776e+04 7.620351e+06 -1.679409e+05 3.598445e+05 1.128968e+07 -1.973887e+06 5.002406e+04 -9.228222e+04 -2.884836e+06 -4.083364e+05 1.128898e+07 5.865615e+06 1.168160e+05
-3.131313e-03 -2.234173e+05 -2.526936e+03 -1.112093e+04 -3.843733e+05 4.262744e+04 -1.278643e+06 -6.473702e+05 -1.384859e+04 -1.218022e+04 3.840474e+05 1.717991e+05 -1.650304e+03 6.476207e+05 -1.491780e+04 2.891773e+04 9.846604e+05 -1.412250e+04 4.380055e+05 1.959612e+05 -2.594433e+03 -7.380171e+05 1.723064e+04 -3.289226e+04 -1.122092e+06 1.958704e+05 1.504037e+03 9.573700e+03 3.370225e+05 3.746815e+04 -1.122037e+06 -5.680769e+05 -1.197477e+04
-2.929293e-03 -1.442201e+05 -3.816704e+03 -7.696228e+03 -2.590842e+05 2.952347e+04 -8.268228e+05 -4.300910e+05 -9.423827e+03 -8.340003e+03 2.588923e+05 1.109053e+05 -2.555038e+03 4.302329e+05 -1.007321e+04 2.003559e+04 6.367155e+05 -9.717528e+03 2.952382e+05 1.264984e+05 -3.589494e+03 -4.902894e+05 1.168528e+04 -2.277858e+04 -7.255864e+05 1.264430e+05 2.671637e+03 6.590182e+03 2.271893e+05 2.596093e+04 -7.255524e+05 -3.774085e+05 -8.110896e+03
-2.727273e-03 -1.056338e+05 -4.293861e+03 -5.996932e+03 -1.973696e+05 2.359091e+04 -6.065954e+05 -3.275127e+05 -7.238769e+03 -6.452693e+03 1.972425e+05 8.123648e+04 -2.892930e+03 3.276009e+05 -7.698218e+03 1.601525e+04 4.671196e+05 -7.542950e+03 2.249141e+05 9.265539e+04 -3.943356e+03 -3.733338e+05 8.956871e+03 -1.820410e+04 -5.323208e+05 9.261596e+04 3.121469e+03 5.117168e+03 1.730871e+05 2.074798e+04 -5.322967e+05 -2.873931e+05 -6.210351e+03
-2.525253e-03 -8.164971e+04 -4.509138e+03 -4.895882e+03 -1.591036e+05 2.007195e+04 -4.695831e+05 -2.654399e+05 -5.838575e+03 -5.240410e+03 1.590160e+05 6.279474e+04 -3.047482e+03 2.654952e+05 -6.185690e+03 1.363072e+04 3.616077e+05 -6.140533e+03 1.813097e+05 7.161947e+04 -4.092570e+03 -3.025604e+05 7.213464e+03 -1.549275e+04 -4.120831e+05 7.158954e+04 3.337242e+03 4.166954e+03 1.395406e+05 1.765400e+04 -4.120647e+05 -2.329224e+05 -4.996876e+03
-2.323232e-03 -6.501669e+04 -4.608519e+03 -4.091208e+03 -1.328927e+05 1.771821e+04 -3.744516e+05 -2.235712e+05 -4.829100e+03 -4.361299e+03 1.328317e+05 5.000492e+04 -3.120538e+03 2.236043e+05 -5.101073e+03 1.203577e+04 2.883483e+05 -5.119921e+03 1.514421e+05 5.703089e+04 -4.152602e+03 -2.548230e+05 5.959460e+03 -1.368036e+04 -3.285989e+05 5.700733e+04 3.447638e+03 3.475211e+03 1.165620e+05 1.558336e+04 -3.285845e+05 -1.961814e+05 -4.124904e+03
-2.121212e-03 -5.270302e+04 -4.649424e+03 -3.460206e+03 -1.139089e+05 1.603349e+04 -3.039274e+05 -1.935534e+05 -4.048795e+03 -3.676654e+03 1.138667e+05 4.053603e+04 -3.152238e+03 1.935706e+05 -4.266643e+03 1.089412e+04 2.340390e+05 -4.322579e+03 1.298097e+05 4.623056e+04 -4.168693e+03 -2.205977e+05 4.992022e+03 -1.238381e+04 -2.667095e+05 4.621162e+04 3.503542e+03 2.934612e+03 9.991899e+04 1.410052e+04 -2.666979e+05 -1.698399e+05 -3.452910e+03
-1.919192e-03 -4.316431e+04 -4.659107e+03 -2.941457e+03 -9.967149e+04 1.477572e+04 -2.492141e+05 -1.711947e+05 -3.416367e+03 -3.117210e+03 9.964317e+04 3.320067e+04 -3.161675e+03 1.712003e+05 -3.593178e+03 1.004173e+04 1.919058e+05 -3.669249e+03 1.135859e+05 3.786399e+04 -4.162191e+03 -1.951052e+05 4.209223e+03 -1.141629e+04 -2.186955e+05 3.784856e+04 3.529276e+03 2.491502e+03 8.743696e+04 1.299296e+04 -2.186860e+05 -1.502196e+05 -2.909749e+03
-1.717172e-03 -3.551361e+04 -4.652016e+03 -2.499968e+03 -8.875143e+04 1.381106e+04 -2.052607e+05 -1.541256e+05 -2.885384e+03 -2.643619e+03 8.873359e+04 2.731692e+04 -3.158997e+03 1.541225e+05 -3.029842e+03 9.387940e+03 1.580587e+05 -3.114841e+03 1.011423e+05 3.115327e+04 -4.144332e+03 -1.756439e+05 3.552929e+03 -1.067453e+04 -1.801240e+05 3.114063e+04 3.537845e+03 2.115363e+03 7.786312e+04 1.214316e+04 -1.801162e+05 -1.352410e+05 -2.454837e+03
-1.515152e-03 -2.919804e+04 -4.636379e+03 -2.113920e+03 -8.026098e+04 1.305907e+04 -1.689183e+05 -1.408964e+05 -2.426897e+03 -2.231424e+03 8.025115e+04 2.245969e+04 -3.149999e+03 1.408866e+05 -2.545017e+03 8.878239e+03 1.300730e+05 -2.631287e+03 9.146723e+04 2.561351e+04 -4.121453e+03 -1.605606e+05 2.986936e+03 -1.009649e+04 -1.482318e+05 2.560313e+04 3.536735e+03 1.787196e+03 7.041927e+04 1.148046e+04 -1.482255e+05 -1.236320e+05 -2.062898e+03
-1.313131e-03 -2.385116e+04 -4.617123e+03 -1.768749e+03 -7.361931e+04 1.246842e+04 -1.381001e+05 -1.305701e+05 -2.021616e+03 -1.864355e+03 7.361565e+04 1.834726e+04 -3.138161e+03 1.305551e+05 -2.117693e+03 8.477864e+03 1.063414e+05 -2.199887e+03 8.389887e+04 2.092332e+04 -4.097308e+03 -1.487871e+05 2.487158e+03 -9.642602e+03 -1.211874e+05 2.091487e+04 3.530482e+03 1.494344e+03 6.459624e+04 1.095978e+04 -1.211822e+05 -1.145704e+05 -1.717120e+03
-1.111111e-03 -1.921789e+04 -4.597297e+03 -1.454180e+03 -6.843250e+04 1.200498e+04 -1.113526e+05 -1.225172e+05 -1.655990e+03 -1.530976e+03 6.843360e+04 1.478350e+04 -3.125646e+03 1.224983e+05 -1.733144e+03 8.163694e+03 8.574461e+04 -1.807472e+03 7.798835e+04 1.685900e+04 -4.074189e+03 -1.396058e+05 2.036689e+03 -9.286548e+03 -9.771536e+04 1.685219e+04 3.521933e+03 1.227891e+03 6.004869e+04 1.055113e+04 -9.771120e+04 -1.075039e+05 -1.405706e+03
-9.090909e-04 -1.511283e+04 -4.578835e+03 -1.162610e+03 -6.442715e+04 1.164540e+04 -8.761913e+04 -1.163044e+05 -1.320042e+03 -1.222860e+03 6.443188e+04 1.162588e+04 -3.113827e+03 1.162824e+05 -1.380559e+03 7.919918e+03 6.746897e+04 -1.444322e+03 7.342413e+04 1.325794e+04 -4.053527e+03 -1.325224e+05 1.623100e+03 -9.010345e+03 -7.688840e+04 1.325259e+04 3.512921e+03 9.812582e+02 5.653697e+04 1.023399e+04 -7.688513e+04 -1.020520e+05 -1.119983e+03
-7.070707e-04 -1.139569e+04 -4.562982e+03 -8.881646e+02 -6.141156e+04 1.137350e+04 -6.609995e+04 -1.116295e+05 -1.006108e+03 -9.335149e+02 6.141900e+04 8.766526e+03 -3.103594e+03 1.116053e+05 -1.051650e+03 7.735571e+03 5.089851e+04 -1.102938e+03 6.998777e+04 9.997111e+03 -4.036228e+03 -1.271925e+05 1.236851e+03 -8.801521e+03 -5.800460e+04 9.993081e+03 3.504640e+03 7.493664e+02 5.389300e+04 9.994135e+03 -5.800213e+04 -9.794971e+04 -8.533022e+02
-5.050505e-04 -7.955874e+03 -4.550533e+03 -6.261022e+02 -5.925211e+04 1.117807e+04 -4.616403e+04 -1.082831e+05 -7.080414e+02 -6.577236e+02 5.926148e+04 6.120398e+03 -3.095517e+03 1.082573e+05 -7.397927e+02 7.603073e+03 3.554731e+04 -7.772786e+02 6.752700e+04 6.979498e+03 -4.022864e+03 -1.233771e+05 8.703019e+02 -8.651453e+03 -4.051022e+04 6.976685e+03 3.497874e+03 5.281263e+02 5.199967e+04 9.821722e+03 -4.050849e+04 -9.501313e+04 -6.003384e+02
-3.030303e-04 -4.702197e+03 -4.541993e+03 -3.724269e+02 -5.785861e+04 1.105162e+04 -2.729106e+04 -1.061240e+05 -4.206971e+02 -3.911010e+02 5.786921e+04 3.617395e+03 -3.089958e+03 1.060972e+05 -4.394463e+02 7.517332e+03 2.101468e+04 -4.622640e+02 6.593906e+04 4.125141e+03 -4.013786e+03 -1.209155e+05 5.170594e+02 -8.554355e+03 -2.394864e+04 4.123479e+03 3.493120e+03 3.140963e+02 5.077787e+04 9.710145e+03 -2.394762e+04 -9.311850e+04 -3.566380e+02
-1.010101e-04 -1.555727e+03 -4.537655e+03 -1.236115e+02 -5.717521e+04 1.098950e+04 -9.030353e+03 -1.050653e+05 -1.395555e+02 -1.297874e+02 5.718641e+04 1.196824e+03 -3.087130e+03 1.050380e+05 -1.457559e+02 7.475211e+03 6.953555e+03 -1.534148e+02 6.516030e+04 1.364810e+03 -4.009201e+03 -1.197085e+05 1.715134e+02 -8.506658e+03 -7.924377e+03 1.364260e+03 3.490674e+03 1.042427e+02 5.017869e+04 9.655329e+03 -7.924040e+03 -9.218944e+04 -1.182948e+02
1.010101e-04 1.555727e+03 -4.537655e+03 1.236115e+02 -5.717521e+04 1.098950e+04 9.030353e+03 -1.050653e+05 1.395555e+02 1.297874e+02 5.718641e+04 -1.196824e+03 -3.087130e+03 1.050380e+05 1.457559e+02 7.475211e+03 -6.953555e+03 1.534148e+02 6.516030e+04 -1.364810e+03 -4.009201e+03 -1.197085e+05 -1.715134e+02 -8.506658e+03 7.924377e+03 -1.364260e+03 3.490674e+03 -1.042427e+02 5.017869e+04 9.655329e+03 7.924040e+03 -9.218944e+04 1.182948e+02
3.030303e-04 4.702197e+03 -4.541993e+03 3.724269e+02 -5.785861e+04 1.105162e+04 2.729106e+04 -1.061240e+05 4.206971e+02 3.911010e+02 5.786921e+04 -3.617395e+03 -3.089958e+03 1.060972e+05 4.394463e+02 7.517332e+03 -2.101468e+04 4.622640e+02 6.593906e+04 -4.125141e+03 -4.013786e+03 -1.209155e+05 -5.170594e+02 -8.554355e+03 2.394864e+04 -4.123479e+03 3.493120e+03 -3.140963e+02 5.077787e+04 9.710145e+03 2.394762e+04 -9.311850e+04 3.566380e+02
5.050505e-04 7.955874e+03 -4.550533e+03 6.261022e+02 -5.925211e+04 1.117807e+04 4.616403e+04 -1.082831e+05 7.080414e+02 6.577236e+02 5.926148e+04 -6.120398e+03 -3.095517e+03 1.082573e+05 7.397927e+02 7.603073e+03 -3.554731e+04 7.772786e+02 6.752700e+04 -6.979498e+03 -4.022864e+03 -1.233771e+05 -8.703019e+02 -8.651453e+03 4.051022e+04 -6.976685e+03 3.497874e+03 -5.281263e+02 5.199967e+04 9.821722e+03 4.050849e+04 -9.501313e+04 6.003384e+02
7.070707e-04 1.139569e+04 -4.562982e+03 8.881646e+02 -6.141156e+04 1.137350e+04 6.609995e+04 -1.116295e+05 1.006108e+03 9.335149e+02 6.141900e+04 -8.766526e+03 -3.103594e+03 1.116053e+05 1.051650e+03 7.735571e+03 -5.089851e+04 1.102938e+03 6.998777e+04 -9.997111e+03 -4.036228e+03 -1.271925e+05 -1.236851e+03 -8.801521e+03 5.800460e+04 -9.993081e+03 3.504640e+03 -7.493664e+02 5.389300e+04 9.994135e+03 5.800213e+04 -9.794971e+04 8.533022e+02
9.090909e-04 1.511283e+04 -4.578835e+03 1.162610e+03 -6.442715e+04 1.164540e+04 8.761913e+04 -1.163044e+05 1.320042e+03 1.222860e+03 6.443188e+04 -1.162588e+04 -3.113827e+03 1.162824e+05 1.380559e+03 7.919918e+03 -6.746897e+04 1.444322e+03 7.342413e+04 -1.325794e+04 -4.053527e+03 -1.325224e+05 -1.623100e+03 -9.010345e+03 7.688840e+04 -1.325259e+04 3.512921e+03 -9.812582e+02 5.653697e+04 1.023399e+04 7.688513e+04 -1.020520e+05 1.119983e+03
1.111111e-03 1.921789e+04 -4.597297e+03 1.454180e+03 -6.843250e+04 1.200498e+04 1.113526e+05 -1.225172e+05 1.655990e+03 1.530976e+03 6.843360e+04 -1.478350e+04 -3.125646e+03 1.224983e+05 1.733144e+03 8.163694e+03 -8.574461e+04 1.807472e+03 7.798835e+04 -1.685900e+04 -4.074189e+03 -1.396058e+05 -2.036689e+03 -9.286548e+03 9.771536e+04 -1.685219e+04 3.521933e+03 -1.227891e+03 6.004869e+04 1.055113e+04 9.771120e+04 -1.075039e+05 1.405706e+03
1.313131e-03 2.385116e+04 -4.617123e+03 1.768749e+03 -7.361931e+04 1.246842e+04 1.381001e+05 -1.305701e+05 2.021616e+03 1.864355e+03 7.361565e+04 -1.834726e+04 -3.138161e+03 1.305551e+05 2.117693e+03 8.477864e+03 -1.063414e+05 2.199887e+03 8.389887e+04 -2.092332e+04 -4.097308e+03 -1.487871e+05 -2.487158e+03 -9.642602e+03 1.211874e+05 -2.091487e+04 3.530482e+03 -1.494344e+03 6.459624e+04 1.095978e+04 1.211822e+05 -1.145704e+05 1.717120e+03
1.515152e-03 2.919804e+04 -4.636379e+03 2.113920e+03 -8.026098e+04 1.305907e+04 1.689183e+05 -1.408964e+05 2.426897e+03 2.231424e+03 8.025115e+04 -2.245969e+04 -3.149999e+03 1.408866e+05 2.545017e+03 8.878239e+03 -1.300730e+05 2.631287e+03 9.146723e+04 -2.561351e+04 -4.121453e+03 -1.605606e+05 -2.986936e+03 -1.009649e+04 1.482318e+05 -2.560313e+04 3.536735e+03 -1.787196e+03 7.041927e+04 1.148046e+04 1.482255e+05 -1.236320e+05 2.062898e+03
1.717172e-03 3.551361e+04 -4.652016e+03 2.499968e+03 -8.875143e+04 1.381106e+04 2.052607e+05 -1.541256e+05 2.885384e+03 2.643619e+03 8.873359e+04 -2.731692e+04 -3.158997e+03 1.541225e+05 3.029842e+03 9.387940e+03 -1.580587e+05 3.114841e+03 1.011423e+05 -3.115327e+04 -4.144332e+03 -1.756439e+05 -3.552929e+03 -1.067453e+04 1.801240e+05 -3.114063e+04 3.537845e+03 -2.115363e+03 7.786312e+04 1.214316e+04 1.801162e+05 -1.352410e+05 2.454837e+03
1.919192e-03 4.316431e+04 -4.659107e+03 2.941457e+03 -9.967149e+04 1.477572e+04 2.492141e+05 -1.711947e+05 3.416367e+03 3.117210e+03 9.964317e+04 -3.320067e+04 -3.161675e+03 1.712003e+05 3.593178e+03 1.004173e+04 -1.919058e+05 3.669249e+03 1.135859e+05 -3.786399e+04 -4.162191e+03 -1.951052e+05 -4.209223e+03 -1.141629e+04 2.186955e+05 -3.784856e+04 3.529276e+03 -2.491502e+03 8.743696e+04 1.299296e+04 2.186860e+05 -1.502196e+05 2.909749e+03
2.121212e-03 5.270302e+04 -4.649424e+03 3.460206e+03 -1.139089e+05 1.603349e+04 3.039274e+05 -1.935534e+05 4.048795e+03 3.676654e+03 1.138667e+05 -4.053603e+04 -3.152238e+03 1.935706e+05 4.266643e+03 1.089412e+04 -2.340390e+05 4.322579e+03 1.298097e+05 -4.623056e+04 -4.168693e+03 -2.205977e+05 -4.992022e+03 -1.238381e+04 2.667095e+05 -4.621162e+04 3.503542e+03 -2.934612e+03 9.991899e+04 1.410052e+04 2.666979e+05 -1.698399e+05 3.452910e+03
2.323232e-03 6.501669e+04 -4.608519e+03 4.091208e+03 -1.328927e+05 1.771821e+04 3.744516e+05 -2.235712e+05 4.829100e+03 4.361299e+03 1.328317e+05 -5.000492e+04 -3.120538e+03 2.236043e+05 5.101073e+03 1.203577e+04 -2.883483e+05 5.119921e+03 1.514421e+05 -5.703089e+04 -4.152602e+03 -2.548230e+05 -5.959460e+03 -1.368036e+04 3.285989e+05 -5.700733e+04 3.447638e+03 -3.475211e+03 1.165620e+05 1.558336e+04 3.285845e+05 -1.961814e+05 4.124904e+03
2.525253e-03 8.164971e+04 -4.509138e+03 4.895882e+03 -1.591036e+05 2.007195e+04 4.695831e+05 -2.654399e+05 5.838575e+03 5.240410e+03 1.590160e+05 -6.279474e+04 -3.047482e+03 2.654952e+05 6.185690e+03 1.363072e+04 -3.616077e+05 6.140533e+03 1.813097e+05 -7.161947e+04 -4.092570e+03 -3.025604e+05 -7.213464e+03 -1.549275e+04 4.120831e+05 -7.158954e+04 3.337242e+03 -4.166954e+03 1.395406e+05 1.765400e+04 4.120647e+05 -2.329224e+05 4.996876e+03
2.727273e-03 1.056338e+05 -4.293861e+03 5.996932e+03 -1.973696e+05 2.359091e+04 6.065954e+05 -3.275127e+05 7.238769e+03 6.452693e+03 1.972425e+05 -8.123648e+04 -2.892930e+03 3.276009e+05 7.698218e+03 1.601525e+04 -4.671196e+05 7.542950e+03 2.249141e+05 -9.265539e+04 -3.943356e+03 -3.733338e+05 -8.956871e+03 -1.820410e+04 5.323208e+05 -9.261596e+04 3.121469e+03 -5.117168e+03 1.730871e+05 2.074798e+04 5.322967e+05 -2.873931e+05 6.210351e+03
2.929293e-03 1.442201e+05 -3.816704e+03 7.696228e+03 -2.590842e+05 2.952347e+04 8.268228e+05 -4.300910e+05 9.423827e+03 8.340003e+03 2.588923e+05 -1.109053e+05 -2.555038e+03 4.302329e+05 1.007321e+04 2.003559e+04 -6.367155e+05 9.717528e+03 2.952382e+05 -1.264984e+05 -3.589494e+03 -4.902894e+05 -1.168528e+04 -2.277858e+04 7.255864e+05 -1.264430e+05 2.671637e+03 -6.590182e+03 2.271893e+05 2.596093e+04 7.255524e+05 -3.774085e+05 8.110896e+03
3.131313e-03 2.234173e+05 -2.526936e+03 1.112093e+04 -3.843733e+05 4.262744e+04 1.278643e+06 -6.473702e+05 1.384859e+04 1.218022e+04 3.840474e+05 -1.717991e+05 -1.650304e+03 6.476207e+05 1.491780e+04 2.891773e+04 -9.846604e+05 1.412250e+04 4.380055e+05 -1.959612e+05 -2.594433e+03 -7.380171e+05 -1.723064e+04 -3.289226e+04 1.122092e+06 -1.958704e+05 1.504037e+03 -9.573700e+03 3.370225e+05 3.746815e+04 1.122037e+06 -5.680769e+05 1.197477e+04
3.333333e-03 -2.251718e+06 -5.792552e+04 -1.050463e+05 3.290938e+06 -4.654100e+05 -1.286461e+07 6.684287e+06 -1.328933e+05 -1.196066e+05 -3.287270e+06 1.731435e+06 -4.013373e+04 -6.687033e+06 -1.475990e+05 -3.157092e+05 9.906946e+06 -1.361847e+05 -3.750023e+06 1.975139e+06 -4.653776e+04 7.620351e+06 1.679409e+05 3.598445e+05 -1.128968e+07 1.973887e+06 5.002406e+04 9.228222e+04 -2.884836e+06 -4.083364e+05 -1.128898e+07 5.865615e+06 -1.168160e+05
3.535354e-03 1.844054e+05 -4.795174e+03 7.484064e+03 -3.610325e+05 2.137638e+04 1.051108e+06 -4.647517e+05 9.864793e+03 7.957024e+03 3.607314e+05 -1.417765e+05 -3.195823e+03 4.650235e+05 1.034322e+04 1.447020e+04 -8.094594e+05 9.364353e+03 4.114071e+05 -1.617124e+05 -4.453138e+03 -5.299216e+05 -1.207753e+04 -1.640687e+04 9.224171e+05 -1.616726e+05 3.396883e+03 -6.339905e+03 3.165621e+05 1.884133e+04 9.223912e+05 -4.078350e+05 8.432717e+03
3.737374e-03 -2.235525e+05 -1.415868e+04 -8.554470e+03 2.892132e+05 -4.433423e+04 -1.272119e+06 6.555930e+05 -1.142952e+04 -1.032023e+04 -2.887926e+05 1.718797e+05 -9.712118e+03 -6.559173e+05 -1.321572e+04 -3.005744e+04 9.796691e+05 -1.144842e+04 -3.295456e+05 1.960951e+05 -1.194944e+04 7.474574e+05 1.473150e+04 3.434860e+04 -1.116403e+06 1.959457e+05 1.154231e+04 7.748176e+03 -2.534475e+05 -3.880824e+04 -1.116314e+06 5.753032e+05 -1.028282e+04
3.939394e-03 -7.653606e+05 -2.543605e+04 -2.493545e+04 1.221072e+06 -1.062541e+05 -4.344760e+06 2.027498e+06 -3.515260e+04 -2.903794e+04 -1.219593e+06 5.883808e+05 -1.760354e+04 -2.028771e+06 -3.930719e+04 -7.193034e+04 3.345990e+06 -3.275689e+04 -1.391389e+06 6.712338e+05 -2.102888e+04 2.311872e+06 4.441845e+04 8.208075e+04 -3.812910e+06 6.708885e+05 2.135102e+04 2.214168e+04 -1.070305e+06 -9.312959e+04 -3.812710e+06 1.779220e+06 -3.113584e+04
4.141414e-03 -7.493960e+05 -2.528349e+04 -2.060986e+04 1.236601e+06 -8.820195e+04 -4.244125e+06 1.917726e+06 -3.088525e+04 -2.425741e+04 -1.235079e+06 5.760596e+05 -1.751186e+04 -1.919079e+06 -3.458274e+04 -5.964187e+04 3.268535e+06 -2.724937e+04 -1.409078e+06 6.571885e+05 -2.102111e+04 2.186852e+06 3.897899e+04 6.809763e+04 -3.724611e+06 6.568835e+05 2.112057e+04 1.839141e+04 -1.083900e+06 -7.726794e+04 -3.724434e+06 1.682906e+06 -2.743395e+04
4.343434e-03 -2.707830e+05 -1.768226e+04 -6.121649e+03 4.017042e+05 -3.609900e+04 -1.529987e+06 7.188452e+05 -9.903906e+03 -7.904067e+03 -4.011162e+05 2.081393e+05 -1.214503e+04 -7.193568e+05 -1.171234e+04 -2.441675e+04 1.178306e+06 -8.525039e+03 -4.577206e+05 2.374774e+05 -1.502390e+04 8.197277e+05 1.284724e+04 2.798404e+04 -1.342725e+06 2.373295e+05 1.433238e+04 5.743978e+03 -3.520269e+05 -3.151825e+04 -1.342637e+06 6.308266e+05 -9.075760e+03
4.545455e-03 1.628203e+05 -1.285669e+04 2.656399e+03 -4.095475e+05 -7.601119e+03 9.171250e+05 -2.900071e+05 5.072377e+03 1.955664e+03 4.092103e+05 -1.251261e+05 -8.661907e+03 2.903716e+05 4.360922e+03 -5.244977e+03 -7.063290e+05 2.814170e+03 4.666865e+05 -1.427057e+05 -1.121980e+04 -3.308710e+05 -5.561591e+03 6.173208e+03 8.048389e+05 -1.427637e+05 9.933142e+03 -1.880569e+03 3.591088e+05 -6.473744e+03 8.048718e+05 -2.545098e+05 3.995218e+03
4.747475e-03 -4.415025e+07 -5.764545e+05 -5.025533e+05 8.562790e+07 -1.700891e+06 -2.481048e+08 9.838912e+07 -1.164981e+06 -5.815628e+05 -8.552484e+07 3.392818e+07 -4.145305e+05 -9.849002e+07 -1.245376e+06 -1.133532e+06 1.910866e+08 -6.627591e+05 -9.757067e+07 3.870681e+07 -4.744990e+05 1.122259e+08 1.418337e+06 1.291868e+06 -2.177365e+08 3.869959e+07 5.037053e+05 4.410581e+05 -7.505650e+07 -1.492462e+06 -2.177380e+08 8.634680e+07 -1.022952e+06
4.949495e-03 2.724901e+05 -2.026788e+04 1.802903e+03 -6.856017e+05 -1.941129e+04 1.526802e+06 -4.643131e+05 6.036560e+03 3.875870e+02 6.849790e+05 -2.093762e+05 -1.363010e+04 4.649828e+05 4.596025e+03 -1.334065e+04 -1.175909e+06 1.368287e+03 7.812438e+05 -2.388004e+05 -1.754576e+04 -5.298236e+05 -6.179425e+03 1.553340e+04 1.339886e+06 -2.389157e+05 1.577218e+04 -8.688832e+02 6.011223e+05 -1.670277e+04 1.339950e+06 -4.074899e+05 4.571858e+03
5.151515e-03 -3.453636e+06 -6.214574e+04 -4.221680e+02 6.871810e+06 -4.297238e+04 -1.930066e+07 7.433831e+06 -5.473366e+04 -4.235673e+03 -6.863167e+06 2.653604e+06 -4.420820e+04 -7.442359e+06 -5.862033e+04 -2.723908e+04 1.486523e+07 -3.388154e+03 -7.830137e+06 3.027461e+06 -5.346164e+04 8.480328e+06 6.532505e+04 3.157228e+04 -1.693845e+07 3.027150e+06 5.145020e+04 1.479466e+03 -6.023188e+06 -3.717775e+04 -1.693831e+07 6.523951e+06 -4.916731e+04
5.353535e-03 3.207987e+07 4.521550e+05 -1.823927e+05 -6.578809e+07 -1.948614e+05 1.787775e+08 -6.708075e+07 3.257337e+05 -1.728962e+05 6.571139e+07 -2.464828e+07 3.261604e+05 6.715833e+07 3.354431e+05 -1.513289e+05 -1.376816e+08 -2.095972e+05 7.496985e+07 -2.812113e+07 3.973563e+05 -7.652398e+07 -3.696382e+05 1.676929e+05 1.568821e+08 -2.811813e+07 -3.711036e+05 1.503859e+05 5.766354e+07 -1.757578e+05 1.568972e+08 -5.887085e+07 2.955592e+05
5.555556e-03 -2.437858e+06 -9.975869e+04 2.994215e+04 4.729170e+06 -1.891548e+04 -1.354336e+07 5.340353e+06 -1.033448e+04 2.547825e+04 -4.722561e+06 1.872805e+06 -6.933550e+04 -5.346849e+06 -1.489450e+04 -1.131547e+04 1.043130e+07 3.310293e+04 -5.388592e+06 2.136912e+06 -8.713855e+04 6.092490e+06 1.285325e+04 1.447628e+04 -1.188600e+07 2.136555e+06 7.941526e+04 -2.314465e+04 -4.144643e+06 -1.501564e+04 -1.188582e+07 4.686764e+06 -1.224169e+04
5.757576e-03 -1.161819e+06 -7.288536e+04 2.179039e+04 2.157943e+06 -2.038525e+04 -6.434566e+06 2.630389e+06 2.147635e+03 1.822287e+04 -2.154658e+06 8.924550e+05 -5.030103e+04 -2.633590e+06 -1.500925e+03 -1.308132e+04 4.956088e+06 2.399902e+04 -2.458799e+06 1.018409e+06 -6.362212e+04 3.000844e+06 -1.568208e+03 1.619404e+04 -5.647225e+06 1.018128e+06 5.765854e+04 -1.663442e+04 -1.891015e+06 -1.660024e+04 -5.647070e+06 2.308472e+06 -6.403503e+02
5.959596e-03 -1.409532e+06 -1.031607e+05 3.563183e+04 2.595241e+06 -2.220966e+04 -7.781544e+06 3.217048e+06 1.120390e+04 3.076621e+04 -2.591114e+06 1.082637e+06 -7.108084e+04 -3.221073e+06 6.221630e+03 -1.410888e+04 5.993675e+06 3.991098e+04 -2.957036e+06 1.235508e+06 -9.023395e+04 3.670225e+06 -1.200865e+04 1.805739e+04 -6.829455e+06 1.235127e+06 8.129462e+04 -2.753631e+04 -2.274089e+06 -1.750798e+04 -6.829249e+06 2.823354e+06 6.043612e+03
6.161616e-03 7.296517e+06 5.526569e+05 -2.338303e+05 -1.365571e+07 4.136095e+04 4.014633e+07 -1.653271e+07 -1.035012e+05 -2.104967e+05 1.363339e+07 -5.603669e+06 3.808624e+05 1.655458e+07 -7.957067e+04 2.275033e+04 -3.092361e+07 -2.674420e+05 1.555902e+07 -6.395172e+06 4.853291e+05 -1.886281e+07 1.185989e+05 -3.747566e+04 3.523532e+07 -6.393460e+06 -4.336688e+05 1.839902e+05 1.196564e+07 2.473123e+04 3.523367e+07 -1.450962e+07 -6.931938e+04
6.363636e-03 4.975968e+05 3.454742e+04 -1.952253e+04 -9.720706e+05 -6.984688e+03 2.728388e+06 -1.101454e+06 -1.038597e+04 -1.843279e+04 9.705159e+05 -3.821094e+05 2.385331e+04 1.102990e+06 -9.266626e+03 -5.126854e+03 -2.101619e+06 -2.286776e+04 1.107569e+06 -4.360879e+05 3.057820e+04 -1.256767e+06 1.244132e+04 5.037181e+03 2.394612e+06 -4.360060e+05 -2.692131e+04 1.569955e+04 8.517847e+05 -6.935511e+03 2.394556e+06 -9.666819e+05 -7.664916e+03
6.565657e-03 4.922455e+04 -4.704859e+03 -2.540459e+03 -1.455320e+05 -1.058103e+04 2.686514e+05 -7.291882e+04 -1.557977e+03 -3.164322e+03 1.453769e+05 -3.778575e+04 -3.156582e+03 7.308295e+04 -2.198712e+03 -7.227520e+03 -2.069467e+05 -3.442273e+03 1.658262e+05 -4.310436e+04 -3.888133e+03 -8.326545e+04 2.332215e+03 8.298368e+03 2.357759e+05 -4.315198e+04 3.837485e+03 2.355580e+03 1.275858e+05 -9.223006e+03 2.358025e+05 -6.400201e+04 -1.500643e+03
6.767677e-03 -1.201021e+06 -1.521926e+05 6.244166e+04 2.056617e+06 -3.301949e+04 -6.540990e+06 2.903504e+06 3.960730e+04 5.488157e+04 -2.052626e+06 9.221571e+05 -1.043901e+05 -2.907395e+06 3.182706e+04 -2.142100e+04 5.038532e+06 7.074056e+04 -2.343203e+06 1.052676e+06 -1.333493e+05 3.312723e+06 -4.461086e+04 2.805284e+04 -5.740979e+06 1.052108e+06 1.191657e+05 -4.848765e+04 -1.801579e+06 -2.532890e+04 -5.740656e+06 2.548245e+06 2.833167e+04
6.969697e-03 4.158911e+05 4.700923e+04 -2.495841e+04 -7.641455e+05 1.006060e+02 2.256390e+06 -9.737933e+05 -1.678355e+04 -2.302415e+04 7.627252e+05 -3.192804e+05 3.229516e+04 9.751914e+05 -1.478963e+04 -2.968855e+02 -1.738150e+06 -2.894585e+04 8.706282e+05 -3.644701e+05 4.147873e+04 -1.111131e+06 1.960353e+04 -9.023576e+02 1.980435e+06 -3.643272e+05 -3.657673e+04 1.981902e+04 6.694402e+05 -1.153986e+03 1.980346e+06 -8.546561e+05 -1.261007e+04
7.171717e-03 2.280041e+05 2.574110e+04 -1.544607e+04 -4.294620e+05 -2.542060e+03 1.232325e+06 -5.301406e+05 -1.083841e+04 -1.448759e+04 4.286631e+05 -1.750185e+05 1.769164e+04 5.309300e+05 -9.848796e+03 -1.935611e+03 -9.493108e+05 -1.806372e+04 4.893050e+05 -1.997979e+05 2.280331e+04 -6.049352e+05 1.280063e+04 1.475220e+03 1.081622e+06 -1.997278e+05 -1.994673e+04 1.235934e+04 3.762373e+05 -2.962223e+03 1.081579e+06 -4.652859e+05 -8.296104e+03
7.373737e-03 1.603666e+05 1.851417e+04 -1.211329e+04 -3.069388e+05 -3.070993e+03 8.634078e+05 -3.723338e+05 -8.785046e+03 -1.147152e+04 3.063627e+05 -1.230849e+05 1.272660e+04 3.729046e+05 -8.121385e+03 -2.239064e+03 -6.651338e+05 -1.423620e+04 3.497069e+05 -1.405184e+05 1.645307e+04 -4.248793e+05 1.043586e+04 1.991232e+03 7.578284e+05 -1.404720e+05 -1.429701e+04 9.735055e+03 2.688960e+05 -3.255956e+03 7.577995e+05 -3.267873e+05 -6.799432e+03
7.575758e-03 1.225997e+05 1.456478e+04 -1.023019e+04 -2.377810e+05 -3.180902e+03 6.574717e+05 -2.848233e+05 -7.618277e+03 -9.754670e+03 2.373297e+05 -9.408707e+04 1.001251e+04 2.852714e+05 -7.125746e+03 -2.282410e+03 -5.065011e+05 -1.206588e+04 2.709111e+05 -1.074190e+05 1.298051e+04 -3.250293e+05 9.084437e+03 2.132843e+03 5.770810e+05 -1.073850e+05 -1.121091e+04 8.247060e+03 2.083070e+05 -3.260070e+03 5.770598e+05 -2.499839e+05 -5.942557e+03
7.777778e-03 9.807405e+04 1.201283e+04 -8.971922e+03 -1.924925e+05 -3.146100e+03 5.238334e+05 -2.282493e+05 -6.827757e+03 -8.599894e+03 1.921230e+05 -7.525650e+04 8.258508e+03 2.286168e+05 -6.441784e+03 -2.238243e+03 -4.035589e+05 -1.061101e+04 2.193111e+05 -8.592493e+04 1.073530e+04 -2.604768e+05 8.164301e+03 2.141836e+03 4.597884e+05 -8.589864e+04 -9.217860e+03 7.249729e+03 1.686297e+05 -3.170127e+03 4.597719e+05 -2.003317e+05 -5.357233e+03
7.979798e-03 8.081564e+04 1.020932e+04 -8.053068e+03 -1.603957e+05 -3.052697e+03 4.298844e+05 -1.885595e+05 -6.240389e+03 -7.751653e+03 1.600842e+05 -6.200605e+04 7.018830e+03 1.888697e+05 -5.927150e+03 -2.160175e+03 -3.311891e+05 -9.545512e+03 1.827413e+05 -7.080011e+04 9.147662e+03 -2.151889e+05 7.477776e+03 2.094711e+03 3.773302e+05 -7.077905e+04 -7.810141e+03 6.519442e+03 1.405098e+05 -3.046268e+03 3.773170e+05 -1.654978e+05 -4.918871e+03
8.181818e-03 6.803488e+04 8.860423e+03 -7.343728e+03 -1.364732e+05 -2.935319e+03 3.603888e+05 -1.592269e+05 -5.778520e+03 -7.093392e+03 1.362052e+05 -5.219375e+04 6.091611e+03 1.594942e+05 -5.517916e+03 -2.069465e+03 -2.776557e+05 -8.720822e+03 1.554849e+05 -5.959964e+04 7.959578e+03 -1.817184e+05 6.936034e+03 2.022612e+03 3.163346e+05 -5.958235e+04 -6.757869e+03 5.954310e+03 1.195515e+05 -2.911949e+03 3.163237e+05 -1.397539e+05 -4.571636e+03
8.383838e-03 5.822383e+04 7.810922e+03 -6.774779e+03 -1.179982e+05 -2.809763e+03 3.071078e+05 -1.367390e+05 -5.401206e+03 -6.562937e+03 1.177639e+05 -4.466170e+04 5.370201e+03 1.369729e+05 -5.180288e+03 -1.975627e+03 -2.366123e+05 -8.057802e+03 1.344353e+05 -5.100189e+04 7.034739e+03 -1.560578e+05 6.492147e+03 1.940012e+03 2.695700e+05 -5.098744e+04 -5.939621e+03 5.500050e+03 1.033658e+05 -2.777400e+03 2.695609e+05 -1.200173e+05 -4.286081e+03
8.585859e-03 5.048648e+04 6.970134e+03 -6.305466e+03 -1.033433e+05 -2.683729e+03 2.651448e+05 -1.190167e+05 -5.084420e+03 -6.123534e+03 1.031361e+05 -3.872191e+04 4.792272e+03 1.192240e+05 -4.894354e+03 -1.883169e+03 -2.042870e+05 -7.509736e+03 1.177383e+05 -4.422156e+04 6.293479e+03 -1.358349e+05 6.118520e+03 1.854159e+03 2.327392e+05 -4.420930e+04 -5.284458e+03 5.124615e+03 9.052707e+04 -2.647263e+03 2.327314e+05 -1.044631e+05 -4.044898e+03
8.787879e-03 4.425380e+04 6.281129e+03 -5.909939e+03 -9.147113e+04 -2.561056e+03 2.313902e+05 -1.047441e+05 -4.812939e+03 -5.751810e+03 9.128585e+04 -3.393743e+04 4.318693e+03 1.049295e+05 -4.647436e+03 -1.794241e+03 -1.782847e+05 -7.046956e+03 1.042117e+05 -3.875993e+04 5.685773e+03 -1.195479e+05 5.797628e+03 1.768823e+03 2.031127e+05 -3.874941e+04 -4.747849e+03 4.807654e+03 8.012624e+04 -2.523585e+03 2.031060e+05 -9.193650e+04 -3.837100e+03
8.989899e-03 3.914606e+04 5.706189e+03 -5.570884e+03 -8.168684e+04 -2.443620e+03 2.037689e+05 -9.304527e+04 -4.576541e+03 -5.432061e+03 8.151981e+04 -3.001668e+04 3.923536e+03 9.321257e+04 -4.430975e+03 -1.709808e+03 -1.570069e+05 -6.649560e+03 9.306406e+04 -3.428419e+04 5.178470e+03 -1.061979e+05 5.517680e+03 1.685977e+03 1.788693e+05 -3.427507e+04 -4.300302e+03 4.535516e+03 7.155464e+04 -2.407139e+03 1.788634e+05 -8.166884e+04 -3.655285e+03
9.191919e-03 3.489985e+04 5.219256e+03 -5.276195e+03 -7.350709e+04 -2.332248e+03 1.808416e+05 -8.331441e+04 -4.368053e+03 -5.153283e+03 7.335542e+04 -2.675741e+04 3.588884e+03 8.346644e+04 -4.238926e+03 -1.630221e+03 -1.393450e+05 -6.303618e+03 8.374453e+04 -3.056348e+04 4.748660e+03 -9.509339e+04 5.270379e+03 1.606620e+03 1.587458e+05 -3.055550e+04 -3.921441e+03 4.298645e+03 6.438879e+04 -2.298048e+03 1.587407e+05 -7.312836e+04 -3.494243e+03
9.393939e-03 3.132670e+04 4.801705e+03 -5.017115e+03 -6.658510e+04 -2.227197e+03 1.615791e+05 -7.511894e+04 -4.182251e+03 -4.907491e+03 6.644652e+04 -2.401490e+04 3.301933e+03 7.525795e+04 -4.066861e+03 -1.555500e+03 -1.245060e+05 -5.999039e+03 7.585804e+04 -2.743262e+04 4.379965e+03 -8.574086e+04 5.049674e+03 1.531206e+03 1.418388e+05 -2.742560e+04 -3.596709e+03 4.090121e+03 5.832486e+04 -2.196109e+03 1.418343e+05 -6.593541e+04 -3.350165e+03
9.595960e-03 2.828829e+04 4.439850e+03 -4.787128e+03 -6.066566e+04 -2.128414e+03 1.452260e+05 -6.814200e+04 -4.015220e+03 -4.688729e+03 6.053836e+04 -2.168293e+04 3.053273e+03 6.826977e+04 -3.911441e+03 -1.485497e+03 -1.119081e+05 -5.728306e+03 6.911382e+04 -2.477039e+04 4.060346e+03 -7.777876e+04 4.851019e+03 1.459880e+03 1.274854e+05 -2.476416e+04 -3.315411e+03 3.904788e+03 5.313925e+04 -2.100960e+03 1.274814e+05 -5.981191e+04 -3.220186e+03
9.797980e-03 2.568087e+04 4.123396e+03 -4.581272e+03 -5.555691e+04 -2.035677e+03 1.312159e+05 -6.214635e+04 -3.863953e+03 -4.492450e+03 5.543941e+04 -1.968185e+04 2.835825e+03 6.226435e+04 -3.770087e+03 -1.419974e+03 -1.011151e+05 -5.485685e+03 6.329327e+04 -2.248585e+04 3.780744e+03 -7.093641e+04 4.670915e+03 1.392610e+03 1.151884e+05 -2.248030e+04 -3.069507e+03 3.738714e+03 4.866389e+04 -2.012167e+03 1.151848e+05 -5.454966e+04 -3.102098e+03
1.000000e-02 2.342519e+04 3.844446e+03 -4.395691e+03 -5.111197e+04 -1.948676e+03 1.191164e+05 -5.695108e+04 -3.726093e+03 -4.315110e+03 5.100306e+04 -1.795081e+04 2.644159e+03 5.706052e+04 -3.640762e+03 -1.358656e+03 -9.179394e+04 -5.266715e+03 5.822904e+04 -2.050955e+04 3.534209e+03 -6.500738e+04 4.506614e+03 1.329263e+03 1.045684e+05 -2.050459e+04 -2.852827e+03 3.588841e+03 4.477008e+04 -1.929278e+03 1.045651e+05 -4.998986e+04 -2.994161e+03
