-1.000000e-02 -8.338246e+04 4.012385e+03 6.099678e+03 -1.127075e+05 -7.394674e+02 -1.866386e+05 -1.190925e+05 5.469263e+03 5.944215e+03 1.125918e+05 6.409642e+04 2.757581e+03 1.192095e+05 5.309527e+03 -5.381547e+02 1.437965e+05 7.282558e+03 1.284074e+05 7.310837e+04 3.755617e+03 -1.358161e+05 -6.564941e+03 2.520848e+02 -1.638238e+05 7.310557e+04 -2.908024e+03 -4.961297e+03 9.882656e+04 -1.010312e+03 -1.638229e+05 -1.045317e+05 4.403234e+03
-9.797980e-03 -9.630116e+04 4.499581e+03 6.546906e+03 -1.293504e+05 -7.121488e+02 -2.159342e+05 -1.369420e+05 5.840232e+03 6.366453e+03 1.292194e+05 7.403019e+04 3.092359e+03 1.370745e+05 5.655038e+03 -5.236703e+02 1.663641e+05 7.807155e+03 1.473695e+05 8.443699e+04 4.190557e+03 -1.561706e+05 -7.002311e+03 2.097810e+02 -1.895364e+05 8.443361e+04 -3.282128e+03 -5.320333e+03 1.134204e+05 -1.012159e+03 -1.895353e+05 -1.201979e+05 4.695155e+03
-9.595960e-03 -1.126184e+05 5.104974e+03 7.082794e+03 -1.503225e+05 -6.606871e+02 -2.529594e+05 -1.594764e+05 6.281009e+03 6.870450e+03 1.501723e+05 8.657747e+04 3.508369e+03 1.596281e+05 6.063336e+03 -4.937770e+02 1.948859e+05 8.434517e+03 1.712642e+05 9.874598e+04 4.730148e+03 -1.818675e+05 -7.520901e+03 1.440487e+02 -2.220331e+05 9.874186e+04 -3.747876e+03 -5.749786e+03 1.318106e+05 -9.986922e+02 -2.220316e+05 -1.399759e+05 5.040888e+03
-9.393939e-03 -1.337240e+05 5.876640e+03 7.739827e+03 -1.773865e+05 -5.712003e+02 -3.008778e+05 -1.886169e+05 6.816531e+03 7.485693e+03 1.772118e+05 1.028070e+05 4.038642e+03 1.887932e+05 6.556316e+03 -4.394395e+02 2.317989e+05 9.202000e+03 2.020998e+05 1.172541e+05 5.416758e+03 -2.150973e+05 -8.149443e+03 4.228135e+01 -2.640905e+05 1.172490e+05 -4.342725e+03 -6.275275e+03 1.555428e+05 -9.600420e+02 -2.640887e+05 -1.655519e+05 5.459403e+03
-9.191919e-03 -1.618640e+05 6.893237e+03 8.570072e+03 -2.133873e+05 -4.195393e+02 -3.648029e+05 -2.274721e+05 7.486693e+03 8.259278e+03 2.131804e+05 1.244462e+05 4.737215e+03 2.276810e+05 7.168816e+03 -3.448890e+02 2.810420e+05 1.016938e+04 2.431177e+05 1.419312e+05 6.319651e+03 -2.594049e+05 -8.933794e+03 -1.172517e+02 -3.201967e+05 1.419248e+05 -5.128020e+03 -6.937794e+03 1.871118e+05 -8.787803e+02 -3.201943e+05 -1.996543e+05 5.980965e+03
-8.989899e-03 -2.009370e+05 8.293848e+03 9.663809e+03 -2.632553e+05 -1.604924e+02 -4.536102e+05 -2.814462e+05 8.360651e+03 9.272577e+03 2.630039e+05 1.544930e+05 5.699611e+03 2.816997e+05 7.960942e+03 -1.805182e+02 3.494520e+05 1.144012e+04 2.999355e+05 1.761961e+05 7.561188e+03 -3.209524e+05 -9.953279e+03 -3.749166e+02 -3.981413e+05 1.761877e+05 -6.212305e+03 -7.808301e+03 2.308411e+05 -7.218636e+02 -3.981381e+05 -2.470259e+05 6.657922e+03
-8.787879e-03 -2.584421e+05 1.035321e+04 1.119622e+04 -3.364552e+05 3.000860e+02 -5.843708e+05 -3.609531e+05 9.572914e+03 1.068294e+04 3.361391e+05 1.987144e+05 7.114473e+03 3.612714e+05 9.049079e+03 1.154947e+02 4.501791e+05 1.321466e+04 3.833371e+05 2.266253e+05 9.382888e+03 -4.116148e+05 -1.136185e+04 -8.142263e+02 -5.129075e+05 2.266140e+05 -7.810124e+03 -9.024257e+03 2.950303e+05 -4.197478e+02 -5.129031e+05 -3.168068e+05 7.591885e+03
-8.585859e-03 -3.513619e+05 1.371698e+04 1.357280e+04 -4.543669e+05 1.194313e+03 -7.957379e+05 -4.896298e+05 1.143656e+04 1.285344e+04 4.539470e+05 2.701706e+05 9.424972e+03 4.900523e+05 1.070318e+04 6.959671e+02 6.129978e+05 1.595634e+04 5.176820e+05 3.081122e+05 1.235196e+04 -5.583453e+05 -1.351716e+04 -1.640029e+03 -6.984200e+05 3.080958e+05 -1.042589e+04 -1.090335e+04 3.984278e+05 2.005341e+02 -6.984135e+05 -4.297424e+05 9.019056e+03
-8.383838e-03 -5.321073e+05 2.048146e+04 1.809553e+04 -6.827539e+05 3.308603e+03 -1.206959e+06 -7.406352e+05 1.496640e+04 1.694664e+04 6.821331e+05 4.091664e+05 1.406933e+04 7.412591e+05 1.379635e+04 2.079928e+03 9.297662e+05 2.115109e+04 7.778991e+05 4.666194e+05 1.830903e+04 -8.445660e+05 -1.757679e+04 -3.543783e+03 -1.059340e+06 4.665923e+05 -1.569751e+04 -1.446409e+04 5.987018e+05 1.729027e+03 -1.059330e+06 -6.500419e+05 1.170473e+04
-8.181818e-03 -1.242145e+06 4.966801e+04 3.651530e+04 -1.572931e+06 1.406235e+04 -2.821858e+06 -1.732688e+06 2.946439e+04 3.343359e+04 1.571517e+06 9.551929e+05 3.408999e+04 1.734107e+06 2.632920e+04 9.176640e+03 2.173745e+06 4.220030e+04 1.792136e+06 1.089298e+06 4.394990e+04 -1.975799e+06 -3.414093e+04 -1.303464e+04 -2.476707e+06 1.089224e+06 -3.848400e+04 -2.888779e+04 1.379297e+06 9.761136e+03 -2.476676e+06 -1.520736e+06 2.266942e+04
-7.979798e-03 -6.680585e+05 1.753986e+04 1.705599e+04 -8.704303e+05 -1.520618e+01 -1.519830e+06 -9.147471e+05 1.334888e+04 1.621798e+04 8.696864e+05 5.137382e+05 1.209989e+04 9.154912e+05 1.249677e+04 -2.008112e+02 1.170745e+06 2.006663e+04 9.917450e+05 5.858493e+05 1.578165e+04 -1.043095e+06 -1.583603e+04 -7.638928e+02 -1.333922e+06 5.858296e+05 -1.339920e+04 -1.374743e+04 7.633031e+05 -1.006755e+03 -1.333911e+06 -8.028452e+05 1.048541e+04
-7.777778e-03 2.153609e+06 -8.484355e+04 -4.468712e+04 2.684745e+06 -3.827925e+04 4.907015e+06 3.010598e+06 -3.327389e+04 -3.874950e+04 -2.682424e+06 -1.656225e+06 -5.819823e+04 -3.012916e+06 -2.724485e+04 -2.540877e+04 -3.779852e+06 -5.026667e+04 -3.058943e+06 -1.888691e+06 -7.403844e+04 3.432895e+06 3.721321e+04 3.269729e+04 4.306740e+06 -1.888535e+06 6.673584e+04 3.451253e+04 -2.354285e+06 -2.984648e+04 4.306688e+06 2.642282e+06 -2.444993e+04
-7.575758e-03 -6.190363e+05 4.558680e+03 1.063444e+04 -8.336235e+05 -7.878833e+03 -1.412303e+06 -8.234063e+05 7.391966e+03 1.080294e+04 8.329703e+05 4.760680e+05 3.257000e+03 8.240593e+05 7.562553e+03 -5.511612e+03 1.087881e+06 1.290963e+04 9.498272e+05 5.428637e+05 4.479262e+03 -9.389304e+05 -9.215922e+03 5.909449e+03 -1.239524e+06 5.428692e+05 -3.233025e+03 -8.871357e+03 7.310638e+05 -7.285594e+03 -1.239523e+06 -7.226694e+05 6.026113e+03
-7.373737e-03 2.599762e+06 -7.066771e+04 -3.301895e+04 3.299154e+06 -3.165674e+04 5.940089e+06 3.583321e+06 -2.006032e+04 -2.812115e+04 -3.296500e+06 -1.999458e+06 -4.864030e+04 -3.585961e+06 -1.509564e+04 -2.085848e+04 -4.575481e+06 -3.673299e+04 -3.759053e+06 -2.280005e+06 -6.146919e+04 4.085876e+06 2.192851e+04 2.658197e+04 5.213347e+06 -2.279868e+06 5.597307e+04 2.536755e+04 -2.893191e+06 -2.496569e+04 5.213304e+06 3.144895e+06 -1.396372e+04
-7.171717e-03 -8.511349e+05 -6.649036e+03 7.303207e+03 -1.173033e+06 -1.751391e+04 -1.947188e+06 -1.102271e+06 3.128930e+03 8.462198e+03 1.172189e+06 6.546070e+05 -4.315375e+03 1.103120e+06 4.302484e+03 -1.209763e+04 1.499849e+06 9.455529e+03 1.336573e+06 7.464145e+05 -5.164259e+03 -1.256905e+06 -4.706110e+03 1.389336e+04 -1.708939e+06 7.464481e+05 5.587790e+03 -6.553663e+03 1.028763e+06 -1.526168e+04 -1.708949e+06 -9.674059e+05 2.897246e+03
-6.969697e-03 1.634829e+07 -1.562264e+05 -7.586115e+04 2.143883e+07 -2.724497e+04 3.745318e+07 2.196432e+07 6.359941e+02 -6.716399e+04 -2.142319e+07 -1.257412e+07 -1.097974e+05 -2.197992e+07 9.437141e+03 -1.484123e+04 -2.884820e+07 -8.493956e+04 -2.442790e+07 -1.433769e+07 -1.361928e+05 2.504442e+07 -2.301471e+03 2.184455e+04 3.287029e+07 -1.433740e+07 1.260224e+05 6.010358e+04 -1.880178e+07 -1.897351e+04 3.287031e+07 1.927671e+07 7.067886e+03
-6.767677e-03 -2.874733e+06 -3.494072e+04 6.530967e+02 -3.954139e+06 -4.718749e+04 -6.594306e+06 -3.702420e+06 -1.240069e+04 4.532703e+03 3.951498e+06 2.211135e+06 -2.312527e+04 3.705086e+06 -8.478075e+03 -3.267256e+04 5.079163e+06 2.861726e+03 4.505485e+06 2.521135e+06 -2.943525e+04 -4.221688e+06 1.199132e+04 3.857052e+04 -5.787349e+06 2.521256e+06 2.757865e+04 -2.346838e+03 3.467945e+06 -4.006981e+04 -5.787375e+06 -3.249361e+06 -9.087675e+03
-6.565657e-03 9.951166e+06 -8.095215e+04 2.882499e+04 1.297078e+07 -8.462183e+04 2.285616e+07 1.347701e+07 7.226971e+04 3.659533e+04 -1.296177e+07 -7.654296e+06 -5.702798e+04 -1.348596e+07 8.012020e+04 -5.547314e+04 -1.760449e+07 4.052797e+04 -1.477935e+07 -8.727622e+06 -6.663677e+04 1.536639e+07 -9.008107e+04 6.389603e+04 2.005920e+07 -8.727367e+06 6.938577e+04 -2.620219e+04 -1.137561e+07 -7.357793e+04 2.005917e+07 1.182778e+07 6.435846e+04
-6.363636e-03 -1.263713e+06 -6.394345e+03 -8.192918e+03 -1.704014e+06 -1.344451e+03 -2.906023e+06 -1.677511e+06 -1.354438e+04 -7.821851e+03 1.702922e+06 9.720571e+05 -4.101164e+03 1.678605e+06 -1.317011e+04 -1.157311e+03 2.238263e+06 -9.806386e+03 1.941636e+06 1.108327e+06 -5.886028e+03 -1.912683e+06 1.590280e+04 1.821649e+03 -2.550381e+06 1.108340e+06 4.399048e+03 6.502612e+03 1.494515e+06 -6.765745e+02 -2.550382e+06 -1.472214e+06 -1.119655e+04
-6.161616e-03 4.221539e+05 -1.876077e+04 4.404701e+03 4.833132e+05 -2.375965e+04 9.721136e+05 6.233415e+05 6.073550e+03 6.384817e+03 -4.829497e+05 -3.247463e+05 -1.282676e+04 -6.236829e+05 8.070417e+03 -1.606891e+04 -7.487274e+05 6.567360e+03 -5.507009e+05 -3.702911e+05 -1.561025e+04 7.106648e+05 -8.477177e+03 1.870868e+04 8.531530e+05 -3.702292e+05 1.546942e+04 -4.411156e+03 -4.238520e+05 -2.045256e+04 8.531270e+05 5.470471e+05 5.883798e+03
-5.959596e-03 5.239534e+06 -8.431342e+04 7.148084e+04 6.566429e+06 -1.615083e+05 1.207821e+07 7.393593e+06 9.183030e+04 8.280242e+04 -6.562131e+06 -4.030591e+06 -5.821416e+04 -7.397750e+06 1.032404e+05 -1.088532e+05 -9.302616e+06 9.381541e+04 -7.482134e+06 -4.595665e+06 -6.721159e+04 8.429478e+06 -1.170387e+05 1.243638e+05 1.060001e+07 -4.595290e+06 7.311098e+04 -6.314973e+04 -5.759021e+06 -1.414109e+05 1.059989e+07 6.488652e+06 8.105291e+04
-5.757576e-03 -1.388488e+06 1.235483e+04 -2.344699e+04 -1.776290e+06 3.896551e+04 -3.204315e+06 -1.952897e+06 -2.865537e+04 -2.578046e+04 1.775207e+06 1.068147e+06 8.626017e+03 1.953944e+06 -3.100529e+04 2.625549e+04 2.467910e+06 -2.990411e+04 2.024018e+06 1.217867e+06 9.106562e+03 -2.226479e+06 3.584345e+04 -2.963865e+04 -2.812129e+06 1.217794e+06 -1.156403e+04 2.017225e+04 1.557933e+06 3.447504e+04 -2.812090e+06 -1.713850e+06 -2.475222e+04
-5.555556e-03 -6.582227e+05 3.220492e+03 -1.320181e+04 -8.516546e+05 1.902704e+04 -1.520673e+06 -9.299929e+05 -1.558640e+04 -1.419898e+04 8.511627e+05 5.063760e+05 2.291698e+03 9.304675e+05 -1.658997e+04 1.283071e+04 1.171183e+06 -1.663328e+04 9.704375e+05 5.773448e+05 1.966209e+03 -1.060256e+06 1.935109e+04 -1.437992e+04 -1.334545e+06 5.773131e+05 -3.470874e+03 1.123732e+04 7.469797e+05 1.693858e+04 -1.334527e+06 -8.161503e+05 -1.333413e+04
-5.353535e-03 -8.410978e+05 9.484741e+03 -1.987294e+04 -1.056749e+06 3.509504e+04 -1.945318e+06 -1.219775e+06 -2.278058e+04 -2.186496e+04 1.056141e+06 6.470886e+05 6.571612e+03 1.220347e+06 -2.478346e+04 2.373256e+04 1.498216e+06 -2.532111e+04 1.204141e+06 7.377766e+05 6.910610e+03 -1.390582e+06 2.863462e+04 -2.683306e+04 -1.707209e+06 7.377103e+05 -8.900494e+03 1.712882e+04 9.268663e+05 3.100899e+04 -1.707177e+06 -1.070451e+06 -1.968837e+04
-5.151515e-03 -4.422171e+05 2.880150e+03 -1.175365e+04 -5.646708e+05 1.869213e+04 -1.023806e+06 -6.454874e+05 -1.323036e+04 -1.270244e+04 5.643658e+05 3.402226e+05 2.019616e+03 6.457728e+05 -1.418372e+04 1.264565e+04 7.884900e+05 -1.483120e+04 6.434343e+05 3.878982e+05 1.772932e+03 -7.358615e+05 1.651284e+04 -1.422432e+04 -8.984847e+05 3.878661e+05 -3.055525e+03 1.004083e+04 4.952816e+05 1.658933e+04 -8.984691e+05 -5.664632e+05 -1.134073e+04
-4.949495e-03 -3.010774e+05 8.955541e+02 -8.872945e+03 -3.894068e+05 1.338891e+04 -6.977261e+05 -4.442521e+05 -9.842815e+03 -9.490559e+03 3.892090e+05 2.316416e+05 6.484292e+02 4.444357e+05 -1.046301e+04 9.063058e+03 5.373519e+05 -1.113300e+04 4.437269e+05 2.640982e+05 2.528117e+02 -5.064406e+05 1.223669e+04 -1.016240e+04 -6.123161e+05 2.640769e+05 -1.271678e+03 7.542050e+03 3.415633e+05 1.191486e+04 -6.123057e+05 -3.898616e+05 -8.395942e+03
-4.747475e-03 -2.236818e+05 -5.849299e+01 -7.217534e+03 -2.931344e+05 1.058886e+04 -5.188564e+05 -3.345648e+05 -7.912394e+03 -7.664295e+03 2.929949e+05 1.720994e+05 -1.208329e+01 3.346930e+05 -8.360752e+03 7.171729e+03 3.995915e+05 -9.019949e+03 3.340277e+05 1.962109e+05 -4.639714e+02 -3.813902e+05 9.810107e+03 -8.024404e+03 -4.553397e+05 1.961953e+05 -3.986327e+02 6.113842e+03 2.571255e+05 9.440410e+03 -4.553320e+05 -2.936013e+05 -6.725769e+03
-4.545455e-03 -1.742827e+05 -5.972566e+02 -6.092848e+03 -2.317359e+05 8.829696e+03 -4.046364e+05 -2.649140e+05 -6.614923e+03 -6.434841e+03 2.316329e+05 1.340953e+05 -3.858228e+02 2.650074e+05 -6.957937e+03 5.983419e+03 3.116229e+05 -7.591505e+03 2.640657e+05 1.528805e+05 -8.592341e+02 -3.019841e+05 8.184722e+03 -6.684925e+03 -3.551003e+05 1.528684e+05 1.047372e+02 5.147926e+03 2.032743e+05 7.881993e+03 -3.550943e+05 -2.324768e+05 -5.607841e+03
-4.343434e-03 -1.400573e+05 -9.278298e+02 -5.258423e+03 -1.893122e+05 7.616398e+03 -3.254576e+05 -2.169123e+05 -5.663043e+03 -5.529845e+03 1.892342e+05 1.077643e+05 -6.156183e+02 2.169820e+05 -5.935121e+03 5.163715e+03 2.506424e+05 -6.536296e+03 2.157250e+05 1.228595e+05 -1.094738e+03 -2.472595e+05 6.995673e+03 -5.763415e+03 -2.856133e+05 1.228497e+05 4.211521e+02 4.434050e+03 1.660652e+05 6.804674e+03 -2.856084e+05 -1.903513e+05 -4.790631e+03
-4.141414e-03 -1.150510e+05 -1.140920e+03 -4.604401e+03 -1.584559e+05 6.728741e+03 -2.675722e+05 -1.820524e+05 -4.925027e+03 -4.825321e+03 1.583957e+05 8.852564e+04 -7.640886e+02 1.821051e+05 -5.146361e+03 4.563891e+03 2.060615e+05 -5.712324e+03 1.805650e+05 1.009249e+05 -1.241073e+03 -2.075174e+05 6.076023e+03 -5.090781e+03 -2.348134e+05 1.009169e+05 6.309750e+02 3.876349e+03 1.390015e+05 6.014809e+03 -2.348094e+05 -1.597588e+05 -4.159030e+03
-3.939394e-03 -9.607098e+04 -1.282578e+03 -4.071984e+03 -1.351857e+05 6.052275e+03 -2.236084e+05 -1.557857e+05 -4.330343e+03 -4.255175e+03 1.351387e+05 7.392304e+04 -8.630514e+02 1.558259e+05 -4.513782e+03 4.106672e+03 1.722027e+05 -5.043751e+03 1.540490e+05 8.427620e+04 -1.333903e+03 -1.775723e+05 5.336548e+03 -4.579257e+03 -1.962312e+05 8.426944e+04 7.752070e+02 3.423623e+03 1.185914e+05 5.411672e+03 -1.962278e+05 -1.367077e+05 -3.651514e+03
-3.737374e-03 -8.123790e+04 -1.378528e+03 -3.626261e+03 -1.171547e+05 5.521139e+03 -1.892271e+05 -1.354417e+05 -3.837181e+03 -3.780328e+03 1.171179e+05 6.251079e+04 -9.302960e+02 1.354723e+05 -3.991381e+03 3.747595e+03 1.457241e+05 -4.485647e+03 1.335030e+05 7.126496e+04 -1.393036e+03 -1.543793e+05 4.724450e+03 -4.178398e+03 -1.660586e+05 7.125921e+04 8.768844e+02 3.045539e+03 1.027765e+05 4.937241e+03 -1.660557e+05 -1.188543e+05 -3.231682e+03
-3.535354e-03 -6.937036e+04 -1.444143e+03 -3.244913e+03 -1.028866e+05 5.094573e+03 -1.617003e+05 -1.193452e+05 -3.418900e+03 -3.375907e+03 1.028576e+05 5.337999e+04 -9.764622e+02 1.193684e+05 -3.549947e+03 3.459142e+03 1.245246e+05 -4.009356e+03 1.172446e+05 6.085492e+04 -1.430232e+03 -1.360289e+05 4.206146e+03 -3.857026e+03 -1.419016e+05 6.084998e+04 9.498629e+02 2.722750e+03 9.026182e+04 4.555569e+03 -1.418990e+05 -1.047285e+05 -2.876384e+03
-3.333333e-03 -5.968785e+04 -1.489085e+03 -2.912858e+03 -9.140582e+04 4.745939e+03 -1.392253e+05 -1.063923e+05 -3.057577e+03 -3.025179e+03 9.138309e+04 4.593020e+04 -1.008241e+03 1.064096e+05 -3.169893e+03 3.223333e+03 1.072159e+05 -3.595563e+03 1.041624e+05 5.236149e+04 -1.452823e+03 -1.212622e+05 3.759078e+03 -3.594790e+03 -1.221780e+05 5.235720e+04 1.002912e+03 2.442211e+03 8.019194e+04 4.243140e+03 -1.221758e+05 -9.336135e+04 -2.570075e+03
-3.131313e-03 -5.165427e+04 -1.519664e+03 -2.619458e+03 -8.204311e+04 4.457072e+03 -1.205638e+05 -9.582664e+04 -2.740632e+03 -2.716387e+03 8.202538e+04 3.974899e+04 -1.030007e+03 9.583924e+04 -2.837517e+03 3.027905e+03 9.284420e+04 -3.230671e+03 9.349364e+04 4.531440e+04 -1.465557e+03 -1.092171e+05 3.367436e+03 -3.377830e+03 -1.058011e+05 4.531067e+04 1.041805e+03 2.194738e+03 7.197978e+04 3.983900e+03 -1.057992e+05 -8.408924e+04 -2.301866e+03
-2.929293e-03 -4.488949e+04 -1.540133e+03 -2.356939e+03 -7.432489e+04 4.215157e+03 -1.048376e+05 -8.711390e+04 -2.458926e+03 -2.440979e+03 7.431122e+04 3.454390e+04 -1.044710e+03 8.712269e+04 -2.542894e+03 2.864206e+03 8.073312e+04 -2.904769e+03 8.469874e+04 3.938025e+04 -1.471603e+03 -9.928450e+04 3.019752e+03 -3.196379e+03 -9.200020e+04 3.937698e+04 1.070466e+03 1.973637e+03 6.520997e+04 3.766512e+03 -9.199851e+04 -7.644322e+04 -2.063859e+03
-2.727273e-03 -3.911674e+04 -1.553430e+03 -2.119458e+03 -6.790758e+04 4.010899e+03 -9.140701e+04 -7.986686e+04 -2.205626e+03 -2.192550e+03 6.789723e+04 3.010204e+04 -1.054390e+03 7.987253e+04 -2.278629e+03 2.725961e+03 7.039007e+04 -2.610423e+03 7.738622e+04 3.431626e+04 -1.473129e+03 -9.102282e+04 2.707464e+03 -3.043361e+03 -8.021395e+04 3.431339e+04 1.091632e+03 1.773884e+03 5.958120e+04 3.582742e+03 -8.021247e+04 -7.008347e+04 -1.850161e+03
-2.525253e-03 -3.412987e+04 -1.561627e+03 -1.902510e+03 -6.253671e+04 3.837400e+03 -7.979559e+04 -7.379892e+04 -1.975500e+03 -1.966181e+03 6.252911e+04 2.626479e+04 -1.060488e+03 7.380203e+04 -2.039072e+03 2.608512e+03 6.144805e+04 -2.341914e+03 7.126609e+04 2.994162e+04 -1.471645e+03 -8.410536e+04 2.424023e+03 -2.913532e+03 -7.002418e+04 2.993910e+04 1.107251e+03 1.591613e+03 5.487026e+04 3.426476e+03 -7.002287e+04 -6.475847e+04 -1.656267e+03
-2.323232e-03 -2.977220e+04 -1.566212e+03 -1.702549e+03 -5.802049e+04 3.689444e+03 -6.964107e+04 -6.869422e+04 -1.764452e+03 -1.758016e+03 5.801515e+04 2.291163e+04 -1.064037e+03 6.869520e+04 -1.819816e+03 2.508336e+03 5.362808e+04 -2.094750e+03 6.611982e+04 2.611889e+04 -1.468220e+03 -7.828602e+04 2.164310e+03 -2.802928e+03 -6.111298e+04 2.611668e+04 1.118739e+03 1.423788e+03 5.090893e+04 3.293083e+03 -6.111183e+04 -6.027878e+04 -1.478657e+03
-2.121212e-03 -2.592251e+04 -1.568269e+03 -1.516730e+03 -5.421224e+04 3.563025e+03 -6.066308e+04 -6.438777e+04 -1.569217e+03 -1.564971e+03 5.420880e+04 1.994928e+04 -1.065793e+03 6.438699e+04 -1.617354e+03 2.422729e+03 4.671421e+04 -1.865334e+03 6.178029e+04 2.274173e+04 -1.463623e+03 -7.337670e+04 1.924248e+03 -2.708510e+03 -5.323428e+04 2.273980e+04 1.127136e+03 1.267975e+03 4.756858e+04 3.179005e+03 -5.323327e+04 -5.649961e+04 -1.314528e+03
-1.919192e-03 -2.248539e+04 -1.568595e+03 -1.342731e+03 -5.099852e+04 3.455026e+03 -5.264092e+04 -6.075197e+04 -1.387142e+03 -1.384535e+03 5.099665e+04 1.730435e+04 -1.066310e+03 6.074973e+04 -1.428846e+03 2.349584e+03 4.053647e+04 -1.650731e+03 5.811822e+04 1.972648e+04 -1.458412e+03 -6.923194e+04 1.700530e+03 -2.627916e+03 -4.619441e+04 1.972479e+04 1.133218e+03 1.122192e+03 4.474969e+04 3.081471e+03 -4.619353e+04 -5.330899e+04 -1.161608e+03
-1.717172e-03 -1.938459e+04 -1.567784e+03 -1.178621e+03 -4.829074e+04 3.363001e+03 -4.539811e+04 -5.768722e+04 -1.216042e+03 -1.214632e+03 4.829018e+04 1.491818e+04 -1.066004e+03 5.768376e+04 -1.251958e+03 2.287250e+03 3.495895e+04 -1.448513e+03 5.503266e+04 1.700623e+04 -1.452995e+03 -6.573818e+04 1.490432e+03 -2.559292e+03 -3.983849e+04 1.700477e+04 1.137571e+03 9.847932e+02 4.237458e+04 2.998303e+03 -3.983772e+04 -5.061950e+04 -1.018026e+03
-1.515152e-03 -1.655817e+04 -1.566281e+03 -1.022774e+03 -4.601928e+04 3.285016e+03 -3.879129e+04 -5.511526e+04 -1.054081e+03 -1.053514e+03 4.601981e+04 1.274311e+04 -1.065185e+03 5.511080e+04 -1.084733e+03 2.234420e+03 2.987124e+04 -1.256633e+03 5.244430e+04 1.452666e+04 -1.447672e+03 -6.280620e+04 1.291670e+03 -2.501176e+03 -3.404071e+04 1.452541e+04 1.140638e+03 8.543955e+02 4.038218e+04 2.927780e+03 -3.404005e+04 -4.836246e+04 -8.822140e+02
-1.313131e-03 -1.395505e+04 -1.564422e+03 -8.737972e+02 -4.412927e+04 3.219537e+03 -3.270218e+04 -5.297441e+04 -8.996969e+02 -8.996904e+02 4.413070e+04 1.073984e+04 -1.064086e+03 5.296911e+04 -9.255115e+02 2.190058e+03 2.518223e+04 -1.073342e+03 5.029059e+04 1.224297e+04 -1.442667e+03 -6.036568e+04 1.102302e+03 -2.452406e+03 -2.869725e+04 1.224191e+04 1.142756e+03 7.298141e+02 3.872435e+04 2.868533e+03 -2.869669e+04 -4.648375e+04 -7.528398e+02
-1.111111e-03 -1.153241e+04 -1.562458e+03 -7.304780e+02 -4.257746e+04 3.165348e+03 -2.703154e+04 -5.121606e+04 -7.515373e+02 -7.518665e+02 4.257962e+04 8.875424e+03 -1.062885e+03 5.121009e+04 -7.728574e+02 2.153341e+03 2.081552e+04 -8.971179e+02 4.852228e+04 1.011759e+04 -1.438144e+03 -5.836121e+04 9.206476e+02 -2.412066e+03 -2.372105e+04 1.011671e+04 1.144186e+03 6.100199e+02 3.736318e+04 2.819478e+03 -2.372059e+04 -4.494070e+04 -6.287510e+02
-9.090909e-04 -9.253675e+03 -1.560580e+03 -5.917442e+02 -4.133000e+04 3.121493e+03 -2.169468e+04 -4.980214e+04 -6.084120e+02 -6.089002e+02 4.133274e+04 7.121735e+03 -1.061715e+03 4.979563e+04 -6.255110e+02 2.123624e+03 1.670585e+04 -7.266195e+02 4.710077e+04 8.118438e+03 -1.434224e+03 -5.674938e+04 7.452302e+02 -2.379431e+03 -1.903776e+04 8.117731e+03 1.145122e+03 4.941037e+02 3.626896e+04 2.779762e+03 -1.903739e+04 -4.369992e+04 -5.089349e+02
-7.070707e-04 -7.087063e+03 -1.558929e+03 -4.566315e+02 -4.036071e+04 3.087228e+03 -1.661789e+04 -4.870326e+04 -4.692556e+02 -4.697670e+02 4.036391e+04 5.454309e+03 -1.060676e+03 4.869633e+04 -4.823461e+02 2.100404e+03 1.279648e+04 -5.606403e+02 4.599625e+04 6.217640e+03 -1.430997e+03 -5.549669e+04 5.747284e+02 -2.353941e+03 -1.458270e+04 6.217097e+03 1.145714e+03 3.812488e+02 3.541875e+04 2.748722e+03 -1.458242e+04 -4.273559e+04 -3.924857e+02
-5.050505e-04 -5.004326e+03 -1.557609e+03 -3.242574e+02 -3.964994e+04 3.061993e+03 -1.173568e+04 -4.789729e+04 -3.330968e+02 -3.335308e+02 3.965346e+04 3.851416e+03 -1.059838e+03 4.789006e+04 -3.423377e+02 2.083302e+03 9.036953e+03 -3.980779e+02 4.518631e+04 4.390416e+03 -1.428527e+03 -5.457792e+04 4.079381e+02 -2.335173e+03 -1.029841e+04 4.390032e+03 1.146070e+03 2.707085e+02 3.479529e+04 2.725856e+03 -1.029820e+04 -4.202831e+04 -2.785786e+02
-3.030303e-04 -2.979784e+03 -1.556692e+03 -1.937991e+02 -3.918361e+04 3.045385e+03 -6.988479e+03 -4.736844e+04 -1.990328e+02 -1.993202e+02 3.918735e+04 2.293299e+03 -1.059253e+03 4.736101e+04 -2.045342e+02 2.072047e+03 5.381411e+03 -2.379049e+02 4.465491e+04 2.614240e+03 -1.426858e+03 -5.397504e+04 2.437413e+02 -2.322824e+03 -6.132596e+03 2.614011e+03 1.146267e+03 1.617870e+02 3.438625e+04 2.710805e+03 -6.132475e+03 -4.156422e+04 -1.664476e+02
-1.010101e-04 -9.894923e+02 -1.556222e+03 -6.447461e+01 -3.895267e+04 3.037145e+03 -2.320748e+03 -4.710650e+04 -6.620762e+01 -6.630785e+01 3.895651e+04 7.615330e+02 -1.058953e+03 4.709898e+04 -6.803428e+01 2.066462e+03 1.787068e+03 -7.914562e+01 4.439175e+04 8.681071e+02 -1.426016e+03 -5.367644e+04 8.107795e+01 -2.316697e+03 -2.036524e+03 8.680310e+02 1.146354e+03 5.382333e+01 3.418367e+04 2.703336e+03 -2.036484e+03 -4.133436e+04 -5.536670e+01
1.010101e-04 9.894923e+02 -1.556222e+03 6.447461e+01 -3.895267e+04 3.037145e+03 2.320748e+03 -4.710650e+04 6.620762e+01 6.630785e+01 3.895651e+04 -7.615330e+02 -1.058953e+03 4.709898e+04 6.803428e+01 2.066462e+03 -1.787068e+03 7.914562e+01 4.439175e+04 -8.681071e+02 -1.426016e+03 -5.367644e+04 -8.107795e+01 -2.316697e+03 2.036524e+03 -8.680310e+02 1.146354e+03 -5.382333e+01 3.418367e+04 2.703336e+03 2.036484e+03 -4.133436e+04 5.536670e+01
3.030303e-04 2.979784e+03 -1.556692e+03 1.937991e+02 -3.918361e+04 3.045385e+03 6.988479e+03 -4.736844e+04 1.990328e+02 1.993202e+02 3.918735e+04 -2.293299e+03 -1.059253e+03 4.736101e+04 2.045342e+02 2.072047e+03 -5.381411e+03 2.379049e+02 4.465491e+04 -2.614240e+03 -1.426858e+03 -5.397504e+04 -2.437413e+02 -2.322824e+03 6.132596e+03 -2.614011e+03 1.146267e+03 -1.617870e+02 3.438625e+04 2.710805e+03 6.132475e+03 -4.156422e+04 1.664476e+02
5.050505e-04 5.004326e+03 -1.557609e+03 3.242574e+02 -3.964994e+04 3.061993e+03 1.173568e+04 -4.789729e+04 3.330968e+02 3.335308e+02 3.965346e+04 -3.851416e+03 -1.059838e+03 4.789006e+04 3.423377e+02 2.083302e+03 -9.036953e+03 3.980779e+02 4.518631e+04 -4.390416e+03 -1.428527e+03 -5.457792e+04 -4.079381e+02 -2.335173e+03 1.029841e+04 -4.390032e+03 1.146070e+03 -2.707085e+02 3.479529e+04 2.725856e+03 1.029820e+04 -4.202831e+04 2.785786e+02
7.070707e-04 7.087063e+03 -1.558929e+03 4.566315e+02 -4.036071e+04 3.087228e+03 1.661789e+04 -4.870326e+04 4.692556e+02 4.697670e+02 4.036391e+04 -5.454309e+03 -1.060676e+03 4.869633e+04 4.823461e+02 2.100404e+03 -1.279648e+04 5.606403e+02 4.599625e+04 -6.217640e+03 -1.430997e+03 -5.549669e+04 -5.747284e+02 -2.353941e+03 1.458270e+04 -6.217097e+03 1.145714e+03 -3.812488e+02 3.541875e+04 2.748722e+03 1.458242e+04 -4.273559e+04 3.924857e+02
9.090909e-04 9.253675e+03 -1.560580e+03 5.917442e+02 -4.133000e+04 3.121493e+03 2.169468e+04 -4.980214e+04 6.084120e+02 6.089002e+02 4.133274e+04 -7.121735e+03 -1.061715e+03 4.979563e+04 6.255110e+02 2.123624e+03 -1.670585e+04 7.266195e+02 4.710077e+04 -8.118438e+03 -1.434224e+03 -5.674938e+04 -7.452302e+02 -2.379431e+03 1.903776e+04 -8.117731e+03 1.145122e+03 -4.941037e+02 3.626896e+04 2.779762e+03 1.903739e+04 -4.369992e+04 5.089349e+02
1.111111e-03 1.153241e+04 -1.562458e+03 7.304780e+02 -4.257746e+04 3.165348e+03 2.703154e+04 -5.121606e+04 7.515373e+02 7.518665e+02 4.257962e+04 -8.875424e+03 -1.062885e+03 5.121009e+04 7.728574e+02 2.153341e+03 -2.081552e+04 8.971179e+02 4.852228e+04 -1.011759e+04 -1.438144e+03 -5.836121e+04 -9.206476e+02 -2.412066e+03 2.372105e+04 -1.011671e+04 1.144186e+03 -6.100199e+02 3.736318e+04 2.819478e+03 2.372059e+04 -4.494070e+04 6.287510e+02
1.313131e-03 1.395505e+04 -1.564422e+03 8.737972e+02 -4.412927e+04 3.219537e+03 3.270218e+04 -5.297441e+04 8.996969e+02 8.996904e+02 4.413070e+04 -1.073984e+04 -1.064086e+03 5.296911e+04 9.255115e+02 2.190058e+03 -2.518223e+04 1.073342e+03 5.029059e+04 -1.224297e+04 -1.442667e+03 -6.036568e+04 -1.102302e+03 -2.452406e+03 2.869725e+04 -1.224191e+04 1.142756e+03 -7.298141e+02 3.872435e+04 2.868533e+03 2.869669e+04 -4.648375e+04 7.528398e+02
1.515152e-03 1.655817e+04 -1.566281e+03 1.022774e+03 -4.601928e+04 3.285016e+03 3.879129e+04 -5.511526e+04 1.054081e+03 1.053514e+03 4.601981e+04 -1.274311e+04 -1.065185e+03 5.511080e+04 1.084733e+03 2.234420e+03 -2.987124e+04 1.256633e+03 5.244430e+04 -1.452666e+04 -1.447672e+03 -6.280620e+04 -1.291670e+03 -2.501176e+03 3.404071e+04 -1.452541e+04 1.140638e+03 -8.543955e+02 4.038218e+04 2.927780e+03 3.404005e+04 -4.836246e+04 8.822140e+02
1.717172e-03 1.938459e+04 -1.567784e+03 1.178621e+03 -4.829074e+04 3.363001e+03 4.539811e+04 -5.768722e+04 1.216042e+03 1.214632e+03 4.829018e+04 -1.491818e+04 -1.066004e+03 5.768376e+04 1.251958e+03 2.287250e+03 -3.495895e+04 1.448513e+03 5.503266e+04 -1.700623e+04 -1.452995e+03 -6.573818e+04 -1.490432e+03 -2.559292e+03 3.983849e+04 -1.700477e+04 1.137571e+03 -9.847932e+02 4.237458e+04 2.998303e+03 3.983772e+04 -5.061950e+04 1.018026e+03
1.919192e-03 2.248539e+04 -1.568595e+03 1.342731e+03 -5.099852e+04 3.455026e+03 5.264092e+04 -6.075197e+04 1.387142e+03 1.384535e+03 5.099665e+04 -1.730435e+04 -1.066310e+03 6.074973e+04 1.428846e+03 2.349584e+03 -4.053647e+04 1.650731e+03 5.811822e+04 -1.972648e+04 -1.458412e+03 -6.923194e+04 -1.700530e+03 -2.627916e+03 4.619441e+04 -1.972479e+04 1.133218e+03 -1.122192e+03 4.474969e+04 3.081471e+03 4.619353e+04 -5.330899e+04 1.161608e+03
2.121212e-03 2.592251e+04 -1.568269e+03 1.516730e+03 -5.421224e+04 3.563025e+03 6.066308e+04 -6.438777e+04 1.569217e+03 1.564971e+03 5.420880e+04 -1.994928e+04 -1.065793e+03 6.438699e+04 1.617354e+03 2.422729e+03 -4.671421e+04 1.865334e+03 6.178029e+04 -2.274173e+04 -1.463623e+03 -7.337670e+04 -1.924248e+03 -2.708510e+03 5.323428e+04 -2.273980e+04 1.127136e+03 -1.267975e+03 4.756858e+04 3.179005e+03 5.323327e+04 -5.649961e+04 1.314528e+03
2.323232e-03 2.977220e+04 -1.566212e+03 1.702549e+03 -5.802049e+04 3.689444e+03 6.964107e+04 -6.869422e+04 1.764452e+03 1.758016e+03 5.801515e+04 -2.291163e+04 -1.064037e+03 6.869520e+04 1.819816e+03 2.508336e+03 -5.362808e+04 2.094750e+03 6.611982e+04 -2.611889e+04 -1.468220e+03 -7.828602e+04 -2.164310e+03 -2.802928e+03 6.111298e+04 -2.611668e+04 1.118739e+03 -1.423788e+03 5.090893e+04 3.293083e+03 6.111183e+04 -6.027878e+04 1.478657e+03
2.525253e-03 3.412987e+04 -1.561627e+03 1.902510e+03 -6.253671e+04 3.837400e+03 7.979559e+04 -7.379892e+04 1.975500e+03 1.966181e+03 6.252911e+04 -2.626479e+04 -1.060488e+03 7.380203e+04 2.039072e+03 2.608512e+03 -6.144805e+04 2.341914e+03 7.126609e+04 -2.994162e+04 -1.471645e+03 -8.410536e+04 -2.424023e+03 -2.913532e+03 7.002418e+04 -2.993910e+04 1.107251e+03 -1.591613e+03 5.487026e+04 3.426476e+03 7.002287e+04 -6.475847e+04 1.656267e+03
2.727273e-03 3.911674e+04 -1.553430e+03 2.119458e+03 -6.790758e+04 4.010899e+03 9.140701e+04 -7.986686e+04 2.205626e+03 2.192550e+03 6.789723e+04 -3.010204e+04 -1.054390e+03 7.987253e+04 2.278629e+03 2.725961e+03 -7.039007e+04 2.610423e+03 7.738622e+04 -3.431626e+04 -1.473129e+03 -9.102282e+04 -2.707464e+03 -3.043361e+03 8.021395e+04 -3.431339e+04 1.091632e+03 -1.773884e+03 5.958120e+04 3.582742e+03 8.021247e+04 -7.008347e+04 1.850161e+03
2.929293e-03 4.488949e+04 -1.540133e+03 2.356939e+03 -7.432489e+04 4.215157e+03 1.048376e+05 -8.711390e+04 2.458926e+03 2.440979e+03 7.431122e+04 -3.454390e+04 -1.044710e+03 8.712269e+04 2.542894e+03 2.864206e+03 -8.073312e+04 2.904769e+03 8.469874e+04 -3.938025e+04 -1.471603e+03 -9.928450e+04 -3.019752e+03 -3.196379e+03 9.200020e+04 -3.937698e+04 1.070466e+03 -1.973637e+03 6.520997e+04 3.766512e+03 9.199851e+04 -7.644322e+04 2.063859e+03
3.131313e-03 5.165427e+04 -1.519664e+03 2.619458e+03 -8.204311e+04 4.457072e+03 1.205638e+05 -9.582664e+04 2.740632e+03 2.716387e+03 8.202538e+04 -3.974899e+04 -1.030007e+03 9.583924e+04 2.837517e+03 3.027905e+03 -9.284420e+04 3.230671e+03 9.349364e+04 -4.531440e+04 -1.465557e+03 -1.092171e+05 -3.367436e+03 -3.377830e+03 1.058011e+05 -4.531067e+04 1.041805e+03 -2.194738e+03 7.197978e+04 3.983900e+03 1.057992e+05 -8.408924e+04 2.301866e+03
3.333333e-03 5.968785e+04 -1.489085e+03 2.912858e+03 -9.140582e+04 4.745939e+03 1.392253e+05 -1.063923e+05 3.057577e+03 3.025179e+03 9.138309e+04 -4.593020e+04 -1.008241e+03 1.064096e+05 3.169893e+03 3.223333e+03 -1.072159e+05 3.595563e+03 1.041624e+05 -5.236149e+04 -1.452823e+03 -1.212622e+05 -3.759078e+03 -3.594790e+03 1.221780e+05 -5.235720e+04 1.002912e+03 -2.442211e+03 8.019194e+04 4.243140e+03 1.221758e+05 -9.336135e+04 2.570075e+03
3.535354e-03 6.937036e+04 -1.444143e+03 3.244913e+03 -1.028866e+05 5.094573e+03 1.617003e+05 -1.193452e+05 3.418900e+03 3.375907e+03 1.028576e+05 -5.337999e+04 -9.764622e+02 1.193684e+05 3.549947e+03 3.459142e+03 -1.245246e+05 4.009356e+03 1.172446e+05 -6.085492e+04 -1.430232e+03 -1.360289e+05 -4.206146e+03 -3.857026e+03 1.419016e+05 -6.084998e+04 9.498629e+02 -2.722750e+03 9.026182e+04 4.555569e+03 1.418990e+05 -1.047285e+05 2.876384e+03
3.737374e-03 8.123790e+04 -1.378528e+03 3.626261e+03 -1.171547e+05 5.521139e+03 1.892271e+05 -1.354417e+05 3.837181e+03 3.780328e+03 1.171179e+05 -6.251079e+04 -9.302960e+02 1.354723e+05 3.991381e+03 3.747595e+03 -1.457241e+05 4.485647e+03 1.335030e+05 -7.126496e+04 -1.393036e+03 -1.543793e+05 -4.724450e+03 -4.178398e+03 1.660586e+05 -7.125921e+04 8.768844e+02 -3.045539e+03 1.027765e+05 4.937241e+03 1.660557e+05 -1.188543e+05 3.231682e+03
3.939394e-03 9.607098e+04 -1.282578e+03 4.071984e+03 -1.351857e+05 6.052275e+03 2.236084e+05 -1.557857e+05 4.330343e+03 4.255175e+03 1.351387e+05 -7.392304e+04 -8.630514e+02 1.558259e+05 4.513782e+03 4.106672e+03 -1.722027e+05 5.043751e+03 1.540490e+05 -8.427620e+04 -1.333903e+03 -1.775723e+05 -5.336548e+03 -4.579257e+03 1.962312e+05 -8.426944e+04 7.752070e+02 -3.423623e+03 1.185914e+05 5.411672e+03 1.962278e+05 -1.367077e+05 3.651514e+03
4.141414e-03 1.150510e+05 -1.140920e+03 4.604401e+03 -1.584559e+05 6.728741e+03 2.675722e+05 -1.820524e+05 4.925027e+03 4.825321e+03 1.583957e+05 -8.852564e+04 -7.640886e+02 1.821051e+05 5.146361e+03 4.563891e+03 -2.060615e+05 5.712324e+03 1.805650e+05 -1.009249e+05 -1.241073e+03 -2.075174e+05 -6.076023e+03 -5.090781e+03 2.348134e+05 -1.009169e+05 6.309750e+02 -3.876349e+03 1.390015e+05 6.014809e+03 2.348094e+05 -1.597588e+05 4.159030e+03
4.343434e-03 1.400573e+05 -9.278298e+02 5.258423e+03 -1.893122e+05 7.616398e+03 3.254576e+05 -2.169123e+05 5.663043e+03 5.529845e+03 1.892342e+05 -1.077643e+05 -6.156183e+02 2.169820e+05 5.935121e+03 5.163715e+03 -2.506424e+05 6.536296e+03 2.157250e+05 -1.228595e+05 -1.094738e+03 -2.472595e+05 -6.995673e+03 -5.763415e+03 2.856133e+05 -1.228497e+05 4.211521e+02 -4.434050e+03 1.660652e+05 6.804674e+03 2.856084e+05 -1.903513e+05 4.790631e+03
4.545455e-03 1.742827e+05 -5.972566e+02 6.092848e+03 -2.317359e+05 8.829696e+03 4.046364e+05 -2.649140e+05 6.614923e+03 6.434841e+03 2.316329e+05 -1.340953e+05 -3.858228e+02 2.650074e+05 6.957937e+03 5.983419e+03 -3.116229e+05 7.591505e+03 2.640657e+05 -1.528805e+05 -8.592341e+02 -3.019841e+05 -8.184722e+03 -6.684925e+03 3.551003e+05 -1.528684e+05 1.047372e+02 -5.147926e+03 2.032743e+05 7.881993e+03 3.550943e+05 -2.324768e+05 5.607841e+03
4.747475e-03 2.236818e+05 -5.849299e+01 7.217534e+03 -2.931344e+05 1.058886e+04 5.188564e+05 -3.345648e+05 7.912394e+03 7.664295e+03 2.929949e+05 -1.720994e+05 -1.208329e+01 3.346930e+05 8.360752e+03 7.171729e+03 -3.995915e+05 9.019949e+03 3.340277e+05 -1.962109e+05 -4.639714e+02 -3.813902e+05 -9.810107e+03 -8.024404e+03 4.553397e+05 -1.961953e+05 -3.986327e+02 -6.113842e+03 2.571255e+05 9.440410e+03 4.553320e+05 -2.936013e+05 6.725769e+03
4.949495e-03 3.010774e+05 8.955541e+02 8.872945e+03 -3.894068e+05 1.338891e+04 6.977261e+05 -4.442521e+05 9.842815e+03 9.490559e+03 3.892090e+05 -2.316416e+05 6.484292e+02 4.444357e+05 1.046301e+04 9.063058e+03 -5.373519e+05 1.113300e+04 4.437269e+05 -2.640982e+05 2.528117e+02 -5.064406e+05 -1.223669e+04 -1.016240e+04 6.123161e+05 -2.640769e+05 -1.271678e+03 -7.542050e+03 3.415633e+05 1.191486e+04 6.123057e+05 -3.898616e+05 8.395942e+03
5.151515e-03 4.422171e+05 2.880150e+03 1.175365e+04 -5.646708e+05 1.869213e+04 1.023806e+06 -6.454874e+05 1.323036e+04 1.270244e+04 5.643658e+05 -3.402226e+05 2.019616e+03 6.457728e+05 1.418372e+04 1.264565e+04 -7.884900e+05 1.483120e+04 6.434343e+05 -3.878982e+05 1.772932e+03 -7.358615e+05 -1.651284e+04 -1.422432e+04 8.984847e+05 -3.878661e+05 -3.055525e+03 -1.004083e+04 4.952816e+05 1.658933e+04 8.984691e+05 -5.664632e+05 1.134073e+04
5.353535e-03 8.410978e+05 9.484741e+03 1.987294e+04 -1.056749e+06 3.509504e+04 1.945318e+06 -1.219775e+06 2.278058e+04 2.186496e+04 1.056141e+06 -6.470886e+05 6.571612e+03 1.220347e+06 2.478346e+04 2.373256e+04 -1.498216e+06 2.532111e+04 1.204141e+06 -7.377766e+05 6.910610e+03 -1.390582e+06 -2.863462e+04 -2.683306e+04 1.707209e+06 -7.377103e+05 -8.900494e+03 -1.712882e+04 9.268663e+05 3.100899e+04 1.707177e+06 -1.070451e+06 1.968837e+04
5.555556e-03 6.582227e+05 3.220492e+03 1.320181e+04 -8.516546e+05 1.902704e+04 1.520673e+06 -9.299929e+05 1.558640e+04 1.419898e+04 8.511627e+05 -5.063760e+05 2.291698e+03 9.304675e+05 1.658997e+04 1.283071e+04 -1.171183e+06 1.663328e+04 9.704375e+05 -5.773448e+05 1.966209e+03 -1.060256e+06 -1.935109e+04 -1.437992e+04 1.334545e+06 -5.773131e+05 -3.470874e+03 -1.123732e+04 7.469797e+05 1.693858e+04 1.334527e+06 -8.161503e+05 1.333413e+04
5.757576e-03 1.388488e+06 1.235483e+04 2.344699e+04 -1.776290e+06 3.896551e+04 3.204315e+06 -1.952897e+06 2.865537e+04 2.578046e+04 1.775207e+06 -1.068147e+06 8.626017e+03 1.953944e+06 3.100529e+04 2.625549e+04 -2.467910e+06 2.990411e+04 2.024018e+06 -1.217867e+06 9.106562e+03 -2.226479e+06 -3.584345e+04 -2.963865e+04 2.812129e+06 -1.217794e+06 -1.156403e+04 -2.017225e+04 1.557933e+06 3.447504e+04 2.812090e+06 -1.713850e+06 2.475222e+04
5.959596e-03 -5.239534e+06 -8.431342e+04 -7.148084e+04 6.566429e+06 -1.615083e+05 -1.207821e+07 7.393593e+06 -9.183030e+04 -8.280242e+04 -6.562131e+06 4.030591e+06 -5.821416e+04 -7.397750e+06 -1.032404e+05 -1.088532e+05 9.302616e+06 -9.381541e+04 -7.482134e+06 4.595665e+06 -6.721159e+04 8.429478e+06 1.170387e+05 1.243638e+05 -1.060001e+07 4.595290e+06 7.311098e+04 6.314973e+04 -5.759021e+06 -1.414109e+05 -1.059989e+07 6.488652e+06 -8.105291e+04
6.161616e-03 -4.221539e+05 -1.876077e+04 -4.404701e+03 4.833132e+05 -2.375965e+04 -9.721136e+05 6.233415e+05 -6.073550e+03 -6.384817e+03 -4.829497e+05 3.247463e+05 -1.282676e+04 -6.236829e+05 -8.070417e+03 -1.606891e+04 7.487274e+05 -6.567360e+03 -5.507009e+05 3.702911e+05 -1.561025e+04 7.106648e+05 8.477177e+03 1.870868e+04 -8.531530e+05 3.702292e+05 1.546942e+04 4.411156e+03 -4.238520e+05 -2.045256e+04 -8.531270e+05 5.470471e+05 -5.883798e+03
6.363636e-03 1.263713e+06 -6.394345e+03 8.192918e+03 -1.704014e+06 -1.344451e+03 2.906023e+06 -1.677511e+06 1.354438e+04 7.821851e+03 1.702922e+06 -9.720571e+05 -4.101164e+03 1.678605e+06 1.317011e+04 -1.157311e+03 -2.238263e+06 9.806386e+03 1.941636e+06 -1.108327e+06 -5.886028e+03 -1.912683e+06 -1.590280e+04 1.821649e+03 2.550381e+06 -1.108340e+06 4.399048e+03 -6.502612e+03 1.494515e+06 -6.765745e+02 2.550382e+06 -1.472214e+06 1.119655e+04
6.565657e-03 -9.951166e+06 -8.095215e+04 -2.882499e+04 1.297078e+07 -8.462183e+04 -2.285616e+07 1.347701e+07 -7.226971e+04 -3.659533e+04 -1.296177e+07 7.654296e+06 -5.702798e+04 -1.348596e+07 -8.012020e+04 -5.547314e+04 1.760449e+07 -4.052797e+04 -1.477935e+07 8.727622e+06 -6.663677e+04 1.536639e+07 9.008107e+04 6.389603e+04 -2.005920e+07 8.727367e+06 6.938577e+04 2.620219e+04 -1.137561e+07 -7.357793e+04 -2.005917e+07 1.182778e+07 -6.435846e+04
6.767677e-03 2.874733e+06 -3.494072e+04 -6.530967e+02 -3.954139e+06 -4.718749e+04 6.594306e+06 -3.702420e+06 1.240069e+04 -4.532703e+03 3.951498e+06 -2.211135e+06 -2.312527e+04 3.705086e+06 8.478075e+03 -3.267256e+04 -5.079163e+06 -2.861726e+03 4.505485e+06 -2.521135e+06 -2.943525e+04 -4.221688e+06 -1.199132e+04 3.857052e+04 5.787349e+06 -2.521256e+06 2.757865e+04 2.346838e+03 3.467945e+06 -4.006981e+04 5.787375e+06 -3.249361e+06 9.087675e+03
6.969697e-03 -1.634829e+07 -1.562264e+05 7.586115e+04 2.143883e+07 -2.724497e+04 -3.745318e+07 2.196432e+07 -6.359941e+02 6.716399e+04 -2.142319e+07 1.257412e+07 -1.097974e+05 -2.197992e+07 -9.437141e+03 -1.484123e+04 2.884820e+07 8.493956e+04 -2.442790e+07 1.433769e+07 -1.361928e+05 2.504442e+07 2.301471e+03 2.184455e+04 -3.287029e+07 1.433740e+07 1.260224e+05 -6.010358e+04 -1.880178e+07 -1.897351e+04 -3.287031e+07 1.927671e+07 -7.067886e+03
7.171717e-03 8.511349e+05 -6.649036e+03 -7.303207e+03 -1.173033e+06 -1.751391e+04 1.947188e+06 -1.102271e+06 -3.128930e+03 -8.462198e+03 1.172189e+06 -6.546070e+05 -4.315375e+03 1.103120e+06 -4.302484e+03 -1.209763e+04 -1.499849e+06 -9.455529e+03 1.336573e+06 -7.464145e+05 -5.164259e+03 -1.256905e+06 4.706110e+03 1.389336e+04 1.708939e+06 -7.464481e+05 5.587790e+03 6.553663e+03 1.028763e+06 -1.526168e+04 1.708949e+06 -9.674059e+05 -2.897246e+03
7.373737e-03 -2.599762e+06 -7.066771e+04 3.301895e+04 3.299154e+06 -3.165674e+04 -5.940089e+06 3.583321e+06 2.006032e+04 2.812115e+04 -3.296500e+06 1.999458e+06 -4.864030e+04 -3.585961e+06 1.509564e+04 -2.085848e+04 4.575481e+06 3.673299e+04 -3.759053e+06 2.280005e+06 -6.146919e+04 4.085876e+06 -2.192851e+04 2.658197e+04 -5.213347e+06 2.279868e+06 5.597307e+04 -2.536755e+04 -2.893191e+06 -2.496569e+04 -5.213304e+06 3.144895e+06 1.396372e+04
7.575758e-03 6.190363e+05 4.558680e+03 -1.063444e+04 -8.336235e+05 -7.878833e+03 1.412303e+06 -8.234063e+05 -7.391966e+03 -1.080294e+04 8.329703e+05 -4.760680e+05 3.257000e+03 8.240593e+05 -7.562553e+03 -5.511612e+03 -1.087881e+06 -1.290963e+04 9.498272e+05 -5.428637e+05 4.479262e+03 -9.389304e+05 9.215922e+03 5.909449e+03 1.239524e+06 -5.428692e+05 -3.233025e+03 8.871357e+03 7.310638e+05 -7.285594e+03 1.239523e+06 -7.226694e+05 -6.026113e+03
7.777778e-03 -2.153609e+06 -8.484355e+04 4.468712e+04 2.684745e+06 -3.827925e+04 -4.907015e+06 3.010598e+06 3.327389e+04 3.874950e+04 -2.682424e+06 1.656225e+06 -5.819823e+04 -3.012916e+06 2.724485e+04 -2.540877e+04 3.779852e+06 5.026667e+04 -3.058943e+06 1.888691e+06 -7.403844e+04 3.432895e+06 -3.721321e+04 3.269729e+04 -4.306740e+06 1.888535e+06 6.673584e+04 -3.451253e+04 -2.354285e+06 -2.984648e+04 -4.306688e+06 2.642282e+06 2.444993e+04
7.979798e-03 6.680585e+05 1.753986e+04 -1.705599e+04 -8.704303e+05 -1.520618e+01 1.519830e+06 -9.147471e+05 -1.334888e+04 -1.621798e+04 8.696864e+05 -5.137382e+05 1.209989e+04 9.154912e+05 -1.249677e+04 -2.008112e+02 -1.170745e+06 -2.006663e+04 9.917450e+05 -5.858493e+05 1.578165e+04 -1.043095e+06 1.583603e+04 -7.638928e+02 1.333922e+06 -5.858296e+05 -1.339920e+04 1.374743e+04 7.633031e+05 -1.006755e+03 1.333911e+06 -8.028452e+05 -1.048541e+04
8.181818e-03 1.242145e+06 4.966801e+04 -3.651530e+04 -1.572931e+06 1.406235e+04 2.821858e+06 -1.732688e+06 -2.946439e+04 -3.343359e+04 1.571517e+06 -9.551929e+05 3.408999e+04 1.734107e+06 -2.632920e+04 9.176640e+03 -2.173745e+06 -4.220030e+04 1.792136e+06 -1.089298e+06 4.394990e+04 -1.975799e+06 3.414093e+04 -1.303464e+04 2.476707e+06 -1.089224e+06 -3.848400e+04 2.888779e+04 1.379297e+06 9.761136e+03 2.476676e+06 -1.520736e+06 -2.266942e+04
8.383838e-03 5.321073e+05 2.048146e+04 -1.809553e+04 -6.827539e+05 3.308603e+03 1.206959e+06 -7.406352e+05 -1.496640e+04 -1.694664e+04 6.821331e+05 -4.091664e+05 1.406933e+04 7.412591e+05 -1.379635e+04 2.079928e+03 -9.297662e+05 -2.115109e+04 7.778991e+05 -4.666194e+05 1.830903e+04 -8.445660e+05 1.757679e+04 -3.543783e+03 1.059340e+06 -4.665923e+05 -1.569751e+04 1.446409e+04 5.987018e+05 1.729027e+03 1.059330e+06 -6.500419e+05 -1.170473e+04
8.585859e-03 3.513619e+05 1.371698e+04 -1.357280e+04 -4.543669e+05 1.194313e+03 7.957379e+05 -4.896298e+05 -1.143656e+04 -1.285344e+04 4.539470e+05 -2.701706e+05 9.424972e+03 4.900523e+05 -1.070318e+04 6.959671e+02 -6.129978e+05 -1.595634e+04 5.176820e+05 -3.081122e+05 1.235196e+04 -5.583453e+05 1.351716e+04 -1.640029e+03 6.984200e+05 -3.080958e+05 -1.042589e+04 1.090335e+04 3.984278e+05 2.005341e+02 6.984135e+05 -4.297424e+05 -9.019056e+03
8.787879e-03 2.584421e+05 1.035321e+04 -1.119622e+04 -3.364552e+05 3.000860e+02 5.843708e+05 -3.609531e+05 -9.572914e+03 -1.068294e+04 3.361391e+05 -1.987144e+05 7.114473e+03 3.612714e+05 -9.049079e+03 1.154947e+02 -4.501791e+05 -1.321466e+04 3.833371e+05 -2.266253e+05 9.382888e+03 -4.116148e+05 1.136185e+04 -8.142263e+02 5.129075e+05 -2.266140e+05 -7.810124e+03 9.024257e+03 2.950303e+05 -4.197478e+02 5.129031e+05 -3.168068e+05 -7.591885e+03
8.989899e-03 2.009370e+05 8.293848e+03 -9.663809e+03 -2.632553e+05 -1.604924e+02 4.536102e+05 -2.814462e+05 -8.360651e+03 -9.272577e+03 2.630039e+05 -1.544930e+05 5.699611e+03 2.816997e+05 -7.960942e+03 -1.805182e+02 -3.494520e+05 -1.144012e+04 2.999355e+05 -1.761961e+05 7.561188e+03 -3.209524e+05 9.953279e+03 -3.749166e+02 3.981413e+05 -1.761877e+05 -6.212305e+03 7.808301e+03 2.308411e+05 -7.218636e+02 3.981381e+05 -2.470259e+05 -6.657922e+03
9.191919e-03 1.618640e+05 6.893237e+03 -8.570072e+03 -2.133873e+05 -4.195393e+02 3.648029e+05 -2.274721e+05 -7.486693e+03 -8.259278e+03 2.131804e+05 -1.244462e+05 4.737215e+03 2.276810e+05 -7.168816e+03 -3.448890e+02 -2.810420e+05 -1.016938e+04 2.431177e+05 -1.419312e+05 6.319651e+03 -2.594049e+05 8.933794e+03 -1.172517e+02 3.201967e+05 -1.419248e+05 -5.128020e+03 6.937794e+03 1.871118e+05 -8.787803e+02 3.201943e+05 -1.996543e+05 -5.980965e+03
9.393939e-03 1.337240e+05 5.876640e+03 -7.739827e+03 -1.773865e+05 -5.712003e+02 3.008778e+05 -1.886169e+05 -6.816531e+03 -7.485693e+03 1.772118e+05 -1.028070e+05 4.038642e+03 1.887932e+05 -6.556316e+03 -4.394395e+02 -2.317989e+05 -9.202000e+03 2.020998e+05 -1.172541e+05 5.416758e+03 -2.150973e+05 8.149443e+03 4.228135e+01 2.640905e+05 -1.172490e+05 -4.342725e+03 6.275275e+03 1.555428e+05 -9.600420e+02 2.640887e+05 -1.655519e+05 -5.459403e+03
9.595960e-03 1.126184e+05 5.104974e+03 -7.082794e+03 -1.503225e+05 -6.606871e+02 2.529594e+05 -1.594764e+05 -6.281009e+03 -6.870450e+03 1.501723e+05 -8.657747e+04 3.508369e+03 1.596281e+05 -6.063336e+03 -4.937770e+02 -1.948859e+05 -8.434517e+03 1.712642e+05 -9.874598e+04 4.730148e+03 -1.818675e+05 7.520901e+03 1.440487e+02 2.220331e+05 -9.874186e+04 -3.747876e+03 5.749786e+03 1.318106e+05 -9.986922e+02 2.220316e+05 -1.399759e+05 -5.040888e+03
9.797980e-03 9.630116e+04 4.499581e+03 -6.546906e+03 -1.293504e+05 -7.121488e+02 2.159342e+05 -1.369420e+05 -5.840232e+03 -6.366453e+03 1.292194e+05 -7.403019e+04 3.092359e+03 1.370745e+05 -5.655038e+03 -5.236703e+02 -1.663641e+05 -7.807155e+03 1.473695e+05 -8.443699e+04 4.190557e+03 -1.561706e+05 7.002311e+03 2.097810e+02 1.895364e+05 -8.443361e+04 -3.282128e+03 5.320333e+03 1.134204e+05 -1.012159e+03 1.895353e+05 -1.201979e+05 -4.695155e+03
1.000000e-02 8.338246e+04 4.012385e+03 -6.099678e+03 -1.127075e+05 -7.394674e+02 1.866386e+05 -1.190925e+05 -5.469263e+03 -5.944215e+03 1.125918e+05 -6.409642e+04 2.757581e+03 1.192095e+05 -5.309527e+03 -5.381547e+02 -1.437965e+05 -7.282558e+03 1.284074e+05 -7.310837e+04 3.755617e+03 -1.358161e+05 6.564941e+03 2.520848e+02 1.638238e+05 -7.310557e+04 -2.908024e+03 4.961297e+03 9.882656e+04 -1.010312e+03 1.638229e+05 -1.045317e+05 -4.403234e+03
