-1.000000e-02 -5.786574e+04 4.031492e+03 5.517675e+03 -8.894295e+04 -1.273487e+03 -1.640169e+05 -9.547503e+04 4.843870e+03 5.390748e+03 8.882346e+04 4.445061e+04 2.772529e+03 9.559556e+04 4.712315e+03 -9.023084e+02 1.263799e+05 6.595142e+03 1.013289e+05 5.071928e+04 3.744756e+03 -1.089093e+05 -5.828681e+03 7.226434e+02 -1.439750e+05 5.071546e+04 -2.952706e+03 -4.494291e+03 7.796708e+04 -1.423365e+03 -1.439731e+05 -8.380449e+04 3.897308e+03
-9.797980e-03 -6.564395e+04 4.444223e+03 5.860130e+03 -1.001955e+05 -1.308830e+03 -1.865175e+05 -1.078193e+05 5.116915e+03 5.715482e+03 1.000625e+05 5.042867e+04 3.056307e+03 1.079534e+05 4.967213e+03 -9.298823e+02 1.437139e+05 6.997622e+03 1.141491e+05 5.753856e+04 4.112008e+03 -1.229890e+05 -6.151742e+03 7.369461e+02 -1.637242e+05 5.753411e+04 -3.271035e+03 -4.769859e+03 8.783171e+04 -1.471518e+03 -1.637220e+05 -9.463903e+04 4.111809e+03
-9.595960e-03 -7.516145e+04 4.939654e+03 6.259037e+03 -1.139227e+05 -1.338314e+03 -2.140731e+05 -1.229136e+05 5.431918e+03 6.092532e+03 1.137733e+05 5.774367e+04 3.396967e+03 1.230642e+05 5.259844e+03 -9.542070e+02 1.649420e+05 7.465678e+03 1.297889e+05 6.588283e+04 4.552403e+03 -1.402053e+05 -6.523816e+03 7.442717e+02 -1.879102e+05 6.587758e+04 -3.653616e+03 -5.090381e+03 9.986588e+04 -1.517808e+03 -1.879075e+05 -1.078873e+05 4.358498e+03
-9.393939e-03 -8.700568e+04 5.544921e+03 6.731129e+03 -1.309552e+05 -1.357410e+03 -2.483935e+05 -1.416901e+05 5.800839e+03 6.537160e+03 1.307857e+05 6.684716e+04 3.813174e+03 1.418608e+05 5.600665e+03 -9.724431e+02 1.913813e+05 8.018590e+03 1.491945e+05 7.626714e+04 5.089856e+03 -1.616212e+05 -6.958728e+03 7.403368e+02 -2.180336e+05 7.626089e+04 -4.121617e+03 -5.469087e+03 1.147978e+05 -1.559308e+03 -2.180305e+05 -1.243673e+05 4.646399e+03
-9.191919e-03 -1.020515e+05 6.300622e+03 7.300990e+03 -1.525282e+05 -1.358581e+03 -2.920258e+05 -1.655384e+05 6.241173e+03 7.071715e+03 1.523334e+05 7.841164e+04 4.332849e+03 1.657345e+05 6.004893e+03 -9.798235e+02 2.249939e+05 8.684643e+03 1.737733e+05 8.945856e+04 5.760116e+03 -1.888217e+05 -7.476660e+03 7.181465e+02 -2.563301e+05 8.945100e+04 -4.706731e+03 -5.925387e+03 1.337103e+05 -1.590967e+03 -2.563263e+05 -1.452988e+05 4.988679e+03
-8.989899e-03 -1.216619e+05 7.270564e+03 8.006586e+03 -1.805629e+05 -1.328787e+03 -3.489387e+05 -1.966276e+05 6.779862e+03 7.730600e+03 1.803354e+05 9.348492e+04 4.999864e+03 1.968562e+05 6.495831e+03 -9.680389e+02 2.688371e+05 9.507442e+03 2.057142e+05 1.066523e+05 6.619337e+03 -2.242804e+05 -8.108618e+03 6.657821e+02 -3.062830e+05 1.066430e+05 -5.458796e+03 -6.489208e+03 1.582878e+05 -1.603795e+03 -3.062783e+05 -1.725854e+05 5.405549e+03
-8.787879e-03 -1.480905e+05 8.561703e+03 8.910499e+03 -2.182292e+05 -1.244184e+03 -4.256937e+05 -2.385497e+05 7.461275e+03 8.570329e+03 2.179583e+05 1.137992e+05 5.887752e+03 2.388218e+05 7.111659e+03 -9.217987e+02 3.279652e+05 1.055875e+04 2.486289e+05 1.298241e+05 7.761583e+03 -2.720943e+05 -8.905549e+03 5.617180e+02 -3.736511e+05 1.298124e+05 -6.461401e+03 -7.209802e+03 1.913094e+05 -1.580972e+03 -3.736452e+05 -2.093799e+05 5.930215e+03
-8.585859e-03 -1.853805e+05 1.036993e+04 1.012558e+04 -2.712008e+05 -1.057539e+03 -5.340629e+05 -2.977649e+05 8.365576e+03 9.692492e+03 2.708692e+05 1.424627e+05 7.131158e+03 2.980976e+05 7.921043e+03 -8.106466e+02 4.114469e+05 1.196779e+04 3.089817e+05 1.625193e+05 9.359041e+03 -3.396308e+05 -9.959304e+03 3.637363e+02 -4.687669e+05 1.625040e+05 -7.867702e+03 -8.175855e+03 2.377493e+05 -1.488568e+03 -4.687592e+05 -2.613521e+05 6.622549e+03
-8.383838e-03 -2.417288e+05 1.310414e+04 1.188426e+04 -3.509454e+05 -6.631139e+02 -6.979075e+05 -3.874047e+05 9.658746e+03 1.130565e+04 3.505228e+05 1.857764e+05 9.011035e+03 3.878281e+05 9.065621e+03 -5.660717e+02 5.376630e+05 1.400031e+04 3.998382e+05 2.119250e+05 1.177092e+04 -4.418667e+05 -1.145968e+04 -2.194060e+01 -6.125731e+05 2.119042e+05 -9.997472e+03 -9.569718e+03 3.076611e+05 -1.249511e+03 -6.125625e+05 -3.400272e+05 7.606342e+03
-8.181818e-03 -3.375389e+05 1.782376e+04 1.478243e+04 -4.858979e+05 2.304376e+02 -9.766012e+05 -5.402662e+05 1.177054e+04 1.394309e+04 4.853218e+05 2.594243e+05 1.225506e+04 5.408427e+05 1.091123e+04 1.505305e+00 7.523511e+05 1.733684e+04 5.535957e+05 2.959312e+05 1.592753e+04 -6.162068e+05 -1.389723e+04 -8.522106e+02 -8.571819e+05 2.959004e+05 -1.367934e+04 -1.185828e+04 4.259737e+05 -6.490302e+02 -8.571662e+05 -4.741906e+05 9.201973e+03
-7.979798e-03 -5.516681e+05 2.885249e+04 2.123688e+04 -7.854106e+05 2.876623e+03 -1.599482e+06 -8.836461e+05 1.647022e+04 1.976276e+04 7.844919e+05 4.240231e+05 1.983160e+04 8.845639e+05 1.496293e+04 1.710916e+03 1.232179e+06 2.473500e+04 8.948438e+05 4.836810e+05 2.562443e+04 -1.007832e+06 -1.928904e+04 -3.228177e+03 -1.403883e+06 4.836258e+05 -2.229464e+04 -1.693267e+04 6.885547e+05 1.244733e+03 -1.403855e+06 -7.755676e+05 1.272944e+04
-7.777778e-03 4.396332e+07 -2.607627e+06 -1.451601e+06 6.051762e+07 -7.958742e+05 1.277236e+08 7.138511e+07 -1.082362e+06 -1.293412e+06 -6.044340e+07 -3.379197e+07 -1.789302e+06 -7.145914e+07 -9.207210e+05 -5.217895e+05 -9.839593e+07 -1.655062e+06 -6.894656e+07 -3.854581e+07 -2.288515e+06 8.141811e+07 1.232545e+06 6.970265e+05 1.121090e+08 -3.854135e+07 2.038838e+06 1.134456e+06 -5.305400e+07 -5.959000e+05 1.121006e+08 6.265335e+07 -8.085982e+05
-7.575758e-03 7.258950e+05 -4.714926e+04 -2.021609e+04 9.694100e+05 -2.146768e+04 2.113337e+06 1.194617e+06 -1.439205e+04 -1.703436e+04 -9.682641e+05 -5.580105e+05 -3.230925e+04 -1.195754e+06 -1.114689e+04 -1.428796e+04 -1.627962e+06 -2.244267e+04 -1.104489e+06 -6.365031e+05 -4.103598e+04 1.362415e+06 1.577320e+04 1.796563e+04 1.854869e+06 -6.363776e+05 3.715789e+04 1.540782e+04 -8.498450e+05 -1.715363e+04 1.854811e+06 1.048482e+06 -1.026450e+04
-7.373737e-03 1.851664e+04 -1.211414e+04 -1.586389e+02 -2.148808e+04 -1.254073e+04 5.418274e+04 6.215068e+04 -6.626443e+01 9.838650e+02 2.151663e+04 -1.424546e+04 -8.234221e+03 -6.217462e+04 1.097546e+03 -8.510319e+03 -4.173300e+04 5.024524e+02 2.449142e+04 -1.626368e+04 -1.025263e+04 7.084529e+04 -6.193402e+02 1.003103e+04 4.756249e+04 -1.621763e+04 9.761222e+03 -3.371863e+02 1.887874e+04 -1.067168e+04 4.754144e+04 5.454355e+04 4.280841e+02
-7.171717e-03 -4.693168e+05 3.361736e+03 9.096328e+03 -7.252368e+05 -1.047935e+04 -1.371240e+06 -6.993352e+05 5.451311e+03 9.430601e+03 7.245357e+05 3.607865e+05 2.455208e+03 7.000377e+05 5.791151e+03 -7.289515e+03 1.056277e+06 1.115018e+04 8.263241e+05 4.114823e+05 3.374778e+03 -7.976102e+05 -6.999542e+03 8.080474e+03 -1.203497e+06 4.114968e+05 -2.373472e+03 -7.672263e+03 6.359011e+05 -9.422602e+03 -1.203501e+06 -6.137853e+05 4.475424e+03
-6.969697e-03 -1.417427e+06 2.235181e+04 2.035454e+04 -2.116539e+06 -1.010451e+04 -4.149375e+06 -2.157088e+06 9.768798e+03 1.980741e+04 2.114482e+06 1.089715e+06 1.567781e+04 2.159140e+06 9.211912e+03 -7.357960e+03 3.196232e+06 2.412110e+04 2.411559e+06 1.242826e+06 2.010557e+04 -2.460112e+06 -1.205174e+04 7.548342e+03 -3.641763e+06 1.242806e+06 -1.737533e+04 -1.667003e+04 1.855805e+06 -9.704299e+03 -3.641744e+06 -1.893189e+06 7.375329e+03
-6.767677e-03 -4.887111e+06 7.005784e+04 4.710265e+04 -7.252434e+06 -1.287881e+04 -1.433268e+07 -7.451925e+06 1.181250e+04 4.453281e+04 7.245553e+06 3.757392e+06 4.921837e+04 7.458781e+06 9.201134e+03 -1.037262e+04 1.104017e+07 5.483519e+04 8.263387e+06 4.285230e+06 6.207819e+04 -8.498563e+06 -1.459225e+04 9.656838e+03 -1.257921e+07 4.285136e+06 -5.548834e+04 -3.818955e+04 6.359123e+06 -1.346679e+04 -1.257911e+07 -6.540197e+06 7.202636e+03
-6.565657e-03 -3.953205e+07 3.561786e+05 1.985011e+05 -5.897236e+07 -8.209759e+04 -1.161421e+08 -5.993482e+07 -7.822932e+04 1.862394e+05 5.891816e+07 3.039501e+07 2.545201e+05 5.998882e+07 -9.067513e+04 -6.830003e+04 8.946093e+07 2.279406e+05 6.719300e+07 3.466389e+07 3.134169e+05 -6.835199e+07 8.755075e+04 6.966690e+04 -1.019329e+08 3.466366e+07 -2.891860e+05 -1.621038e+05 5.170990e+07 -8.021484e+04 -1.019316e+08 -5.260153e+07 -8.080138e+04
-6.363636e-03 -3.276755e+08 1.349255e+06 1.918015e+05 -4.914030e+08 -3.229122e+05 -9.642992e+08 -4.948692e+08 -2.051139e+06 1.462061e+05 4.909531e+08 2.519431e+08 1.016508e+06 4.953221e+08 -2.097463e+06 -3.191912e+05 7.427889e+08 1.647586e+05 5.599142e+08 2.873320e+08 1.156299e+06 -5.643525e+08 2.391787e+06 3.646959e+05 -8.463074e+08 2.873178e+08 -1.186065e+06 -1.697040e+05 4.308800e+08 -2.823923e+05 -8.463482e+08 -4.343379e+08 -1.798699e+06
-6.161616e-03 2.774552e+07 -2.163176e+05 9.655473e+04 4.088826e+07 -2.545645e+05 8.179175e+07 4.269271e+07 2.782689e+05 1.173053e+05 -4.085270e+07 -2.133468e+07 -1.549459e+05 -4.272806e+07 2.992907e+05 -1.650352e+05 -6.299986e+07 1.326542e+05 -4.658913e+07 -2.433043e+07 -1.784226e+05 4.868521e+07 -3.398814e+05 1.886105e+05 7.178331e+07 -2.432929e+07 1.879648e+05 -8.552928e+04 -3.585377e+07 -2.228492e+05 7.178366e+07 3.746880e+07 2.450951e+05
-5.959596e-03 3.679266e+06 -5.273266e+04 2.772062e+04 5.269515e+06 -8.376824e+04 1.086421e+07 5.812868e+06 5.089476e+04 3.368803e+04 -5.264987e+06 -2.829303e+06 -3.683570e+04 -5.817307e+06 5.693294e+04 -5.592858e+04 -8.367926e+06 3.757604e+04 -6.004242e+06 -3.226551e+06 -4.331965e+04 6.628487e+06 -6.402032e+04 6.414444e+04 9.534776e+06 -3.226278e+06 4.492944e+04 -2.495496e+04 -4.620721e+06 -7.309943e+04 9.534669e+06 5.101501e+06 4.532223e+04
-5.757576e-03 9.414515e+05 -2.562621e+04 1.101541e+04 1.275879e+06 -4.125382e+04 2.784504e+06 1.550766e+06 1.669958e+04 1.391548e+04 -1.274755e+06 -7.240057e+05 -1.765913e+04 -1.551841e+06 1.963090e+04 -2.779486e+04 -2.144665e+06 1.518955e+04 -1.453773e+06 -8.256660e+05 -2.121787e+04 1.768259e+06 -2.168175e+04 3.200211e+04 2.443764e+06 -8.255342e+05 2.139281e+04 -1.018174e+04 -1.118766e+06 -3.587344e+04 2.443700e+06 1.360967e+06 1.518475e+04
-5.555556e-03 9.867992e+04 -1.349510e+04 1.765529e+03 7.518127e+04 -1.702304e+04 2.924639e+05 2.049110e+05 2.300868e+03 3.080258e+03 -7.505908e+04 -7.590034e+04 -9.196656e+03 -2.050087e+05 3.628260e+03 -1.154582e+04 -2.252554e+05 2.943177e+03 -8.565363e+04 -8.657374e+04 -1.141133e+04 2.336056e+05 -3.559097e+03 1.342913e+04 2.566840e+05 -8.651309e+04 1.091099e+04 -1.986012e+03 -6.588159e+04 -1.466616e+04 2.566541e+05 1.798263e+05 2.462275e+03
-5.353535e-03 -5.928176e+05 -5.293158e+02 -1.125756e+04 -8.752018e+05 1.659032e+04 -1.758469e+06 -9.432139e+05 -1.464580e+04 -1.192595e+04 8.745614e+05 4.559242e+05 -2.229609e+02 9.438391e+05 -1.532051e+04 1.114030e+04 1.354357e+06 -1.408842e+04 9.972590e+05 5.198999e+05 -1.064581e+03 -1.075482e+06 1.795054e+04 -1.246354e+04 -1.543251e+06 5.198699e+05 -3.455000e+02 9.496338e+03 7.675220e+05 1.479037e+04 -1.543232e+06 -8.277618e+05 -1.247324e+04
-5.151515e-03 1.146953e+07 -2.265583e+05 2.687273e+05 1.542414e+07 -6.837276e+05 3.407475e+07 1.946977e+07 3.312203e+05 3.067071e+05 -1.541189e+07 -8.821518e+06 -1.565247e+05 -1.948122e+07 3.695102e+05 -4.622607e+05 -2.624398e+07 3.493298e+05 -1.757511e+07 -1.005970e+07 -1.792177e+05 2.219841e+07 -4.206189e+05 5.269337e+05 2.990443e+07 -1.005782e+07 1.979501e+05 -2.359792e+05 -1.352567e+07 -5.998378e+05 2.990383e+07 1.708658e+07 2.910083e+05
-4.949495e-03 -1.587386e+06 2.483047e+04 -4.292943e+04 -2.147172e+06 1.013707e+05 -4.722527e+06 -2.722411e+06 -5.125400e+04 -4.811021e+04 2.145573e+06 1.220961e+06 1.720791e+04 2.723877e+06 -5.647158e+04 6.858472e+04 3.637143e+06 -5.523748e+04 2.446627e+06 1.392293e+06 1.896787e+04 -3.103860e+06 6.472811e+04 -7.798024e+04 -4.144521e+06 1.392047e+06 -2.242912e+04 3.735748e+04 1.882966e+06 8.913286e+04 -4.144389e+06 -2.389127e+06 -4.468767e+04
-4.747475e-03 -4.364484e+05 2.363709e+03 -1.317854e+04 -6.121808e+05 2.674999e+04 -1.300120e+06 -7.476339e+05 -1.540453e+04 -1.434736e+04 6.117645e+05 3.357102e+05 1.691888e+03 7.480170e+05 -1.658086e+04 1.810108e+04 1.001300e+06 -1.669496e+04 6.975672e+05 3.828080e+05 1.330120e+03 -8.523716e+05 1.923076e+04 -2.047525e+04 -1.140984e+06 3.827519e+05 -2.671566e+03 1.129982e+04 5.368813e+05 2.362624e+04 -1.140954e+06 -6.561025e+05 -1.325924e+04
-4.545455e-03 -2.804502e+05 -5.499371e+01 -9.367277e+03 -4.001909e+05 1.810049e+04 -8.364793e+05 -4.860304e+05 -1.075295e+04 -1.007546e+04 3.999375e+05 2.157257e+05 1.393750e+01 4.862617e+05 -1.146516e+04 1.225498e+04 6.442149e+05 -1.178863e+04 4.560135e+05 2.459857e+05 -5.371680e+02 -5.541037e+05 1.336616e+04 -1.383113e+04 -7.340887e+05 2.459513e+05 -5.044269e+02 7.984444e+03 3.509798e+05 1.601810e+04 -7.340702e+05 -4.265233e+05 -9.204270e+03
-4.343434e-03 -2.036405e+05 -1.061177e+03 -7.433082e+03 -2.953036e+05 1.406252e+04 -6.081233e+05 -3.585253e+05 -8.407492e+03 -7.930766e+03 2.951298e+05 1.566479e+05 -6.865331e+02 3.586821e+05 -8.907664e+03 9.526455e+03 4.683409e+05 -9.313061e+03 3.364985e+05 1.786179e+05 -1.297175e+03 -4.087279e+05 1.042169e+04 -1.073668e+04 -5.336817e+05 1.785934e+05 4.166577e+02 6.311267e+03 2.589998e+05 1.245974e+04 -5.336686e+05 -3.146268e+05 -7.169213e+03
-4.141414e-03 -1.566657e+05 -1.584175e+03 -6.184936e+03 -2.311296e+05 1.165100e+04 -4.683900e+05 -2.811507e+05 -6.911008e+03 -6.559859e+03 2.310039e+05 1.205171e+05 -1.051964e+03 2.812625e+05 -7.287554e+03 7.896975e+03 3.607225e+05 -7.723798e+03 2.633746e+05 1.374174e+05 -1.680930e+03 -3.205088e+05 8.549341e+03 -8.892399e+03 -4.110511e+05 1.373988e+05 9.082215e+02 5.236691e+03 2.027225e+05 1.033091e+04 -4.110411e+05 -2.467241e+05 -5.876138e+03
-3.939394e-03 -1.248335e+05 -1.883477e+03 -5.283869e+03 -1.877535e+05 1.003232e+04 -3.736357e+05 -2.291069e+05 -5.844411e+03 -5.578302e+03 1.876597e+05 9.603271e+04 -1.261985e+03 2.291887e+05 -6.139929e+03 6.803103e+03 2.877460e+05 -6.581655e+03 2.139489e+05 1.094979e+05 -1.892130e+03 -2.611710e+05 7.218555e+03 -7.656684e+03 -3.278946e+05 1.094831e+05 1.198959e+03 4.464073e+03 1.646835e+05 8.899630e+03 -3.278866e+05 -2.010514e+05 -4.957884e+03
-3.737374e-03 -1.018769e+05 -2.063098e+03 -4.588942e+03 -1.566330e+05 8.867683e+03 -3.052486e+05 -1.918789e+05 -5.032377e+03 -4.826709e+03 1.565617e+05 7.837486e+04 -1.388693e+03 1.919396e+05 -5.270875e+03 6.015930e+03 2.350770e+05 -5.704281e+03 1.784879e+05 8.936282e+04 -2.012139e+03 -2.187257e+05 6.207763e+03 -6.769009e+03 -2.678782e+05 8.935081e+04 1.380931e+03 3.870280e+03 1.373919e+05 7.868251e+03 -2.678717e+05 -1.683809e+05 -4.261054e+03
-3.535354e-03 -8.459379e+04 -2.173039e+03 -4.028887e+03 -1.333859e+05 7.990139e+03 -2.537196e+05 -1.641196e+05 -4.386020e+03 -4.224763e+03 1.333312e+05 6.508064e+04 -1.466791e+03 1.641647e+05 -4.582383e+03 5.422680e+03 1.953917e+05 -4.999632e+03 1.519985e+05 7.420378e+04 -2.079886e+03 -1.870762e+05 5.404827e+03 -6.101109e+03 -2.226566e+05 7.419380e+04 1.498634e+03 3.393162e+03 1.170048e+05 7.090018e+03 -2.226512e+05 -1.440199e+05 -3.707997e+03
-3.333333e-03 -7.115616e+04 -2.240169e+03 -3.562964e+03 -1.155038e+05 7.306889e+03 -2.136201e+05 -1.427885e+05 -3.854541e+03 -3.726726e+03 1.154617e+05 5.474412e+04 -1.514953e+03 1.428220e+05 -4.018620e+03 4.960677e+03 1.645092e+05 -4.415199e+03 1.316223e+05 6.241746e+04 -2.116161e+03 -1.627561e+05 4.745764e+03 -5.581754e+03 -1.874656e+05 6.240905e+04 1.576130e+03 2.997267e+03 1.013226e+05 6.483307e+03 -1.874611e+05 -1.253003e+05 -3.254410e+03
-3.131313e-03 -6.043828e+04 -2.280057e+03 -3.165824e+03 -1.014399e+05 6.761889e+03 -1.816069e+05 -1.260205e+05 -3.406407e+03 -3.304258e+03 1.014075e+05 4.649949e+04 -1.544009e+03 1.260449e+05 -3.545039e+03 4.592073e+03 1.398546e+05 -3.918381e+03 1.155967e+05 5.301656e+04 -2.132924e+03 -1.436384e+05 4.190922e+03 -5.167965e+03 -1.593713e+05 5.300939e+04 1.627466e+03 2.660583e+03 8.898875e+04 5.998784e+03 -1.593674e+05 -1.105851e+05 -2.872841e+03
-2.929293e-03 -5.170724e+04 -2.302230e+03 -2.820679e+03 -9.018674e+04 6.319159e+03 -1.555029e+05 -1.126054e+05 -3.020820e+03 -2.938668e+03 9.016193e+04 3.978303e+04 -1.560600e+03 1.126227e+05 -3.138919e+03 4.292573e+03 1.197511e+05 -3.487636e+03 1.027739e+05 4.535825e+04 -2.137430e+03 -1.283437e+05 3.714183e+03 -4.832176e+03 -1.364629e+05 4.535210e+04 1.661309e+03 2.368561e+03 7.911977e+04 5.604756e+03 -1.364595e+05 -9.881246e+04 -2.545214e+03
-2.727273e-03 -4.446492e+04 -2.312761e+03 -2.515865e+03 -8.106047e+04 5.954499e+03 -1.338282e+05 -1.017246e+05 -2.683398e+03 -2.617019e+03 8.104175e+04 3.421163e+04 -1.568962e+03 1.017363e+05 -2.784601e+03 4.045833e+03 1.030588e+05 -3.108029e+03 9.237458e+04 3.900566e+04 -2.134259e+03 -1.159385e+05 3.297515e+03 -4.555859e+03 -1.174416e+05 3.900035e+04 1.683238e+03 2.111114e+03 7.111602e+04 5.279888e+03 -1.174387e+05 -8.926383e+04 -2.259051e+03
-2.525253e-03 -3.836082e+04 -2.315650e+03 -2.242953e+03 -7.358147e+04 5.651020e+03 -1.155413e+05 -9.280523e+04 -2.383816e+03 -2.330006e+03 7.356765e+04 2.951571e+04 -1.571889e+03 9.281233e+04 -2.470874e+03 3.840449e+03 8.897573e+04 -2.768795e+03 8.385231e+04 3.365138e+04 -2.126391e+03 -1.057695e+05 2.927989e+03 -4.326096e+03 -1.013935e+05 3.364678e+04 1.696967e+03 1.880971e+03 6.455687e+04 5.009284e+03 -1.013910e+05 -8.143648e+04 -2.005412e+03
-2.323232e-03 -3.314115e+04 -2.313595e+03 -1.995663e+03 -6.740429e+04 5.396585e+03 -9.988767e+04 -8.543543e+04 -2.114425e+03 -2.070719e+03 6.739448e+04 2.550007e+04 -1.571271e+03 8.543885e+04 -2.189457e+03 3.668225e+03 7.692074e+04 -2.461926e+03 7.681344e+04 2.907281e+04 -2.115813e+03 -9.736727e+04 2.596039e+03 -4.133612e+03 -8.765635e+04 2.906882e+04 1.705029e+03 1.672720e+03 5.913940e+04 4.782228e+03 -8.765416e+04 -7.496902e+04 -1.777684e+03
-2.121212e-03 -2.861754e+04 -2.308457e+03 -1.769181e+03 -6.227480e+04 5.182262e+03 -8.630729e+04 -7.931270e+04 -1.869407e+03 -1.833885e+03 6.226825e+04 2.201983e+04 -1.568411e+03 7.931309e+04 -1.934067e+03 3.523126e+03 6.646246e+04 -2.181301e+03 7.096839e+04 2.510475e+04 -2.103871e+03 -9.038684e+04 2.294395e+03 -3.971583e+03 -7.573867e+04 2.510130e+04 1.709195e+03 1.482224e+03 5.464072e+04 4.590827e+03 -7.573677e+04 -6.959594e+04 -1.570845e+03
-1.919192e-03 -2.464709e+04 -2.301536e+03 -1.559731e+03 -5.800269e+04 5.001348e+03 -7.437505e+04 -7.421076e+04 -1.644229e+03 -1.615382e+03 5.799882e+04 1.896506e+04 -1.564223e+03 7.420868e+04 -1.699823e+03 3.400627e+03 5.727351e+04 -1.922127e+03 6.610031e+04 2.162186e+04 -2.091494e+03 -8.457024e+04 2.017403e+03 -3.834895e+03 -6.526740e+04 2.161887e+04 1.710720e+03 1.306244e+03 5.089397e+04 4.429157e+03 -6.526576e+04 -6.511869e+04 -1.380989e+03
-1.717172e-03 -2.111919e+04 -2.293756e+03 -1.364288e+03 -5.444352e+04 4.848739e+03 -6.376187e+04 -6.995804e+04 -1.435283e+03 -1.411920e+03 5.444186e+04 1.625071e+04 -1.559357e+03 6.995393e+04 -1.482853e+03 3.297278e+03 4.910044e+04 -1.680572e+03 6.204462e+04 1.852713e+04 -2.079327e+03 -7.972183e+04 1.760567e+03 -3.719654e+03 -5.595373e+04 1.852456e+04 1.710509e+03 1.142188e+03 4.777246e+04 4.292702e+03 -5.595232e+04 -6.138667e+04 -1.205015e+03
-1.515152e-03 -1.794663e+04 -2.285780e+03 -1.180378e+03 -5.148650e+04 4.720503e+03 -5.420812e+04 -6.642299e+04 -1.239644e+03 -1.220818e+03 5.148666e+04 1.380968e+04 -1.554280e+03 6.641722e+04 -1.280019e+03 3.210424e+03 4.174330e+04 -1.453507e+03 5.867508e+04 1.574406e+04 -2.067824e+03 -7.569164e+04 1.520242e+03 -3.622865e+03 -4.756981e+04 1.574187e+04 1.709223e+03 9.879403e+02 4.517905e+04 4.177981e+03 -4.756860e+04 -5.828447e+04 -1.040407e+03
-1.313131e-03 -1.505934e+04 -2.278084e+03 -1.005939e+03 -4.904607e+04 4.613591e+03 -4.550513e+04 -6.350411e+04 -1.054888e+03 -1.039847e+03 4.904772e+04 1.158808e+04 -1.549329e+03 6.349697e+04 -1.088734e+03 3.138004e+03 3.504137e+04 -1.238331e+03 5.589420e+04 1.321120e+04 -2.057304e+03 -7.236393e+04 1.293415e+03 -3.542203e+03 -3.993251e+04 1.320936e+04 1.707343e+03 8.417411e+02 4.303870e+04 4.082294e+03 -3.993149e+04 -5.572299e+04 -8.850895e+02
-1.111111e-03 -1.239994e+04 -2.271016e+03 -8.392208e+02 -4.705602e+04 4.525629e+03 -3.748199e+04 -6.112284e+04 -8.789724e+02 -8.671239e+02 4.705886e+04 9.541787e+03 -1.544749e+03 6.111461e+04 -9.068197e+02 3.078415e+03 2.886304e+04 -1.032837e+03 5.362652e+04 1.087824e+04 -2.047994e+03 -6.964915e+04 1.077548e+03 -3.475862e+03 -3.289185e+04 1.087672e+04 1.705228e+03 7.020978e+02 4.129334e+04 4.003539e+03 -3.289101e+04 -5.363329e+04 -7.373128e+02
-9.090909e-04 -9.920557e+03 -2.264824e+03 -6.787071e+02 -4.546525e+04 4.454779e+03 -2.999596e+04 -5.921859e+04 -7.101415e+02 -7.010202e+02 4.546904e+04 7.633955e+03 -1.540718e+03 5.920950e+04 -7.324064e+02 3.030415e+03 2.309835e+04 -8.351207e+02 5.181381e+04 8.703157e+03 -2.040052e+03 -6.747821e+04 8.704609e+02 -3.422442e+03 -2.632254e+04 8.701938e+03 1.703140e+03 5.677203e+02 3.989816e+04 3.940084e+03 -2.632187e+04 -5.196222e+04 -5.955750e+02
-7.070707e-04 -7.580315e+03 -2.259691e+03 -5.230604e+02 -4.423478e+04 4.399632e+03 -2.292520e+04 -5.774515e+04 -5.468540e+02 -5.401036e+02 4.423930e+04 5.833157e+03 -1.537364e+03 5.773540e+04 -5.638582e+02 2.993050e+03 1.765348e+04 -6.435008e+02 5.041167e+04 6.650121e+03 -2.033591e+03 -6.579842e+04 6.702407e+02 -3.380872e+03 -2.011767e+04 6.649188e+03 1.701272e+03 4.374714e+02 3.881898e+04 3.890679e+03 -2.011715e+04 -5.066920e+04 -4.585601e+02
-5.050505e-04 -5.343527e+03 -2.255742e+03 -3.710754e+02 -4.333558e+04 4.359133e+03 -1.616323e+04 -5.666811e+04 -3.877287e+02 -3.830863e+02 4.334063e+04 4.111938e+03 -1.534779e+03 5.665787e+04 -3.997109e+02 2.965609e+03 1.244643e+04 -4.564655e+02 4.938702e+04 4.687826e+03 -2.028688e+03 -6.457054e+04 4.751756e+02 -3.350349e+03 -1.418380e+04 4.687168e+03 1.699762e+03 3.103273e+02 3.803033e+04 3.854391e+03 -1.418343e+04 -4.972404e+04 -3.250900e+02
-3.030303e-04 -3.178195e+03 -2.253065e+03 -2.216420e+02 -4.274706e+04 4.332533e+03 -9.614582e+03 -5.596306e+04 -2.314996e+02 -2.287845e+02 4.275245e+04 2.445685e+03 -1.533023e+03 5.595250e+04 -2.386246e+02 2.947585e+03 7.403659e+03 -2.726238e+02 4.871639e+04 2.788206e+03 -2.025394e+03 -6.376675e+04 2.836968e+02 -3.330305e+03 -8.437123e+03 2.787814e+03 1.698706e+03 1.853461e+02 3.751416e+04 3.830554e+03 -8.436906e+03 -4.910532e+04 -1.940856e+02
-1.010101e-04 -1.054791e+03 -2.251714e+03 -7.371466e+01 -4.245602e+04 4.319351e+03 -3.191105e+03 -5.561435e+04 -7.697841e+01 -7.608495e+01 4.246158e+04 8.116844e+02 -1.532137e+03 5.560364e+04 -7.934280e+01 2.938653e+03 2.457293e+03 -9.066691e+01 4.838475e+04 9.253608e+02 -2.023739e+03 -6.336920e+04 9.433269e+01 -3.320372e+03 -2.800303e+03 9.252308e+02 1.698164e+03 6.164136e+01 3.725891e+04 3.818739e+03 -2.800231e+03 -4.879931e+04 -6.453508e+01
1.010101e-04 1.054791e+03 -2.251714e+03 7.371466e+01 -4.245602e+04 4.319351e+03 3.191105e+03 -5.561435e+04 7.697841e+01 7.608495e+01 4.246158e+04 -8.116844e+02 -1.532137e+03 5.560364e+04 7.934280e+01 2.938653e+03 -2.457293e+03 9.066691e+01 4.838475e+04 -9.253608e+02 -2.023739e+03 -6.336920e+04 -9.433269e+01 -3.320372e+03 2.800303e+03 -9.252308e+02 1.698164e+03 -6.164136e+01 3.725891e+04 3.818739e+03 2.800231e+03 -4.879931e+04 6.453508e+01
3.030303e-04 3.178195e+03 -2.253065e+03 2.216420e+02 -4.274706e+04 4.332533e+03 9.614582e+03 -5.596306e+04 2.314996e+02 2.287845e+02 4.275245e+04 -2.445685e+03 -1.533023e+03 5.595250e+04 2.386246e+02 2.947585e+03 -7.403659e+03 2.726238e+02 4.871639e+04 -2.788206e+03 -2.025394e+03 -6.376675e+04 -2.836968e+02 -3.330305e+03 8.437123e+03 -2.787814e+03 1.698706e+03 -1.853461e+02 3.751416e+04 3.830554e+03 8.436906e+03 -4.910532e+04 1.940856e+02
5.050505e-04 5.343527e+03 -2.255742e+03 3.710754e+02 -4.333558e+04 4.359133e+03 1.616323e+04 -5.666811e+04 3.877287e+02 3.830863e+02 4.334063e+04 -4.111938e+03 -1.534779e+03 5.665787e+04 3.997109e+02 2.965609e+03 -1.244643e+04 4.564655e+02 4.938702e+04 -4.687826e+03 -2.028688e+03 -6.457054e+04 -4.751756e+02 -3.350349e+03 1.418380e+04 -4.687168e+03 1.699762e+03 -3.103273e+02 3.803033e+04 3.854391e+03 1.418343e+04 -4.972404e+04 3.250900e+02
7.070707e-04 7.580315e+03 -2.259691e+03 5.230604e+02 -4.423478e+04 4.399632e+03 2.292520e+04 -5.774515e+04 5.468540e+02 5.401036e+02 4.423930e+04 -5.833157e+03 -1.537364e+03 5.773540e+04 5.638582e+02 2.993050e+03 -1.765348e+04 6.435008e+02 5.041167e+04 -6.650121e+03 -2.033591e+03 -6.579842e+04 -6.702407e+02 -3.380872e+03 2.011767e+04 -6.649188e+03 1.701272e+03 -4.374714e+02 3.881898e+04 3.890679e+03 2.011715e+04 -5.066920e+04 4.585601e+02
9.090909e-04 9.920557e+03 -2.264824e+03 6.787071e+02 -4.546525e+04 4.454779e+03 2.999596e+04 -5.921859e+04 7.101415e+02 7.010202e+02 4.546904e+04 -7.633955e+03 -1.540718e+03 5.920950e+04 7.324064e+02 3.030415e+03 -2.309835e+04 8.351207e+02 5.181381e+04 -8.703157e+03 -2.040052e+03 -6.747821e+04 -8.704609e+02 -3.422442e+03 2.632254e+04 -8.701938e+03 1.703140e+03 -5.677203e+02 3.989816e+04 3.940084e+03 2.632187e+04 -5.196222e+04 5.955750e+02
1.111111e-03 1.239994e+04 -2.271016e+03 8.392208e+02 -4.705602e+04 4.525629e+03 3.748199e+04 -6.112284e+04 8.789724e+02 8.671239e+02 4.705886e+04 -9.541787e+03 -1.544749e+03 6.111461e+04 9.068197e+02 3.078415e+03 -2.886304e+04 1.032837e+03 5.362652e+04 -1.087824e+04 -2.047994e+03 -6.964915e+04 -1.077548e+03 -3.475862e+03 3.289185e+04 -1.087672e+04 1.705228e+03 -7.020978e+02 4.129334e+04 4.003539e+03 3.289101e+04 -5.363329e+04 7.373128e+02
1.313131e-03 1.505934e+04 -2.278084e+03 1.005939e+03 -4.904607e+04 4.613591e+03 4.550513e+04 -6.350411e+04 1.054888e+03 1.039847e+03 4.904772e+04 -1.158808e+04 -1.549329e+03 6.349697e+04 1.088734e+03 3.138004e+03 -3.504137e+04 1.238331e+03 5.589420e+04 -1.321120e+04 -2.057304e+03 -7.236393e+04 -1.293415e+03 -3.542203e+03 3.993251e+04 -1.320936e+04 1.707343e+03 -8.417411e+02 4.303870e+04 4.082294e+03 3.993149e+04 -5.572299e+04 8.850895e+02
1.515152e-03 1.794663e+04 -2.285780e+03 1.180378e+03 -5.148650e+04 4.720503e+03 5.420812e+04 -6.642299e+04 1.239644e+03 1.220818e+03 5.148666e+04 -1.380968e+04 -1.554280e+03 6.641722e+04 1.280019e+03 3.210424e+03 -4.174330e+04 1.453507e+03 5.867508e+04 -1.574406e+04 -2.067824e+03 -7.569164e+04 -1.520242e+03 -3.622865e+03 4.756981e+04 -1.574187e+04 1.709223e+03 -9.879403e+02 4.517905e+04 4.177981e+03 4.756860e+04 -5.828447e+04 1.040407e+03
1.717172e-03 2.111919e+04 -2.293756e+03 1.364288e+03 -5.444352e+04 4.848739e+03 6.376187e+04 -6.995804e+04 1.435283e+03 1.411920e+03 5.444186e+04 -1.625071e+04 -1.559357e+03 6.995393e+04 1.482853e+03 3.297278e+03 -4.910044e+04 1.680572e+03 6.204462e+04 -1.852713e+04 -2.079327e+03 -7.972183e+04 -1.760567e+03 -3.719654e+03 5.595373e+04 -1.852456e+04 1.710509e+03 -1.142188e+03 4.777246e+04 4.292702e+03 5.595232e+04 -6.138667e+04 1.205015e+03
1.919192e-03 2.464709e+04 -2.301536e+03 1.559731e+03 -5.800269e+04 5.001348e+03 7.437505e+04 -7.421076e+04 1.644229e+03 1.615382e+03 5.799882e+04 -1.896506e+04 -1.564223e+03 7.420868e+04 1.699823e+03 3.400627e+03 -5.727351e+04 1.922127e+03 6.610031e+04 -2.162186e+04 -2.091494e+03 -8.457024e+04 -2.017403e+03 -3.834895e+03 6.526740e+04 -2.161887e+04 1.710720e+03 -1.306244e+03 5.089397e+04 4.429157e+03 6.526576e+04 -6.511869e+04 1.380989e+03
2.121212e-03 2.861754e+04 -2.308457e+03 1.769181e+03 -6.227480e+04 5.182262e+03 8.630729e+04 -7.931270e+04 1.869407e+03 1.833885e+03 6.226825e+04 -2.201983e+04 -1.568411e+03 7.931309e+04 1.934067e+03 3.523126e+03 -6.646246e+04 2.181301e+03 7.096839e+04 -2.510475e+04 -2.103871e+03 -9.038684e+04 -2.294395e+03 -3.971583e+03 7.573867e+04 -2.510130e+04 1.709195e+03 -1.482224e+03 5.464072e+04 4.590827e+03 7.573677e+04 -6.959594e+04 1.570845e+03
2.323232e-03 3.314115e+04 -2.313595e+03 1.995663e+03 -6.740429e+04 5.396585e+03 9.988767e+04 -8.543543e+04 2.114425e+03 2.070719e+03 6.739448e+04 -2.550007e+04 -1.571271e+03 8.543885e+04 2.189457e+03 3.668225e+03 -7.692074e+04 2.461926e+03 7.681344e+04 -2.907281e+04 -2.115813e+03 -9.736727e+04 -2.596039e+03 -4.133612e+03 8.765635e+04 -2.906882e+04 1.705029e+03 -1.672720e+03 5.913940e+04 4.782228e+03 8.765416e+04 -7.496902e+04 1.777684e+03
2.525253e-03 3.836082e+04 -2.315650e+03 2.242953e+03 -7.358147e+04 5.651020e+03 1.155413e+05 -9.280523e+04 2.383816e+03 2.330006e+03 7.356765e+04 -2.951571e+04 -1.571889e+03 9.281233e+04 2.470874e+03 3.840449e+03 -8.897573e+04 2.768795e+03 8.385231e+04 -3.365138e+04 -2.126391e+03 -1.057695e+05 -2.927989e+03 -4.326096e+03 1.013935e+05 -3.364678e+04 1.696967e+03 -1.880971e+03 6.455687e+04 5.009284e+03 1.013910e+05 -8.143648e+04 2.005412e+03
2.727273e-03 4.446492e+04 -2.312761e+03 2.515865e+03 -8.106047e+04 5.954499e+03 1.338282e+05 -1.017246e+05 2.683398e+03 2.617019e+03 8.104175e+04 -3.421163e+04 -1.568962e+03 1.017363e+05 2.784601e+03 4.045833e+03 -1.030588e+05 3.108029e+03 9.237458e+04 -3.900566e+04 -2.134259e+03 -1.159385e+05 -3.297515e+03 -4.555859e+03 1.174416e+05 -3.900035e+04 1.683238e+03 -2.111114e+03 7.111602e+04 5.279888e+03 1.174387e+05 -8.926383e+04 2.259051e+03
2.929293e-03 5.170724e+04 -2.302230e+03 2.820679e+03 -9.018674e+04 6.319159e+03 1.555029e+05 -1.126054e+05 3.020820e+03 2.938668e+03 9.016193e+04 -3.978303e+04 -1.560600e+03 1.126227e+05 3.138919e+03 4.292573e+03 -1.197511e+05 3.487636e+03 1.027739e+05 -4.535825e+04 -2.137430e+03 -1.283437e+05 -3.714183e+03 -4.832176e+03 1.364629e+05 -4.535210e+04 1.661309e+03 -2.368561e+03 7.911977e+04 5.604756e+03 1.364595e+05 -9.881246e+04 2.545214e+03
3.131313e-03 6.043828e+04 -2.280057e+03 3.165824e+03 -1.014399e+05 6.761889e+03 1.816069e+05 -1.260205e+05 3.406407e+03 3.304258e+03 1.014075e+05 -4.649949e+04 -1.544009e+03 1.260449e+05 3.545039e+03 4.592073e+03 -1.398546e+05 3.918381e+03 1.155967e+05 -5.301656e+04 -2.132924e+03 -1.436384e+05 -4.190922e+03 -5.167965e+03 1.593713e+05 -5.300939e+04 1.627466e+03 -2.660583e+03 8.898875e+04 5.998784e+03 1.593674e+05 -1.105851e+05 2.872841e+03
3.333333e-03 7.115616e+04 -2.240169e+03 3.562964e+03 -1.155038e+05 7.306889e+03 2.136201e+05 -1.427885e+05 3.854541e+03 3.726726e+03 1.154617e+05 -5.474412e+04 -1.514953e+03 1.428220e+05 4.018620e+03 4.960677e+03 -1.645092e+05 4.415199e+03 1.316223e+05 -6.241746e+04 -2.116161e+03 -1.627561e+05 -4.745764e+03 -5.581754e+03 1.874656e+05 -6.240905e+04 1.576130e+03 -2.997267e+03 1.013226e+05 6.483307e+03 1.874611e+05 -1.253003e+05 3.254410e+03
3.535354e-03 8.459379e+04 -2.173039e+03 4.028887e+03 -1.333859e+05 7.990139e+03 2.537196e+05 -1.641196e+05 4.386020e+03 4.224763e+03 1.333312e+05 -6.508064e+04 -1.466791e+03 1.641647e+05 4.582383e+03 5.422680e+03 -1.953917e+05 4.999632e+03 1.519985e+05 -7.420378e+04 -2.079886e+03 -1.870762e+05 -5.404827e+03 -6.101109e+03 2.226566e+05 -7.419380e+04 1.498634e+03 -3.393162e+03 1.170048e+05 7.090018e+03 2.226512e+05 -1.440199e+05 3.707997e+03
3.737374e-03 1.018769e+05 -2.063098e+03 4.588942e+03 -1.566330e+05 8.867683e+03 3.052486e+05 -1.918789e+05 5.032377e+03 4.826709e+03 1.565617e+05 -7.837486e+04 -1.388693e+03 1.919396e+05 5.270875e+03 6.015930e+03 -2.350770e+05 5.704281e+03 1.784879e+05 -8.936282e+04 -2.012139e+03 -2.187257e+05 -6.207763e+03 -6.769009e+03 2.678782e+05 -8.935081e+04 1.380931e+03 -3.870280e+03 1.373919e+05 7.868251e+03 2.678717e+05 -1.683809e+05 4.261054e+03
3.939394e-03 1.248335e+05 -1.883477e+03 5.283869e+03 -1.877535e+05 1.003232e+04 3.736357e+05 -2.291069e+05 5.844411e+03 5.578302e+03 1.876597e+05 -9.603271e+04 -1.261985e+03 2.291887e+05 6.139929e+03 6.803103e+03 -2.877460e+05 6.581655e+03 2.139489e+05 -1.094979e+05 -1.892130e+03 -2.611710e+05 -7.218555e+03 -7.656684e+03 3.278946e+05 -1.094831e+05 1.198959e+03 -4.464073e+03 1.646835e+05 8.899630e+03 3.278866e+05 -2.010514e+05 4.957884e+03
4.141414e-03 1.566657e+05 -1.584175e+03 6.184936e+03 -2.311296e+05 1.165100e+04 4.683900e+05 -2.811507e+05 6.911008e+03 6.559859e+03 2.310039e+05 -1.205171e+05 -1.051964e+03 2.812625e+05 7.287554e+03 7.896975e+03 -3.607225e+05 7.723798e+03 2.633746e+05 -1.374174e+05 -1.680930e+03 -3.205088e+05 -8.549341e+03 -8.892399e+03 4.110511e+05 -1.373988e+05 9.082215e+02 -5.236691e+03 2.027225e+05 1.033091e+04 4.110411e+05 -2.467241e+05 5.876138e+03
4.343434e-03 2.036405e+05 -1.061177e+03 7.433082e+03 -2.953036e+05 1.406252e+04 6.081233e+05 -3.585253e+05 8.407492e+03 7.930766e+03 2.951298e+05 -1.566479e+05 -6.865331e+02 3.586821e+05 8.907664e+03 9.526455e+03 -4.683409e+05 9.313061e+03 3.364985e+05 -1.786179e+05 -1.297175e+03 -4.087279e+05 -1.042169e+04 -1.073668e+04 5.336817e+05 -1.785934e+05 4.166577e+02 -6.311267e+03 2.589998e+05 1.245974e+04 5.336686e+05 -3.146268e+05 7.169213e+03
4.545455e-03 2.804502e+05 -5.499371e+01 9.367277e+03 -4.001909e+05 1.810049e+04 8.364793e+05 -4.860304e+05 1.075295e+04 1.007546e+04 3.999375e+05 -2.157257e+05 1.393750e+01 4.862617e+05 1.146516e+04 1.225498e+04 -6.442149e+05 1.178863e+04 4.560135e+05 -2.459857e+05 -5.371680e+02 -5.541037e+05 -1.336616e+04 -1.383113e+04 7.340887e+05 -2.459513e+05 -5.044269e+02 -7.984444e+03 3.509798e+05 1.601810e+04 7.340702e+05 -4.265233e+05 9.204270e+03
4.747475e-03 4.364484e+05 2.363709e+03 1.317854e+04 -6.121808e+05 2.674999e+04 1.300120e+06 -7.476339e+05 1.540453e+04 1.434736e+04 6.117645e+05 -3.357102e+05 1.691888e+03 7.480170e+05 1.658086e+04 1.810108e+04 -1.001300e+06 1.669496e+04 6.975672e+05 -3.828080e+05 1.330120e+03 -8.523716e+05 -1.923076e+04 -2.047525e+04 1.140984e+06 -3.827519e+05 -2.671566e+03 -1.129982e+04 5.368813e+05 2.362624e+04 1.140954e+06 -6.561025e+05 1.325924e+04
4.949495e-03 1.587386e+06 2.483047e+04 4.292943e+04 -2.147172e+06 1.013707e+05 4.722527e+06 -2.722411e+06 5.125400e+04 4.811021e+04 2.145573e+06 -1.220961e+06 1.720791e+04 2.723877e+06 5.647158e+04 6.858472e+04 -3.637143e+06 5.523748e+04 2.446627e+06 -1.392293e+06 1.896787e+04 -3.103860e+06 -6.472811e+04 -7.798024e+04 4.144521e+06 -1.392047e+06 -2.242912e+04 -3.735748e+04 1.882966e+06 8.913286e+04 4.144389e+06 -2.389127e+06 4.468767e+04
5.151515e-03 -1.146953e+07 -2.265583e+05 -2.687273e+05 1.542414e+07 -6.837276e+05 -3.407475e+07 1.946977e+07 -3.312203e+05 -3.067071e+05 -1.541189e+07 8.821518e+06 -1.565247e+05 -1.948122e+07 -3.695102e+05 -4.622607e+05 2.624398e+07 -3.493298e+05 -1.757511e+07 1.005970e+07 -1.792177e+05 2.219841e+07 4.206189e+05 5.269337e+05 -2.990443e+07 1.005782e+07 1.979501e+05 2.359792e+05 -1.352567e+07 -5.998378e+05 -2.990383e+07 1.708658e+07 -2.910083e+05
5.353535e-03 5.928176e+05 -5.293158e+02 1.125756e+04 -8.752018e+05 1.659032e+04 1.758469e+06 -9.432139e+05 1.464580e+04 1.192595e+04 8.745614e+05 -4.559242e+05 -2.229609e+02 9.438391e+05 1.532051e+04 1.114030e+04 -1.354357e+06 1.408842e+04 9.972590e+05 -5.198999e+05 -1.064581e+03 -1.075482e+06 -1.795054e+04 -1.246354e+04 1.543251e+06 -5.198699e+05 -3.455000e+02 -9.496338e+03 7.675220e+05 1.479037e+04 1.543232e+06 -8.277618e+05 1.247324e+04
5.555556e-03 -9.867992e+04 -1.349510e+04 -1.765529e+03 7.518127e+04 -1.702304e+04 -2.924639e+05 2.049110e+05 -2.300868e+03 -3.080258e+03 -7.505908e+04 7.590034e+04 -9.196656e+03 -2.050087e+05 -3.628260e+03 -1.154582e+04 2.252554e+05 -2.943177e+03 -8.565363e+04 8.657374e+04 -1.141133e+04 2.336056e+05 3.559097e+03 1.342913e+04 -2.566840e+05 8.651309e+04 1.091099e+04 1.986012e+03 -6.588159e+04 -1.466616e+04 -2.566541e+05 1.798263e+05 -2.462275e+03
5.757576e-03 -9.414515e+05 -2.562621e+04 -1.101541e+04 1.275879e+06 -4.125382e+04 -2.784504e+06 1.550766e+06 -1.669958e+04 -1.391548e+04 -1.274755e+06 7.240057e+05 -1.765913e+04 -1.551841e+06 -1.963090e+04 -2.779486e+04 2.144665e+06 -1.518955e+04 -1.453773e+06 8.256660e+05 -2.121787e+04 1.768259e+06 2.168175e+04 3.200211e+04 -2.443764e+06 8.255342e+05 2.139281e+04 1.018174e+04 -1.118766e+06 -3.587344e+04 -2.443700e+06 1.360967e+06 -1.518475e+04
5.959596e-03 -3.679266e+06 -5.273266e+04 -2.772062e+04 5.269515e+06 -8.376824e+04 -1.086421e+07 5.812868e+06 -5.089477e+04 -3.368803e+04 -5.264987e+06 2.829303e+06 -3.683570e+04 -5.817307e+06 -5.693294e+04 -5.592858e+04 8.367926e+06 -3.757604e+04 -6.004242e+06 3.226551e+06 -4.331965e+04 6.628487e+06 6.402032e+04 6.414444e+04 -9.534776e+06 3.226278e+06 4.492944e+04 2.495496e+04 -4.620721e+06 -7.309943e+04 -9.534669e+06 5.101501e+06 -4.532223e+04
6.161616e-03 -2.774552e+07 -2.163176e+05 -9.655473e+04 4.088826e+07 -2.545645e+05 -8.179175e+07 4.269271e+07 -2.782689e+05 -1.173053e+05 -4.085270e+07 2.133468e+07 -1.549459e+05 -4.272806e+07 -2.992907e+05 -1.650352e+05 6.299986e+07 -1.326542e+05 -4.658913e+07 2.433043e+07 -1.784226e+05 4.868521e+07 3.398814e+05 1.886105e+05 -7.178331e+07 2.432929e+07 1.879648e+05 8.552928e+04 -3.585377e+07 -2.228492e+05 -7.178366e+07 3.746880e+07 -2.450951e+05
6.363636e-03 3.276756e+08 1.349256e+06 -1.918016e+05 -4.914031e+08 -3.229123e+05 9.642995e+08 -4.948694e+08 2.051140e+06 -1.462062e+05 4.909532e+08 -2.519432e+08 1.016509e+06 4.953223e+08 2.097464e+06 -3.191913e+05 -7.427891e+08 -1.647586e+05 5.599143e+08 -2.873321e+08 1.156299e+06 -5.643527e+08 -2.391787e+06 3.646960e+05 8.463077e+08 -2.873179e+08 -1.186066e+06 1.697041e+05 4.308801e+08 -2.823924e+05 8.463484e+08 -4.343380e+08 1.798700e+06
6.565657e-03 3.953205e+07 3.561786e+05 -1.985011e+05 -5.897236e+07 -8.209758e+04 1.161421e+08 -5.993482e+07 7.822931e+04 -1.862394e+05 5.891816e+07 -3.039501e+07 2.545201e+05 5.998882e+07 9.067513e+04 -6.830003e+04 -8.946092e+07 -2.279406e+05 6.719299e+07 -3.466388e+07 3.134169e+05 -6.835199e+07 -8.755075e+04 6.966690e+04 1.019329e+08 -3.466366e+07 -2.891860e+05 1.621037e+05 5.170990e+07 -8.021483e+04 1.019316e+08 -5.260153e+07 8.080137e+04
6.767677e-03 4.887111e+06 7.005784e+04 -4.710265e+04 -7.252434e+06 -1.287881e+04 1.433268e+07 -7.451925e+06 -1.181250e+04 -4.453281e+04 7.245553e+06 -3.757392e+06 4.921837e+04 7.458781e+06 -9.201134e+03 -1.037262e+04 -1.104017e+07 -5.483519e+04 8.263387e+06 -4.285230e+06 6.207819e+04 -8.498563e+06 1.459225e+04 9.656838e+03 1.257921e+07 -4.285136e+06 -5.548834e+04 3.818955e+04 6.359123e+06 -1.346679e+04 1.257911e+07 -6.540197e+06 -7.202636e+03
6.969697e-03 1.417427e+06 2.235181e+04 -2.035454e+04 -2.116539e+06 -1.010451e+04 4.149375e+06 -2.157088e+06 -9.768798e+03 -1.980741e+04 2.114482e+06 -1.089715e+06 1.567781e+04 2.159140e+06 -9.211912e+03 -7.357960e+03 -3.196232e+06 -2.412110e+04 2.411559e+06 -1.242826e+06 2.010557e+04 -2.460112e+06 1.205174e+04 7.548342e+03 3.641763e+06 -1.242806e+06 -1.737533e+04 1.667003e+04 1.855805e+06 -9.704299e+03 3.641744e+06 -1.893189e+06 -7.375329e+03
7.171717e-03 4.693168e+05 3.361736e+03 -9.096328e+03 -7.252368e+05 -1.047935e+04 1.371240e+06 -6.993352e+05 -5.451311e+03 -9.430601e+03 7.245357e+05 -3.607865e+05 2.455208e+03 7.000377e+05 -5.791151e+03 -7.289515e+03 -1.056277e+06 -1.115018e+04 8.263241e+05 -4.114823e+05 3.374778e+03 -7.976102e+05 6.999542e+03 8.080474e+03 1.203497e+06 -4.114968e+05 -2.373472e+03 7.672263e+03 6.359011e+05 -9.422602e+03 1.203501e+06 -6.137853e+05 -4.475424e+03
7.373737e-03 -1.851664e+04 -1.211414e+04 1.586389e+02 -2.148808e+04 -1.254073e+04 -5.418274e+04 6.215068e+04 6.626443e+01 -9.838650e+02 2.151663e+04 1.424546e+04 -8.234221e+03 -6.217462e+04 -1.097546e+03 -8.510319e+03 4.173300e+04 -5.024524e+02 2.449142e+04 1.626368e+04 -1.025263e+04 7.084529e+04 6.193402e+02 1.003103e+04 -4.756249e+04 1.621763e+04 9.761222e+03 3.371863e+02 1.887874e+04 -1.067168e+04 -4.754144e+04 5.454355e+04 -4.280841e+02
7.575758e-03 -7.258950e+05 -4.714926e+04 2.021609e+04 9.694100e+05 -2.146768e+04 -2.113337e+06 1.194617e+06 1.439205e+04 1.703436e+04 -9.682641e+05 5.580105e+05 -3.230925e+04 -1.195754e+06 1.114689e+04 -1.428796e+04 1.627962e+06 2.244267e+04 -1.104489e+06 6.365031e+05 -4.103598e+04 1.362415e+06 -1.577320e+04 1.796563e+04 -1.854869e+06 6.363776e+05 3.715789e+04 -1.540782e+04 -8.498450e+05 -1.715363e+04 -1.854811e+06 1.048482e+06 1.026450e+04
7.777778e-03 -4.396332e+07 -2.607627e+06 1.451601e+06 6.051762e+07 -7.958742e+05 -1.277236e+08 7.138511e+07 1.082362e+06 1.293412e+06 -6.044340e+07 3.379197e+07 -1.789302e+06 -7.145914e+07 9.207210e+05 -5.217895e+05 9.839593e+07 1.655062e+06 -6.894656e+07 3.854581e+07 -2.288515e+06 8.141811e+07 -1.232545e+06 6.970265e+05 -1.121090e+08 3.854135e+07 2.038838e+06 -1.134456e+06 -5.305400e+07 -5.959000e+05 -1.121006e+08 6.265335e+07 8.085982e+05
7.979798e-03 5.516681e+05 2.885249e+04 -2.123688e+04 -7.854106e+05 2.876623e+03 1.599482e+06 -8.836461e+05 -1.647022e+04 -1.976276e+04 7.844919e+05 -4.240231e+05 1.983160e+04 8.845639e+05 -1.496293e+04 1.710916e+03 -1.232179e+06 -2.473500e+04 8.948438e+05 -4.836810e+05 2.562443e+04 -1.007832e+06 1.928904e+04 -3.228177e+03 1.403883e+06 -4.836258e+05 -2.229464e+04 1.693267e+04 6.885547e+05 1.244733e+03 1.403855e+06 -7.755676e+05 -1.272944e+04
8.181818e-03 3.375389e+05 1.782376e+04 -1.478243e+04 -4.858979e+05 2.304376e+02 9.766012e+05 -5.402662e+05 -1.177054e+04 -1.394309e+04 4.853218e+05 -2.594243e+05 1.225506e+04 5.408427e+05 -1.091123e+04 1.505305e+00 -7.523511e+05 -1.733684e+04 5.535957e+05 -2.959312e+05 1.592753e+04 -6.162068e+05 1.389723e+04 -8.522106e+02 8.571819e+05 -2.959004e+05 -1.367934e+04 1.185828e+04 4.259737e+05 -6.490302e+02 8.571662e+05 -4.741906e+05 -9.201973e+03
8.383838e-03 2.417288e+05 1.310414e+04 -1.188426e+04 -3.509454e+05 -6.631139e+02 6.979075e+05 -3.874047e+05 -9.658746e+03 -1.130565e+04 3.505228e+05 -1.857764e+05 9.011035e+03 3.878281e+05 -9.065621e+03 -5.660717e+02 -5.376630e+05 -1.400031e+04 3.998382e+05 -2.119250e+05 1.177092e+04 -4.418667e+05 1.145968e+04 -2.194060e+01 6.125731e+05 -2.119042e+05 -9.997472e+03 9.569718e+03 3.076611e+05 -1.249511e+03 6.125625e+05 -3.400272e+05 -7.606342e+03
8.585859e-03 1.853805e+05 1.036993e+04 -1.012558e+04 -2.712008e+05 -1.057539e+03 5.340629e+05 -2.977649e+05 -8.365576e+03 -9.692492e+03 2.708692e+05 -1.424627e+05 7.131158e+03 2.980976e+05 -7.921043e+03 -8.106466e+02 -4.114469e+05 -1.196779e+04 3.089817e+05 -1.625193e+05 9.359041e+03 -3.396308e+05 9.959304e+03 3.637363e+02 4.687669e+05 -1.625040e+05 -7.867702e+03 8.175855e+03 2.377493e+05 -1.488568e+03 4.687592e+05 -2.613521e+05 -6.622549e+03
8.787879e-03 1.480905e+05 8.561703e+03 -8.910499e+03 -2.182292e+05 -1.244184e+03 4.256937e+05 -2.385497e+05 -7.461275e+03 -8.570329e+03 2.179583e+05 -1.137992e+05 5.887752e+03 2.388218e+05 -7.111659e+03 -9.217987e+02 -3.279652e+05 -1.055875e+04 2.486289e+05 -1.298241e+05 7.761583e+03 -2.720943e+05 8.905549e+03 5.617180e+02 3.736511e+05 -1.298124e+05 -6.461401e+03 7.209802e+03 1.913094e+05 -1.580972e+03 3.736452e+05 -2.093799e+05 -5.930215e+03
8.989899e-03 1.216619e+05 7.270564e+03 -8.006586e+03 -1.805629e+05 -1.328787e+03 3.489387e+05 -1.966276e+05 -6.779862e+03 -7.730600e+03 1.803354e+05 -9.348492e+04 4.999864e+03 1.968562e+05 -6.495831e+03 -9.680389e+02 -2.688371e+05 -9.507442e+03 2.057142e+05 -1.066523e+05 6.619337e+03 -2.242804e+05 8.108618e+03 6.657821e+02 3.062830e+05 -1.066430e+05 -5.458796e+03 6.489208e+03 1.582878e+05 -1.603795e+03 3.062783e+05 -1.725854e+05 -5.405549e+03
9.191919e-03 1.020515e+05 6.300622e+03 -7.300990e+03 -1.525282e+05 -1.358581e+03 2.920258e+05 -1.655384e+05 -6.241173e+03 -7.071715e+03 1.523334e+05 -7.841164e+04 4.332849e+03 1.657345e+05 -6.004893e+03 -9.798235e+02 -2.249939e+05 -8.684643e+03 1.737733e+05 -8.945856e+04 5.760116e+03 -1.888217e+05 7.476660e+03 7.181465e+02 2.563301e+05 -8.945100e+04 -4.706731e+03 5.925387e+03 1.337103e+05 -1.590967e+03 2.563263e+05 -1.452988e+05 -4.988679e+03
9.393939e-03 8.700568e+04 5.544921e+03 -6.731129e+03 -1.309552e+05 -1.357410e+03 2.483935e+05 -1.416901e+05 -5.800839e+03 -6.537160e+03 1.307857e+05 -6.684716e+04 3.813174e+03 1.418608e+05 -5.600665e+03 -9.724431e+02 -1.913813e+05 -8.018590e+03 1.491945e+05 -7.626714e+04 5.089856e+03 -1.616212e+05 6.958728e+03 7.403368e+02 2.180336e+05 -7.626089e+04 -4.121617e+03 5.469087e+03 1.147978e+05 -1.559308e+03 2.180305e+05 -1.243673e+05 -4.646399e+03
9.595960e-03 7.516145e+04 4.939654e+03 -6.259037e+03 -1.139227e+05 -1.338314e+03 2.140731e+05 -1.229136e+05 -5.431918e+03 -6.092532e+03 1.137733e+05 -5.774367e+04 3.396967e+03 1.230642e+05 -5.259844e+03 -9.542070e+02 -1.649420e+05 -7.465678e+03 1.297889e+05 -6.588283e+04 4.552403e+03 -1.402053e+05 6.523816e+03 7.442717e+02 1.879102e+05 -6.587758e+04 -3.653616e+03 5.090381e+03 9.986588e+04 -1.517808e+03 1.879075e+05 -1.078873e+05 -4.358498e+03
9.797980e-03 6.564395e+04 4.444223e+03 -5.860130e+03 -1.001955e+05 -1.308830e+03 1.865175e+05 -1.078193e+05 -5.116915e+03 -5.715482e+03 1.000625e+05 -5.042867e+04 3.056307e+03 1.079534e+05 -4.967213e+03 -9.298823e+02 -1.437139e+05 -6.997622e+03 1.141491e+05 -5.753856e+04 4.112008e+03 -1.229890e+05 6.151742e+03 7.369461e+02 1.637242e+05 -5.753411e+04 -3.271035e+03 4.769859e+03 8.783171e+04 -1.471518e+03 1.637220e+05 -9.463903e+04 -4.111809e+03
1.000000e-02 5.786574e+04 4.031492e+03 -5.517675e+03 -8.894295e+04 -1.273487e+03 1.640169e+05 -9.547503e+04 -4.843870e+03 -5.390748e+03 8.882346e+04 -4.445061e+04 2.772529e+03 9.559556e+04 -4.712315e+03 -9.023084e+02 -1.263799e+05 -6.595142e+03 1.013289e+05 -5.071928e+04 3.744756e+03 -1.089093e+05 5.828681e+03 7.226434e+02 1.439750e+05 -5.071546e+04 -2.952706e+03 4.494291e+03 7.796708e+04 -1.423365e+03 1.439731e+05 -8.380449e+04 -3.897308e+03
