-1.000000e-02 -1.261173e+05 -1.867863e+03 3.895983e+03 -6.240559e+04 3.888589e+03 -2.777126e+04 -5.639704e+04 4.571983e+03 3.804057e+03 6.251790e+04 9.718760e+04 -1.304447e+03 5.628533e+04 4.484824e+03 2.674684e+03 2.129329e+04 4.708086e+03 7.122439e+04 1.107132e+05 -1.255320e+03 -6.424972e+04 -5.475768e+03 -3.579781e+03 -2.432086e+04 1.107102e+05 1.870534e+03 -3.131397e+03 5.477793e+04 2.880781e+03 -2.431602e+04 -4.940696e+04 3.731481e+03
-9.797980e-03 -1.396117e+05 -1.951122e+03 4.051241e+03 -6.846812e+04 4.187205e+03 -3.061243e+04 -6.165245e+04 4.778646e+03 3.949593e+03 6.858981e+04 1.075835e+05 -1.363441e+03 6.153135e+04 4.682082e+03 2.879913e+03 2.347436e+04 4.892903e+03 7.814240e+04 1.225577e+05 -1.314766e+03 -7.023730e+04 -5.719458e+03 -3.844004e+03 -2.681048e+04 1.225542e+05 1.951393e+03 -3.253027e+03 6.009895e+04 3.112486e+03 -2.680503e+04 -5.401146e+04 3.898298e+03
-9.595960e-03 -1.553708e+05 -2.039502e+03 4.222878e+03 -7.552754e+04 4.528745e+03 -3.392543e+04 -6.774957e+04 5.009580e+03 4.109839e+03 7.566002e+04 1.197240e+05 -1.426276e+03 6.761766e+04 4.901990e+03 3.114660e+03 2.601775e+04 5.096997e+03 8.619787e+04 1.363899e+05 -1.377488e+03 -7.718389e+04 -5.991445e+03 -4.146097e+03 -2.971362e+04 1.363860e+05 2.037848e+03 -3.387094e+03 6.629492e+04 3.377627e+03 -2.970746e+04 -5.935348e+04 4.084501e+03
-9.393939e-03 -1.739435e+05 -2.133078e+03 4.414026e+03 -8.382542e+04 4.922949e+03 -3.782419e+04 -7.488872e+04 5.269765e+03 4.287505e+03 8.397043e+04 1.340319e+05 -1.493087e+03 7.474423e+04 5.149117e+03 3.385621e+03 2.901097e+04 5.324015e+03 9.566639e+04 1.526915e+05 -1.443395e+03 -8.531771e+04 -6.297483e+03 -4.494634e+03 -3.313014e+04 1.526871e+05 2.130212e+03 -3.535917e+03 7.357784e+04 3.683807e+03 -3.312314e+04 -6.560853e+04 4.294040e+03
-9.191919e-03 -1.960620e+05 -2.231724e+03 4.628756e+03 -9.368441e+04 5.382757e+03 -4.246066e+04 -8.333648e+04 5.565726e+03 4.486098e+03 9.384412e+04 1.510712e+05 -1.563897e+03 8.317723e+04 5.429438e+03 3.701696e+03 3.257071e+04 5.578684e+03 1.069161e+05 1.721053e+05 -1.512183e+03 -9.494250e+04 -6.645109e+03 -4.901005e+03 -3.719321e+04 1.721003e+05 2.228701e+03 -3.702505e+03 8.223089e+04 4.041135e+03 -3.718519e+04 -7.301022e+04 4.532083e+03
-8.989899e-03 -2.227243e+05 -2.334950e+03 4.872492e+03 -1.055449e+05 5.925771e+03 -4.804184e+04 -9.345530e+04 5.906224e+03 4.710258e+03 1.057220e+05 1.716107e+05 -1.638523e+03 9.327850e+04 5.750953e+03 4.074992e+03 3.685595e+04 5.867293e+03 1.204494e+05 1.955072e+05 -1.583197e+03 -1.064712e+05 -7.044422e+03 -5.380695e+03 -4.208428e+04 1.955014e+05 2.333333e+03 -3.890845e+03 9.264057e+04 4.463366e+03 -4.207502e+04 -8.187613e+04 4.805558e+03
-8.787879e-03 -2.553253e+05 -2.441623e+03 5.152666e+03 -1.200234e+05 6.576593e+03 -5.485698e+04 -1.057504e+05 6.303340e+03 4.966307e+03 1.202215e+05 1.967248e+05 -1.716403e+03 1.055525e+05 6.124663e+03 4.522426e+03 4.208884e+04 6.198440e+03 1.369697e+05 2.241214e+05 -1.655173e+03 -1.204795e+05 -7.509336e+03 -5.955344e+03 -4.805688e+04 2.241147e+05 2.443740e+03 -4.106387e+03 1.053480e+05 4.969732e+03 -4.804607e+04 -9.264901e+04 5.124011e+03
-8.585859e-03 -2.958749e+05 -2.549463e+03 5.479830e+03 -1.380100e+05 7.370785e+03 -6.332284e+04 -1.209480e+05 6.774317e+03 5.263167e+03 1.382340e+05 2.279619e+05 -1.796285e+03 1.207240e+05 6.566222e+03 5.068451e+03 4.858947e+04 6.584304e+03 1.574927e+05 2.597121e+05 -1.725783e+03 -1.377947e+05 -8.059674e+03 -6.656218e+03 -5.547629e+04 2.597042e+05 2.558824e+03 -4.356840e+03 1.211344e+05 5.588038e+03 -5.546353e+04 -1.059651e+05 5.501045e+03
-8.383838e-03 -3.473815e+05 -2.654065e+03 5.869637e+03 -1.608405e+05 8.361911e+03 -7.406309e+04 -1.401313e+05 7.344803e+03 5.613998e+03 1.610968e+05 2.676393e+05 -1.875622e+03 1.398748e+05 7.098853e+03 5.749898e+03 5.683682e+04 7.042914e+03 1.835421e+05 3.049195e+05 -1.790759e+03 -1.596511e+05 -8.724890e+03 -7.530397e+03 -6.488915e+04 3.049101e+05 2.676084e+03 -4.653606e+03 1.411720e+05 6.360178e+03 -6.487387e+04 -1.227736e+05 5.956867e+03
-8.181818e-03 -4.145714e+05 -2.746913e+03 6.346653e+03 -1.906192e+05 9.635039e+03 -8.805753e+04 -1.649970e+05 8.055063e+03 6.039345e+03 1.909169e+05 3.193977e+05 -1.949328e+03 1.646986e+05 7.758908e+03 6.625246e+03 6.758343e+04 7.602499e+03 2.175187e+05 3.638920e+05 -1.842137e+03 -1.879819e+05 -9.551158e+03 -8.652630e+03 -7.715428e+04 3.638806e+05 2.790220e+03 -5.014532e+03 1.673077e+05 7.352698e+03 -7.713564e+04 -1.445614e+05 6.523160e+03
-7.979798e-03 -5.053670e+05 -2.810982e+03 6.952422e+03 -2.308858e+05 1.133508e+04 -1.069488e+05 -1.983783e+05 8.972977e+03 6.573801e+03 2.312389e+05 3.893398e+05 -2.007008e+03 1.980239e+05 8.607499e+03 7.794104e+03 8.209088e+04 8.310693e+03 2.634611e+05 4.435831e+05 -1.864361e+03 -2.260148e+05 -1.061621e+04 -1.015021e+04 -9.371147e+04 4.435688e+05 2.890005e+03 -5.469748e+03 2.026483e+05 8.678979e+03 -9.368817e+04 -1.738107e+05 7.253263e+03
-7.777778e-03 -6.343220e+05 -2.809738e+03 7.764908e+03 -2.881708e+05 1.373441e+04 -1.337552e+05 -2.454573e+05 1.022499e+04 7.282075e+03 2.886016e+05 4.886763e+05 -2.026007e+03 2.450243e+05 9.758170e+03 9.443637e+03 1.026773e+05 9.256710e+03 3.288197e+05 5.567662e+05 -1.824601e+03 -2.796543e+05 -1.206470e+04 -1.226234e+04 -1.172063e+05 5.567477e+05 2.950400e+03 -6.075750e+03 2.529251e+05 1.055213e+04 -1.171762e+05 -2.150625e+05 8.246407e+03
-7.575758e-03 -8.322119e+05 -2.654257e+03 8.955135e+03 -3.763559e+05 1.742712e+04 -1.748627e+05 -3.171370e+05 1.208508e+04 8.305864e+03 3.769047e+05 6.411141e+05 -1.950522e+03 3.165843e+05 1.145635e+04 1.198200e+04 1.342473e+05 1.063591e+04 4.294318e+05 7.304528e+05 -1.643865e+03 -3.613229e+05 -1.420968e+04 -1.551063e+04 -1.532362e+05 7.304277e+05 2.908793e+03 -6.956520e+03 3.303215e+05 1.343700e+04 -1.531952e+05 -2.778701e+05 9.717337e+03
-7.373737e-03 -1.182495e+06 -2.069837e+03 1.101309e+04 -5.333277e+05 2.409156e+04 -2.476022e+05 -4.428078e+05 1.532424e+04 1.005119e+04 5.340840e+05 9.109416e+05 -1.606581e+03 4.420445e+05 1.439133e+04 1.656182e+04 1.901109e+05 1.300722e+04 6.085214e+05 1.037893e+06 -1.079977e+03 -5.045062e+05 -1.793142e+04 -2.136840e+04 -2.169921e+05 1.037856e+06 2.568097e+03 -8.467904e+03 4.680889e+05 1.864660e+04 -2.169304e+05 -3.879854e+05 1.226972e+04
-7.171717e-03 -2.100936e+06 4.963233e+02 1.657866e+04 -9.493644e+05 4.255143e+04 -4.384160e+05 -7.678205e+05 2.399650e+04 1.471067e+04 9.506656e+05 1.618431e+06 -3.457722e+00 7.665030e+05 2.218203e+04 2.924044e+04 3.366542e+05 1.937930e+04 1.083174e+06 1.844006e+06 1.230013e+03 -8.748086e+05 -2.785600e+04 -3.758055e+04 -3.842418e+05 1.843932e+06 7.999119e+02 -1.253367e+04 8.332262e+05 3.308195e+04 -3.841203e+05 -6.727611e+05 1.907490e+04
-6.969697e-03 -4.112532e+06 5.659692e+03 2.691117e+04 -1.852029e+06 7.969714e+04 -8.553618e+05 -1.483553e+06 4.100110e+04 2.323980e+04 1.854497e+06 3.167978e+06 3.208557e+03 1.481047e+06 3.743004e+04 5.476910e+04 6.568829e+05 3.118833e+04 2.113003e+06 3.609566e+06 5.828295e+03 -1.690280e+06 -4.729219e+04 -7.019501e+04 -7.497025e+05 3.609413e+06 -2.792024e+03 -1.999138e+04 1.625451e+06 6.215613e+04 -7.494619e+05 -1.299910e+06 3.241237e+04
-6.767677e-03 1.496390e+06 -1.584028e+04 -7.572609e+03 7.148458e+05 -3.826516e+04 3.101585e+05 4.742655e+05 -1.247500e+04 -5.259588e+03 -7.157034e+05 -1.152668e+06 -1.053996e+04 -4.733803e+05 -1.022144e+04 -2.621345e+04 -2.382246e+05 -8.056382e+03 -8.154821e+05 -1.313376e+06 -1.292873e+04 5.403460e+05 1.367387e+04 3.332552e+04 2.718993e+05 -1.313287e+06 1.298155e+04 5.056511e+03 -6.273801e+05 -3.012557e+04 2.717441e+05 4.154887e+05 -9.388545e+03
-6.565657e-03 -2.667020e+06 -6.417620e+03 1.084071e+04 -1.134644e+06 3.232044e+04 -5.512744e+05 -1.019311e+06 1.952349e+04 9.757810e+03 1.136148e+06 2.054389e+06 -4.733691e+03 1.017792e+06 1.846793e+04 2.233125e+04 4.234184e+05 1.297774e+04 1.294532e+06 2.340771e+06 -4.559736e+03 -1.161384e+06 -2.288591e+04 -2.864482e+04 -4.831718e+05 2.340722e+06 6.467284e+03 -8.081904e+03 9.958217e+05 2.516596e+04 -4.830999e+05 -8.932847e+05 1.571712e+04
-6.363636e-03 4.174156e+06 -2.074740e+04 -1.145683e+04 1.869517e+06 -6.962201e+04 8.600230e+05 1.451499e+06 -2.450567e+04 -7.693053e+03 -1.871761e+06 -3.215236e+06 -1.353955e+04 -1.449196e+06 -2.082995e+04 -4.785843e+04 -6.606443e+05 -1.235762e+04 -2.132728e+06 -3.663526e+06 -1.697917e+04 1.653806e+06 2.727529e+04 6.080285e+04 7.538988e+05 -3.663382e+06 1.665481e+04 7.288130e+03 -1.640756e+06 -5.483091e+04 7.536401e+05 1.271917e+06 -1.878237e+04
-6.161616e-03 -2.631416e+05 -1.620453e+04 4.477510e+02 -4.509646e+04 -1.214386e+04 -5.412552e+04 -1.805702e+05 1.317770e+03 1.617840e+03 4.524803e+04 2.026948e+05 -1.104362e+04 1.804389e+05 2.462186e+03 -8.217966e+03 4.156821e+04 1.300534e+03 5.154578e+04 2.309262e+05 -1.280644e+04 -2.057571e+05 -2.278021e+03 1.032315e+04 -4.739297e+04 2.309720e+05 1.399828e+04 -8.111313e+02 3.958708e+04 -9.698171e+03 -4.747439e+04 -1.583518e+05 1.562896e+03
-5.959596e-03 -4.882486e+06 -1.866785e+04 1.767286e+03 -1.952794e+06 2.102262e+04 -1.000260e+06 -1.944821e+06 1.634217e+04 1.679948e+03 1.955275e+06 3.760732e+06 -1.327278e+04 1.942337e+06 1.625720e+04 1.487319e+04 7.684645e+05 2.941499e+03 2.227889e+06 4.285065e+06 -1.468763e+04 -2.215971e+06 -1.955362e+04 -1.883462e+04 -8.767376e+05 4.285052e+06 1.681974e+04 -7.597529e+02 1.713842e+06 1.656290e+04 -8.767333e+05 -1.704670e+06 1.355100e+04
-5.757576e-03 -6.032166e+07 -5.057541e+04 -4.817760e+04 -2.450020e+07 2.864490e+05 -1.232270e+07 -2.336317e+07 1.263091e+05 -5.755447e+04 2.452969e+07 4.646216e+07 -4.127065e+04 2.333344e+07 1.171213e+05 2.015651e+05 9.467930e+06 -5.373158e+04 2.795006e+07 5.294074e+07 -4.218473e+04 -2.662044e+07 -1.452357e+05 -2.518701e+05 -1.080170e+07 5.293985e+07 4.923264e+04 5.140782e+04 2.150200e+07 2.291967e+05 -1.080112e+07 -2.047837e+07 1.017881e+05
-5.555556e-03 1.351294e+08 9.452185e+04 2.611016e+05 5.405730e+07 -3.315262e+05 2.752859e+07 5.291985e+07 -1.171634e+05 2.703857e+05 -5.412015e+07 -1.040786e+08 7.885132e+04 -5.285682e+07 -1.080554e+05 -2.399216e+05 -2.115311e+07 2.993707e+05 -6.166696e+07 -1.185919e+08 8.637660e+04 6.029942e+07 1.318303e+05 2.902174e+05 2.413160e+07 -1.185922e+08 -8.642854e+04 -2.358635e+05 -4.744177e+07 -2.741133e+05 2.413082e+07 4.638809e+07 -9.612496e+04
-5.353535e-03 -5.577015e+07 1.859398e+04 -1.667195e+05 -2.224058e+07 5.583368e+04 -1.133151e+07 -2.188182e+07 -1.511976e+04 -1.695718e+05 2.226542e+07 4.295430e+07 6.926502e+03 2.185688e+07 -1.792179e+04 4.365954e+04 8.707866e+06 -1.945601e+05 2.537056e+07 4.894471e+07 7.375763e+03 -2.493328e+07 2.176124e+04 -4.720635e+04 -9.933527e+06 4.894436e+07 -1.683558e+04 1.452825e+05 1.951853e+07 5.153997e+04 -9.933360e+06 -1.918192e+07 -1.224237e+04
-5.151515e-03 1.463477e+09 -6.004667e+06 5.816033e+06 6.019889e+08 -3.052021e+06 2.966002e+08 5.547538e+08 1.930978e+06 6.157816e+06 -6.026280e+08 -1.127194e+09 -3.938580e+06 -5.541092e+08 2.266824e+06 -2.217264e+06 -2.279389e+08 7.015520e+06 -6.866556e+08 -1.284365e+09 -4.488100e+06 6.321177e+08 -2.585053e+06 2.531232e+06 2.600285e+08 -1.284388e+09 5.269519e+06 -5.105015e+06 -5.283221e+08 -2.673561e+06 2.599974e+08 4.862926e+08 1.693370e+06
-4.949495e-03 4.400855e+06 -5.127323e+04 2.160732e+04 1.945025e+06 -2.826609e+04 8.895995e+05 1.516106e+06 1.040479e+04 2.455395e+04 -1.946773e+06 -3.389455e+06 -3.444837e+04 -1.514265e+06 1.330584e+04 -1.961742e+04 -6.837428e+05 2.726579e+04 -2.218322e+06 -3.862249e+06 -3.951385e+04 1.727527e+06 -1.447646e+04 2.384044e+04 7.800169e+05 -3.862127e+06 4.473607e+04 -1.951155e+04 -1.706930e+06 -2.331833e+04 7.797992e+05 1.328943e+06 9.660477e+03
-4.747475e-03 -2.112200e+05 -1.378486e+04 -1.178474e+03 -1.606865e+04 -1.379744e+04 -4.265306e+04 -1.695976e+05 -6.043071e+02 -1.738568e+02 1.616841e+04 1.626769e+05 -9.388120e+03 1.695320e+05 3.861282e+02 -9.361394e+03 3.277498e+04 -7.846311e+02 1.841516e+04 1.853449e+05 -1.090639e+04 -1.932664e+05 1.375933e+02 1.191924e+04 -3.735216e+04 1.853876e+05 1.188839e+04 5.824774e+02 1.410850e+04 -1.085623e+04 -3.742711e+04 -1.487702e+05 -8.563398e+01
-4.545455e-03 -9.173240e+06 1.180494e+05 -6.202885e+04 -4.029272e+06 1.805899e+04 -1.845689e+06 -3.266398e+06 -3.996996e+04 -6.682184e+04 4.032523e+06 7.064801e+06 7.950481e+04 3.262959e+06 -4.469836e+04 1.302311e+04 1.418789e+06 -7.664099e+04 4.595106e+06 8.050411e+06 9.042480e+04 -3.721983e+06 5.147780e+04 -1.376996e+04 -1.618399e+06 8.050162e+06 -1.037685e+05 5.405204e+04 3.535965e+06 1.691582e+04 -1.618046e+06 -2.863560e+06 -3.466313e+04
-4.343434e-03 -8.223578e+04 -1.129726e+04 -4.607056e+02 2.190356e+04 -1.077425e+04 -1.656299e+04 -1.066298e+05 -2.231763e+02 3.057644e+02 -2.185852e+04 6.333575e+04 -7.685783e+03 1.066153e+05 5.341376e+02 -7.319042e+03 1.272329e+04 -7.995303e+01 -2.491412e+04 7.215308e+04 -8.902550e+03 -1.215149e+05 -1.863825e+02 9.318997e+03 -1.448800e+04 7.218646e+04 9.769416e+03 7.437980e+01 -1.921695e+04 -8.476163e+03 -1.454625e+04 -9.355567e+04 1.292637e+02
-4.141414e-03 3.084101e+06 -8.003350e+04 2.657533e+04 1.524927e+06 -2.215190e+04 6.177369e+05 9.231026e+05 1.966172e+04 2.999724e+04 -1.525850e+06 -2.375171e+06 -5.418908e+04 -9.220292e+05 2.304472e+04 -1.528336e+04 -4.749413e+05 3.380852e+04 -1.738758e+06 -2.706598e+06 -6.187302e+04 1.051846e+06 -2.591716e+04 1.831393e+04 5.417842e+05 -2.706448e+06 7.011068e+04 -2.360952e+04 -1.338201e+06 -1.854030e+04 5.415226e+05 8.091746e+05 1.752074e+04
-3.939394e-03 -1.851138e+08 4.871383e+06 -1.737391e+06 -9.149449e+07 7.669710e+05 -3.700308e+07 -5.766188e+07 -1.335693e+06 -1.919981e+06 9.154354e+07 1.425566e+08 3.299559e+06 5.760284e+07 -1.516451e+06 5.338976e+05 2.845170e+07 -2.188291e+06 1.043207e+08 1.624538e+08 3.759988e+06 -6.570488e+07 1.730073e+06 -6.081844e+05 -3.245355e+07 1.624412e+08 -4.274844e+06 1.524342e+06 8.028830e+07 6.732030e+05 -3.244023e+07 -5.055162e+07 -1.170737e+06
-3.737374e-03 -3.955695e+07 1.210714e+06 -4.039935e+05 -2.030598e+07 1.653070e+05 -7.891703e+06 -1.187347e+07 -3.204414e+05 -4.470839e+05 2.031570e+07 3.046297e+07 8.206884e+05 1.186139e+07 -3.631283e+05 1.148914e+05 6.068305e+06 -5.097754e+05 2.315112e+07 3.471461e+07 9.351391e+05 -1.352970e+07 4.144950e+05 -1.303022e+05 -6.921844e+06 3.471224e+07 -1.062523e+06 3.542891e+05 1.781902e+07 1.456713e+05 -6.918570e+06 -1.040938e+07 -2.807041e+05
-3.535354e-03 -1.484592e+06 4.347003e+04 -1.611126e+04 -7.532375e+05 -9.165807e+02 -2.956697e+05 -4.886146e+05 -1.302550e+04 -1.738861e+04 7.535845e+05 1.143291e+06 2.947037e+04 4.881946e+05 -1.429147e+04 -5.362405e+02 2.273606e+05 -2.007665e+04 8.587565e+05 1.302842e+06 3.350409e+04 -5.567830e+05 1.656031e+04 1.312236e+03 -2.593252e+05 1.302782e+06 -3.822558e+04 1.393693e+04 6.609886e+05 -1.036730e+02 -2.592258e+05 -4.284240e+05 -1.122060e+04
-3.333333e-03 -9.118793e+05 2.829271e+04 -1.049399e+04 -4.713914e+05 -2.887297e+03 -1.812993e+05 -3.108578e+05 -8.642426e+03 -1.122338e+04 4.715839e+05 7.022347e+05 1.918883e+04 3.106198e+05 -9.365823e+03 -1.913840e+03 1.394202e+05 -1.302357e+04 5.374034e+05 8.002380e+05 2.179782e+04 -3.542310e+05 1.091464e+04 2.842360e+03 -1.590156e+05 8.002036e+05 -2.489680e+04 9.028726e+03 4.136570e+05 -1.872569e+03 -1.589585e+05 -2.725867e+05 -7.398893e+03
-3.131313e-03 -6.571610e+05 2.203981e+04 -7.974076e+03 -3.493352e+05 -3.572279e+03 -1.304449e+05 -2.307957e+05 -6.670531e+03 -8.479191e+03 3.494581e+05 5.060719e+05 1.495413e+04 2.306384e+05 -7.171831e+03 -2.396301e+03 1.003177e+05 -9.872226e+03 3.982355e+05 5.767015e+05 1.698076e+04 -2.630009e+05 8.388146e+03 3.357601e+03 -1.144139e+05 5.766775e+05 -1.940103e+04 6.836044e+03 3.065474e+05 -2.508124e+03 -1.143741e+05 -2.023963e+05 -5.688523e+03
-2.929293e-03 -5.045219e+05 1.845243e+04 -6.419634e+03 -2.777268e+05 -3.885268e+03 -9.999363e+04 -1.828023e+05 -5.441343e+03 -6.797432e+03 2.778084e+05 3.885226e+05 1.252484e+04 1.826925e+05 -5.816525e+03 -2.618948e+03 7.690295e+04 -7.934217e+03 3.165875e+05 4.427485e+05 1.421983e+04 -2.083127e+05 6.820912e+03 3.581512e+03 -8.770676e+04 4.427304e+05 -1.624558e+04 5.488563e+03 2.437080e+05 -2.812533e+03 -8.767683e+04 -1.603199e+05 -4.627268e+03
-2.727273e-03 -4.010711e+05 1.609161e+04 -5.324823e+03 -2.301995e+05 -4.038758e+03 -7.937665e+04 -1.505239e+05 -4.563922e+03 -5.619624e+03 2.302538e+05 3.088543e+05 1.092614e+04 1.504455e+05 -4.856856e+03 -2.729789e+03 6.104957e+04 -6.572633e+03 2.623968e+05 3.519624e+05 1.240438e+04 -1.715315e+05 5.707083e+03 3.682062e+03 -6.962456e+04 3.519483e+05 -1.416750e+04 4.542774e+03 2.020008e+05 -2.972946e+03 -6.960108e+04 -1.320206e+05 -3.872776e+03
-2.525253e-03 -3.258309e+05 1.441516e+04 -4.493311e+03 -1.964295e+05 -4.112103e+03 -6.439994e+04 -1.273919e+05 -3.887874e+03 -4.729501e+03 1.964646e+05 2.509117e+05 9.790808e+03 1.273356e+05 -4.122700e+03 -2.784202e+03 4.953284e+04 -5.540645e+03 2.238923e+05 2.859336e+05 1.111611e+04 -1.451726e+05 4.852224e+03 3.721761e+03 -5.648898e+04 2.859223e+05 -1.269084e+04 3.826681e+03 1.723662e+05 -3.059588e+03 -5.647008e+04 -1.117399e+05 -3.293491e+03
-2.323232e-03 -2.684449e+05 1.316646e+04 -3.829426e+03 -1.713777e+05 -4.141923e+03 -5.299237e+04 -1.101349e+05 -3.340320e+03 -4.021940e+03 1.713987e+05 2.067190e+05 8.945078e+03 1.100947e+05 -3.531820e+03 -2.807793e+03 4.076034e+04 -4.718153e+03 1.953286e+05 2.355735e+05 1.015712e+04 -1.255081e+05 4.162231e+03 3.729303e+03 -4.648361e+04 2.355642e+05 -1.159028e+04 3.256563e+03 1.503823e+05 -3.105075e+03 -4.646813e+04 -9.660973e+04 -2.825751e+03
-2.121212e-03 -2.230974e+05 1.220635e+04 -3.279750e+03 -1.522455e+05 -4.147310e+03 -4.399072e+04 -9.690640e+04 -2.880671e+03 -3.438392e+03 1.522560e+05 1.717974e+05 8.294739e+03 9.687838e+04 -3.038552e+03 -2.813943e+03 3.383771e+04 -4.038197e+03 1.735144e+05 1.957781e+05 9.420159e+03 -1.104341e+05 3.584776e+03 3.719548e+03 -3.858826e+04 1.957704e+05 -1.074361e+04 2.785732e+03 1.335931e+05 -3.126548e+03 -3.857546e+04 -8.501146e+04 -2.434157e+03
-1.919192e-03 -1.862289e+05 1.145221e+04 -2.811579e+03 -1.373404e+05 -4.139033e+03 -3.668310e+04 -8.657545e+04 -2.484077e+03 -2.943106e+03 1.373427e+05 1.434057e+05 7.783854e+03 8.655678e+04 -2.615029e+03 -2.810217e+03 2.821759e+04 -3.459835e+03 1.565199e+05 1.634238e+05 8.841551e+03 -9.866185e+04 3.087875e+03 3.700802e+03 -3.217861e+04 1.634174e+05 -1.007824e+04 2.385643e+03 1.205133e+05 -3.133768e+03 -3.216795e+04 -7.595354e+04 -2.097075e+03
-1.717172e-03 -1.555206e+05 1.085168e+04 -2.403488e+03 -1.255756e+05 -4.123504e+03 -3.060576e+04 -7.840844e+04 -2.134222e+03 -2.512724e+03 1.255716e+05 1.197580e+05 7.376991e+03 7.839705e+04 -2.243022e+03 -2.801132e+03 2.354343e+04 -2.956282e+03 1.431060e+05 1.364755e+05 8.380987e+03 -8.935542e+04 2.650570e+03 3.677962e+03 -2.684793e+04 1.364702e+05 -9.548179e+03 2.037622e+03 1.101892e+05 -3.132617e+03 -2.683905e+04 -6.879283e+04 -1.800328e+03
-1.515152e-03 -1.293864e+05 1.037001e+04 -2.040683e+03 -1.162221e+05 -4.104697e+03 -2.544161e+04 -7.190931e+04 -1.819797e+03 -2.131156e+03 1.162132e+05 9.963292e+04 7.050618e+03 7.190363e+04 -1.909941e+03 -2.789494e+03 1.957143e+04 -2.509064e+03 1.324416e+05 1.135414e+05 8.011699e+03 -8.194955e+04 2.258363e+03 3.654020e+03 -2.231814e+04 1.135370e+05 -9.122857e+03 1.728794e+03 1.019812e+05 -3.126783e+03 -2.231076e+04 -6.309442e+04 -1.534106e+03
-1.313131e-03 -1.066974e+05 9.983272e+03 -1.712489e+03 -1.087752e+05 -4.085140e+03 -2.096501e+04 -6.673228e+04 -1.532599e+03 -1.786827e+03 1.087624e+05 8.216107e+04 6.788545e+03 6.673108e+04 -1.606688e+03 -2.777097e+03 1.612809e+04 -2.104872e+03 1.239510e+05 9.363077e+04 7.715280e+03 -7.605022e+04 1.900759e+03 3.630854e+03 -1.839135e+04 9.362711e+04 -8.781247e+03 1.449888e+03 9.544633e+04 -3.118652e+03 -1.838527e+04 -5.855518e+04 -1.291309e+03
-1.111111e-03 -8.662115e+04 9.674599e+03 -1.410911e+03 -1.028774e+05 -4.066477e+03 -1.700963e+04 -6.263122e+04 -1.266443e+03 -1.471085e+03 1.028616e+05 6.670132e+04 6.579355e+03 6.263352e+04 -1.326432e+03 -2.765110e+03 1.308554e+04 -1.733740e+03 1.172266e+05 7.601299e+04 7.478753e+03 -7.137696e+04 1.569862e+03 3.609664e+03 -1.492169e+04 7.601002e+04 -8.508516e+03 1.193963e+03 9.027082e+04 -3.109798e+03 -1.491675e+04 -5.495932e+04 -1.066594e+03
-9.090909e-04 -6.852321e+04 9.431919e+03 -1.129740e+03 -9.827212e+04 -4.049790e+03 -1.344879e+04 -5.942874e+04 -1.016494e+03 -1.177231e+03 9.825399e+04 5.276510e+04 6.414877e+03 5.943376e+04 -1.063849e+03 -2.754305e+03 1.034635e+04 -1.387943e+03 1.119760e+05 6.013133e+04 7.292831e+03 -6.772766e+04 1.259511e+03 3.591223e+03 -1.179804e+04 6.012898e+04 -8.294042e+03 9.556444e+02 8.622957e+04 -3.101277e+03 -1.179414e+04 -5.215134e+04 -8.557906e+02
-7.070707e-04 -5.190389e+04 9.246555e+03 -8.639892e+02 -9.477480e+04 -4.035795e+03 -1.018275e+04 -5.699682e+04 -7.788388e+02 -8.998980e+02 9.475493e+04 3.996758e+04 6.289237e+03 5.700388e+04 -8.146510e+02 -2.745195e+03 7.833838e+03 -1.061282e+03 1.079886e+05 4.554728e+04 7.150843e+03 -6.495643e+04 9.647303e+02 3.576033e+03 -8.932948e+03 4.554550e+04 -8.130191e+03 7.306192e+02 8.316057e+04 -3.093801e+03 -8.929994e+03 -5.001898e+04 -6.555313e+02
-5.050505e-04 -3.635573e+04 9.112340e+03 -6.095109e+02 -9.225414e+04 -4.024963e+03 -7.130217e+03 -5.524420e+04 -5.501984e+02 -6.346303e+02 9.223302e+04 2.799496e+04 6.198262e+03 5.525271e+04 -5.752536e+02 -2.738120e+03 5.485503e+03 -7.486035e+02 1.051147e+05 3.190325e+04 7.048048e+03 -6.295926e+04 6.813591e+02 3.564417e+03 -6.255104e+03 3.190201e+04 -8.011534e+03 5.153058e+02 8.094862e+04 -3.087845e+03 -6.253035e+03 -4.848222e+04 -4.629987e+02
-3.030303e-04 -2.153347e+04 9.025049e+03 -3.627249e+02 -9.062022e+04 -4.017594e+03 -4.222344e+03 -5.410822e+04 -3.277248e+02 -3.775906e+02 9.059829e+04 1.658137e+04 6.139091e+03 5.411767e+04 -3.425537e+02 -2.733296e+03 3.248405e+03 -4.454652e+02 1.032518e+05 1.889626e+04 6.981198e+03 -6.166478e+04 4.057881e+02 3.556576e+03 -3.704136e+03 1.889552e+04 -7.934354e+03 3.066167e+02 7.951481e+04 -3.083721e+03 -3.702911e+03 -4.748616e+04 -2.757489e+02
-1.010101e-04 -7.131883e+03 8.982040e+03 -1.204180e+02 -8.981679e+04 -4.013868e+03 -1.398294e+03 -5.354967e+04 -1.088476e+02 -1.253395e+02 8.979447e+04 5.491745e+03 6.109936e+03 5.355958e+04 -1.137571e+02 -2.730854e+03 1.075763e+03 -1.478805e+02 1.023358e+05 6.258437e+03 6.948262e+03 -6.102830e+04 1.347646e+02 3.552628e+03 -1.226684e+03 6.258192e+03 -7.896324e+03 1.017835e+02 7.880978e+04 -3.081616e+03 -1.226278e+03 -4.699641e+04 -9.157892e+01
1.010101e-04 7.131883e+03 8.982040e+03 1.204180e+02 -8.981679e+04 -4.013868e+03 1.398294e+03 -5.354967e+04 1.088476e+02 1.253395e+02 8.979447e+04 -5.491745e+03 6.109936e+03 5.355958e+04 1.137571e+02 -2.730854e+03 -1.075763e+03 1.478805e+02 1.023358e+05 -6.258437e+03 6.948262e+03 -6.102830e+04 -1.347646e+02 3.552628e+03 1.226684e+03 -6.258192e+03 -7.896324e+03 -1.017835e+02 7.880978e+04 -3.081616e+03 1.226278e+03 -4.699641e+04 9.157892e+01
3.030303e-04 2.153347e+04 9.025049e+03 3.627249e+02 -9.062022e+04 -4.017594e+03 4.222344e+03 -5.410822e+04 3.277248e+02 3.775906e+02 9.059829e+04 -1.658137e+04 6.139091e+03 5.411767e+04 3.425537e+02 -2.733296e+03 -3.248405e+03 4.454652e+02 1.032518e+05 -1.889626e+04 6.981198e+03 -6.166478e+04 -4.057881e+02 3.556576e+03 3.704136e+03 -1.889552e+04 -7.934354e+03 -3.066167e+02 7.951481e+04 -3.083721e+03 3.702911e+03 -4.748616e+04 2.757489e+02
5.050505e-04 3.635573e+04 9.112340e+03 6.095109e+02 -9.225414e+04 -4.024963e+03 7.130217e+03 -5.524420e+04 5.501984e+02 6.346303e+02 9.223302e+04 -2.799496e+04 6.198262e+03 5.525271e+04 5.752536e+02 -2.738120e+03 -5.485503e+03 7.486035e+02 1.051147e+05 -3.190325e+04 7.048048e+03 -6.295926e+04 -6.813591e+02 3.564417e+03 6.255104e+03 -3.190201e+04 -8.011534e+03 -5.153058e+02 8.094862e+04 -3.087845e+03 6.253035e+03 -4.848222e+04 4.629987e+02
7.070707e-04 5.190389e+04 9.246555e+03 8.639892e+02 -9.477480e+04 -4.035795e+03 1.018275e+04 -5.699682e+04 7.788388e+02 8.998980e+02 9.475493e+04 -3.996758e+04 6.289237e+03 5.700388e+04 8.146510e+02 -2.745195e+03 -7.833838e+03 1.061282e+03 1.079886e+05 -4.554728e+04 7.150843e+03 -6.495643e+04 -9.647303e+02 3.576033e+03 8.932948e+03 -4.554550e+04 -8.130191e+03 -7.306192e+02 8.316057e+04 -3.093801e+03 8.929994e+03 -5.001898e+04 6.555313e+02
9.090909e-04 6.852321e+04 9.431919e+03 1.129740e+03 -9.827212e+04 -4.049790e+03 1.344879e+04 -5.942874e+04 1.016494e+03 1.177231e+03 9.825399e+04 -5.276510e+04 6.414877e+03 5.943376e+04 1.063849e+03 -2.754305e+03 -1.034635e+04 1.387943e+03 1.119760e+05 -6.013133e+04 7.292831e+03 -6.772766e+04 -1.259511e+03 3.591223e+03 1.179804e+04 -6.012898e+04 -8.294042e+03 -9.556444e+02 8.622957e+04 -3.101277e+03 1.179414e+04 -5.215134e+04 8.557906e+02
1.111111e-03 8.662115e+04 9.674599e+03 1.410911e+03 -1.028774e+05 -4.066477e+03 1.700963e+04 -6.263122e+04 1.266443e+03 1.471085e+03 1.028616e+05 -6.670132e+04 6.579355e+03 6.263352e+04 1.326432e+03 -2.765110e+03 -1.308554e+04 1.733740e+03 1.172266e+05 -7.601299e+04 7.478753e+03 -7.137696e+04 -1.569862e+03 3.609664e+03 1.492169e+04 -7.601002e+04 -8.508516e+03 -1.193963e+03 9.027082e+04 -3.109798e+03 1.491675e+04 -5.495932e+04 1.066594e+03
1.313131e-03 1.066974e+05 9.983272e+03 1.712489e+03 -1.087752e+05 -4.085140e+03 2.096501e+04 -6.673228e+04 1.532599e+03 1.786827e+03 1.087624e+05 -8.216107e+04 6.788545e+03 6.673108e+04 1.606688e+03 -2.777097e+03 -1.612809e+04 2.104872e+03 1.239510e+05 -9.363077e+04 7.715280e+03 -7.605022e+04 -1.900759e+03 3.630854e+03 1.839135e+04 -9.362711e+04 -8.781247e+03 -1.449888e+03 9.544633e+04 -3.118652e+03 1.838527e+04 -5.855518e+04 1.291309e+03
1.515152e-03 1.293864e+05 1.037001e+04 2.040683e+03 -1.162221e+05 -4.104697e+03 2.544161e+04 -7.190931e+04 1.819797e+03 2.131156e+03 1.162132e+05 -9.963292e+04 7.050618e+03 7.190363e+04 1.909941e+03 -2.789494e+03 -1.957143e+04 2.509064e+03 1.324416e+05 -1.135414e+05 8.011699e+03 -8.194955e+04 -2.258363e+03 3.654020e+03 2.231814e+04 -1.135370e+05 -9.122857e+03 -1.728794e+03 1.019812e+05 -3.126783e+03 2.231076e+04 -6.309442e+04 1.534106e+03
1.717172e-03 1.555206e+05 1.085168e+04 2.403488e+03 -1.255756e+05 -4.123504e+03 3.060576e+04 -7.840844e+04 2.134222e+03 2.512724e+03 1.255716e+05 -1.197580e+05 7.376991e+03 7.839705e+04 2.243022e+03 -2.801132e+03 -2.354343e+04 2.956282e+03 1.431060e+05 -1.364755e+05 8.380987e+03 -8.935542e+04 -2.650570e+03 3.677962e+03 2.684793e+04 -1.364702e+05 -9.548179e+03 -2.037622e+03 1.101892e+05 -3.132617e+03 2.683905e+04 -6.879283e+04 1.800328e+03
1.919192e-03 1.862289e+05 1.145221e+04 2.811579e+03 -1.373404e+05 -4.139033e+03 3.668310e+04 -8.657545e+04 2.484077e+03 2.943106e+03 1.373427e+05 -1.434057e+05 7.783854e+03 8.655678e+04 2.615029e+03 -2.810217e+03 -2.821759e+04 3.459835e+03 1.565199e+05 -1.634238e+05 8.841551e+03 -9.866185e+04 -3.087875e+03 3.700802e+03 3.217861e+04 -1.634174e+05 -1.007824e+04 -2.385643e+03 1.205133e+05 -3.133768e+03 3.216795e+04 -7.595354e+04 2.097075e+03
2.121212e-03 2.230974e+05 1.220635e+04 3.279750e+03 -1.522455e+05 -4.147310e+03 4.399072e+04 -9.690640e+04 2.880671e+03 3.438392e+03 1.522560e+05 -1.717974e+05 8.294739e+03 9.687838e+04 3.038552e+03 -2.813943e+03 -3.383771e+04 4.038197e+03 1.735144e+05 -1.957781e+05 9.420159e+03 -1.104341e+05 -3.584776e+03 3.719548e+03 3.858826e+04 -1.957704e+05 -1.074361e+04 -2.785732e+03 1.335931e+05 -3.126548e+03 3.857546e+04 -8.501146e+04 2.434157e+03
2.323232e-03 2.684449e+05 1.316646e+04 3.829426e+03 -1.713777e+05 -4.141923e+03 5.299237e+04 -1.101349e+05 3.340320e+03 4.021940e+03 1.713987e+05 -2.067190e+05 8.945078e+03 1.100947e+05 3.531820e+03 -2.807793e+03 -4.076034e+04 4.718153e+03 1.953286e+05 -2.355735e+05 1.015712e+04 -1.255081e+05 -4.162231e+03 3.729303e+03 4.648361e+04 -2.355642e+05 -1.159028e+04 -3.256563e+03 1.503823e+05 -3.105075e+03 4.646813e+04 -9.660973e+04 2.825751e+03
2.525253e-03 3.258309e+05 1.441516e+04 4.493311e+03 -1.964295e+05 -4.112103e+03 6.439994e+04 -1.273919e+05 3.887874e+03 4.729501e+03 1.964646e+05 -2.509117e+05 9.790808e+03 1.273356e+05 4.122700e+03 -2.784202e+03 -4.953284e+04 5.540645e+03 2.238923e+05 -2.859336e+05 1.111611e+04 -1.451726e+05 -4.852224e+03 3.721761e+03 5.648898e+04 -2.859223e+05 -1.269084e+04 -3.826681e+03 1.723662e+05 -3.059588e+03 5.647008e+04 -1.117399e+05 3.293491e+03
2.727273e-03 4.010711e+05 1.609161e+04 5.324823e+03 -2.301995e+05 -4.038758e+03 7.937665e+04 -1.505239e+05 4.563922e+03 5.619624e+03 2.302538e+05 -3.088543e+05 1.092614e+04 1.504455e+05 4.856856e+03 -2.729789e+03 -6.104957e+04 6.572633e+03 2.623968e+05 -3.519624e+05 1.240438e+04 -1.715315e+05 -5.707083e+03 3.682062e+03 6.962456e+04 -3.519483e+05 -1.416750e+04 -4.542774e+03 2.020008e+05 -2.972946e+03 6.960108e+04 -1.320206e+05 3.872776e+03
2.929293e-03 5.045219e+05 1.845243e+04 6.419634e+03 -2.777268e+05 -3.885268e+03 9.999363e+04 -1.828023e+05 5.441343e+03 6.797432e+03 2.778084e+05 -3.885226e+05 1.252484e+04 1.826925e+05 5.816525e+03 -2.618948e+03 -7.690295e+04 7.934217e+03 3.165875e+05 -4.427485e+05 1.421983e+04 -2.083127e+05 -6.820912e+03 3.581512e+03 8.770676e+04 -4.427304e+05 -1.624558e+04 -5.488563e+03 2.437080e+05 -2.812533e+03 8.767683e+04 -1.603199e+05 4.627268e+03
3.131313e-03 6.571610e+05 2.203981e+04 7.974076e+03 -3.493352e+05 -3.572279e+03 1.304449e+05 -2.307957e+05 6.670531e+03 8.479191e+03 3.494581e+05 -5.060719e+05 1.495413e+04 2.306384e+05 7.171831e+03 -2.396301e+03 -1.003177e+05 9.872226e+03 3.982355e+05 -5.767015e+05 1.698076e+04 -2.630009e+05 -8.388146e+03 3.357601e+03 1.144139e+05 -5.766775e+05 -1.940103e+04 -6.836044e+03 3.065474e+05 -2.508124e+03 1.143741e+05 -2.023963e+05 5.688523e+03
3.333333e-03 9.118793e+05 2.829271e+04 1.049399e+04 -4.713914e+05 -2.887297e+03 1.812993e+05 -3.108578e+05 8.642426e+03 1.122338e+04 4.715839e+05 -7.022347e+05 1.918883e+04 3.106198e+05 9.365823e+03 -1.913840e+03 -1.394202e+05 1.302357e+04 5.374034e+05 -8.002380e+05 2.179782e+04 -3.542310e+05 -1.091464e+04 2.842360e+03 1.590156e+05 -8.002036e+05 -2.489680e+04 -9.028726e+03 4.136570e+05 -1.872569e+03 1.589585e+05 -2.725867e+05 7.398893e+03
3.535354e-03 1.484592e+06 4.347003e+04 1.611126e+04 -7.532375e+05 -9.165807e+02 2.956697e+05 -4.886146e+05 1.302550e+04 1.738861e+04 7.535845e+05 -1.143291e+06 2.947037e+04 4.881946e+05 1.429147e+04 -5.362405e+02 -2.273606e+05 2.007665e+04 8.587565e+05 -1.302842e+06 3.350409e+04 -5.567830e+05 -1.656031e+04 1.312236e+03 2.593252e+05 -1.302782e+06 -3.822558e+04 -1.393693e+04 6.609886e+05 -1.036730e+02 2.592258e+05 -4.284240e+05 1.122060e+04
3.737374e-03 3.955695e+07 1.210714e+06 4.039935e+05 -2.030598e+07 1.653070e+05 7.891703e+06 -1.187347e+07 3.204414e+05 4.470839e+05 2.031570e+07 -3.046297e+07 8.206884e+05 1.186139e+07 3.631283e+05 1.148914e+05 -6.068305e+06 5.097754e+05 2.315112e+07 -3.471461e+07 9.351391e+05 -1.352970e+07 -4.144950e+05 -1.303022e+05 6.921844e+06 -3.471224e+07 -1.062523e+06 -3.542891e+05 1.781902e+07 1.456713e+05 6.918570e+06 -1.040938e+07 2.807041e+05
3.939394e-03 1.851139e+08 4.871387e+06 1.737392e+06 -9.149456e+07 7.669716e+05 3.700311e+07 -5.766192e+07 1.335694e+06 1.919982e+06 9.154360e+07 -1.425567e+08 3.299562e+06 5.760288e+07 1.516452e+06 5.338980e+05 -2.845172e+07 2.188293e+06 1.043207e+08 -1.624540e+08 3.759991e+06 -6.570493e+07 -1.730074e+06 -6.081849e+05 3.245358e+07 -1.624413e+08 -4.274847e+06 -1.524343e+06 8.028836e+07 6.732035e+05 3.244025e+07 -5.055166e+07 1.170738e+06
4.141414e-03 -3.084101e+06 -8.003350e+04 -2.657533e+04 1.524927e+06 -2.215190e+04 -6.177369e+05 9.231026e+05 -1.966172e+04 -2.999724e+04 -1.525850e+06 2.375171e+06 -5.418908e+04 -9.220292e+05 -2.304472e+04 -1.528336e+04 4.749413e+05 -3.380852e+04 -1.738758e+06 2.706598e+06 -6.187302e+04 1.051846e+06 2.591716e+04 1.831393e+04 -5.417842e+05 2.706448e+06 7.011068e+04 2.360952e+04 -1.338201e+06 -1.854030e+04 -5.415226e+05 8.091746e+05 -1.752074e+04
4.343434e-03 8.223578e+04 -1.129726e+04 4.607056e+02 2.190356e+04 -1.077425e+04 1.656299e+04 -1.066298e+05 2.231763e+02 -3.057644e+02 -2.185852e+04 -6.333575e+04 -7.685783e+03 1.066153e+05 -5.341376e+02 -7.319042e+03 -1.272329e+04 7.995303e+01 -2.491412e+04 -7.215308e+04 -8.902550e+03 -1.215149e+05 1.863825e+02 9.318997e+03 1.448800e+04 -7.218646e+04 9.769416e+03 -7.437980e+01 -1.921695e+04 -8.476163e+03 1.454625e+04 -9.355567e+04 -1.292637e+02
4.545455e-03 9.173240e+06 1.180494e+05 6.202885e+04 -4.029272e+06 1.805899e+04 1.845689e+06 -3.266398e+06 3.996996e+04 6.682184e+04 4.032523e+06 -7.064801e+06 7.950481e+04 3.262959e+06 4.469836e+04 1.302311e+04 -1.418789e+06 7.664099e+04 4.595106e+06 -8.050411e+06 9.042480e+04 -3.721983e+06 -5.147780e+04 -1.376996e+04 1.618399e+06 -8.050162e+06 -1.037685e+05 -5.405204e+04 3.535965e+06 1.691582e+04 1.618046e+06 -2.863560e+06 3.466313e+04
4.747475e-03 2.112200e+05 -1.378486e+04 1.178474e+03 -1.606865e+04 -1.379744e+04 4.265306e+04 -1.695976e+05 6.043071e+02 1.738568e+02 1.616841e+04 -1.626769e+05 -9.388120e+03 1.695320e+05 -3.861282e+02 -9.361394e+03 -3.277498e+04 7.846311e+02 1.841516e+04 -1.853449e+05 -1.090639e+04 -1.932664e+05 -1.375933e+02 1.191924e+04 3.735216e+04 -1.853876e+05 1.188839e+04 -5.824774e+02 1.410850e+04 -1.085623e+04 3.742711e+04 -1.487702e+05 8.563398e+01
4.949495e-03 -4.400855e+06 -5.127323e+04 -2.160732e+04 1.945025e+06 -2.826609e+04 -8.895995e+05 1.516106e+06 -1.040479e+04 -2.455395e+04 -1.946773e+06 3.389455e+06 -3.444837e+04 -1.514265e+06 -1.330584e+04 -1.961742e+04 6.837428e+05 -2.726579e+04 -2.218322e+06 3.862249e+06 -3.951385e+04 1.727527e+06 1.447646e+04 2.384044e+04 -7.800169e+05 3.862127e+06 4.473607e+04 1.951155e+04 -1.706930e+06 -2.331833e+04 -7.797992e+05 1.328943e+06 -9.660477e+03
5.151515e-03 -1.463477e+09 -6.004667e+06 -5.816033e+06 6.019889e+08 -3.052021e+06 -2.966002e+08 5.547538e+08 -1.930978e+06 -6.157816e+06 -6.026280e+08 1.127194e+09 -3.938580e+06 -5.541092e+08 -2.266824e+06 -2.217264e+06 2.279389e+08 -7.015520e+06 -6.866556e+08 1.284365e+09 -4.488100e+06 6.321177e+08 2.585053e+06 2.531232e+06 -2.600285e+08 1.284388e+09 5.269519e+06 5.105015e+06 -5.283221e+08 -2.673561e+06 -2.599974e+08 4.862926e+08 -1.693370e+06
5.353535e-03 5.577015e+07 1.859398e+04 1.667195e+05 -2.224058e+07 5.583368e+04 1.133151e+07 -2.188182e+07 1.511976e+04 1.695718e+05 2.226542e+07 -4.295430e+07 6.926502e+03 2.185688e+07 1.792179e+04 4.365954e+04 -8.707866e+06 1.945601e+05 2.537056e+07 -4.894471e+07 7.375763e+03 -2.493328e+07 -2.176124e+04 -4.720635e+04 9.933527e+06 -4.894436e+07 -1.683558e+04 -1.452825e+05 1.951853e+07 5.153997e+04 9.933360e+06 -1.918192e+07 1.224237e+04
5.555556e-03 -1.351294e+08 9.452185e+04 -2.611016e+05 5.405730e+07 -3.315262e+05 -2.752859e+07 5.291985e+07 1.171634e+05 -2.703857e+05 -5.412015e+07 1.040786e+08 7.885132e+04 -5.285682e+07 1.080554e+05 -2.399216e+05 2.115311e+07 -2.993707e+05 -6.166696e+07 1.185919e+08 8.637660e+04 6.029942e+07 -1.318303e+05 2.902174e+05 -2.413160e+07 1.185922e+08 -8.642854e+04 2.358635e+05 -4.744177e+07 -2.741133e+05 -2.413082e+07 4.638809e+07 9.612496e+04
5.757576e-03 6.032166e+07 -5.057541e+04 4.817760e+04 -2.450020e+07 2.864490e+05 1.232270e+07 -2.336317e+07 -1.263091e+05 5.755447e+04 2.452969e+07 -4.646216e+07 -4.127065e+04 2.333344e+07 -1.171213e+05 2.015651e+05 -9.467930e+06 5.373158e+04 2.795006e+07 -5.294074e+07 -4.218473e+04 -2.662044e+07 1.452357e+05 -2.518701e+05 1.080170e+07 -5.293985e+07 4.923264e+04 -5.140782e+04 2.150200e+07 2.291967e+05 1.080112e+07 -2.047837e+07 -1.017881e+05
5.959596e-03 4.882486e+06 -1.866785e+04 -1.767286e+03 -1.952794e+06 2.102262e+04 1.000260e+06 -1.944821e+06 -1.634217e+04 -1.679948e+03 1.955275e+06 -3.760732e+06 -1.327278e+04 1.942337e+06 -1.625720e+04 1.487319e+04 -7.684645e+05 -2.941499e+03 2.227889e+06 -4.285065e+06 -1.468763e+04 -2.215971e+06 1.955362e+04 -1.883462e+04 8.767376e+05 -4.285052e+06 1.681974e+04 7.597529e+02 1.713842e+06 1.656290e+04 8.767333e+05 -1.704670e+06 -1.355100e+04
6.161616e-03 2.631416e+05 -1.620453e+04 -4.477510e+02 -4.509646e+04 -1.214386e+04 5.412552e+04 -1.805702e+05 -1.317770e+03 -1.617840e+03 4.524803e+04 -2.026948e+05 -1.104362e+04 1.804389e+05 -2.462186e+03 -8.217966e+03 -4.156821e+04 -1.300534e+03 5.154578e+04 -2.309262e+05 -1.280644e+04 -2.057571e+05 2.278021e+03 1.032315e+04 4.739297e+04 -2.309720e+05 1.399828e+04 8.111313e+02 3.958708e+04 -9.698171e+03 4.747439e+04 -1.583518e+05 -1.562896e+03
6.363636e-03 -4.174156e+06 -2.074740e+04 1.145683e+04 1.869517e+06 -6.962201e+04 -8.600230e+05 1.451499e+06 2.450567e+04 7.693053e+03 -1.871761e+06 3.215236e+06 -1.353955e+04 -1.449196e+06 2.082995e+04 -4.785843e+04 6.606443e+05 1.235762e+04 -2.132728e+06 3.663526e+06 -1.697917e+04 1.653806e+06 -2.727529e+04 6.080285e+04 -7.538988e+05 3.663382e+06 1.665481e+04 -7.288130e+03 -1.640756e+06 -5.483091e+04 -7.536401e+05 1.271917e+06 1.878237e+04
6.565657e-03 2.667020e+06 -6.417620e+03 -1.084071e+04 -1.134644e+06 3.232044e+04 5.512744e+05 -1.019311e+06 -1.952349e+04 -9.757810e+03 1.136148e+06 -2.054389e+06 -4.733691e+03 1.017792e+06 -1.846793e+04 2.233125e+04 -4.234184e+05 -1.297774e+04 1.294532e+06 -2.340771e+06 -4.559736e+03 -1.161384e+06 2.288591e+04 -2.864482e+04 4.831718e+05 -2.340722e+06 6.467284e+03 8.081904e+03 9.958217e+05 2.516596e+04 4.830999e+05 -8.932847e+05 -1.571712e+04
6.767677e-03 -1.496390e+06 -1.584028e+04 7.572609e+03 7.148458e+05 -3.826516e+04 -3.101585e+05 4.742655e+05 1.247500e+04 5.259588e+03 -7.157034e+05 1.152668e+06 -1.053996e+04 -4.733803e+05 1.022144e+04 -2.621345e+04 2.382246e+05 8.056382e+03 -8.154821e+05 1.313376e+06 -1.292873e+04 5.403460e+05 -1.367387e+04 3.332552e+04 -2.718993e+05 1.313287e+06 1.298155e+04 -5.056511e+03 -6.273801e+05 -3.012557e+04 -2.717441e+05 4.154887e+05 9.388545e+03
6.969697e-03 4.112532e+06 5.659692e+03 -2.691117e+04 -1.852029e+06 7.969714e+04 8.553618e+05 -1.483553e+06 -4.100110e+04 -2.323980e+04 1.854497e+06 -3.167978e+06 3.208557e+03 1.481047e+06 -3.743004e+04 5.476910e+04 -6.568829e+05 -3.118833e+04 2.113003e+06 -3.609566e+06 5.828295e+03 -1.690280e+06 4.729219e+04 -7.019501e+04 7.497025e+05 -3.609413e+06 -2.792024e+03 1.999138e+04 1.625451e+06 6.215613e+04 7.494619e+05 -1.299910e+06 -3.241237e+04
7.171717e-03 2.100936e+06 4.963233e+02 -1.657866e+04 -9.493644e+05 4.255143e+04 4.384160e+05 -7.678205e+05 -2.399650e+04 -1.471067e+04 9.506656e+05 -1.618431e+06 -3.457722e+00 7.665030e+05 -2.218203e+04 2.924044e+04 -3.366542e+05 -1.937930e+04 1.083174e+06 -1.844006e+06 1.230013e+03 -8.748086e+05 2.785600e+04 -3.758055e+04 3.842418e+05 -1.843932e+06 7.999119e+02 1.253367e+04 8.332262e+05 3.308195e+04 3.841203e+05 -6.727611e+05 -1.907490e+04
7.373737e-03 1.182495e+06 -2.069837e+03 -1.101309e+04 -5.333277e+05 2.409156e+04 2.476022e+05 -4.428078e+05 -1.532424e+04 -1.005119e+04 5.340840e+05 -9.109416e+05 -1.606581e+03 4.420445e+05 -1.439133e+04 1.656182e+04 -1.901109e+05 -1.300722e+04 6.085214e+05 -1.037893e+06 -1.079977e+03 -5.045062e+05 1.793142e+04 -2.136840e+04 2.169921e+05 -1.037856e+06 2.568097e+03 8.467904e+03 4.680889e+05 1.864660e+04 2.169304e+05 -3.879854e+05 -1.226972e+04
7.575758e-03 8.322119e+05 -2.654257e+03 -8.955135e+03 -3.763559e+05 1.742712e+04 1.748627e+05 -3.171370e+05 -1.208508e+04 -8.305864e+03 3.769047e+05 -6.411141e+05 -1.950522e+03 3.165843e+05 -1.145635e+04 1.198200e+04 -1.342473e+05 -1.063591e+04 4.294318e+05 -7.304528e+05 -1.643865e+03 -3.613229e+05 1.420968e+04 -1.551063e+04 1.532362e+05 -7.304277e+05 2.908793e+03 6.956520e+03 3.303215e+05 1.343700e+04 1.531952e+05 -2.778701e+05 -9.717337e+03
7.777778e-03 6.343220e+05 -2.809738e+03 -7.764908e+03 -2.881708e+05 1.373441e+04 1.337552e+05 -2.454573e+05 -1.022499e+04 -7.282075e+03 2.886016e+05 -4.886763e+05 -2.026007e+03 2.450243e+05 -9.758170e+03 9.443637e+03 -1.026773e+05 -9.256710e+03 3.288197e+05 -5.567662e+05 -1.824601e+03 -2.796543e+05 1.206470e+04 -1.226234e+04 1.172063e+05 -5.567477e+05 2.950400e+03 6.075750e+03 2.529251e+05 1.055213e+04 1.171762e+05 -2.150625e+05 -8.246407e+03
7.979798e-03 5.053670e+05 -2.810982e+03 -6.952422e+03 -2.308858e+05 1.133508e+04 1.069488e+05 -1.983783e+05 -8.972977e+03 -6.573801e+03 2.312389e+05 -3.893398e+05 -2.007008e+03 1.980239e+05 -8.607499e+03 7.794104e+03 -8.209088e+04 -8.310693e+03 2.634611e+05 -4.435831e+05 -1.864361e+03 -2.260148e+05 1.061621e+04 -1.015021e+04 9.371147e+04 -4.435688e+05 2.890005e+03 5.469748e+03 2.026483e+05 8.678979e+03 9.368817e+04 -1.738107e+05 -7.253263e+03
8.181818e-03 4.145714e+05 -2.746913e+03 -6.346653e+03 -1.906192e+05 9.635039e+03 8.805753e+04 -1.649970e+05 -8.055063e+03 -6.039345e+03 1.909169e+05 -3.193977e+05 -1.949328e+03 1.646986e+05 -7.758908e+03 6.625246e+03 -6.758343e+04 -7.602499e+03 2.175187e+05 -3.638920e+05 -1.842137e+03 -1.879819e+05 9.551158e+03 -8.652630e+03 7.715428e+04 -3.638806e+05 2.790220e+03 5.014532e+03 1.673077e+05 7.352698e+03 7.713564e+04 -1.445614e+05 -6.523160e+03
8.383838e-03 3.473815e+05 -2.654065e+03 -5.869637e+03 -1.608405e+05 8.361911e+03 7.406309e+04 -1.401313e+05 -7.344803e+03 -5.613998e+03 1.610968e+05 -2.676393e+05 -1.875622e+03 1.398748e+05 -7.098853e+03 5.749898e+03 -5.683682e+04 -7.042914e+03 1.835421e+05 -3.049195e+05 -1.790759e+03 -1.596511e+05 8.724890e+03 -7.530397e+03 6.488915e+04 -3.049101e+05 2.676084e+03 4.653606e+03 1.411720e+05 6.360178e+03 6.487387e+04 -1.227736e+05 -5.956867e+03
8.585859e-03 2.958749e+05 -2.549463e+03 -5.479830e+03 -1.380100e+05 7.370785e+03 6.332284e+04 -1.209480e+05 -6.774317e+03 -5.263167e+03 1.382340e+05 -2.279619e+05 -1.796285e+03 1.207240e+05 -6.566222e+03 5.068451e+03 -4.858947e+04 -6.584304e+03 1.574927e+05 -2.597121e+05 -1.725783e+03 -1.377947e+05 8.059674e+03 -6.656218e+03 5.547629e+04 -2.597042e+05 2.558824e+03 4.356840e+03 1.211344e+05 5.588038e+03 5.546353e+04 -1.059651e+05 -5.501045e+03
8.787879e-03 2.553253e+05 -2.441623e+03 -5.152666e+03 -1.200234e+05 6.576593e+03 5.485698e+04 -1.057504e+05 -6.303340e+03 -4.966307e+03 1.202215e+05 -1.967248e+05 -1.716403e+03 1.055525e+05 -6.124663e+03 4.522426e+03 -4.208884e+04 -6.198440e+03 1.369697e+05 -2.241214e+05 -1.655173e+03 -1.204795e+05 7.509336e+03 -5.955344e+03 4.805688e+04 -2.241147e+05 2.443740e+03 4.106387e+03 1.053480e+05 4.969732e+03 4.804607e+04 -9.264901e+04 -5.124011e+03
8.989899e-03 2.227243e+05 -2.334950e+03 -4.872492e+03 -1.055449e+05 5.925771e+03 4.804184e+04 -9.345530e+04 -5.906224e+03 -4.710258e+03 1.057220e+05 -1.716107e+05 -1.638523e+03 9.327850e+04 -5.750953e+03 4.074992e+03 -3.685595e+04 -5.867293e+03 1.204494e+05 -1.955072e+05 -1.583197e+03 -1.064712e+05 7.044422e+03 -5.380695e+03 4.208428e+04 -1.955014e+05 2.333333e+03 3.890845e+03 9.264057e+04 4.463366e+03 4.207502e+04 -8.187613e+04 -4.805558e+03
9.191919e-03 1.960620e+05 -2.231724e+03 -4.628756e+03 -9.368441e+04 5.382757e+03 4.246066e+04 -8.333648e+04 -5.565726e+03 -4.486098e+03 9.384412e+04 -1.510712e+05 -1.563897e+03 8.317723e+04 -5.429438e+03 3.701696e+03 -3.257071e+04 -5.578684e+03 1.069161e+05 -1.721053e+05 -1.512183e+03 -9.494250e+04 6.645109e+03 -4.901005e+03 3.719321e+04 -1.721003e+05 2.228701e+03 3.702505e+03 8.223089e+04 4.041135e+03 3.718519e+04 -7.301022e+04 -4.532083e+03
9.393939e-03 1.739435e+05 -2.133078e+03 -4.414026e+03 -8.382542e+04 4.922949e+03 3.782419e+04 -7.488872e+04 -5.269765e+03 -4.287505e+03 8.397043e+04 -1.340319e+05 -1.493087e+03 7.474423e+04 -5.149117e+03 3.385621e+03 -2.901097e+04 -5.324015e+03 9.566639e+04 -1.526915e+05 -1.443395e+03 -8.531771e+04 6.297483e+03 -4.494634e+03 3.313014e+04 -1.526871e+05 2.130212e+03 3.535917e+03 7.357784e+04 3.683807e+03 3.312314e+04 -6.560853e+04 -4.294040e+03
9.595960e-03 1.553708e+05 -2.039502e+03 -4.222878e+03 -7.552754e+04 4.528745e+03 3.392543e+04 -6.774957e+04 -5.009580e+03 -4.109839e+03 7.566002e+04 -1.197240e+05 -1.426276e+03 6.761766e+04 -4.901990e+03 3.114660e+03 -2.601775e+04 -5.096997e+03 8.619787e+04 -1.363899e+05 -1.377488e+03 -7.718389e+04 5.991445e+03 -4.146097e+03 2.971362e+04 -1.363860e+05 2.037848e+03 3.387094e+03 6.629492e+04 3.377627e+03 2.970746e+04 -5.935348e+04 -4.084501e+03
9.797980e-03 1.396117e+05 -1.951122e+03 -4.051241e+03 -6.846812e+04 4.187205e+03 3.061243e+04 -6.165245e+04 -4.778646e+03 -3.949593e+03 6.858981e+04 -1.075835e+05 -1.363441e+03 6.153135e+04 -4.682082e+03 2.879913e+03 -2.347436e+04 -4.892903e+03 7.814240e+04 -1.225577e+05 -1.314766e+03 -7.023730e+04 5.719458e+03 -3.844004e+03 2.681048e+04 -1.225542e+05 1.951393e+03 3.253027e+03 6.009895e+04 3.112486e+03 2.680503e+04 -5.401146e+04 -3.898298e+03
1.000000e-02 1.261173e+05 -1.867863e+03 -3.895983e+03 -6.240559e+04 3.888589e+03 2.777126e+04 -5.639704e+04 -4.571983e+03 -3.804057e+03 6.251790e+04 -9.718760e+04 -1.304447e+03 5.628533e+04 -4.484824e+03 2.674684e+03 -2.129329e+04 -4.708086e+03 7.122439e+04 -1.107132e+05 -1.255320e+03 -6.424972e+04 5.475768e+03 -3.579781e+03 2.432086e+04 -1.107102e+05 1.870534e+03 3.131397e+03 5.477793e+04 2.880781e+03 2.431602e+04 -4.940696e+04 -3.731481e+03
