-1.000000e-02 -1.333704e+05 -1.775495e+03 4.072845e+03 -6.825366e+04 3.928848e+03 -3.263022e+04 -6.209079e+04 4.753458e+03 3.973874e+03 6.836855e+04 1.027753e+05 -1.242297e+03 6.197658e+04 4.659259e+03 2.702472e+03 2.503089e+04 4.917617e+03 7.788956e+04 1.170793e+05 -1.171455e+03 -7.073613e+04 -5.690834e+03 -3.622309e+03 -2.858233e+04 1.170764e+05 1.802521e+03 -3.274268e+03 5.991135e+04 2.905249e+03 -2.857763e+04 -5.440273e+04 3.878181e+03
-9.797980e-03 -1.483934e+05 -1.853439e+03 4.247385e+03 -7.530093e+04 4.248291e+03 -3.616888e+04 -6.827271e+04 4.983152e+03 4.137356e+03 7.542603e+04 1.143488e+05 -1.297907e+03 6.814827e+04 4.878235e+03 2.922060e+03 2.774817e+04 5.125139e+03 8.593043e+04 1.302654e+05 -1.225612e+03 -7.777928e+04 -5.961507e+03 -3.905286e+03 -3.168351e+04 1.302622e+05 1.880150e+03 -3.411082e+03 6.609672e+04 3.152840e+03 -3.167819e+04 -5.981974e+04 4.063489e+03
-9.595960e-03 -1.660938e+05 -1.935518e+03 4.441854e+03 -8.358310e+04 4.616829e+03 -4.033264e+04 -7.551379e+04 5.241800e+03 4.318745e+03 8.372007e+04 1.279849e+05 -1.356748e+03 7.537747e+04 5.124198e+03 3.175415e+03 3.094559e+04 5.356079e+03 9.538021e+04 1.458016e+05 -1.282067e+03 -8.602916e+04 -6.265913e+03 -4.231603e+03 -3.533260e+04 1.457979e+05 1.962792e+03 -3.563065e+03 7.336593e+04 3.438655e+03 -3.532654e+04 -6.616491e+04 4.271913e+03
-9.393939e-03 -1.871661e+05 -2.021437e+03 4.660388e+03 -9.342065e+04 5.046461e+03 -4.528315e+04 -8.408465e+04 5.535801e+03 4.521633e+03 9.357154e+04 1.442185e+05 -1.418726e+03 8.393437e+04 5.403015e+03 3.470789e+03 3.474732e+04 5.615246e+03 1.066045e+05 1.642972e+05 -1.340379e+03 -9.579413e+04 -6.611443e+03 -4.611824e+03 -3.967129e+04 1.642930e+05 2.050525e+03 -3.733294e+03 8.200025e+04 3.772061e+03 -3.966434e+04 -7.367541e+04 4.508526e+03
-9.191919e-03 -2.125551e+05 -2.110503e+03 4.908477e+03 -1.052501e+05 5.553462e+03 -5.124026e+04 -9.435269e+04 5.873713e+03 4.750757e+03 1.054176e+05 1.637775e+05 -1.483511e+03 9.418583e+04 5.722514e+03 3.819380e+03 3.932224e+04 5.909007e+03 1.201013e+05 1.865817e+05 -1.399719e+03 -1.074928e+05 -7.007974e+03 -5.060279e+03 -4.489228e+04 1.865768e+05 2.143192e+03 -3.925843e+03 9.238283e+04 4.165773e+03 -4.488424e+04 -8.267321e+04 4.780103e+03
-8.989899e-03 -2.435787e+05 -2.201338e+03 5.193614e+03 -1.196812e+05 6.160522e+03 -5.851047e+04 -1.068291e+05 6.267298e+03 5.012548e+03 1.198685e+05 1.876769e+05 -1.550360e+03 1.066423e+05 6.093419e+03 4.236792e+03 4.490579e+04 6.246036e+03 1.365662e+05 2.138115e+05 -1.458612e+03 -1.217075e+05 -7.469057e+03 -5.596932e+03 -5.126424e+04 2.138059e+05 2.240213e+03 -4.146249e+03 1.050488e+05 4.637519e+03 -5.125486e+04 -9.360632e+04 5.095942e+03
-8.787879e-03 -2.821299e+05 -2.291354e+03 5.526379e+03 -1.375913e+05 6.900304e+03 -6.753408e+04 -1.222467e+05 6.733253e+03 5.316031e+03 1.378030e+05 2.173750e+05 -1.617797e+03 1.220353e+05 6.530912e+03 4.745491e+03 5.183620e+04 6.638553e+03 1.570001e+05 2.476484e+05 -1.514467e+03 -1.392733e+05 -8.013902e+03 -6.250515e+03 -5.917312e+04 2.476417e+05 2.340227e+03 -4.402307e+03 1.207681e+05 5.212834e+03 -5.916205e+04 -1.071169e+05 5.469227e+03
-8.585859e-03 -3.310303e+05 -2.375775e+03 5.922357e+03 -1.602909e+05 7.821764e+03 -7.896720e+04 -1.416947e+05 7.296263e+03 5.674423e+03 1.605332e+05 2.550454e+05 -1.682994e+03 1.414526e+05 7.057371e+03 5.379145e+03 6.061749e+04 7.104515e+03 1.828981e+05 2.905687e+05 -1.562701e+03 -1.614311e+05 -8.670870e+03 -7.064071e+03 -6.919406e+04 2.905607e+05 2.440406e+03 -4.705460e+03 1.406911e+05 5.930000e+03 -6.918079e+04 -1.241595e+05 5.919421e+03
-8.383838e-03 -3.946871e+05 -2.445666e+03 6.405774e+03 -1.898319e+05 9.002107e+03 -9.383458e+04 -1.668694e+05 7.994758e+03 6.108162e+03 1.901133e+05 3.040829e+05 -1.740528e+03 1.665878e+05 7.707534e+03 6.190840e+03 7.203685e+04 7.671780e+03 2.166009e+05 3.464406e+05 -1.594986e+03 -1.901136e+05 -9.484050e+03 -8.105459e+03 -8.222531e+04 3.464309e+05 2.535058e+03 -5.073453e+03 1.666184e+05 6.849406e+03 -8.220913e+04 -1.462207e+05 6.476780e+03
-8.181818e-03 -4.804233e+05 -2.483628e+03 7.017083e+03 -2.296340e+05 1.057157e+04 -1.138391e+05 -2.005804e+05 8.892797e+03 6.651211e+03 2.299674e+05 3.701286e+05 -1.779661e+03 2.002464e+05 8.539132e+03 7.270115e+03 8.740242e+04 8.386756e+03 2.620098e+05 4.216914e+05 -1.595449e+03 -2.285221e+05 -1.052683e+04 -9.489111e+03 -9.975957e+04 4.216793e+05 2.612556e+03 -5.535848e+03 2.015516e+05 8.072944e+03 -9.973937e+04 -1.757627e+05 7.191673e+03
-7.979798e-03 -6.015101e+05 -2.453296e+03 7.830835e+03 -2.859177e+05 1.277135e+04 -1.420674e+05 -2.479005e+05 1.010778e+04 7.365923e+03 2.863238e+05 4.634056e+05 -1.777648e+03 2.474931e+05 9.657682e+03 8.782752e+03 1.090853e+05 9.334789e+03 3.262211e+05 5.279693e+05 -1.531414e+03 -2.824360e+05 -1.193356e+04 -1.142688e+04 -1.245026e+05 5.279537e+05 2.647753e+03 -6.147059e+03 2.509501e+05 9.789343e+03 -1.244765e+05 -2.172310e+05 8.156283e+03
-7.777778e-03 -7.853758e+05 -2.268891e+03 9.006086e+03 -3.715976e+05 1.611508e+04 -1.849014e+05 -3.192669e+05 1.188766e+04 8.385005e+03 3.721129e+05 6.050425e+05 -1.680300e+03 3.187491e+05 1.128545e+04 1.108169e+04 1.419879e+05 1.069763e+04 4.239678e+05 6.893478e+05 -1.326649e+03 -3.637470e+05 -1.398760e+04 -1.436978e+04 -1.620485e+05 6.893268e+05 2.579872e+03 -7.023151e+03 3.261486e+05 1.240052e+04 -1.620131e+05 -2.797721e+05 9.565038e+03
-7.575758e-03 -1.103115e+06 -1.678492e+03 1.097629e+04 -5.203388e+05 2.198847e+04 -2.588934e+05 -4.415901e+05 1.489768e+04 1.006985e+04 5.210414e+05 8.498048e+05 -1.327173e+03 4.408828e+05 1.401745e+04 1.511878e+04 1.988252e+05 1.296985e+04 5.936549e+05 9.682265e+05 -7.589351e+02 -5.031156e+05 -1.744857e+04 -1.953434e+04 -2.269069e+05 9.681954e+05 2.227269e+03 -8.480771e+03 4.566936e+05 1.699067e+04 -2.268545e+05 -3.869684e+05 1.193899e+04
-7.373737e-03 -1.863278e+06 5.537813e+02 1.576523e+04 -8.792971e+05 3.673258e+04 -4.359531e+05 -7.309085e+05 2.217724e+04 1.411016e+04 8.804475e+05 1.435378e+06 7.409868e+01 7.297472e+05 2.056763e+04 2.524787e+04 3.348343e+05 1.845820e+04 1.003158e+06 1.635421e+06 1.256969e+03 -8.327484e+05 -2.578479e+04 -3.248651e+04 -3.821121e+05 1.635364e+06 6.879113e+02 -1.200222e+04 7.717386e+05 2.851992e+04 -3.820150e+05 -6.405043e+05 1.765636e+04
-7.171717e-03 -1.006497e+07 3.356260e+04 7.029141e+04 -4.795229e+06 2.067785e+05 -2.347772e+06 -3.812680e+06 1.037686e+05 5.968381e+04 4.801253e+06 7.753413e+06 2.123882e+04 3.806572e+06 9.343758e+04 1.419973e+05 1.803378e+06 8.061972e+04 5.470471e+06 8.834107e+06 3.026244e+04 -4.343910e+06 -1.189022e+05 -1.817507e+05 -2.057963e+06 8.833705e+06 -2.338602e+04 -5.197320e+04 4.208615e+06 1.615227e+05 -2.057337e+06 -3.341055e+06 8.150341e+04
-6.969697e-03 -1.209761e+06 -6.914854e+03 7.091512e+03 -5.341536e+05 1.290967e+04 -2.814408e+05 -5.104007e+05 1.106027e+04 6.837132e+03 5.348598e+05 9.319079e+05 -4.875146e+03 5.096917e+05 1.081272e+04 8.947374e+03 2.161862e+05 8.660433e+03 6.094096e+05 1.061790e+06 -5.132646e+03 -5.815350e+05 -1.318545e+04 -1.160665e+04 -2.466729e+05 1.061779e+06 6.491407e+03 -5.553585e+03 4.688105e+05 9.918540e+03 -2.466583e+05 -4.473460e+05 9.041691e+03
-6.767677e-03 2.129211e+06 -1.799568e+04 -9.058585e+03 1.032024e+06 -4.544841e+04 4.937755e+05 7.597089e+05 -1.568008e+04 -6.306389e+03 -1.033206e+06 -1.640129e+06 -1.192605e+04 -7.584958e+05 -1.299235e+04 -3.117195e+04 -3.793490e+05 -9.682941e+03 -1.177243e+06 -1.868785e+06 -1.473801e+04 8.655731e+05 1.726263e+04 3.959242e+04 4.328810e+05 -1.868691e+06 1.464308e+04 6.026509e+03 -9.057547e+05 -3.581277e+04 4.327118e+05 6.657272e+05 -1.186930e+04
-6.565657e-03 -4.713630e+06 -5.504938e+03 1.458910e+04 -2.099449e+06 5.046820e+04 -1.090339e+06 -1.905289e+06 2.904644e+04 1.267394e+04 2.102014e+06 3.630869e+06 -4.369336e+03 1.902698e+06 2.717486e+04 3.491638e+04 8.376843e+05 1.733444e+04 2.395042e+06 4.137017e+06 -3.648739e+03 -2.170852e+06 -3.383289e+04 -4.461900e+04 -9.557571e+05 4.136936e+06 6.162642e+03 -1.057517e+04 1.842586e+06 3.945880e+04 -9.556412e+05 -1.669940e+06 2.328532e+04
-6.363636e-03 1.065634e+06 -1.746572e+04 -1.878177e+03 5.403405e+05 -2.632319e+04 2.457589e+05 3.433402e+05 -4.973909e+03 -1.981415e+01 -5.408851e+05 -8.208226e+05 -1.173132e+04 -3.427683e+05 -3.154628e+03 -1.801984e+04 -1.888397e+05 -1.327708e+03 -6.163031e+05 -9.352844e+05 -1.394342e+04 3.911843e+05 4.877033e+03 2.274064e+04 2.154856e+05 -9.352194e+05 1.475137e+04 6.430434e+02 -4.742178e+05 -2.089349e+04 2.153685e+05 3.008452e+05 -3.377943e+03
-6.161616e-03 -7.741848e+06 -1.728748e+04 4.114126e+03 -3.322917e+06 4.203837e+04 -1.781318e+06 -3.214087e+06 2.648871e+04 3.089641e+03 3.326849e+06 5.963255e+06 -1.268058e+04 3.210136e+06 2.548541e+04 2.949869e+04 1.368751e+06 5.648038e+03 3.790671e+06 6.794630e+06 -1.350629e+04 -3.662157e+06 -3.115970e+04 -3.731431e+04 -1.561499e+06 6.794574e+06 1.611542e+04 -1.971897e+03 2.916330e+06 3.319210e+04 -1.561437e+06 -2.817372e+06 2.161635e+04
-5.959596e-03 7.220984e+06 -2.272017e+04 4.663355e+03 3.218312e+06 -5.935729e+04 1.657109e+06 2.835399e+06 -1.544865e+04 8.049015e+03 -3.221802e+06 -5.561916e+06 -1.461236e+04 -2.831846e+06 -1.212689e+04 -4.116179e+04 -1.273427e+06 6.533379e+03 -3.671031e+06 -6.337446e+06 -1.777964e+04 3.230693e+06 1.642348e+04 5.157300e+04 1.452765e+06 -6.337333e+06 1.880873e+04 -6.124562e+03 -2.824482e+06 -4.742134e+04 1.452545e+06 2.485353e+06 -1.155254e+04
-5.757576e-03 -1.581157e+07 -6.185238e+04 -3.142675e+04 -6.458227e+06 -1.387427e+04 -3.619739e+06 -6.830412e+06 1.156891e+04 -2.834760e+04 6.465704e+06 1.217862e+07 -4.375180e+04 6.822997e+06 1.459337e+04 -7.710445e+03 2.781789e+06 -3.369504e+04 7.367209e+06 1.387667e+07 -5.043525e+04 -7.782817e+06 -1.527578e+04 1.129049e+04 -3.173122e+06 1.387675e+07 5.369975e+04 2.650666e+04 5.667951e+06 -9.670575e+03 -3.173327e+06 -5.988048e+06 1.119537e+04
-5.555556e-03 1.481478e+07 -4.811244e+04 4.401934e+04 6.449769e+06 -5.381588e+04 3.383236e+06 5.954632e+06 5.125802e+03 4.809678e+04 -6.456406e+06 -1.141065e+07 -3.117275e+04 -5.947903e+06 9.135130e+03 -3.810047e+04 -2.600244e+06 5.349386e+04 -7.356736e+06 -1.300185e+07 -3.605540e+04 6.784924e+06 -9.131741e+03 4.586102e+04 2.966150e+06 -1.300172e+07 4.168803e+04 -3.964110e+04 -5.660435e+06 -4.478083e+04 2.965877e+06 5.220040e+06 5.483830e+03
-5.353535e-03 3.812500e+07 -1.884995e+05 1.542072e+05 1.669994e+07 -1.064891e+05 8.686288e+06 1.523278e+07 5.704774e+04 1.657964e+05 -1.671635e+07 -2.936433e+07 -1.243970e+05 -1.521611e+07 6.845385e+04 -7.609862e+04 -6.676430e+06 1.880062e+05 -1.904747e+07 -3.345925e+07 -1.421078e+05 1.735692e+07 -7.718740e+04 8.851478e+04 7.615747e+06 -3.345906e+07 1.650660e+05 -1.360361e+05 -1.465612e+07 -9.164702e+04 7.614930e+06 1.335396e+07 5.070100e+04
-5.151515e-03 -9.403830e+07 7.022873e+05 -4.757860e+05 -4.183388e+07 2.451968e+05 -2.137613e+07 -3.700271e+07 -2.450494e+05 -5.122902e+05 4.187123e+07 7.242629e+07 4.687254e+05 3.696412e+07 -2.810337e+05 1.752915e+05 1.643156e+07 -5.844671e+05 4.771203e+07 8.252935e+07 5.338318e+05 -4.216285e+07 3.212647e+05 -1.985663e+05 -1.874256e+07 8.252634e+07 -6.165932e+05 4.169905e+05 3.671266e+07 2.163409e+05 -1.874041e+07 -3.244023e+07 -2.142923e+05
-4.949495e-03 3.996957e+07 -4.580583e+05 2.431497e+05 1.833603e+07 -1.451966e+05 9.065823e+06 1.517765e+07 1.475811e+05 2.659666e+05 -1.835155e+07 -3.078420e+07 -3.078781e+05 -1.516150e+07 1.700840e+05 -1.021870e+05 -6.969116e+06 3.024713e+05 -2.091107e+07 -3.507773e+07 -3.510426e+05 1.729428e+07 -1.934266e+05 1.177315e+05 7.949448e+06 -3.507729e+07 4.017673e+05 -2.138427e+05 -1.609170e+07 -1.261221e+05 7.947818e+06 1.330590e+07 1.298290e+05
-4.747475e-03 3.302046e+06 -6.200537e+04 2.346870e+04 1.610577e+06 -2.437802e+04 7.473030e+05 1.145791e+06 1.589586e+04 2.667432e+04 -1.611750e+06 -2.543135e+06 -4.187862e+04 -1.144512e+06 1.906172e+04 -1.684358e+04 -5.745255e+05 2.989475e+04 -1.836591e+06 -2.897913e+06 -4.790641e+04 1.305573e+06 -2.124835e+04 2.023645e+04 6.553538e+05 -2.897791e+06 5.422861e+04 -2.098119e+04 -1.413405e+06 -2.034931e+04 6.551334e+05 1.004441e+06 1.431566e+04
-4.545455e-03 1.048667e+05 -1.423415e+04 1.038626e+03 1.048650e+05 -1.110098e+04 2.363045e+04 -3.583065e+04 8.503885e+02 1.963472e+03 -1.048843e+05 -8.076176e+04 -9.667812e+03 3.588253e+04 1.765001e+03 -7.555298e+03 -1.817793e+04 1.804874e+03 -1.195223e+05 -9.204635e+04 -1.117339e+04 -4.084023e+04 -1.585813e+03 9.531963e+03 2.075741e+04 -9.201021e+04 1.233445e+04 -1.244583e+03 -9.202184e+04 -8.819093e+03 2.069310e+04 -3.148147e+04 1.073949e+03
-4.343434e-03 -3.710632e+06 7.144794e+04 -3.305757e+04 -1.800157e+06 7.059822e+03 -8.364902e+05 -1.360728e+06 -2.501191e+04 -3.581930e+04 1.801324e+06 2.857725e+06 4.830479e+04 1.359449e+06 -2.774441e+04 5.069150e+03 6.431641e+05 -4.119551e+04 2.052649e+06 3.256433e+06 5.491046e+04 -1.550524e+06 3.201997e+04 -4.953381e+03 -7.335811e+05 3.256314e+06 -6.283398e+04 2.871844e+04 1.579747e+06 7.017234e+03 -7.333900e+05 -1.193043e+06 -2.164085e+04
-4.141414e-03 3.029500e+05 -1.838968e+04 3.251786e+03 2.016275e+05 -1.012699e+04 6.810691e+04 3.611132e+04 2.661563e+03 4.239441e+03 -2.016996e+05 -2.333110e+05 -1.248120e+04 -3.599837e+04 3.640182e+03 -6.906464e+03 -5.238003e+04 4.496638e+03 -2.298470e+05 -2.658795e+05 -1.433845e+04 4.113724e+04 -3.821117e+03 8.637340e+03 5.976274e+04 -2.658405e+05 1.602205e+04 -3.111108e+03 -1.769357e+05 -8.119557e+03 5.969268e+04 3.159996e+04 2.587713e+03
-3.939394e-03 -2.233271e+06 5.913068e+04 -2.382634e+04 -1.150969e+06 3.306018e+03 -5.015842e+05 -7.854319e+05 -1.928296e+04 -2.589995e+04 1.151564e+06 1.719899e+06 4.006099e+04 7.847403e+05 -2.133847e+04 2.390423e+03 3.857094e+05 -2.981150e+04 1.312257e+06 1.959891e+06 4.555070e+04 -8.949952e+05 2.463296e+04 -2.023053e+03 -4.399212e+05 1.959804e+06 -5.199045e+04 2.067965e+04 1.010027e+06 3.601288e+03 -4.397743e+05 -6.886745e+05 -1.667984e+04
-3.737374e-03 -1.108846e+06 3.027190e+04 -1.264859e+04 -5.764007e+05 -1.511842e+03 -2.486298e+05 -4.050915e+05 -1.044827e+04 -1.356893e+04 5.766737e+05 8.539408e+05 2.051715e+04 4.047718e+05 -1.136123e+04 -9.620247e+02 1.912004e+05 -1.572827e+04 6.571493e+05 9.731015e+05 2.329241e+04 -4.616055e+05 1.322177e+04 1.753751e+03 -2.180655e+05 9.730626e+05 -2.665277e+04 1.089494e+04 5.058139e+05 -6.696266e+02 -2.179998e+05 -3.552162e+05 -8.958128e+03
-3.535354e-03 -7.595287e+05 2.219595e+04 -9.209433e+03 -4.028033e+05 -2.697133e+03 -1.700334e+05 -2.846129e+05 -7.740837e+03 -9.808990e+03 4.029734e+05 5.849193e+05 1.505057e+04 2.844097e+05 -8.336011e+03 -1.792024e+03 1.307645e+05 -1.141630e+04 4.592126e+05 6.665434e+05 1.707375e+04 -3.243226e+05 9.744165e+03 2.660791e+03 -1.491336e+05 6.665179e+05 -1.955500e+04 7.898002e+03 3.534726e+05 -1.748420e+03 -1.490905e+05 -2.495872e+05 -6.605208e+03
-3.333333e-03 -5.691436e+05 1.800797e+04 -7.289770e+03 -3.098899e+05 -3.209488e+03 -1.272197e+05 -2.186528e+05 -6.217078e+03 -7.725389e+03 3.100042e+05 4.382975e+05 1.221619e+04 2.185123e+05 -6.649808e+03 -2.153361e+03 9.784298e+04 -9.017880e+03 3.532715e+05 4.994633e+05 1.385301e+04 -2.491621e+05 7.797106e+03 3.039138e+03 -1.115847e+05 4.994447e+05 -1.587069e+04 6.231948e+03 2.719360e+05 -2.231373e+03 -1.115532e+05 -1.917562e+05 -5.287551e+03
-3.131313e-03 -4.463171e+05 1.538237e+04 -6.004507e+03 -2.509101e+05 -3.464776e+03 -9.962194e+04 -1.762227e+05 -5.183988e+03 -6.338937e+03 2.509889e+05 3.437053e+05 1.043924e+04 1.761219e+05 -5.516415e+03 -2.335121e+03 7.662119e+04 -7.416543e+03 2.860218e+05 3.916724e+05 1.183595e+04 -2.008137e+05 6.483200e+03 3.217436e+03 -8.738036e+04 3.916580e+05 -1.355873e+04 5.120566e+03 2.201780e+05 -2.484175e+03 -8.735600e+04 -1.545549e+05 -4.398066e+03
-2.929293e-03 -3.598675e+05 1.356905e+04 -5.059573e+03 -2.100969e+05 -3.596805e+03 -8.021767e+04 -1.466165e+05 -4.413686e+03 -5.325063e+03 2.101514e+05 2.771285e+05 9.211942e+03 1.465428e+05 -4.677747e+03 -2.430481e+03 6.169950e+04 -6.241937e+03 2.394861e+05 3.158057e+05 1.044419e+04 -1.670776e+05 5.507589e+03 3.301145e+03 -7.036188e+04 3.157942e+05 -1.196065e+04 4.306173e+03 1.843623e+05 -2.624959e+03 -7.034243e+04 -1.285967e+05 -3.737338e+03
-2.727273e-03 -2.955682e+05 1.224090e+04 -4.322995e+03 -1.803267e+05 -3.662830e+03 -6.580190e+04 -1.249050e+05 -3.804583e+03 -4.538477e+03 1.803638e+05 2.276106e+05 8.312920e+03 1.248509e+05 -4.019028e+03 -2.479383e+03 5.061354e+04 -5.328115e+03 2.055421e+05 2.593779e+05 9.425613e+03 -1.423376e+05 4.738981e+03 3.335195e+03 -5.771838e+04 2.593685e+05 -1.078924e+04 3.673250e+03 1.582374e+05 -2.704549e+03 -5.770250e+04 -1.095603e+05 -3.216592e+03
-2.525253e-03 -2.458226e+05 1.122944e+04 -3.724868e+03 -1.578290e+05 -3.691382e+03 -5.466303e+04 -1.084405e+05 -3.303048e+03 -3.902424e+03 1.578530e+05 1.893010e+05 7.628171e+03 1.084010e+05 -3.479842e+03 -2.501771e+03 4.204725e+04 -4.587308e+03 1.798903e+05 2.157224e+05 8.650441e+03 -1.235763e+05 4.108169e+03 3.341840e+03 -4.794875e+04 2.157146e+05 -9.896494e+03 3.160686e+03 1.384945e+05 -2.748449e+03 -4.793559e+04 -9.512415e+04 -2.789035e+03
-2.323232e-03 -2.061471e+05 1.043808e+04 -3.223977e+03 -1.403972e+05 -3.698097e+03 -4.579084e+04 -9.565539e+04 -2.877479e+03 -3.371770e+03 1.404113e+05 1.587468e+05 7.092355e+03 9.562701e+04 -3.024710e+03 -2.508595e+03 3.522386e+04 -3.967844e+03 1.600147e+05 1.809044e+05 8.044321e+03 -1.090077e+05 3.574443e+03 3.333187e+03 -4.016700e+04 1.808979e+05 -9.197567e+03 2.732499e+03 1.231973e+05 -2.770755e+03 -4.015600e+04 -8.391398e+04 -2.427145e+03
-2.121212e-03 -1.737032e+05 9.807151e+03 -2.794106e+03 -1.266472e+05 -3.692115e+03 -3.854579e+04 -8.555727e+04 -2.507739e+03 -2.917888e+03 1.266537e+05 1.337620e+05 6.665104e+03 8.553754e+04 -2.631106e+03 -2.506275e+03 2.965164e+04 -3.436900e+03 1.443373e+05 1.524327e+05 7.561336e+03 -9.750084e+04 3.111916e+03 3.316245e+03 -3.381230e+04 1.524272e+05 -8.640009e+03 2.365838e+03 1.111311e+05 -2.779789e+03 -3.380304e+04 -7.505970e+04 -2.113419e+03
-1.919192e-03 -1.465967e+05 9.297704e+03 -2.417600e+03 -1.156660e+05 -3.679033e+03 -3.250123e+04 -7.748665e+04 -2.180219e+03 -2.521549e+03 1.156664e+05 1.128876e+05 6.320070e+03 7.747371e+04 -2.283862e+03 -2.498746e+03 2.500252e+04 -2.972401e+03 1.318169e+05 1.286451e+05 7.171527e+03 -8.830430e+04 2.703123e+03 3.295257e+03 -2.851043e+04 1.286405e+05 -8.189568e+03 2.045336e+03 1.014946e+05 -2.780706e+03 -2.850263e+04 -6.798310e+04 -1.836051e+03
-1.717172e-03 -1.235098e+05 8.883226e+03 -2.082013e+03 -1.068278e+05 -3.662393e+03 -2.736038e+04 -7.098890e+04 -1.885277e+03 -2.169234e+03 1.068235e+05 9.510883e+04 6.039318e+03 7.098136e+04 -1.972274e+03 -2.488512e+03 2.104830e+04 -2.558801e+03 1.217399e+05 1.083850e+05 6.854512e+03 -8.090006e+04 2.335721e+03 3.272873e+03 -2.400113e+04 1.083811e+05 -7.822926e+03 1.760176e+03 9.373868e+04 -2.776814e+03 -2.399456e+04 -6.228560e+04 -1.586690e+03
-1.515152e-03 -1.034929e+05 8.545098e+03 -1.778232e+03 -9.969122e+04 -3.644498e+03 -2.290949e+04 -6.574190e+04 -1.615810e+03 -1.851071e+03 9.968307e+04 7.969439e+04 5.810256e+03 6.573865e+04 -1.688486e+03 -2.477200e+03 1.762464e+04 -2.184735e+03 1.136031e+05 9.081907e+04 6.595984e+03 -7.492104e+04 2.000633e+03 3.250790e+03 -2.009695e+04 9.081581e+04 -7.523700e+03 1.502455e+03 8.747601e+04 -2.770295e+03 -2.009144e+04 -5.768476e+04 -1.359200e+03
-1.313131e-03 -8.584084e+04 8.269933e+03 -1.499359e+03 -9.393819e+04 -3.626869e+03 -1.898988e+04 -6.151268e+04 -1.366404e+03 -1.559607e+03 9.392703e+04 6.610119e+04 5.623828e+03 6.151284e+04 -1.426535e+03 -2.465891e+03 1.460951e+04 -1.841605e+03 1.070438e+05 7.532854e+04 6.385660e+03 -7.010178e+04 1.690956e+03 3.230107e+03 -1.665871e+04 7.532583e+04 -7.280107e+03 1.266196e+03 8.242750e+04 -2.762615e+03 -1.665415e+04 -5.397633e+04 -1.148910e+03
-1.111111e-03 -7.001475e+04 8.047951e+03 -1.240011e+03 -8.933628e+04 -3.610528e+03 -1.548034e+04 -5.813045e+04 -1.132803e+03 -1.289042e+03 8.932275e+04 5.391420e+04 5.473418e+03 5.813331e+04 -1.181749e+03 -2.455315e+03 1.190971e+04 -1.522714e+03 1.017970e+05 6.144044e+04 6.216031e+03 -6.624767e+04 1.401274e+03 3.211546e+03 -1.358012e+04 6.143823e+04 -7.083536e+03 1.046746e+03 7.838915e+04 -2.754778e+03 -1.357639e+04 -5.101057e+04 -9.521564e+02
-9.090909e-04 -5.559121e+04 7.871952e+03 -9.958660e+02 -8.571439e+04 -3.596164e+03 -1.228568e+04 -5.546923e+04 -9.115597e+02 -1.034726e+03 8.569902e+04 4.280736e+04 5.354155e+03 5.547420e+04 -9.503611e+02 -2.445963e+03 9.452050e+03 -1.222684e+03 9.766754e+04 4.878319e+04 6.081568e+03 -6.321516e+04 1.127211e+03 3.195585e+03 -1.077768e+04 4.878144e+04 -6.927645e+03 8.403712e+02 7.521081e+04 -2.747472e+03 -1.077472e+04 -4.867703e+04 -7.659778e+02
-7.070707e-04 -4.222787e+04 7.736644e+03 -7.633458e+02 -8.294691e+04 -3.584242e+03 -9.328971e+03 -5.343635e+04 -6.998018e+02 -7.928234e+02 8.293015e+04 3.251699e+04 5.262460e+03 5.344291e+04 -7.292399e+02 -2.438170e+03 7.177374e+03 -9.370715e+02 9.451225e+04 3.705636e+04 5.978210e+03 -6.089865e+04 8.651262e+02 3.182537e+03 -8.183943e+03 3.705503e+04 -6.807770e+03 6.439886e+02 7.278224e+04 -2.741174e+03 -8.181695e+03 -4.689444e+04 -5.879097e+02
-5.050505e-04 -2.963924e+04 7.638197e+03 -5.394013e+02 -8.094310e+04 -3.575074e+03 -6.546100e+03 -5.196479e+04 -4.950618e+02 -5.600702e+02 8.092533e+04 2.282324e+04 5.195741e+03 5.197249e+04 -5.157056e+02 -2.432161e+03 5.036376e+03 -6.620913e+02 9.222765e+04 2.600939e+04 5.903019e+03 -5.922177e+04 6.118977e+02 3.172608e+03 -5.742664e+03 2.600845e+04 -6.720539e+03 4.549726e+02 7.102383e+04 -2.736209e+03 -5.741085e+03 -4.560406e+04 -4.158386e+02
-3.030303e-04 -1.757891e+04 7.573954e+03 -3.213474e+02 -7.964005e+04 -3.568863e+03 -3.881755e+03 -5.100804e+04 -2.951531e+02 -3.335979e+02 7.962164e+04 1.353635e+04 5.152202e+03 5.101649e+04 -3.073898e+02 -2.428083e+03 2.986525e+03 -3.944125e+02 9.074202e+04 1.542605e+04 5.853957e+03 -5.813154e+04 3.647632e+02 3.165925e+03 -3.405338e+03 1.542550e+04 -6.663609e+03 2.710149e+02 6.988036e+04 -2.732791e+03 -3.404402e+03 -4.476511e+04 -2.478945e+02
-1.010101e-04 -5.825996e+03 7.542239e+03 -1.067379e+02 -7.899812e+04 -3.565729e+03 -1.286373e+03 -5.053677e+04 -9.807377e+01 -1.107967e+02 7.897939e+04 4.486210e+03 5.130706e+03 5.054558e+04 -1.021281e+02 -2.426023e+03 9.897056e+02 -1.310026e+02 9.001014e+04 5.112495e+03 5.829738e+03 -5.759451e+04 1.211961e+02 3.162567e+03 -1.128495e+03 5.112311e+03 -6.635502e+03 9.001397e+01 6.931704e+04 -2.731051e+03 -1.128184e+03 -4.435186e+04 -8.236629e+01
1.010101e-04 5.825996e+03 7.542239e+03 1.067379e+02 -7.899812e+04 -3.565729e+03 1.286373e+03 -5.053677e+04 9.807377e+01 1.107967e+02 7.897939e+04 -4.486210e+03 5.130706e+03 5.054558e+04 1.021281e+02 -2.426023e+03 -9.897056e+02 1.310026e+02 9.001014e+04 -5.112495e+03 5.829738e+03 -5.759451e+04 -1.211961e+02 3.162567e+03 1.128495e+03 -5.112311e+03 -6.635502e+03 -9.001397e+01 6.931704e+04 -2.731051e+03 1.128184e+03 -4.435186e+04 8.236629e+01
3.030303e-04 1.757891e+04 7.573954e+03 3.213474e+02 -7.964005e+04 -3.568863e+03 3.881755e+03 -5.100804e+04 2.951531e+02 3.335979e+02 7.962164e+04 -1.353635e+04 5.152202e+03 5.101649e+04 3.073898e+02 -2.428083e+03 -2.986525e+03 3.944125e+02 9.074202e+04 -1.542605e+04 5.853957e+03 -5.813154e+04 -3.647632e+02 3.165925e+03 3.405338e+03 -1.542550e+04 -6.663609e+03 -2.710149e+02 6.988036e+04 -2.732791e+03 3.404402e+03 -4.476511e+04 2.478945e+02
5.050505e-04 2.963924e+04 7.638197e+03 5.394013e+02 -8.094310e+04 -3.575074e+03 6.546100e+03 -5.196479e+04 4.950618e+02 5.600702e+02 8.092533e+04 -2.282324e+04 5.195741e+03 5.197249e+04 5.157056e+02 -2.432161e+03 -5.036376e+03 6.620913e+02 9.222765e+04 -2.600939e+04 5.903019e+03 -5.922177e+04 -6.118977e+02 3.172608e+03 5.742664e+03 -2.600845e+04 -6.720539e+03 -4.549726e+02 7.102383e+04 -2.736209e+03 5.741085e+03 -4.560406e+04 4.158386e+02
7.070707e-04 4.222787e+04 7.736644e+03 7.633458e+02 -8.294691e+04 -3.584242e+03 9.328971e+03 -5.343635e+04 6.998018e+02 7.928234e+02 8.293015e+04 -3.251699e+04 5.262460e+03 5.344291e+04 7.292399e+02 -2.438170e+03 -7.177374e+03 9.370715e+02 9.451225e+04 -3.705636e+04 5.978210e+03 -6.089865e+04 -8.651262e+02 3.182537e+03 8.183943e+03 -3.705503e+04 -6.807770e+03 -6.439886e+02 7.278224e+04 -2.741174e+03 8.181695e+03 -4.689444e+04 5.879097e+02
9.090909e-04 5.559121e+04 7.871952e+03 9.958660e+02 -8.571439e+04 -3.596164e+03 1.228568e+04 -5.546923e+04 9.115597e+02 1.034726e+03 8.569902e+04 -4.280736e+04 5.354155e+03 5.547420e+04 9.503611e+02 -2.445963e+03 -9.452050e+03 1.222684e+03 9.766754e+04 -4.878319e+04 6.081568e+03 -6.321516e+04 -1.127211e+03 3.195585e+03 1.077768e+04 -4.878144e+04 -6.927645e+03 -8.403712e+02 7.521081e+04 -2.747472e+03 1.077472e+04 -4.867703e+04 7.659778e+02
1.111111e-03 7.001475e+04 8.047951e+03 1.240011e+03 -8.933628e+04 -3.610528e+03 1.548034e+04 -5.813045e+04 1.132803e+03 1.289042e+03 8.932275e+04 -5.391420e+04 5.473418e+03 5.813331e+04 1.181749e+03 -2.455315e+03 -1.190971e+04 1.522714e+03 1.017970e+05 -6.144044e+04 6.216031e+03 -6.624767e+04 -1.401274e+03 3.211546e+03 1.358012e+04 -6.143823e+04 -7.083536e+03 -1.046746e+03 7.838915e+04 -2.754778e+03 1.357639e+04 -5.101057e+04 9.521564e+02
1.313131e-03 8.584084e+04 8.269933e+03 1.499359e+03 -9.393819e+04 -3.626869e+03 1.898988e+04 -6.151268e+04 1.366404e+03 1.559607e+03 9.392703e+04 -6.610119e+04 5.623828e+03 6.151284e+04 1.426535e+03 -2.465891e+03 -1.460951e+04 1.841605e+03 1.070438e+05 -7.532854e+04 6.385660e+03 -7.010178e+04 -1.690956e+03 3.230107e+03 1.665871e+04 -7.532583e+04 -7.280107e+03 -1.266196e+03 8.242750e+04 -2.762615e+03 1.665415e+04 -5.397633e+04 1.148910e+03
1.515152e-03 1.034929e+05 8.545098e+03 1.778232e+03 -9.969122e+04 -3.644498e+03 2.290949e+04 -6.574190e+04 1.615810e+03 1.851071e+03 9.968307e+04 -7.969439e+04 5.810256e+03 6.573865e+04 1.688486e+03 -2.477200e+03 -1.762464e+04 2.184735e+03 1.136031e+05 -9.081907e+04 6.595984e+03 -7.492104e+04 -2.000633e+03 3.250790e+03 2.009695e+04 -9.081581e+04 -7.523700e+03 -1.502455e+03 8.747601e+04 -2.770295e+03 2.009144e+04 -5.768476e+04 1.359200e+03
1.717172e-03 1.235098e+05 8.883226e+03 2.082013e+03 -1.068278e+05 -3.662393e+03 2.736038e+04 -7.098890e+04 1.885277e+03 2.169234e+03 1.068235e+05 -9.510883e+04 6.039318e+03 7.098136e+04 1.972274e+03 -2.488512e+03 -2.104830e+04 2.558801e+03 1.217399e+05 -1.083850e+05 6.854512e+03 -8.090006e+04 -2.335721e+03 3.272873e+03 2.400113e+04 -1.083811e+05 -7.822926e+03 -1.760176e+03 9.373868e+04 -2.776814e+03 2.399456e+04 -6.228560e+04 1.586690e+03
1.919192e-03 1.465967e+05 9.297704e+03 2.417600e+03 -1.156660e+05 -3.679033e+03 3.250123e+04 -7.748665e+04 2.180219e+03 2.521549e+03 1.156664e+05 -1.128876e+05 6.320070e+03 7.747371e+04 2.283862e+03 -2.498746e+03 -2.500252e+04 2.972401e+03 1.318169e+05 -1.286451e+05 7.171527e+03 -8.830430e+04 -2.703123e+03 3.295257e+03 2.851043e+04 -1.286405e+05 -8.189568e+03 -2.045336e+03 1.014946e+05 -2.780706e+03 2.850263e+04 -6.798310e+04 1.836051e+03
2.121212e-03 1.737032e+05 9.807151e+03 2.794106e+03 -1.266472e+05 -3.692115e+03 3.854579e+04 -8.555727e+04 2.507739e+03 2.917888e+03 1.266537e+05 -1.337620e+05 6.665104e+03 8.553754e+04 2.631106e+03 -2.506275e+03 -2.965164e+04 3.436900e+03 1.443373e+05 -1.524327e+05 7.561336e+03 -9.750084e+04 -3.111916e+03 3.316245e+03 3.381230e+04 -1.524272e+05 -8.640009e+03 -2.365838e+03 1.111311e+05 -2.779789e+03 3.380304e+04 -7.505970e+04 2.113419e+03
2.323232e-03 2.061471e+05 1.043808e+04 3.223977e+03 -1.403972e+05 -3.698097e+03 4.579084e+04 -9.565539e+04 2.877479e+03 3.371770e+03 1.404113e+05 -1.587468e+05 7.092355e+03 9.562701e+04 3.024710e+03 -2.508595e+03 -3.522386e+04 3.967844e+03 1.600147e+05 -1.809044e+05 8.044321e+03 -1.090077e+05 -3.574443e+03 3.333187e+03 4.016700e+04 -1.808979e+05 -9.197567e+03 -2.732499e+03 1.231973e+05 -2.770755e+03 4.015600e+04 -8.391398e+04 2.427145e+03
2.525253e-03 2.458226e+05 1.122944e+04 3.724868e+03 -1.578290e+05 -3.691382e+03 5.466303e+04 -1.084405e+05 3.303048e+03 3.902424e+03 1.578530e+05 -1.893010e+05 7.628171e+03 1.084010e+05 3.479842e+03 -2.501771e+03 -4.204725e+04 4.587308e+03 1.798903e+05 -2.157224e+05 8.650441e+03 -1.235763e+05 -4.108169e+03 3.341840e+03 4.794875e+04 -2.157146e+05 -9.896494e+03 -3.160686e+03 1.384945e+05 -2.748449e+03 4.793559e+04 -9.512415e+04 2.789035e+03
2.727273e-03 2.955682e+05 1.224090e+04 4.322995e+03 -1.803267e+05 -3.662830e+03 6.580190e+04 -1.249050e+05 3.804583e+03 4.538477e+03 1.803638e+05 -2.276106e+05 8.312920e+03 1.248509e+05 4.019028e+03 -2.479383e+03 -5.061354e+04 5.328115e+03 2.055421e+05 -2.593779e+05 9.425613e+03 -1.423376e+05 -4.738981e+03 3.335195e+03 5.771838e+04 -2.593685e+05 -1.078924e+04 -3.673250e+03 1.582374e+05 -2.704549e+03 5.770250e+04 -1.095603e+05 3.216592e+03
2.929293e-03 3.598675e+05 1.356905e+04 5.059573e+03 -2.100969e+05 -3.596805e+03 8.021767e+04 -1.466165e+05 4.413686e+03 5.325063e+03 2.101514e+05 -2.771285e+05 9.211942e+03 1.465428e+05 4.677747e+03 -2.430481e+03 -6.169950e+04 6.241937e+03 2.394861e+05 -3.158057e+05 1.044419e+04 -1.670776e+05 -5.507589e+03 3.301145e+03 7.036188e+04 -3.157942e+05 -1.196065e+04 -4.306173e+03 1.843623e+05 -2.624959e+03 7.034243e+04 -1.285967e+05 3.737338e+03
3.131313e-03 4.463171e+05 1.538237e+04 6.004507e+03 -2.509101e+05 -3.464776e+03 9.962194e+04 -1.762227e+05 5.183988e+03 6.338937e+03 2.509889e+05 -3.437053e+05 1.043924e+04 1.761219e+05 5.516415e+03 -2.335121e+03 -7.662119e+04 7.416543e+03 2.860218e+05 -3.916724e+05 1.183595e+04 -2.008137e+05 -6.483200e+03 3.217436e+03 8.738036e+04 -3.916580e+05 -1.355873e+04 -5.120566e+03 2.201780e+05 -2.484175e+03 8.735600e+04 -1.545549e+05 4.398066e+03
3.333333e-03 5.691436e+05 1.800797e+04 7.289770e+03 -3.098899e+05 -3.209488e+03 1.272197e+05 -2.186528e+05 6.217078e+03 7.725389e+03 3.100042e+05 -4.382975e+05 1.221619e+04 2.185123e+05 6.649808e+03 -2.153361e+03 -9.784298e+04 9.017880e+03 3.532715e+05 -4.994633e+05 1.385301e+04 -2.491621e+05 -7.797106e+03 3.039138e+03 1.115847e+05 -4.994447e+05 -1.587069e+04 -6.231948e+03 2.719360e+05 -2.231373e+03 1.115532e+05 -1.917562e+05 5.287551e+03
3.535354e-03 7.595287e+05 2.219595e+04 9.209433e+03 -4.028033e+05 -2.697133e+03 1.700334e+05 -2.846129e+05 7.740837e+03 9.808990e+03 4.029734e+05 -5.849193e+05 1.505057e+04 2.844097e+05 8.336011e+03 -1.792024e+03 -1.307645e+05 1.141630e+04 4.592126e+05 -6.665434e+05 1.707375e+04 -3.243226e+05 -9.744165e+03 2.660791e+03 1.491336e+05 -6.665179e+05 -1.955500e+04 -7.898002e+03 3.534726e+05 -1.748420e+03 1.490905e+05 -2.495872e+05 6.605208e+03
3.737374e-03 1.108846e+06 3.027190e+04 1.264859e+04 -5.764007e+05 -1.511842e+03 2.486298e+05 -4.050915e+05 1.044827e+04 1.356893e+04 5.766737e+05 -8.539408e+05 2.051715e+04 4.047718e+05 1.136123e+04 -9.620247e+02 -1.912004e+05 1.572827e+04 6.571493e+05 -9.731015e+05 2.329241e+04 -4.616055e+05 -1.322177e+04 1.753751e+03 2.180655e+05 -9.730626e+05 -2.665277e+04 -1.089494e+04 5.058139e+05 -6.696266e+02 2.179998e+05 -3.552162e+05 8.958128e+03
3.939394e-03 2.233271e+06 5.913068e+04 2.382634e+04 -1.150969e+06 3.306018e+03 5.015842e+05 -7.854319e+05 1.928296e+04 2.589995e+04 1.151564e+06 -1.719899e+06 4.006099e+04 7.847403e+05 2.133847e+04 2.390423e+03 -3.857094e+05 2.981150e+04 1.312257e+06 -1.959891e+06 4.555070e+04 -8.949952e+05 -2.463296e+04 -2.023053e+03 4.399212e+05 -1.959804e+06 -5.199045e+04 -2.067965e+04 1.010027e+06 3.601288e+03 4.397743e+05 -6.886745e+05 1.667984e+04
4.141414e-03 -3.029500e+05 -1.838968e+04 -3.251786e+03 2.016275e+05 -1.012699e+04 -6.810691e+04 3.611132e+04 -2.661563e+03 -4.239441e+03 -2.016996e+05 2.333110e+05 -1.248120e+04 -3.599837e+04 -3.640182e+03 -6.906464e+03 5.238003e+04 -4.496638e+03 -2.298470e+05 2.658795e+05 -1.433845e+04 4.113724e+04 3.821117e+03 8.637340e+03 -5.976274e+04 2.658405e+05 1.602205e+04 3.111108e+03 -1.769357e+05 -8.119557e+03 -5.969268e+04 3.159996e+04 -2.587713e+03
4.343434e-03 3.710632e+06 7.144794e+04 3.305757e+04 -1.800157e+06 7.059822e+03 8.364902e+05 -1.360728e+06 2.501191e+04 3.581930e+04 1.801324e+06 -2.857725e+06 4.830479e+04 1.359449e+06 2.774441e+04 5.069150e+03 -6.431641e+05 4.119551e+04 2.052649e+06 -3.256433e+06 5.491046e+04 -1.550524e+06 -3.201997e+04 -4.953381e+03 7.335811e+05 -3.256314e+06 -6.283398e+04 -2.871844e+04 1.579747e+06 7.017234e+03 7.333900e+05 -1.193043e+06 2.164085e+04
4.545455e-03 -1.048667e+05 -1.423415e+04 -1.038626e+03 1.048650e+05 -1.110098e+04 -2.363045e+04 -3.583065e+04 -8.503885e+02 -1.963472e+03 -1.048843e+05 8.076176e+04 -9.667812e+03 3.588253e+04 -1.765001e+03 -7.555298e+03 1.817793e+04 -1.804874e+03 -1.195223e+05 9.204635e+04 -1.117339e+04 -4.084023e+04 1.585813e+03 9.531963e+03 -2.075741e+04 9.201021e+04 1.233445e+04 1.244583e+03 -9.202184e+04 -8.819093e+03 -2.069310e+04 -3.148147e+04 -1.073949e+03
4.747475e-03 -3.302046e+06 -6.200537e+04 -2.346870e+04 1.610577e+06 -2.437802e+04 -7.473030e+05 1.145791e+06 -1.589586e+04 -2.667432e+04 -1.611750e+06 2.543135e+06 -4.187862e+04 -1.144512e+06 -1.906172e+04 -1.684358e+04 5.745255e+05 -2.989475e+04 -1.836591e+06 2.897913e+06 -4.790641e+04 1.305573e+06 2.124835e+04 2.023645e+04 -6.553538e+05 2.897791e+06 5.422861e+04 2.098119e+04 -1.413405e+06 -2.034931e+04 -6.551334e+05 1.004441e+06 -1.431566e+04
4.949495e-03 -3.996957e+07 -4.580583e+05 -2.431497e+05 1.833603e+07 -1.451966e+05 -9.065823e+06 1.517765e+07 -1.475811e+05 -2.659666e+05 -1.835155e+07 3.078420e+07 -3.078781e+05 -1.516150e+07 -1.700840e+05 -1.021870e+05 6.969116e+06 -3.024713e+05 -2.091107e+07 3.507773e+07 -3.510426e+05 1.729428e+07 1.934266e+05 1.177315e+05 -7.949448e+06 3.507729e+07 4.017673e+05 2.138427e+05 -1.609170e+07 -1.261221e+05 -7.947818e+06 1.330590e+07 -1.298290e+05
5.151515e-03 9.403830e+07 7.022873e+05 4.757860e+05 -4.183388e+07 2.451968e+05 2.137613e+07 -3.700271e+07 2.450494e+05 5.122902e+05 4.187123e+07 -7.242629e+07 4.687254e+05 3.696412e+07 2.810337e+05 1.752915e+05 -1.643156e+07 5.844671e+05 4.771203e+07 -8.252935e+07 5.338318e+05 -4.216285e+07 -3.212647e+05 -1.985663e+05 1.874256e+07 -8.252634e+07 -6.165932e+05 -4.169905e+05 3.671266e+07 2.163409e+05 1.874041e+07 -3.244023e+07 2.142923e+05
5.353535e-03 -3.812500e+07 -1.884995e+05 -1.542072e+05 1.669994e+07 -1.064891e+05 -8.686288e+06 1.523278e+07 -5.704774e+04 -1.657964e+05 -1.671635e+07 2.936433e+07 -1.243970e+05 -1.521611e+07 -6.845385e+04 -7.609862e+04 6.676430e+06 -1.880062e+05 -1.904747e+07 3.345925e+07 -1.421078e+05 1.735692e+07 7.718740e+04 8.851478e+04 -7.615747e+06 3.345906e+07 1.650660e+05 1.360361e+05 -1.465612e+07 -9.164702e+04 -7.614930e+06 1.335396e+07 -5.070100e+04
5.555556e-03 -1.481478e+07 -4.811244e+04 -4.401934e+04 6.449769e+06 -5.381588e+04 -3.383236e+06 5.954632e+06 -5.125802e+03 -4.809678e+04 -6.456406e+06 1.141065e+07 -3.117275e+04 -5.947903e+06 -9.135130e+03 -3.810047e+04 2.600244e+06 -5.349386e+04 -7.356736e+06 1.300185e+07 -3.605540e+04 6.784924e+06 9.131741e+03 4.586102e+04 -2.966150e+06 1.300172e+07 4.168803e+04 3.964110e+04 -5.660435e+06 -4.478083e+04 -2.965877e+06 5.220040e+06 -5.483830e+03
5.757576e-03 1.581157e+07 -6.185238e+04 3.142675e+04 -6.458227e+06 -1.387427e+04 3.619739e+06 -6.830412e+06 -1.156891e+04 2.834760e+04 6.465704e+06 -1.217862e+07 -4.375180e+04 6.822997e+06 -1.459337e+04 -7.710445e+03 -2.781789e+06 3.369504e+04 7.367209e+06 -1.387667e+07 -5.043525e+04 -7.782817e+06 1.527578e+04 1.129049e+04 3.173122e+06 -1.387675e+07 5.369975e+04 -2.650666e+04 5.667951e+06 -9.670575e+03 3.173327e+06 -5.988048e+06 -1.119537e+04
5.959596e-03 -7.220984e+06 -2.272017e+04 -4.663355e+03 3.218312e+06 -5.935729e+04 -1.657109e+06 2.835399e+06 1.544865e+04 -8.049015e+03 -3.221802e+06 5.561916e+06 -1.461236e+04 -2.831846e+06 1.212689e+04 -4.116179e+04 1.273427e+06 -6.533379e+03 -3.671031e+06 6.337446e+06 -1.777964e+04 3.230693e+06 -1.642348e+04 5.157300e+04 -1.452765e+06 6.337333e+06 1.880873e+04 6.124562e+03 -2.824482e+06 -4.742134e+04 -1.452545e+06 2.485353e+06 1.155254e+04
6.161616e-03 7.741848e+06 -1.728748e+04 -4.114126e+03 -3.322917e+06 4.203837e+04 1.781318e+06 -3.214087e+06 -2.648871e+04 -3.089641e+03 3.326849e+06 -5.963255e+06 -1.268058e+04 3.210136e+06 -2.548541e+04 2.949869e+04 -1.368751e+06 -5.648038e+03 3.790671e+06 -6.794630e+06 -1.350629e+04 -3.662157e+06 3.115970e+04 -3.731431e+04 1.561499e+06 -6.794574e+06 1.611542e+04 1.971897e+03 2.916330e+06 3.319210e+04 1.561437e+06 -2.817372e+06 -2.161635e+04
6.363636e-03 -1.065634e+06 -1.746572e+04 1.878177e+03 5.403405e+05 -2.632319e+04 -2.457589e+05 3.433402e+05 4.973909e+03 1.981415e+01 -5.408851e+05 8.208226e+05 -1.173132e+04 -3.427683e+05 3.154628e+03 -1.801984e+04 1.888397e+05 1.327708e+03 -6.163031e+05 9.352844e+05 -1.394342e+04 3.911843e+05 -4.877033e+03 2.274064e+04 -2.154856e+05 9.352194e+05 1.475137e+04 -6.430434e+02 -4.742178e+05 -2.089349e+04 -2.153685e+05 3.008452e+05 3.377943e+03
6.565657e-03 4.713630e+06 -5.504938e+03 -1.458910e+04 -2.099449e+06 5.046820e+04 1.090339e+06 -1.905289e+06 -2.904644e+04 -1.267394e+04 2.102014e+06 -3.630869e+06 -4.369336e+03 1.902698e+06 -2.717486e+04 3.491638e+04 -8.376843e+05 -1.733444e+04 2.395042e+06 -4.137017e+06 -3.648739e+03 -2.170852e+06 3.383289e+04 -4.461900e+04 9.557571e+05 -4.136936e+06 6.162642e+03 1.057517e+04 1.842586e+06 3.945880e+04 9.556412e+05 -1.669940e+06 -2.328532e+04
6.767677e-03 -2.129211e+06 -1.799568e+04 9.058585e+03 1.032024e+06 -4.544841e+04 -4.937755e+05 7.597089e+05 1.568008e+04 6.306389e+03 -1.033206e+06 1.640129e+06 -1.192605e+04 -7.584958e+05 1.299235e+04 -3.117195e+04 3.793490e+05 9.682941e+03 -1.177243e+06 1.868785e+06 -1.473801e+04 8.655731e+05 -1.726263e+04 3.959242e+04 -4.328810e+05 1.868691e+06 1.464308e+04 -6.026509e+03 -9.057547e+05 -3.581277e+04 -4.327118e+05 6.657272e+05 1.186930e+04
6.969697e-03 1.209761e+06 -6.914854e+03 -7.091512e+03 -5.341536e+05 1.290967e+04 2.814408e+05 -5.104007e+05 -1.106027e+04 -6.837132e+03 5.348598e+05 -9.319079e+05 -4.875146e+03 5.096917e+05 -1.081272e+04 8.947374e+03 -2.161862e+05 -8.660433e+03 6.094096e+05 -1.061790e+06 -5.132646e+03 -5.815350e+05 1.318545e+04 -1.160665e+04 2.466729e+05 -1.061779e+06 6.491407e+03 5.553585e+03 4.688105e+05 9.918540e+03 2.466583e+05 -4.473460e+05 -9.041691e+03
7.171717e-03 1.006497e+07 3.356260e+04 -7.029141e+04 -4.795229e+06 2.067785e+05 2.347772e+06 -3.812680e+06 -1.037686e+05 -5.968381e+04 4.801253e+06 -7.753413e+06 2.123882e+04 3.806572e+06 -9.343758e+04 1.419973e+05 -1.803378e+06 -8.061972e+04 5.470471e+06 -8.834107e+06 3.026244e+04 -4.343910e+06 1.189022e+05 -1.817507e+05 2.057963e+06 -8.833705e+06 -2.338602e+04 5.197320e+04 4.208615e+06 1.615227e+05 2.057337e+06 -3.341055e+06 -8.150341e+04
7.373737e-03 1.863278e+06 5.537813e+02 -1.576523e+04 -8.792971e+05 3.673258e+04 4.359531e+05 -7.309085e+05 -2.217724e+04 -1.411016e+04 8.804475e+05 -1.435378e+06 7.409868e+01 7.297472e+05 -2.056763e+04 2.524787e+04 -3.348343e+05 -1.845820e+04 1.003158e+06 -1.635421e+06 1.256969e+03 -8.327484e+05 2.578479e+04 -3.248651e+04 3.821121e+05 -1.635364e+06 6.879113e+02 1.200222e+04 7.717386e+05 2.851992e+04 3.820150e+05 -6.405043e+05 -1.765636e+04
7.575758e-03 1.103115e+06 -1.678492e+03 -1.097629e+04 -5.203388e+05 2.198847e+04 2.588934e+05 -4.415901e+05 -1.489768e+04 -1.006985e+04 5.210414e+05 -8.498048e+05 -1.327173e+03 4.408828e+05 -1.401745e+04 1.511878e+04 -1.988252e+05 -1.296985e+04 5.936549e+05 -9.682265e+05 -7.589351e+02 -5.031156e+05 1.744857e+04 -1.953434e+04 2.269069e+05 -9.681954e+05 2.227269e+03 8.480771e+03 4.566936e+05 1.699067e+04 2.268545e+05 -3.869684e+05 -1.193899e+04
7.777778e-03 7.853758e+05 -2.268891e+03 -9.006086e+03 -3.715976e+05 1.611508e+04 1.849014e+05 -3.192669e+05 -1.188766e+04 -8.385005e+03 3.721129e+05 -6.050425e+05 -1.680300e+03 3.187491e+05 -1.128545e+04 1.108169e+04 -1.419879e+05 -1.069763e+04 4.239678e+05 -6.893478e+05 -1.326649e+03 -3.637470e+05 1.398760e+04 -1.436978e+04 1.620485e+05 -6.893268e+05 2.579872e+03 7.023151e+03 3.261486e+05 1.240052e+04 1.620131e+05 -2.797721e+05 -9.565038e+03
7.979798e-03 6.015101e+05 -2.453296e+03 -7.830835e+03 -2.859177e+05 1.277135e+04 1.420674e+05 -2.479005e+05 -1.010778e+04 -7.365923e+03 2.863238e+05 -4.634056e+05 -1.777648e+03 2.474931e+05 -9.657682e+03 8.782752e+03 -1.090853e+05 -9.334789e+03 3.262211e+05 -5.279693e+05 -1.531414e+03 -2.824360e+05 1.193356e+04 -1.142688e+04 1.245026e+05 -5.279537e+05 2.647753e+03 6.147059e+03 2.509501e+05 9.789343e+03 1.244765e+05 -2.172310e+05 -8.156283e+03
8.181818e-03 4.804233e+05 -2.483628e+03 -7.017083e+03 -2.296340e+05 1.057157e+04 1.138391e+05 -2.005804e+05 -8.892797e+03 -6.651211e+03 2.299674e+05 -3.701286e+05 -1.779661e+03 2.002464e+05 -8.539132e+03 7.270115e+03 -8.740242e+04 -8.386756e+03 2.620098e+05 -4.216914e+05 -1.595449e+03 -2.285221e+05 1.052683e+04 -9.489111e+03 9.975957e+04 -4.216793e+05 2.612556e+03 5.535848e+03 2.015516e+05 8.072944e+03 9.973937e+04 -1.757627e+05 -7.191673e+03
8.383838e-03 3.946871e+05 -2.445666e+03 -6.405774e+03 -1.898319e+05 9.002107e+03 9.383458e+04 -1.668694e+05 -7.994758e+03 -6.108162e+03 1.901133e+05 -3.040829e+05 -1.740528e+03 1.665878e+05 -7.707534e+03 6.190840e+03 -7.203685e+04 -7.671780e+03 2.166009e+05 -3.464406e+05 -1.594986e+03 -1.901136e+05 9.484050e+03 -8.105459e+03 8.222531e+04 -3.464309e+05 2.535058e+03 5.073453e+03 1.666184e+05 6.849406e+03 8.220913e+04 -1.462207e+05 -6.476780e+03
8.585859e-03 3.310303e+05 -2.375775e+03 -5.922357e+03 -1.602909e+05 7.821764e+03 7.896720e+04 -1.416947e+05 -7.296263e+03 -5.674423e+03 1.605332e+05 -2.550454e+05 -1.682994e+03 1.414526e+05 -7.057371e+03 5.379145e+03 -6.061749e+04 -7.104515e+03 1.828981e+05 -2.905687e+05 -1.562701e+03 -1.614311e+05 8.670870e+03 -7.064071e+03 6.919406e+04 -2.905607e+05 2.440406e+03 4.705460e+03 1.406911e+05 5.930000e+03 6.918079e+04 -1.241595e+05 -5.919421e+03
8.787879e-03 2.821299e+05 -2.291354e+03 -5.526379e+03 -1.375913e+05 6.900304e+03 6.753408e+04 -1.222467e+05 -6.733253e+03 -5.316031e+03 1.378030e+05 -2.173750e+05 -1.617797e+03 1.220353e+05 -6.530912e+03 4.745491e+03 -5.183620e+04 -6.638553e+03 1.570001e+05 -2.476484e+05 -1.514467e+03 -1.392733e+05 8.013902e+03 -6.250515e+03 5.917312e+04 -2.476417e+05 2.340227e+03 4.402307e+03 1.207681e+05 5.212834e+03 5.916205e+04 -1.071169e+05 -5.469227e+03
8.989899e-03 2.435787e+05 -2.201338e+03 -5.193614e+03 -1.196812e+05 6.160522e+03 5.851047e+04 -1.068291e+05 -6.267298e+03 -5.012548e+03 1.198685e+05 -1.876769e+05 -1.550360e+03 1.066423e+05 -6.093419e+03 4.236792e+03 -4.490579e+04 -6.246036e+03 1.365662e+05 -2.138115e+05 -1.458612e+03 -1.217075e+05 7.469057e+03 -5.596932e+03 5.126424e+04 -2.138059e+05 2.240213e+03 4.146249e+03 1.050488e+05 4.637519e+03 5.125486e+04 -9.360632e+04 -5.095942e+03
9.191919e-03 2.125551e+05 -2.110503e+03 -4.908477e+03 -1.052501e+05 5.553462e+03 5.124026e+04 -9.435269e+04 -5.873713e+03 -4.750757e+03 1.054176e+05 -1.637775e+05 -1.483511e+03 9.418583e+04 -5.722514e+03 3.819380e+03 -3.932224e+04 -5.909007e+03 1.201013e+05 -1.865817e+05 -1.399719e+03 -1.074928e+05 7.007974e+03 -5.060279e+03 4.489228e+04 -1.865768e+05 2.143192e+03 3.925843e+03 9.238283e+04 4.165773e+03 4.488424e+04 -8.267321e+04 -4.780103e+03
9.393939e-03 1.871661e+05 -2.021437e+03 -4.660388e+03 -9.342065e+04 5.046461e+03 4.528315e+04 -8.408465e+04 -5.535801e+03 -4.521633e+03 9.357154e+04 -1.442185e+05 -1.418726e+03 8.393437e+04 -5.403015e+03 3.470789e+03 -3.474732e+04 -5.615246e+03 1.066045e+05 -1.642972e+05 -1.340379e+03 -9.579413e+04 6.611443e+03 -4.611824e+03 3.967129e+04 -1.642930e+05 2.050525e+03 3.733294e+03 8.200025e+04 3.772061e+03 3.966434e+04 -7.367541e+04 -4.508526e+03
9.595960e-03 1.660938e+05 -1.935518e+03 -4.441854e+03 -8.358310e+04 4.616829e+03 4.033264e+04 -7.551379e+04 -5.241800e+03 -4.318745e+03 8.372007e+04 -1.279849e+05 -1.356748e+03 7.537747e+04 -5.124198e+03 3.175415e+03 -3.094559e+04 -5.356079e+03 9.538021e+04 -1.458016e+05 -1.282067e+03 -8.602916e+04 6.265913e+03 -4.231603e+03 3.533260e+04 -1.457979e+05 1.962792e+03 3.563065e+03 7.336593e+04 3.438655e+03 3.532654e+04 -6.616491e+04 -4.271913e+03
9.797980e-03 1.483934e+05 -1.853439e+03 -4.247385e+03 -7.530093e+04 4.248291e+03 3.616888e+04 -6.827271e+04 -4.983152e+03 -4.137356e+03 7.542603e+04 -1.143488e+05 -1.297907e+03 6.814827e+04 -4.878235e+03 2.922060e+03 -2.774817e+04 -5.125139e+03 8.593043e+04 -1.302654e+05 -1.225612e+03 -7.777928e+04 5.961507e+03 -3.905286e+03 3.168351e+04 -1.302622e+05 1.880150e+03 3.411082e+03 6.609672e+04 3.152840e+03 3.167819e+04 -5.981974e+04 -4.063489e+03
1.000000e-02 1.333704e+05 -1.775495e+03 -4.072845e+03 -6.825366e+04 3.928848e+03 3.263022e+04 -6.209079e+04 -4.753458e+03 -3.973874e+03 6.836855e+04 -1.027753e+05 -1.242297e+03 6.197658e+04 -4.659259e+03 2.702472e+03 -2.503089e+04 -4.917617e+03 7.788956e+04 -1.170793e+05 -1.171455e+03 -7.073613e+04 5.690834e+03 -3.622309e+03 2.858233e+04 -1.170764e+05 1.802521e+03 3.274268e+03 5.991135e+04 2.905249e+03 2.857763e+04 -5.440273e+04 -3.878181e+03
