-1.000000e-02 -3.545620e+04 -2.232326e+03 1.561597e+03 -6.033361e+03 2.802002e+03 5.222761e+03 -3.586200e+03 2.008132e+03 1.541671e+03 6.082306e+03 2.731752e+04 -1.534577e+03 3.537206e+03 1.991777e+03 1.921006e+03 -4.040374e+03 1.921455e+03 6.939076e+03 3.112347e+04 -1.650522e+03 -4.094688e+03 -2.420649e+03 -2.543841e+03 4.590322e+03 3.112008e+04 2.057283e+03 -1.243384e+03 5.288674e+03 2.104200e+03 4.594494e+03 -3.098336e+03 1.646458e+03
-9.797980e-03 -3.660663e+04 -2.284850e+03 1.566675e+03 -5.968144e+03 2.875823e+03 5.427591e+03 -3.384934e+03 2.019232e+03 1.546185e+03 6.017727e+03 2.820270e+04 -1.570272e+03 3.335270e+03 2.002349e+03 1.971196e+03 -4.197521e+03 1.927469e+03 6.865619e+03 3.213266e+04 -1.692144e+03 -3.865458e+03 -2.433797e+03 -2.607509e+03 4.769686e+03 3.212915e+04 2.102436e+03 -1.247173e+03 5.231311e+03 2.162513e+03 4.774010e+03 -2.921005e+03 1.655355e+03
-9.595960e-03 -3.779181e+04 -2.338919e+03 1.571244e+03 -5.888424e+03 2.952252e+03 5.639162e+03 -3.160686e+03 2.029898e+03 1.550174e+03 5.938633e+03 2.911460e+04 -1.607011e+03 3.110361e+03 2.012470e+03 2.023152e+03 -4.359818e+03 1.932866e+03 6.775619e+03 3.317232e+04 -1.734989e+03 -3.610035e+03 -2.446412e+03 -2.673432e+03 4.954939e+03 3.316869e+04 2.148911e+03 -1.250529e+03 5.161223e+03 2.222872e+03 4.959422e+03 -2.723518e+03 1.663885e+03
-9.393939e-03 -3.901156e+04 -2.394566e+03 1.575256e+03 -5.792889e+03 3.031379e+03 5.857475e+03 -2.911602e+03 2.040074e+03 1.553590e+03 5.843709e+03 3.005306e+04 -1.644815e+03 2.860628e+03 2.022085e+03 2.076935e+03 -4.527266e+03 1.937588e+03 6.667577e+03 3.424228e+04 -1.779082e+03 -3.326306e+03 -2.458426e+03 -2.741690e+03 5.146081e+03 3.423854e+04 2.196736e+03 -1.253416e+03 5.077260e+03 2.285345e+03 5.150728e+03 -2.504251e+03 1.672004e+03
-9.191919e-03 -4.026542e+04 -2.451820e+03 1.578663e+03 -5.680136e+03 3.113294e+03 6.082490e+03 -2.635707e+03 2.049698e+03 1.556386e+03 5.731550e+03 3.101775e+04 -1.683702e+03 2.584099e+03 2.031133e+03 2.132607e+03 -4.699831e+03 1.941575e+03 6.539891e+03 3.534215e+04 -1.824446e+03 -3.012022e+03 -2.469768e+03 -2.812361e+03 5.343078e+03 3.533829e+04 2.245935e+03 -1.255791e+03 4.978192e+03 2.350003e+03 5.347893e+03 -2.261474e+03 1.679660e+03
-8.989899e-03 -4.155269e+04 -2.510711e+03 1.581412e+03 -5.548670e+03 3.198089e+03 6.314119e+03 -2.330906e+03 2.058708e+03 1.558507e+03 5.600656e+03 3.200812e+04 -1.723692e+03 2.278681e+03 2.039550e+03 2.190227e+03 -4.877446e+03 1.944762e+03 6.390852e+03 3.647132e+04 -1.871104e+03 -2.664789e+03 -2.480357e+03 -2.885525e+03 5.545851e+03 3.646734e+04 2.296531e+03 -1.257614e+03 4.862706e+03 2.416916e+03 5.550840e+03 -1.993350e+03 1.686802e+03
-8.787879e-03 -4.287234e+04 -2.571262e+03 1.583446e+03 -5.396900e+03 3.285855e+03 6.552221e+03 -1.994973e+03 2.067031e+03 1.559899e+03 5.449433e+03 3.302338e+04 -1.764801e+03 1.942152e+03 2.047266e+03 2.249857e+03 -5.060001e+03 1.947082e+03 6.218640e+03 3.762888e+04 -1.919075e+03 -2.282075e+03 -2.490110e+03 -2.961260e+03 5.754277e+03 3.762477e+04 2.348546e+03 -1.258839e+03 4.729407e+03 2.486155e+03 5.759445e+03 -1.697931e+03 1.693370e+03
-8.585859e-03 -4.422299e+04 -2.633495e+03 1.584708e+03 -5.223137e+03 3.376681e+03 6.796592e+03 -1.625560e+03 2.074593e+03 1.560505e+03 5.276188e+03 3.406245e+04 -1.807042e+03 1.572166e+03 2.054206e+03 2.311558e+03 -5.247337e+03 1.948461e+03 6.021327e+03 3.881361e+04 -1.968376e+03 -1.861199e+03 -2.498935e+03 -3.039645e+03 5.968173e+03 3.880936e+04 2.401998e+03 -1.259419e+03 4.576814e+03 2.557787e+03 5.973526e+03 -1.373161e+03 1.699303e+03
-8.383838e-03 -4.560283e+04 -2.697430e+03 1.585134e+03 -5.025595e+03 3.470656e+03 7.046952e+03 -1.220192e+03 2.081311e+03 1.560261e+03 5.079132e+03 3.512396e+04 -1.850426e+03 1.166253e+03 2.060289e+03 2.375387e+03 -5.439240e+03 1.948825e+03 5.796873e+03 4.002393e+04 -2.019022e+03 -1.399340e+03 -2.506734e+03 -3.120757e+03 6.187298e+03 4.001955e+04 2.456900e+03 -1.259303e+03 4.403361e+03 2.631881e+03 6.192839e+03 -1.016871e+03 1.704535e+03
-8.181818e-03 -4.700959e+04 -2.763079e+03 1.584659e+03 -4.802394e+03 3.567866e+03 7.302941e+03 -7.762698e+02 2.087099e+03 1.559104e+03 4.856379e+03 3.620615e+04 -1.894962e+03 7.218189e+02 2.065427e+03 2.441404e+03 -5.635431e+03 1.948092e+03 5.543127e+03 4.125785e+04 -2.071022e+03 -8.935372e+02 -2.513402e+03 -3.204672e+03 6.411334e+03 4.125333e+04 2.513264e+03 -1.258440e+03 4.207399e+03 2.708503e+03 6.417069e+03 -6.267854e+02 1.708992e+03
-7.979798e-03 -4.844047e+04 -2.830452e+03 1.583213e+03 -4.551559e+03 3.668393e+03 7.564107e+03 -2.910784e+02 2.091861e+03 1.556966e+03 4.605952e+03 3.730686e+04 -1.940655e+03 2.361513e+02 2.069530e+03 2.509662e+03 -5.835561e+03 1.946178e+03 5.257833e+03 4.251291e+04 -2.124384e+03 -3.406928e+02 -2.518825e+03 -3.291462e+03 6.639882e+03 4.250824e+04 2.571095e+03 -1.256774e+03 3.987196e+03 2.787716e+03 6.645815e+03 -2.005269e+02 1.712599e+03
-7.777778e-03 -4.989208e+04 -2.899550e+03 1.580725e+03 -4.271030e+03 3.772316e+03 7.829888e+03 2.382077e+02 2.095498e+03 1.553777e+03 4.325782e+03 3.842348e+04 -1.987505e+03 -2.935703e+02 2.072496e+03 2.580213e+03 -6.039199e+03 1.942994e+03 4.938635e+03 4.378613e+04 -2.179110e+03 2.624141e+02 -2.522882e+03 -3.381194e+03 6.872453e+03 4.378132e+04 2.630396e+03 -1.254249e+03 3.740944e+03 2.869578e+03 6.878587e+03 2.643790e+02 1.715273e+03
-7.575758e-03 -5.136035e+04 -2.970370e+03 1.577119e+03 -3.958663e+03 3.879707e+03 8.099606e+03 8.145122e+02 2.097901e+03 1.549463e+03 4.013723e+03 3.955290e+04 -2.035507e+03 -8.702644e+02 2.074221e+03 2.653106e+03 -6.245823e+03 1.938448e+03 4.583084e+03 4.507395e+04 -2.235195e+03 9.191166e+02 -2.525443e+03 -3.473932e+03 7.108451e+03 4.506900e+04 2.691161e+03 -1.250804e+03 3.466766e+03 2.954145e+03 7.114790e+03 7.704923e+02 1.716925e+03
-7.373737e-03 -5.284049e+04 -3.042900e+03 1.572315e+03 -3.612248e+03 3.990629e+03 8.372452e+03 1.440841e+03 2.098956e+03 1.543946e+03 3.667558e+03 4.069140e+04 -2.084654e+03 -1.496932e+03 2.074590e+03 2.728383e+03 -6.454810e+03 1.932442e+03 4.188652e+03 4.637216e+04 -2.292630e+03 1.632842e+03 -2.526371e+03 -3.569734e+03 7.347166e+03 4.636706e+04 2.753380e+03 -1.246377e+03 3.162720e+03 3.041464e+03 7.353713e+03 1.320445e+03 1.717463e+03
-7.171717e-03 -5.432688e+04 -3.117120e+03 1.566232e+03 -3.229516e+03 4.105140e+03 8.647467e+03 2.120262e+03 2.098539e+03 1.537149e+03 3.285013e+03 4.183466e+04 -2.134929e+03 -2.176635e+03 2.073485e+03 2.806080e+03 -6.665425e+03 1.924877e+03 3.752746e+03 4.767582e+04 -2.351400e+03 2.407089e+03 -2.525519e+03 -3.668648e+03 7.587759e+03 4.767057e+04 2.817033e+03 -1.240905e+03 2.826819e+03 3.131577e+03 7.594515e+03 1.916923e+03 1.716786e+03
-6.969697e-03 -5.581297e+04 -3.193001e+03 1.558785e+03 -2.808161e+03 4.223282e+03 8.923531e+03 2.855880e+03 2.096521e+03 1.528988e+03 2.863775e+03 4.297767e+04 -2.186311e+03 -2.912473e+03 2.070778e+03 2.886226e+03 -6.876806e+03 1.915647e+03 3.272729e+03 4.897921e+04 -2.411480e+03 3.245395e+03 -2.522731e+03 -3.770713e+03 7.829248e+03 4.897380e+04 2.882094e+03 -1.234322e+03 2.457039e+03 3.224516e+03 7.836215e+03 2.562644e+03 1.714789e+03
-6.767677e-03 -5.729127e+04 -3.270503e+03 1.549886e+03 -2.345861e+03 4.345087e+03 9.199347e+03 3.650802e+03 2.092764e+03 1.519382e+03 2.401517e+03 4.411463e+04 -2.238771e+03 -3.707547e+03 2.066335e+03 2.968841e+03 -7.087957e+03 1.904646e+03 2.745947e+03 5.027573e+04 -2.472838e+03 4.151306e+03 -2.517842e+03 -3.875958e+03 8.070498e+03 5.027017e+04 2.948527e+03 -1.226560e+03 2.051345e+03 3.320303e+03 8.077675e+03 3.260328e+03 1.711360e+03
-6.565657e-03 -5.875318e+04 -3.349573e+03 1.539446e+03 -1.840306e+03 4.470572e+03 9.473423e+03 4.508100e+03 2.087122e+03 1.508242e+03 1.895921e+03 4.523893e+04 -2.292274e+03 -4.564924e+03 2.060013e+03 3.053934e+03 -7.297733e+03 1.891762e+03 2.169757e+03 5.155785e+04 -2.535434e+03 5.128323e+03 -2.510677e+03 -3.984397e+03 8.310201e+03 5.155215e+04 3.016287e+03 -1.217549e+03 1.607711e+03 3.418947e+03 8.317588e+03 4.012665e+03 1.706381e+03
-6.363636e-03 -6.018896e+04 -3.430148e+03 1.527371e+03 -1.289231e+03 4.599732e+03 9.744060e+03 5.430765e+03 2.079442e+03 1.495484e+03 1.344716e+03 4.634309e+04 -2.346773e+03 -5.487586e+03 2.051664e+03 3.141502e+03 -7.504830e+03 1.876884e+03 1.541569e+03 5.281703e+04 -2.599215e+03 6.179856e+03 -2.501053e+03 -4.096030e+03 8.546869e+03 5.281117e+04 3.085316e+03 -1.207220e+03 1.124150e+03 3.520443e+03 8.554463e+03 4.822271e+03 1.699726e+03
-6.161616e-03 -6.158762e+04 -3.512149e+03 1.513569e+03 -6.904542e+02 4.732544e+03 1.000933e+04 6.421644e+03 2.069563e+03 1.481018e+03 7.457142e+02 4.741864e+04 -2.402214e+03 -6.478377e+03 2.041132e+03 3.231526e+03 -7.707769e+03 1.859895e+03 8.588887e+02 5.404362e+04 -2.664120e+03 7.309152e+03 -2.488779e+03 -4.210836e+03 8.778816e+03 5.403762e+04 3.155546e+03 -1.195502e+03 5.987498e+02 3.624769e+03 8.786614e+03 5.691639e+03 1.691268e+03
-5.959596e-03 -6.293686e+04 -3.595482e+03 1.497946e+03 -4.192761e+01 4.868958e+03 1.026708e+04 7.483382e+03 2.057317e+03 1.464756e+03 9.686089e+01 4.845613e+04 -2.458532e+03 -7.539935e+03 2.028255e+03 3.323973e+03 -7.904892e+03 1.840679e+03 1.193715e+02 5.522683e+04 -2.730073e+03 8.519228e+03 -2.473653e+03 -4.328774e+03 9.004149e+03 5.522069e+04 3.226895e+03 -1.182325e+03 2.971458e+01 3.731885e+03 9.012145e+03 6.623083e+03 1.680869e+03
-5.757576e-03 -6.422303e+04 -3.680037e+03 1.480408e+03 6.582123e+02 5.008899e+03 1.051488e+04 8.618340e+03 2.042529e+03 1.446611e+03 -6.037137e+02 4.944504e+04 -2.515651e+03 -8.674614e+03 2.012864e+03 3.418789e+03 -8.094347e+03 1.819121e+03 -6.791146e+02 5.635469e+04 -2.796989e+03 9.812775e+03 -2.455469e+03 -4.449779e+03 9.220755e+03 5.634841e+04 3.299268e+03 -1.167618e+03 -5.845898e+02 3.841726e+03 9.228942e+03 7.618667e+03 1.668389e+03
-5.555556e-03 -6.543102e+04 -3.765688e+03 1.460859e+03 1.411581e+03 5.152255e+03 1.075008e+04 9.828511e+03 2.025019e+03 1.426496e+03 -1.357631e+03 5.037375e+04 -2.573484e+03 -9.884403e+03 1.994786e+03 3.515899e+03 -8.274084e+03 1.795103e+03 -1.538419e+03 5.741394e+04 -2.864764e+03 1.119207e+04 -2.434009e+03 -4.573758e+03 9.426294e+03 5.740754e+04 3.372553e+03 -1.151312e+03 -1.245580e+03 3.954205e+03 9.434664e+03 8.680135e+03 1.653682e+03
-5.353535e-03 -6.654430e+04 -3.852287e+03 1.439207e+03 2.219476e+03 5.298884e+03 1.096972e+04 1.111542e+04 2.004600e+03 1.404327e+03 -2.166194e+03 5.122954e+04 -2.631929e+03 -1.117082e+04 1.973841e+03 3.615202e+03 -8.441850e+03 1.768512e+03 -2.460028e+03 5.839009e+04 -2.933285e+03 1.265884e+04 -2.409053e+03 -4.700586e+03 9.618197e+03 5.838356e+04 3.446625e+03 -1.133340e+03 -1.954392e+03 4.069205e+03 9.626737e+03 9.808818e+03 1.636599e+03
-5.151515e-03 -6.754487e+04 -3.939671e+03 1.415362e+03 3.082800e+03 5.448599e+03 1.117061e+04 1.248002e+04 1.981082e+03 1.380021e+03 -3.030309e+03 5.199856e+04 -2.690875e+03 -1.253481e+04 1.949849e+03 3.716573e+03 -8.595189e+03 1.739236e+03 -3.444976e+03 5.926734e+04 -3.002418e+03 1.421419e+04 -2.380376e+03 -4.830105e+03 9.793658e+03 5.926071e+04 3.521340e+03 -1.113637e+03 -2.711818e+03 4.186579e+03 9.802355e+03 1.100555e+04 1.616987e+03
-4.949495e-03 -6.841333e+04 -4.027652e+03 1.389238e+03 4.001972e+03 5.601171e+03 1.134929e+04 1.392255e+04 1.954274e+03 1.353503e+03 -3.950400e+03 5.266589e+04 -2.750193e+03 -1.397663e+04 1.922625e+03 3.819855e+03 -8.731445e+03 1.707166e+03 -4.493748e+03 6.002867e+04 -3.072018e+03 1.585838e+04 -2.347749e+03 -4.962117e+03 9.949646e+03 6.002194e+04 3.596538e+03 -1.092142e+03 -3.518226e+03 4.306144e+03 9.958482e+03 1.227053e+04 1.594693e+03
-4.747475e-03 -6.912891e+04 -4.116023e+03 1.360750e+03 4.976839e+03 5.756320e+03 1.150203e+04 1.544245e+04 1.923980e+03 1.324700e+03 -4.926317e+03 5.321555e+04 -2.809743e+03 -1.549568e+04 1.891986e+03 3.924858e+03 -8.847770e+03 1.672201e+03 -5.606173e+03 6.065587e+04 -3.141920e+03 1.759079e+04 -2.310942e+03 -5.096381e+03 1.008291e+04 6.064906e+04 3.672041e+03 -1.068798e+03 -4.373479e+03 4.427679e+03 1.009187e+04 1.360327e+04 1.569561e+03
-4.545455e-03 -6.966963e+04 -4.204554e+03 1.329824e+03 6.006577e+03 5.913715e+03 1.162490e+04 1.703819e+04 1.890009e+03 1.293545e+03 -5.957237e+03 5.363063e+04 -2.869370e+03 -1.709045e+04 1.857749e+03 4.031356e+03 -8.941141e+03 1.634245e+03 -6.781312e+03 6.112965e+04 -3.211941e+03 1.940964e+04 -2.269728e+03 -5.232611e+03 1.019000e+04 6.112278e+04 3.747651e+03 -1.043554e+03 -5.276854e+03 4.550922e+03 1.019905e+04 1.500242e+04 1.541438e+03
-4.343434e-03 -7.001244e+04 -4.292995e+03 1.296390e+03 7.089587e+03 6.072964e+03 1.171377e+04 1.870711e+04 1.852173e+03 1.259983e+03 -7.041561e+03 5.389340e+04 -2.928903e+03 -1.875829e+04 1.819737e+03 4.139084e+03 -9.008387e+03 1.593212e+03 -8.017346e+03 6.142982e+04 -3.281884e+03 2.131195e+04 -2.223884e+03 -5.370468e+03 1.026729e+04 6.142290e+04 3.823153e+03 -1.016365e+03 -6.226949e+03 4.675567e+03 1.027642e+04 1.646566e+04 1.510174e+03
-4.141414e-03 -7.013350e+04 -4.381072e+03 1.260387e+03 8.223398e+03 6.233615e+03 1.176432e+04 2.044535e+04 1.810287e+03 1.223962e+03 -8.176815e+03 5.398551e+04 -2.988157e+03 -2.049532e+04 1.777779e+03 4.247736e+03 -9.046214e+03 1.549026e+03 -9.311455e+03 6.153543e+04 -3.351532e+03 2.329328e+04 -2.173195e+03 -5.509562e+03 1.031103e+04 6.152849e+04 3.898313e+03 -9.871936e+02 -7.221595e+03 4.801258e+03 1.032020e+04 1.798958e+04 1.475623e+03
-3.939394e-03 -7.000843e+04 -4.468490e+03 1.221764e+03 9.404563e+03 6.395151e+03 1.177218e+04 2.224764e+04 1.764180e+03 1.185447e+03 -9.359551e+03 5.388821e+04 -3.046934e+03 -2.229628e+04 1.731712e+03 4.356962e+03 -9.051253e+03 1.501623e+03 -1.065971e+04 6.142512e+04 -3.420651e+03 2.534763e+04 -2.117456e+03 -5.649444e+03 1.031737e+04 6.141818e+04 3.972878e+03 -9.560104e+02 -8.257768e+03 4.927590e+03 1.032655e+04 1.956958e+04 1.437650e+03
-3.737374e-03 -6.961275e+04 -4.554931e+03 1.180483e+03 1.062857e+04 6.556986e+03 1.173290e+04 2.410720e+04 1.713691e+03 1.144409e+03 -1.058525e+04 5.358266e+04 -3.105020e+03 -2.415440e+04 1.681388e+03 4.466365e+03 -9.020109e+03 1.450953e+03 -1.205695e+04 6.107740e+04 -3.488991e+03 2.746729e+04 -2.056480e+03 -5.789608e+03 1.028243e+04 6.107049e+04 4.046579e+03 -9.227961e+02 -9.331510e+03 5.054105e+03 1.029158e+04 2.119971e+04 1.396128e+03
-3.535354e-03 -6.892228e+04 -4.640058e+03 1.136517e+03 1.188976e+04 6.718464e+03 1.164211e+04 2.601563e+04 1.658677e+03 1.100835e+03 -1.184824e+04 5.305027e+04 -3.162189e+03 -2.606129e+04 1.626676e+03 4.575503e+03 -8.949428e+03 1.396983e+03 -1.349671e+04 6.047107e+04 -3.556285e+03 2.964266e+04 -1.990099e+03 -5.929486e+03 1.020238e+04 6.046423e+04 4.119128e+03 -8.875418e+02 -1.043785e+04 5.180292e+03 1.021147e+04 2.287260e+04 1.350944e+03
-3.333333e-03 -6.791371e+04 -4.723517e+03 1.089855e+03 1.318125e+04 6.878859e+03 1.149558e+04 2.796281e+04 1.599016e+03 1.054726e+03 -1.314163e+04 5.227312e+04 -3.218205e+03 -2.800684e+04 1.567464e+03 4.683886e+03 -8.835964e+03 1.339697e+03 -1.497116e+04 5.958570e+04 -3.622254e+03 3.186224e+04 -1.918171e+03 -6.068447e+03 1.007352e+04 5.957895e+04 4.190223e+03 -8.502499e+02 -1.157077e+04 5.305583e+03 1.008249e+04 2.457940e+04 1.302004e+03
-3.131313e-03 -6.656523e+04 -4.804936e+03 1.040502e+03 1.449493e+04 7.037374e+03 1.128933e+04 2.993687e+04 1.534611e+03 1.006097e+03 -1.445730e+04 5.123441e+04 -3.272819e+03 -2.997918e+04 1.503666e+03 4.790976e+03 -8.676669e+03 1.279099e+03 -1.647101e+04 5.840214e+04 -3.686604e+03 3.411246e+04 -1.840584e+03 -6.205800e+03 9.892365e+03 5.839551e+04 4.259550e+03 -8.109352e+02 -1.272314e+04 5.429359e+03 9.901180e+03 2.630969e+04 1.249233e+03
-2.929293e-03 -6.485715e+04 -4.883930e+03 9.884788e+02 1.582141e+04 7.193147e+03 1.101975e+04 3.192415e+04 1.465396e+03 9.549796e+02 -1.578583e+04 4.991900e+04 -3.325774e+03 -3.196467e+04 1.435227e+03 4.896192e+03 -8.468785e+03 1.215215e+03 -1.798554e+04 5.690312e+04 -3.749030e+03 3.637777e+04 -1.757264e+03 -6.340798e+03 9.655764e+03 5.689665e+04 4.326781e+03 -7.696254e+02 -1.388673e+04 5.550949e+03 9.664372e+03 2.805150e+04 1.192582e+03
-2.727273e-03 -6.277266e+04 -4.960101e+03 9.338264e+02 1.715007e+04 7.345253e+03 1.068376e+04 3.390923e+04 1.391339e+03 9.014234e+02 -1.711659e+04 4.831396e+04 -3.376808e+03 -3.394792e+04 1.362122e+03 4.998911e+03 -8.209943e+03 1.148091e+03 -1.950262e+04 5.507390e+04 -3.809220e+03 3.864059e+04 -1.668175e+03 -6.472637e+03 9.361012e+03 5.506763e+04 4.391582e+03 -7.263618e+02 -1.505221e+04 5.669634e+03 9.369362e+03 2.979134e+04 1.132029e+03
-2.525253e-03 -6.029857e+04 -5.033049e+03 8.766039e+02 1.846911e+04 7.492712e+03 1.027890e+04 3.587508e+04 1.312450e+03 8.454942e+02 -1.843776e+04 4.640916e+04 -3.425653e+03 -3.591191e+04 1.284367e+03 5.098473e+03 -7.898268e+03 1.077800e+03 -2.100878e+04 5.290292e+04 -3.866857e+03 4.088150e+04 -1.573331e+03 -6.600465e+03 9.005968e+03 5.289689e+04 4.453613e+03 -6.811995e+02 -1.620925e+04 5.784654e+03 9.014006e+03 3.151427e+04 1.067583e+03
-2.323232e-03 -5.742609e+04 -5.102366e+03 8.168908e+02 1.976571e+04 7.634497e+03 9.803507e+03 3.780317e+04 1.228779e+03 7.872764e+02 -1.973648e+04 4.419783e+04 -3.472040e+03 -3.783814e+04 1.202018e+03 5.194187e+03 -7.532488e+03 1.004438e+03 -2.248936e+04 5.038247e+04 -3.921621e+03 4.307938e+04 -1.472798e+03 -6.723392e+03 8.589177e+03 5.037672e+04 4.512532e+03 -6.342078e+02 -1.734660e+04 5.895212e+03 8.596847e+03 3.320406e+04 9.992902e+02
-2.121212e-03 -5.415156e+04 -5.167648e+03 7.547871e+02 2.102612e+04 7.769551e+03 9.256836e+03 3.967374e+04 1.140427e+03 7.268720e+02 -2.099900e+04 4.167715e+04 -3.515704e+03 -3.970686e+04 1.115178e+03 5.285341e+03 -7.112030e+03 9.281264e+02 -2.392867e+04 4.750933e+04 -3.973192e+03 4.521169e+04 -1.366698e+03 -6.840497e+03 8.109986e+03 4.750390e+04 4.567999e+03 -5.854702e+02 -1.845220e+04 6.000489e+03 8.117231e+03 3.484340e+04 9.272343e+02
-1.919192e-03 -5.047710e+04 -5.228500e+03 6.904133e+02 2.223598e+04 7.896796e+03 8.639175e+03 4.146610e+04 1.047546e+03 6.644008e+02 -2.221090e+04 3.884877e+04 -3.556383e+03 -4.149742e+04 1.023997e+03 5.371212e+03 -6.637121e+03 8.490135e+02 -2.531029e+04 4.428537e+04 -4.021259e+03 4.725487e+04 -1.255213e+03 -6.950845e+03 7.568649e+03 4.428030e+04 4.619680e+03 -5.350840e+02 -1.951345e+04 6.099651e+03 7.575414e+03 3.641416e+04 8.515397e+02
-1.717172e-03 -4.641121e+04 -5.284535e+03 6.239106e+02 2.338050e+04 8.015156e+03 7.951957e+03 4.315902e+04 9.503402e+02 5.999998e+02 -2.335738e+04 3.571921e+04 -3.593823e+03 -4.318861e+04 9.286773e+02 5.451074e+03 -6.108862e+03 7.672721e+02 -2.661733e+04 4.071804e+04 -4.065518e+03 4.918469e+04 -1.138590e+03 -7.053498e+03 6.966422e+03 4.071337e+04 4.667254e+03 -4.831601e+02 -2.051738e+04 6.191864e+03 6.972652e+03 3.789774e+04 7.723737e+02
-1.515152e-03 -4.196915e+04 -5.335387e+03 5.554401e+02 2.444483e+04 8.123569e+03 7.197834e+03 4.473117e+04 8.490709e+02 5.338225e+02 -2.442354e+04 3.230025e+04 -3.627785e+03 -4.475914e+04 8.294720e+02 5.524216e+03 -5.529289e+03 6.831001e+02 -2.783281e+04 3.682074e+04 -4.105681e+03 5.097685e+04 -1.017140e+03 -7.147534e+03 6.305629e+03 3.681652e+04 4.710411e+03 -4.298222e+02 -2.145096e+04 6.276307e+03 6.311271e+03 3.927547e+04 6.899474e+02
-1.313131e-03 -3.717326e+04 -5.380712e+03 4.851821e+02 2.541438e+04 8.221018e+03 6.380723e+03 4.616165e+04 7.440533e+02 4.660382e+02 -2.539478e+04 2.860904e+04 -3.658042e+03 -4.618811e+04 7.266865e+02 5.589953e+03 -4.901409e+03 5.967195e+02 -2.894008e+04 3.261306e+04 -4.141475e+03 5.260751e+04 -8.912405e+02 -7.232068e+03 5.589700e+03 3.260931e+04 4.748866e+03 -3.752060e+02 -2.230140e+04 6.352193e+03 5.594703e+03 4.052902e+04 6.045157e+02
-1.111111e-03 -3.205288e+04 -5.420193e+03 4.133348e+02 2.627524e+04 8.306544e+03 5.505812e+03 4.743048e+04 6.356570e+02 3.968300e+02 -2.625715e+04 2.466819e+04 -3.684389e+03 -4.745561e+04 6.206766e+02 5.647640e+03 -4.229201e+03 5.083743e+02 -2.992323e+04 2.812074e+04 -4.172653e+03 5.405392e+04 -7.613308e+02 -7.306264e+03 4.823176e+03 2.811751e+04 4.782353e+03 -3.194583e+02 -2.305650e+04 6.418782e+03 4.827495e+03 4.164091e+04 5.163764e+02
-9.090909e-04 -2.664424e+04 -5.453550e+03 3.401126e+02 2.701452e+04 8.379274e+03 4.579521e+03 4.851922e+04 5.243027e+02 3.263944e+02 -2.699774e+04 2.050555e+04 -3.706641e+03 -4.854319e+04 5.118460e+02 5.696692e+03 -3.517591e+03 4.183293e+02 -3.076754e+04 2.337556e+04 -4.198994e+03 5.529503e+04 -6.279115e+02 -7.369364e+03 4.011678e+03 2.337287e+04 4.810639e+03 -2.627358e+02 -2.370496e+04 6.475398e+03 4.015271e+03 4.259497e+04 4.258677e+02
-7.070707e-04 -2.098991e+04 -5.480540e+03 2.657447e+02 2.762079e+04 8.438440e+03 3.609417e+03 4.941147e+04 4.104577e+02 2.549385e+02 -2.760508e+04 1.615389e+04 -3.724641e+03 -4.943448e+04 4.006419e+02 5.736594e+03 -2.772382e+03 3.268674e+02 -3.145996e+04 1.841486e+04 -4.220305e+03 5.631215e+04 -4.915379e+02 -7.420699e+03 3.161831e+03 1.841274e+04 4.833520e+03 -2.052036e+02 -2.423675e+04 6.521450e+03 3.164663e+03 4.337685e+04 3.333648e+02
-5.050505e-04 -1.513811e+04 -5.500962e+03 1.904724e+02 2.808439e+04 8.483402e+03 2.604086e+03 5.009341e+04 2.946302e+02 1.826793e+02 -2.806951e+04 1.165029e+04 -3.738258e+03 -5.011569e+04 2.875495e+02 5.766913e+03 -2.000158e+03 2.342867e+02 -3.198944e+04 1.328094e+04 -4.236430e+03 5.708953e+04 -3.528132e+02 -7.459711e+03 2.281148e+03 1.327941e+04 4.850831e+03 -1.470341e+02 -2.464340e+04 6.556442e+03 2.283192e+03 4.397442e+04 2.392750e+02
-3.030303e-04 -9.141713e+03 -5.514664e+03 1.145468e+02 2.839779e+04 8.513660e+03 1.572955e+03 5.055424e+04 1.773617e+02 1.098408e+02 -2.838347e+04 7.035449e+03 -3.747392e+03 -5.057602e+04 1.730852e+02 5.787317e+03 -1.208149e+03 1.408978e+02 -3.234738e+04 8.020184e+03 -4.247248e+03 5.761486e+04 -2.123797e+02 -7.485967e+03 1.377882e+03 8.019261e+03 4.862443e+03 -8.840535e+01 -2.491829e+04 6.579989e+03 1.379117e+03 4.437823e+04 1.440319e+02
-1.010101e-04 -3.057119e+03 -5.521540e+03 3.822629e+01 2.855581e+04 8.528875e+03 5.260820e+02 5.078654e+04 5.921834e+01 3.665258e+01 -2.854177e+04 2.352752e+03 -3.751976e+03 -5.080807e+04 5.778810e+01 5.797577e+03 -4.040688e+02 4.702044e+01 -3.252785e+04 2.682063e+03 -4.252678e+03 5.787967e+04 -7.090916e+01 -7.499169e+03 4.608378e+02 2.681754e+03 4.868272e+03 -2.949934e+01 -2.505690e+04 6.591829e+03 4.612508e+02 4.458179e+04 4.808886e+01
1.010101e-04 3.057119e+03 -5.521540e+03 -3.822629e+01 2.855581e+04 8.528875e+03 -5.260820e+02 5.078654e+04 -5.921834e+01 -3.665258e+01 -2.854177e+04 -2.352752e+03 -3.751976e+03 -5.080807e+04 -5.778810e+01 5.797577e+03 4.040688e+02 -4.702044e+01 -3.252785e+04 -2.682063e+03 -4.252678e+03 5.787967e+04 7.090916e+01 -7.499169e+03 -4.608378e+02 -2.681754e+03 4.868272e+03 2.949934e+01 -2.505690e+04 6.591829e+03 -4.612508e+02 4.458179e+04 -4.808886e+01
3.030303e-04 9.141713e+03 -5.514664e+03 -1.145468e+02 2.839779e+04 8.513660e+03 -1.572955e+03 5.055424e+04 -1.773617e+02 -1.098408e+02 -2.838347e+04 -7.035449e+03 -3.747392e+03 -5.057602e+04 -1.730852e+02 5.787317e+03 1.208149e+03 -1.408978e+02 -3.234738e+04 -8.020184e+03 -4.247248e+03 5.761486e+04 2.123797e+02 -7.485967e+03 -1.377882e+03 -8.019261e+03 4.862443e+03 8.840535e+01 -2.491829e+04 6.579989e+03 -1.379117e+03 4.437823e+04 -1.440319e+02
5.050505e-04 1.513811e+04 -5.500962e+03 -1.904724e+02 2.808439e+04 8.483402e+03 -2.604086e+03 5.009341e+04 -2.946302e+02 -1.826793e+02 -2.806951e+04 -1.165029e+04 -3.738258e+03 -5.011569e+04 -2.875495e+02 5.766913e+03 2.000158e+03 -2.342867e+02 -3.198944e+04 -1.328094e+04 -4.236430e+03 5.708953e+04 3.528132e+02 -7.459711e+03 -2.281148e+03 -1.327941e+04 4.850831e+03 1.470341e+02 -2.464340e+04 6.556442e+03 -2.283192e+03 4.397442e+04 -2.392750e+02
7.070707e-04 2.098991e+04 -5.480540e+03 -2.657447e+02 2.762079e+04 8.438440e+03 -3.609417e+03 4.941147e+04 -4.104577e+02 -2.549385e+02 -2.760508e+04 -1.615389e+04 -3.724641e+03 -4.943448e+04 -4.006419e+02 5.736594e+03 2.772382e+03 -3.268674e+02 -3.145996e+04 -1.841486e+04 -4.220305e+03 5.631215e+04 4.915379e+02 -7.420699e+03 -3.161831e+03 -1.841274e+04 4.833520e+03 2.052036e+02 -2.423675e+04 6.521450e+03 -3.164663e+03 4.337685e+04 -3.333648e+02
9.090909e-04 2.664424e+04 -5.453550e+03 -3.401126e+02 2.701452e+04 8.379274e+03 -4.579521e+03 4.851922e+04 -5.243027e+02 -3.263944e+02 -2.699774e+04 -2.050555e+04 -3.706641e+03 -4.854319e+04 -5.118460e+02 5.696692e+03 3.517591e+03 -4.183293e+02 -3.076754e+04 -2.337556e+04 -4.198994e+03 5.529503e+04 6.279115e+02 -7.369364e+03 -4.011678e+03 -2.337287e+04 4.810639e+03 2.627358e+02 -2.370496e+04 6.475398e+03 -4.015271e+03 4.259497e+04 -4.258677e+02
1.111111e-03 3.205288e+04 -5.420193e+03 -4.133348e+02 2.627524e+04 8.306544e+03 -5.505812e+03 4.743048e+04 -6.356570e+02 -3.968300e+02 -2.625715e+04 -2.466819e+04 -3.684389e+03 -4.745561e+04 -6.206766e+02 5.647640e+03 4.229201e+03 -5.083743e+02 -2.992323e+04 -2.812074e+04 -4.172653e+03 5.405392e+04 7.613308e+02 -7.306264e+03 -4.823176e+03 -2.811751e+04 4.782353e+03 3.194583e+02 -2.305650e+04 6.418782e+03 -4.827495e+03 4.164091e+04 -5.163764e+02
1.313131e-03 3.717326e+04 -5.380712e+03 -4.851821e+02 2.541438e+04 8.221018e+03 -6.380723e+03 4.616165e+04 -7.440533e+02 -4.660382e+02 -2.539478e+04 -2.860904e+04 -3.658042e+03 -4.618811e+04 -7.266865e+02 5.589953e+03 4.901409e+03 -5.967195e+02 -2.894008e+04 -3.261306e+04 -4.141475e+03 5.260751e+04 8.912405e+02 -7.232068e+03 -5.589700e+03 -3.260931e+04 4.748866e+03 3.752060e+02 -2.230140e+04 6.352193e+03 -5.594703e+03 4.052902e+04 -6.045157e+02
1.515152e-03 4.196915e+04 -5.335387e+03 -5.554401e+02 2.444483e+04 8.123569e+03 -7.197834e+03 4.473117e+04 -8.490709e+02 -5.338225e+02 -2.442354e+04 -3.230025e+04 -3.627785e+03 -4.475914e+04 -8.294720e+02 5.524216e+03 5.529289e+03 -6.831001e+02 -2.783281e+04 -3.682074e+04 -4.105681e+03 5.097685e+04 1.017140e+03 -7.147534e+03 -6.305629e+03 -3.681652e+04 4.710411e+03 4.298222e+02 -2.145096e+04 6.276307e+03 -6.311271e+03 3.927547e+04 -6.899474e+02
1.717172e-03 4.641121e+04 -5.284535e+03 -6.239106e+02 2.338050e+04 8.015156e+03 -7.951957e+03 4.315902e+04 -9.503402e+02 -5.999998e+02 -2.335738e+04 -3.571921e+04 -3.593823e+03 -4.318861e+04 -9.286773e+02 5.451074e+03 6.108862e+03 -7.672721e+02 -2.661733e+04 -4.071804e+04 -4.065518e+03 4.918469e+04 1.138590e+03 -7.053498e+03 -6.966422e+03 -4.071337e+04 4.667254e+03 4.831601e+02 -2.051738e+04 6.191864e+03 -6.972652e+03 3.789774e+04 -7.723737e+02
1.919192e-03 5.047710e+04 -5.228500e+03 -6.904133e+02 2.223598e+04 7.896796e+03 -8.639175e+03 4.146610e+04 -1.047546e+03 -6.644008e+02 -2.221090e+04 -3.884877e+04 -3.556383e+03 -4.149742e+04 -1.023997e+03 5.371212e+03 6.637121e+03 -8.490135e+02 -2.531029e+04 -4.428537e+04 -4.021259e+03 4.725487e+04 1.255213e+03 -6.950845e+03 -7.568649e+03 -4.428030e+04 4.619680e+03 5.350840e+02 -1.951345e+04 6.099651e+03 -7.575414e+03 3.641416e+04 -8.515397e+02
2.121212e-03 5.415156e+04 -5.167648e+03 -7.547871e+02 2.102612e+04 7.769551e+03 -9.256836e+03 3.967374e+04 -1.140427e+03 -7.268720e+02 -2.099900e+04 -4.167715e+04 -3.515704e+03 -3.970686e+04 -1.115178e+03 5.285341e+03 7.112030e+03 -9.281264e+02 -2.392867e+04 -4.750933e+04 -3.973192e+03 4.521169e+04 1.366698e+03 -6.840497e+03 -8.109986e+03 -4.750390e+04 4.567999e+03 5.854702e+02 -1.845220e+04 6.000489e+03 -8.117231e+03 3.484340e+04 -9.272343e+02
2.323232e-03 5.742609e+04 -5.102366e+03 -8.168908e+02 1.976571e+04 7.634497e+03 -9.803507e+03 3.780317e+04 -1.228779e+03 -7.872764e+02 -1.973648e+04 -4.419783e+04 -3.472040e+03 -3.783814e+04 -1.202018e+03 5.194187e+03 7.532488e+03 -1.004438e+03 -2.248936e+04 -5.038247e+04 -3.921621e+03 4.307938e+04 1.472798e+03 -6.723392e+03 -8.589177e+03 -5.037672e+04 4.512532e+03 6.342078e+02 -1.734660e+04 5.895212e+03 -8.596847e+03 3.320406e+04 -9.992902e+02
2.525253e-03 6.029857e+04 -5.033049e+03 -8.766039e+02 1.846911e+04 7.492712e+03 -1.027890e+04 3.587508e+04 -1.312450e+03 -8.454942e+02 -1.843776e+04 -4.640916e+04 -3.425653e+03 -3.591191e+04 -1.284367e+03 5.098473e+03 7.898268e+03 -1.077800e+03 -2.100878e+04 -5.290292e+04 -3.866857e+03 4.088150e+04 1.573331e+03 -6.600465e+03 -9.005968e+03 -5.289689e+04 4.453613e+03 6.811995e+02 -1.620925e+04 5.784654e+03 -9.014006e+03 3.151427e+04 -1.067583e+03
2.727273e-03 6.277266e+04 -4.960101e+03 -9.338264e+02 1.715007e+04 7.345253e+03 -1.068376e+04 3.390923e+04 -1.391339e+03 -9.014234e+02 -1.711659e+04 -4.831396e+04 -3.376808e+03 -3.394792e+04 -1.362122e+03 4.998911e+03 8.209943e+03 -1.148091e+03 -1.950262e+04 -5.507390e+04 -3.809220e+03 3.864059e+04 1.668175e+03 -6.472637e+03 -9.361012e+03 -5.506763e+04 4.391582e+03 7.263618e+02 -1.505221e+04 5.669634e+03 -9.369362e+03 2.979134e+04 -1.132029e+03
2.929293e-03 6.485715e+04 -4.883930e+03 -9.884788e+02 1.582141e+04 7.193147e+03 -1.101975e+04 3.192415e+04 -1.465396e+03 -9.549796e+02 -1.578583e+04 -4.991900e+04 -3.325774e+03 -3.196467e+04 -1.435227e+03 4.896192e+03 8.468785e+03 -1.215215e+03 -1.798554e+04 -5.690312e+04 -3.749030e+03 3.637777e+04 1.757264e+03 -6.340798e+03 -9.655764e+03 -5.689665e+04 4.326781e+03 7.696254e+02 -1.388673e+04 5.550949e+03 -9.664372e+03 2.805150e+04 -1.192582e+03
3.131313e-03 6.656523e+04 -4.804936e+03 -1.040502e+03 1.449493e+04 7.037374e+03 -1.128933e+04 2.993687e+04 -1.534611e+03 -1.006097e+03 -1.445730e+04 -5.123441e+04 -3.272819e+03 -2.997918e+04 -1.503666e+03 4.790976e+03 8.676669e+03 -1.279099e+03 -1.647101e+04 -5.840214e+04 -3.686604e+03 3.411246e+04 1.840584e+03 -6.205800e+03 -9.892365e+03 -5.839551e+04 4.259550e+03 8.109352e+02 -1.272314e+04 5.429359e+03 -9.901180e+03 2.630969e+04 -1.249233e+03
3.333333e-03 6.791371e+04 -4.723517e+03 -1.089855e+03 1.318125e+04 6.878859e+03 -1.149558e+04 2.796281e+04 -1.599016e+03 -1.054726e+03 -1.314163e+04 -5.227312e+04 -3.218205e+03 -2.800684e+04 -1.567464e+03 4.683886e+03 8.835964e+03 -1.339697e+03 -1.497116e+04 -5.958570e+04 -3.622254e+03 3.186224e+04 1.918171e+03 -6.068447e+03 -1.007352e+04 -5.957895e+04 4.190223e+03 8.502499e+02 -1.157077e+04 5.305583e+03 -1.008249e+04 2.457940e+04 -1.302004e+03
3.535354e-03 6.892228e+04 -4.640058e+03 -1.136517e+03 1.188976e+04 6.718464e+03 -1.164211e+04 2.601563e+04 -1.658677e+03 -1.100835e+03 -1.184824e+04 -5.305027e+04 -3.162189e+03 -2.606129e+04 -1.626676e+03 4.575503e+03 8.949428e+03 -1.396983e+03 -1.349671e+04 -6.047107e+04 -3.556285e+03 2.964266e+04 1.990099e+03 -5.929486e+03 -1.020238e+04 -6.046423e+04 4.119128e+03 8.875418e+02 -1.043785e+04 5.180292e+03 -1.021147e+04 2.287260e+04 -1.350944e+03
3.737374e-03 6.961275e+04 -4.554931e+03 -1.180483e+03 1.062857e+04 6.556986e+03 -1.173290e+04 2.410720e+04 -1.713691e+03 -1.144409e+03 -1.058525e+04 -5.358266e+04 -3.105020e+03 -2.415440e+04 -1.681388e+03 4.466365e+03 9.020109e+03 -1.450953e+03 -1.205695e+04 -6.107740e+04 -3.488991e+03 2.746729e+04 2.056480e+03 -5.789608e+03 -1.028243e+04 -6.107049e+04 4.046579e+03 9.227961e+02 -9.331510e+03 5.054105e+03 -1.029158e+04 2.119971e+04 -1.396128e+03
3.939394e-03 7.000843e+04 -4.468490e+03 -1.221764e+03 9.404563e+03 6.395151e+03 -1.177218e+04 2.224764e+04 -1.764180e+03 -1.185447e+03 -9.359551e+03 -5.388821e+04 -3.046934e+03 -2.229628e+04 -1.731712e+03 4.356962e+03 9.051253e+03 -1.501623e+03 -1.065971e+04 -6.142512e+04 -3.420651e+03 2.534763e+04 2.117456e+03 -5.649444e+03 -1.031737e+04 -6.141818e+04 3.972878e+03 9.560104e+02 -8.257768e+03 4.927590e+03 -1.032655e+04 1.956958e+04 -1.437650e+03
4.141414e-03 7.013350e+04 -4.381072e+03 -1.260387e+03 8.223398e+03 6.233615e+03 -1.176432e+04 2.044535e+04 -1.810287e+03 -1.223962e+03 -8.176815e+03 -5.398551e+04 -2.988157e+03 -2.049532e+04 -1.777779e+03 4.247736e+03 9.046214e+03 -1.549026e+03 -9.311455e+03 -6.153543e+04 -3.351532e+03 2.329328e+04 2.173195e+03 -5.509562e+03 -1.031103e+04 -6.152849e+04 3.898313e+03 9.871936e+02 -7.221595e+03 4.801258e+03 -1.032020e+04 1.798958e+04 -1.475623e+03
4.343434e-03 7.001244e+04 -4.292995e+03 -1.296390e+03 7.089587e+03 6.072964e+03 -1.171377e+04 1.870711e+04 -1.852173e+03 -1.259983e+03 -7.041561e+03 -5.389340e+04 -2.928903e+03 -1.875829e+04 -1.819737e+03 4.139084e+03 9.008387e+03 -1.593212e+03 -8.017346e+03 -6.142982e+04 -3.281884e+03 2.131195e+04 2.223884e+03 -5.370468e+03 -1.026729e+04 -6.142290e+04 3.823153e+03 1.016365e+03 -6.226949e+03 4.675567e+03 -1.027642e+04 1.646566e+04 -1.510174e+03
4.545455e-03 6.966963e+04 -4.204554e+03 -1.329824e+03 6.006577e+03 5.913715e+03 -1.162490e+04 1.703819e+04 -1.890009e+03 -1.293545e+03 -5.957237e+03 -5.363063e+04 -2.869370e+03 -1.709045e+04 -1.857749e+03 4.031356e+03 8.941141e+03 -1.634245e+03 -6.781312e+03 -6.112965e+04 -3.211941e+03 1.940964e+04 2.269728e+03 -5.232611e+03 -1.019000e+04 -6.112278e+04 3.747651e+03 1.043554e+03 -5.276854e+03 4.550922e+03 -1.019905e+04 1.500242e+04 -1.541438e+03
4.747475e-03 6.912891e+04 -4.116023e+03 -1.360750e+03 4.976839e+03 5.756320e+03 -1.150203e+04 1.544245e+04 -1.923980e+03 -1.324700e+03 -4.926317e+03 -5.321555e+04 -2.809743e+03 -1.549568e+04 -1.891986e+03 3.924858e+03 8.847770e+03 -1.672201e+03 -5.606173e+03 -6.065587e+04 -3.141920e+03 1.759079e+04 2.310942e+03 -5.096381e+03 -1.008291e+04 -6.064906e+04 3.672041e+03 1.068798e+03 -4.373479e+03 4.427679e+03 -1.009187e+04 1.360327e+04 -1.569561e+03
4.949495e-03 6.841333e+04 -4.027652e+03 -1.389238e+03 4.001972e+03 5.601171e+03 -1.134929e+04 1.392255e+04 -1.954274e+03 -1.353503e+03 -3.950400e+03 -5.266589e+04 -2.750193e+03 -1.397663e+04 -1.922625e+03 3.819855e+03 8.731445e+03 -1.707166e+03 -4.493748e+03 -6.002867e+04 -3.072018e+03 1.585838e+04 2.347749e+03 -4.962117e+03 -9.949646e+03 -6.002194e+04 3.596538e+03 1.092142e+03 -3.518226e+03 4.306144e+03 -9.958482e+03 1.227053e+04 -1.594693e+03
5.151515e-03 6.754487e+04 -3.939671e+03 -1.415362e+03 3.082800e+03 5.448599e+03 -1.117061e+04 1.248002e+04 -1.981082e+03 -1.380021e+03 -3.030309e+03 -5.199856e+04 -2.690875e+03 -1.253481e+04 -1.949849e+03 3.716573e+03 8.595189e+03 -1.739236e+03 -3.444976e+03 -5.926734e+04 -3.002418e+03 1.421419e+04 2.380376e+03 -4.830105e+03 -9.793658e+03 -5.926071e+04 3.521340e+03 1.113637e+03 -2.711818e+03 4.186579e+03 -9.802355e+03 1.100555e+04 -1.616987e+03
5.353535e-03 6.654430e+04 -3.852287e+03 -1.439207e+03 2.219476e+03 5.298884e+03 -1.096972e+04 1.111542e+04 -2.004600e+03 -1.404327e+03 -2.166194e+03 -5.122954e+04 -2.631929e+03 -1.117082e+04 -1.973841e+03 3.615202e+03 8.441850e+03 -1.768512e+03 -2.460028e+03 -5.839009e+04 -2.933285e+03 1.265884e+04 2.409053e+03 -4.700586e+03 -9.618197e+03 -5.838356e+04 3.446625e+03 1.133340e+03 -1.954392e+03 4.069205e+03 -9.626737e+03 9.808818e+03 -1.636599e+03
5.555556e-03 6.543102e+04 -3.765688e+03 -1.460859e+03 1.411581e+03 5.152255e+03 -1.075008e+04 9.828511e+03 -2.025019e+03 -1.426496e+03 -1.357631e+03 -5.037375e+04 -2.573484e+03 -9.884403e+03 -1.994786e+03 3.515899e+03 8.274084e+03 -1.795103e+03 -1.538419e+03 -5.741394e+04 -2.864764e+03 1.119207e+04 2.434009e+03 -4.573758e+03 -9.426294e+03 -5.740754e+04 3.372553e+03 1.151312e+03 -1.245580e+03 3.954205e+03 -9.434664e+03 8.680135e+03 -1.653682e+03
5.757576e-03 6.422303e+04 -3.680037e+03 -1.480408e+03 6.582123e+02 5.008899e+03 -1.051488e+04 8.618340e+03 -2.042529e+03 -1.446611e+03 -6.037137e+02 -4.944504e+04 -2.515651e+03 -8.674614e+03 -2.012864e+03 3.418789e+03 8.094347e+03 -1.819121e+03 -6.791146e+02 -5.635469e+04 -2.796989e+03 9.812775e+03 2.455469e+03 -4.449779e+03 -9.220755e+03 -5.634841e+04 3.299268e+03 1.167618e+03 -5.845898e+02 3.841726e+03 -9.228942e+03 7.618667e+03 -1.668389e+03
5.959596e-03 6.293686e+04 -3.595482e+03 -1.497946e+03 -4.192761e+01 4.868958e+03 -1.026708e+04 7.483382e+03 -2.057317e+03 -1.464756e+03 9.686089e+01 -4.845613e+04 -2.458532e+03 -7.539935e+03 -2.028255e+03 3.323973e+03 7.904892e+03 -1.840679e+03 1.193715e+02 -5.522683e+04 -2.730073e+03 8.519228e+03 2.473653e+03 -4.328774e+03 -9.004149e+03 -5.522069e+04 3.226895e+03 1.182325e+03 2.971458e+01 3.731885e+03 -9.012145e+03 6.623083e+03 -1.680869e+03
6.161616e-03 6.158762e+04 -3.512149e+03 -1.513569e+03 -6.904542e+02 4.732544e+03 -1.000933e+04 6.421644e+03 -2.069563e+03 -1.481018e+03 7.457142e+02 -4.741864e+04 -2.402214e+03 -6.478377e+03 -2.041132e+03 3.231526e+03 7.707769e+03 -1.859895e+03 8.588887e+02 -5.404362e+04 -2.664120e+03 7.309152e+03 2.488779e+03 -4.210836e+03 -8.778816e+03 -5.403762e+04 3.155546e+03 1.195502e+03 5.987498e+02 3.624769e+03 -8.786614e+03 5.691639e+03 -1.691268e+03
6.363636e-03 6.018896e+04 -3.430148e+03 -1.527371e+03 -1.289231e+03 4.599732e+03 -9.744060e+03 5.430765e+03 -2.079442e+03 -1.495484e+03 1.344716e+03 -4.634309e+04 -2.346773e+03 -5.487586e+03 -2.051664e+03 3.141502e+03 7.504830e+03 -1.876884e+03 1.541569e+03 -5.281703e+04 -2.599215e+03 6.179856e+03 2.501053e+03 -4.096030e+03 -8.546869e+03 -5.281117e+04 3.085316e+03 1.207220e+03 1.124150e+03 3.520443e+03 -8.554463e+03 4.822271e+03 -1.699726e+03
6.565657e-03 5.875318e+04 -3.349573e+03 -1.539446e+03 -1.840306e+03 4.470572e+03 -9.473423e+03 4.508100e+03 -2.087122e+03 -1.508242e+03 1.895921e+03 -4.523893e+04 -2.292274e+03 -4.564924e+03 -2.060013e+03 3.053934e+03 7.297733e+03 -1.891762e+03 2.169757e+03 -5.155785e+04 -2.535434e+03 5.128323e+03 2.510677e+03 -3.984397e+03 -8.310201e+03 -5.155215e+04 3.016287e+03 1.217549e+03 1.607711e+03 3.418947e+03 -8.317588e+03 4.012665e+03 -1.706381e+03
6.767677e-03 5.729127e+04 -3.270503e+03 -1.549886e+03 -2.345861e+03 4.345087e+03 -9.199347e+03 3.650802e+03 -2.092764e+03 -1.519382e+03 2.401517e+03 -4.411463e+04 -2.238771e+03 -3.707547e+03 -2.066335e+03 2.968841e+03 7.087957e+03 -1.904646e+03 2.745947e+03 -5.027573e+04 -2.472838e+03 4.151306e+03 2.517842e+03 -3.875958e+03 -8.070498e+03 -5.027017e+04 2.948527e+03 1.226560e+03 2.051345e+03 3.320303e+03 -8.077675e+03 3.260328e+03 -1.711360e+03
6.969697e-03 5.581297e+04 -3.193001e+03 -1.558785e+03 -2.808161e+03 4.223282e+03 -8.923531e+03 2.855880e+03 -2.096521e+03 -1.528988e+03 2.863775e+03 -4.297767e+04 -2.186311e+03 -2.912473e+03 -2.070778e+03 2.886226e+03 6.876806e+03 -1.915647e+03 3.272729e+03 -4.897921e+04 -2.411480e+03 3.245395e+03 2.522731e+03 -3.770713e+03 -7.829248e+03 -4.897380e+04 2.882094e+03 1.234322e+03 2.457039e+03 3.224516e+03 -7.836215e+03 2.562644e+03 -1.714789e+03
7.171717e-03 5.432688e+04 -3.117120e+03 -1.566232e+03 -3.229516e+03 4.105140e+03 -8.647467e+03 2.120262e+03 -2.098539e+03 -1.537149e+03 3.285013e+03 -4.183466e+04 -2.134929e+03 -2.176635e+03 -2.073485e+03 2.806080e+03 6.665425e+03 -1.924877e+03 3.752746e+03 -4.767582e+04 -2.351400e+03 2.407089e+03 2.525519e+03 -3.668648e+03 -7.587759e+03 -4.767057e+04 2.817033e+03 1.240905e+03 2.826819e+03 3.131577e+03 -7.594515e+03 1.916923e+03 -1.716786e+03
7.373737e-03 5.284049e+04 -3.042900e+03 -1.572315e+03 -3.612248e+03 3.990629e+03 -8.372452e+03 1.440841e+03 -2.098956e+03 -1.543946e+03 3.667558e+03 -4.069140e+04 -2.084654e+03 -1.496932e+03 -2.074590e+03 2.728383e+03 6.454810e+03 -1.932442e+03 4.188652e+03 -4.637216e+04 -2.292630e+03 1.632842e+03 2.526371e+03 -3.569734e+03 -7.347166e+03 -4.636706e+04 2.753380e+03 1.246377e+03 3.162720e+03 3.041464e+03 -7.353713e+03 1.320445e+03 -1.717463e+03
7.575758e-03 5.136035e+04 -2.970370e+03 -1.577119e+03 -3.958663e+03 3.879707e+03 -8.099606e+03 8.145122e+02 -2.097901e+03 -1.549463e+03 4.013723e+03 -3.955290e+04 -2.035507e+03 -8.702644e+02 -2.074221e+03 2.653106e+03 6.245823e+03 -1.938448e+03 4.583084e+03 -4.507395e+04 -2.235195e+03 9.191166e+02 2.525443e+03 -3.473932e+03 -7.108451e+03 -4.506900e+04 2.691161e+03 1.250804e+03 3.466766e+03 2.954145e+03 -7.114790e+03 7.704923e+02 -1.716925e+03
7.777778e-03 4.989208e+04 -2.899550e+03 -1.580725e+03 -4.271030e+03 3.772316e+03 -7.829888e+03 2.382077e+02 -2.095498e+03 -1.553777e+03 4.325782e+03 -3.842348e+04 -1.987505e+03 -2.935703e+02 -2.072496e+03 2.580213e+03 6.039199e+03 -1.942994e+03 4.938635e+03 -4.378613e+04 -2.179110e+03 2.624141e+02 2.522882e+03 -3.381194e+03 -6.872453e+03 -4.378132e+04 2.630396e+03 1.254249e+03 3.740944e+03 2.869578e+03 -6.878587e+03 2.643790e+02 -1.715273e+03
7.979798e-03 4.844047e+04 -2.830452e+03 -1.583213e+03 -4.551559e+03 3.668393e+03 -7.564107e+03 -2.910784e+02 -2.091861e+03 -1.556966e+03 4.605952e+03 -3.730686e+04 -1.940655e+03 2.361513e+02 -2.069530e+03 2.509662e+03 5.835561e+03 -1.946178e+03 5.257833e+03 -4.251291e+04 -2.124384e+03 -3.406928e+02 2.518825e+03 -3.291462e+03 -6.639882e+03 -4.250824e+04 2.571095e+03 1.256774e+03 3.987196e+03 2.787716e+03 -6.645815e+03 -2.005269e+02 -1.712599e+03
8.181818e-03 4.700959e+04 -2.763079e+03 -1.584659e+03 -4.802394e+03 3.567866e+03 -7.302941e+03 -7.762698e+02 -2.087099e+03 -1.559104e+03 4.856379e+03 -3.620615e+04 -1.894962e+03 7.218189e+02 -2.065427e+03 2.441404e+03 5.635431e+03 -1.948092e+03 5.543127e+03 -4.125785e+04 -2.071022e+03 -8.935372e+02 2.513402e+03 -3.204672e+03 -6.411334e+03 -4.125333e+04 2.513264e+03 1.258440e+03 4.207399e+03 2.708503e+03 -6.417069e+03 -6.267854e+02 -1.708992e+03
8.383838e-03 4.560283e+04 -2.697430e+03 -1.585134e+03 -5.025595e+03 3.470656e+03 -7.046952e+03 -1.220192e+03 -2.081311e+03 -1.560261e+03 5.079132e+03 -3.512396e+04 -1.850426e+03 1.166253e+03 -2.060289e+03 2.375387e+03 5.439240e+03 -1.948825e+03 5.796873e+03 -4.002393e+04 -2.019022e+03 -1.399340e+03 2.506734e+03 -3.120757e+03 -6.187298e+03 -4.001955e+04 2.456900e+03 1.259303e+03 4.403361e+03 2.631881e+03 -6.192839e+03 -1.016871e+03 -1.704535e+03
8.585859e-03 4.422299e+04 -2.633495e+03 -1.584708e+03 -5.223137e+03 3.376681e+03 -6.796592e+03 -1.625560e+03 -2.074593e+03 -1.560505e+03 5.276188e+03 -3.406245e+04 -1.807042e+03 1.572166e+03 -2.054206e+03 2.311558e+03 5.247337e+03 -1.948461e+03 6.021327e+03 -3.881361e+04 -1.968376e+03 -1.861199e+03 2.498935e+03 -3.039645e+03 -5.968173e+03 -3.880936e+04 2.401998e+03 1.259419e+03 4.576814e+03 2.557787e+03 -5.973526e+03 -1.373161e+03 -1.699303e+03
8.787879e-03 4.287234e+04 -2.571262e+03 -1.583446e+03 -5.396900e+03 3.285855e+03 -6.552221e+03 -1.994973e+03 -2.067031e+03 -1.559899e+03 5.449433e+03 -3.302338e+04 -1.764801e+03 1.942152e+03 -2.047266e+03 2.249857e+03 5.060001e+03 -1.947082e+03 6.218640e+03 -3.762888e+04 -1.919075e+03 -2.282075e+03 2.490110e+03 -2.961260e+03 -5.754277e+03 -3.762477e+04 2.348546e+03 1.258839e+03 4.729407e+03 2.486155e+03 -5.759445e+03 -1.697931e+03 -1.693370e+03
8.989899e-03 4.155269e+04 -2.510711e+03 -1.581412e+03 -5.548670e+03 3.198089e+03 -6.314119e+03 -2.330906e+03 -2.058708e+03 -1.558507e+03 5.600656e+03 -3.200812e+04 -1.723692e+03 2.278681e+03 -2.039550e+03 2.190227e+03 4.877446e+03 -1.944762e+03 6.390852e+03 -3.647132e+04 -1.871104e+03 -2.664789e+03 2.480357e+03 -2.885525e+03 -5.545851e+03 -3.646734e+04 2.296531e+03 1.257614e+03 4.862706e+03 2.416916e+03 -5.550840e+03 -1.993350e+03 -1.686802e+03
9.191919e-03 4.026542e+04 -2.451820e+03 -1.578663e+03 -5.680136e+03 3.113294e+03 -6.082490e+03 -2.635707e+03 -2.049698e+03 -1.556386e+03 5.731550e+03 -3.101775e+04 -1.683702e+03 2.584099e+03 -2.031133e+03 2.132607e+03 4.699831e+03 -1.941575e+03 6.539891e+03 -3.534215e+04 -1.824446e+03 -3.012022e+03 2.469768e+03 -2.812361e+03 -5.343078e+03 -3.533829e+04 2.245935e+03 1.255791e+03 4.978192e+03 2.350003e+03 -5.347893e+03 -2.261474e+03 -1.679660e+03
9.393939e-03 3.901156e+04 -2.394566e+03 -1.575256e+03 -5.792889e+03 3.031379e+03 -5.857475e+03 -2.911602e+03 -2.040074e+03 -1.553590e+03 5.843709e+03 -3.005306e+04 -1.644815e+03 2.860628e+03 -2.022085e+03 2.076935e+03 4.527266e+03 -1.937588e+03 6.667577e+03 -3.424228e+04 -1.779082e+03 -3.326306e+03 2.458426e+03 -2.741690e+03 -5.146081e+03 -3.423854e+04 2.196736e+03 1.253416e+03 5.077260e+03 2.285345e+03 -5.150728e+03 -2.504251e+03 -1.672004e+03
9.595960e-03 3.779181e+04 -2.338919e+03 -1.571244e+03 -5.888424e+03 2.952252e+03 -5.639162e+03 -3.160686e+03 -2.029898e+03 -1.550174e+03 5.938633e+03 -2.911460e+04 -1.607011e+03 3.110361e+03 -2.012470e+03 2.023152e+03 4.359818e+03 -1.932866e+03 6.775619e+03 -3.317232e+04 -1.734989e+03 -3.610035e+03 2.446412e+03 -2.673432e+03 -4.954939e+03 -3.316869e+04 2.148911e+03 1.250529e+03 5.161223e+03 2.222872e+03 -4.959422e+03 -2.723518e+03 -1.663885e+03
9.797980e-03 3.660663e+04 -2.284850e+03 -1.566675e+03 -5.968144e+03 2.875823e+03 -5.427591e+03 -3.384934e+03 -2.019232e+03 -1.546185e+03 6.017727e+03 -2.820270e+04 -1.570272e+03 3.335270e+03 -2.002349e+03 1.971196e+03 4.197521e+03 -1.927469e+03 6.865619e+03 -3.213266e+04 -1.692144e+03 -3.865458e+03 2.433797e+03 -2.607509e+03 -4.769686e+03 -3.212915e+04 2.102436e+03 1.247173e+03 5.231311e+03 2.162513e+03 -4.774010e+03 -2.921005e+03 -1.655355e+03
1.000000e-02 3.545620e+04 -2.232326e+03 -1.561597e+03 -6.033361e+03 2.802002e+03 -5.222761e+03 -3.586200e+03 -2.008132e+03 -1.541671e+03 6.082306e+03 -2.731752e+04 -1.534577e+03 3.537206e+03 -1.991777e+03 1.921006e+03 4.040374e+03 -1.921455e+03 6.939076e+03 -3.112347e+04 -1.650522e+03 -4.094688e+03 2.420649e+03 -2.543841e+03 -4.590322e+03 -3.112008e+04 2.057283e+03 1.243384e+03 5.288674e+03 2.104200e+03 -4.594494e+03 -3.098336e+03 -1.646458e+03
