-1.000000e-02 4.427868e+03 2.962199e+03 2.274040e+03 -6.611835e+03 -2.278475e+03 -4.323888e+04 -9.483399e+03 1.792888e+03 2.252836e+03 6.555102e+03 -3.435976e+03 2.032048e+03 9.540110e+03 1.767906e+03 -1.568317e+03 3.331711e+04 2.739197e+03 7.540766e+03 -3.897099e+03 2.690808e+03 -1.087763e+04 -2.199349e+03 1.679662e+03 -3.795685e+04 -3.901573e+03 -2.224376e+03 -1.863620e+03 5.748118e+03 -2.107107e+03 -3.795327e+04 -8.317697e+03 1.430907e+03
-9.797980e-03 4.648091e+03 3.053037e+03 2.295238e+03 -6.511135e+03 -2.339404e+03 -4.496094e+04 -9.564409e+03 1.804820e+03 2.273195e+03 6.453248e+03 -3.605205e+03 2.093941e+03 9.622239e+03 1.778942e+03 -1.609865e+03 3.464263e+04 2.764353e+03 7.426174e+03 -4.090075e+03 2.769463e+03 -1.097139e+04 -2.213684e+03 1.727766e+03 -3.946776e+04 -4.094751e+03 -2.295970e+03 -1.880723e+03 5.658583e+03 -2.159824e+03 -3.946403e+04 -8.388625e+03 1.440026e+03
-9.595960e-03 4.879004e+03 3.147901e+03 2.316409e+03 -6.387432e+03 -2.402529e+03 -4.676122e+04 -9.635917e+03 1.816428e+03 2.293487e+03 6.328375e+03 -3.782624e+03 2.158570e+03 9.694878e+03 1.789614e+03 -1.652906e+03 3.602833e+04 2.789453e+03 7.285372e+03 -4.292403e+03 2.851615e+03 -1.105434e+04 -2.227628e+03 1.777603e+03 -4.104728e+04 -4.297289e+03 -2.370720e+03 -1.897783e+03 5.548849e+03 -2.214436e+03 -4.104340e+04 -8.451212e+03 1.448842e+03
-9.393939e-03 5.121045e+03 3.247004e+03 2.337505e+03 -6.238168e+03 -2.467928e+03 -4.864272e+04 -9.696477e+03 1.827662e+03 2.313665e+03 6.177926e+03 -3.968565e+03 2.226080e+03 9.756580e+03 1.799870e+03 -1.697490e+03 3.747651e+04 2.814444e+03 7.115442e+03 -4.504465e+03 2.937447e+03 -1.112483e+04 -2.241119e+03 1.829233e+03 -4.269804e+04 -4.509572e+03 -2.448790e+03 -1.914764e+03 5.416669e+03 -2.271008e+03 -4.269400e+04 -8.504190e+03 1.457314e+03
-9.191919e-03 5.374645e+03 3.350568e+03 2.358478e+03 -6.060526e+03 -2.535678e+03 -5.060834e+04 -9.744485e+03 1.838467e+03 2.333678e+03 5.999087e+03 -4.163360e+03 2.296620e+03 9.805736e+03 1.809655e+03 -1.743669e+03 3.898942e+04 2.839263e+03 6.913175e+03 -4.726637e+03 3.027153e+03 -1.118103e+04 -2.254090e+03 1.882718e+03 -4.442260e+04 -4.731975e+03 -2.530354e+03 -1.931624e+03 5.259577e+03 -2.329607e+03 -4.441839e+04 -8.546151e+03 1.465396e+03
-8.989899e-03 5.640226e+03 3.458827e+03 2.379271e+03 -5.851416e+03 -2.605860e+03 -5.266091e+04 -9.778162e+03 1.848784e+03 2.353468e+03 5.788769e+03 -4.367329e+03 2.370349e+03 9.840565e+03 1.818907e+03 -1.791498e+03 4.056922e+04 2.863842e+03 6.675048e+03 -4.959287e+03 3.120939e+03 -1.122091e+04 -2.266471e+03 1.938119e+03 -4.622342e+04 -4.964869e+03 -2.615593e+03 -1.948315e+03 5.074862e+03 -2.390300e+03 -4.621905e+04 -8.575537e+03 1.473038e+03
-8.787879e-03 5.918192e+03 3.572027e+03 2.399821e+03 -5.607444e+03 -2.678550e+03 -5.480310e+04 -9.795542e+03 1.858549e+03 2.372971e+03 5.543583e+03 -4.580783e+03 2.447434e+03 9.859099e+03 1.827560e+03 -1.841027e+03 4.221796e+04 2.888104e+03 6.397193e+03 -5.202770e+03 3.219017e+03 -1.124221e+04 -2.278181e+03 1.995499e+03 -4.810286e+04 -5.208606e+03 -2.704698e+03 -1.964785e+03 4.859550e+03 -2.453154e+03 -4.809830e+04 -8.590620e+03 1.480186e+03
-8.585859e-03 6.208924e+03 3.690427e+03 2.420059e+03 -5.324892e+03 -2.753825e+03 -5.703735e+04 -9.794451e+03 1.867691e+03 2.392115e+03 5.259813e+03 -4.804009e+03 2.528050e+03 9.859159e+03 1.835544e+03 -1.892307e+03 4.393753e+04 2.911965e+03 6.075373e+03 -5.457417e+03 3.321615e+03 -1.124246e+04 -2.289136e+03 2.054918e+03 -5.006304e+04 -5.463520e+03 -2.797870e+03 -1.980976e+03 4.610381e+03 -2.518234e+03 -5.005829e+04 -8.589495e+03 1.486781e+03
-8.383838e-03 6.512768e+03 3.814298e+03 2.439905e+03 -4.999692e+03 -2.831763e+03 -5.936581e+04 -9.772494e+03 1.876134e+03 2.410821e+03 4.933394e+03 -5.037272e+03 2.612379e+03 9.838347e+03 1.842781e+03 -1.945391e+03 4.572958e+04 2.935327e+03 5.704950e+03 -5.723528e+03 3.428968e+03 -1.121893e+04 -2.299243e+03 2.116436e+03 -5.210586e+04 -5.729910e+03 -2.895319e+03 -1.996822e+03 4.323790e+03 -2.585605e+03 -5.210091e+04 -8.570060e+03 1.492762e+03
-8.181818e-03 6.830021e+03 3.943923e+03 2.459273e+03 -4.627398e+03 -2.912437e+03 -6.179026e+04 -9.727036e+03 1.883797e+03 2.429000e+03 4.559884e+03 -5.280799e+03 2.700614e+03 9.794022e+03 1.849188e+03 -2.000326e+03 4.759547e+04 2.958087e+03 5.280855e+03 -6.001365e+03 3.541323e+03 -1.116860e+04 -2.308403e+03 2.180111e+03 -5.423288e+04 -6.008039e+03 -2.997264e+03 -2.012252e+03 3.995878e+03 -2.655330e+03 -5.422772e+04 -8.530005e+03 1.498059e+03
-7.979798e-03 7.160926e+03 4.079598e+03 2.478067e+03 -4.203158e+03 -2.995918e+03 -6.431198e+04 -9.655184e+03 1.890592e+03 2.446556e+03 4.134438e+03 -5.534772e+03 2.792953e+03 9.723285e+03 1.854676e+03 -2.057160e+03 4.953619e+04 2.980125e+03 4.797559e+03 -6.291137e+03 3.658940e+03 -1.108818e+04 -2.316507e+03 2.245998e+03 -5.644522e+04 -6.298115e+03 -3.103934e+03 -2.027185e+03 3.622396e+03 -2.727467e+03 -5.643984e+04 -8.466790e+03 1.502601e+03
-7.777778e-03 7.505645e+03 4.221631e+03 2.496178e+03 -3.721693e+03 -3.082273e+03 -6.693167e+04 -9.553769e+03 1.896422e+03 2.463380e+03 3.651779e+03 -5.799315e+03 2.889604e+03 9.622962e+03 1.859150e+03 -2.115935e+03 5.155226e+04 3.001314e+03 4.249044e+03 -6.592986e+03 3.782088e+03 -1.097403e+04 -2.323439e+03 2.314151e+03 -5.874349e+04 -6.600282e+03 -3.215568e+03 -2.041532e+03 3.198714e+03 -2.802074e+03 -5.873788e+04 -8.377636e+03 1.506308e+03
-7.575758e-03 7.864250e+03 4.370343e+03 2.513489e+03 -3.177266e+03 -3.171562e+03 -6.964927e+04 -9.419328e+03 1.901185e+03 2.479354e+03 3.106179e+03 -6.074479e+03 2.990784e+03 9.489583e+03 1.862505e+03 -2.176693e+03 5.364365e+04 3.021507e+03 3.628773e+03 -6.906972e+03 3.911045e+03 -1.082221e+04 -2.329074e+03 2.384617e+03 -6.112763e+04 -6.914600e+03 -3.332411e+03 -2.055195e+03 2.719807e+03 -2.879201e+03 -6.112178e+04 -8.259506e+03 1.509098e+03
-7.373737e-03 8.236697e+03 4.526063e+03 2.529867e+03 -2.563666e+03 -3.263843e+03 -7.246381e+04 -9.248091e+03 1.904771e+03 2.494345e+03 2.491431e+03 -6.360227e+03 3.096716e+03 9.319371e+03 1.864633e+03 -2.239468e+03 5.580960e+04 3.040547e+03 2.929662e+03 -7.233056e+03 4.046101e+03 -1.062840e+04 -2.333277e+03 2.457440e+03 -6.359679e+04 -7.241029e+03 -3.454719e+03 -2.068067e+03 2.180230e+03 -2.958894e+03 -6.359070e+04 -8.109093e+03 1.510881e+03
-7.171717e-03 8.622799e+03 4.689132e+03 2.545166e+03 -1.874181e+03 -3.359160e+03 -7.537323e+04 -9.035966e+03 1.907063e+03 2.508209e+03 1.800833e+03 -6.656415e+03 3.207628e+03 9.108223e+03 1.865417e+03 -2.304290e+03 5.804853e+04 3.058258e+03 2.144063e+03 -7.571073e+03 4.187555e+03 -1.038795e+04 -2.335905e+03 2.532657e+03 -6.614917e+04 -7.579404e+03 -3.582755e+03 -2.080026e+03 1.574103e+03 -3.041192e+03 -6.614282e+04 -7.922806e+03 1.511561e+03
-6.969697e-03 9.022204e+03 4.859900e+03 2.559227e+03 -1.101590e+03 -3.457553e+03 -7.837415e+04 -8.778526e+03 1.907933e+03 2.520786e+03 1.027170e+03 -6.962768e+03 3.323756e+03 8.851706e+03 1.864732e+03 -2.371182e+03 6.035783e+04 3.074447e+03 1.263744e+03 -7.920712e+03 4.335711e+03 -1.009577e+04 -2.336803e+03 2.610296e+03 -6.878180e+04 -7.929413e+03 -3.716787e+03 -2.090942e+03 8.950969e+02 -3.126123e+03 -6.877519e+04 -7.696764e+03 1.511037e+03
-6.767677e-03 9.434354e+03 5.038720e+03 2.571873e+03 -2.381515e+02 -3.559045e+03 -8.146165e+04 -8.471007e+03 1.907249e+03 2.531903e+03 1.627117e+02 -7.278856e+03 3.445339e+03 8.545042e+03 1.862447e+03 -2.440159e+03 6.273371e+04 3.088900e+03 2.798798e+02 -8.281484e+03 4.490880e+03 -9.746442e+03 -2.335808e+03 2.690377e+03 -7.149036e+04 -8.290569e+03 -3.857087e+03 -2.100670e+03 1.364294e+02 -3.213707e+03 -7.148347e+04 -7.426785e+03 1.509202e+03
-6.565657e-03 9.858456e+03 5.225952e+03 2.582908e+03 7.243932e+02 -3.663648e+03 -8.462896e+04 -8.108300e+03 1.904868e+03 2.541366e+03 -8.007915e+02 -7.604068e+03 3.572617e+03 8.183114e+03 1.858422e+03 -2.511225e+03 6.517096e+04 3.101385e+03 -8.169430e+02 -8.652692e+03 4.653378e+03 -9.334119e+03 -2.332746e+03 2.772908e+03 -7.426891e+04 -8.662172e+03 -4.003931e+03 -2.109050e+03 -7.091359e+02 -3.303952e+03 -7.426174e+04 -7.108391e+03 1.505944e+03
-6.363636e-03 1.029343e+04 5.421954e+03 2.592121e+03 1.794806e+03 -3.771359e+03 -8.786717e+04 -7.684968e+03 1.900640e+03 2.548968e+03 -1.872091e+03 -7.937573e+03 3.705832e+03 7.760469e+03 1.852512e+03 -2.584376e+03 6.766271e+04 3.111645e+03 -2.036713e+03 -9.033392e+03 4.823518e+03 -8.852588e+03 -2.327433e+03 2.857887e+03 -7.710962e+04 -9.043278e+03 -4.157592e+03 -2.115910e+03 -1.649276e+03 -3.396851e+03 -7.710216e+04 -6.736811e+03 1.501143e+03
-6.161616e-03 1.073789e+04 5.627081e+03 2.599276e+03 2.982324e+03 -3.882154e+03 -9.116486e+04 -7.195251e+03 1.894405e+03 2.554479e+03 -3.060410e+03 -8.278295e+03 3.845221e+03 7.271337e+03 1.844563e+03 -2.659591e+03 7.020019e+04 3.119400e+03 -3.389959e+03 -9.422356e+03 5.001611e+03 -8.295269e+03 -2.319675e+03 2.945295e+03 -8.000249e+04 -9.432659e+03 -4.318342e+03 -2.121057e+03 -2.692083e+03 -3.492379e+03 -7.999473e+04 -6.306992e+03 1.494676e+03
-5.959596e-03 1.119004e+04 5.841675e+03 2.604120e+03 4.296608e+03 -3.995989e+03 -9.450775e+04 -6.633104e+03 1.885999e+03 2.557650e+03 -4.375398e+03 -8.624864e+03 3.991015e+03 6.709657e+03 1.834416e+03 -2.736836e+03 7.277238e+04 3.124346e+03 -4.887693e+03 -9.818023e+03 5.187961e+03 -7.655252e+03 -2.309270e+03 3.035095e+03 -8.293497e+04 -9.828750e+03 -4.486443e+03 -2.124286e+03 -3.846021e+03 -3.590496e+03 -8.292691e+04 -5.813634e+03 1.486414e+03
-5.757576e-03 1.164767e+04 6.066066e+03 2.606372e+03 5.747669e+03 -4.112793e+03 -9.787827e+04 -5.992236e+03 1.875247e+03 2.558211e+03 -5.827052e+03 -8.975577e+03 4.143433e+03 6.069123e+03 1.821907e+03 -2.816062e+03 7.536577e+04 3.126149e+03 -6.541328e+03 -1.021845e+04 5.382856e+03 -6.925350e+03 -2.296003e+03 3.127232e+03 -8.589166e+04 -1.022961e+04 -4.662144e+03 -2.125370e+03 -5.119859e+03 -3.691136e+03 -8.588329e+04 -5.251217e+03 1.476223e+03
-5.555556e-03 1.210807e+04 6.300557e+03 2.605730e+03 7.345763e+03 -4.232470e+03 -1.012551e+05 -5.266177e+03 1.861968e+03 2.555869e+03 -7.425614e+03 -9.328356e+03 4.302679e+03 5.343248e+03 1.806866e+03 -2.897198e+03 7.796395e+04 3.124449e+03 -8.362557e+03 -1.062128e+04 5.586563e+03 -6.098166e+03 -2.279654e+03 3.221630e+03 -8.885384e+04 -1.063287e+04 -4.845674e+03 -2.124064e+03 -6.522584e+03 -3.794214e+03 -8.884516e+04 -4.614066e+03 1.463966e+03
-5.353535e-03 1.256798e+04 6.545416e+03 2.601867e+03 9.101256e+03 -4.354892e+03 -1.046127e+05 -4.448357e+03 1.845977e+03 2.550308e+03 -9.181432e+03 -9.680690e+03 4.468931e+03 4.525446e+03 1.789119e+03 -2.980153e+03 8.054726e+04 3.118855e+03 -1.036319e+04 -1.102363e+04 5.799322e+03 -5.166191e+03 -2.259996e+03 3.318188e+03 -9.179912e+04 -1.103566e+04 -5.037235e+03 -2.120104e+03 -8.063272e+03 -3.899614e+03 -9.179013e+04 -3.896420e+03 1.449503e+03
-5.151515e-03 1.302351e+04 6.800866e+03 2.594427e+03 1.102443e+04 -4.479896e+03 -1.079209e+05 -3.532225e+03 1.827083e+03 2.541188e+03 -1.110478e+04 -1.002960e+04 4.642336e+03 3.609148e+03 1.768490e+03 -3.064813e+03 8.309247e+04 3.108946e+03 -1.255496e+04 -1.142211e+04 6.021329e+03 -4.121936e+03 -2.236793e+03 3.416775e+03 -9.470100e+04 -1.143457e+04 -5.236992e+03 -2.113203e+03 -9.750931e+03 -4.007191e+03 -9.469170e+04 -3.092531e+03 1.432694e+03
-4.949495e-03 1.347009e+04 7.067067e+03 2.583030e+03 1.312526e+04 -4.607282e+03 -1.111442e+05 -2.511388e+03 1.805091e+03 2.528144e+03 -1.320560e+04 -1.037156e+04 4.823001e+03 2.587943e+03 1.744804e+03 -3.151037e+03 8.557231e+04 3.094271e+03 -1.494923e+04 -1.181270e+04 6.252729e+03 -2.958091e+03 -2.209808e+03 3.517235e+03 -9.752842e+04 -1.182559e+04 -5.445063e+03 -2.103057e+03 -1.159429e+04 -4.116768e+03 -9.751882e+04 -2.196793e+03 1.413395e+03
-4.747475e-03 1.390238e+04 7.344105e+03 2.567267e+03 1.541311e+04 -4.736806e+03 -1.142417e+05 -1.379788e+03 1.779805e+03 2.510789e+03 -1.549326e+04 -1.070249e+04 5.010979e+03 1.455758e+03 1.717885e+03 -3.238656e+03 8.795524e+04 3.074347e+03 -1.755667e+04 -1.219075e+04 6.493600e+03 -1.667731e+03 -2.178799e+03 3.619374e+03 -1.002454e+05 -1.220406e+04 -5.661505e+03 -2.089336e+03 -1.360157e+04 -4.228131e+03 -1.002355e+05 -1.203893e+03 1.391468e+03
-4.545455e-03 1.431426e+04 7.631966e+03 2.546704e+03 1.789638e+04 -4.868180e+03 -1.171663e+05 -1.319249e+02 1.751028e+03 2.488709e+03 -1.797614e+04 -1.101768e+04 5.206258e+03 2.070724e+02 1.687562e+03 -3.327471e+03 9.020499e+04 3.048659e+03 -2.038688e+04 -1.255089e+04 6.743936e+03 -2.445642e+02 -2.143526e+03 3.722966e+03 -1.028106e+05 -1.256459e+04 -5.886300e+03 -2.071696e+03 -1.578010e+04 -4.341027e+03 -1.028004e+05 -1.090065e+02 1.366773e+03
-4.343434e-03 1.469874e+04 7.930520e+03 2.520881e+03 2.058209e+04 -5.001068e+03 -1.198645e+05 1.236888e+03 1.718568e+03 2.461473e+03 -2.066123e+04 -1.131176e+04 5.408746e+03 -1.162814e+03 1.653668e+03 -3.417249e+03 9.228043e+04 3.016666e+03 -2.344783e+04 -1.288698e+04 7.003628e+03 1.316772e+03 -2.103751e+03 3.827744e+03 -1.051771e+05 -1.290105e+04 -6.119336e+03 -2.049767e+03 -1.813604e+04 -4.455163e+03 -1.051667e+05 1.091977e+03 1.339180e+03
-4.141414e-03 1.504792e+04 8.239490e+03 2.489313e+03 2.347534e+04 -5.135081e+03 -1.222762e+05 2.730215e+03 1.682236e+03 2.428626e+03 -2.355363e+04 -1.157869e+04 5.618253e+03 -2.657481e+03 1.616048e+03 -3.507725e+03 9.413531e+04 2.977800e+03 -2.674536e+04 -1.319213e+04 7.272441e+03 3.020357e+03 -2.059242e+03 3.933402e+03 -1.072923e+05 -1.320655e+04 -6.360391e+03 -2.023166e+03 -2.067384e+04 -4.570200e+03 -1.072816e+05 2.402181e+03 1.308563e+03
-3.939394e-03 1.535306e+04 8.558428e+03 2.451499e+03 2.657876e+04 -5.269777e+03 -1.243346e+05 4.350147e+03 1.641851e+03 2.389699e+03 -2.665596e+04 -1.181174e+04 5.834471e+03 -4.279030e+03 1.574555e+03 -3.598594e+03 9.571828e+04 2.931469e+03 -3.028246e+04 -1.345867e+04 7.549986e+03 4.868591e+03 -2.009779e+03 4.039591e+03 -1.090975e+05 -1.347340e+04 -6.609106e+03 -1.991495e+03 -2.339581e+04 -4.685754e+03 -1.090867e+05 3.823441e+03 1.274808e+03
-3.737374e-03 1.560449e+04 8.886680e+03 2.406920e+03 2.989183e+04 -5.404657e+03 -1.259667e+05 6.096905e+03 1.597245e+03 2.344210e+03 -2.996768e+04 -1.200351e+04 6.056956e+03 -6.027691e+03 1.529061e+03 -3.689518e+03 9.697301e+04 2.877066e+03 -3.405854e+04 -1.367816e+04 7.835701e+03 6.861735e+03 -1.955152e+03 4.145918e+03 -1.105286e+05 -1.369314e+04 -6.864967e+03 -1.954342e+03 -2.630147e+04 -4.801392e+03 -1.105176e+05 5.355948e+03 1.237813e+03
-3.535354e-03 1.579178e+04 9.223355e+03 2.355048e+03 3.341014e+04 -5.539166e+03 -1.270932e+05 7.968408e+03 1.548263e+03 2.291673e+03 -3.348440e+04 -1.214599e+04 6.285101e+03 -7.901386e+03 1.479455e+03 -3.780119e+03 9.783859e+04 2.813977e+03 -3.806858e+04 -1.384144e+04 8.128811e+03 8.997424e+03 -1.895174e+03 4.251946e+03 -1.115162e+05 -1.385661e+04 -7.127272e+03 -1.911292e+03 -2.938696e+04 -4.916635e+03 -1.115050e+05 6.997875e+03 1.197490e+03
-3.333333e-03 1.590378e+04 9.567287e+03 2.295356e+03 3.712464e+04 -5.672691e+03 -1.276298e+05 9.959809e+03 1.494773e+03 2.231603e+03 -3.719704e+04 -1.223063e+04 6.518115e+03 -9.895268e+03 1.425647e+03 -3.869981e+03 9.825018e+04 2.741584e+03 -4.230226e+04 -1.393877e+04 8.428305e+03 1.127013e+04 -1.829678e+03 4.357192e+03 -1.119862e+05 -1.395407e+04 -7.395111e+03 -1.861932e+03 -3.264433e+04 -5.030956e+03 -1.119749e+05 8.744971e+03 1.153773e+03
-3.131313e-03 1.592883e+04 9.917000e+03 2.227327e+03 4.102080e+04 -5.804564e+03 -1.274887e+05 1.206303e+04 1.436661e+03 2.163530e+03 -4.109109e+04 -1.224847e+04 6.754999e+03 -1.200125e+04 1.367576e+03 -3.958655e+03 9.814005e+04 2.659289e+03 -4.674301e+04 -1.395993e+04 8.732900e+03 1.367065e+04 -1.758527e+03 4.461129e+03 -1.118615e+05 -1.397527e+04 -7.667332e+03 -1.805855e+03 -3.606084e+04 -5.143781e+03 -1.118502e+05 1.059015e+04 1.106612e+03
-2.929293e-03 1.585498e+04 1.027068e+04 2.150466e+03 4.507782e+04 -5.934065e+03 -1.265797e+05 1.426630e+04 1.373844e+03 2.087006e+03 -4.514577e+04 -1.219036e+04 6.994519e+03 -1.420755e+04 1.305206e+03 -4.045656e+03 9.743897e+04 2.566519e+03 -5.136715e+04 -1.389446e+04 9.041011e+03 1.618552e+04 -1.681618e+03 4.563190e+03 -1.110632e+05 -1.390975e+04 -7.942519e+03 -1.742678e+03 -3.961825e+04 -5.254493e+03 -1.110519e+05 1.252308e+04 1.055986e+03
-2.727273e-03 1.567032e+04 1.062612e+04 2.064321e+03 4.926792e+04 -6.060425e+03 -1.248134e+05 1.655374e+04 1.306272e+03 2.001628e+03 -4.933330e+04 -1.204717e+04 7.235193e+03 -1.649825e+04 1.238539e+03 -4.130469e+03 9.607807e+04 2.462752e+03 -5.614298e+04 -1.373195e+04 9.350726e+03 1.879665e+04 -1.598889e+03 4.662770e+03 -1.095127e+05 -1.374708e+04 -8.218966e+03 -1.672048e+03 -4.329220e+04 -5.362436e+03 -1.095016e+05 1.452983e+04 1.001896e+03
-2.525253e-03 1.536338e+04 1.098074e+04 1.968495e+03 5.355569e+04 -6.182831e+03 -1.221039e+05 1.890504e+04 1.233930e+03 1.907044e+03 -5.361832e+04 -1.181010e+04 7.475267e+03 -1.885302e+04 1.167609e+03 -4.212551e+03 9.399118e+04 2.347533e+03 -6.103019e+04 -1.346236e+04 9.659787e+03 2.148081e+04 -1.510322e+03 4.759230e+03 -1.071347e+05 -1.347722e+04 -8.494663e+03 -1.593661e+03 -4.705166e+04 -5.466919e+03 -1.071238e+05 1.659259e+04 9.443750e+02
-2.323232e-03 1.492362e+04 1.133154e+04 1.862672e+03 5.789778e+04 -6.300438e+03 -1.183722e+05 2.129524e+04 1.156845e+03 1.802985e+03 -5.795750e+04 -1.147107e+04 7.712713e+03 -2.124687e+04 1.092489e+03 -4.291341e+03 9.111764e+04 2.220504e+03 -6.597931e+04 -1.307646e+04 9.965576e+03 2.420954e+04 -1.415951e+03 4.851904e+03 -1.038599e+05 -1.309091e+04 -8.767285e+03 -1.507277e+03 -5.085862e+04 -5.567225e+03 -1.038493e+05 1.868946e+04 8.834852e+02
-2.121212e-03 1.434196e+04 1.167512e+04 1.746641e+03 6.224273e+04 -6.412378e+03 -1.135508e+05 2.369475e+04 1.075093e+03 1.689275e+03 -6.229943e+04 -1.102311e+04 7.945230e+03 -2.365012e+04 1.013294e+03 -4.366263e+03 8.740545e+04 2.081430e+03 -7.093172e+04 -1.256630e+04 1.026512e+04 2.694901e+04 -1.315868e+03 4.940108e+03 -9.962915e+04 -1.258022e+04 -9.034192e+03 -1.412739e+03 -5.466798e+04 -5.662619e+03 -9.961894e+04 2.079448e+04 8.193217e+02
-1.919192e-03 1.361140e+04 1.200767e+04 1.620317e+03 6.653133e+04 -6.517769e+03 -1.075879e+05 2.606950e+04 9.887977e+02 1.565862e+03 -6.658495e+04 -1.046086e+04 8.170261e+03 -2.602866e+04 9.301809e+02 -4.436736e+03 8.281480e+04 1.930226e+03 -7.581992e+04 -1.192577e+04 1.055511e+04 2.966032e+04 -1.210225e+03 5.023149e+03 -9.439695e+04 -1.193899e+04 -9.292456e+03 -1.309993e+03 -5.842784e+04 -5.752361e+03 -9.438725e+04 2.287777e+04 7.520134e+02
-1.717172e-03 1.272765e+04 1.232510e+04 1.483771e+03 7.069739e+04 -6.615732e+03 -1.004526e+05 2.838148e+04 8.981378e+02 1.432835e+03 -7.074795e+04 -9.781040e+03 8.385021e+03 -2.834441e+04 8.433491e+02 -4.502182e+03 7.732176e+04 1.766987e+03 -8.056847e+04 -1.115111e+04 1.083194e+04 3.230008e+04 -1.099243e+03 5.100334e+03 -8.813605e+04 -1.116349e+04 -9.538889e+03 -1.199104e+03 -6.208018e+04 -5.835711e+03 -8.812697e+04 2.490599e+04 6.817233e+02
-1.515152e-03 1.168974e+04 1.262301e+04 1.337249e+03 7.466911e+04 -6.705405e+03 -9.213870e+04 3.058955e+04 8.033500e+02 1.290449e+03 -7.471668e+04 -8.982907e+03 8.586559e+03 -3.055613e+04 7.530422e+02 -4.562038e+03 7.092177e+04 1.592016e+03 -8.509551e+04 -1.024146e+04 1.109181e+04 3.482126e+04 -9.832126e+02 5.170986e+03 -8.084127e+04 -1.025286e+04 -9.770111e+03 -1.080281e+03 -6.556207e+04 -5.911950e+03 -8.083292e+04 2.684303e+04 6.086486e+02
-1.313131e-03 1.050057e+04 1.289690e+04 1.181199e+03 7.837099e+04 -6.785961e+03 -8.266983e+04 3.265051e+04 7.047299e+02 1.139142e+03 -7.841571e+04 -8.068697e+03 8.771823e+03 -3.262056e+04 6.595459e+02 -4.615764e+03 6.363290e+04 1.405848e+03 -8.931499e+04 -9.199394e+03 1.133074e+04 3.717455e+04 -8.624960e+02 5.234453e+03 -7.253318e+04 -9.209640e+03 -9.982630e+03 -9.538860e+02 -6.880735e+04 -5.980389e+03 -7.252568e+04 2.865102e+04 5.330205e+02
-1.111111e-03 9.167346e+03 1.314223e+04 1.016278e+03 8.172636e+04 -6.856623e+03 -7.210195e+04 3.452062e+04 6.026329e+02 9.795446e+02 -8.176847e+04 -7.043942e+03 8.937754e+03 -3.449385e+04 5.631877e+02 -4.662856e+03 5.549824e+04 1.209266e+03 -9.313952e+04 -8.031206e+03 1.154479e+04 3.930996e+04 -7.375293e+02 5.290125e+03 -6.326092e+04 -8.040162e+03 -1.017295e+04 -8.204499e+02 -7.174882e+04 -6.040383e+03 -6.325436e+04 3.029157e+04 4.551024e+02
-9.090909e-04 7.701821e+03 1.335462e+04 8.433638e+02 8.466038e+04 -6.916686e+03 -6.052544e+04 3.615726e+04 4.974732e+02 8.124901e+02 -8.470018e+04 -5.917663e+03 9.081399e+03 -3.613329e+04 4.643334e+02 -4.702857e+03 4.658736e+04 1.003305e+03 -9.648381e+04 -6.747188e+03 1.173012e+04 4.117881e+04 -6.088197e+02 5.337446e+03 -5.310379e+04 -6.754721e+03 -1.033768e+04 -6.806749e+02 -7.432089e+04 -6.091347e+03 -5.309827e+04 3.172731e+04 3.751882e+02
-7.070707e-04 6.120295e+03 1.353005e+04 6.635505e+02 8.710338e+04 -6.965530e+03 -4.806512e+04 3.752083e+04 3.897198e+02 6.390075e+02 -8.714122e+04 -4.702371e+03 9.200031e+03 -3.749923e+04 3.633839e+02 -4.735368e+03 3.699632e+04 7.892548e+02 -9.926840e+04 -5.361613e+03 1.188320e+04 4.273589e+04 -4.769415e+02 5.375927e+03 -4.217127e+04 -5.367605e+03 -1.047372e+04 -5.354324e+02 -7.646248e+04 -6.132770e+03 -4.216689e+04 3.292350e+04 2.935992e+02
-5.050505e-04 4.443354e+03 1.366497e+04 4.781319e+02 8.899425e+04 -7.002635e+03 -3.487815e+04 3.857670e+04 2.798918e+02 4.603083e+02 -8.903058e+04 -3.413864e+03 9.291273e+03 -3.855693e+04 2.607708e+02 -4.760054e+03 2.684607e+04 5.686352e+02 -1.014237e+05 -3.892507e+03 1.200095e+04 4.394160e+04 -3.425292e+02 5.405160e+03 -3.060128e+04 -3.896860e+03 -1.057834e+04 -3.857504e+02 -7.812006e+04 -6.164226e+03 -3.059810e+04 3.384975e+04 2.106809e+02
-3.030303e-04 2.695314e+03 1.375658e+04 2.885741e+02 9.028380e+04 -7.027602e+03 -2.114991e+04 3.929699e+04 1.685499e+02 2.777602e+02 -9.031909e+04 -2.070802e+03 9.353219e+03 -3.927849e+04 1.569506e+02 -4.776658e+03 1.627927e+04 3.431664e+02 -1.028935e+05 -2.361156e+03 1.208091e+04 4.476413e+04 -2.062682e+02 5.424829e+03 -1.855642e+04 -2.363798e+03 -1.064937e+04 -2.327916e+02 -7.925050e+04 -6.185385e+03 -1.855449e+04 3.448162e+04 1.267984e+02
-1.010101e-04 9.033844e+02 1.380290e+04 9.647676e+01 9.093749e+04 -7.040155e+03 -7.087615e+03 3.966217e+04 5.628645e+01 9.285186e+01 -9.097224e+04 -6.940628e+02 9.384536e+03 -3.964431e+04 5.239863e+01 -4.785005e+03 5.455395e+03 1.147230e+02 -1.036386e+05 -7.913825e+02 1.212133e+04 4.518114e+04 -6.888201e+01 5.434719e+03 -6.218501e+03 -7.922681e+02 -1.068528e+04 -7.782303e+01 -7.982352e+04 -6.196021e+03 -6.217853e+03 3.480197e+04 4.233143e+01
1.010101e-04 -9.033844e+02 1.380290e+04 -9.647676e+01 9.093749e+04 -7.040155e+03 7.087615e+03 3.966217e+04 -5.628645e+01 -9.285186e+01 -9.097224e+04 6.940628e+02 9.384536e+03 -3.964431e+04 -5.239863e+01 -4.785005e+03 -5.455395e+03 -1.147230e+02 -1.036386e+05 7.913825e+02 1.212133e+04 4.518114e+04 6.888201e+01 5.434719e+03 6.218501e+03 7.922681e+02 -1.068528e+04 7.782303e+01 -7.982352e+04 -6.196021e+03 6.217853e+03 3.480197e+04 -4.233143e+01
3.030303e-04 -2.695314e+03 1.375658e+04 -2.885741e+02 9.028380e+04 -7.027602e+03 2.114991e+04 3.929699e+04 -1.685499e+02 -2.777602e+02 -9.031909e+04 2.070802e+03 9.353219e+03 -3.927849e+04 -1.569506e+02 -4.776658e+03 -1.627927e+04 -3.431664e+02 -1.028935e+05 2.361156e+03 1.208091e+04 4.476413e+04 2.062682e+02 5.424829e+03 1.855642e+04 2.363798e+03 -1.064937e+04 2.327916e+02 -7.925050e+04 -6.185385e+03 1.855449e+04 3.448162e+04 -1.267984e+02
5.050505e-04 -4.443354e+03 1.366497e+04 -4.781319e+02 8.899425e+04 -7.002635e+03 3.487815e+04 3.857670e+04 -2.798918e+02 -4.603083e+02 -8.903058e+04 3.413864e+03 9.291273e+03 -3.855693e+04 -2.607708e+02 -4.760054e+03 -2.684607e+04 -5.686352e+02 -1.014237e+05 3.892507e+03 1.200095e+04 4.394160e+04 3.425292e+02 5.405160e+03 3.060128e+04 3.896860e+03 -1.057834e+04 3.857504e+02 -7.812006e+04 -6.164226e+03 3.059810e+04 3.384975e+04 -2.106809e+02
7.070707e-04 -6.120295e+03 1.353005e+04 -6.635505e+02 8.710338e+04 -6.965530e+03 4.806512e+04 3.752083e+04 -3.897198e+02 -6.390075e+02 -8.714122e+04 4.702371e+03 9.200031e+03 -3.749923e+04 -3.633839e+02 -4.735368e+03 -3.699632e+04 -7.892548e+02 -9.926840e+04 5.361613e+03 1.188320e+04 4.273589e+04 4.769415e+02 5.375927e+03 4.217127e+04 5.367605e+03 -1.047372e+04 5.354324e+02 -7.646248e+04 -6.132770e+03 4.216689e+04 3.292350e+04 -2.935992e+02
9.090909e-04 -7.701821e+03 1.335462e+04 -8.433638e+02 8.466038e+04 -6.916686e+03 6.052544e+04 3.615726e+04 -4.974732e+02 -8.124901e+02 -8.470018e+04 5.917663e+03 9.081399e+03 -3.613329e+04 -4.643334e+02 -4.702857e+03 -4.658736e+04 -1.003305e+03 -9.648381e+04 6.747188e+03 1.173012e+04 4.117881e+04 6.088197e+02 5.337446e+03 5.310379e+04 6.754721e+03 -1.033768e+04 6.806749e+02 -7.432089e+04 -6.091347e+03 5.309827e+04 3.172731e+04 -3.751882e+02
1.111111e-03 -9.167346e+03 1.314223e+04 -1.016278e+03 8.172636e+04 -6.856623e+03 7.210195e+04 3.452062e+04 -6.026329e+02 -9.795446e+02 -8.176847e+04 7.043942e+03 8.937754e+03 -3.449385e+04 -5.631877e+02 -4.662856e+03 -5.549824e+04 -1.209266e+03 -9.313952e+04 8.031206e+03 1.154479e+04 3.930996e+04 7.375293e+02 5.290125e+03 6.326092e+04 8.040162e+03 -1.017295e+04 8.204499e+02 -7.174882e+04 -6.040383e+03 6.325436e+04 3.029157e+04 -4.551024e+02
1.313131e-03 -1.050057e+04 1.289690e+04 -1.181199e+03 7.837099e+04 -6.785961e+03 8.266983e+04 3.265051e+04 -7.047299e+02 -1.139142e+03 -7.841571e+04 8.068697e+03 8.771823e+03 -3.262056e+04 -6.595459e+02 -4.615764e+03 -6.363290e+04 -1.405848e+03 -8.931499e+04 9.199394e+03 1.133074e+04 3.717455e+04 8.624960e+02 5.234453e+03 7.253318e+04 9.209640e+03 -9.982630e+03 9.538860e+02 -6.880735e+04 -5.980389e+03 7.252568e+04 2.865102e+04 -5.330205e+02
1.515152e-03 -1.168974e+04 1.262301e+04 -1.337249e+03 7.466911e+04 -6.705405e+03 9.213870e+04 3.058955e+04 -8.033500e+02 -1.290449e+03 -7.471668e+04 8.982907e+03 8.586559e+03 -3.055613e+04 -7.530422e+02 -4.562038e+03 -7.092177e+04 -1.592016e+03 -8.509551e+04 1.024146e+04 1.109181e+04 3.482126e+04 9.832126e+02 5.170986e+03 8.084127e+04 1.025286e+04 -9.770111e+03 1.080281e+03 -6.556207e+04 -5.911950e+03 8.083292e+04 2.684303e+04 -6.086486e+02
1.717172e-03 -1.272765e+04 1.232510e+04 -1.483771e+03 7.069739e+04 -6.615732e+03 1.004526e+05 2.838148e+04 -8.981378e+02 -1.432835e+03 -7.074795e+04 9.781040e+03 8.385021e+03 -2.834441e+04 -8.433491e+02 -4.502182e+03 -7.732176e+04 -1.766987e+03 -8.056847e+04 1.115111e+04 1.083194e+04 3.230008e+04 1.099243e+03 5.100334e+03 8.813605e+04 1.116349e+04 -9.538889e+03 1.199104e+03 -6.208018e+04 -5.835711e+03 8.812697e+04 2.490599e+04 -6.817233e+02
1.919192e-03 -1.361140e+04 1.200767e+04 -1.620317e+03 6.653133e+04 -6.517769e+03 1.075879e+05 2.606950e+04 -9.887977e+02 -1.565862e+03 -6.658495e+04 1.046086e+04 8.170261e+03 -2.602866e+04 -9.301809e+02 -4.436736e+03 -8.281480e+04 -1.930226e+03 -7.581992e+04 1.192577e+04 1.055511e+04 2.966032e+04 1.210225e+03 5.023149e+03 9.439695e+04 1.193899e+04 -9.292456e+03 1.309993e+03 -5.842784e+04 -5.752361e+03 9.438725e+04 2.287777e+04 -7.520134e+02
2.121212e-03 -1.434196e+04 1.167512e+04 -1.746641e+03 6.224273e+04 -6.412378e+03 1.135508e+05 2.369475e+04 -1.075093e+03 -1.689275e+03 -6.229943e+04 1.102311e+04 7.945230e+03 -2.365012e+04 -1.013294e+03 -4.366263e+03 -8.740545e+04 -2.081430e+03 -7.093172e+04 1.256630e+04 1.026512e+04 2.694901e+04 1.315868e+03 4.940108e+03 9.962915e+04 1.258022e+04 -9.034192e+03 1.412739e+03 -5.466798e+04 -5.662619e+03 9.961894e+04 2.079448e+04 -8.193217e+02
2.323232e-03 -1.492362e+04 1.133154e+04 -1.862672e+03 5.789778e+04 -6.300438e+03 1.183722e+05 2.129524e+04 -1.156845e+03 -1.802985e+03 -5.795750e+04 1.147107e+04 7.712713e+03 -2.124687e+04 -1.092489e+03 -4.291341e+03 -9.111764e+04 -2.220504e+03 -6.597931e+04 1.307646e+04 9.965576e+03 2.420954e+04 1.415951e+03 4.851904e+03 1.038599e+05 1.309091e+04 -8.767285e+03 1.507277e+03 -5.085862e+04 -5.567225e+03 1.038493e+05 1.868946e+04 -8.834852e+02
2.525253e-03 -1.536338e+04 1.098074e+04 -1.968495e+03 5.355569e+04 -6.182831e+03 1.221039e+05 1.890504e+04 -1.233930e+03 -1.907044e+03 -5.361832e+04 1.181010e+04 7.475267e+03 -1.885302e+04 -1.167609e+03 -4.212551e+03 -9.399118e+04 -2.347533e+03 -6.103019e+04 1.346236e+04 9.659787e+03 2.148081e+04 1.510322e+03 4.759230e+03 1.071347e+05 1.347722e+04 -8.494663e+03 1.593661e+03 -4.705166e+04 -5.466919e+03 1.071238e+05 1.659259e+04 -9.443750e+02
2.727273e-03 -1.567032e+04 1.062612e+04 -2.064321e+03 4.926792e+04 -6.060425e+03 1.248134e+05 1.655374e+04 -1.306272e+03 -2.001628e+03 -4.933330e+04 1.204717e+04 7.235193e+03 -1.649825e+04 -1.238539e+03 -4.130469e+03 -9.607807e+04 -2.462752e+03 -5.614298e+04 1.373195e+04 9.350726e+03 1.879665e+04 1.598889e+03 4.662770e+03 1.095127e+05 1.374708e+04 -8.218966e+03 1.672048e+03 -4.329220e+04 -5.362436e+03 1.095016e+05 1.452983e+04 -1.001896e+03
2.929293e-03 -1.585498e+04 1.027068e+04 -2.150466e+03 4.507782e+04 -5.934065e+03 1.265797e+05 1.426630e+04 -1.373844e+03 -2.087006e+03 -4.514577e+04 1.219036e+04 6.994519e+03 -1.420755e+04 -1.305206e+03 -4.045656e+03 -9.743897e+04 -2.566519e+03 -5.136715e+04 1.389446e+04 9.041011e+03 1.618552e+04 1.681618e+03 4.563190e+03 1.110632e+05 1.390975e+04 -7.942519e+03 1.742678e+03 -3.961825e+04 -5.254493e+03 1.110519e+05 1.252308e+04 -1.055986e+03
3.131313e-03 -1.592883e+04 9.917000e+03 -2.227327e+03 4.102080e+04 -5.804564e+03 1.274887e+05 1.206303e+04 -1.436661e+03 -2.163530e+03 -4.109109e+04 1.224847e+04 6.754999e+03 -1.200125e+04 -1.367576e+03 -3.958655e+03 -9.814005e+04 -2.659289e+03 -4.674301e+04 1.395993e+04 8.732900e+03 1.367065e+04 1.758527e+03 4.461129e+03 1.118615e+05 1.397527e+04 -7.667332e+03 1.805855e+03 -3.606084e+04 -5.143781e+03 1.118502e+05 1.059015e+04 -1.106612e+03
3.333333e-03 -1.590378e+04 9.567287e+03 -2.295356e+03 3.712464e+04 -5.672691e+03 1.276298e+05 9.959809e+03 -1.494773e+03 -2.231603e+03 -3.719704e+04 1.223063e+04 6.518115e+03 -9.895268e+03 -1.425647e+03 -3.869981e+03 -9.825018e+04 -2.741584e+03 -4.230226e+04 1.393877e+04 8.428305e+03 1.127013e+04 1.829678e+03 4.357192e+03 1.119862e+05 1.395407e+04 -7.395111e+03 1.861932e+03 -3.264433e+04 -5.030956e+03 1.119749e+05 8.744971e+03 -1.153773e+03
3.535354e-03 -1.579178e+04 9.223355e+03 -2.355048e+03 3.341014e+04 -5.539166e+03 1.270932e+05 7.968408e+03 -1.548263e+03 -2.291673e+03 -3.348440e+04 1.214599e+04 6.285101e+03 -7.901386e+03 -1.479455e+03 -3.780119e+03 -9.783859e+04 -2.813977e+03 -3.806858e+04 1.384144e+04 8.128811e+03 8.997424e+03 1.895174e+03 4.251946e+03 1.115162e+05 1.385661e+04 -7.127272e+03 1.911292e+03 -2.938696e+04 -4.916635e+03 1.115050e+05 6.997875e+03 -1.197490e+03
3.737374e-03 -1.560449e+04 8.886680e+03 -2.406920e+03 2.989183e+04 -5.404657e+03 1.259667e+05 6.096905e+03 -1.597245e+03 -2.344210e+03 -2.996768e+04 1.200351e+04 6.056956e+03 -6.027691e+03 -1.529061e+03 -3.689518e+03 -9.697301e+04 -2.877066e+03 -3.405854e+04 1.367816e+04 7.835701e+03 6.861735e+03 1.955152e+03 4.145918e+03 1.105286e+05 1.369314e+04 -6.864967e+03 1.954342e+03 -2.630147e+04 -4.801392e+03 1.105176e+05 5.355948e+03 -1.237813e+03
3.939394e-03 -1.535306e+04 8.558428e+03 -2.451499e+03 2.657876e+04 -5.269777e+03 1.243346e+05 4.350147e+03 -1.641851e+03 -2.389699e+03 -2.665596e+04 1.181174e+04 5.834471e+03 -4.279030e+03 -1.574555e+03 -3.598594e+03 -9.571828e+04 -2.931469e+03 -3.028246e+04 1.345867e+04 7.549986e+03 4.868591e+03 2.009779e+03 4.039591e+03 1.090975e+05 1.347340e+04 -6.609106e+03 1.991495e+03 -2.339581e+04 -4.685754e+03 1.090867e+05 3.823441e+03 -1.274808e+03
4.141414e-03 -1.504792e+04 8.239490e+03 -2.489313e+03 2.347534e+04 -5.135081e+03 1.222762e+05 2.730215e+03 -1.682236e+03 -2.428626e+03 -2.355363e+04 1.157869e+04 5.618253e+03 -2.657481e+03 -1.616048e+03 -3.507725e+03 -9.413531e+04 -2.977800e+03 -2.674536e+04 1.319213e+04 7.272441e+03 3.020357e+03 2.059242e+03 3.933402e+03 1.072923e+05 1.320655e+04 -6.360391e+03 2.023166e+03 -2.067384e+04 -4.570200e+03 1.072816e+05 2.402181e+03 -1.308563e+03
4.343434e-03 -1.469874e+04 7.930520e+03 -2.520881e+03 2.058209e+04 -5.001068e+03 1.198645e+05 1.236888e+03 -1.718568e+03 -2.461473e+03 -2.066123e+04 1.131176e+04 5.408746e+03 -1.162814e+03 -1.653668e+03 -3.417249e+03 -9.228043e+04 -3.016666e+03 -2.344783e+04 1.288698e+04 7.003628e+03 1.316772e+03 2.103751e+03 3.827744e+03 1.051771e+05 1.290105e+04 -6.119336e+03 2.049767e+03 -1.813604e+04 -4.455163e+03 1.051667e+05 1.091977e+03 -1.339180e+03
4.545455e-03 -1.431426e+04 7.631966e+03 -2.546704e+03 1.789638e+04 -4.868180e+03 1.171663e+05 -1.319249e+02 -1.751028e+03 -2.488709e+03 -1.797614e+04 1.101768e+04 5.206258e+03 2.070724e+02 -1.687562e+03 -3.327471e+03 -9.020499e+04 -3.048659e+03 -2.038688e+04 1.255089e+04 6.743936e+03 -2.445642e+02 2.143526e+03 3.722966e+03 1.028106e+05 1.256459e+04 -5.886300e+03 2.071696e+03 -1.578010e+04 -4.341027e+03 1.028004e+05 -1.090065e+02 -1.366773e+03
4.747475e-03 -1.390238e+04 7.344105e+03 -2.567267e+03 1.541311e+04 -4.736806e+03 1.142417e+05 -1.379788e+03 -1.779805e+03 -2.510789e+03 -1.549326e+04 1.070249e+04 5.010979e+03 1.455758e+03 -1.717885e+03 -3.238656e+03 -8.795524e+04 -3.074347e+03 -1.755667e+04 1.219075e+04 6.493600e+03 -1.667731e+03 2.178799e+03 3.619374e+03 1.002454e+05 1.220406e+04 -5.661505e+03 2.089336e+03 -1.360157e+04 -4.228131e+03 1.002355e+05 -1.203893e+03 -1.391468e+03
4.949495e-03 -1.347009e+04 7.067067e+03 -2.583030e+03 1.312526e+04 -4.607282e+03 1.111442e+05 -2.511388e+03 -1.805091e+03 -2.528144e+03 -1.320560e+04 1.037156e+04 4.823001e+03 2.587943e+03 -1.744804e+03 -3.151037e+03 -8.557231e+04 -3.094271e+03 -1.494923e+04 1.181270e+04 6.252729e+03 -2.958091e+03 2.209808e+03 3.517235e+03 9.752842e+04 1.182559e+04 -5.445063e+03 2.103057e+03 -1.159429e+04 -4.116768e+03 9.751882e+04 -2.196793e+03 -1.413395e+03
5.151515e-03 -1.302351e+04 6.800866e+03 -2.594427e+03 1.102443e+04 -4.479896e+03 1.079209e+05 -3.532225e+03 -1.827083e+03 -2.541188e+03 -1.110478e+04 1.002960e+04 4.642336e+03 3.609148e+03 -1.768490e+03 -3.064813e+03 -8.309247e+04 -3.108946e+03 -1.255496e+04 1.142211e+04 6.021329e+03 -4.121936e+03 2.236793e+03 3.416775e+03 9.470100e+04 1.143457e+04 -5.236992e+03 2.113203e+03 -9.750931e+03 -4.007191e+03 9.469170e+04 -3.092531e+03 -1.432694e+03
5.353535e-03 -1.256798e+04 6.545416e+03 -2.601867e+03 9.101256e+03 -4.354892e+03 1.046127e+05 -4.448357e+03 -1.845977e+03 -2.550308e+03 -9.181432e+03 9.680690e+03 4.468931e+03 4.525446e+03 -1.789119e+03 -2.980153e+03 -8.054726e+04 -3.118855e+03 -1.036319e+04 1.102363e+04 5.799322e+03 -5.166191e+03 2.259996e+03 3.318188e+03 9.179912e+04 1.103566e+04 -5.037235e+03 2.120104e+03 -8.063272e+03 -3.899614e+03 9.179013e+04 -3.896420e+03 -1.449503e+03
5.555556e-03 -1.210807e+04 6.300557e+03 -2.605730e+03 7.345763e+03 -4.232470e+03 1.012551e+05 -5.266177e+03 -1.861968e+03 -2.555869e+03 -7.425614e+03 9.328356e+03 4.302679e+03 5.343248e+03 -1.806866e+03 -2.897198e+03 -7.796395e+04 -3.124449e+03 -8.362557e+03 1.062128e+04 5.586563e+03 -6.098166e+03 2.279654e+03 3.221630e+03 8.885384e+04 1.063287e+04 -4.845674e+03 2.124064e+03 -6.522584e+03 -3.794214e+03 8.884516e+04 -4.614066e+03 -1.463966e+03
5.757576e-03 -1.164767e+04 6.066066e+03 -2.606372e+03 5.747669e+03 -4.112793e+03 9.787827e+04 -5.992236e+03 -1.875247e+03 -2.558211e+03 -5.827052e+03 8.975577e+03 4.143433e+03 6.069123e+03 -1.821907e+03 -2.816062e+03 -7.536577e+04 -3.126149e+03 -6.541328e+03 1.021845e+04 5.382856e+03 -6.925350e+03 2.296003e+03 3.127232e+03 8.589166e+04 1.022961e+04 -4.662144e+03 2.125370e+03 -5.119859e+03 -3.691136e+03 8.588329e+04 -5.251217e+03 -1.476223e+03
5.959596e-03 -1.119004e+04 5.841675e+03 -2.604120e+03 4.296608e+03 -3.995989e+03 9.450775e+04 -6.633104e+03 -1.885999e+03 -2.557650e+03 -4.375398e+03 8.624864e+03 3.991015e+03 6.709657e+03 -1.834416e+03 -2.736836e+03 -7.277238e+04 -3.124346e+03 -4.887693e+03 9.818023e+03 5.187961e+03 -7.655252e+03 2.309270e+03 3.035095e+03 8.293497e+04 9.828750e+03 -4.486443e+03 2.124286e+03 -3.846021e+03 -3.590496e+03 8.292691e+04 -5.813634e+03 -1.486414e+03
6.161616e-03 -1.073789e+04 5.627081e+03 -2.599276e+03 2.982324e+03 -3.882154e+03 9.116486e+04 -7.195251e+03 -1.894405e+03 -2.554479e+03 -3.060410e+03 8.278295e+03 3.845221e+03 7.271337e+03 -1.844563e+03 -2.659591e+03 -7.020019e+04 -3.119400e+03 -3.389959e+03 9.422356e+03 5.001611e+03 -8.295269e+03 2.319675e+03 2.945295e+03 8.000249e+04 9.432659e+03 -4.318342e+03 2.121057e+03 -2.692083e+03 -3.492379e+03 7.999473e+04 -6.306992e+03 -1.494676e+03
6.363636e-03 -1.029343e+04 5.421954e+03 -2.592121e+03 1.794806e+03 -3.771359e+03 8.786717e+04 -7.684968e+03 -1.900640e+03 -2.548968e+03 -1.872091e+03 7.937573e+03 3.705832e+03 7.760469e+03 -1.852512e+03 -2.584376e+03 -6.766271e+04 -3.111645e+03 -2.036713e+03 9.033392e+03 4.823518e+03 -8.852588e+03 2.327433e+03 2.857887e+03 7.710962e+04 9.043278e+03 -4.157592e+03 2.115910e+03 -1.649276e+03 -3.396851e+03 7.710216e+04 -6.736811e+03 -1.501143e+03
6.565657e-03 -9.858456e+03 5.225952e+03 -2.582908e+03 7.243932e+02 -3.663648e+03 8.462896e+04 -8.108300e+03 -1.904868e+03 -2.541366e+03 -8.007915e+02 7.604068e+03 3.572617e+03 8.183114e+03 -1.858422e+03 -2.511225e+03 -6.517096e+04 -3.101385e+03 -8.169430e+02 8.652692e+03 4.653378e+03 -9.334119e+03 2.332746e+03 2.772908e+03 7.426891e+04 8.662172e+03 -4.003931e+03 2.109050e+03 -7.091359e+02 -3.303952e+03 7.426174e+04 -7.108391e+03 -1.505944e+03
6.767677e-03 -9.434354e+03 5.038720e+03 -2.571873e+03 -2.381515e+02 -3.559045e+03 8.146165e+04 -8.471007e+03 -1.907249e+03 -2.531903e+03 1.627117e+02 7.278856e+03 3.445339e+03 8.545042e+03 -1.862447e+03 -2.440159e+03 -6.273371e+04 -3.088900e+03 2.798798e+02 8.281484e+03 4.490880e+03 -9.746442e+03 2.335808e+03 2.690377e+03 7.149036e+04 8.290569e+03 -3.857087e+03 2.100670e+03 1.364294e+02 -3.213707e+03 7.148347e+04 -7.426785e+03 -1.509202e+03
6.969697e-03 -9.022204e+03 4.859900e+03 -2.559227e+03 -1.101590e+03 -3.457553e+03 7.837415e+04 -8.778526e+03 -1.907933e+03 -2.520786e+03 1.027170e+03 6.962768e+03 3.323756e+03 8.851706e+03 -1.864732e+03 -2.371182e+03 -6.035783e+04 -3.074447e+03 1.263744e+03 7.920712e+03 4.335711e+03 -1.009577e+04 2.336803e+03 2.610296e+03 6.878180e+04 7.929413e+03 -3.716787e+03 2.090942e+03 8.950969e+02 -3.126123e+03 6.877519e+04 -7.696764e+03 -1.511037e+03
7.171717e-03 -8.622799e+03 4.689132e+03 -2.545166e+03 -1.874181e+03 -3.359160e+03 7.537323e+04 -9.035966e+03 -1.907063e+03 -2.508209e+03 1.800833e+03 6.656415e+03 3.207628e+03 9.108223e+03 -1.865417e+03 -2.304290e+03 -5.804853e+04 -3.058258e+03 2.144063e+03 7.571073e+03 4.187555e+03 -1.038795e+04 2.335905e+03 2.532657e+03 6.614917e+04 7.579404e+03 -3.582755e+03 2.080026e+03 1.574103e+03 -3.041192e+03 6.614282e+04 -7.922806e+03 -1.511561e+03
7.373737e-03 -8.236697e+03 4.526063e+03 -2.529867e+03 -2.563666e+03 -3.263843e+03 7.246381e+04 -9.248091e+03 -1.904771e+03 -2.494345e+03 2.491431e+03 6.360227e+03 3.096716e+03 9.319371e+03 -1.864633e+03 -2.239468e+03 -5.580960e+04 -3.040547e+03 2.929662e+03 7.233056e+03 4.046101e+03 -1.062840e+04 2.333277e+03 2.457440e+03 6.359679e+04 7.241029e+03 -3.454719e+03 2.068067e+03 2.180230e+03 -2.958894e+03 6.359070e+04 -8.109093e+03 -1.510881e+03
7.575758e-03 -7.864250e+03 4.370343e+03 -2.513489e+03 -3.177266e+03 -3.171562e+03 6.964927e+04 -9.419328e+03 -1.901185e+03 -2.479354e+03 3.106179e+03 6.074479e+03 2.990784e+03 9.489583e+03 -1.862505e+03 -2.176693e+03 -5.364365e+04 -3.021507e+03 3.628773e+03 6.906972e+03 3.911045e+03 -1.082221e+04 2.329074e+03 2.384617e+03 6.112763e+04 6.914600e+03 -3.332411e+03 2.055195e+03 2.719807e+03 -2.879201e+03 6.112178e+04 -8.259506e+03 -1.509098e+03
7.777778e-03 -7.505645e+03 4.221631e+03 -2.496178e+03 -3.721693e+03 -3.082273e+03 6.693167e+04 -9.553769e+03 -1.896422e+03 -2.463380e+03 3.651779e+03 5.799315e+03 2.889604e+03 9.622962e+03 -1.859150e+03 -2.115935e+03 -5.155226e+04 -3.001314e+03 4.249044e+03 6.592986e+03 3.782088e+03 -1.097403e+04 2.323439e+03 2.314151e+03 5.874349e+04 6.600282e+03 -3.215568e+03 2.041532e+03 3.198714e+03 -2.802074e+03 5.873788e+04 -8.377636e+03 -1.506308e+03
7.979798e-03 -7.160926e+03 4.079598e+03 -2.478067e+03 -4.203158e+03 -2.995918e+03 6.431198e+04 -9.655184e+03 -1.890592e+03 -2.446556e+03 4.134438e+03 5.534772e+03 2.792953e+03 9.723285e+03 -1.854676e+03 -2.057160e+03 -4.953619e+04 -2.980125e+03 4.797559e+03 6.291137e+03 3.658940e+03 -1.108818e+04 2.316507e+03 2.245998e+03 5.644522e+04 6.298115e+03 -3.103934e+03 2.027185e+03 3.622396e+03 -2.727467e+03 5.643984e+04 -8.466790e+03 -1.502601e+03
8.181818e-03 -6.830021e+03 3.943923e+03 -2.459273e+03 -4.627398e+03 -2.912437e+03 6.179026e+04 -9.727036e+03 -1.883797e+03 -2.429000e+03 4.559884e+03 5.280799e+03 2.700614e+03 9.794022e+03 -1.849188e+03 -2.000326e+03 -4.759547e+04 -2.958087e+03 5.280855e+03 6.001365e+03 3.541323e+03 -1.116860e+04 2.308403e+03 2.180111e+03 5.423288e+04 6.008039e+03 -2.997264e+03 2.012252e+03 3.995878e+03 -2.655330e+03 5.422772e+04 -8.530005e+03 -1.498059e+03
8.383838e-03 -6.512768e+03 3.814298e+03 -2.439905e+03 -4.999692e+03 -2.831763e+03 5.936581e+04 -9.772494e+03 -1.876134e+03 -2.410821e+03 4.933394e+03 5.037272e+03 2.612379e+03 9.838347e+03 -1.842781e+03 -1.945391e+03 -4.572958e+04 -2.935327e+03 5.704950e+03 5.723528e+03 3.428968e+03 -1.121893e+04 2.299243e+03 2.116436e+03 5.210586e+04 5.729910e+03 -2.895319e+03 1.996822e+03 4.323790e+03 -2.585605e+03 5.210091e+04 -8.570060e+03 -1.492762e+03
8.585859e-03 -6.208924e+03 3.690427e+03 -2.420059e+03 -5.324892e+03 -2.753825e+03 5.703735e+04 -9.794451e+03 -1.867691e+03 -2.392115e+03 5.259813e+03 4.804009e+03 2.528050e+03 9.859159e+03 -1.835544e+03 -1.892307e+03 -4.393753e+04 -2.911965e+03 6.075373e+03 5.457417e+03 3.321615e+03 -1.124246e+04 2.289136e+03 2.054918e+03 5.006304e+04 5.463520e+03 -2.797870e+03 1.980976e+03 4.610381e+03 -2.518234e+03 5.005829e+04 -8.589495e+03 -1.486781e+03
8.787879e-03 -5.918192e+03 3.572027e+03 -2.399821e+03 -5.607444e+03 -2.678550e+03 5.480310e+04 -9.795542e+03 -1.858549e+03 -2.372971e+03 5.543583e+03 4.580783e+03 2.447434e+03 9.859099e+03 -1.827560e+03 -1.841027e+03 -4.221796e+04 -2.888104e+03 6.397193e+03 5.202770e+03 3.219017e+03 -1.124221e+04 2.278181e+03 1.995499e+03 4.810286e+04 5.208606e+03 -2.704698e+03 1.964785e+03 4.859550e+03 -2.453154e+03 4.809830e+04 -8.590620e+03 -1.480186e+03
8.989899e-03 -5.640226e+03 3.458827e+03 -2.379271e+03 -5.851416e+03 -2.605860e+03 5.266091e+04 -9.778162e+03 -1.848784e+03 -2.353468e+03 5.788769e+03 4.367329e+03 2.370349e+03 9.840565e+03 -1.818907e+03 -1.791498e+03 -4.056922e+04 -2.863842e+03 6.675048e+03 4.959287e+03 3.120939e+03 -1.122091e+04 2.266471e+03 1.938119e+03 4.622342e+04 4.964869e+03 -2.615593e+03 1.948315e+03 5.074862e+03 -2.390300e+03 4.621905e+04 -8.575537e+03 -1.473038e+03
9.191919e-03 -5.374645e+03 3.350568e+03 -2.358478e+03 -6.060526e+03 -2.535678e+03 5.060834e+04 -9.744485e+03 -1.838467e+03 -2.333678e+03 5.999087e+03 4.163360e+03 2.296620e+03 9.805736e+03 -1.809655e+03 -1.743669e+03 -3.898942e+04 -2.839263e+03 6.913175e+03 4.726637e+03 3.027153e+03 -1.118103e+04 2.254090e+03 1.882718e+03 4.442260e+04 4.731975e+03 -2.530354e+03 1.931624e+03 5.259577e+03 -2.329607e+03 4.441839e+04 -8.546151e+03 -1.465396e+03
9.393939e-03 -5.121045e+03 3.247004e+03 -2.337505e+03 -6.238168e+03 -2.467928e+03 4.864272e+04 -9.696477e+03 -1.827662e+03 -2.313665e+03 6.177926e+03 3.968565e+03 2.226080e+03 9.756580e+03 -1.799870e+03 -1.697490e+03 -3.747651e+04 -2.814444e+03 7.115442e+03 4.504465e+03 2.937447e+03 -1.112483e+04 2.241119e+03 1.829233e+03 4.269804e+04 4.509572e+03 -2.448790e+03 1.914764e+03 5.416669e+03 -2.271008e+03 4.269400e+04 -8.504190e+03 -1.457314e+03
9.595960e-03 -4.879004e+03 3.147901e+03 -2.316409e+03 -6.387432e+03 -2.402529e+03 4.676122e+04 -9.635917e+03 -1.816428e+03 -2.293487e+03 6.328375e+03 3.782624e+03 2.158570e+03 9.694878e+03 -1.789614e+03 -1.652906e+03 -3.602833e+04 -2.789453e+03 7.285372e+03 4.292403e+03 2.851615e+03 -1.105434e+04 2.227628e+03 1.777603e+03 4.104728e+04 4.297289e+03 -2.370720e+03 1.897783e+03 5.548849e+03 -2.214436e+03 4.104340e+04 -8.451212e+03 -1.448842e+03
9.797980e-03 -4.648091e+03 3.053037e+03 -2.295238e+03 -6.511135e+03 -2.339404e+03 4.496094e+04 -9.564409e+03 -1.804820e+03 -2.273195e+03 6.453248e+03 3.605205e+03 2.093941e+03 9.622239e+03 -1.778942e+03 -1.609865e+03 -3.464263e+04 -2.764353e+03 7.426174e+03 4.090075e+03 2.769463e+03 -1.097139e+04 2.213684e+03 1.727766e+03 3.946776e+04 4.094751e+03 -2.295970e+03 1.880723e+03 5.658583e+03 -2.159824e+03 3.946403e+04 -8.388625e+03 -1.440026e+03
1.000000e-02 -4.427868e+03 2.962199e+03 -2.274040e+03 -6.611835e+03 -2.278475e+03 4.323888e+04 -9.483399e+03 -1.792888e+03 -2.252836e+03 6.555102e+03 3.435976e+03 2.032048e+03 9.540110e+03 -1.767906e+03 -1.568317e+03 -3.331711e+04 -2.739197e+03 7.540766e+03 3.897099e+03 2.690808e+03 -1.087763e+04 2.199349e+03 1.679662e+03 3.795685e+04 3.901573e+03 -2.224376e+03 1.863620e+03 5.748118e+03 -2.107107e+03 3.795327e+04 -8.317697e+03 -1.430907e+03
