-1.000000e-02 -1.307996e+04 3.696009e+03 3.901319e+03 -3.757929e+04 -2.130566e+03 -9.984307e+04 -4.285603e+04 3.258697e+03 3.837830e+03 3.747991e+04 9.997457e+03 2.541298e+03 4.295576e+04 3.190567e+03 -1.479785e+03 7.694354e+04 4.679757e+03 4.281343e+04 1.143891e+04 3.385598e+03 -4.893996e+04 -3.951296e+03 1.498939e+03 -8.765055e+04 1.143375e+04 -2.753952e+03 -3.188192e+03 3.289866e+04 -2.057237e+03 -8.764696e+04 -3.761649e+04 2.616571e+03
-9.797980e-03 -1.410865e+04 3.922969e+03 4.034289e+03 -4.017900e+04 -2.221651e+03 -1.084946e+05 -4.604965e+04 3.354232e+03 3.965285e+03 4.007321e+04 1.078578e+04 2.697085e+03 4.615576e+04 3.280354e+03 -1.543285e+03 8.360811e+04 4.836929e+03 4.577547e+04 1.233966e+04 3.585468e+03 -5.258606e+04 -4.065536e+03 1.567642e+03 -9.524402e+04 1.233400e+04 -2.930785e+03 -3.295707e+03 3.517472e+04 -2.140838e+03 -9.524010e+04 -4.041935e+04 2.691223e+03
-9.595960e-03 -1.526891e+04 4.174912e+03 4.178813e+03 -4.308668e+04 -2.318882e+03 -1.182789e+05 -4.964303e+04 3.456908e+03 4.103555e+03 4.297376e+04 1.167501e+04 2.870026e+03 4.975622e+04 3.376518e+03 -1.611143e+03 9.114528e+04 5.007599e+03 4.908840e+04 1.335567e+04 3.807319e+03 -5.668846e+04 -4.188232e+03 1.640905e+03 -1.038318e+05 1.334943e+04 -3.127109e+03 -3.412458e+03 3.772042e+04 -2.230240e+03 -1.038275e+05 -4.357304e+04 2.771224e+03
-9.393939e-03 -1.658465e+04 4.456043e+03 4.336628e+03 -4.635624e+04 -2.422787e+03 -1.294038e+05 -5.370892e+04 3.567687e+03 4.254240e+03 4.623533e+04 1.268349e+04 3.063010e+03 5.383004e+04 3.479878e+03 -1.683748e+03 9.971505e+04 5.193781e+03 5.281367e+04 1.450790e+04 4.054847e+03 -6.133023e+04 -4.320512e+03 1.719101e+03 -1.135961e+05 1.450099e+04 -3.346210e+03 -3.539824e+03 4.058298e+04 -2.325975e+03 -1.135914e+05 -4.714141e+04 2.857272e+03
-9.191919e-03 -1.808567e+04 4.771570e+03 4.509866e+03 -5.005453e+04 -2.533932e+03 -1.421281e+05 -5.833807e+04 3.687737e+03 4.419294e+03 4.992462e+04 1.383407e+04 3.279612e+03 5.846811e+04 3.591419e+03 -1.761522e+03 1.095167e+05 5.397939e+03 5.702743e+04 1.582243e+04 4.332629e+03 -6.661494e+04 -4.463739e+03 1.802625e+03 -1.247641e+05 1.581476e+04 -3.592156e+03 -3.679494e+03 4.382093e+04 -2.428625e+03 -1.247589e+05 -5.120411e+04 2.950204e+03
-8.989899e-03 -1.980949e+04 5.128020e+03 4.701169e+03 -5.426541e+04 -2.652919e+03 -1.567780e+05 -6.364500e+04 3.818491e+03 4.601139e+03 5.412530e+04 1.515555e+04 3.524317e+03 6.378514e+04 3.712343e+03 -1.844923e+03 1.208016e+05 5.623128e+03 6.182524e+04 1.733216e+04 4.646403e+03 -7.267329e+04 -4.619583e+03 1.891893e+03 -1.376222e+05 1.732360e+04 -3.870045e+03 -3.833558e+03 4.750771e+04 -2.538828e+03 -1.376163e+05 -5.586164e+04 3.051047e+03
-8.787879e-03 -2.180401e+04 5.533696e+03 4.913866e+03 -5.909550e+04 -2.780378e+03 -1.737699e+05 -6.977620e+04 3.961733e+03 4.802816e+03 5.894376e+04 1.668466e+04 3.802824e+03 6.992785e+04 3.844141e+03 -1.934438e+03 1.338904e+05 5.873189e+03 6.732860e+04 1.907904e+04 5.003463e+03 -7.967247e+04 -4.790124e+03 1.987322e+03 -1.525357e+05 1.906944e+04 -4.186366e+03 -4.004649e+03 5.173666e+04 -2.657272e+03 -1.525292e+05 -6.124256e+04 3.161074e+03
-8.585859e-03 -2.413130e+04 5.999331e+03 5.152216e+03 -6.468240e+04 -2.916939e+03 -1.936441e+05 -7.692197e+04 4.119731e+03 5.028207e+03 6.451725e+04 1.846903e+04 4.122504e+03 7.708686e+04 3.988689e+03 -2.030575e+03 1.491993e+05 6.153034e+03 7.369426e+04 2.111746e+04 5.413242e+03 -8.782968e+04 -4.977995e+03 2.089312e+03 -1.699789e+05 2.110663e+04 -4.549504e+03 -4.196130e+03 5.662828e+04 -2.784689e+03 -1.699716e+05 -6.751388e+04 3.281892e+03
-8.383838e-03 -2.687321e+04 6.539064e+03 5.421780e+03 -7.120676e+04 -3.063194e+03 -2.171130e+05 -8.533394e+04 4.295417e+03 5.282370e+03 7.102603e+04 2.057146e+04 4.493066e+03 8.551419e+04 4.148401e+03 -2.133837e+03 1.672769e+05 6.469066e+03 8.112808e+04 2.351915e+04 5.888159e+03 -9.743209e+04 -5.186597e+03 2.198203e+03 -1.905770e+05 2.350685e+04 -4.970511e+03 -4.412389e+03 6.234075e+04 -2.921834e+03 -1.905688e+05 -7.489642e+04 3.415575e+03
-8.181818e-03 -3.013995e+04 7.171943e+03 5.729979e+03 -7.891068e+04 -3.219615e+03 -2.451361e+05 -9.535178e+04 4.492683e+03 5.572039e+03 7.871162e+04 2.307649e+04 4.927590e+03 9.555008e+04 4.326458e+03 -2.244682e+03 1.888624e+05 6.829821e+03 8.990589e+04 2.638065e+04 6.444950e+03 -1.088674e+05 -5.420434e+03 2.314199e+03 -2.151721e+05 2.636658e+04 -5.464274e+03 -4.659273e+03 6.908604e+04 -3.069437e+03 -2.151627e+05 -8.368830e+04 3.564861e+03
-7.979798e-03 -3.408345e+04 7.924316e+03 6.086988e+03 -8.812639e+04 -3.386409e+03 -2.790367e+05 -1.074455e+05 4.716844e+03 5.906425e+03 8.790551e+04 2.610069e+04 5.444166e+03 1.076653e+05 4.527180e+03 -2.363438e+03 2.149749e+05 7.246994e+03 1.004063e+05 2.983511e+04 7.106753e+03 -1.226720e+05 -5.685643e+03 2.437233e+03 -2.449257e+05 2.981887e+04 -6.051387e+03 -4.944795e+03 7.715509e+04 -3.228123e+03 -2.449149e+05 -9.430201e+04 3.733479e+03
-7.777778e-03 -3.891954e+04 8.833808e+03 6.507229e+03 -9.932337e+04 -3.563238e+03 -3.206945e+05 -1.222852e+05 4.975417e+03 6.298552e+03 9.907608e+04 2.980964e+04 6.068627e+03 1.225309e+05 4.756642e+03 -2.490144e+03 2.470623e+05 7.737134e+03 1.131641e+05 3.407164e+04 7.906615e+03 -1.396106e+05 -5.990885e+03 2.566715e+03 -2.814874e+05 3.405269e+04 -6.761263e+03 -5.280292e+03 8.695895e+04 -3.398230e+03 -2.814748e+05 -1.073256e+05 3.926686e+03
-7.575758e-03 -4.496612e+04 9.956326e+03 7.011971e+03 -1.131893e+05 -3.748680e+03 -3.728782e+05 -1.408620e+05 5.279508e+03 6.767588e+03 1.129094e+05 3.444725e+04 6.839351e+03 1.411397e+05 5.023776e+03 -2.624227e+03 2.872571e+05 8.324630e+03 1.289630e+05 3.936878e+04 8.893626e+03 -1.608144e+05 -6.348929e+03 2.701047e+03 -3.272871e+05 3.934639e+04 -7.637604e+03 -5.682474e+03 9.909978e+04 -3.579456e+03 -3.272722e+05 -1.236288e+05 4.152233e+03
-7.373737e-03 -5.271385e+04 1.137922e+04 7.634251e+03 -1.307790e+05 -3.939121e+03 -4.398598e+05 -1.647129e+05 5.646450e+03 7.343234e+03 1.304579e+05 4.038995e+04 7.816300e+03 1.650309e+05 5.342475e+03 -2.763838e+03 3.388496e+05 9.047320e+03 1.490048e+05 4.615648e+04 1.014449e+04 -1.880374e+05 -6.779665e+03 2.836635e+03 -3.860741e+05 4.612956e+04 -8.748700e+03 -6.177262e+03 1.145012e+05 -3.770121e+03 -3.860564e+05 -1.445606e+05 4.422205e+03
-7.171717e-03 -6.296844e+04 1.324837e+04 8.428969e+03 -1.538128e+05 -4.126309e+03 -5.286516e+05 -1.963754e+05 6.105321e+03 8.074751e+03 1.534376e+05 4.825588e+04 9.099585e+03 1.967462e+05 5.735990e+03 -2.904370e+03 4.072409e+05 9.968023e+03 1.752497e+05 5.514073e+04 1.178725e+04 -2.241756e+05 -7.316396e+03 2.965722e+03 -4.640029e+05 5.510767e+04 -1.020858e+04 -6.807691e+03 1.346694e+05 -3.965492e+03 -4.639811e+05 -1.723480e+05 4.756878e+03
-6.969697e-03 -7.717315e+04 1.583082e+04 9.496308e+03 -1.853481e+05 -4.291340e+03 -6.518050e+05 -2.404230e+05 6.709941e+03 9.051856e+03 1.848988e+05 5.915230e+04 1.087247e+04 2.408659e+05 6.247333e+03 -3.034784e+03 5.020986e+05 1.120128e+04 2.111811e+05 6.758618e+04 1.405637e+04 -2.744483e+05 -8.020655e+03 3.071097e+03 -5.720893e+05 6.754434e+04 -1.222600e+04 -7.652219e+03 1.622812e+05 -4.153618e+03 -5.720618e+05 -2.110044e+05 5.193835e+03
-6.767677e-03 -9.827572e+04 1.968743e+04 1.104638e+04 -2.315732e+05 -4.387300e+03 -8.349292e+05 -3.062618e+05 7.575368e+03 1.046240e+04 2.310148e+05 7.534059e+04 1.351972e+04 3.068108e+05 6.968565e+03 -3.126915e+03 6.431476e+05 1.298714e+04 2.638503e+05 8.607579e+04 1.744412e+04 -3.495901e+05 -9.023805e+03 3.110838e+03 -7.328093e+05 8.602033e+04 -1.523930e+04 -8.875246e+03 2.027549e+05 -4.303172e+03 -7.327730e+05 -2.687849e+05 5.813674e+03
-6.565657e-03 -1.338072e+05 2.630105e+04 1.363528e+04 -3.081367e+05 -4.273482e+03 -1.143358e+06 -4.181144e+05 9.013631e+03 1.280288e+04 3.073952e+05 1.025981e+05 1.805848e+04 4.188408e+05 8.150136e+03 -3.094761e+03 8.807104e+05 1.596056e+04 3.510870e+05 1.172086e+05 2.325206e+04 -4.772445e+05 -1.068171e+04 2.960611e+03 -1.003504e+06 1.171289e+05 -2.040731e+04 -1.091158e+04 2.697904e+05 -4.317048e+03 -1.003452e+06 -3.669472e+05 6.835940e+03
-6.363636e-03 -2.153421e+05 4.215457e+04 1.970416e+04 -4.798680e+05 -3.273475e+03 -1.850473e+06 -6.784566e+05 1.243543e+04 1.825065e+04 4.787050e+05 1.651457e+05 2.893430e+04 6.795903e+05 1.093011e+04 -2.519661e+03 1.425357e+06 2.290788e+04 5.467569e+05 1.886519e+05 3.717009e+04 -7.743598e+05 -1.460215e+04 2.026363e+03 -1.624110e+06 1.885115e+05 -3.279513e+04 -1.566878e+04 4.201418e+05 -3.718809e+03 -1.624018e+06 -5.954245e+05 9.259135e+03
-6.161616e-03 5.306744e+04 -1.986921e+04 -3.957633e+03 5.108481e+04 -1.137703e+04 4.591772e+05 2.159966e+05 -2.281482e+03 -2.794793e+03 -5.080035e+04 -4.071830e+04 -1.356939e+04 -2.162552e+05 -1.079874e+03 -7.659512e+03 -3.536700e+05 -4.071478e+03 -5.819379e+04 -4.654092e+04 -1.726200e+04 2.464202e+05 2.141144e+03 9.059748e+03 4.030196e+05 -4.642704e+04 1.563710e+04 2.790830e+03 -4.459417e+04 -9.651986e+03 4.029511e+05 1.895555e+05 -1.300810e+03
-5.959596e-03 1.221026e+06 -2.457560e+05 -8.712052e+04 2.476831e+06 -3.410242e+04 1.060766e+07 3.970409e+06 -4.783296e+04 -7.692767e+04 -2.470596e+06 -9.367429e+05 -1.685189e+05 -3.976390e+06 -3.730997e+04 -2.163547e+04 -8.170307e+06 -9.894944e+04 -2.822098e+06 -1.069982e+06 -2.155061e+05 4.530984e+06 5.401407e+04 2.889416e+04 9.309849e+06 -1.068977e+06 1.921930e+05 6.777249e+04 -2.168332e+06 -2.568062e+04 9.309261e+06 3.484429e+06 -3.312027e+04
-5.757576e-03 -2.639244e+05 3.535235e+04 1.675759e+04 -6.315401e+05 -8.197601e+03 -2.303796e+06 -7.773934e+05 8.334498e+03 1.579329e+04 6.302416e+05 2.024886e+05 2.433970e+04 7.786655e+05 7.339548e+03 -5.887208e+03 1.774435e+06 1.963061e+04 7.195973e+05 2.312225e+05 3.121586e+04 -8.872643e+05 -1.001717e+04 6.100479e+03 -2.021898e+06 2.311278e+05 -2.754414e+04 -1.344986e+04 5.531193e+05 -7.802932e+03 -2.021832e+06 -6.822428e+05 6.040433e+03
-5.555556e-03 1.450830e+05 -3.370477e+04 -7.567724e+03 2.400465e+05 -1.475966e+04 1.273589e+06 5.097167e+05 -3.124781e+03 -5.859328e+03 -2.393423e+05 -1.113445e+05 -2.307136e+04 -5.103703e+05 -1.365915e+03 -9.863119e+03 -9.809141e+05 -8.089241e+03 -2.735021e+05 -1.271838e+05 -2.938291e+04 5.815656e+05 2.999133e+03 1.173606e+04 1.117766e+06 -1.270135e+05 2.648543e+04 5.554544e+03 -2.100649e+05 -1.245498e+04 1.117659e+06 4.473169e+05 -1.631114e+03
-5.353535e-03 -3.402381e+05 3.130843e+04 1.535474e+04 -8.519103e+05 -1.266576e+04 -2.999275e+06 -9.548028e+05 4.915038e+03 1.472013e+04 8.503545e+05 2.611130e+05 2.164915e+04 9.563375e+05 4.261746e+03 -8.979065e+03 2.310020e+06 1.811887e+04 9.707170e+05 2.980933e+05 2.768541e+04 -1.089726e+06 -6.211936e+03 9.758262e+03 -2.632206e+06 2.980305e+05 -2.445978e+04 -1.244097e+04 7.462794e+05 -1.158926e+04 -2.632159e+06 -8.379297e+05 3.269204e+03
-5.151515e-03 6.634901e+05 -8.673379e+04 -2.374474e+04 1.434035e+06 -1.853833e+04 5.877924e+06 2.039063e+06 -3.974713e+03 -2.019206e+04 -1.431083e+06 -5.092949e+05 -5.963923e+04 -2.041888e+06 -3.255642e+02 -1.190887e+04 -4.527015e+06 -2.643624e+04 -1.634011e+06 -5.814813e+05 -7.589533e+04 2.326728e+06 3.852923e+03 1.471954e+04 5.158543e+06 -5.811219e+05 6.817924e+04 1.820151e+04 -1.255942e+06 -1.511776e+04 5.158327e+06 1.789438e+06 -8.064358e+02
-4.949495e-03 1.267640e+05 -2.848691e+04 -3.462841e+03 1.840684e+05 -1.942713e+04 1.128551e+06 4.659255e+05 1.897303e+02 -1.878977e+03 -1.835098e+05 -9.732613e+04 -1.948818e+04 -4.664233e+05 1.814407e+03 -1.307831e+04 -8.691595e+05 -3.204600e+03 -2.097239e+05 -1.111541e+05 -2.475636e+04 5.315015e+05 -9.804959e+02 1.524582e+04 9.904494e+05 -1.109931e+05 2.244967e+04 2.220349e+03 -1.610608e+05 -1.670522e+04 9.903495e+05 4.088764e+05 1.003686e+03
-4.747475e-03 -5.563700e+04 -1.851607e+04 9.025389e+02 -2.816991e+05 -2.386745e+04 -4.967398e+05 -2.700262e+04 -7.654075e+02 2.270073e+03 2.815009e+05 4.270627e+04 -1.253424e+04 2.725769e+04 6.356693e+02 -1.627477e+04 3.825729e+05 1.908406e+03 3.210116e+05 4.867517e+04 -1.597275e+04 -3.104437e+04 -2.584982e+01 1.875667e+04 -4.358922e+05 4.881521e+04 1.455899e+04 -1.314555e+03 2.470274e+05 -2.073363e+04 -4.359776e+05 -2.370923e+04 -1.337504e+02
-4.545455e-03 -1.458123e+05 -2.458051e+04 1.130998e+03 -5.658783e+05 -3.241963e+04 -1.308252e+06 -2.173606e+05 -3.055926e+03 2.919319e+03 5.653546e+05 1.119566e+05 -1.657979e+04 2.179648e+05 -1.225661e+03 -2.216656e+04 1.007546e+06 2.422013e+03 6.448411e+05 1.276762e+05 -2.122714e+04 -2.483507e+05 2.326634e+03 2.553395e+04 -1.148041e+06 1.278606e+05 1.923640e+04 -1.689289e+03 4.961254e+05 -2.817515e+04 -1.148151e+06 -1.907665e+05 -1.965571e+03
-4.343434e-03 -1.620329e+07 8.626568e+04 3.389076e+04 -4.301900e+07 -1.900611e+05 -1.460347e+08 -4.231613e+07 -4.141691e+05 3.704899e+04 4.295999e+07 1.244400e+07 7.226850e+04 4.237529e+07 -4.109400e+05 -1.428280e+05 1.124647e+08 3.984371e+04 4.902083e+07 1.419962e+07 7.604594e+04 -4.828724e+07 4.707571e+05 1.634731e+05 -1.281551e+08 1.419995e+07 -8.200939e+04 -3.156838e+04 3.770022e+07 -1.660717e+05 -1.281553e+08 -3.713524e+07 -3.615472e+05
-4.141414e-03 -2.824807e+06 5.852793e+03 -1.426460e+04 -7.360093e+06 2.966528e+04 -2.555923e+07 -7.572635e+06 -9.083962e+04 -1.530323e+04 7.350294e+06 2.169703e+06 6.220832e+03 7.582371e+06 -9.190067e+04 1.792566e+04 1.968343e+07 -1.840363e+04 8.386979e+06 2.475732e+06 4.520471e+03 -8.640323e+06 1.056843e+05 -2.016185e+04 -2.242981e+07 2.475630e+06 -7.703617e+03 1.177808e+04 6.450338e+06 2.629829e+04 -2.242967e+07 -6.645414e+06 -7.897685e+04
-3.939394e-03 2.950034e+05 -2.570590e+04 3.394098e+03 5.673640e+05 -3.855190e+04 2.679843e+06 9.793412e+05 1.117866e+04 5.228173e+03 -5.663467e+05 -2.266276e+05 -1.769808e+04 -9.802535e+05 1.304975e+04 -2.598760e+04 -2.063752e+06 5.268564e+03 -6.465049e+05 -2.586607e+05 -2.218378e+04 1.117049e+06 -1.415974e+04 2.980171e+04 2.351767e+06 -2.584687e+05 2.054156e+04 -3.509802e+03 -4.970180e+05 -3.364303e+04 2.351649e+06 8.594091e+05 1.035732e+04
-3.737374e-03 -9.990783e+05 -2.116168e+03 -1.864045e+04 -2.477737e+06 6.308500e+04 -9.106708e+06 -2.870243e+06 -4.468612e+04 -2.030542e+04 2.474614e+06 7.675685e+05 -7.369496e+02 2.873257e+06 -4.638355e+04 4.218877e+04 7.012974e+06 -2.372990e+04 2.823461e+06 8.757927e+05 -2.511016e+03 -3.274225e+06 5.342739e+04 -4.793217e+04 -7.991632e+06 8.756202e+05 1.866865e+02 1.590594e+04 2.171605e+06 5.550381e+04 -7.991497e+06 -2.518748e+06 -3.877411e+04
-3.535354e-03 -1.343070e+05 -1.325228e+04 -3.330944e+03 -4.211513e+05 -1.821620e+03 -1.228083e+06 -3.195401e+05 -6.804108e+03 -2.927914e+03 4.207767e+05 1.031896e+05 -8.922668e+03 3.199411e+05 -6.394043e+03 -1.325828e+03 9.457243e+05 -3.807949e+03 4.799286e+05 1.177036e+05 -1.164119e+04 -3.645856e+05 7.761930e+03 1.625745e+03 -1.077683e+06 1.177464e+05 1.015606e+04 2.560575e+03 3.692441e+05 -1.483465e+03 -1.077708e+06 -2.804117e+05 -5.604620e+03
-3.333333e-03 -5.200481e+04 -1.288875e+04 -1.544871e+03 -2.212341e+05 -7.859533e+03 -4.768403e+05 -8.010310e+04 -2.889026e+03 -1.016067e+03 2.211125e+05 3.995551e+04 -8.732357e+03 8.026285e+04 -2.351368e+03 -5.374621e+03 3.672030e+05 -1.557097e+03 2.521165e+05 4.555596e+04 -1.127238e+04 -9.145928e+04 3.084178e+03 6.218086e+03 -4.184289e+05 4.561220e+04 9.988904e+03 1.048537e+03 1.940281e+05 -6.803451e+03 -4.184635e+05 -7.029703e+04 -2.223596e+03
-3.131313e-03 -1.078239e+05 -1.044338e+04 -3.930134e+03 -3.219014e+05 6.293778e+03 -9.922113e+05 -2.917530e+05 -6.618209e+03 -3.824723e+03 3.216383e+05 8.286059e+04 -7.040019e+03 2.920237e+05 -6.511396e+03 4.218839e+03 7.640653e+05 -4.707349e+03 3.668303e+05 9.451629e+04 -9.226056e+03 -3.327810e+05 7.769220e+03 -4.731046e+03 -8.706947e+05 9.452775e+04 7.960938e+03 3.180844e+03 2.822447e+05 5.599668e+03 -8.707005e+05 -2.560207e+05 -5.538865e+03
-2.929293e-03 -8.558908e+05 5.507357e+03 -3.698252e+04 -1.742218e+06 1.890486e+05 -7.902093e+06 -3.086080e+06 -5.764204e+04 -4.141010e+04 1.740112e+06 6.578667e+05 4.200385e+03 3.087791e+06 -6.213885e+04 1.280908e+05 6.084999e+06 -4.754832e+04 1.985337e+06 7.506101e+05 3.690134e+03 -3.518844e+06 7.111696e+04 -1.459088e+05 -6.934446e+06 7.501398e+05 -5.927899e+03 3.218255e+04 1.527023e+06 1.659538e+05 -6.934113e+06 -2.708040e+06 -5.034722e+04
-2.727273e-03 1.422851e+04 -1.091435e+04 8.440703e+02 -6.676420e+04 -1.676823e+04 1.320970e+05 1.292778e+05 1.146788e+03 1.444534e+03 6.681879e+04 -1.094510e+04 -7.429736e+03 -1.292761e+05 1.755857e+03 -1.139354e+04 -1.017180e+05 1.386801e+03 7.609118e+04 -1.251131e+04 -9.506943e+03 1.473270e+05 -1.735568e+03 1.303691e+04 1.159367e+05 -1.244673e+04 8.537257e+03 -9.404782e+02 5.862861e+04 -1.466122e+04 1.158963e+05 1.134382e+05 1.210681e+03
-2.525253e-03 3.160147e+05 -1.625318e+04 1.725033e+04 4.448571e+05 -1.186755e+05 2.933717e+06 1.406333e+06 2.458065e+04 1.997604e+04 -4.441544e+05 -2.429580e+05 -1.119687e+04 -1.406753e+06 2.734452e+04 -8.055366e+04 -2.259069e+06 2.256332e+04 -5.069245e+05 -2.772358e+05 -1.374541e+04 1.603156e+06 -3.092939e+04 9.184388e+04 2.574478e+06 -2.769418e+05 1.327609e+04 -1.529469e+04 -3.897724e+05 -1.040928e+05 2.574296e+06 1.234043e+06 2.174855e+04
-2.323232e-03 1.720886e+06 -4.317942e+04 1.016811e+05 2.611047e+06 -6.951375e+05 1.601239e+07 7.931774e+06 1.411588e+05 1.155487e+05 -2.607590e+06 -1.323135e+06 -3.007966e+04 -7.933688e+06 1.552137e+05 -4.719831e+05 -1.233011e+07 1.316397e+05 -2.975401e+06 -1.509716e+06 -3.524110e+04 9.041328e+06 -1.766791e+05 5.379142e+05 1.405155e+07 -1.508207e+06 3.692440e+04 -8.927030e+04 -2.288276e+06 -6.099406e+05 1.405072e+07 6.960064e+06 1.240229e+05
-2.121212e-03 1.997731e+05 -1.265183e+04 1.284771e+04 2.047746e+05 -1.040894e+05 1.863226e+06 1.057705e+06 1.732845e+04 1.487639e+04 -2.043923e+05 -1.536189e+05 -8.680120e+03 -1.057831e+06 1.938269e+04 -7.070581e+04 -1.434724e+06 1.679722e+04 -2.333415e+05 -1.752925e+05 -1.078276e+04 1.205536e+06 -2.191014e+04 8.060881e+04 1.635066e+06 -1.750723e+05 1.021069e+04 -1.139571e+04 -1.793693e+05 -9.130571e+04 1.634928e+06 9.281126e+05 1.534312e+04
-1.919192e-03 -5.210496e+04 -7.497032e+03 -3.387717e+03 -1.498441e+05 1.781145e+04 -4.866035e+05 -2.240310e+05 -4.570461e+03 -3.547193e+03 1.497774e+05 4.006333e+04 -5.081809e+03 2.240739e+05 -4.732085e+03 1.209626e+04 3.746939e+05 -4.201419e+03 1.707640e+05 4.569794e+04 -6.642436e+03 -2.553619e+05 5.549032e+03 -1.376011e+04 -4.270039e+05 4.568074e+04 5.727496e+03 2.850785e+03 1.314287e+05 1.565432e+04 -4.269922e+05 -1.965819e+05 -3.890202e+03
-1.717172e-03 2.827409e+05 -1.287990e+04 2.038096e+04 2.552102e+05 -1.916383e+05 2.647011e+06 1.780099e+06 2.656434e+04 2.331423e+04 -2.547748e+05 -2.174488e+05 -8.845677e+03 -1.780065e+06 2.953134e+04 -1.302342e+05 -2.038227e+06 2.646717e+04 -2.908168e+05 -2.481150e+05 -1.090778e+04 2.028638e+06 -3.351971e+04 1.484412e+05 2.322858e+06 -2.477948e+05 1.047437e+04 -1.796546e+04 -2.235808e+05 -1.681357e+05 2.322659e+06 1.561980e+06 2.341367e+04
-1.515152e-03 -1.374648e+05 -5.660727e+03 -1.019541e+04 -2.227495e+05 9.422856e+04 -1.288704e+06 -8.864831e+05 -1.319375e+04 -1.132138e+04 2.225890e+05 1.057212e+05 -3.814366e+03 8.864353e+05 -1.433232e+04 6.404484e+04 9.923099e+05 -1.303223e+04 2.538437e+05 1.206143e+05 -5.142820e+03 -1.010225e+06 1.645016e+04 -7.297146e+04 -1.130877e+06 1.204914e+05 4.171498e+03 8.847536e+03 1.953234e+05 8.269928e+04 -1.130798e+06 -7.778563e+05 -1.148745e+04
-1.313131e-03 -7.305512e+04 -6.533735e+03 -5.596852e+03 -1.439904e+05 5.646416e+04 -6.857812e+05 -5.203960e+05 -7.179810e+03 -6.150014e+03 1.439259e+05 5.618697e+04 -4.427876e+03 5.203412e+05 -7.738994e+03 3.838350e+04 5.280532e+05 -7.114303e+03 1.640934e+05 6.409868e+04 -5.822552e+03 -5.930089e+05 8.918319e+03 -4.372975e+04 -6.017909e+05 6.403818e+04 4.956879e+03 4.830623e+03 1.262937e+05 4.955918e+04 -6.017522e+05 -4.566264e+05 -6.224116e+03
-1.111111e-03 -4.953706e+04 -6.748083e+03 -3.905163e+03 -1.146993e+05 4.509492e+04 -4.655516e+05 -4.053810e+05 -4.971376e+03 -4.266493e+03 1.146697e+05 3.810046e+04 -4.580872e+03 4.053178e+05 -5.336535e+03 3.065927e+04 3.584745e+05 -4.948737e+03 1.307146e+05 4.346395e+04 -5.980483e+03 -4.619239e+05 6.163624e+03 -3.492943e+04 -4.085324e+05 4.342437e+04 5.161353e+03 3.360635e+03 1.006204e+05 3.958048e+04 -4.085071e+05 -3.557040e+05 -4.299182e+03
-9.090909e-04 -3.524066e+04 -6.827327e+03 -2.844590e+03 -9.791077e+04 3.927107e+04 -3.315155e+05 -3.450115e+05 -3.598654e+03 -3.095825e+03 9.790067e+04 2.710548e+04 -4.638829e+03 3.449423e+05 -3.852489e+03 2.670293e+04 2.552658e+05 -3.597329e+03 1.115830e+05 3.092043e+04 -6.033237e+03 -3.931177e+05 4.456417e+03 -3.042266e+04 -2.909119e+05 3.089287e+04 5.244161e+03 2.443161e+03 8.590507e+04 3.446818e+04 -2.908942e+05 -3.027314e+05 -3.106924e+03
-7.070707e-04 -2.492024e+04 -6.857150e+03 -2.049486e+03 -8.722432e+04 3.581137e+04 -2.346125e+05 -3.085972e+05 -2.580151e+03 -2.224503e+03 8.722647e+04 1.916797e+04 -4.661657e+03 3.085236e+05 -2.756944e+03 2.435276e+04 1.806503e+05 -2.588097e+03 9.940518e+04 2.186535e+04 -6.048888e+03 -3.516137e+05 3.192604e+03 -2.774591e+04 -2.058770e+05 2.184614e+04 5.280680e+03 1.757873e+03 7.653812e+04 3.143080e+04 -2.058648e+05 -2.707788e+05 -2.224987e+03
-5.050505e-04 -1.668821e+04 -6.866597e+03 -1.391636e+03 -8.032590e+04 3.367391e+04 -1.572040e+05 -2.858818e+05 -1.745697e+03 -1.507695e+03 8.033585e+04 1.283636e+04 -4.669704e+03 2.858052e+05 -1.862917e+03 2.290084e+04 1.210460e+05 -1.755629e+03 9.154400e+04 1.464254e+04 -6.050442e+03 -3.257231e+05 2.158926e+03 -2.609241e+04 -1.379494e+05 1.462979e+04 5.296576e+03 1.192519e+03 7.049139e+04 2.955408e+04 -1.379413e+05 -2.508466e+05 -1.504180e+03
-3.030303e-04 -9.616828e+03 -6.868207e+03 -8.093388e+02 -7.615026e+04 3.241480e+04 -9.062667e+04 -2.724218e+05 -1.012867e+03 -8.758208e+02 7.616489e+04 7.397236e+03 -4.671771e+03 2.723434e+05 -1.080007e+03 2.204558e+04 6.978178e+04 -1.020395e+03 8.678560e+04 8.438016e+03 -6.047795e+03 -3.103816e+05 1.252212e+03 -2.511848e+04 -7.952649e+04 8.430708e+03 5.302985e+03 6.931348e+02 6.683125e+04 2.844848e+04 -7.952182e+04 -2.390357e+05 -8.722899e+02
-1.010101e-04 -3.143749e+03 -6.867822e+03 -2.657833e+02 -7.417320e+04 3.182745e+04 -2.963175e+04 -2.661229e+05 -3.322339e+02 -2.874547e+02 7.419002e+04 2.418178e+03 -4.671967e+03 2.660437e+05 -3.541187e+02 2.164662e+04 2.281618e+04 -3.349928e+02 8.453261e+04 2.758400e+03 -6.045540e+03 -3.032022e+05 4.106775e+02 -2.466419e+04 -2.600237e+04 2.756017e+03 5.305125e+03 2.275585e+02 6.509825e+04 2.793272e+04 -2.600084e+04 -2.335087e+05 -2.860516e+02
1.010101e-04 3.143749e+03 -6.867822e+03 2.657833e+02 -7.417320e+04 3.182745e+04 2.963175e+04 -2.661229e+05 3.322339e+02 2.874547e+02 7.419002e+04 -2.418178e+03 -4.671967e+03 2.660437e+05 3.541187e+02 2.164662e+04 -2.281618e+04 3.349928e+02 8.453261e+04 -2.758400e+03 -6.045540e+03 -3.032022e+05 -4.106775e+02 -2.466419e+04 2.600237e+04 -2.756017e+03 5.305125e+03 -2.275585e+02 6.509825e+04 2.793272e+04 2.600084e+04 -2.335087e+05 2.860516e+02
3.030303e-04 9.616828e+03 -6.868207e+03 8.093388e+02 -7.615026e+04 3.241480e+04 9.062667e+04 -2.724218e+05 1.012867e+03 8.758208e+02 7.616489e+04 -7.397236e+03 -4.671771e+03 2.723434e+05 1.080007e+03 2.204558e+04 -6.978178e+04 1.020395e+03 8.678560e+04 -8.438016e+03 -6.047795e+03 -3.103816e+05 -1.252212e+03 -2.511848e+04 7.952649e+04 -8.430708e+03 5.302985e+03 -6.931348e+02 6.683125e+04 2.844848e+04 7.952182e+04 -2.390357e+05 8.722899e+02
5.050505e-04 1.668821e+04 -6.866597e+03 1.391636e+03 -8.032590e+04 3.367391e+04 1.572040e+05 -2.858818e+05 1.745697e+03 1.507695e+03 8.033585e+04 -1.283636e+04 -4.669704e+03 2.858052e+05 1.862917e+03 2.290084e+04 -1.210460e+05 1.755629e+03 9.154400e+04 -1.464254e+04 -6.050442e+03 -3.257231e+05 -2.158926e+03 -2.609241e+04 1.379494e+05 -1.462979e+04 5.296576e+03 -1.192519e+03 7.049139e+04 2.955408e+04 1.379413e+05 -2.508466e+05 1.504180e+03
7.070707e-04 2.492024e+04 -6.857150e+03 2.049486e+03 -8.722432e+04 3.581137e+04 2.346125e+05 -3.085972e+05 2.580151e+03 2.224503e+03 8.722647e+04 -1.916797e+04 -4.661657e+03 3.085236e+05 2.756944e+03 2.435276e+04 -1.806503e+05 2.588097e+03 9.940518e+04 -2.186535e+04 -6.048888e+03 -3.516137e+05 -3.192604e+03 -2.774591e+04 2.058770e+05 -2.184614e+04 5.280680e+03 -1.757873e+03 7.653812e+04 3.143080e+04 2.058648e+05 -2.707788e+05 2.224987e+03
9.090909e-04 3.524066e+04 -6.827327e+03 2.844590e+03 -9.791077e+04 3.927107e+04 3.315155e+05 -3.450115e+05 3.598654e+03 3.095825e+03 9.790067e+04 -2.710548e+04 -4.638829e+03 3.449423e+05 3.852489e+03 2.670293e+04 -2.552658e+05 3.597329e+03 1.115830e+05 -3.092043e+04 -6.033237e+03 -3.931177e+05 -4.456417e+03 -3.042266e+04 2.909119e+05 -3.089287e+04 5.244161e+03 -2.443161e+03 8.590507e+04 3.446818e+04 2.908942e+05 -3.027314e+05 3.106924e+03
1.111111e-03 4.953706e+04 -6.748083e+03 3.905163e+03 -1.146993e+05 4.509492e+04 4.655516e+05 -4.053810e+05 4.971376e+03 4.266493e+03 1.146697e+05 -3.810046e+04 -4.580872e+03 4.053178e+05 5.336535e+03 3.065927e+04 -3.584745e+05 4.948737e+03 1.307146e+05 -4.346395e+04 -5.980483e+03 -4.619239e+05 -6.163624e+03 -3.492943e+04 4.085324e+05 -4.342437e+04 5.161353e+03 -3.360635e+03 1.006204e+05 3.958048e+04 4.085071e+05 -3.557040e+05 4.299182e+03
1.313131e-03 7.305512e+04 -6.533735e+03 5.596852e+03 -1.439904e+05 5.646416e+04 6.857812e+05 -5.203960e+05 7.179810e+03 6.150014e+03 1.439259e+05 -5.618697e+04 -4.427876e+03 5.203412e+05 7.738994e+03 3.838350e+04 -5.280532e+05 7.114303e+03 1.640934e+05 -6.409868e+04 -5.822552e+03 -5.930089e+05 -8.918319e+03 -4.372975e+04 6.017909e+05 -6.403818e+04 4.956879e+03 -4.830623e+03 1.262937e+05 4.955918e+04 6.017522e+05 -4.566264e+05 6.224116e+03
1.515152e-03 1.374648e+05 -5.660727e+03 1.019541e+04 -2.227495e+05 9.422856e+04 1.288704e+06 -8.864831e+05 1.319375e+04 1.132138e+04 2.225890e+05 -1.057212e+05 -3.814366e+03 8.864353e+05 1.433232e+04 6.404484e+04 -9.923099e+05 1.303223e+04 2.538437e+05 -1.206143e+05 -5.142820e+03 -1.010225e+06 -1.645016e+04 -7.297146e+04 1.130877e+06 -1.204914e+05 4.171498e+03 -8.847536e+03 1.953234e+05 8.269928e+04 1.130798e+06 -7.778563e+05 1.148745e+04
1.717172e-03 -2.827409e+05 -1.287990e+04 -2.038096e+04 2.552102e+05 -1.916383e+05 -2.647011e+06 1.780099e+06 -2.656434e+04 -2.331423e+04 -2.547748e+05 2.174488e+05 -8.845677e+03 -1.780065e+06 -2.953134e+04 -1.302342e+05 2.038227e+06 -2.646717e+04 -2.908168e+05 2.481150e+05 -1.090778e+04 2.028638e+06 3.351971e+04 1.484412e+05 -2.322858e+06 2.477948e+05 1.047437e+04 1.796546e+04 -2.235808e+05 -1.681357e+05 -2.322659e+06 1.561980e+06 -2.341367e+04
1.919192e-03 5.210496e+04 -7.497032e+03 3.387717e+03 -1.498441e+05 1.781145e+04 4.866035e+05 -2.240310e+05 4.570461e+03 3.547193e+03 1.497774e+05 -4.006333e+04 -5.081809e+03 2.240739e+05 4.732085e+03 1.209626e+04 -3.746939e+05 4.201419e+03 1.707640e+05 -4.569794e+04 -6.642436e+03 -2.553619e+05 -5.549032e+03 -1.376011e+04 4.270039e+05 -4.568074e+04 5.727496e+03 -2.850785e+03 1.314287e+05 1.565432e+04 4.269922e+05 -1.965819e+05 3.890202e+03
2.121212e-03 -1.997731e+05 -1.265183e+04 -1.284771e+04 2.047746e+05 -1.040894e+05 -1.863226e+06 1.057705e+06 -1.732845e+04 -1.487639e+04 -2.043923e+05 1.536189e+05 -8.680120e+03 -1.057831e+06 -1.938269e+04 -7.070581e+04 1.434724e+06 -1.679722e+04 -2.333415e+05 1.752925e+05 -1.078276e+04 1.205536e+06 2.191014e+04 8.060881e+04 -1.635066e+06 1.750723e+05 1.021069e+04 1.139571e+04 -1.793693e+05 -9.130571e+04 -1.634928e+06 9.281126e+05 -1.534312e+04
2.323232e-03 -1.720885e+06 -4.317942e+04 -1.016811e+05 2.611047e+06 -6.951375e+05 -1.601239e+07 7.931774e+06 -1.411587e+05 -1.155487e+05 -2.607590e+06 1.323135e+06 -3.007966e+04 -7.933688e+06 -1.552137e+05 -4.719830e+05 1.233011e+07 -1.316397e+05 -2.975401e+06 1.509716e+06 -3.524110e+04 9.041328e+06 1.766791e+05 5.379142e+05 -1.405155e+07 1.508206e+06 3.692440e+04 8.927030e+04 -2.288276e+06 -6.099406e+05 -1.405072e+07 6.960063e+06 -1.240229e+05
2.525253e-03 -3.160147e+05 -1.625318e+04 -1.725033e+04 4.448571e+05 -1.186755e+05 -2.933717e+06 1.406333e+06 -2.458065e+04 -1.997604e+04 -4.441544e+05 2.429580e+05 -1.119687e+04 -1.406753e+06 -2.734452e+04 -8.055366e+04 2.259069e+06 -2.256332e+04 -5.069245e+05 2.772358e+05 -1.374541e+04 1.603156e+06 3.092939e+04 9.184388e+04 -2.574478e+06 2.769418e+05 1.327609e+04 1.529469e+04 -3.897724e+05 -1.040928e+05 -2.574296e+06 1.234043e+06 -2.174855e+04
2.727273e-03 -1.422851e+04 -1.091435e+04 -8.440703e+02 -6.676420e+04 -1.676823e+04 -1.320970e+05 1.292778e+05 -1.146788e+03 -1.444534e+03 6.681879e+04 1.094510e+04 -7.429736e+03 -1.292761e+05 -1.755857e+03 -1.139354e+04 1.017180e+05 -1.386801e+03 7.609118e+04 1.251131e+04 -9.506943e+03 1.473270e+05 1.735568e+03 1.303691e+04 -1.159367e+05 1.244673e+04 8.537257e+03 9.404782e+02 5.862861e+04 -1.466122e+04 -1.158963e+05 1.134382e+05 -1.210681e+03
2.929293e-03 8.558908e+05 5.507357e+03 3.698252e+04 -1.742218e+06 1.890486e+05 7.902093e+06 -3.086080e+06 5.764204e+04 4.141010e+04 1.740112e+06 -6.578667e+05 4.200385e+03 3.087791e+06 6.213885e+04 1.280908e+05 -6.084999e+06 4.754832e+04 1.985337e+06 -7.506101e+05 3.690134e+03 -3.518844e+06 -7.111696e+04 -1.459088e+05 6.934446e+06 -7.501398e+05 -5.927899e+03 -3.218255e+04 1.527023e+06 1.659538e+05 6.934113e+06 -2.708040e+06 5.034722e+04
3.131313e-03 1.078239e+05 -1.044338e+04 3.930134e+03 -3.219014e+05 6.293778e+03 9.922113e+05 -2.917530e+05 6.618209e+03 3.824723e+03 3.216383e+05 -8.286059e+04 -7.040019e+03 2.920237e+05 6.511396e+03 4.218839e+03 -7.640653e+05 4.707349e+03 3.668303e+05 -9.451629e+04 -9.226056e+03 -3.327810e+05 -7.769220e+03 -4.731046e+03 8.706947e+05 -9.452775e+04 7.960938e+03 -3.180844e+03 2.822447e+05 5.599668e+03 8.707005e+05 -2.560207e+05 5.538865e+03
3.333333e-03 5.200481e+04 -1.288875e+04 1.544871e+03 -2.212341e+05 -7.859533e+03 4.768403e+05 -8.010310e+04 2.889026e+03 1.016067e+03 2.211125e+05 -3.995551e+04 -8.732357e+03 8.026285e+04 2.351368e+03 -5.374621e+03 -3.672030e+05 1.557097e+03 2.521165e+05 -4.555596e+04 -1.127238e+04 -9.145928e+04 -3.084178e+03 6.218086e+03 4.184289e+05 -4.561220e+04 9.988904e+03 -1.048537e+03 1.940281e+05 -6.803451e+03 4.184635e+05 -7.029703e+04 2.223596e+03
3.535354e-03 1.343070e+05 -1.325228e+04 3.330944e+03 -4.211513e+05 -1.821620e+03 1.228083e+06 -3.195401e+05 6.804108e+03 2.927914e+03 4.207767e+05 -1.031896e+05 -8.922668e+03 3.199411e+05 6.394043e+03 -1.325828e+03 -9.457243e+05 3.807949e+03 4.799286e+05 -1.177036e+05 -1.164119e+04 -3.645856e+05 -7.761930e+03 1.625745e+03 1.077683e+06 -1.177464e+05 1.015606e+04 -2.560575e+03 3.692441e+05 -1.483465e+03 1.077708e+06 -2.804117e+05 5.604620e+03
3.737374e-03 9.990783e+05 -2.116168e+03 1.864045e+04 -2.477737e+06 6.308500e+04 9.106708e+06 -2.870243e+06 4.468612e+04 2.030542e+04 2.474614e+06 -7.675685e+05 -7.369496e+02 2.873257e+06 4.638355e+04 4.218877e+04 -7.012974e+06 2.372990e+04 2.823461e+06 -8.757927e+05 -2.511016e+03 -3.274225e+06 -5.342739e+04 -4.793217e+04 7.991632e+06 -8.756202e+05 1.866865e+02 -1.590594e+04 2.171605e+06 5.550381e+04 7.991497e+06 -2.518748e+06 3.877411e+04
3.939394e-03 -2.950034e+05 -2.570590e+04 -3.394098e+03 5.673640e+05 -3.855190e+04 -2.679843e+06 9.793412e+05 -1.117866e+04 -5.228173e+03 -5.663467e+05 2.266276e+05 -1.769808e+04 -9.802535e+05 -1.304975e+04 -2.598760e+04 2.063752e+06 -5.268564e+03 -6.465049e+05 2.586607e+05 -2.218378e+04 1.117049e+06 1.415974e+04 2.980171e+04 -2.351767e+06 2.584687e+05 2.054156e+04 3.509802e+03 -4.970180e+05 -3.364303e+04 -2.351649e+06 8.594091e+05 -1.035732e+04
4.141414e-03 2.824807e+06 5.852793e+03 1.426460e+04 -7.360093e+06 2.966528e+04 2.555923e+07 -7.572635e+06 9.083962e+04 1.530323e+04 7.350294e+06 -2.169703e+06 6.220832e+03 7.582371e+06 9.190067e+04 1.792566e+04 -1.968343e+07 1.840363e+04 8.386979e+06 -2.475732e+06 4.520471e+03 -8.640323e+06 -1.056843e+05 -2.016185e+04 2.242981e+07 -2.475630e+06 -7.703617e+03 -1.177808e+04 6.450338e+06 2.629829e+04 2.242967e+07 -6.645414e+06 7.897685e+04
4.343434e-03 1.620329e+07 8.626568e+04 -3.389076e+04 -4.301900e+07 -1.900611e+05 1.460347e+08 -4.231613e+07 4.141691e+05 -3.704899e+04 4.295999e+07 -1.244400e+07 7.226850e+04 4.237529e+07 4.109400e+05 -1.428280e+05 -1.124647e+08 -3.984371e+04 4.902083e+07 -1.419962e+07 7.604594e+04 -4.828724e+07 -4.707571e+05 1.634731e+05 1.281551e+08 -1.419995e+07 -8.200939e+04 3.156838e+04 3.770022e+07 -1.660717e+05 1.281553e+08 -3.713524e+07 3.615472e+05
4.545455e-03 1.458123e+05 -2.458051e+04 -1.130998e+03 -5.658783e+05 -3.241963e+04 1.308252e+06 -2.173606e+05 3.055926e+03 -2.919319e+03 5.653546e+05 -1.119566e+05 -1.657979e+04 2.179648e+05 1.225661e+03 -2.216656e+04 -1.007546e+06 -2.422013e+03 6.448411e+05 -1.276762e+05 -2.122714e+04 -2.483507e+05 -2.326634e+03 2.553395e+04 1.148041e+06 -1.278606e+05 1.923640e+04 1.689289e+03 4.961254e+05 -2.817515e+04 1.148151e+06 -1.907665e+05 1.965571e+03
4.747475e-03 5.563700e+04 -1.851607e+04 -9.025389e+02 -2.816991e+05 -2.386745e+04 4.967398e+05 -2.700262e+04 7.654075e+02 -2.270073e+03 2.815009e+05 -4.270627e+04 -1.253424e+04 2.725769e+04 -6.356693e+02 -1.627477e+04 -3.825729e+05 -1.908406e+03 3.210116e+05 -4.867517e+04 -1.597275e+04 -3.104437e+04 2.584982e+01 1.875667e+04 4.358922e+05 -4.881521e+04 1.455899e+04 1.314555e+03 2.470274e+05 -2.073363e+04 4.359776e+05 -2.370923e+04 1.337504e+02
4.949495e-03 -1.267640e+05 -2.848691e+04 3.462841e+03 1.840684e+05 -1.942713e+04 -1.128551e+06 4.659255e+05 -1.897303e+02 1.878977e+03 -1.835098e+05 9.732613e+04 -1.948818e+04 -4.664233e+05 -1.814407e+03 -1.307831e+04 8.691595e+05 3.204600e+03 -2.097239e+05 1.111541e+05 -2.475636e+04 5.315015e+05 9.804959e+02 1.524582e+04 -9.904494e+05 1.109931e+05 2.244967e+04 -2.220349e+03 -1.610608e+05 -1.670522e+04 -9.903495e+05 4.088764e+05 -1.003686e+03
5.151515e-03 -6.634901e+05 -8.673379e+04 2.374474e+04 1.434035e+06 -1.853833e+04 -5.877924e+06 2.039063e+06 3.974713e+03 2.019206e+04 -1.431083e+06 5.092949e+05 -5.963923e+04 -2.041888e+06 3.255642e+02 -1.190887e+04 4.527015e+06 2.643624e+04 -1.634011e+06 5.814813e+05 -7.589533e+04 2.326728e+06 -3.852923e+03 1.471954e+04 -5.158543e+06 5.811219e+05 6.817924e+04 -1.820151e+04 -1.255942e+06 -1.511776e+04 -5.158327e+06 1.789438e+06 8.064358e+02
5.353535e-03 3.402381e+05 3.130843e+04 -1.535474e+04 -8.519103e+05 -1.266576e+04 2.999275e+06 -9.548028e+05 -4.915038e+03 -1.472013e+04 8.503545e+05 -2.611130e+05 2.164915e+04 9.563375e+05 -4.261746e+03 -8.979065e+03 -2.310020e+06 -1.811887e+04 9.707170e+05 -2.980933e+05 2.768541e+04 -1.089726e+06 6.211936e+03 9.758262e+03 2.632206e+06 -2.980305e+05 -2.445978e+04 1.244097e+04 7.462794e+05 -1.158926e+04 2.632159e+06 -8.379297e+05 -3.269204e+03
5.555556e-03 -1.450830e+05 -3.370477e+04 7.567724e+03 2.400465e+05 -1.475966e+04 -1.273589e+06 5.097167e+05 3.124781e+03 5.859328e+03 -2.393423e+05 1.113445e+05 -2.307136e+04 -5.103703e+05 1.365915e+03 -9.863119e+03 9.809141e+05 8.089241e+03 -2.735021e+05 1.271838e+05 -2.938291e+04 5.815656e+05 -2.999133e+03 1.173606e+04 -1.117766e+06 1.270135e+05 2.648543e+04 -5.554544e+03 -2.100649e+05 -1.245498e+04 -1.117659e+06 4.473169e+05 1.631114e+03
5.757576e-03 2.639244e+05 3.535235e+04 -1.675759e+04 -6.315401e+05 -8.197601e+03 2.303796e+06 -7.773934e+05 -8.334498e+03 -1.579329e+04 6.302416e+05 -2.024886e+05 2.433970e+04 7.786655e+05 -7.339548e+03 -5.887208e+03 -1.774435e+06 -1.963061e+04 7.195973e+05 -2.312225e+05 3.121586e+04 -8.872643e+05 1.001717e+04 6.100479e+03 2.021898e+06 -2.311278e+05 -2.754414e+04 1.344986e+04 5.531193e+05 -7.802932e+03 2.021832e+06 -6.822428e+05 -6.040433e+03
5.959596e-03 -1.221026e+06 -2.457560e+05 8.712052e+04 2.476831e+06 -3.410242e+04 -1.060766e+07 3.970409e+06 4.783296e+04 7.692767e+04 -2.470596e+06 9.367429e+05 -1.685189e+05 -3.976390e+06 3.730997e+04 -2.163547e+04 8.170306e+06 9.894944e+04 -2.822098e+06 1.069982e+06 -2.155061e+05 4.530984e+06 -5.401407e+04 2.889416e+04 -9.309849e+06 1.068977e+06 1.921930e+05 -6.777249e+04 -2.168332e+06 -2.568062e+04 -9.309261e+06 3.484429e+06 3.312027e+04
6.161616e-03 -5.306744e+04 -1.986921e+04 3.957633e+03 5.108481e+04 -1.137703e+04 -4.591772e+05 2.159966e+05 2.281482e+03 2.794793e+03 -5.080035e+04 4.071830e+04 -1.356939e+04 -2.162552e+05 1.079874e+03 -7.659512e+03 3.536700e+05 4.071478e+03 -5.819379e+04 4.654092e+04 -1.726200e+04 2.464202e+05 -2.141144e+03 9.059748e+03 -4.030196e+05 4.642704e+04 1.563710e+04 -2.790830e+03 -4.459417e+04 -9.651986e+03 -4.029511e+05 1.895555e+05 1.300810e+03
6.363636e-03 2.153421e+05 4.215457e+04 -1.970416e+04 -4.798680e+05 -3.273475e+03 1.850473e+06 -6.784566e+05 -1.243543e+04 -1.825065e+04 4.787050e+05 -1.651457e+05 2.893430e+04 6.795903e+05 -1.093011e+04 -2.519661e+03 -1.425357e+06 -2.290788e+04 5.467569e+05 -1.886519e+05 3.717009e+04 -7.743598e+05 1.460215e+04 2.026363e+03 1.624110e+06 -1.885115e+05 -3.279513e+04 1.566878e+04 4.201418e+05 -3.718809e+03 1.624018e+06 -5.954245e+05 -9.259135e+03
6.565657e-03 1.338072e+05 2.630105e+04 -1.363528e+04 -3.081367e+05 -4.273482e+03 1.143358e+06 -4.181144e+05 -9.013631e+03 -1.280288e+04 3.073952e+05 -1.025981e+05 1.805848e+04 4.188408e+05 -8.150136e+03 -3.094761e+03 -8.807104e+05 -1.596056e+04 3.510870e+05 -1.172086e+05 2.325206e+04 -4.772445e+05 1.068171e+04 2.960611e+03 1.003504e+06 -1.171289e+05 -2.040731e+04 1.091158e+04 2.697904e+05 -4.317048e+03 1.003452e+06 -3.669472e+05 -6.835940e+03
6.767677e-03 9.827572e+04 1.968743e+04 -1.104638e+04 -2.315732e+05 -4.387300e+03 8.349292e+05 -3.062618e+05 -7.575368e+03 -1.046240e+04 2.310148e+05 -7.534059e+04 1.351972e+04 3.068108e+05 -6.968565e+03 -3.126915e+03 -6.431476e+05 -1.298714e+04 2.638503e+05 -8.607579e+04 1.744412e+04 -3.495901e+05 9.023805e+03 3.110838e+03 7.328093e+05 -8.602033e+04 -1.523930e+04 8.875246e+03 2.027549e+05 -4.303172e+03 7.327730e+05 -2.687849e+05 -5.813674e+03
6.969697e-03 7.717315e+04 1.583082e+04 -9.496308e+03 -1.853481e+05 -4.291340e+03 6.518050e+05 -2.404230e+05 -6.709941e+03 -9.051856e+03 1.848988e+05 -5.915230e+04 1.087247e+04 2.408659e+05 -6.247333e+03 -3.034784e+03 -5.020986e+05 -1.120128e+04 2.111811e+05 -6.758618e+04 1.405637e+04 -2.744483e+05 8.020655e+03 3.071097e+03 5.720893e+05 -6.754434e+04 -1.222600e+04 7.652219e+03 1.622812e+05 -4.153618e+03 5.720618e+05 -2.110044e+05 -5.193835e+03
7.171717e-03 6.296844e+04 1.324837e+04 -8.428969e+03 -1.538128e+05 -4.126309e+03 5.286516e+05 -1.963754e+05 -6.105321e+03 -8.074751e+03 1.534376e+05 -4.825588e+04 9.099585e+03 1.967462e+05 -5.735990e+03 -2.904370e+03 -4.072409e+05 -9.968023e+03 1.752497e+05 -5.514073e+04 1.178725e+04 -2.241756e+05 7.316396e+03 2.965722e+03 4.640029e+05 -5.510767e+04 -1.020858e+04 6.807691e+03 1.346694e+05 -3.965492e+03 4.639811e+05 -1.723480e+05 -4.756878e+03
7.373737e-03 5.271385e+04 1.137922e+04 -7.634251e+03 -1.307790e+05 -3.939121e+03 4.398598e+05 -1.647129e+05 -5.646450e+03 -7.343234e+03 1.304579e+05 -4.038995e+04 7.816300e+03 1.650309e+05 -5.342475e+03 -2.763838e+03 -3.388496e+05 -9.047320e+03 1.490048e+05 -4.615648e+04 1.014449e+04 -1.880374e+05 6.779665e+03 2.836635e+03 3.860741e+05 -4.612956e+04 -8.748700e+03 6.177262e+03 1.145012e+05 -3.770121e+03 3.860564e+05 -1.445606e+05 -4.422205e+03
7.575758e-03 4.496612e+04 9.956326e+03 -7.011971e+03 -1.131893e+05 -3.748680e+03 3.728782e+05 -1.408620e+05 -5.279508e+03 -6.767588e+03 1.129094e+05 -3.444725e+04 6.839351e+03 1.411397e+05 -5.023776e+03 -2.624227e+03 -2.872571e+05 -8.324630e+03 1.289630e+05 -3.936878e+04 8.893626e+03 -1.608144e+05 6.348929e+03 2.701047e+03 3.272871e+05 -3.934639e+04 -7.637604e+03 5.682474e+03 9.909978e+04 -3.579456e+03 3.272722e+05 -1.236288e+05 -4.152233e+03
7.777778e-03 3.891954e+04 8.833808e+03 -6.507229e+03 -9.932337e+04 -3.563238e+03 3.206945e+05 -1.222852e+05 -4.975417e+03 -6.298552e+03 9.907608e+04 -2.980964e+04 6.068627e+03 1.225309e+05 -4.756642e+03 -2.490144e+03 -2.470623e+05 -7.737134e+03 1.131641e+05 -3.407164e+04 7.906615e+03 -1.396106e+05 5.990885e+03 2.566715e+03 2.814874e+05 -3.405269e+04 -6.761263e+03 5.280292e+03 8.695895e+04 -3.398230e+03 2.814748e+05 -1.073256e+05 -3.926686e+03
7.979798e-03 3.408345e+04 7.924316e+03 -6.086988e+03 -8.812639e+04 -3.386409e+03 2.790367e+05 -1.074455e+05 -4.716844e+03 -5.906425e+03 8.790551e+04 -2.610069e+04 5.444166e+03 1.076653e+05 -4.527180e+03 -2.363438e+03 -2.149749e+05 -7.246994e+03 1.004063e+05 -2.983511e+04 7.106753e+03 -1.226720e+05 5.685643e+03 2.437233e+03 2.449257e+05 -2.981887e+04 -6.051387e+03 4.944795e+03 7.715509e+04 -3.228123e+03 2.449149e+05 -9.430201e+04 -3.733479e+03
8.181818e-03 3.013995e+04 7.171943e+03 -5.729979e+03 -7.891068e+04 -3.219615e+03 2.451361e+05 -9.535178e+04 -4.492683e+03 -5.572039e+03 7.871162e+04 -2.307649e+04 4.927590e+03 9.555008e+04 -4.326458e+03 -2.244682e+03 -1.888624e+05 -6.829821e+03 8.990589e+04 -2.638065e+04 6.444950e+03 -1.088674e+05 5.420434e+03 2.314199e+03 2.151721e+05 -2.636658e+04 -5.464274e+03 4.659273e+03 6.908604e+04 -3.069437e+03 2.151627e+05 -8.368830e+04 -3.564861e+03
8.383838e-03 2.687321e+04 6.539064e+03 -5.421780e+03 -7.120676e+04 -3.063194e+03 2.171130e+05 -8.533394e+04 -4.295417e+03 -5.282370e+03 7.102603e+04 -2.057146e+04 4.493066e+03 8.551419e+04 -4.148401e+03 -2.133837e+03 -1.672769e+05 -6.469066e+03 8.112808e+04 -2.351915e+04 5.888159e+03 -9.743209e+04 5.186597e+03 2.198203e+03 1.905770e+05 -2.350685e+04 -4.970511e+03 4.412389e+03 6.234075e+04 -2.921834e+03 1.905688e+05 -7.489642e+04 -3.415575e+03
8.585859e-03 2.413130e+04 5.999331e+03 -5.152216e+03 -6.468240e+04 -2.916939e+03 1.936441e+05 -7.692197e+04 -4.119731e+03 -5.028207e+03 6.451725e+04 -1.846903e+04 4.122504e+03 7.708686e+04 -3.988689e+03 -2.030575e+03 -1.491993e+05 -6.153034e+03 7.369426e+04 -2.111746e+04 5.413242e+03 -8.782968e+04 4.977995e+03 2.089312e+03 1.699789e+05 -2.110663e+04 -4.549504e+03 4.196130e+03 5.662828e+04 -2.784689e+03 1.699716e+05 -6.751388e+04 -3.281892e+03
8.787879e-03 2.180401e+04 5.533696e+03 -4.913866e+03 -5.909550e+04 -2.780378e+03 1.737699e+05 -6.977620e+04 -3.961733e+03 -4.802816e+03 5.894376e+04 -1.668466e+04 3.802824e+03 6.992785e+04 -3.844141e+03 -1.934438e+03 -1.338904e+05 -5.873189e+03 6.732860e+04 -1.907904e+04 5.003463e+03 -7.967247e+04 4.790124e+03 1.987322e+03 1.525357e+05 -1.906944e+04 -4.186366e+03 4.004649e+03 5.173666e+04 -2.657272e+03 1.525292e+05 -6.124256e+04 -3.161074e+03
8.989899e-03 1.980949e+04 5.128020e+03 -4.701169e+03 -5.426541e+04 -2.652919e+03 1.567780e+05 -6.364500e+04 -3.818491e+03 -4.601139e+03 5.412530e+04 -1.515555e+04 3.524317e+03 6.378514e+04 -3.712343e+03 -1.844923e+03 -1.208016e+05 -5.623128e+03 6.182524e+04 -1.733216e+04 4.646403e+03 -7.267329e+04 4.619583e+03 1.891893e+03 1.376222e+05 -1.732360e+04 -3.870045e+03 3.833558e+03 4.750771e+04 -2.538828e+03 1.376163e+05 -5.586164e+04 -3.051047e+03
9.191919e-03 1.808567e+04 4.771570e+03 -4.509866e+03 -5.005453e+04 -2.533932e+03 1.421281e+05 -5.833807e+04 -3.687737e+03 -4.419294e+03 4.992462e+04 -1.383407e+04 3.279612e+03 5.846811e+04 -3.591419e+03 -1.761522e+03 -1.095167e+05 -5.397939e+03 5.702743e+04 -1.582243e+04 4.332629e+03 -6.661494e+04 4.463739e+03 1.802625e+03 1.247641e+05 -1.581476e+04 -3.592156e+03 3.679494e+03 4.382093e+04 -2.428625e+03 1.247589e+05 -5.120411e+04 -2.950204e+03
9.393939e-03 1.658465e+04 4.456043e+03 -4.336628e+03 -4.635624e+04 -2.422787e+03 1.294038e+05 -5.370892e+04 -3.567687e+03 -4.254240e+03 4.623533e+04 -1.268349e+04 3.063010e+03 5.383004e+04 -3.479878e+03 -1.683748e+03 -9.971505e+04 -5.193781e+03 5.281367e+04 -1.450790e+04 4.054847e+03 -6.133023e+04 4.320512e+03 1.719101e+03 1.135961e+05 -1.450099e+04 -3.346210e+03 3.539824e+03 4.058298e+04 -2.325975e+03 1.135914e+05 -4.714141e+04 -2.857272e+03
9.595960e-03 1.526891e+04 4.174912e+03 -4.178813e+03 -4.308668e+04 -2.318882e+03 1.182789e+05 -4.964303e+04 -3.456908e+03 -4.103555e+03 4.297376e+04 -1.167501e+04 2.870026e+03 4.975622e+04 -3.376518e+03 -1.611143e+03 -9.114528e+04 -5.007599e+03 4.908840e+04 -1.335567e+04 3.807319e+03 -5.668846e+04 4.188232e+03 1.640905e+03 1.038318e+05 -1.334943e+04 -3.127109e+03 3.412458e+03 3.772042e+04 -2.230240e+03 1.038275e+05 -4.357304e+04 -2.771224e+03
9.797980e-03 1.410865e+04 3.922969e+03 -4.034289e+03 -4.017900e+04 -2.221651e+03 1.084946e+05 -4.604965e+04 -3.354232e+03 -3.965285e+03 4.007321e+04 -1.078578e+04 2.697085e+03 4.615576e+04 -3.280354e+03 -1.543285e+03 -8.360811e+04 -4.836929e+03 4.577547e+04 -1.233966e+04 3.585468e+03 -5.258606e+04 4.065536e+03 1.567642e+03 9.524402e+04 -1.233400e+04 -2.930785e+03 3.295707e+03 3.517472e+04 -2.140838e+03 9.524010e+04 -4.041935e+04 -2.691223e+03
1.000000e-02 1.307996e+04 3.696009e+03 -3.901319e+03 -3.757929e+04 -2.130566e+03 9.984307e+04 -4.285603e+04 -3.258697e+03 -3.837830e+03 3.747991e+04 -9.997457e+03 2.541298e+03 4.295576e+04 -3.190567e+03 -1.479785e+03 -7.694354e+04 -4.679757e+03 4.281343e+04 -1.143891e+04 3.385598e+03 -4.893996e+04 3.951296e+03 1.498939e+03 8.765055e+04 -1.143375e+04 -2.753952e+03 3.188192e+03 3.289866e+04 -2.057237e+03 8.764696e+04 -3.761649e+04 -2.616571e+03
