-1.000000e-02 -1.755686e+05 -1.024213e+03 5.153682e+03 -1.070459e+05 4.035168e+03 -6.991757e+04 -1.005289e+05 5.810794e+03 5.008322e+03 1.071657e+05 1.352746e+05 -7.325684e+02 1.004102e+05 5.669916e+03 2.774334e+03 5.372854e+04 6.193711e+03 1.220923e+05 1.541114e+05 -5.023808e+02 -1.145300e+05 -6.941470e+03 -3.761485e+03 -6.129332e+04 1.541099e+05 1.231446e+03 -4.147844e+03 9.395967e+04 2.941251e+03 -6.128997e+04 -8.813617e+04 4.729773e+03
-9.797980e-03 -2.013781e+05 -1.032089e+03 5.473167e+03 -1.219839e+05 4.485340e+03 -8.002973e+04 -1.143073e+05 6.203812e+03 5.306214e+03 1.221183e+05 1.551574e+05 -7.417726e+02 1.141741e+05 6.041792e+03 3.083792e+03 6.150242e+04 6.571040e+03 1.391286e+05 1.767646e+05 -4.917287e+02 -1.302282e+05 -7.402918e+03 -4.162710e+03 -7.015988e+04 1.767628e+05 1.259519e+03 -4.399036e+03 1.070707e+05 3.287727e+03 -7.015592e+04 -1.002167e+05 5.045671e+03
-9.595960e-03 -2.334824e+05 -1.026493e+03 5.847111e+03 -1.405413e+05 5.034896e+03 -9.259905e+04 -1.313884e+05 6.668026e+03 5.653084e+03 1.406938e+05 1.798891e+05 -7.426881e+02 1.312373e+05 6.479489e+03 3.461586e+03 7.116547e+04 7.011852e+03 1.602925e+05 2.049426e+05 -4.672149e+02 -1.496894e+05 -7.946980e+03 -4.651884e+03 -8.118105e+04 2.049405e+05 1.280190e+03 -4.692111e+03 1.233584e+05 3.711344e+03 -8.117631e+04 -1.151932e+05 5.418194e+03
-9.393939e-03 -2.742265e+05 -9.992079e+02 6.292920e+03 -1.640692e+05 5.720186e+03 -1.085399e+05 -1.529951e+05 7.226930e+03 6.064185e+03 1.642442e+05 2.112764e+05 -7.300431e+02 1.528215e+05 7.004382e+03 3.932708e+03 8.342070e+04 7.536235e+03 1.871248e+05 2.407039e+05 -4.212631e+02 -1.743067e+05 -8.600695e+03 -5.261042e+03 -9.515861e+04 2.407013e+05 1.287817e+03 -5.040258e+03 1.440085e+05 4.240441e+03 -9.515286e+04 -1.341376e+05 5.865894e+03
-9.191919e-03 -3.272441e+05 -9.363404e+02 6.837179e+03 -1.946632e+05 6.597982e+03 -1.292687e+05 -1.810187e+05 7.916513e+03 6.562686e+03 1.948672e+05 2.521183e+05 -6.948804e+02 1.808163e+05 7.649110e+03 4.536184e+03 9.935720e+04 8.174798e+03 2.220153e+05 2.872374e+05 -3.412252e+02 -2.062353e+05 -9.405423e+03 -6.040179e+03 -1.133347e+05 2.872342e+05 1.272651e+03 -5.463567e+03 1.708605e+05 4.919320e+03 -1.133276e+05 -1.587085e+05 6.417147e+03
-8.989899e-03 -3.984931e+05 -8.130599e+02 7.523179e+03 -2.357649e+05 7.762622e+03 -1.571080e+05 -2.185558e+05 8.795468e+03 7.186123e+03 2.360073e+05 3.070043e+05 -6.211190e+02 2.183149e+05 8.466713e+03 5.336850e+03 1.207607e+05 8.977273e+03 2.688889e+05 3.497724e+05 -2.047329e+02 -2.490031e+05 -1.042850e+04 -7.072304e+03 -1.377458e+05 3.497683e+05 1.216950e+03 -5.994668e+03 2.069347e+05 5.821639e+03 -1.377368e+05 -1.916209e+05 7.118155e+03
-8.787879e-03 -4.985321e+05 -5.813737e+02 8.427886e+03 -2.934847e+05 9.384631e+03 -1.961739e+05 -2.710827e+05 9.968058e+03 8.000913e+03 2.937805e+05 3.840679e+05 -4.775527e+02 2.707886e+05 9.551097e+03 6.451880e+03 1.507960e+05 1.003188e+04 3.347137e+05 4.375760e+05 3.107142e+01 -3.088497e+05 -1.178935e+04 -8.507364e+03 -1.720014e+05 4.375707e+05 1.085898e+03 -6.691444e+03 2.575943e+05 7.080627e+03 -1.719897e+05 -2.376767e+05 8.050858e+03
-8.585859e-03 -6.483359e+05 -1.370451e+02 9.706771e+03 -3.799900e+05 1.181253e+04 -2.546441e+05 -3.494531e+05 1.164409e+04 9.140669e+03 3.803649e+05 4.994665e+05 -1.961568e+02 3.490800e+05 1.109060e+04 8.120679e+03 1.957505e+05 1.151647e+04 4.333653e+05 5.690575e+05 4.586173e+02 -3.981413e+05 -1.372794e+04 -1.065162e+04 -2.232724e+05 5.690503e+05 8.029482e+02 -7.670625e+03 3.335181e+05 8.968683e+03 -2.232565e+05 -3.063923e+05 9.379876e+03
-8.383838e-03 -8.981778e+05 7.943276e+02 1.174556e+04 -5.245343e+05 1.591528e+04 -3.521242e+05 -4.796055e+05 1.434010e+04 1.093590e+04 5.250400e+05 6.919269e+05 4.027437e+02 4.791014e+05 1.354756e+04 1.093994e+04 2.706985e+05 1.387147e+04 5.982041e+05 7.883414e+05 1.319919e+03 -5.464309e+05 -1.683426e+04 -1.426825e+04 -3.087508e+05 7.883307e+05 1.645944e+02 -9.221552e+03 4.603812e+05 1.216515e+04 -3.087275e+05 -4.205108e+05 1.150989e+04
-8.181818e-03 -1.424707e+06 3.279781e+03 1.598025e+04 -8.303222e+05 2.491543e+04 -5.575361e+05 -7.523476e+05 1.995552e+04 1.461529e+04 8.311026e+05 1.097527e+06 2.020015e+03 7.515687e+05 1.861789e+04 1.712142e+04 4.286311e+05 1.873434e+04 9.469236e+05 1.250471e+06 3.552600e+03 -8.571808e+05 -2.327575e+04 -2.218636e+04 -4.888739e+05 1.250453e+06 -1.626475e+03 -1.242161e+04 7.287637e+05 1.918929e+04 -4.888336e+05 -6.596526e+05 1.592702e+04
-7.979798e-03 -2.615641e+07 1.761227e+05 2.431470e+05 -1.538312e+07 5.226243e+05 -1.021739e+07 -1.338777e+07 3.133245e+05 2.092936e+05 1.539711e+07 2.014937e+07 1.159600e+05 1.337379e+07 2.801103e+05 3.584638e+05 7.855491e+06 2.776002e+05 1.754298e+07 2.295754e+07 1.551803e+05 -1.525321e+07 -3.578801e+05 -4.590496e+05 -8.959433e+06 2.295695e+07 -1.314993e+05 -1.832558e+05 1.350145e+07 4.080708e+05 -8.958446e+06 -1.173820e+07 2.451903e+05
-7.777778e-03 6.957350e+05 -1.476129e+04 -5.009205e+03 4.288598e+05 -2.205685e+04 2.712521e+05 3.202570e+05 -6.768299e+03 -3.225867e+03 -4.292164e+05 -5.359365e+05 -9.932027e+03 -3.198989e+05 -5.016390e+03 -1.506871e+04 -2.085677e+05 -5.077069e+03 -4.890417e+05 -6.106420e+05 -1.212238e+04 3.648807e+05 7.098188e+03 1.898970e+04 2.378814e+05 -6.106188e+05 1.214874e+04 3.316730e+03 -3.763960e+05 -1.753772e+04 2.378249e+05 2.807757e+05 -4.875902e+03
-7.575758e-03 -2.326695e+06 -1.659446e+03 1.420881e+04 -1.314461e+06 2.316480e+04 -9.058743e+05 -1.251306e+06 2.012573e+04 1.318649e+04 1.315632e+06 1.792284e+06 -1.419808e+03 1.250133e+06 1.912115e+04 1.602461e+04 6.965117e+05 1.689171e+04 1.499008e+06 2.042091e+06 -5.303364e+02 -1.425703e+06 -2.364307e+04 -2.073738e+04 -7.943410e+05 2.042072e+06 2.544686e+03 -1.103228e+04 1.153662e+06 1.785210e+04 -7.943101e+05 -1.097213e+06 1.623508e+04
-7.373737e-03 8.530402e+06 -4.166991e+04 -3.717639e+04 4.902427e+06 -1.149591e+05 3.315533e+06 4.421824e+06 -5.795137e+04 -2.970194e+04 -4.906555e+06 -6.570920e+06 -2.728073e+04 -4.417670e+06 -5.059584e+04 -7.909903e+04 -2.549412e+06 -4.155886e+04 -5.590498e+06 -7.486870e+06 -3.547821e+04 5.038141e+06 6.529746e+04 1.004405e+05 2.907471e+06 -7.486785e+06 3.217349e+04 2.668409e+04 -4.302662e+06 -9.057918e+04 2.907219e+06 3.877254e+06 -4.497432e+04
-7.171717e-03 5.466895e+05 -1.774049e+04 -1.474493e+03 3.519945e+05 -2.063587e+04 2.120915e+05 2.300464e+05 -2.715995e+03 3.526579e+02 -3.522459e+05 -4.211018e+05 -1.198810e+04 -2.297864e+05 -9.159899e+02 -1.407898e+04 -1.630992e+05 -7.430842e+02 -4.013552e+05 -4.798168e+05 -1.429731e+04 2.621034e+05 2.172777e+03 1.758471e+04 1.860193e+05 -4.797908e+05 1.493137e+04 4.121636e+02 -3.089243e+05 -1.656768e+04 1.859578e+05 2.016813e+05 -1.514204e+03
-6.969697e-03 -4.435051e+06 -1.720758e+04 4.898297e+03 -2.413252e+06 7.420585e+03 -1.718442e+06 -2.447723e+06 1.510756e+04 5.368191e+03 2.415287e+06 3.416204e+06 -1.217099e+04 2.445690e+06 1.557122e+04 5.522714e+03 1.321439e+06 6.738947e+03 2.751989e+06 3.892434e+06 -1.351422e+04 -2.788947e+06 -1.837100e+04 -7.154776e+03 -1.506914e+06 3.892434e+06 1.545595e+04 -3.819606e+03 2.117995e+06 5.650990e+03 -1.506933e+06 -2.146464e+06 1.277564e+04
-6.767677e-03 -7.874526e+08 -2.784030e+05 -3.480725e+05 -4.331843e+08 2.471162e+06 -3.046217e+08 -4.262037e+08 1.375102e+06 -4.505903e+05 4.335170e+08 6.065186e+08 -2.694930e+05 4.258722e+08 1.273909e+06 1.759152e+06 2.342659e+08 -3.949794e+05 4.939558e+08 6.910765e+08 -2.418960e+05 -4.856412e+08 -1.569630e+06 -2.169611e+06 -2.671440e+08 6.911025e+08 3.095568e+05 3.967015e+05 3.801813e+08 2.003586e+06 -2.671311e+08 -3.737498e+08 1.115938e+06
-6.565657e-03 -2.810056e+07 -4.349395e+04 -5.698664e+04 -1.525415e+07 2.527432e+03 -1.085482e+07 -1.540695e+07 3.062380e+03 -5.507546e+04 1.526613e+07 2.164434e+07 -3.230413e+04 1.539499e+07 4.950321e+03 4.469941e+03 8.347816e+06 -6.474587e+04 1.739459e+07 2.466208e+07 -3.788494e+04 -1.755505e+07 -3.676838e+03 -2.312617e+03 -9.519101e+06 2.466208e+07 3.709412e+04 4.847953e+04 1.338760e+07 4.998729e+03 -9.519181e+06 -1.351121e+07 4.199011e+03
-6.363636e-03 -1.157368e+06 -1.997661e+04 -4.182484e+03 -5.696951e+05 -1.939969e+04 -4.464717e+05 -7.091793e+05 -1.753940e+03 -2.359029e+03 5.701791e+05 8.914437e+05 -1.368155e+04 7.087143e+05 4.907503e+01 -1.307451e+04 3.433607e+05 -3.834593e+03 6.496745e+05 1.015727e+06 -1.619982e+04 -8.080746e+05 1.078002e+03 1.653519e+04 -3.915035e+05 1.015754e+06 1.692092e+04 2.787463e+03 4.999867e+05 -1.538775e+04 -3.915705e+05 -6.219796e+05 -6.661365e+02
-6.161616e-03 1.169089e+06 -2.521905e+04 5.549840e+03 7.116873e+05 -2.116038e+04 4.502422e+05 5.441078e+05 3.276927e+03 7.678541e+03 -7.121379e+05 -9.004603e+05 -1.703436e+04 -5.436314e+05 5.383639e+03 -1.448288e+04 -3.462919e+05 7.888836e+03 -8.114478e+05 -1.026038e+06 -1.986149e+04 6.199630e+05 -5.287381e+03 1.775479e+04 3.949000e+05 -1.026003e+06 2.168058e+04 -5.533406e+03 -6.245862e+05 -1.731787e+04 3.948211e+05 4.771151e+05 3.528577e+03
-5.959596e-03 2.232426e+06 -3.590908e+04 1.381905e+04 1.317959e+06 -2.408511e+04 8.586092e+05 1.095683e+06 9.605397e+03 1.654587e+04 -1.318790e+06 -1.719443e+06 -2.421712e+04 -1.094815e+06 1.230639e+04 -1.655526e+04 -6.603951e+05 1.815885e+04 -1.502707e+06 -1.959240e+06 -2.795403e+04 1.248456e+06 -1.334504e+04 1.989610e+04 7.530591e+05 -1.959193e+06 3.115423e+04 -1.266265e+04 -1.156653e+06 -2.010441e+04 7.529564e+05 9.608427e+05 8.952537e+03
-5.757576e-03 3.033972e+06 -5.147700e+04 2.296008e+04 1.795813e+06 -2.852581e+04 1.165327e+06 1.491346e+06 1.744295e+04 2.655898e+04 -1.796892e+06 -2.336771e+06 -3.474608e+04 -1.490211e+06 2.101087e+04 -1.962830e+04 -8.963386e+05 2.968123e+04 -2.047501e+06 -2.662680e+06 -3.988945e+04 1.699300e+06 -2.338154e+04 2.325118e+04 1.022090e+06 -2.662617e+06 4.487870e+04 -2.059800e+04 -1.576010e+06 -2.414773e+04 1.021952e+06 1.307844e+06 1.574055e+04
-5.555556e-03 3.186769e+06 -6.287087e+04 2.847185e+04 1.910765e+06 -3.069554e+04 1.222400e+06 1.544508e+06 2.290838e+04 3.263672e+04 -1.911841e+06 -2.454420e+06 -4.249435e+04 -1.543361e+06 2.704103e+04 -2.110301e+04 -9.402767e+05 3.668973e+04 -2.178500e+06 -2.796762e+06 -4.867330e+04 1.759885e+06 -3.033902e+04 2.482420e+04 1.072179e+06 -2.796687e+06 5.492302e+04 -2.537115e+04 -1.676878e+06 -2.615904e+04 1.072017e+06 1.354482e+06 2.047097e+04
-5.353535e-03 2.292306e+06 -5.542237e+04 2.367133e+04 1.404612e+06 -2.571591e+04 8.781525e+05 1.077499e+06 1.984618e+04 2.724498e+04 -1.405339e+06 -1.765488e+06 -3.751039e+04 -1.076703e+06 2.339539e+04 -1.764305e+04 -6.755104e+05 3.061030e+04 -1.601368e+06 -2.011758e+06 -4.295968e+04 1.227757e+06 -2.624500e+04 2.079586e+04 7.702661e+05 -2.011692e+06 4.842074e+04 -2.110871e+04 -1.232668e+06 -2.187498e+04 7.701241e+05 9.449320e+05 1.773700e+04
-5.151515e-03 -2.240588e+06 4.301175e+04 -2.542073e+04 -1.343758e+06 9.904678e+03 -8.573720e+05 -1.126080e+06 -2.176965e+04 -2.770608e+04 1.344440e+06 1.725632e+06 2.908930e+04 1.125348e+06 -2.404086e+04 6.882964e+03 6.595353e+05 -3.195468e+04 1.531985e+06 1.966347e+06 3.295784e+04 -1.283135e+06 2.779350e+04 -7.235618e+03 -7.520214e+05 1.966301e+06 -3.793575e+04 2.201322e+04 1.179256e+06 9.298666e+03 -7.519304e+05 -9.876068e+05 -1.879910e+04
-4.949495e-03 -1.099108e+06 2.129088e+04 -1.369674e+04 -6.622398e+05 2.310204e+03 -4.200964e+05 -5.629021e+05 -1.196497e+04 -1.469668e+04 6.625569e+05 8.464892e+05 1.440509e+04 5.625608e+05 -1.295941e+04 1.639811e+03 3.231690e+05 -1.708838e+04 7.549871e+05 9.645742e+05 1.624788e+04 -6.414164e+05 1.511606e+04 -1.310423e+03 -3.684798e+05 9.645535e+05 -1.885125e+04 1.175693e+04 5.811647e+05 2.585043e+03 -3.684394e+05 -4.936995e+05 -1.023253e+04
-4.747475e-03 -7.404710e+05 1.511980e+04 -1.003720e+04 -4.508338e+05 3.187694e+02 -2.827043e+05 -3.843097e+05 -8.910835e+03 -1.067808e+04 4.510349e+05 5.702745e+05 1.023572e+04 3.840915e+05 -9.548617e+03 2.606187e+02 2.174832e+05 -1.247373e+04 5.139607e+05 6.498313e+05 1.151565e+04 -4.379175e+05 1.119176e+04 2.180640e+02 -2.479720e+05 6.498178e+05 -1.341686e+04 8.572708e+03 3.956373e+05 7.944535e+02 -2.479458e+05 -3.370733e+05 -7.581082e+03
-4.545455e-03 -5.482051e+05 1.194620e+04 -8.008755e+03 -3.383825e+05 -6.017031e+02 -2.090745e+05 -2.883487e+05 -7.203863e+03 -8.469239e+03 3.385219e+05 4.221959e+05 8.091892e+03 2.881959e+05 -7.662423e+03 -3.785848e+02 1.608447e+05 -9.926430e+03 3.857535e+05 4.810975e+05 9.088516e+03 -3.285735e+05 9.010969e+03 9.098163e+02 -1.833907e+05 4.810876e+05 -1.061599e+04 6.815956e+03 2.969513e+05 -4.986972e+01 -1.833716e+05 -2.529146e+05 -6.107183e+03
-4.343434e-03 -4.265204e+05 9.973584e+03 -6.662297e+03 -2.676874e+05 -1.107226e+03 -1.624988e+05 -2.276781e+05 -6.057787e+03 -7.013398e+03 2.677882e+05 3.284778e+05 6.759302e+03 2.275660e+05 -6.407643e+03 -7.306004e+02 1.250166e+05 -8.241179e+03 3.051533e+05 3.743066e+05 7.583449e+03 -2.594414e+05 7.554122e+03 1.279639e+03 -1.425386e+05 3.742989e+05 -8.871433e+03 5.654607e+03 2.349102e+05 -5.247502e+02 -1.425238e+05 -1.997055e+05 -5.122132e+03
-4.141414e-03 -3.425187e+05 8.620332e+03 -5.681400e+03 -2.192171e+05 -1.409195e+03 -1.303665e+05 -1.859401e+05 -5.212654e+03 -5.959261e+03 2.192918e+05 2.637825e+05 5.844990e+03 1.858556e+05 -5.489697e+03 -9.415154e+02 1.002987e+05 -7.016872e+03 2.498920e+05 3.005867e+05 6.553128e+03 -2.118823e+05 6.484521e+03 1.493016e+03 -1.143548e+05 3.005805e+05 -7.672300e+03 4.811600e+03 1.923734e+05 -8.166724e+02 -1.143429e+05 -1.631005e+05 -4.398570e+03
-3.939394e-03 -2.812323e+05 7.633255e+03 -4.924224e+03 -1.841247e+05 -1.598169e+03 -1.069393e+05 -1.556605e+05 -4.552445e+03 -5.149855e+03 1.841808e+05 2.165820e+05 5.177949e+03 1.555957e+05 -4.777541e+03 -1.073981e+03 8.227689e+04 -6.074031e+03 2.098833e+05 2.468019e+05 5.803030e+03 -1.773795e+05 5.652140e+03 1.620575e+03 -9.380620e+04 2.467968e+05 -6.796055e+03 4.162927e+03 1.615770e+05 -1.005868e+03 -9.379649e+04 -1.365443e+05 -3.835211e+03
-3.737374e-03 -2.347261e+05 6.882433e+03 -4.315849e+03 -1.577372e+05 -1.719459e+03 -8.917514e+04 -1.328647e+05 -4.015946e+03 -4.502541e+03 1.577795e+05 1.807650e+05 4.670450e+03 1.328145e+05 -4.202299e+03 -1.159380e+03 6.861118e+04 -5.318024e+03 1.797990e+05 2.059883e+05 5.233452e+03 -1.514043e+05 4.977981e+03 1.697480e+03 -7.822463e+04 2.059840e+05 -6.128423e+03 3.643197e+03 1.384198e+05 -1.132694e+03 -7.821650e+04 -1.165517e+05 -3.378727e+03
-3.535354e-03 -1.983621e+05 6.293708e+03 -3.812270e+03 -1.373315e+05 -1.798100e+03 -7.529587e+04 -1.152256e+05 -3.567162e+03 -3.968943e+03 1.373634e+05 1.527594e+05 4.272421e+03 1.151865e+05 -3.723632e+03 -1.215068e+03 5.793384e+04 -4.693364e+03 1.565348e+05 1.740757e+05 4.787540e+03 -1.313049e+05 4.415691e+03 1.743041e+03 -6.605051e+04 1.740721e+05 -5.604120e+03 3.214072e+03 1.205123e+05 -1.219584e+03 -6.604362e+04 -1.010815e+05 -2.997823e+03
-3.333333e-03 -1.692374e+05 5.821436e+03 -3.385635e+03 -1.212084e+05 -1.848909e+03 -6.418867e+04 -1.012850e+05 -3.183234e+03 -3.518542e+03 1.212321e+05 1.303292e+05 3.953050e+03 1.012545e+05 -3.316034e+03 -1.251328e+03 4.938888e+04 -4.164987e+03 1.381532e+05 1.485162e+05 4.430340e+03 -1.154198e+05 3.935901e+03 1.768607e+03 -5.630780e+04 1.485131e+05 -5.182933e+03 2.851330e+03 1.063630e+05 -1.279909e+03 -5.630189e+04 -8.885487e+04 -2.672673e+03
-3.131313e-03 -1.454392e+05 5.435906e+03 -3.017297e+03 -1.082517e+05 -1.881118e+03 -5.512054e+04 -9.008248e+04 -2.848795e+03 -3.130971e+03 1.082690e+05 1.120014e+05 3.692276e+03 9.005885e+04 -2.962433e+03 -1.274575e+03 4.241245e+04 -3.709456e+03 1.233816e+05 1.276314e+05 4.139124e+03 -1.026546e+05 3.518915e+03 1.781191e+03 -4.835356e+04 1.276287e+05 -4.838658e+03 2.538786e+03 9.499256e+04 -1.322067e+03 -4.834846e+04 -7.902965e+04 -2.389976e+03
-2.929293e-03 -1.256563e+05 5.116914e+03 -2.694218e+03 -9.769898e+04 -1.900704e+03 -4.758893e+04 -8.096038e+04 -2.553044e+03 -2.792037e+03 9.771121e+04 9.676603e+04 3.476461e+03 8.094222e+04 -2.650873e+03 -1.288964e+03 3.661798e+04 -3.310407e+03 1.113509e+05 1.102703e+05 3.898451e+03 -9.226010e+04 3.150916e+03 1.785289e+03 -4.174702e+04 1.102680e+05 -4.553463e+03 2.265143e+03 8.573184e+04 -1.351542e+03 -4.174260e+04 -7.102902e+04 -2.140401e+03
-2.727273e-03 -1.089596e+05 4.850239e+03 -2.406955e+03 -8.901268e+04 -1.911660e+03 -4.123795e+04 -7.345416e+04 -2.288108e+03 -2.491487e+03 8.902077e+04 8.390753e+04 3.296002e+03 7.344043e+04 -2.372683e+03 -1.297277e+03 3.173171e+04 -2.956001e+03 1.014480e+05 9.561768e+04 3.697464e+03 -8.370681e+04 2.821861e+03 1.783876e+03 -3.617603e+04 9.561563e+04 -4.314783e+03 2.022234e+03 7.810902e+04 -1.372033e+03 -3.617217e+04 -6.444557e+04 -1.917164e+03
-2.525253e-03 -9.467288e+04 4.625584e+03 -2.148463e+03 -8.180385e+04 -1.916720e+03 -3.580861e+04 -6.722729e+04 -2.048078e+03 -2.221696e+03 8.180856e+04 7.290515e+04 3.143949e+03 6.721718e+04 -2.121377e+03 -1.301418e+03 2.755442e+04 -2.637421e+03 9.322960e+04 8.308009e+04 3.528311e+03 -7.661131e+04 2.524226e+03 1.778962e+03 -3.141343e+04 8.307830e+04 -4.113515e+03 1.803976e+03 7.178279e+04 -1.386099e+03 -3.141006e+04 -5.898416e+04 -1.715180e+03
-2.323232e-03 -8.229238e+04 4.435323e+03 -1.913351e+03 -7.578514e+04 -1.917795e+03 -3.110800e+04 -6.203086e+04 -1.828405e+03 -1.976848e+03 7.578708e+04 6.337086e+04 3.015151e+03 6.202373e+04 -1.891981e+03 -1.302722e+03 2.393773e+04 -2.347928e+03 8.636800e+04 7.221538e+04 3.385179e+03 -7.068998e+04 2.252232e+03 1.771933e+03 -2.729001e+04 7.221382e+04 -3.942908e+03 1.605725e+03 6.650099e+04 -1.395549e+03 -2.728707e+04 -5.442649e+04 -1.530543e+03
-2.121212e-03 -7.143488e+04 4.273701e+03 -1.697407e+03 -7.074050e+04 -1.916240e+03 -2.698944e+04 -5.767758e+04 -1.625508e+03 -1.752406e+03 7.074016e+04 5.500952e+04 2.905721e+03 5.767291e+04 -1.680593e+03 -1.302136e+03 2.076878e+04 -2.082260e+03 8.061692e+04 6.268725e+04 3.263687e+03 -6.572940e+04 2.001336e+03 1.763759e+03 -2.367712e+04 6.268588e+04 -3.797865e+03 1.423853e+03 6.207400e+04 -1.401684e+03 -2.367456e+04 -5.060831e+04 -1.360184e+03
-1.919192e-03 -6.180336e+04 4.136305e+03 -1.497268e+03 -6.650518e+04 -1.913034e+03 -2.333928e+04 -5.402454e+04 -1.436510e+03 -1.544762e+03 6.650295e+04 4.759238e+04 2.812681e+03 5.402190e+04 -1.484093e+03 -1.300343e+03 1.796017e+04 -1.836224e+03 7.578852e+04 5.423504e+04 3.160479e+03 -6.156674e+04 1.767900e+03 1.755129e+03 -2.047508e+04 5.423385e+04 -3.674474e+03 1.255474e+03 5.835726e+04 -1.405453e+03 -2.047285e+04 -4.740428e+04 -1.201643e+03
-1.717172e-03 -5.316359e+04 4.019715e+03 -1.310203e+03 -6.295213e+04 -1.908886e+03 -2.006790e+04 -5.096147e+04 -1.259059e+03 -1.350992e+03 6.294833e+04 4.093903e+04 2.733719e+03 5.096052e+04 -1.299935e+03 -1.297842e+03 1.544294e+04 -1.606417e+03 7.173794e+04 4.665317e+04 3.072954e+03 -5.807635e+04 1.548953e+03 1.746532e+03 -1.760528e+04 4.665214e+04 -3.569702e+03 1.098245e+03 5.523924e+04 -1.407556e+03 -1.760336e+04 -4.471770e+04 -1.052909e+03
-1.515152e-03 -4.532765e+04 3.921258e+03 -1.133953e+03 -5.998256e+04 -1.904320e+03 -1.710345e+04 -4.840262e+04 -1.091197e+03 -1.168683e+03 5.997748e+04 3.490476e+04 2.667029e+03 4.840307e+04 -1.126008e+03 -1.295000e+03 1.316184e+04 -1.390028e+03 6.835256e+04 3.977674e+04 2.999082e+03 -5.516052e+04 1.342025e+03 1.738323e+03 -1.500470e+04 3.977586e+04 -3.481175e+03 9.502311e+02 5.263328e+04 -1.408516e+03 -1.500306e+04 -4.247334e+04 -9.123122e+02
-1.313131e-03 -3.814224e+04 3.838831e+03 -9.666191e+02 -5.751930e+04 -1.899721e+03 -1.438734e+04 -4.628098e+04 -9.312658e+02 -9.958089e+02 5.751317e+04 2.937150e+04 2.611191e+03 4.628257e+04 -9.605308e+02 -1.292087e+03 1.107178e+04 -1.184693e+03 6.554440e+04 3.347121e+04 2.937267e+03 -5.274288e+04 1.145031e+03 1.730757e+03 -1.262194e+04 3.347047e+04 -3.407024e+03 8.098081e+02 5.047163e+04 -1.408722e+03 -1.262056e+04 -4.061246e+04 -7.784412e+02
-1.111111e-03 -3.148009e+04 3.770782e+03 -8.065737e+02 -5.550202e+04 -1.895374e+03 -1.187093e+04 -4.454414e+04 -7.778378e+02 -8.306417e+02 5.549503e+04 2.424122e+04 2.565089e+03 4.454667e+04 -8.019720e+02 -1.289305e+03 9.135351e+03 -9.883925e+02 6.324467e+04 2.762489e+04 2.886255e+03 -5.076374e+04 9.561748e+02 1.724021e+03 -1.041436e+04 2.762427e+04 -3.345782e+03 6.755871e+02 4.870136e+04 -1.408470e+03 -1.041321e+04 -3.908908e+04 -6.500816e+02
-9.090909e-04 -2.523357e+04 3.715818e+03 -6.524004e+02 -5.388377e+04 -1.891490e+03 -9.513123e+03 -4.315135e+04 -6.296620e+02 -6.716773e+02 5.387610e+04 1.943105e+04 2.527848e+03 4.315461e+04 -6.489949e+02 -1.286801e+03 7.320932e+03 -7.993674e+02 6.139984e+04 2.214333e+04 2.845066e+03 -4.917663e+04 7.738880e+02 1.718247e+03 -8.345883e+03 2.214283e+04 -3.296299e+03 5.463596e+02 4.728126e+04 -1.407981e+03 -8.344962e+03 -3.786746e+04 -5.261706e+02
-7.070707e-04 -1.930984e+04 3.672941e+03 -5.028414e+02 -5.262849e+04 -1.888224e+03 -7.278455e+03 -4.207126e+04 -4.856220e+02 -5.175838e+02 5.262029e+04 1.486946e+04 2.498796e+03 4.207509e+04 -5.004089e+02 -1.284686e+03 5.601248e+03 -6.160578e+02 5.996880e+04 1.694503e+04 2.812944e+03 -4.794585e+04 5.967714e+02 1.713532e+03 -6.385423e+03 1.694465e+04 -3.257687e+03 4.210544e+02 4.617968e+04 -1.407417e+03 -6.384717e+03 -3.692010e+04 -4.057613e+02
-5.050505e-04 -1.362695e+04 3.641401e+03 -3.567589e+02 -5.170915e+04 -1.885688e+03 -5.135663e+03 -4.128041e+04 -3.447029e+02 -3.671578e+02 5.170058e+04 1.049336e+04 2.477424e+03 4.128466e+04 -3.551341e+02 -1.283038e+03 3.952245e+03 -4.370531e+02 5.892076e+04 1.195810e+04 2.789320e+03 -4.704466e+04 4.235546e+02 1.709945e+03 -4.505551e+03 1.195783e+04 -3.229277e+03 2.987030e+02 4.537291e+04 -1.406900e+03 -4.505053e+03 -3.622645e+04 -2.879935e+02
-3.030303e-04 -8.110872e+03 3.620661e+03 -2.131012e+02 -5.110653e+04 -1.883957e+03 -3.056493e+03 -4.076210e+04 -2.059634e+02 -2.192888e+02 5.109770e+04 6.245728e+03 2.463370e+03 4.076661e+04 -2.121706e+02 -1.281911e+03 2.352188e+03 -2.610507e+02 5.823376e+04 7.117553e+03 2.773788e+03 -4.645404e+04 2.530608e+02 1.707530e+03 -2.681486e+03 7.117393e+03 -3.210593e+03 1.784115e+02 4.484408e+04 -1.406511e+03 -2.681189e+03 -3.577183e+04 -1.720699e+02
-1.010101e-04 -2.692841e+03 3.610376e+03 -7.087583e+01 -5.080824e+04 -1.883080e+03 -1.014719e+03 -4.050557e+04 -6.851236e+01 -7.292984e+01 5.079929e+04 2.073605e+03 2.456400e+03 4.051022e+04 -7.057294e+01 -1.281340e+03 7.808987e+02 -8.682142e+01 5.789371e+04 2.363054e+03 2.766087e+03 -4.616172e+04 8.417612e+01 1.706315e+03 -8.902213e+02 2.363001e+03 -3.201327e+03 5.933639e+01 4.458232e+04 -1.406304e+03 -8.901226e+02 -3.554683e+04 -5.723643e+01
1.010101e-04 2.692841e+03 3.610376e+03 7.087583e+01 -5.080824e+04 -1.883080e+03 1.014719e+03 -4.050557e+04 6.851236e+01 7.292984e+01 5.079929e+04 -2.073605e+03 2.456400e+03 4.051022e+04 7.057294e+01 -1.281340e+03 -7.808987e+02 8.682142e+01 5.789371e+04 -2.363054e+03 2.766087e+03 -4.616172e+04 -8.417612e+01 1.706315e+03 8.902213e+02 -2.363001e+03 -3.201327e+03 -5.933639e+01 4.458232e+04 -1.406304e+03 8.901226e+02 -3.554683e+04 5.723643e+01
3.030303e-04 8.110872e+03 3.620661e+03 2.131012e+02 -5.110653e+04 -1.883957e+03 3.056493e+03 -4.076210e+04 2.059634e+02 2.192888e+02 5.109770e+04 -6.245728e+03 2.463370e+03 4.076661e+04 2.121706e+02 -1.281911e+03 -2.352188e+03 2.610507e+02 5.823376e+04 -7.117553e+03 2.773788e+03 -4.645404e+04 -2.530608e+02 1.707530e+03 2.681486e+03 -7.117393e+03 -3.210593e+03 -1.784115e+02 4.484408e+04 -1.406511e+03 2.681189e+03 -3.577183e+04 1.720699e+02
5.050505e-04 1.362695e+04 3.641401e+03 3.567589e+02 -5.170915e+04 -1.885688e+03 5.135663e+03 -4.128041e+04 3.447029e+02 3.671578e+02 5.170058e+04 -1.049336e+04 2.477424e+03 4.128466e+04 3.551341e+02 -1.283038e+03 -3.952245e+03 4.370531e+02 5.892076e+04 -1.195810e+04 2.789320e+03 -4.704466e+04 -4.235546e+02 1.709945e+03 4.505551e+03 -1.195783e+04 -3.229277e+03 -2.987030e+02 4.537291e+04 -1.406900e+03 4.505053e+03 -3.622645e+04 2.879935e+02
7.070707e-04 1.930984e+04 3.672941e+03 5.028414e+02 -5.262849e+04 -1.888224e+03 7.278455e+03 -4.207126e+04 4.856220e+02 5.175838e+02 5.262029e+04 -1.486946e+04 2.498796e+03 4.207509e+04 5.004089e+02 -1.284686e+03 -5.601248e+03 6.160578e+02 5.996880e+04 -1.694503e+04 2.812944e+03 -4.794585e+04 -5.967714e+02 1.713532e+03 6.385423e+03 -1.694465e+04 -3.257687e+03 -4.210544e+02 4.617968e+04 -1.407417e+03 6.384717e+03 -3.692010e+04 4.057613e+02
9.090909e-04 2.523357e+04 3.715818e+03 6.524004e+02 -5.388377e+04 -1.891490e+03 9.513123e+03 -4.315135e+04 6.296620e+02 6.716773e+02 5.387610e+04 -1.943105e+04 2.527848e+03 4.315461e+04 6.489949e+02 -1.286801e+03 -7.320932e+03 7.993674e+02 6.139984e+04 -2.214333e+04 2.845066e+03 -4.917663e+04 -7.738880e+02 1.718247e+03 8.345883e+03 -2.214283e+04 -3.296299e+03 -5.463596e+02 4.728126e+04 -1.407981e+03 8.344962e+03 -3.786746e+04 5.261706e+02
1.111111e-03 3.148009e+04 3.770782e+03 8.065737e+02 -5.550202e+04 -1.895374e+03 1.187093e+04 -4.454414e+04 7.778378e+02 8.306417e+02 5.549503e+04 -2.424122e+04 2.565089e+03 4.454667e+04 8.019720e+02 -1.289305e+03 -9.135351e+03 9.883925e+02 6.324467e+04 -2.762489e+04 2.886255e+03 -5.076374e+04 -9.561748e+02 1.724021e+03 1.041436e+04 -2.762427e+04 -3.345782e+03 -6.755871e+02 4.870136e+04 -1.408470e+03 1.041321e+04 -3.908908e+04 6.500816e+02
1.313131e-03 3.814224e+04 3.838831e+03 9.666191e+02 -5.751930e+04 -1.899721e+03 1.438734e+04 -4.628098e+04 9.312658e+02 9.958089e+02 5.751317e+04 -2.937150e+04 2.611191e+03 4.628257e+04 9.605308e+02 -1.292087e+03 -1.107178e+04 1.184693e+03 6.554440e+04 -3.347121e+04 2.937267e+03 -5.274288e+04 -1.145031e+03 1.730757e+03 1.262194e+04 -3.347047e+04 -3.407024e+03 -8.098081e+02 5.047163e+04 -1.408722e+03 1.262056e+04 -4.061246e+04 7.784412e+02
1.515152e-03 4.532765e+04 3.921258e+03 1.133953e+03 -5.998256e+04 -1.904320e+03 1.710345e+04 -4.840262e+04 1.091197e+03 1.168683e+03 5.997748e+04 -3.490476e+04 2.667029e+03 4.840307e+04 1.126008e+03 -1.295000e+03 -1.316184e+04 1.390028e+03 6.835256e+04 -3.977674e+04 2.999082e+03 -5.516052e+04 -1.342025e+03 1.738323e+03 1.500470e+04 -3.977586e+04 -3.481175e+03 -9.502311e+02 5.263328e+04 -1.408516e+03 1.500306e+04 -4.247334e+04 9.123122e+02
1.717172e-03 5.316359e+04 4.019715e+03 1.310203e+03 -6.295213e+04 -1.908886e+03 2.006790e+04 -5.096147e+04 1.259059e+03 1.350992e+03 6.294833e+04 -4.093903e+04 2.733719e+03 5.096052e+04 1.299935e+03 -1.297842e+03 -1.544294e+04 1.606417e+03 7.173794e+04 -4.665317e+04 3.072954e+03 -5.807635e+04 -1.548953e+03 1.746532e+03 1.760528e+04 -4.665214e+04 -3.569702e+03 -1.098245e+03 5.523924e+04 -1.407556e+03 1.760336e+04 -4.471770e+04 1.052909e+03
1.919192e-03 6.180336e+04 4.136305e+03 1.497268e+03 -6.650518e+04 -1.913034e+03 2.333928e+04 -5.402454e+04 1.436510e+03 1.544762e+03 6.650295e+04 -4.759238e+04 2.812681e+03 5.402190e+04 1.484093e+03 -1.300343e+03 -1.796017e+04 1.836224e+03 7.578852e+04 -5.423504e+04 3.160479e+03 -6.156674e+04 -1.767900e+03 1.755129e+03 2.047508e+04 -5.423385e+04 -3.674474e+03 -1.255474e+03 5.835726e+04 -1.405453e+03 2.047285e+04 -4.740428e+04 1.201643e+03
2.121212e-03 7.143488e+04 4.273701e+03 1.697407e+03 -7.074050e+04 -1.916240e+03 2.698944e+04 -5.767758e+04 1.625508e+03 1.752406e+03 7.074016e+04 -5.500952e+04 2.905721e+03 5.767291e+04 1.680593e+03 -1.302136e+03 -2.076878e+04 2.082260e+03 8.061692e+04 -6.268725e+04 3.263687e+03 -6.572940e+04 -2.001336e+03 1.763759e+03 2.367712e+04 -6.268588e+04 -3.797865e+03 -1.423853e+03 6.207400e+04 -1.401684e+03 2.367456e+04 -5.060831e+04 1.360184e+03
2.323232e-03 8.229238e+04 4.435323e+03 1.913351e+03 -7.578514e+04 -1.917795e+03 3.110800e+04 -6.203086e+04 1.828405e+03 1.976848e+03 7.578708e+04 -6.337086e+04 3.015151e+03 6.202373e+04 1.891981e+03 -1.302722e+03 -2.393773e+04 2.347928e+03 8.636800e+04 -7.221538e+04 3.385179e+03 -7.068998e+04 -2.252232e+03 1.771933e+03 2.729001e+04 -7.221382e+04 -3.942908e+03 -1.605725e+03 6.650099e+04 -1.395549e+03 2.728707e+04 -5.442649e+04 1.530543e+03
2.525253e-03 9.467288e+04 4.625584e+03 2.148463e+03 -8.180385e+04 -1.916720e+03 3.580861e+04 -6.722729e+04 2.048078e+03 2.221696e+03 8.180856e+04 -7.290515e+04 3.143949e+03 6.721718e+04 2.121377e+03 -1.301418e+03 -2.755442e+04 2.637421e+03 9.322960e+04 -8.308009e+04 3.528311e+03 -7.661131e+04 -2.524226e+03 1.778962e+03 3.141343e+04 -8.307830e+04 -4.113515e+03 -1.803976e+03 7.178279e+04 -1.386099e+03 3.141006e+04 -5.898416e+04 1.715180e+03
2.727273e-03 1.089596e+05 4.850239e+03 2.406955e+03 -8.901268e+04 -1.911660e+03 4.123795e+04 -7.345416e+04 2.288108e+03 2.491487e+03 8.902077e+04 -8.390753e+04 3.296002e+03 7.344043e+04 2.372683e+03 -1.297277e+03 -3.173171e+04 2.956001e+03 1.014480e+05 -9.561768e+04 3.697464e+03 -8.370681e+04 -2.821861e+03 1.783876e+03 3.617603e+04 -9.561563e+04 -4.314783e+03 -2.022234e+03 7.810902e+04 -1.372033e+03 3.617217e+04 -6.444557e+04 1.917164e+03
2.929293e-03 1.256563e+05 5.116914e+03 2.694218e+03 -9.769898e+04 -1.900704e+03 4.758893e+04 -8.096038e+04 2.553044e+03 2.792037e+03 9.771121e+04 -9.676603e+04 3.476461e+03 8.094222e+04 2.650873e+03 -1.288964e+03 -3.661798e+04 3.310407e+03 1.113509e+05 -1.102703e+05 3.898451e+03 -9.226010e+04 -3.150916e+03 1.785289e+03 4.174702e+04 -1.102680e+05 -4.553463e+03 -2.265143e+03 8.573184e+04 -1.351542e+03 4.174260e+04 -7.102902e+04 2.140401e+03
3.131313e-03 1.454392e+05 5.435906e+03 3.017297e+03 -1.082517e+05 -1.881118e+03 5.512054e+04 -9.008248e+04 2.848795e+03 3.130971e+03 1.082690e+05 -1.120014e+05 3.692276e+03 9.005885e+04 2.962433e+03 -1.274575e+03 -4.241245e+04 3.709456e+03 1.233816e+05 -1.276314e+05 4.139124e+03 -1.026546e+05 -3.518915e+03 1.781191e+03 4.835356e+04 -1.276287e+05 -4.838658e+03 -2.538786e+03 9.499256e+04 -1.322067e+03 4.834846e+04 -7.902965e+04 2.389976e+03
3.333333e-03 1.692374e+05 5.821436e+03 3.385635e+03 -1.212084e+05 -1.848909e+03 6.418867e+04 -1.012850e+05 3.183234e+03 3.518542e+03 1.212321e+05 -1.303292e+05 3.953050e+03 1.012545e+05 3.316034e+03 -1.251328e+03 -4.938888e+04 4.164987e+03 1.381532e+05 -1.485162e+05 4.430340e+03 -1.154198e+05 -3.935901e+03 1.768607e+03 5.630780e+04 -1.485131e+05 -5.182933e+03 -2.851330e+03 1.063630e+05 -1.279909e+03 5.630189e+04 -8.885487e+04 2.672673e+03
3.535354e-03 1.983621e+05 6.293708e+03 3.812270e+03 -1.373315e+05 -1.798100e+03 7.529587e+04 -1.152256e+05 3.567162e+03 3.968943e+03 1.373634e+05 -1.527594e+05 4.272421e+03 1.151865e+05 3.723632e+03 -1.215068e+03 -5.793384e+04 4.693364e+03 1.565348e+05 -1.740757e+05 4.787540e+03 -1.313049e+05 -4.415691e+03 1.743041e+03 6.605051e+04 -1.740721e+05 -5.604120e+03 -3.214072e+03 1.205123e+05 -1.219584e+03 6.604362e+04 -1.010815e+05 2.997823e+03
3.737374e-03 2.347261e+05 6.882433e+03 4.315849e+03 -1.577372e+05 -1.719459e+03 8.917514e+04 -1.328647e+05 4.015946e+03 4.502541e+03 1.577795e+05 -1.807650e+05 4.670450e+03 1.328145e+05 4.202299e+03 -1.159380e+03 -6.861118e+04 5.318024e+03 1.797990e+05 -2.059883e+05 5.233452e+03 -1.514043e+05 -4.977981e+03 1.697480e+03 7.822463e+04 -2.059840e+05 -6.128423e+03 -3.643197e+03 1.384198e+05 -1.132694e+03 7.821650e+04 -1.165517e+05 3.378727e+03
3.939394e-03 2.812323e+05 7.633255e+03 4.924224e+03 -1.841247e+05 -1.598169e+03 1.069393e+05 -1.556605e+05 4.552445e+03 5.149855e+03 1.841808e+05 -2.165820e+05 5.177949e+03 1.555957e+05 4.777541e+03 -1.073981e+03 -8.227689e+04 6.074031e+03 2.098833e+05 -2.468019e+05 5.803030e+03 -1.773795e+05 -5.652140e+03 1.620575e+03 9.380620e+04 -2.467968e+05 -6.796055e+03 -4.162927e+03 1.615770e+05 -1.005868e+03 9.379649e+04 -1.365443e+05 3.835211e+03
4.141414e-03 3.425187e+05 8.620332e+03 5.681400e+03 -2.192171e+05 -1.409195e+03 1.303665e+05 -1.859401e+05 5.212654e+03 5.959261e+03 2.192918e+05 -2.637825e+05 5.844990e+03 1.858556e+05 5.489697e+03 -9.415154e+02 -1.002987e+05 7.016872e+03 2.498920e+05 -3.005867e+05 6.553128e+03 -2.118823e+05 -6.484521e+03 1.493016e+03 1.143548e+05 -3.005805e+05 -7.672300e+03 -4.811600e+03 1.923734e+05 -8.166724e+02 1.143429e+05 -1.631005e+05 4.398570e+03
4.343434e-03 4.265204e+05 9.973584e+03 6.662297e+03 -2.676874e+05 -1.107226e+03 1.624988e+05 -2.276781e+05 6.057787e+03 7.013398e+03 2.677882e+05 -3.284778e+05 6.759302e+03 2.275660e+05 6.407643e+03 -7.306004e+02 -1.250166e+05 8.241179e+03 3.051533e+05 -3.743066e+05 7.583449e+03 -2.594414e+05 -7.554122e+03 1.279639e+03 1.425386e+05 -3.742989e+05 -8.871433e+03 -5.654607e+03 2.349102e+05 -5.247502e+02 1.425238e+05 -1.997055e+05 5.122132e+03
4.545455e-03 5.482051e+05 1.194620e+04 8.008755e+03 -3.383825e+05 -6.017031e+02 2.090745e+05 -2.883487e+05 7.203863e+03 8.469239e+03 3.385219e+05 -4.221959e+05 8.091892e+03 2.881959e+05 7.662423e+03 -3.785848e+02 -1.608447e+05 9.926430e+03 3.857535e+05 -4.810975e+05 9.088516e+03 -3.285735e+05 -9.010969e+03 9.098163e+02 1.833907e+05 -4.810876e+05 -1.061599e+04 -6.815956e+03 2.969513e+05 -4.986972e+01 1.833716e+05 -2.529146e+05 6.107183e+03
4.747475e-03 7.404710e+05 1.511980e+04 1.003720e+04 -4.508338e+05 3.187694e+02 2.827043e+05 -3.843097e+05 8.910835e+03 1.067808e+04 4.510349e+05 -5.702745e+05 1.023572e+04 3.840915e+05 9.548617e+03 2.606187e+02 -2.174832e+05 1.247373e+04 5.139607e+05 -6.498313e+05 1.151565e+04 -4.379175e+05 -1.119176e+04 2.180640e+02 2.479720e+05 -6.498178e+05 -1.341686e+04 -8.572708e+03 3.956373e+05 7.944535e+02 2.479458e+05 -3.370733e+05 7.581082e+03
4.949495e-03 1.099108e+06 2.129088e+04 1.369674e+04 -6.622398e+05 2.310204e+03 4.200964e+05 -5.629021e+05 1.196497e+04 1.469668e+04 6.625569e+05 -8.464892e+05 1.440509e+04 5.625608e+05 1.295941e+04 1.639811e+03 -3.231690e+05 1.708838e+04 7.549871e+05 -9.645742e+05 1.624788e+04 -6.414164e+05 -1.511606e+04 -1.310423e+03 3.684798e+05 -9.645535e+05 -1.885125e+04 -1.175693e+04 5.811647e+05 2.585043e+03 3.684394e+05 -4.936995e+05 1.023253e+04
5.151515e-03 2.240588e+06 4.301175e+04 2.542073e+04 -1.343758e+06 9.904678e+03 8.573720e+05 -1.126080e+06 2.176965e+04 2.770608e+04 1.344440e+06 -1.725632e+06 2.908930e+04 1.125348e+06 2.404086e+04 6.882964e+03 -6.595353e+05 3.195468e+04 1.531985e+06 -1.966347e+06 3.295784e+04 -1.283135e+06 -2.779350e+04 -7.235618e+03 7.520214e+05 -1.966301e+06 -3.793575e+04 -2.201322e+04 1.179256e+06 9.298666e+03 7.519304e+05 -9.876068e+05 1.879910e+04
5.353535e-03 -2.292306e+06 -5.542237e+04 -2.367133e+04 1.404612e+06 -2.571591e+04 -8.781525e+05 1.077499e+06 -1.984618e+04 -2.724498e+04 -1.405339e+06 1.765488e+06 -3.751039e+04 -1.076703e+06 -2.339539e+04 -1.764305e+04 6.755104e+05 -3.061030e+04 -1.601368e+06 2.011758e+06 -4.295968e+04 1.227757e+06 2.624500e+04 2.079586e+04 -7.702661e+05 2.011692e+06 4.842074e+04 2.110871e+04 -1.232668e+06 -2.187498e+04 -7.701241e+05 9.449320e+05 -1.773700e+04
5.555556e-03 -3.186769e+06 -6.287087e+04 -2.847185e+04 1.910765e+06 -3.069554e+04 -1.222400e+06 1.544508e+06 -2.290838e+04 -3.263672e+04 -1.911841e+06 2.454420e+06 -4.249435e+04 -1.543361e+06 -2.704103e+04 -2.110301e+04 9.402767e+05 -3.668973e+04 -2.178500e+06 2.796762e+06 -4.867330e+04 1.759885e+06 3.033902e+04 2.482420e+04 -1.072179e+06 2.796687e+06 5.492302e+04 2.537115e+04 -1.676878e+06 -2.615904e+04 -1.072017e+06 1.354482e+06 -2.047097e+04
5.757576e-03 -3.033972e+06 -5.147700e+04 -2.296008e+04 1.795813e+06 -2.852581e+04 -1.165327e+06 1.491346e+06 -1.744295e+04 -2.655898e+04 -1.796892e+06 2.336771e+06 -3.474608e+04 -1.490211e+06 -2.101087e+04 -1.962830e+04 8.963386e+05 -2.968123e+04 -2.047501e+06 2.662680e+06 -3.988945e+04 1.699300e+06 2.338154e+04 2.325118e+04 -1.022090e+06 2.662617e+06 4.487870e+04 2.059800e+04 -1.576010e+06 -2.414773e+04 -1.021952e+06 1.307844e+06 -1.574055e+04
5.959596e-03 -2.232426e+06 -3.590908e+04 -1.381905e+04 1.317959e+06 -2.408511e+04 -8.586092e+05 1.095683e+06 -9.605397e+03 -1.654587e+04 -1.318790e+06 1.719443e+06 -2.421712e+04 -1.094815e+06 -1.230639e+04 -1.655526e+04 6.603951e+05 -1.815885e+04 -1.502707e+06 1.959240e+06 -2.795403e+04 1.248456e+06 1.334504e+04 1.989610e+04 -7.530591e+05 1.959193e+06 3.115423e+04 1.266265e+04 -1.156653e+06 -2.010441e+04 -7.529564e+05 9.608427e+05 -8.952537e+03
6.161616e-03 -1.169089e+06 -2.521905e+04 -5.549840e+03 7.116873e+05 -2.116038e+04 -4.502422e+05 5.441078e+05 -3.276927e+03 -7.678541e+03 -7.121379e+05 9.004603e+05 -1.703436e+04 -5.436314e+05 -5.383639e+03 -1.448288e+04 3.462919e+05 -7.888836e+03 -8.114478e+05 1.026038e+06 -1.986149e+04 6.199630e+05 5.287381e+03 1.775479e+04 -3.949000e+05 1.026003e+06 2.168058e+04 5.533406e+03 -6.245862e+05 -1.731787e+04 -3.948211e+05 4.771151e+05 -3.528577e+03
6.363636e-03 1.157368e+06 -1.997661e+04 4.182484e+03 -5.696951e+05 -1.939969e+04 4.464717e+05 -7.091793e+05 1.753940e+03 2.359029e+03 5.701791e+05 -8.914437e+05 -1.368155e+04 7.087143e+05 -4.907503e+01 -1.307451e+04 -3.433607e+05 3.834593e+03 6.496745e+05 -1.015727e+06 -1.619982e+04 -8.080746e+05 -1.078002e+03 1.653519e+04 3.915035e+05 -1.015754e+06 1.692092e+04 -2.787463e+03 4.999867e+05 -1.538775e+04 3.915705e+05 -6.219796e+05 6.661365e+02
6.565657e-03 2.810056e+07 -4.349395e+04 5.698664e+04 -1.525415e+07 2.527432e+03 1.085482e+07 -1.540695e+07 -3.062380e+03 5.507546e+04 1.526613e+07 -2.164434e+07 -3.230413e+04 1.539499e+07 -4.950321e+03 4.469941e+03 -8.347816e+06 6.474587e+04 1.739459e+07 -2.466208e+07 -3.788494e+04 -1.755505e+07 3.676838e+03 -2.312617e+03 9.519101e+06 -2.466208e+07 3.709412e+04 -4.847953e+04 1.338760e+07 4.998729e+03 9.519181e+06 -1.351121e+07 -4.199011e+03
6.767677e-03 7.874526e+08 -2.784030e+05 3.480725e+05 -4.331843e+08 2.471162e+06 3.046217e+08 -4.262037e+08 -1.375102e+06 4.505903e+05 4.335170e+08 -6.065186e+08 -2.694930e+05 4.258722e+08 -1.273909e+06 1.759152e+06 -2.342659e+08 3.949794e+05 4.939558e+08 -6.910765e+08 -2.418960e+05 -4.856412e+08 1.569630e+06 -2.169611e+06 2.671440e+08 -6.911025e+08 3.095568e+05 -3.967015e+05 3.801813e+08 2.003586e+06 2.671311e+08 -3.737498e+08 -1.115938e+06
6.969697e-03 4.435051e+06 -1.720758e+04 -4.898297e+03 -2.413252e+06 7.420585e+03 1.718442e+06 -2.447723e+06 -1.510756e+04 -5.368191e+03 2.415287e+06 -3.416204e+06 -1.217099e+04 2.445690e+06 -1.557122e+04 5.522714e+03 -1.321439e+06 -6.738947e+03 2.751989e+06 -3.892434e+06 -1.351422e+04 -2.788947e+06 1.837100e+04 -7.154776e+03 1.506914e+06 -3.892434e+06 1.545595e+04 3.819606e+03 2.117995e+06 5.650990e+03 1.506933e+06 -2.146464e+06 -1.277564e+04
7.171717e-03 -5.466895e+05 -1.774049e+04 1.474493e+03 3.519945e+05 -2.063587e+04 -2.120915e+05 2.300464e+05 2.715995e+03 -3.526579e+02 -3.522459e+05 4.211018e+05 -1.198810e+04 -2.297864e+05 9.159899e+02 -1.407898e+04 1.630992e+05 7.430842e+02 -4.013552e+05 4.798168e+05 -1.429731e+04 2.621034e+05 -2.172777e+03 1.758471e+04 -1.860193e+05 4.797908e+05 1.493137e+04 -4.121636e+02 -3.089243e+05 -1.656768e+04 -1.859578e+05 2.016813e+05 1.514204e+03
7.373737e-03 -8.530402e+06 -4.166991e+04 3.717639e+04 4.902427e+06 -1.149591e+05 -3.315533e+06 4.421824e+06 5.795137e+04 2.970194e+04 -4.906555e+06 6.570920e+06 -2.728073e+04 -4.417670e+06 5.059584e+04 -7.909903e+04 2.549412e+06 4.155886e+04 -5.590498e+06 7.486870e+06 -3.547821e+04 5.038141e+06 -6.529746e+04 1.004405e+05 -2.907471e+06 7.486785e+06 3.217349e+04 -2.668409e+04 -4.302662e+06 -9.057918e+04 -2.907219e+06 3.877254e+06 4.497432e+04
7.575758e-03 2.326695e+06 -1.659446e+03 -1.420881e+04 -1.314461e+06 2.316480e+04 9.058743e+05 -1.251306e+06 -2.012573e+04 -1.318649e+04 1.315632e+06 -1.792284e+06 -1.419808e+03 1.250133e+06 -1.912115e+04 1.602461e+04 -6.965117e+05 -1.689171e+04 1.499008e+06 -2.042091e+06 -5.303364e+02 -1.425703e+06 2.364307e+04 -2.073738e+04 7.943410e+05 -2.042072e+06 2.544686e+03 1.103228e+04 1.153662e+06 1.785210e+04 7.943101e+05 -1.097213e+06 -1.623508e+04
7.777778e-03 -6.957350e+05 -1.476129e+04 5.009205e+03 4.288598e+05 -2.205685e+04 -2.712521e+05 3.202570e+05 6.768299e+03 3.225867e+03 -4.292164e+05 5.359365e+05 -9.932027e+03 -3.198989e+05 5.016390e+03 -1.506871e+04 2.085677e+05 5.077069e+03 -4.890417e+05 6.106420e+05 -1.212238e+04 3.648807e+05 -7.098188e+03 1.898970e+04 -2.378814e+05 6.106188e+05 1.214874e+04 -3.316730e+03 -3.763960e+05 -1.753772e+04 -2.378249e+05 2.807757e+05 4.875902e+03
7.979798e-03 2.615641e+07 1.761227e+05 -2.431471e+05 -1.538312e+07 5.226244e+05 1.021739e+07 -1.338777e+07 -3.133245e+05 -2.092936e+05 1.539711e+07 -2.014937e+07 1.159600e+05 1.337379e+07 -2.801103e+05 3.584638e+05 -7.855491e+06 -2.776002e+05 1.754298e+07 -2.295754e+07 1.551803e+05 -1.525321e+07 3.578801e+05 -4.590496e+05 8.959433e+06 -2.295695e+07 -1.314993e+05 1.832558e+05 1.350145e+07 4.080708e+05 8.958446e+06 -1.173820e+07 -2.451903e+05
8.181818e-03 1.424707e+06 3.279781e+03 -1.598025e+04 -8.303222e+05 2.491543e+04 5.575361e+05 -7.523476e+05 -1.995552e+04 -1.461529e+04 8.311026e+05 -1.097527e+06 2.020015e+03 7.515687e+05 -1.861789e+04 1.712142e+04 -4.286311e+05 -1.873434e+04 9.469236e+05 -1.250471e+06 3.552600e+03 -8.571808e+05 2.327575e+04 -2.218636e+04 4.888739e+05 -1.250453e+06 -1.626475e+03 1.242161e+04 7.287637e+05 1.918929e+04 4.888336e+05 -6.596526e+05 -1.592702e+04
8.383838e-03 8.981778e+05 7.943276e+02 -1.174556e+04 -5.245343e+05 1.591528e+04 3.521242e+05 -4.796055e+05 -1.434010e+04 -1.093590e+04 5.250400e+05 -6.919269e+05 4.027437e+02 4.791014e+05 -1.354756e+04 1.093994e+04 -2.706985e+05 -1.387147e+04 5.982041e+05 -7.883414e+05 1.319919e+03 -5.464309e+05 1.683426e+04 -1.426825e+04 3.087508e+05 -7.883307e+05 1.645944e+02 9.221552e+03 4.603812e+05 1.216515e+04 3.087275e+05 -4.205108e+05 -1.150989e+04
8.585859e-03 6.483359e+05 -1.370451e+02 -9.706771e+03 -3.799900e+05 1.181253e+04 2.546441e+05 -3.494531e+05 -1.164409e+04 -9.140669e+03 3.803649e+05 -4.994665e+05 -1.961568e+02 3.490800e+05 -1.109060e+04 8.120679e+03 -1.957505e+05 -1.151647e+04 4.333653e+05 -5.690575e+05 4.586173e+02 -3.981413e+05 1.372794e+04 -1.065162e+04 2.232724e+05 -5.690503e+05 8.029482e+02 7.670625e+03 3.335181e+05 8.968683e+03 2.232565e+05 -3.063923e+05 -9.379876e+03
8.787879e-03 4.985321e+05 -5.813737e+02 -8.427886e+03 -2.934847e+05 9.384631e+03 1.961739e+05 -2.710827e+05 -9.968058e+03 -8.000913e+03 2.937805e+05 -3.840679e+05 -4.775527e+02 2.707886e+05 -9.551097e+03 6.451880e+03 -1.507960e+05 -1.003188e+04 3.347137e+05 -4.375760e+05 3.107142e+01 -3.088497e+05 1.178935e+04 -8.507364e+03 1.720014e+05 -4.375707e+05 1.085898e+03 6.691444e+03 2.575943e+05 7.080627e+03 1.719897e+05 -2.376767e+05 -8.050858e+03
8.989899e-03 3.984931e+05 -8.130599e+02 -7.523179e+03 -2.357649e+05 7.762622e+03 1.571080e+05 -2.185558e+05 -8.795468e+03 -7.186123e+03 2.360073e+05 -3.070043e+05 -6.211190e+02 2.183149e+05 -8.466713e+03 5.336850e+03 -1.207607e+05 -8.977273e+03 2.688889e+05 -3.497724e+05 -2.047329e+02 -2.490031e+05 1.042850e+04 -7.072304e+03 1.377458e+05 -3.497683e+05 1.216950e+03 5.994668e+03 2.069347e+05 5.821639e+03 1.377368e+05 -1.916209e+05 -7.118155e+03
9.191919e-03 3.272441e+05 -9.363404e+02 -6.837179e+03 -1.946632e+05 6.597982e+03 1.292687e+05 -1.810187e+05 -7.916513e+03 -6.562686e+03 1.948672e+05 -2.521183e+05 -6.948804e+02 1.808163e+05 -7.649110e+03 4.536184e+03 -9.935720e+04 -8.174798e+03 2.220153e+05 -2.872374e+05 -3.412252e+02 -2.062353e+05 9.405423e+03 -6.040179e+03 1.133347e+05 -2.872342e+05 1.272651e+03 5.463567e+03 1.708605e+05 4.919320e+03 1.133276e+05 -1.587085e+05 -6.417147e+03
9.393939e-03 2.742265e+05 -9.992079e+02 -6.292920e+03 -1.640692e+05 5.720186e+03 1.085399e+05 -1.529951e+05 -7.226930e+03 -6.064185e+03 1.642442e+05 -2.112764e+05 -7.300431e+02 1.528215e+05 -7.004382e+03 3.932708e+03 -8.342070e+04 -7.536235e+03 1.871248e+05 -2.407039e+05 -4.212631e+02 -1.743067e+05 8.600695e+03 -5.261042e+03 9.515861e+04 -2.407013e+05 1.287817e+03 5.040258e+03 1.440085e+05 4.240441e+03 9.515286e+04 -1.341376e+05 -5.865894e+03
9.595960e-03 2.334824e+05 -1.026493e+03 -5.847111e+03 -1.405413e+05 5.034896e+03 9.259905e+04 -1.313884e+05 -6.668026e+03 -5.653084e+03 1.406938e+05 -1.798891e+05 -7.426881e+02 1.312373e+05 -6.479489e+03 3.461586e+03 -7.116547e+04 -7.011852e+03 1.602925e+05 -2.049426e+05 -4.672149e+02 -1.496894e+05 7.946980e+03 -4.651884e+03 8.118105e+04 -2.049405e+05 1.280190e+03 4.692111e+03 1.233584e+05 3.711344e+03 8.117631e+04 -1.151932e+05 -5.418194e+03
9.797980e-03 2.013781e+05 -1.032089e+03 -5.473167e+03 -1.219839e+05 4.485340e+03 8.002973e+04 -1.143073e+05 -6.203812e+03 -5.306214e+03 1.221183e+05 -1.551574e+05 -7.417726e+02 1.141741e+05 -6.041792e+03 3.083792e+03 -6.150242e+04 -6.571040e+03 1.391286e+05 -1.767646e+05 -4.917287e+02 -1.302282e+05 7.402918e+03 -4.162710e+03 7.015988e+04 -1.767628e+05 1.259519e+03 4.399036e+03 1.070707e+05 3.287727e+03 7.015592e+04 -1.002167e+05 -5.045671e+03
1.000000e-02 1.755686e+05 -1.024213e+03 -5.153682e+03 -1.070459e+05 4.035168e+03 6.991757e+04 -1.005289e+05 -5.810794e+03 -5.008322e+03 1.071657e+05 -1.352746e+05 -7.325684e+02 1.004102e+05 -5.669916e+03 2.774334e+03 -5.372854e+04 -6.193711e+03 1.220923e+05 -1.541114e+05 -5.023808e+02 -1.145300e+05 6.941470e+03 -3.761485e+03 6.129332e+04 -1.541099e+05 1.231446e+03 4.147844e+03 9.395967e+04 2.941251e+03 6.128997e+04 -8.813617e+04 -4.729773e+03
