-1.000000e-02 -2.180815e+05 9.970296e+02 6.823665e+03 -1.709096e+05 3.404963e+03 -1.582022e+05 -1.671681e+05 7.168017e+03 6.601540e+03 1.709778e+05 1.679647e+05 6.556967e+02 1.671020e+05 6.948182e+03 2.329487e+03 1.217413e+05 8.151096e+03 1.948235e+05 1.913895e+05 1.255640e+03 -1.904834e+05 -8.543466e+03 -3.292186e+03 -1.387801e+05 1.913907e+05 -3.663613e+02 -5.504198e+03 1.499918e+05 2.350474e+03 -1.387802e+05 -1.466496e+05 5.808668e+03
-9.797980e-03 -2.612958e+05 1.290584e+03 7.463486e+03 -2.037375e+05 3.995989e+03 -1.894297e+05 -1.991150e+05 7.862571e+03 7.195810e+03 2.038175e+05 2.012460e+05 8.518968e+02 1.990375e+05 7.597524e+03 2.733676e+03 1.457738e+05 8.900523e+03 2.322442e+05 2.293133e+05 1.533100e+03 -2.268868e+05 -9.355476e+03 -3.824794e+03 -1.661748e+05 2.293147e+05 -5.700686e+02 -6.010040e+03 1.788010e+05 2.797115e+03 -1.661749e+05 -1.746754e+05 6.362697e+03
-9.595960e-03 -3.197334e+05 1.707638e+03 8.276472e+03 -2.480959e+05 4.794610e+03 -2.316489e+05 -2.422458e+05 8.748600e+03 7.946173e+03 2.481915e+05 2.462514e+05 1.130928e+03 2.421530e+05 8.421387e+03 3.279790e+03 1.782654e+05 9.850113e+03 2.828083e+05 2.805968e+05 1.921833e+03 -2.760344e+05 -1.038857e+04 -4.541638e+03 -2.032123e+05 2.805984e+05 -8.652643e+02 -6.650678e+03 2.177290e+05 3.403426e+03 -2.032122e+05 -2.125126e+05 7.067652e+03
-9.393939e-03 -4.023640e+05 2.330661e+03 9.357400e+03 -3.107848e+05 5.929183e+03 -2.913347e+05 -3.031367e+05 9.931524e+03 8.936538e+03 3.109023e+05 3.098886e+05 1.548192e+03 3.030225e+05 9.514397e+03 4.055544e+03 2.241996e+05 1.110853e+04 3.542672e+05 3.531115e+05 2.494877e+03 -3.454198e+05 -1.176359e+04 -5.555844e+03 -2.555730e+05 3.531133e+05 -1.314410e+03 -7.499239e+03 2.727434e+05 4.268873e+03 -2.555726e+05 -2.659302e+05 8.006040e+03
-9.191919e-03 -5.270788e+05 3.333141e+03 1.089710e+04 -4.053777e+05 7.664728e+03 -3.814030e+05 -3.948949e+05 1.162343e+04 1.033513e+04 4.055281e+05 4.059364e+05 2.220300e+03 3.947486e+05 1.106619e+04 5.242006e+03 2.935164e+05 1.289411e+04 4.620933e+05 4.625579e+05 3.405361e+03 -4.499786e+05 -1.372316e+04 -7.100643e+03 -3.345873e+05 4.625601e+05 -2.049498e+03 -8.702663e+03 3.557560e+05 5.599129e+03 -3.345865e+05 -3.464267e+05 9.343535e+03
-8.989899e-03 -7.368612e+05 5.159372e+03 1.336625e+04 -5.645170e+05 1.066819e+04 -5.328858e+05 -5.489816e+05 1.434625e+04 1.255535e+04 5.647221e+05 5.674978e+05 3.446051e+03 5.487819e+05 1.354180e+04 7.294733e+03 4.100984e+05 1.574445e+04 6.434951e+05 6.466574e+05 5.044343e+03 -6.255613e+05 -1.686349e+04 -9.762240e+03 -4.674793e+05 6.466602e+05 -3.409836e+03 -1.062278e+04 4.954128e+05 7.912394e+03 -4.674776e+05 -4.816022e+05 1.148716e+04
-8.787879e-03 -1.182530e+06 9.495683e+03 1.850062e+04 -9.028869e+05 1.743077e+04 -8.546828e+05 -8.756541e+05 2.001703e+04 1.711754e+04 9.032079e+05 9.107243e+05 6.360213e+03 8.753413e+05 1.864432e+04 1.191478e+04 6.577555e+05 2.163921e+04 1.029200e+06 1.037765e+06 8.893045e+03 -9.978066e+05 -2.337153e+04 -1.572815e+04 -7.497839e+05 1.037769e+06 -6.687091e+03 -1.459245e+04 7.923582e+05 1.314572e+04 -7.497803e+05 -7.681820e+05 1.592963e+04
-8.585859e-03 -1.853227e+07 2.301820e+05 2.422837e+05 -1.412783e+07 3.380560e+05 -1.338646e+07 -1.353309e+07 2.650870e+05 2.129672e+05 1.413277e+07 1.427251e+07 1.549798e+05 1.352830e+07 2.359770e+05 2.307308e+05 1.030225e+07 2.766944e+05 1.610426e+07 1.626350e+07 2.025502e+05 -1.542097e+07 -3.027799e+05 -2.971401e+05 -1.174357e+07 1.626354e+07 -1.760430e+05 -1.864239e+05 1.239829e+07 2.624482e+05 -1.174350e+07 -1.187213e+07 2.065482e+05
-8.383838e-03 -5.743561e+06 5.086984e+04 6.257975e+04 -4.360357e+06 8.067562e+04 -4.146486e+06 -4.219602e+06 6.943819e+04 5.581133e+04 4.361838e+06 4.423323e+06 3.416019e+04 4.218150e+06 6.271499e+04 5.514227e+04 3.191167e+06 7.199031e+04 4.970334e+06 5.040396e+06 4.531446e+04 -4.808262e+06 -7.982828e+04 -7.131766e+04 -3.637611e+06 5.040404e+06 -3.825118e+04 -4.845463e+04 3.826538e+06 6.231621e+04 -3.637589e+06 -3.701736e+06 5.449789e+04
-8.181818e-03 -3.827633e+06 2.034822e+04 3.326519e+04 -2.892252e+06 3.764139e+04 -2.761816e+06 -2.828980e+06 3.769536e+04 3.029175e+04 2.893207e+06 2.947769e+06 1.357789e+04 2.828034e+06 3.474075e+04 2.579458e+04 2.125531e+06 3.867594e+04 3.296841e+06 3.359014e+06 1.863046e+04 -3.223654e+06 -4.373405e+04 -3.361643e+04 -2.422881e+06 3.359016e+06 -1.469767e+04 -2.599023e+04 2.538153e+06 2.880987e+04 -2.422871e+06 -2.481797e+06 2.988812e+04
-7.979798e-03 -3.335144e+06 6.693664e+03 2.153058e+04 -2.507279e+06 1.936021e+04 -2.405182e+06 -2.478579e+06 2.526592e+04 2.020232e+04 2.508086e+06 2.568466e+06 4.347893e+03 2.477775e+06 2.394566e+04 1.334379e+04 1.851077e+06 2.542832e+04 2.858005e+06 2.926809e+06 6.779190e+03 -2.824380e+06 -2.968938e+04 -1.766328e+04 -2.110021e+06 2.926808e+06 -4.048888e+03 -1.704049e+04 2.200302e+06 1.453223e+04 -2.110016e+06 -2.174411e+06 2.032276e+04
-7.777778e-03 -3.618255e+06 -2.663764e+03 1.517853e+04 -2.706041e+06 8.265024e+03 -2.607981e+06 -2.700551e+06 1.909165e+04 1.490129e+04 2.706890e+06 2.786472e+06 -2.012913e+03 2.699702e+06 1.881612e+04 5.816983e+03 2.007175e+06 1.837762e+04 3.084559e+06 3.175244e+06 -1.236432e+03 -3.077334e+06 -2.283821e+04 -8.063266e+03 -2.287942e+06 3.175242e+06 3.395233e+03 -1.224405e+04 2.374718e+06 5.818609e+03 -2.287942e+06 -2.369157e+06 1.567893e+04
-7.575758e-03 -5.439774e+06 -1.283074e+04 1.050093e+04 -4.050251e+06 -9.806200e+02 -3.918873e+06 -4.068363e+06 1.616737e+04 1.121797e+04 4.051490e+06 4.189217e+06 -9.006292e+03 4.067123e+06 1.688089e+04 -3.740771e+02 3.016108e+06 1.338664e+04 4.616778e+06 4.773721e+06 -9.805134e+03 -4.636001e+06 -1.984278e+04 -1.986059e+02 -3.437982e+06 4.773718e+06 1.171759e+04 -8.750455e+03 3.554331e+06 -1.485126e+03 -3.437989e+06 -3.569140e+06 1.372113e+04
-7.373737e-03 -4.137059e+07 -5.554029e+04 -1.072757e+04 -3.076944e+07 -3.115912e+03 -2.978860e+07 -3.085148e+07 3.065138e+04 -7.720283e+03 3.077857e+07 3.185960e+07 -3.983703e+04 3.084235e+07 3.364453e+04 -5.824765e+00 2.292668e+07 -9.451483e+03 3.507311e+07 3.630497e+07 -4.587774e+04 -3.515618e+07 -3.769939e+04 6.737410e+02 -2.613337e+07 3.630495e+07 4.825722e+04 8.910375e+03 2.700186e+07 -2.066689e+03 -2.613340e+07 -2.706586e+07 2.739125e+04
-7.171717e-03 4.978786e+06 -3.645152e+04 1.054490e+04 3.744425e+06 -3.785473e+04 3.583136e+06 3.650490e+06 5.783705e+03 1.434541e+04 -3.745487e+06 -3.834149e+06 -2.452133e+04 -3.649422e+06 9.567711e+03 -2.595732e+04 -2.757783e+06 1.487205e+04 -4.268108e+06 -4.369142e+06 -2.903302e+04 4.159857e+06 -9.437068e+03 3.110856e+04 3.143502e+06 -4.369143e+06 3.089762e+04 -1.038963e+04 -3.285928e+06 -3.168958e+04 3.143471e+06 3.202557e+06 6.204480e+03
-6.969697e-03 2.142997e+06 -2.968029e+04 8.836859e+03 1.623813e+06 -2.802076e+04 1.541510e+06 1.548213e+06 6.881229e+03 1.178549e+04 -1.624251e+06 -1.650305e+06 -2.006612e+04 -1.547766e+06 9.818197e+03 -1.913595e+04 -1.186450e+06 1.240396e+04 -1.850896e+06 -1.880586e+06 -2.362098e+04 1.764246e+06 -1.016931e+04 2.287579e+04 1.352389e+06 -1.880583e+06 2.529078e+04 -8.544945e+03 -1.424974e+06 -2.351947e+04 1.352364e+06 1.358241e+06 6.823510e+03
-6.767677e-03 1.322787e+06 -2.581214e+04 8.195423e+03 1.008416e+06 -2.329818e+04 9.510503e+05 9.419265e+05 7.045883e+03 1.070240e+04 -1.008675e+06 -1.018662e+06 -1.748063e+04 -9.416575e+05 9.543914e+03 -1.588809e+04 -7.320037e+05 1.139283e+04 -1.149428e+06 -1.160808e+06 -2.050856e+04 1.073362e+06 -1.007855e+04 1.894782e+04 8.343800e+05 -1.160805e+06 2.206249e+04 -7.810252e+03 -8.849303e+05 -1.960215e+04 8.343580e+05 8.263487e+05 6.797181e+03
-6.565657e-03 9.504630e+05 -2.332948e+04 7.895074e+03 7.283373e+05 -2.038721e+04 6.830330e+05 6.671893e+05 7.110125e+03 1.012407e+04 -7.285141e+05 -7.319350e+05 -1.581361e+04 -6.670008e+05 9.332026e+03 -1.389305e+04 -5.257247e+05 1.087551e+04 -8.301760e+05 -8.340746e+05 -1.850377e+04 7.602897e+05 -9.977942e+03 1.653115e+04 5.992490e+05 -8.340700e+05 1.998902e+04 -7.437556e+03 -6.391458e+05 -1.719091e+04 5.992281e+05 5.853234e+05 6.745082e+03
-6.363636e-03 7.206348e+05 -2.130813e+04 7.533198e+03 5.549684e+05 -1.815168e+04 5.176290e+05 4.979177e+05 6.969291e+03 9.542692e+03 -5.550952e+05 -5.549453e+05 -1.445238e+04 -4.977779e+05 8.973158e+03 -1.236396e+04 -3.984213e+05 1.031321e+04 -6.325594e+05 -6.323890e+05 -1.687862e+04 5.673983e+05 -9.668515e+03 1.468802e+04 4.541401e+05 -6.323838e+05 1.828917e+04 -7.042829e+03 -4.870055e+05 -1.532984e+04 4.541199e+05 4.368220e+05 6.544842e+03
-6.161616e-03 2.282511e+05 -1.366414e+04 3.124017e+03 1.791840e+05 -1.208352e+04 1.638604e+05 1.405453e+05 2.964653e+03 4.437064e+03 -1.792199e+05 -1.757721e+05 -9.278177e+03 -1.404995e+05 4.274555e+03 -8.220984e+03 -1.261299e+05 4.570505e+03 -2.042305e+05 -2.003018e+05 -1.092700e+04 1.601556e+05 -4.387867e+03 9.890787e+03 1.437695e+05 -2.002981e+05 1.163665e+04 -3.115524e+03 -1.572402e+05 -1.008102e+04 1.437551e+05 1.232954e+05 2.973772e+03
-5.959596e-03 -1.430815e+06 2.115523e+04 -1.939330e+04 -1.100233e+06 1.266341e+04 -1.026927e+06 -1.048813e+06 -1.833406e+04 -2.108554e+04 1.100468e+06 1.101820e+06 1.432887e+04 1.048562e+06 -2.002259e+04 8.657871e+03 7.904328e+05 -2.445482e+04 1.254051e+06 1.255591e+06 1.601781e+04 -1.195181e+06 2.324798e+04 -9.406673e+03 -9.009629e+05 1.255585e+06 -1.887529e+04 1.668973e+04 9.654888e+05 1.157161e+04 -9.009446e+05 -9.201507e+05 -1.575735e+04
-5.757576e-03 -8.138175e+05 1.180528e+04 -1.237565e+04 -6.299088e+05 6.077884e+03 -5.838591e+05 -6.019638e+05 -1.179719e+04 -1.326219e+04 6.300362e+05 6.266878e+05 7.997618e+03 6.018263e+05 -1.268203e+04 4.158678e+03 4.494039e+05 -1.549173e+04 7.179677e+05 7.141517e+05 8.837637e+03 -6.859732e+05 1.483317e+04 -4.325073e+03 -5.122441e+05 7.141479e+05 -1.063571e+04 1.056843e+04 5.527627e+05 5.747278e+03 -5.122341e+05 -5.281227e+05 -1.005919e+04
-5.555556e-03 -5.622419e+05 8.300861e+03 -9.457120e+03 -4.388153e+05 3.684445e+03 -4.032124e+05 -4.195587e+05 -9.073908e+03 -1.004520e+04 4.388988e+05 4.329569e+05 5.625310e+03 4.194676e+05 -9.661039e+03 2.522485e+03 3.103603e+05 -1.178604e+04 5.001558e+05 4.933844e+05 6.162698e+03 -4.781133e+05 1.135012e+04 -2.498432e+03 -3.537568e+05 4.933816e+05 -7.532017e+03 8.037923e+03 3.850715e+05 3.609131e+03 -3.537498e+05 -3.680959e+05 -7.700490e+03
-5.353535e-03 -4.199096e+05 6.399511e+03 -7.719253e+03 -3.310114e+05 2.432969e+03 -3.010243e+05 -3.164210e+05 -7.444995e+03 -8.147616e+03 3.310703e+05 3.233513e+05 4.338295e+03 3.163558e+05 -7.872791e+03 1.666610e+03 2.317061e+05 -9.590056e+03 3.772790e+05 3.684824e+05 4.719820e+03 -3.605825e+05 9.278348e+03 -1.554891e+03 -2.641037e+05 3.684802e+05 -5.839761e+03 6.538750e+03 2.904700e+05 2.479183e+03 -2.640984e+05 -2.776114e+05 -6.297171e+03
-5.151515e-03 -3.280392e+05 5.199688e+03 -6.525426e+03 -2.616357e+05 1.674257e+03 -2.350781e+05 -2.499633e+05 -6.320197e+03 -6.854425e+03 2.616789e+05 2.526050e+05 3.526118e+03 2.499145e+05 -6.648852e+03 1.147580e+03 1.809471e+05 -8.087566e+03 2.982035e+05 2.878628e+05 3.814407e+03 -2.848503e+05 7.854534e+03 -9.903833e+02 -2.062467e+05 2.878610e+05 -4.766759e+03 5.513324e+03 2.295905e+05 1.786457e+03 -2.062425e+05 -2.193068e+05 -5.332471e+03
-4.949495e-03 -2.641145e+05 4.374996e+03 -5.637878e+03 -2.135306e+05 1.174126e+03 -1.892017e+05 -2.038474e+05 -5.479649e+03 -5.899519e+03 2.135632e+05 2.033790e+05 2.967825e+03 2.038099e+05 -5.741086e+03 8.053633e+02 1.456357e+05 -6.974329e+03 2.433727e+05 2.317667e+05 3.195422e+03 -2.322987e+05 6.794849e+03 -6.235188e+02 -1.659976e+05 2.317651e+05 -4.025835e+03 4.753776e+03 1.873768e+05 1.324484e+03 -1.659941e+05 -1.788483e+05 -4.614269e+03
-4.747475e-03 -2.173524e+05 3.775580e+03 -4.943636e+03 -1.784894e+05 8.258601e+02 -1.556501e+05 -1.702408e+05 -4.818968e+03 -5.156949e+03 1.785143e+05 1.673693e+05 2.561988e+03 1.702115e+05 -5.032169e+03 5.670157e+02 1.198107e+05 -6.106080e+03 2.034322e+05 1.907314e+05 2.747837e+03 -1.940021e+05 5.964826e+03 -3.718996e+02 -1.365614e+05 1.907300e+05 -3.484933e+03 4.161534e+03 1.566271e+05 9.988918e+02 -1.365585e+05 -1.493646e+05 -4.051553e+03
-4.545455e-03 -1.818740e+05 3.322272e+03 -4.380814e+03 -1.520420e+05 5.736705e+02 -1.302008e+05 -1.448707e+05 -4.280949e+03 -4.558005e+03 1.520612e+05 1.400489e+05 2.255032e+03 1.448473e+05 -4.458091e+03 3.943928e+02 1.002219e+05 -5.403963e+03 1.732872e+05 1.595980e+05 2.411015e+03 -1.650913e+05 5.290948e+03 -1.926109e+02 -1.142336e+05 1.595967e+05 -3.074162e+03 3.682722e+03 1.334187e+05 7.601739e+02 -1.142311e+05 -1.271067e+05 -3.594565e+03
-4.343434e-03 -1.541860e+05 2.969123e+03 -3.912137e+03 -1.315347e+05 3.855903e+02 -1.103448e+05 -1.251971e+05 -3.831091e+03 -4.061469e+03 1.315496e+05 1.187276e+05 2.015863e+03 1.251784e+05 -3.980417e+03 2.656337e+02 8.493835e+04 -4.820579e+03 1.499129e+05 1.353009e+05 2.149844e+03 -1.426720e+05 4.728980e+03 -6.116722e+01 -9.681305e+04 1.352998e+05 -2.752882e+03 3.284959e+03 1.154231e+05 5.798520e+02 -9.681085e+04 -1.098466e+05 -3.213363e+03
-4.141414e-03 -1.320800e+05 2.687592e+03 -3.513565e+03 -1.152918e+05 2.420500e+02 -9.449609e+04 -1.096145e+05 -3.447097e+03 -3.640868e+03 1.153033e+05 1.017049e+05 1.825167e+03 1.095994e+05 -3.574424e+03 1.673535e+02 7.273925e+04 -4.325425e+03 1.313991e+05 1.159023e+05 1.942566e+03 -1.249147e+05 4.250406e+03 3.735027e+01 -8.290825e+04 1.159013e+05 -2.495795e+03 2.947409e+03 1.011695e+05 4.404201e+02 -8.290631e+04 -9.617557e+04 -2.888645e+03
-3.939394e-03 -1.140928e+05 2.459009e+03 -3.168771e+03 -1.022037e+05 1.304531e+02 -8.160384e+04 -9.705947e+04 -3.113792e+03 -3.278293e+03 1.022125e+05 8.785390e+04 1.670312e+03 9.704721e+04 -3.223358e+03 9.093494e+01 6.281572e+04 -3.897823e+03 1.164812e+05 1.001180e+05 1.774982e+03 -1.106074e+05 3.835863e+03 1.124960e+02 -7.159721e+04 1.001171e+05 -2.286321e+03 2.655950e+03 8.968438e+04 3.305591e+02 -7.159550e+04 -8.516067e+04 -2.607301e+03
-3.737374e-03 -9.921748e+04 2.270655e+03 -2.866211e+03 -9.150831e+04 4.236391e+01 -7.094510e+04 -8.680089e+04 -2.820414e+03 -2.961127e+03 9.151500e+04 7.639927e+04 1.542692e+03 8.679094e+04 -2.915387e+03 3.060686e+01 5.461133e+04 -3.523181e+03 1.042906e+05 8.706457e+04 1.637443e+03 -9.891704e+04 3.471649e+03 1.706334e+02 -6.224571e+04 8.706378e+04 -2.113137e+03 2.400619e+03 8.029894e+04 2.426537e+02 -6.224420e+04 -7.616051e+04 -2.360057e+03
-3.535354e-03 -8.674009e+04 2.113575e+03 -2.597447e+03 -8.266602e+04 -2.805026e+01 -6.200715e+04 -7.832100e+04 -2.559078e+03 -2.680182e+03 8.267097e+04 6.679117e+04 1.436245e+03 7.831292e+04 -2.641879e+03 -1.762189e+01 4.773146e+04 -3.190852e+03 9.421216e+04 7.611537e+04 1.523175e+03 -8.925362e+04 3.147750e+03 2.161374e+02 -5.440394e+04 7.611465e+04 -1.968258e+03 2.174145e+03 7.253964e+04 1.714124e+02 -5.440259e+04 -6.872083e+04 -2.140129e+03
-3.333333e-03 -7.614100e+04 1.981290e+03 -2.356143e+03 -7.528513e+04 -8.493098e+01 -5.441697e+04 -7.124383e+04 -2.323846e+03 -2.428583e+03 7.528865e+04 5.862948e+04 1.346588e+03 7.123730e+04 -2.396358e+03 -5.658540e+01 4.188896e+04 -2.892855e+03 8.579944e+04 6.681444e+04 1.427287e+03 -8.118868e+04 2.856637e+03 2.520956e+02 -4.774461e+04 6.681379e+04 -1.845890e+03 1.971083e+03 6.606277e+04 1.130589e+02 -4.774339e+04 -6.251179e+04 -1.942421e+03
-3.131313e-03 -6.703371e+04 1.869006e+03 -2.137428e+03 -6.907526e+04 -1.312851e+02 -4.789707e+04 -6.529060e+04 -2.110142e+03 -2.201061e+03 6.907761e+04 5.161657e+04 1.270477e+03 6.528535e+04 -2.173850e+03 -8.834151e+01 3.687028e+04 -2.623065e+03 7.872147e+04 5.882262e+04 1.346168e+03 -7.440455e+04 2.592521e+03 2.807355e+02 -4.202428e+04 5.882203e+04 -1.741741e+03 1.787251e+03 6.061349e+04 6.483730e+01 -4.202319e+04 -5.728882e+04 -1.763009e+03
-2.929293e-03 -5.912520e+04 1.773105e+03 -1.937485e+03 -6.381727e+04 -1.693374e+02 -4.223712e+04 -6.025087e+04 -1.914367e+03 -1.993502e+03 6.381863e+04 4.552678e+04 1.205463e+03 6.024669e+04 -1.970459e+03 -1.144129e+02 3.251352e+04 -2.376689e+03 7.272844e+04 5.188276e+04 1.277101e+03 -6.866140e+04 2.350858e+03 3.036948e+02 -3.705842e+04 5.188222e+04 -1.652562e+03 1.619380e+03 5.599951e+04 2.469771e+01 -3.705744e+04 -5.286728e+04 -1.598818e+03
-2.727273e-03 -5.218943e+04 1.690813e+03 -1.753268e+03 -5.934320e+04 -2.007610e+02 -3.727490e+04 -5.596337e+04 -1.733645e+03 -1.802630e+03 5.934374e+04 4.018607e+04 1.149668e+03 5.596008e+04 -1.783079e+03 -1.359448e+02 2.869380e+04 -2.149906e+03 6.762893e+04 4.579652e+04 1.218008e+03 -6.377546e+04 2.128022e+03 3.221965e+02 -3.270471e+04 4.579603e+04 -1.575857e+03 1.464863e+03 5.207345e+04 -8.909761e+00 -3.270383e+04 -4.910569e+04 -1.447389e+03
-2.525253e-03 -4.604941e+04 1.619972e+03 -1.582308e+03 -5.552266e+04 -2.268314e+02 -3.288337e+04 -5.230285e+04 -1.565634e+03 -1.625796e+03 5.552252e+04 3.545812e+04 1.101631e+03 5.230032e+04 -1.609193e+03 -1.538104e+02 2.531336e+04 -1.939625e+03 6.327432e+04 4.040856e+04 1.167275e+03 -5.960402e+04 1.921066e+03 3.371670e+02 -2.885169e+04 4.040812e+04 -1.509683e+03 1.321592e+03 4.872087e+04 -3.717331e+01 -2.885090e+04 -4.589418e+04 -1.306727e+03
-2.323232e-03 -4.056451e+04 1.558885e+03 -1.422572e+03 -5.225329e+04 -2.485330e+02 -2.896163e+04 -4.917101e+04 -1.408406e+03 -1.460829e+03 5.225256e+04 3.123465e+04 1.060204e+03 4.916912e+04 -1.446730e+03 -1.686836e+02 2.229452e+04 -1.743304e+03 5.954792e+04 3.559550e+04 1.123636e+03 -5.603504e+04 1.727567e+03 3.493160e+02 -2.541084e+04 3.559510e+04 -1.452506e+03 1.187834e+03 4.585195e+04 -6.101476e+01 -2.541014e+04 -4.314649e+04 -1.175189e+03
-2.121212e-03 -3.562153e+04 1.506204e+03 -1.272367e+03 -4.945397e+04 -2.666329e+02 -2.542846e+04 -4.648994e+04 -1.260347e+03 -1.305923e+03 4.945276e+04 2.742849e+04 1.024474e+03 4.648859e+04 -1.293966e+03 -1.810894e+02 1.957477e+04 -1.558830e+03 5.635730e+04 3.125798e+04 1.086088e+03 -5.297975e+04 1.545502e+03 3.591929e+02 -2.231089e+04 3.125763e+04 -1.403106e+03 1.062146e+03 4.339552e+04 -8.115638e+01 -2.231027e+04 -4.079428e+04 -1.051404e+03
-1.919192e-03 -3.112812e+04 1.460848e+03 -1.130262e+03 -4.706000e+04 -2.817338e+02 -2.221761e+04 -4.419749e+04 -1.120092e+03 -1.159556e+03 4.705837e+04 2.396852e+04 9.937105e+02 4.419660e+04 -1.149444e+03 -1.914407e+02 1.710313e+04 -1.384415e+03 5.362868e+04 2.731498e+04 1.053829e+03 -5.036731e+04 1.373160e+03 3.672263e+02 -1.949374e+04 2.731466e+04 -1.360506e+03 9.433112e+02 4.129477e+04 -9.816866e+01 -1.949319e+04 -3.878301e+04 -9.342120e+02
-1.717172e-03 -2.700802e+04 1.421951e+03 -9.950340e+02 -4.501942e+04 -2.943122e+02 -1.927439e+04 -4.224376e+04 -9.864708e+02 -1.020427e+03 4.501744e+04 2.079602e+04 9.673247e+02 4.224326e+04 -1.011917e+03 -2.000635e+02 1.483747e+04 -1.218536e+03 5.130286e+04 2.369957e+04 1.026215e+03 -4.814088e+04 1.209076e+03 3.737527e+02 -1.691138e+04 2.369929e+04 -1.323917e+03 8.302909e+02 3.950415e+04 -1.125049e+02 -1.691090e+04 -3.706892e+04 -8.226206e+02
-1.515152e-03 -2.319743e+04 1.388809e+03 -8.656215e+02 -4.329046e+04 -3.047460e+02 -1.655301e+04 -4.058863e+04 -8.584655e+02 -8.874150e+02 4.328819e+04 1.786184e+04 9.448420e+02 4.058845e+04 -8.803063e+02 -2.072167e+02 1.274259e+04 -1.059872e+03 4.933222e+04 2.035575e+04 1.002727e+03 -4.625472e+04 1.051981e+03 3.790373e+02 -1.452367e+04 2.035550e+04 -1.292702e+03 7.221851e+02 3.798696e+04 -1.245267e+02 -1.452325e+04 -3.561681e+04 -7.157684e+02
-1.313131e-03 -1.964221e+04 1.360858e+03 -7.410943e+02 -4.183948e+04 -3.133359e+02 -1.401469e+04 -3.919980e+04 -7.351825e+02 -7.595355e+02 4.183696e+04 1.512433e+04 9.258791e+02 3.919989e+04 -7.536651e+02 -2.131062e+02 1.078860e+04 -9.072661e+02 4.767842e+04 1.723603e+04 9.829459e+02 -4.467203e+04 9.007572e+02 3.832896e+02 -1.229655e+04 1.723583e+04 -1.266345e+03 6.182054e+02 3.671371e+04 -1.345226e+02 -1.229619e+04 -3.439832e+04 -6.128991e+02
-1.111111e-03 -1.629584e+04 1.337642e+03 -6.206254e+02 -4.063949e+04 -3.203200e+02 -1.162604e+04 -3.805135e+04 -6.158257e+02 -6.359163e+02 4.063678e+04 1.254764e+04 9.101276e+02 3.805166e+04 -6.311519e+02 -2.178950e+02 8.949820e+03 -7.596906e+02 4.631070e+04 1.429959e+04 9.665370e+02 -4.336327e+04 7.544138e+02 3.866746e+02 -1.020075e+04 1.429941e+04 -1.244430e+03 5.176517e+02 3.566072e+04 -1.427224e+02 -1.020046e+04 -3.339074e+04 -5.133396e+02
-9.090909e-04 -1.311767e+04 1.318798e+03 -5.034694e+02 -3.966906e+04 -3.258856e+02 -9.357940e+03 -3.712269e+04 -4.996761e+02 -5.157724e+02 3.966619e+04 1.010047e+04 8.973416e+02 3.712318e+04 -5.120083e+02 -2.217114e+02 7.203829e+03 -6.162203e+02 4.520462e+04 1.151074e+04 9.532323e+02 -4.230498e+04 6.120552e+02 3.893215e+02 -8.210717e+03 1.151060e+04 -1.226627e+03 4.198936e+02 3.480915e+04 -1.493078e+02 -8.210476e+03 -3.257598e+04 -4.164831e+02
-7.070707e-04 -1.007161e+04 1.304040e+03 -3.889447e+02 -3.891139e+04 -3.301782e+02 -7.184507e+03 -3.639769e+04 -3.860755e+02 -3.983875e+02 3.890840e+04 7.755023e+03 8.873282e+02 3.639832e+04 -3.955410e+02 -2.246550e+02 5.530707e+03 -4.760098e+02 4.434104e+04 8.837819e+03 9.428222e+02 -4.147879e+04 4.728627e+02 3.913301e+02 -6.303738e+03 8.837710e+03 -1.212676e+03 3.243554e+02 3.414429e+04 -1.544200e+02 -6.303552e+03 -3.193991e+04 -3.217740e+02
-5.050505e-04 -7.125003e+03 1.293153e+03 -2.764193e+02 -3.835374e+04 -3.333072e+02 -5.082346e+03 -3.586413e+04 -2.744125e+02 -2.830976e+02 3.835066e+04 5.486167e+03 8.799404e+02 3.586486e+04 -2.811071e+02 -2.268008e+02 3.912446e+03 -3.382754e+02 4.370544e+04 6.252176e+03 9.351474e+02 -4.087074e+04 3.360759e+02 3.927750e+02 -4.459289e+03 6.252099e+03 -1.202377e+03 2.305033e+02 3.365495e+04 -1.581657e+02 -4.459157e+03 -3.147178e+04 -2.286969e+02
-3.030303e-04 -4.247733e+03 1.285979e+03 -1.652971e+02 -3.798692e+04 -3.353512e+02 -3.029869e+03 -3.551316e+04 -1.641098e+02 -1.692778e+02 3.798378e+04 3.270702e+03 8.750724e+02 3.551396e+04 -1.681003e+02 -2.282025e+02 2.332428e+03 -2.022787e+02 4.328735e+04 3.727377e+03 9.300927e+02 -4.047079e+04 2.009781e+02 3.937097e+02 -2.658431e+03 3.727331e+03 -1.195589e+03 1.378345e+02 3.333306e+04 -1.606218e+02 -2.658352e+03 -3.116387e+04 -1.367654e+02
-1.010101e-04 -1.411399e+03 1.282416e+03 -5.500710e+01 -3.780497e+04 -3.363608e+02 -1.006723e+03 -3.533909e+04 -5.461411e+01 -5.632966e+01 3.780180e+04 1.086760e+03 8.726553e+02 3.533992e+04 -5.593995e+01 -2.288949e+02 7.749874e+02 -6.731240e+01 4.307996e+04 1.238500e+03 9.275837e+02 -4.027241e+04 6.688204e+01 3.941687e+02 -8.833073e+02 1.238484e+03 -1.192217e+03 4.586732e+01 3.317340e+04 -1.618376e+02 -8.832811e+02 -3.101114e+04 -4.551340e+01
1.010101e-04 1.411399e+03 1.282416e+03 5.500710e+01 -3.780497e+04 -3.363608e+02 1.006723e+03 -3.533909e+04 5.461411e+01 5.632966e+01 3.780180e+04 -1.086760e+03 8.726553e+02 3.533992e+04 5.593995e+01 -2.288949e+02 -7.749874e+02 6.731240e+01 4.307996e+04 -1.238500e+03 9.275837e+02 -4.027241e+04 -6.688204e+01 3.941687e+02 8.833073e+02 -1.238484e+03 -1.192217e+03 -4.586732e+01 3.317340e+04 -1.618376e+02 8.832811e+02 -3.101114e+04 4.551340e+01
3.030303e-04 4.247733e+03 1.285979e+03 1.652971e+02 -3.798692e+04 -3.353512e+02 3.029869e+03 -3.551316e+04 1.641098e+02 1.692778e+02 3.798378e+04 -3.270702e+03 8.750724e+02 3.551396e+04 1.681003e+02 -2.282025e+02 -2.332428e+03 2.022787e+02 4.328735e+04 -3.727377e+03 9.300927e+02 -4.047079e+04 -2.009781e+02 3.937097e+02 2.658431e+03 -3.727331e+03 -1.195589e+03 -1.378345e+02 3.333306e+04 -1.606218e+02 2.658352e+03 -3.116387e+04 1.367654e+02
5.050505e-04 7.125003e+03 1.293153e+03 2.764193e+02 -3.835374e+04 -3.333072e+02 5.082346e+03 -3.586413e+04 2.744125e+02 2.830976e+02 3.835066e+04 -5.486167e+03 8.799404e+02 3.586486e+04 2.811071e+02 -2.268008e+02 -3.912446e+03 3.382754e+02 4.370544e+04 -6.252176e+03 9.351474e+02 -4.087074e+04 -3.360759e+02 3.927750e+02 4.459289e+03 -6.252099e+03 -1.202377e+03 -2.305033e+02 3.365495e+04 -1.581657e+02 4.459157e+03 -3.147178e+04 2.286969e+02
7.070707e-04 1.007161e+04 1.304040e+03 3.889447e+02 -3.891139e+04 -3.301782e+02 7.184507e+03 -3.639769e+04 3.860755e+02 3.983875e+02 3.890840e+04 -7.755023e+03 8.873282e+02 3.639832e+04 3.955410e+02 -2.246550e+02 -5.530707e+03 4.760098e+02 4.434104e+04 -8.837819e+03 9.428222e+02 -4.147879e+04 -4.728627e+02 3.913301e+02 6.303738e+03 -8.837710e+03 -1.212676e+03 -3.243554e+02 3.414429e+04 -1.544200e+02 6.303552e+03 -3.193991e+04 3.217740e+02
9.090909e-04 1.311767e+04 1.318798e+03 5.034694e+02 -3.966906e+04 -3.258856e+02 9.357940e+03 -3.712269e+04 4.996761e+02 5.157724e+02 3.966619e+04 -1.010047e+04 8.973416e+02 3.712318e+04 5.120083e+02 -2.217114e+02 -7.203829e+03 6.162203e+02 4.520462e+04 -1.151074e+04 9.532323e+02 -4.230498e+04 -6.120552e+02 3.893215e+02 8.210717e+03 -1.151060e+04 -1.226627e+03 -4.198936e+02 3.480915e+04 -1.493078e+02 8.210476e+03 -3.257598e+04 4.164831e+02
1.111111e-03 1.629584e+04 1.337642e+03 6.206254e+02 -4.063949e+04 -3.203200e+02 1.162604e+04 -3.805135e+04 6.158257e+02 6.359163e+02 4.063678e+04 -1.254764e+04 9.101276e+02 3.805166e+04 6.311519e+02 -2.178950e+02 -8.949820e+03 7.596906e+02 4.631070e+04 -1.429959e+04 9.665370e+02 -4.336327e+04 -7.544138e+02 3.866746e+02 1.020075e+04 -1.429941e+04 -1.244430e+03 -5.176517e+02 3.566072e+04 -1.427224e+02 1.020046e+04 -3.339074e+04 5.133396e+02
1.313131e-03 1.964221e+04 1.360858e+03 7.410943e+02 -4.183948e+04 -3.133359e+02 1.401469e+04 -3.919980e+04 7.351825e+02 7.595355e+02 4.183696e+04 -1.512433e+04 9.258791e+02 3.919989e+04 7.536651e+02 -2.131062e+02 -1.078860e+04 9.072661e+02 4.767842e+04 -1.723603e+04 9.829459e+02 -4.467203e+04 -9.007572e+02 3.832896e+02 1.229655e+04 -1.723583e+04 -1.266345e+03 -6.182054e+02 3.671371e+04 -1.345226e+02 1.229619e+04 -3.439832e+04 6.128991e+02
1.515152e-03 2.319743e+04 1.388809e+03 8.656215e+02 -4.329046e+04 -3.047460e+02 1.655301e+04 -4.058863e+04 8.584655e+02 8.874150e+02 4.328819e+04 -1.786184e+04 9.448420e+02 4.058845e+04 8.803063e+02 -2.072167e+02 -1.274259e+04 1.059872e+03 4.933222e+04 -2.035575e+04 1.002727e+03 -4.625472e+04 -1.051981e+03 3.790373e+02 1.452367e+04 -2.035550e+04 -1.292702e+03 -7.221851e+02 3.798696e+04 -1.245267e+02 1.452325e+04 -3.561681e+04 7.157684e+02
1.717172e-03 2.700802e+04 1.421951e+03 9.950340e+02 -4.501942e+04 -2.943122e+02 1.927439e+04 -4.224376e+04 9.864708e+02 1.020427e+03 4.501744e+04 -2.079602e+04 9.673247e+02 4.224326e+04 1.011917e+03 -2.000635e+02 -1.483747e+04 1.218536e+03 5.130286e+04 -2.369957e+04 1.026215e+03 -4.814088e+04 -1.209076e+03 3.737527e+02 1.691138e+04 -2.369929e+04 -1.323917e+03 -8.302909e+02 3.950415e+04 -1.125049e+02 1.691090e+04 -3.706892e+04 8.226206e+02
1.919192e-03 3.112812e+04 1.460848e+03 1.130262e+03 -4.706000e+04 -2.817338e+02 2.221761e+04 -4.419749e+04 1.120092e+03 1.159556e+03 4.705837e+04 -2.396852e+04 9.937105e+02 4.419660e+04 1.149444e+03 -1.914407e+02 -1.710313e+04 1.384415e+03 5.362868e+04 -2.731498e+04 1.053829e+03 -5.036731e+04 -1.373160e+03 3.672263e+02 1.949374e+04 -2.731466e+04 -1.360506e+03 -9.433112e+02 4.129477e+04 -9.816866e+01 1.949319e+04 -3.878301e+04 9.342120e+02
2.121212e-03 3.562153e+04 1.506204e+03 1.272367e+03 -4.945397e+04 -2.666329e+02 2.542846e+04 -4.648994e+04 1.260347e+03 1.305923e+03 4.945276e+04 -2.742849e+04 1.024474e+03 4.648859e+04 1.293966e+03 -1.810894e+02 -1.957477e+04 1.558830e+03 5.635730e+04 -3.125798e+04 1.086088e+03 -5.297975e+04 -1.545502e+03 3.591929e+02 2.231089e+04 -3.125763e+04 -1.403106e+03 -1.062146e+03 4.339552e+04 -8.115638e+01 2.231027e+04 -4.079428e+04 1.051404e+03
2.323232e-03 4.056451e+04 1.558885e+03 1.422572e+03 -5.225329e+04 -2.485330e+02 2.896163e+04 -4.917101e+04 1.408406e+03 1.460829e+03 5.225256e+04 -3.123465e+04 1.060204e+03 4.916912e+04 1.446730e+03 -1.686836e+02 -2.229452e+04 1.743304e+03 5.954792e+04 -3.559550e+04 1.123636e+03 -5.603504e+04 -1.727567e+03 3.493160e+02 2.541084e+04 -3.559510e+04 -1.452506e+03 -1.187834e+03 4.585195e+04 -6.101476e+01 2.541014e+04 -4.314649e+04 1.175189e+03
2.525253e-03 4.604941e+04 1.619972e+03 1.582308e+03 -5.552266e+04 -2.268314e+02 3.288337e+04 -5.230285e+04 1.565634e+03 1.625796e+03 5.552252e+04 -3.545812e+04 1.101631e+03 5.230032e+04 1.609193e+03 -1.538104e+02 -2.531336e+04 1.939625e+03 6.327432e+04 -4.040856e+04 1.167275e+03 -5.960402e+04 -1.921066e+03 3.371670e+02 2.885169e+04 -4.040812e+04 -1.509683e+03 -1.321592e+03 4.872087e+04 -3.717331e+01 2.885090e+04 -4.589418e+04 1.306727e+03
2.727273e-03 5.218943e+04 1.690813e+03 1.753268e+03 -5.934320e+04 -2.007610e+02 3.727490e+04 -5.596337e+04 1.733645e+03 1.802630e+03 5.934374e+04 -4.018607e+04 1.149668e+03 5.596008e+04 1.783079e+03 -1.359448e+02 -2.869380e+04 2.149906e+03 6.762893e+04 -4.579652e+04 1.218008e+03 -6.377546e+04 -2.128022e+03 3.221965e+02 3.270471e+04 -4.579603e+04 -1.575857e+03 -1.464863e+03 5.207345e+04 -8.909761e+00 3.270383e+04 -4.910569e+04 1.447389e+03
2.929293e-03 5.912520e+04 1.773105e+03 1.937485e+03 -6.381727e+04 -1.693374e+02 4.223712e+04 -6.025087e+04 1.914367e+03 1.993502e+03 6.381863e+04 -4.552678e+04 1.205463e+03 6.024669e+04 1.970459e+03 -1.144129e+02 -3.251352e+04 2.376689e+03 7.272844e+04 -5.188276e+04 1.277101e+03 -6.866140e+04 -2.350858e+03 3.036948e+02 3.705842e+04 -5.188222e+04 -1.652562e+03 -1.619380e+03 5.599951e+04 2.469771e+01 3.705744e+04 -5.286728e+04 1.598818e+03
3.131313e-03 6.703371e+04 1.869006e+03 2.137428e+03 -6.907526e+04 -1.312851e+02 4.789707e+04 -6.529060e+04 2.110142e+03 2.201061e+03 6.907761e+04 -5.161657e+04 1.270477e+03 6.528535e+04 2.173850e+03 -8.834151e+01 -3.687028e+04 2.623065e+03 7.872147e+04 -5.882262e+04 1.346168e+03 -7.440455e+04 -2.592521e+03 2.807355e+02 4.202428e+04 -5.882203e+04 -1.741741e+03 -1.787251e+03 6.061349e+04 6.483730e+01 4.202319e+04 -5.728882e+04 1.763009e+03
3.333333e-03 7.614100e+04 1.981290e+03 2.356143e+03 -7.528513e+04 -8.493098e+01 5.441697e+04 -7.124383e+04 2.323846e+03 2.428583e+03 7.528865e+04 -5.862948e+04 1.346588e+03 7.123730e+04 2.396358e+03 -5.658540e+01 -4.188896e+04 2.892855e+03 8.579944e+04 -6.681444e+04 1.427287e+03 -8.118868e+04 -2.856637e+03 2.520956e+02 4.774461e+04 -6.681379e+04 -1.845890e+03 -1.971083e+03 6.606277e+04 1.130589e+02 4.774339e+04 -6.251179e+04 1.942421e+03
3.535354e-03 8.674009e+04 2.113575e+03 2.597447e+03 -8.266602e+04 -2.805026e+01 6.200715e+04 -7.832100e+04 2.559078e+03 2.680182e+03 8.267097e+04 -6.679117e+04 1.436245e+03 7.831292e+04 2.641879e+03 -1.762189e+01 -4.773146e+04 3.190852e+03 9.421216e+04 -7.611537e+04 1.523175e+03 -8.925362e+04 -3.147750e+03 2.161374e+02 5.440394e+04 -7.611465e+04 -1.968258e+03 -2.174145e+03 7.253964e+04 1.714124e+02 5.440259e+04 -6.872083e+04 2.140129e+03
3.737374e-03 9.921748e+04 2.270655e+03 2.866211e+03 -9.150831e+04 4.236391e+01 7.094510e+04 -8.680089e+04 2.820414e+03 2.961127e+03 9.151500e+04 -7.639927e+04 1.542692e+03 8.679094e+04 2.915387e+03 3.060686e+01 -5.461133e+04 3.523181e+03 1.042906e+05 -8.706457e+04 1.637443e+03 -9.891704e+04 -3.471649e+03 1.706334e+02 6.224571e+04 -8.706378e+04 -2.113137e+03 -2.400619e+03 8.029894e+04 2.426537e+02 6.224420e+04 -7.616051e+04 2.360057e+03
3.939394e-03 1.140928e+05 2.459009e+03 3.168771e+03 -1.022037e+05 1.304531e+02 8.160384e+04 -9.705947e+04 3.113792e+03 3.278293e+03 1.022125e+05 -8.785390e+04 1.670312e+03 9.704721e+04 3.223358e+03 9.093494e+01 -6.281572e+04 3.897823e+03 1.164812e+05 -1.001180e+05 1.774982e+03 -1.106074e+05 -3.835863e+03 1.124960e+02 7.159721e+04 -1.001171e+05 -2.286321e+03 -2.655950e+03 8.968438e+04 3.305591e+02 7.159550e+04 -8.516067e+04 2.607301e+03
4.141414e-03 1.320800e+05 2.687592e+03 3.513565e+03 -1.152918e+05 2.420500e+02 9.449609e+04 -1.096145e+05 3.447097e+03 3.640868e+03 1.153033e+05 -1.017049e+05 1.825167e+03 1.095994e+05 3.574424e+03 1.673535e+02 -7.273925e+04 4.325425e+03 1.313991e+05 -1.159023e+05 1.942566e+03 -1.249147e+05 -4.250406e+03 3.735027e+01 8.290825e+04 -1.159013e+05 -2.495795e+03 -2.947409e+03 1.011695e+05 4.404201e+02 8.290631e+04 -9.617557e+04 2.888645e+03
4.343434e-03 1.541860e+05 2.969123e+03 3.912137e+03 -1.315347e+05 3.855903e+02 1.103448e+05 -1.251971e+05 3.831091e+03 4.061469e+03 1.315496e+05 -1.187276e+05 2.015863e+03 1.251784e+05 3.980417e+03 2.656337e+02 -8.493835e+04 4.820579e+03 1.499129e+05 -1.353009e+05 2.149844e+03 -1.426720e+05 -4.728980e+03 -6.116722e+01 9.681305e+04 -1.352998e+05 -2.752882e+03 -3.284959e+03 1.154231e+05 5.798520e+02 9.681085e+04 -1.098466e+05 3.213363e+03
4.545455e-03 1.818740e+05 3.322272e+03 4.380814e+03 -1.520420e+05 5.736705e+02 1.302008e+05 -1.448707e+05 4.280949e+03 4.558005e+03 1.520612e+05 -1.400489e+05 2.255032e+03 1.448473e+05 4.458091e+03 3.943928e+02 -1.002219e+05 5.403963e+03 1.732872e+05 -1.595980e+05 2.411015e+03 -1.650913e+05 -5.290948e+03 -1.926109e+02 1.142336e+05 -1.595967e+05 -3.074162e+03 -3.682722e+03 1.334187e+05 7.601739e+02 1.142311e+05 -1.271067e+05 3.594565e+03
4.747475e-03 2.173524e+05 3.775580e+03 4.943636e+03 -1.784894e+05 8.258601e+02 1.556501e+05 -1.702408e+05 4.818968e+03 5.156949e+03 1.785143e+05 -1.673693e+05 2.561988e+03 1.702115e+05 5.032169e+03 5.670157e+02 -1.198107e+05 6.106080e+03 2.034322e+05 -1.907314e+05 2.747837e+03 -1.940021e+05 -5.964826e+03 -3.718996e+02 1.365614e+05 -1.907300e+05 -3.484933e+03 -4.161534e+03 1.566271e+05 9.988918e+02 1.365585e+05 -1.493646e+05 4.051553e+03
4.949495e-03 2.641145e+05 4.374996e+03 5.637878e+03 -2.135306e+05 1.174126e+03 1.892017e+05 -2.038474e+05 5.479649e+03 5.899519e+03 2.135632e+05 -2.033790e+05 2.967825e+03 2.038099e+05 5.741086e+03 8.053633e+02 -1.456357e+05 6.974329e+03 2.433727e+05 -2.317667e+05 3.195422e+03 -2.322987e+05 -6.794849e+03 -6.235188e+02 1.659976e+05 -2.317651e+05 -4.025835e+03 -4.753776e+03 1.873768e+05 1.324484e+03 1.659941e+05 -1.788483e+05 4.614269e+03
5.151515e-03 3.280392e+05 5.199688e+03 6.525426e+03 -2.616357e+05 1.674257e+03 2.350781e+05 -2.499633e+05 6.320197e+03 6.854425e+03 2.616789e+05 -2.526050e+05 3.526118e+03 2.499145e+05 6.648852e+03 1.147580e+03 -1.809471e+05 8.087566e+03 2.982035e+05 -2.878628e+05 3.814407e+03 -2.848503e+05 -7.854534e+03 -9.903833e+02 2.062467e+05 -2.878610e+05 -4.766759e+03 -5.513324e+03 2.295905e+05 1.786457e+03 2.062425e+05 -2.193068e+05 5.332471e+03
5.353535e-03 4.199096e+05 6.399511e+03 7.719253e+03 -3.310114e+05 2.432969e+03 3.010243e+05 -3.164210e+05 7.444995e+03 8.147616e+03 3.310703e+05 -3.233513e+05 4.338295e+03 3.163558e+05 7.872791e+03 1.666610e+03 -2.317061e+05 9.590056e+03 3.772790e+05 -3.684824e+05 4.719820e+03 -3.605825e+05 -9.278348e+03 -1.554891e+03 2.641037e+05 -3.684802e+05 -5.839761e+03 -6.538750e+03 2.904700e+05 2.479183e+03 2.640984e+05 -2.776114e+05 6.297171e+03
5.555556e-03 5.622419e+05 8.300861e+03 9.457120e+03 -4.388153e+05 3.684445e+03 4.032124e+05 -4.195587e+05 9.073908e+03 1.004520e+04 4.388988e+05 -4.329569e+05 5.625310e+03 4.194676e+05 9.661039e+03 2.522485e+03 -3.103603e+05 1.178604e+04 5.001558e+05 -4.933844e+05 6.162698e+03 -4.781133e+05 -1.135012e+04 -2.498432e+03 3.537568e+05 -4.933816e+05 -7.532017e+03 -8.037923e+03 3.850715e+05 3.609131e+03 3.537498e+05 -3.680959e+05 7.700490e+03
5.757576e-03 8.138175e+05 1.180528e+04 1.237565e+04 -6.299088e+05 6.077884e+03 5.838591e+05 -6.019638e+05 1.179719e+04 1.326219e+04 6.300362e+05 -6.266878e+05 7.997618e+03 6.018263e+05 1.268203e+04 4.158678e+03 -4.494039e+05 1.549173e+04 7.179677e+05 -7.141517e+05 8.837637e+03 -6.859732e+05 -1.483317e+04 -4.325073e+03 5.122441e+05 -7.141479e+05 -1.063571e+04 -1.056843e+04 5.527627e+05 5.747278e+03 5.122341e+05 -5.281227e+05 1.005919e+04
5.959596e-03 1.430815e+06 2.115523e+04 1.939330e+04 -1.100233e+06 1.266341e+04 1.026927e+06 -1.048813e+06 1.833406e+04 2.108554e+04 1.100468e+06 -1.101820e+06 1.432887e+04 1.048562e+06 2.002259e+04 8.657871e+03 -7.904328e+05 2.445482e+04 1.254051e+06 -1.255591e+06 1.601781e+04 -1.195181e+06 -2.324798e+04 -9.406673e+03 9.009629e+05 -1.255585e+06 -1.887529e+04 -1.668973e+04 9.654888e+05 1.157161e+04 9.009446e+05 -9.201507e+05 1.575735e+04
6.161616e-03 -2.282511e+05 -1.366414e+04 -3.124017e+03 1.791840e+05 -1.208352e+04 -1.638604e+05 1.405453e+05 -2.964653e+03 -4.437064e+03 -1.792199e+05 1.757721e+05 -9.278177e+03 -1.404995e+05 -4.274555e+03 -8.220984e+03 1.261299e+05 -4.570505e+03 -2.042305e+05 2.003018e+05 -1.092700e+04 1.601556e+05 4.387867e+03 9.890787e+03 -1.437695e+05 2.002981e+05 1.163665e+04 3.115524e+03 -1.572402e+05 -1.008102e+04 -1.437551e+05 1.232954e+05 -2.973772e+03
6.363636e-03 -7.206348e+05 -2.130813e+04 -7.533198e+03 5.549684e+05 -1.815168e+04 -5.176290e+05 4.979177e+05 -6.969291e+03 -9.542692e+03 -5.550952e+05 5.549453e+05 -1.445238e+04 -4.977779e+05 -8.973158e+03 -1.236396e+04 3.984213e+05 -1.031321e+04 -6.325594e+05 6.323890e+05 -1.687862e+04 5.673983e+05 9.668515e+03 1.468802e+04 -4.541401e+05 6.323838e+05 1.828917e+04 7.042829e+03 -4.870055e+05 -1.532984e+04 -4.541199e+05 4.368220e+05 -6.544842e+03
6.565657e-03 -9.504630e+05 -2.332948e+04 -7.895074e+03 7.283373e+05 -2.038721e+04 -6.830330e+05 6.671893e+05 -7.110125e+03 -1.012407e+04 -7.285141e+05 7.319350e+05 -1.581361e+04 -6.670008e+05 -9.332026e+03 -1.389305e+04 5.257247e+05 -1.087551e+04 -8.301760e+05 8.340746e+05 -1.850377e+04 7.602897e+05 9.977942e+03 1.653115e+04 -5.992490e+05 8.340700e+05 1.998902e+04 7.437556e+03 -6.391458e+05 -1.719091e+04 -5.992281e+05 5.853234e+05 -6.745082e+03
6.767677e-03 -1.322787e+06 -2.581214e+04 -8.195423e+03 1.008416e+06 -2.329818e+04 -9.510503e+05 9.419265e+05 -7.045883e+03 -1.070240e+04 -1.008675e+06 1.018662e+06 -1.748063e+04 -9.416575e+05 -9.543914e+03 -1.588809e+04 7.320037e+05 -1.139283e+04 -1.149428e+06 1.160808e+06 -2.050856e+04 1.073362e+06 1.007855e+04 1.894782e+04 -8.343800e+05 1.160805e+06 2.206249e+04 7.810252e+03 -8.849303e+05 -1.960215e+04 -8.343580e+05 8.263487e+05 -6.797181e+03
6.969697e-03 -2.142997e+06 -2.968029e+04 -8.836859e+03 1.623813e+06 -2.802076e+04 -1.541510e+06 1.548213e+06 -6.881229e+03 -1.178549e+04 -1.624251e+06 1.650305e+06 -2.006612e+04 -1.547766e+06 -9.818197e+03 -1.913595e+04 1.186450e+06 -1.240396e+04 -1.850896e+06 1.880586e+06 -2.362098e+04 1.764246e+06 1.016931e+04 2.287579e+04 -1.352389e+06 1.880583e+06 2.529078e+04 8.544945e+03 -1.424974e+06 -2.351947e+04 -1.352364e+06 1.358241e+06 -6.823510e+03
7.171717e-03 -4.978786e+06 -3.645152e+04 -1.054490e+04 3.744425e+06 -3.785473e+04 -3.583136e+06 3.650490e+06 -5.783705e+03 -1.434541e+04 -3.745487e+06 3.834149e+06 -2.452133e+04 -3.649422e+06 -9.567711e+03 -2.595732e+04 2.757783e+06 -1.487205e+04 -4.268108e+06 4.369142e+06 -2.903302e+04 4.159857e+06 9.437068e+03 3.110856e+04 -3.143502e+06 4.369143e+06 3.089762e+04 1.038963e+04 -3.285928e+06 -3.168958e+04 -3.143471e+06 3.202557e+06 -6.204480e+03
7.373737e-03 4.137059e+07 -5.554029e+04 1.072757e+04 -3.076944e+07 -3.115912e+03 2.978860e+07 -3.085148e+07 -3.065138e+04 7.720283e+03 3.077857e+07 -3.185960e+07 -3.983703e+04 3.084235e+07 -3.364453e+04 -5.824765e+00 -2.292668e+07 9.451483e+03 3.507311e+07 -3.630497e+07 -4.587774e+04 -3.515618e+07 3.769939e+04 6.737410e+02 2.613337e+07 -3.630495e+07 4.825722e+04 -8.910375e+03 2.700186e+07 -2.066689e+03 2.613340e+07 -2.706586e+07 -2.739125e+04
7.575758e-03 5.439774e+06 -1.283074e+04 -1.050093e+04 -4.050251e+06 -9.806200e+02 3.918873e+06 -4.068363e+06 -1.616737e+04 -1.121797e+04 4.051490e+06 -4.189217e+06 -9.006292e+03 4.067123e+06 -1.688089e+04 -3.740771e+02 -3.016108e+06 -1.338664e+04 4.616778e+06 -4.773721e+06 -9.805134e+03 -4.636001e+06 1.984278e+04 -1.986060e+02 3.437982e+06 -4.773718e+06 1.171759e+04 8.750455e+03 3.554331e+06 -1.485126e+03 3.437989e+06 -3.569140e+06 -1.372113e+04
7.777778e-03 3.618255e+06 -2.663764e+03 -1.517853e+04 -2.706041e+06 8.265024e+03 2.607981e+06 -2.700551e+06 -1.909165e+04 -1.490129e+04 2.706890e+06 -2.786472e+06 -2.012913e+03 2.699702e+06 -1.881612e+04 5.816983e+03 -2.007175e+06 -1.837762e+04 3.084559e+06 -3.175244e+06 -1.236432e+03 -3.077334e+06 2.283821e+04 -8.063266e+03 2.287942e+06 -3.175242e+06 3.395233e+03 1.224405e+04 2.374718e+06 5.818609e+03 2.287942e+06 -2.369157e+06 -1.567893e+04
7.979798e-03 3.335144e+06 6.693664e+03 -2.153058e+04 -2.507279e+06 1.936021e+04 2.405182e+06 -2.478579e+06 -2.526592e+04 -2.020232e+04 2.508086e+06 -2.568466e+06 4.347893e+03 2.477775e+06 -2.394566e+04 1.334379e+04 -1.851077e+06 -2.542832e+04 2.858005e+06 -2.926809e+06 6.779190e+03 -2.824380e+06 2.968938e+04 -1.766328e+04 2.110021e+06 -2.926808e+06 -4.048888e+03 1.704049e+04 2.200302e+06 1.453223e+04 2.110016e+06 -2.174411e+06 -2.032276e+04
8.181818e-03 3.827633e+06 2.034822e+04 -3.326519e+04 -2.892252e+06 3.764139e+04 2.761816e+06 -2.828980e+06 -3.769536e+04 -3.029175e+04 2.893207e+06 -2.947769e+06 1.357789e+04 2.828034e+06 -3.474075e+04 2.579458e+04 -2.125531e+06 -3.867594e+04 3.296841e+06 -3.359014e+06 1.863046e+04 -3.223654e+06 4.373405e+04 -3.361643e+04 2.422881e+06 -3.359016e+06 -1.469767e+04 2.599023e+04 2.538153e+06 2.880987e+04 2.422871e+06 -2.481797e+06 -2.988812e+04
8.383838e-03 5.743561e+06 5.086984e+04 -6.257975e+04 -4.360357e+06 8.067562e+04 4.146486e+06 -4.219602e+06 -6.943819e+04 -5.581133e+04 4.361838e+06 -4.423323e+06 3.416019e+04 4.218150e+06 -6.271499e+04 5.514227e+04 -3.191167e+06 -7.199031e+04 4.970334e+06 -5.040396e+06 4.531446e+04 -4.808262e+06 7.982828e+04 -7.131766e+04 3.637611e+06 -5.040404e+06 -3.825118e+04 4.845463e+04 3.826538e+06 6.231621e+04 3.637589e+06 -3.701736e+06 -5.449789e+04
8.585859e-03 1.853227e+07 2.301820e+05 -2.422837e+05 -1.412783e+07 3.380560e+05 1.338646e+07 -1.353309e+07 -2.650870e+05 -2.129672e+05 1.413277e+07 -1.427251e+07 1.549798e+05 1.352830e+07 -2.359770e+05 2.307308e+05 -1.030225e+07 -2.766944e+05 1.610426e+07 -1.626350e+07 2.025502e+05 -1.542097e+07 3.027799e+05 -2.971401e+05 1.174357e+07 -1.626354e+07 -1.760430e+05 1.864239e+05 1.239829e+07 2.624482e+05 1.174350e+07 -1.187213e+07 -2.065482e+05
8.787879e-03 1.182530e+06 9.495683e+03 -1.850062e+04 -9.028869e+05 1.743077e+04 8.546828e+05 -8.756541e+05 -2.001703e+04 -1.711754e+04 9.032079e+05 -9.107243e+05 6.360213e+03 8.753413e+05 -1.864432e+04 1.191478e+04 -6.577555e+05 -2.163921e+04 1.029200e+06 -1.037765e+06 8.893045e+03 -9.978066e+05 2.337153e+04 -1.572815e+04 7.497839e+05 -1.037769e+06 -6.687091e+03 1.459245e+04 7.923582e+05 1.314572e+04 7.497803e+05 -7.681820e+05 -1.592963e+04
8.989899e-03 7.368612e+05 5.159372e+03 -1.336625e+04 -5.645170e+05 1.066819e+04 5.328858e+05 -5.489816e+05 -1.434625e+04 -1.255535e+04 5.647221e+05 -5.674978e+05 3.446051e+03 5.487819e+05 -1.354180e+04 7.294733e+03 -4.100984e+05 -1.574445e+04 6.434951e+05 -6.466574e+05 5.044343e+03 -6.255613e+05 1.686349e+04 -9.762240e+03 4.674793e+05 -6.466602e+05 -3.409836e+03 1.062278e+04 4.954128e+05 7.912394e+03 4.674776e+05 -4.816022e+05 -1.148716e+04
9.191919e-03 5.270788e+05 3.333141e+03 -1.089710e+04 -4.053777e+05 7.664728e+03 3.814030e+05 -3.948949e+05 -1.162343e+04 -1.033513e+04 4.055281e+05 -4.059364e+05 2.220300e+03 3.947486e+05 -1.106619e+04 5.242006e+03 -2.935164e+05 -1.289411e+04 4.620933e+05 -4.625579e+05 3.405361e+03 -4.499786e+05 1.372316e+04 -7.100643e+03 3.345873e+05 -4.625601e+05 -2.049498e+03 8.702663e+03 3.557560e+05 5.599129e+03 3.345865e+05 -3.464267e+05 -9.343535e+03
9.393939e-03 4.023640e+05 2.330661e+03 -9.357400e+03 -3.107848e+05 5.929183e+03 2.913347e+05 -3.031367e+05 -9.931524e+03 -8.936538e+03 3.109023e+05 -3.098886e+05 1.548192e+03 3.030225e+05 -9.514397e+03 4.055544e+03 -2.241996e+05 -1.110853e+04 3.542672e+05 -3.531115e+05 2.494877e+03 -3.454198e+05 1.176359e+04 -5.555844e+03 2.555730e+05 -3.531133e+05 -1.314410e+03 7.499239e+03 2.727434e+05 4.268873e+03 2.555726e+05 -2.659302e+05 -8.006040e+03
9.595960e-03 3.197334e+05 1.707638e+03 -8.276472e+03 -2.480959e+05 4.794610e+03 2.316489e+05 -2.422458e+05 -8.748600e+03 -7.946173e+03 2.481915e+05 -2.462514e+05 1.130928e+03 2.421530e+05 -8.421387e+03 3.279790e+03 -1.782654e+05 -9.850113e+03 2.828083e+05 -2.805968e+05 1.921833e+03 -2.760344e+05 1.038857e+04 -4.541638e+03 2.032123e+05 -2.805984e+05 -8.652643e+02 6.650678e+03 2.177290e+05 3.403426e+03 2.032122e+05 -2.125126e+05 -7.067652e+03
9.797980e-03 2.612958e+05 1.290584e+03 -7.463486e+03 -2.037375e+05 3.995989e+03 1.894297e+05 -1.991150e+05 -7.862571e+03 -7.195810e+03 2.038175e+05 -2.012460e+05 8.518968e+02 1.990375e+05 -7.597524e+03 2.733676e+03 -1.457738e+05 -8.900523e+03 2.322442e+05 -2.293133e+05 1.533100e+03 -2.268868e+05 9.355476e+03 -3.824794e+03 1.661748e+05 -2.293147e+05 -5.700686e+02 6.010040e+03 1.788010e+05 2.797115e+03 1.661749e+05 -1.746754e+05 -6.362697e+03
1.000000e-02 2.180815e+05 9.970296e+02 -6.823665e+03 -1.709096e+05 3.404963e+03 1.582022e+05 -1.671681e+05 -7.168017e+03 -6.601540e+03 1.709778e+05 -1.679647e+05 6.556967e+02 1.671020e+05 -6.948182e+03 2.329487e+03 -1.217413e+05 -8.151096e+03 1.948235e+05 -1.913895e+05 1.255640e+03 -1.904834e+05 8.543466e+03 -3.292186e+03 1.387801e+05 -1.913907e+05 -3.663613e+02 5.504198e+03 1.499918e+05 2.350474e+03 1.387802e+05 -1.466496e+05 -5.808668e+03
