-1.000000e-02 -1.788272e+05 3.046646e+03 7.308442e+03 -1.775072e+05 1.558201e+03 -2.165737e+05 -1.798701e+05 7.093166e+03 7.076658e+03 1.774661e+05 1.376430e+05 2.078883e+03 1.799135e+05 6.859954e+03 1.043883e+03 1.667815e+05 8.710217e+03 2.022769e+05 1.568897e+05 2.996804e+03 -2.050177e+05 -8.464891e+03 -1.737370e+03 -1.900537e+05 1.568905e+05 -2.045798e+03 -5.916174e+03 1.557355e+05 8.194825e+02 -1.900552e+05 -1.578462e+05 5.725860e+03
-9.797980e-03 -2.154614e+05 3.622869e+03 8.045101e+03 -2.127840e+05 1.943357e+03 -2.610391e+05 -2.157229e+05 7.794164e+03 7.763806e+03 2.127355e+05 1.658415e+05 2.471969e+03 2.157741e+05 7.511219e+03 1.303301e+03 2.010227e+05 9.571131e+03 2.424770e+05 1.890304e+05 3.518216e+03 -2.458828e+05 -9.285030e+03 -2.094786e+03 -2.290734e+05 1.890313e+05 -2.477987e+03 -6.502664e+03 1.866855e+05 1.095662e+03 -2.290751e+05 -1.893082e+05 6.280952e+03
-9.595960e-03 -2.656025e+05 4.416463e+03 8.995542e+03 -2.610084e+05 2.488975e+03 -3.219066e+05 -2.647606e+05 8.696425e+03 8.645235e+03 2.609498e+05 2.044369e+05 3.013299e+03 2.648223e+05 8.344167e+03 1.670950e+03 2.478944e+05 1.067876e+04 2.974317e+05 2.330215e+05 4.232761e+03 -3.017760e+05 -1.033758e+04 -2.595924e+03 -2.824864e+05 2.330224e+05 -3.076728e+03 -7.257258e+03 2.289950e+05 1.492261e+03 -2.824884e+05 -2.323405e+05 6.993120e+03
-9.393939e-03 -3.377138e+05 5.572370e+03 1.028582e+04 -3.302827e+05 3.306741e+03 -4.094541e+05 -3.352490e+05 9.918259e+03 9.833762e+03 3.302097e+05 2.599437e+05 3.801690e+03 3.353257e+05 9.463809e+03 2.222222e+03 3.153113e+05 1.217753e+04 3.763741e+05 2.962881e+05 5.268207e+03 -3.821188e+05 -1.175810e+04 -3.339490e+03 -3.593118e+05 2.962890e+05 -3.954049e+03 -8.278372e+03 2.897726e+05 2.094495e+03 -3.593142e+05 -2.941964e+05 7.953950e+03
-9.191919e-03 -4.494492e+05 7.405330e+03 1.218217e+04 -4.375002e+05 4.641828e+03 -5.451211e+05 -4.444384e+05 1.170969e+04 1.156671e+04 4.374052e+05 3.459506e+05 5.051687e+03 4.445381e+05 1.109115e+04 3.122653e+03 4.197829e+05 1.437186e+04 4.985554e+05 3.943187e+05 6.901539e+03 -5.065727e+05 -1.383251e+04 -4.541556e+03 -4.783634e+05 3.943197e+05 -5.353649e+03 -9.773447e+03 3.838396e+05 3.090068e+03 -4.783664e+05 -3.900136e+05 9.356609e+03
-8.989899e-03 -6.467958e+05 1.077986e+04 1.539891e+04 -6.266386e+05 7.174503e+03 -7.847532e+05 -6.372898e+05 1.474268e+04 1.447868e+04 6.265050e+05 4.978562e+05 7.352478e+03 6.374297e+05 1.381810e+04 4.831684e+03 6.043136e+05 1.807738e+04 7.140909e+05 5.674604e+05 9.892496e+03 -7.263843e+05 -1.732796e+04 -6.800318e+03 -6.886471e+05 5.674614e+05 -7.945839e+03 -1.229818e+04 5.497799e+05 5.001288e+03 -6.886511e+05 -5.592468e+05 1.171942e+04
-8.787879e-03 -1.128724e+06 1.971301e+04 2.320006e+04 -1.087806e+06 1.409519e+04 -1.369950e+06 -1.108483e+06 2.209613e+04 2.146158e+04 1.087578e+06 8.688158e+05 1.344110e+04 1.108721e+06 2.034991e+04 9.504737e+03 1.054949e+06 2.701639e+04 1.239621e+06 9.902793e+05 1.776776e+04 -1.263448e+06 -2.575508e+04 -1.291687e+04 -1.202173e+06 9.902802e+05 -1.484805e+04 -1.838822e+04 9.543844e+05 1.028292e+04 -1.202180e+06 -9.727336e+05 1.741478e+04
-8.585859e-03 8.625660e+05 -2.790243e+04 -1.448565e+04 8.102776e+05 -2.438149e+04 1.047295e+06 8.435431e+05 -1.368801e+04 -1.177684e+04 -8.101127e+05 -6.639580e+05 -1.898467e+04 -8.437232e+05 -1.096803e+04 -1.650501e+04 -8.064825e+05 -1.587916e+04 -9.233651e+05 -7.567746e+05 -2.397107e+04 9.614679e+05 1.496451e+04 2.078492e+04 9.190297e+05 -7.567733e+05 2.214827e+04 1.081853e+04 -7.108947e+05 -1.941861e+04 9.190395e+05 7.402391e+05 -1.011283e+04
-8.383838e-03 9.903021e+05 -2.838554e+04 -1.388002e+04 9.329969e+05 -2.483790e+04 1.202776e+06 9.677283e+05 -1.299149e+04 -1.112528e+04 -9.328100e+05 -7.622844e+05 -1.931943e+04 -9.679281e+05 -1.022602e+04 -1.681262e+04 -9.262062e+05 -1.511399e+04 -1.063214e+06 -8.688459e+05 -2.433705e+04 1.103011e+06 1.409585e+04 2.111396e+04 1.055466e+06 -8.688434e+05 2.258768e+04 1.030451e+04 -8.185633e+05 -1.984064e+04 1.055475e+06 8.492122e+05 -9.519405e+03
-8.181818e-03 1.001518e+06 -2.670565e+04 -1.121883e+04 9.442701e+05 -2.367055e+04 1.216788e+06 9.780227e+05 -1.034971e+04 -8.613335e+03 -9.440845e+05 -7.709212e+05 -1.817952e+04 -9.782180e+05 -7.734659e+03 -1.602385e+04 -9.369905e+05 -1.198104e+04 -1.076063e+06 -8.786887e+05 -2.278528e+04 1.114742e+06 1.098549e+04 1.999421e+04 1.067760e+06 -8.786851e+05 2.136629e+04 8.177431e+03 -8.284550e+05 -1.903719e+04 1.067767e+06 8.582425e+05 -7.410081e+03
-7.979798e-03 1.053893e+06 -2.608403e+04 -8.879567e+03 9.946800e+05 -2.349190e+04 1.280823e+06 1.028799e+06 -7.995663e+03 -6.317599e+03 -9.944885e+05 -8.112406e+05 -1.775976e+04 -1.028998e+06 -5.424891e+03 -1.590431e+04 -9.862948e+05 -9.173213e+03 -1.133511e+06 -9.246429e+05 -2.212905e+04 1.172613e+06 8.161107e+03 1.970125e+04 1.123949e+06 -9.246380e+05 2.099867e+04 6.272223e+03 -8.726837e+05 -1.903720e+04 1.123955e+06 9.027970e+05 -5.492394e+03
-7.777778e-03 1.193911e+06 -2.709671e+04 -6.801156e+03 1.128761e+06 -2.486032e+04 1.451437e+06 1.165501e+06 -5.833888e+03 -4.118983e+03 -1.128548e+06 -9.190244e+05 -1.845335e+04 -1.165718e+06 -3.143107e+03 -1.683170e+04 -1.117669e+06 -6.580235e+03 -1.286309e+06 -1.047492e+06 -2.284152e+04 1.328420e+06 5.473147e+03 2.068548e+04 1.273664e+06 -1.047485e+06 2.196520e+04 4.515702e+03 -9.903216e+05 -2.031063e+04 1.273668e+06 1.022753e+06 -3.662928e+03
-7.575758e-03 1.615633e+06 -3.200760e+04 -4.880139e+03 1.532627e+06 -2.993960e+04 1.964713e+06 1.577631e+06 -3.615750e+03 -1.687024e+03 -1.532347e+06 -1.243654e+06 -2.180573e+04 -1.577914e+06 -4.131010e+02 -2.026861e+04 -1.512904e+06 -3.934656e+03 -1.746551e+06 -1.417498e+06 -2.679034e+04 1.798153e+06 2.488379e+03 2.470031e+04 1.724069e+06 -1.417488e+06 2.614601e+04 2.733038e+03 -1.344659e+06 -2.466957e+04 1.724074e+06 1.384401e+06 -1.619229e+03
-7.373737e-03 -1.051603e+07 -3.433397e+04 -2.603011e+03 -1.021487e+07 -4.241686e+04 -1.279182e+07 -1.015539e+07 -1.062743e+04 1.347155e+03 1.021309e+07 8.094852e+06 -2.291110e+04 1.015717e+07 -6.666344e+03 -2.922351e+04 9.850120e+06 -1.016843e+03 1.164068e+07 9.226352e+06 -2.858001e+04 -1.157493e+07 1.015592e+04 3.533276e+04 -1.122502e+07 9.226370e+06 2.765738e+04 3.191277e+02 8.962148e+06 -3.519086e+04 -1.122501e+07 -8.911507e+06 -7.355147e+03
-7.171717e-03 -1.830547e+05 -2.201661e+04 -7.608306e+02 -2.029866e+05 -2.225694e+04 -2.227146e+05 -1.686130e+05 -9.062412e+02 1.520468e+03 2.029588e+05 1.409047e+05 -1.494997e+04 1.686441e+05 1.380803e+03 -1.512685e+04 1.714933e+05 4.563228e+02 2.313211e+05 1.605983e+05 -1.827569e+04 -1.921864e+05 -2.937039e+02 1.824987e+04 -1.954338e+05 1.606081e+05 1.808075e+04 -3.151973e+02 1.780990e+05 -1.851901e+04 -1.954330e+05 -1.479591e+05 1.902844e+02
-6.969697e-03 3.692617e+05 -1.949902e+04 1.971197e+03 3.328123e+05 -2.000004e+04 4.494555e+05 3.643486e+05 2.219476e+03 4.006043e+03 -3.327506e+05 -2.842530e+05 -1.326082e+04 -3.644051e+05 4.258970e+03 -1.357516e+04 -3.460959e+05 3.627739e+03 -3.792669e+05 -3.239856e+05 -1.602592e+04 4.152698e+05 -3.913061e+03 1.621168e+04 3.944043e+05 -3.239758e+05 1.619637e+04 -2.451679e+03 -2.919930e+05 -1.680851e+04 3.944036e+05 3.197204e+05 2.671759e+03
-6.767677e-03 6.846962e+05 -2.045964e+04 5.559904e+03 6.364310e+05 -2.173231e+04 8.336101e+05 6.711212e+05 6.009445e+03 7.730971e+03 -6.363214e+05 -5.270699e+05 -1.392475e+04 -6.712227e+05 8.184979e+03 -1.474359e+04 -6.419024e+05 8.061653e+03 -7.252674e+05 -6.007405e+05 -1.660292e+04 7.649171e+05 -8.576031e+03 1.739346e+04 7.315034e+05 -6.007290e+05 1.721888e+04 -5.455312e+03 -5.583792e+05 -1.847836e+04 7.315015e+05 5.889152e+05 5.852008e+03
-6.565657e-03 1.090672e+06 -2.548541e+04 1.166299e+04 1.023965e+06 -2.828826e+04 1.328233e+06 1.069525e+06 1.235307e+04 1.442454e+04 -1.023796e+06 -8.395876e+05 -1.735301e+04 -1.069680e+06 1.511969e+04 -1.918823e+04 -1.022770e+06 1.581574e+04 -1.166898e+06 -9.569374e+05 -2.039175e+04 1.218998e+06 -1.660415e+04 2.235962e+04 1.165539e+06 -9.569212e+05 2.174693e+04 -1.071378e+04 -8.983914e+05 -2.433018e+04 1.165535e+06 9.385160e+05 1.132205e+04
-6.363636e-03 2.014616e+06 -4.152822e+04 2.656360e+04 1.902292e+06 -4.829244e+04 2.454065e+06 1.980762e+06 2.778746e+04 3.116427e+04 -1.901990e+06 -1.550838e+06 -2.828337e+04 -1.981036e+06 3.239559e+04 -3.275868e+04 -1.889678e+06 3.498564e+04 -2.167832e+06 -1.767596e+06 -3.276444e+04 2.257577e+06 -3.638249e+04 3.775319e+04 2.153464e+06 -1.767566e+06 3.590780e+04 -2.371749e+04 -1.669012e+06 -4.195520e+04 2.153455e+06 1.738129e+06 2.479586e+04
-6.161616e-03 -2.773977e+06 4.245979e+04 -4.277389e+04 -2.654040e+06 5.377551e+04 -3.379903e+06 -2.740452e+06 -4.439913e+04 -4.767253e+04 2.653641e+06 2.135395e+06 2.893756e+04 2.740813e+06 -4.930474e+04 3.646971e+04 2.602575e+06 -5.480065e+04 3.024523e+06 2.433849e+06 3.251885e+04 -3.123424e+06 5.665344e+04 -4.119333e+04 -2.965888e+06 2.433815e+06 -3.771621e+04 3.717064e+04 2.328589e+06 4.755569e+04 -2.965875e+06 -2.404756e+06 -3.860162e+04
-5.959596e-03 -8.496512e+05 1.022887e+04 -1.494502e+04 -8.222546e+05 1.435882e+04 -1.035493e+06 -8.449146e+05 -1.542447e+04 -1.618556e+04 8.221371e+05 6.540596e+05 6.975786e+03 8.450206e+05 -1.666656e+04 9.736945e+03 7.973408e+05 -1.885790e+04 9.370366e+05 7.454729e+05 7.538574e+03 -9.629852e+05 1.940398e+04 -1.077142e+04 -9.086501e+05 7.454639e+05 -9.386667e+03 1.279665e+04 7.214303e+05 1.292474e+04 -9.086462e+05 -7.414141e+05 -1.321869e+04
-5.757576e-03 -5.373275e+05 5.853839e+03 -1.062519e+04 -5.244057e+05 8.935950e+03 -6.550117e+05 -5.384235e+05 -1.091603e+04 -1.136505e+04 5.243341e+05 4.136353e+05 3.993078e+03 5.384871e+05 -1.165667e+04 6.060658e+03 5.043639e+05 -1.331874e+04 5.976105e+05 4.714453e+05 4.180240e+03 -6.136609e+05 1.364973e+04 -6.616446e+03 -5.747748e+05 4.714395e+05 -5.506884e+03 9.041114e+03 4.601059e+05 8.131637e+03 -5.747722e+05 -4.724668e+05 -9.297162e+03
-5.555556e-03 -3.850084e+05 3.898166e+03 -8.431489e+03 -3.791844e+05 6.462508e+03 -4.694406e+05 -3.892853e+05 -8.631174e+03 -8.944796e+03 3.791349e+05 2.963813e+05 2.659426e+03 3.893284e+05 -9.144937e+03 4.384063e+03 3.614713e+05 -1.052275e+04 4.321174e+05 3.378031e+05 2.694246e+03 -4.436802e+05 1.074982e+04 -4.734298e+03 -4.119350e+05 3.377989e+05 -3.756978e+03 7.145260e+03 3.326926e+05 5.932683e+03 -4.119329e+05 -3.415975e+05 -7.321115e+03
-5.353535e-03 -2.932383e+05 2.788941e+03 -7.025248e+03 -2.917973e+05 5.027261e+03 -3.576255e+05 -2.996349e+05 -7.170898e+03 -7.408234e+03 2.917610e+05 2.257373e+05 1.902868e+03 2.996657e+05 -7.554159e+03 3.411216e+03 2.753721e+05 -8.739605e+03 3.325316e+05 2.572856e+05 1.860522e+03 -3.415009e+05 8.905072e+03 -3.649556e+03 -3.138165e+05 2.572822e+05 -2.755205e+03 5.935963e+03 2.560215e+05 4.649332e+03 -3.138147e+05 -2.629290e+05 -6.064282e+03
-5.151515e-03 -2.319898e+05 2.082611e+03 -6.019029e+03 -2.335939e+05 4.090989e+03 -2.829896e+05 -2.399598e+05 -6.129332e+03 -6.317727e+03 2.335663e+05 1.785884e+05 1.421049e+03 2.399825e+05 -6.428194e+03 2.776565e+03 2.179015e+05 -7.469243e+03 2.662034e+05 2.035470e+05 1.335651e+03 -2.734860e+05 7.594428e+03 -2.946639e+03 -2.483231e+05 2.035442e+05 -2.111205e+03 5.074255e+03 2.049553e+05 3.807416e+03 -2.483216e+05 -2.105639e+05 -5.171480e+03
-4.949495e-03 -1.884567e+05 1.599994e+03 -5.250659e+03 -1.923469e+05 3.435166e+03 -2.299343e+05 -1.976843e+05 -5.336405e+03 -5.490786e+03 1.923254e+05 1.450768e+05 1.091804e+03 1.977014e+05 -5.576625e+03 2.331986e+03 1.770484e+05 -6.502773e+03 2.191985e+05 1.653517e+05 9.812595e+02 -2.253024e+05 6.599982e+03 -2.457468e+03 -2.017668e+05 1.653493e+05 -1.666903e+03 4.418544e+03 1.687662e+05 3.214456e+03 -2.017655e+05 -1.734671e+05 -4.494166e+03
-4.747475e-03 -1.561322e+05 1.253968e+03 -4.637892e+03 -1.618403e+05 2.952972e+03 -1.905336e+05 -1.664230e+05 -4.705855e+03 -4.835259e+03 1.618232e+05 1.201934e+05 8.557262e+02 1.664360e+05 -4.903269e+03 2.005081e+03 1.467096e+05 -5.734491e+03 1.844333e+05 1.369905e+05 7.302785e+02 -1.896724e+05 5.811449e+03 -2.100075e+03 -1.671926e+05 1.369885e+05 -1.345220e+03 3.897188e+03 1.420005e+05 2.776180e+03 -1.671915e+05 -1.460353e+05 -3.957165e+03
-4.545455e-03 -1.313315e+05 9.969615e+02 -4.133685e+03 -1.385534e+05 2.585677e+03 -1.602993e+05 -1.425622e+05 -4.188369e+03 -4.298672e+03 1.385397e+05 1.011017e+05 6.803729e+02 1.425722e+05 -4.353371e+03 1.756049e+03 1.234289e+05 -5.104080e+03 1.578956e+05 1.152307e+05 5.462176e+02 -1.624771e+05 5.165922e+03 -1.829507e+03 -1.406619e+05 1.152289e+05 -1.103932e+03 3.469303e+03 1.215691e+05 2.440646e+03 -1.406609e+05 -1.250975e+05 -3.517596e+03
-4.343434e-03 -1.118060e+05 8.008287e+02 -3.708796e+03 -1.203378e+05 2.298248e+03 -1.364924e+05 -1.238981e+05 -3.753326e+03 -3.848556e+03 1.203267e+05 8.607099e+04 5.465470e+02 1.239057e+05 -3.893078e+03 1.561146e+03 1.050975e+05 -4.574137e+03 1.371371e+05 9.809922e+04 4.075720e+02 -1.412047e+05 4.624425e+03 -1.619022e+03 -1.197713e+05 9.809767e+04 -9.179686e+02 3.109539e+03 1.055872e+05 2.176798e+03 -1.197704e+05 -1.087198e+05 -3.148893e+03
-4.141414e-03 -9.610608e+04 6.478969e+02 -3.343906e+03 -1.058086e+05 2.068488e+03 -1.173466e+05 -1.090107e+05 -3.380519e+03 -3.463552e+03 1.057995e+05 7.398507e+04 4.421944e+02 1.090165e+05 -3.500142e+03 1.405332e+03 9.035524e+04 -4.120009e+03 1.205796e+05 8.432420e+04 3.008977e+02 -1.242369e+05 4.161295e+03 -1.451725e+03 -1.029709e+05 8.432282e+04 -7.715295e+02 2.801182e+03 9.283950e+04 1.964911e+03 -1.029701e+05 -9.565618e+04 -2.833568e+03
-3.939394e-03 -8.325592e+04 5.265505e+02 -3.025637e+03 -9.403415e+04 1.881661e+03 -1.016736e+05 -9.694540e+04 -3.055980e+03 -3.128935e+03 9.402664e+04 6.409289e+04 3.593915e+02 9.694976e+04 -3.159245e+03 1.278619e+03 7.828698e+04 -3.724662e+03 1.071614e+05 7.304954e+04 2.173985e+02 -1.104855e+05 3.758824e+03 -1.316432e+03 -8.921782e+04 7.304831e+04 -6.541888e+02 2.532689e+03 8.250885e+04 1.791860e+03 -8.921706e+04 -8.506890e+04 -2.559554e+03
-3.737374e-03 -7.257600e+04 4.288700e+02 -2.744374e+03 -8.436640e+04 1.727617e+03 -8.864531e+04 -8.703802e+04 -2.769686e+03 -2.834165e+03 8.436021e+04 5.587136e+04 2.927357e+02 8.704121e+04 -2.859437e+03 1.174130e+03 6.825523e+04 -3.375882e+03 9.614398e+04 6.367902e+04 1.511059e+02 -9.919362e+04 3.404332e+03 -1.205462e+03 -7.778552e+04 6.367791e+04 -5.588092e+02 2.295777e+03 7.402655e+04 1.648578e+03 -7.778482e+04 -7.637522e+04 -2.318210e+03
-3.535354e-03 -6.357941e+04 3.492921e+02 -2.492994e+03 -7.634164e+04 1.599144e+03 -7.766857e+04 -7.881356e+04 -2.514222e+03 -2.571464e+03 7.633652e+04 4.894565e+04 2.384316e+02 7.881579e+04 -2.592648e+03 1.086977e+03 5.980318e+04 -3.064640e+03 8.699893e+04 5.578542e+04 9.784791e+01 -8.981985e+04 3.088457e+03 -1.113376e+03 -6.815345e+04 5.578442e+04 -4.803554e+02 2.084325e+03 6.698578e+04 1.528609e+03 -6.815282e+04 -6.915831e+04 -2.103158e+03
-3.333333e-03 -5.590875e+04 2.838098e+02 -2.266085e+03 -6.962032e+04 1.490994e+03 -6.830794e+04 -7.192425e+04 -2.283965e+03 -2.334944e+03 6.961608e+04 4.304064e+04 1.937456e+02 7.192569e+04 -2.352778e+03 1.013603e+03 5.259556e+04 -2.784086e+03 7.933927e+04 4.905519e+04 5.463546e+01 -8.196781e+04 2.804110e+03 -1.036223e+03 -5.993953e+04 4.905429e+04 -4.151854e+02 1.893690e+03 6.108861e+04 1.427239e+03 -5.993896e+04 -6.311298e+04 -1.909571e+03
-3.131313e-03 -4.929626e+04 2.294759e+02 -2.059443e+03 -6.394883e+04 1.399257e+03 -6.023714e+04 -6.611036e+04 -2.074555e+03 -2.120049e+03 6.394534e+04 3.795021e+04 1.566666e+02 6.611115e+04 -2.135114e+03 9.513588e+02 4.638112e+04 -2.528913e+03 7.287601e+04 4.325337e+04 1.928134e+01 -7.534148e+04 2.545805e+03 -9.710751e+02 -5.285744e+04 4.325256e+04 -3.606084e+02 1.720271e+03 5.611255e+04 1.340954e+03 -5.285692e+04 -5.801134e+04 -1.733710e+03
-2.929293e-03 -4.353761e+04 1.840828e+02 -1.869742e+03 -5.913458e+04 1.320974e+03 -5.320718e+04 -6.117465e+04 -1.882547e+03 -1.923185e+03 5.913171e+04 3.351706e+04 1.256887e+02 6.117490e+04 -1.935943e+03 8.982382e+02 4.096813e+04 -2.294928e+03 6.738965e+04 3.820070e+04 -9.843590e+00 -6.971607e+04 2.309213e+03 -9.157175e+02 -4.668869e+04 3.819996e+04 -3.146004e+02 1.561227e+03 5.188861e+04 1.267081e+03 -4.668821e+04 -5.368030e+04 -1.572628e+03
-2.727273e-03 -3.847431e+04 1.459517e+02 -1.694307e+03 -5.502915e+04 1.253868e+03 -4.702494e+04 -5.696516e+04 -1.705176e+03 -1.741470e+03 5.502680e+04 2.961919e+04 9.966635e+01 5.696495e+04 -1.752294e+03 8.526976e+02 3.620789e+04 -2.078764e+03 6.271106e+04 3.375812e+04 -3.397165e+01 -6.491834e+04 2.090864e+03 -8.684526e+02 -4.126381e+04 3.375746e+04 -2.756150e+02 1.414273e+03 4.828656e+04 1.203560e+03 -4.126338e+04 -4.998650e+04 -1.423963e+03
-2.525253e-03 -3.398163e+04 1.137888e+02 -1.530952e+03 -5.151674e+04 1.196162e+03 -4.153839e+04 -5.336330e+04 -1.540186e+03 -1.572559e+03 5.151484e+04 2.616060e+04 7.771662e+01 5.336271e+04 -1.581748e+03 8.135332e+02 3.198335e+04 -1.877674e+03 5.870829e+04 2.981620e+04 -5.404732e+01 -6.081317e+04 1.887931e+03 -8.279603e+02 -3.644941e+04 2.981561e+04 -2.424553e+02 1.277546e+03 4.520483e+04 1.148783e+03 -3.644902e+04 -4.682591e+04 -1.285788e+03
-2.323232e-03 -2.996003e+04 8.658551e+01 -1.377867e+03 -4.850609e+04 1.146456e+03 -3.662624e+04 -5.027563e+04 -1.385709e+03 -1.414511e+03 4.850455e+04 2.306464e+04 5.915141e+01 5.027471e+04 -1.422312e+03 7.797961e+02 2.820108e+04 -1.689386e+03 5.527731e+04 2.628761e+04 -7.080273e+01 -5.729403e+04 1.698080e+03 -7.932030e+02 -3.213904e+04 2.628708e+04 -2.141842e+02 1.149506e+03 4.256333e+04 1.101475e+03 -3.213868e+04 -4.411651e+04 -1.156515e+03
-2.121212e-03 -2.632907e+04 6.354832e+01 -1.233532e+03 -4.592459e+04 1.103637e+03 -3.219039e+04 -4.762781e+04 -1.240183e+03 -1.265706e+03 4.592337e+04 2.026939e+04 4.342925e+01 4.762662e+04 -1.272319e+03 7.507312e+02 2.478557e+04 -1.511999e+03 5.233540e+04 2.310175e+04 -8.481074e+01 -5.427621e+04 1.519357e+03 -7.633571e+02 -2.824663e+04 2.310127e+04 -1.900612e+02 1.028862e+03 4.029836e+04 1.060624e+03 -2.824630e+04 -4.179308e+04 -1.034815e+03
-1.919192e-03 -2.302286e+04 4.404818e+01 -1.096657e+03 -4.371413e+04 1.066813e+03 -2.815056e+04 -4.536033e+04 -1.102282e+03 -1.124769e+03 4.371318e+04 1.772414e+04 3.012091e+01 4.535891e+04 -1.130358e+03 7.257334e+02 2.167500e+04 -1.343897e+03 4.981633e+04 2.020083e+04 -9.652308e+01 -5.169188e+04 1.350106e+03 -7.377647e+02 -2.470172e+04 2.020040e+04 -1.694970e+02 9.145191e+02 3.835893e+04 1.025415e+03 -2.470143e+04 -3.980339e+04 -9.195593e+02
-1.717172e-03 -1.998682e+04 2.758359e+01 -9.661325e+02 -4.182795e+04 1.035263e+03 -2.444021e+04 -4.342530e+04 -9.708658e+02 -9.905201e+02 4.182723e+04 1.538688e+04 1.888416e+01 4.342369e+04 -9.952210e+02 7.043152e+02 1.881813e+04 -1.183693e+03 4.766681e+04 1.753695e+04 -1.062980e+02 -4.948647e+04 1.188908e+03 -7.158967e+02 -2.144593e+04 1.753658e+04 -1.520197e+02 8.055354e+02 3.670402e+04 9.951893e+02 -2.144568e+04 -3.810544e+04 -8.097822e+02
-1.515152e-03 -1.717513e+04 1.375337e+01 -8.409910e+02 -4.022831e+04 1.008408e+03 -2.100347e+04 -4.178411e+04 -8.449441e+02 -8.619353e+02 4.022779e+04 1.322231e+04 9.445249e+00 4.178233e+04 -8.658596e+02 6.860830e+02 1.617194e+04 -1.030181e+03 4.584385e+04 1.506992e+04 -1.144206e+02 -4.761594e+04 1.034528e+03 -6.973270e+02 -1.843023e+04 1.506959e+04 -1.372504e+02 7.010930e+02 3.530052e+04 9.694155e+02 -1.843001e+04 -3.666531e+04 -7.046439e+02
-1.313131e-03 -1.454883e+04 2.236455e+00 -7.203806e+02 -3.888480e+04 9.857780e+02 -1.779283e+04 -4.040558e+04 -7.236446e+02 -7.381134e+02 3.888443e+04 1.120046e+04 1.585083e+00 4.040367e+04 -7.413520e+02 6.707187e+02 1.369984e+04 -8.822985e+02 4.431276e+04 1.276554e+04 -1.211181e+02 -4.604478e+04 8.858814e+02 -6.817121e+02 -1.561294e+04 1.276526e+04 -1.248850e+02 6.004711e+02 3.412174e+04 9.476630e+02 -1.561275e+04 -3.545567e+04 -6.034061e+02
-1.111111e-03 -1.207431e+04 -7.223397e+00 -6.035409e+02 -3.777296e+04 9.669960e+02 -1.476732e+04 -3.926468e+04 -6.061894e+02 -6.182514e+02 3.777272e+04 9.295456e+03 -4.871194e+00 3.926266e+04 -6.208783e+02 6.579663e+02 1.137030e+04 -7.390989e+02 4.304569e+04 1.059434e+04 -1.265709e+02 -4.474446e+04 7.420016e+02 -6.687760e+02 -1.295809e+04 1.059411e+04 -1.146797e+02 5.030271e+02 3.314622e+04 9.295848e+02 -1.295794e+04 -3.445455e+04 -5.054111e+02
-9.090909e-04 -9.722156e+03 -1.482901e+01 -4.897838e+02 -3.687331e+04 9.517608e+02 -1.189106e+04 -3.834147e+04 -4.918758e+02 -5.016244e+02 3.687318e+04 7.484649e+03 -1.006199e+01 3.833935e+04 -5.036988e+02 6.476217e+02 9.155677e+03 -5.997261e+02 4.202043e+04 8.530498e+03 -1.309212e+02 -4.369224e+04 6.020157e+02 -6.582991e+02 -1.043422e+04 8.530311e+03 -1.064412e+02 4.081802e+02 3.235688e+04 9.149037e+02 -1.043409e+04 -3.364444e+04 -4.100650e+02
-7.070707e-04 -7.466191e+03 -2.073843e+01 -3.784780e+02 -3.617060e+04 9.398362e+02 -9.132129e+03 -3.762031e+04 -3.800598e+02 -3.875686e+02 3.617055e+04 5.747888e+03 -1.409516e+01 3.761813e+04 -3.891365e+02 6.395248e+02 7.031397e+03 -4.633956e+02 4.121961e+04 6.551053e+03 -1.342797e+02 -4.287032e+04 4.651247e+02 -6.501093e+02 -8.013298e+03 6.550909e+03 -1.000182e+02 3.153980e+02 3.174033e+04 9.034022e+02 -8.013198e+03 -3.301164e+04 -3.168241e+02
-5.050505e-04 -5.282690e+03 -2.507134e+01 -2.690364e+02 -3.565323e+04 9.310426e+02 -6.461588e+03 -3.708934e+04 -2.701424e+02 -2.754672e+02 3.565324e+04 4.066910e+03 -1.705237e+01 3.708710e+04 -2.765632e+02 6.335537e+02 4.975178e+03 -3.293780e+02 4.063000e+04 4.635187e+03 -1.367296e+02 -4.226515e+04 3.305859e+02 -6.440758e+02 -5.669940e+03 4.635085e+03 -9.529627e+01 2.241856e+02 3.128639e+04 8.949144e+02 -5.669869e+03 -3.254571e+04 -2.251833e+02
-3.030303e-04 -3.149730e+03 -2.791376e+01 -1.609042e+02 -3.531281e+04 9.252501e+02 -3.852698e+03 -3.673997e+04 -1.615584e+02 -1.647379e+02 3.531287e+04 2.424839e+03 -1.899232e+01 3.673770e+04 -1.653861e+02 6.296204e+02 2.966431e+03 -1.969847e+02 4.024206e+04 2.763667e+03 -1.383308e+02 -4.186696e+04 1.976988e+02 -6.401043e+02 -3.380681e+03 2.763606e+03 -9.219268e+01 1.340756e+02 3.098772e+04 8.893205e+02 -3.380638e+03 -3.223915e+04 -1.346659e+02
-1.010101e-04 -1.046620e+03 -2.932131e+01 -5.354889e+01 -3.514394e+04 9.223746e+02 -1.280219e+03 -3.656665e+04 -5.376540e+01 -5.482272e+01 3.514401e+04 8.057468e+02 -1.995298e+01 3.656437e+04 -5.503723e+01 6.276678e+02 9.857197e+02 -6.555511e+01 4.004961e+04 9.183353e+02 -1.391220e+02 -4.166942e+04 6.579135e+01 -6.381336e+02 -1.123371e+03 9.183149e+02 -9.065402e+01 4.461961e+01 3.083955e+04 8.865427e+02 -1.123357e+03 -3.208706e+04 -4.481501e+01
1.010101e-04 1.046620e+03 -2.932131e+01 5.354889e+01 -3.514394e+04 9.223746e+02 1.280219e+03 -3.656665e+04 5.376540e+01 5.482272e+01 3.514401e+04 -8.057468e+02 -1.995298e+01 3.656437e+04 5.503723e+01 6.276678e+02 -9.857197e+02 6.555511e+01 4.004961e+04 -9.183353e+02 -1.391220e+02 -4.166942e+04 -6.579135e+01 -6.381336e+02 1.123371e+03 -9.183149e+02 -9.065402e+01 -4.461961e+01 3.083955e+04 8.865427e+02 1.123357e+03 -3.208706e+04 4.481501e+01
3.030303e-04 3.149730e+03 -2.791376e+01 1.609042e+02 -3.531281e+04 9.252501e+02 3.852698e+03 -3.673997e+04 1.615584e+02 1.647379e+02 3.531287e+04 -2.424839e+03 -1.899232e+01 3.673770e+04 1.653861e+02 6.296204e+02 -2.966431e+03 1.969847e+02 4.024206e+04 -2.763667e+03 -1.383308e+02 -4.186696e+04 -1.976988e+02 -6.401043e+02 3.380681e+03 -2.763606e+03 -9.219268e+01 -1.340756e+02 3.098772e+04 8.893205e+02 3.380638e+03 -3.223915e+04 1.346659e+02
5.050505e-04 5.282690e+03 -2.507134e+01 2.690364e+02 -3.565323e+04 9.310426e+02 6.461588e+03 -3.708934e+04 2.701424e+02 2.754672e+02 3.565324e+04 -4.066910e+03 -1.705237e+01 3.708710e+04 2.765632e+02 6.335537e+02 -4.975178e+03 3.293780e+02 4.063000e+04 -4.635187e+03 -1.367296e+02 -4.226515e+04 -3.305859e+02 -6.440758e+02 5.669940e+03 -4.635085e+03 -9.529627e+01 -2.241856e+02 3.128639e+04 8.949144e+02 5.669869e+03 -3.254571e+04 2.251833e+02
7.070707e-04 7.466191e+03 -2.073843e+01 3.784780e+02 -3.617060e+04 9.398362e+02 9.132129e+03 -3.762031e+04 3.800598e+02 3.875686e+02 3.617055e+04 -5.747888e+03 -1.409516e+01 3.761813e+04 3.891365e+02 6.395248e+02 -7.031397e+03 4.633956e+02 4.121961e+04 -6.551053e+03 -1.342797e+02 -4.287032e+04 -4.651247e+02 -6.501093e+02 8.013298e+03 -6.550909e+03 -1.000182e+02 -3.153980e+02 3.174033e+04 9.034022e+02 8.013198e+03 -3.301164e+04 3.168241e+02
9.090909e-04 9.722156e+03 -1.482901e+01 4.897838e+02 -3.687331e+04 9.517608e+02 1.189106e+04 -3.834147e+04 4.918758e+02 5.016244e+02 3.687318e+04 -7.484649e+03 -1.006199e+01 3.833935e+04 5.036988e+02 6.476217e+02 -9.155677e+03 5.997261e+02 4.202043e+04 -8.530498e+03 -1.309212e+02 -4.369224e+04 -6.020157e+02 -6.582991e+02 1.043422e+04 -8.530311e+03 -1.064412e+02 -4.081802e+02 3.235688e+04 9.149037e+02 1.043409e+04 -3.364444e+04 4.100650e+02
1.111111e-03 1.207431e+04 -7.223397e+00 6.035409e+02 -3.777296e+04 9.669960e+02 1.476732e+04 -3.926468e+04 6.061894e+02 6.182514e+02 3.777272e+04 -9.295456e+03 -4.871194e+00 3.926266e+04 6.208783e+02 6.579663e+02 -1.137030e+04 7.390989e+02 4.304569e+04 -1.059434e+04 -1.265709e+02 -4.474446e+04 -7.420016e+02 -6.687760e+02 1.295809e+04 -1.059411e+04 -1.146797e+02 -5.030271e+02 3.314622e+04 9.295848e+02 1.295794e+04 -3.445455e+04 5.054111e+02
1.313131e-03 1.454883e+04 2.236455e+00 7.203806e+02 -3.888480e+04 9.857780e+02 1.779283e+04 -4.040558e+04 7.236446e+02 7.381134e+02 3.888443e+04 -1.120046e+04 1.585083e+00 4.040367e+04 7.413520e+02 6.707187e+02 -1.369984e+04 8.822985e+02 4.431276e+04 -1.276554e+04 -1.211181e+02 -4.604478e+04 -8.858814e+02 -6.817121e+02 1.561294e+04 -1.276526e+04 -1.248850e+02 -6.004711e+02 3.412174e+04 9.476630e+02 1.561275e+04 -3.545567e+04 6.034061e+02
1.515152e-03 1.717513e+04 1.375337e+01 8.409910e+02 -4.022831e+04 1.008408e+03 2.100347e+04 -4.178411e+04 8.449441e+02 8.619353e+02 4.022779e+04 -1.322231e+04 9.445249e+00 4.178233e+04 8.658596e+02 6.860830e+02 -1.617194e+04 1.030181e+03 4.584385e+04 -1.506992e+04 -1.144206e+02 -4.761594e+04 -1.034528e+03 -6.973270e+02 1.843023e+04 -1.506959e+04 -1.372504e+02 -7.010930e+02 3.530052e+04 9.694155e+02 1.843001e+04 -3.666531e+04 7.046439e+02
1.717172e-03 1.998682e+04 2.758359e+01 9.661325e+02 -4.182795e+04 1.035263e+03 2.444021e+04 -4.342530e+04 9.708658e+02 9.905201e+02 4.182723e+04 -1.538688e+04 1.888416e+01 4.342369e+04 9.952210e+02 7.043152e+02 -1.881813e+04 1.183693e+03 4.766681e+04 -1.753695e+04 -1.062980e+02 -4.948647e+04 -1.188908e+03 -7.158967e+02 2.144593e+04 -1.753658e+04 -1.520197e+02 -8.055354e+02 3.670402e+04 9.951893e+02 2.144568e+04 -3.810544e+04 8.097822e+02
1.919192e-03 2.302286e+04 4.404818e+01 1.096657e+03 -4.371413e+04 1.066813e+03 2.815056e+04 -4.536033e+04 1.102282e+03 1.124769e+03 4.371318e+04 -1.772414e+04 3.012091e+01 4.535891e+04 1.130358e+03 7.257334e+02 -2.167500e+04 1.343897e+03 4.981633e+04 -2.020083e+04 -9.652308e+01 -5.169188e+04 -1.350106e+03 -7.377647e+02 2.470172e+04 -2.020040e+04 -1.694970e+02 -9.145191e+02 3.835893e+04 1.025415e+03 2.470143e+04 -3.980339e+04 9.195593e+02
2.121212e-03 2.632907e+04 6.354832e+01 1.233532e+03 -4.592459e+04 1.103637e+03 3.219039e+04 -4.762781e+04 1.240183e+03 1.265706e+03 4.592337e+04 -2.026939e+04 4.342925e+01 4.762662e+04 1.272319e+03 7.507312e+02 -2.478557e+04 1.511999e+03 5.233540e+04 -2.310175e+04 -8.481074e+01 -5.427621e+04 -1.519357e+03 -7.633571e+02 2.824663e+04 -2.310127e+04 -1.900612e+02 -1.028862e+03 4.029836e+04 1.060624e+03 2.824630e+04 -4.179308e+04 1.034815e+03
2.323232e-03 2.996003e+04 8.658551e+01 1.377867e+03 -4.850609e+04 1.146456e+03 3.662624e+04 -5.027563e+04 1.385709e+03 1.414511e+03 4.850455e+04 -2.306464e+04 5.915141e+01 5.027471e+04 1.422312e+03 7.797961e+02 -2.820108e+04 1.689386e+03 5.527731e+04 -2.628761e+04 -7.080273e+01 -5.729403e+04 -1.698080e+03 -7.932030e+02 3.213904e+04 -2.628708e+04 -2.141842e+02 -1.149506e+03 4.256333e+04 1.101475e+03 3.213868e+04 -4.411651e+04 1.156515e+03
2.525253e-03 3.398163e+04 1.137888e+02 1.530952e+03 -5.151674e+04 1.196162e+03 4.153839e+04 -5.336330e+04 1.540186e+03 1.572559e+03 5.151484e+04 -2.616060e+04 7.771662e+01 5.336271e+04 1.581748e+03 8.135332e+02 -3.198335e+04 1.877674e+03 5.870829e+04 -2.981620e+04 -5.404732e+01 -6.081317e+04 -1.887931e+03 -8.279603e+02 3.644941e+04 -2.981561e+04 -2.424553e+02 -1.277546e+03 4.520483e+04 1.148783e+03 3.644902e+04 -4.682591e+04 1.285788e+03
2.727273e-03 3.847431e+04 1.459517e+02 1.694307e+03 -5.502915e+04 1.253868e+03 4.702494e+04 -5.696516e+04 1.705176e+03 1.741470e+03 5.502680e+04 -2.961919e+04 9.966635e+01 5.696495e+04 1.752294e+03 8.526976e+02 -3.620789e+04 2.078764e+03 6.271106e+04 -3.375812e+04 -3.397165e+01 -6.491834e+04 -2.090864e+03 -8.684526e+02 4.126381e+04 -3.375746e+04 -2.756150e+02 -1.414273e+03 4.828656e+04 1.203560e+03 4.126338e+04 -4.998650e+04 1.423963e+03
2.929293e-03 4.353761e+04 1.840828e+02 1.869742e+03 -5.913458e+04 1.320974e+03 5.320718e+04 -6.117465e+04 1.882547e+03 1.923185e+03 5.913171e+04 -3.351706e+04 1.256887e+02 6.117490e+04 1.935943e+03 8.982382e+02 -4.096813e+04 2.294928e+03 6.738965e+04 -3.820070e+04 -9.843590e+00 -6.971607e+04 -2.309213e+03 -9.157175e+02 4.668869e+04 -3.819996e+04 -3.146004e+02 -1.561227e+03 5.188861e+04 1.267081e+03 4.668821e+04 -5.368030e+04 1.572628e+03
3.131313e-03 4.929626e+04 2.294759e+02 2.059443e+03 -6.394883e+04 1.399257e+03 6.023714e+04 -6.611036e+04 2.074555e+03 2.120049e+03 6.394534e+04 -3.795021e+04 1.566666e+02 6.611115e+04 2.135114e+03 9.513588e+02 -4.638112e+04 2.528913e+03 7.287601e+04 -4.325337e+04 1.928134e+01 -7.534148e+04 -2.545805e+03 -9.710751e+02 5.285744e+04 -4.325256e+04 -3.606084e+02 -1.720271e+03 5.611255e+04 1.340954e+03 5.285692e+04 -5.801134e+04 1.733710e+03
3.333333e-03 5.590875e+04 2.838098e+02 2.266085e+03 -6.962032e+04 1.490994e+03 6.830794e+04 -7.192425e+04 2.283965e+03 2.334944e+03 6.961608e+04 -4.304064e+04 1.937456e+02 7.192569e+04 2.352778e+03 1.013603e+03 -5.259556e+04 2.784086e+03 7.933927e+04 -4.905519e+04 5.463546e+01 -8.196781e+04 -2.804110e+03 -1.036223e+03 5.993953e+04 -4.905429e+04 -4.151854e+02 -1.893690e+03 6.108861e+04 1.427239e+03 5.993896e+04 -6.311298e+04 1.909571e+03
3.535354e-03 6.357941e+04 3.492921e+02 2.492994e+03 -7.634164e+04 1.599144e+03 7.766857e+04 -7.881356e+04 2.514222e+03 2.571464e+03 7.633652e+04 -4.894565e+04 2.384316e+02 7.881579e+04 2.592648e+03 1.086977e+03 -5.980318e+04 3.064640e+03 8.699893e+04 -5.578542e+04 9.784791e+01 -8.981985e+04 -3.088457e+03 -1.113376e+03 6.815345e+04 -5.578442e+04 -4.803554e+02 -2.084325e+03 6.698578e+04 1.528609e+03 6.815282e+04 -6.915831e+04 2.103158e+03
3.737374e-03 7.257600e+04 4.288700e+02 2.744374e+03 -8.436640e+04 1.727617e+03 8.864531e+04 -8.703802e+04 2.769686e+03 2.834165e+03 8.436021e+04 -5.587136e+04 2.927357e+02 8.704121e+04 2.859437e+03 1.174130e+03 -6.825523e+04 3.375882e+03 9.614398e+04 -6.367902e+04 1.511059e+02 -9.919362e+04 -3.404332e+03 -1.205462e+03 7.778552e+04 -6.367791e+04 -5.588092e+02 -2.295777e+03 7.402655e+04 1.648578e+03 7.778482e+04 -7.637522e+04 2.318210e+03
3.939394e-03 8.325592e+04 5.265505e+02 3.025637e+03 -9.403415e+04 1.881661e+03 1.016736e+05 -9.694540e+04 3.055980e+03 3.128935e+03 9.402664e+04 -6.409289e+04 3.593915e+02 9.694976e+04 3.159245e+03 1.278619e+03 -7.828698e+04 3.724662e+03 1.071614e+05 -7.304954e+04 2.173985e+02 -1.104855e+05 -3.758824e+03 -1.316432e+03 8.921782e+04 -7.304831e+04 -6.541888e+02 -2.532689e+03 8.250885e+04 1.791860e+03 8.921706e+04 -8.506890e+04 2.559554e+03
4.141414e-03 9.610608e+04 6.478969e+02 3.343906e+03 -1.058086e+05 2.068488e+03 1.173466e+05 -1.090107e+05 3.380519e+03 3.463552e+03 1.057995e+05 -7.398507e+04 4.421944e+02 1.090165e+05 3.500142e+03 1.405332e+03 -9.035524e+04 4.120009e+03 1.205796e+05 -8.432420e+04 3.008977e+02 -1.242369e+05 -4.161295e+03 -1.451725e+03 1.029709e+05 -8.432282e+04 -7.715295e+02 -2.801182e+03 9.283950e+04 1.964911e+03 1.029701e+05 -9.565618e+04 2.833568e+03
4.343434e-03 1.118060e+05 8.008287e+02 3.708796e+03 -1.203378e+05 2.298248e+03 1.364924e+05 -1.238981e+05 3.753326e+03 3.848556e+03 1.203267e+05 -8.607099e+04 5.465470e+02 1.239057e+05 3.893078e+03 1.561146e+03 -1.050975e+05 4.574137e+03 1.371371e+05 -9.809922e+04 4.075720e+02 -1.412047e+05 -4.624425e+03 -1.619022e+03 1.197713e+05 -9.809767e+04 -9.179686e+02 -3.109539e+03 1.055872e+05 2.176798e+03 1.197704e+05 -1.087198e+05 3.148893e+03
4.545455e-03 1.313315e+05 9.969615e+02 4.133685e+03 -1.385534e+05 2.585677e+03 1.602993e+05 -1.425622e+05 4.188369e+03 4.298672e+03 1.385397e+05 -1.011017e+05 6.803729e+02 1.425722e+05 4.353371e+03 1.756049e+03 -1.234289e+05 5.104080e+03 1.578956e+05 -1.152307e+05 5.462176e+02 -1.624771e+05 -5.165922e+03 -1.829507e+03 1.406619e+05 -1.152289e+05 -1.103932e+03 -3.469303e+03 1.215691e+05 2.440646e+03 1.406609e+05 -1.250975e+05 3.517596e+03
4.747475e-03 1.561322e+05 1.253968e+03 4.637892e+03 -1.618403e+05 2.952972e+03 1.905336e+05 -1.664230e+05 4.705855e+03 4.835259e+03 1.618232e+05 -1.201934e+05 8.557262e+02 1.664360e+05 4.903269e+03 2.005081e+03 -1.467096e+05 5.734491e+03 1.844333e+05 -1.369905e+05 7.302785e+02 -1.896724e+05 -5.811449e+03 -2.100075e+03 1.671926e+05 -1.369885e+05 -1.345220e+03 -3.897188e+03 1.420005e+05 2.776180e+03 1.671915e+05 -1.460353e+05 3.957165e+03
4.949495e-03 1.884567e+05 1.599994e+03 5.250659e+03 -1.923469e+05 3.435166e+03 2.299343e+05 -1.976843e+05 5.336405e+03 5.490786e+03 1.923254e+05 -1.450768e+05 1.091804e+03 1.977014e+05 5.576625e+03 2.331986e+03 -1.770484e+05 6.502773e+03 2.191985e+05 -1.653517e+05 9.812595e+02 -2.253024e+05 -6.599982e+03 -2.457468e+03 2.017668e+05 -1.653493e+05 -1.666903e+03 -4.418544e+03 1.687662e+05 3.214456e+03 2.017655e+05 -1.734671e+05 4.494166e+03
5.151515e-03 2.319898e+05 2.082611e+03 6.019029e+03 -2.335939e+05 4.090989e+03 2.829896e+05 -2.399598e+05 6.129332e+03 6.317727e+03 2.335663e+05 -1.785884e+05 1.421049e+03 2.399825e+05 6.428194e+03 2.776565e+03 -2.179015e+05 7.469243e+03 2.662034e+05 -2.035470e+05 1.335651e+03 -2.734860e+05 -7.594428e+03 -2.946639e+03 2.483231e+05 -2.035442e+05 -2.111205e+03 -5.074255e+03 2.049553e+05 3.807416e+03 2.483216e+05 -2.105639e+05 5.171480e+03
5.353535e-03 2.932383e+05 2.788941e+03 7.025248e+03 -2.917973e+05 5.027261e+03 3.576255e+05 -2.996349e+05 7.170898e+03 7.408234e+03 2.917610e+05 -2.257373e+05 1.902868e+03 2.996657e+05 7.554159e+03 3.411216e+03 -2.753721e+05 8.739605e+03 3.325316e+05 -2.572856e+05 1.860522e+03 -3.415009e+05 -8.905072e+03 -3.649556e+03 3.138165e+05 -2.572822e+05 -2.755205e+03 -5.935963e+03 2.560215e+05 4.649332e+03 3.138147e+05 -2.629290e+05 6.064282e+03
5.555556e-03 3.850084e+05 3.898166e+03 8.431489e+03 -3.791844e+05 6.462508e+03 4.694406e+05 -3.892853e+05 8.631174e+03 8.944796e+03 3.791349e+05 -2.963813e+05 2.659426e+03 3.893284e+05 9.144937e+03 4.384063e+03 -3.614713e+05 1.052275e+04 4.321174e+05 -3.378031e+05 2.694246e+03 -4.436802e+05 -1.074982e+04 -4.734298e+03 4.119350e+05 -3.377989e+05 -3.756978e+03 -7.145260e+03 3.326926e+05 5.932683e+03 4.119329e+05 -3.415975e+05 7.321115e+03
5.757576e-03 5.373275e+05 5.853839e+03 1.062519e+04 -5.244057e+05 8.935950e+03 6.550117e+05 -5.384235e+05 1.091603e+04 1.136505e+04 5.243341e+05 -4.136353e+05 3.993078e+03 5.384871e+05 1.165667e+04 6.060658e+03 -5.043639e+05 1.331874e+04 5.976105e+05 -4.714453e+05 4.180240e+03 -6.136609e+05 -1.364973e+04 -6.616446e+03 5.747748e+05 -4.714395e+05 -5.506884e+03 -9.041114e+03 4.601059e+05 8.131637e+03 5.747722e+05 -4.724668e+05 9.297162e+03
5.959596e-03 8.496512e+05 1.022887e+04 1.494502e+04 -8.222546e+05 1.435882e+04 1.035493e+06 -8.449146e+05 1.542447e+04 1.618556e+04 8.221371e+05 -6.540596e+05 6.975786e+03 8.450206e+05 1.666656e+04 9.736945e+03 -7.973408e+05 1.885790e+04 9.370366e+05 -7.454729e+05 7.538574e+03 -9.629852e+05 -1.940398e+04 -1.077142e+04 9.086501e+05 -7.454639e+05 -9.386667e+03 -1.279665e+04 7.214303e+05 1.292474e+04 9.086462e+05 -7.414141e+05 1.321869e+04
6.161616e-03 2.773977e+06 4.245979e+04 4.277389e+04 -2.654040e+06 5.377551e+04 3.379903e+06 -2.740452e+06 4.439913e+04 4.767253e+04 2.653641e+06 -2.135395e+06 2.893756e+04 2.740813e+06 4.930474e+04 3.646971e+04 -2.602575e+06 5.480065e+04 3.024523e+06 -2.433849e+06 3.251885e+04 -3.123424e+06 -5.665344e+04 -4.119333e+04 2.965888e+06 -2.433815e+06 -3.771621e+04 -3.717064e+04 2.328589e+06 4.755569e+04 2.965875e+06 -2.404756e+06 3.860162e+04
6.363636e-03 -2.014616e+06 -4.152822e+04 -2.656360e+04 1.902292e+06 -4.829244e+04 -2.454065e+06 1.980762e+06 -2.778746e+04 -3.116427e+04 -1.901990e+06 1.550838e+06 -2.828337e+04 -1.981036e+06 -3.239559e+04 -3.275868e+04 1.889678e+06 -3.498564e+04 -2.167832e+06 1.767596e+06 -3.276444e+04 2.257577e+06 3.638249e+04 3.775319e+04 -2.153464e+06 1.767566e+06 3.590780e+04 2.371749e+04 -1.669012e+06 -4.195520e+04 -2.153456e+06 1.738129e+06 -2.479586e+04
6.565657e-03 -1.090672e+06 -2.548541e+04 -1.166299e+04 1.023965e+06 -2.828826e+04 -1.328233e+06 1.069525e+06 -1.235307e+04 -1.442454e+04 -1.023796e+06 8.395876e+05 -1.735301e+04 -1.069680e+06 -1.511969e+04 -1.918823e+04 1.022770e+06 -1.581574e+04 -1.166898e+06 9.569374e+05 -2.039175e+04 1.218998e+06 1.660415e+04 2.235962e+04 -1.165539e+06 9.569212e+05 2.174693e+04 1.071378e+04 -8.983914e+05 -2.433018e+04 -1.165535e+06 9.385160e+05 -1.132205e+04
6.767677e-03 -6.846962e+05 -2.045964e+04 -5.559904e+03 6.364310e+05 -2.173231e+04 -8.336101e+05 6.711212e+05 -6.009445e+03 -7.730971e+03 -6.363214e+05 5.270699e+05 -1.392475e+04 -6.712227e+05 -8.184979e+03 -1.474359e+04 6.419024e+05 -8.061653e+03 -7.252674e+05 6.007405e+05 -1.660292e+04 7.649171e+05 8.576031e+03 1.739346e+04 -7.315034e+05 6.007290e+05 1.721888e+04 5.455312e+03 -5.583792e+05 -1.847836e+04 -7.315015e+05 5.889152e+05 -5.852008e+03
6.969697e-03 -3.692617e+05 -1.949902e+04 -1.971197e+03 3.328123e+05 -2.000004e+04 -4.494555e+05 3.643486e+05 -2.219476e+03 -4.006043e+03 -3.327506e+05 2.842530e+05 -1.326082e+04 -3.644051e+05 -4.258970e+03 -1.357516e+04 3.460959e+05 -3.627739e+03 -3.792669e+05 3.239856e+05 -1.602592e+04 4.152698e+05 3.913061e+03 1.621168e+04 -3.944043e+05 3.239758e+05 1.619637e+04 2.451679e+03 -2.919930e+05 -1.680851e+04 -3.944036e+05 3.197204e+05 -2.671759e+03
7.171717e-03 1.830547e+05 -2.201661e+04 7.608306e+02 -2.029866e+05 -2.225694e+04 2.227146e+05 -1.686130e+05 9.062412e+02 -1.520468e+03 2.029588e+05 -1.409047e+05 -1.494997e+04 1.686441e+05 -1.380803e+03 -1.512685e+04 -1.714933e+05 -4.563228e+02 2.313211e+05 -1.605983e+05 -1.827569e+04 -1.921864e+05 2.937039e+02 1.824987e+04 1.954338e+05 -1.606081e+05 1.808075e+04 3.151973e+02 1.780990e+05 -1.851901e+04 1.954330e+05 -1.479591e+05 -1.902844e+02
7.373737e-03 1.051603e+07 -3.433397e+04 2.603011e+03 -1.021487e+07 -4.241686e+04 1.279182e+07 -1.015539e+07 1.062743e+04 -1.347155e+03 1.021309e+07 -8.094852e+06 -2.291110e+04 1.015717e+07 6.666344e+03 -2.922351e+04 -9.850120e+06 1.016843e+03 1.164068e+07 -9.226352e+06 -2.858001e+04 -1.157493e+07 -1.015592e+04 3.533276e+04 1.122502e+07 -9.226370e+06 2.765738e+04 -3.191277e+02 8.962148e+06 -3.519086e+04 1.122501e+07 -8.911507e+06 7.355147e+03
7.575758e-03 -1.615633e+06 -3.200760e+04 4.880139e+03 1.532627e+06 -2.993960e+04 -1.964713e+06 1.577631e+06 3.615750e+03 1.687024e+03 -1.532347e+06 1.243654e+06 -2.180573e+04 -1.577914e+06 4.131010e+02 -2.026861e+04 1.512904e+06 3.934656e+03 -1.746551e+06 1.417498e+06 -2.679034e+04 1.798153e+06 -2.488379e+03 2.470031e+04 -1.724069e+06 1.417488e+06 2.614601e+04 -2.733038e+03 -1.344659e+06 -2.466957e+04 -1.724074e+06 1.384401e+06 1.619229e+03
7.777778e-03 -1.193911e+06 -2.709671e+04 6.801156e+03 1.128761e+06 -2.486032e+04 -1.451437e+06 1.165501e+06 5.833888e+03 4.118983e+03 -1.128548e+06 9.190244e+05 -1.845335e+04 -1.165718e+06 3.143107e+03 -1.683170e+04 1.117669e+06 6.580235e+03 -1.286309e+06 1.047492e+06 -2.284152e+04 1.328420e+06 -5.473147e+03 2.068548e+04 -1.273664e+06 1.047485e+06 2.196520e+04 -4.515702e+03 -9.903216e+05 -2.031063e+04 -1.273668e+06 1.022753e+06 3.662928e+03
7.979798e-03 -1.053893e+06 -2.608403e+04 8.879567e+03 9.946800e+05 -2.349190e+04 -1.280823e+06 1.028799e+06 7.995663e+03 6.317599e+03 -9.944885e+05 8.112406e+05 -1.775976e+04 -1.028998e+06 5.424891e+03 -1.590431e+04 9.862948e+05 9.173213e+03 -1.133511e+06 9.246429e+05 -2.212905e+04 1.172613e+06 -8.161107e+03 1.970125e+04 -1.123949e+06 9.246380e+05 2.099867e+04 -6.272223e+03 -8.726837e+05 -1.903720e+04 -1.123955e+06 9.027970e+05 5.492394e+03
8.181818e-03 -1.001518e+06 -2.670565e+04 1.121883e+04 9.442701e+05 -2.367055e+04 -1.216788e+06 9.780227e+05 1.034971e+04 8.613335e+03 -9.440845e+05 7.709212e+05 -1.817952e+04 -9.782180e+05 7.734659e+03 -1.602385e+04 9.369905e+05 1.198104e+04 -1.076063e+06 8.786887e+05 -2.278528e+04 1.114742e+06 -1.098549e+04 1.999421e+04 -1.067760e+06 8.786851e+05 2.136629e+04 -8.177431e+03 -8.284550e+05 -1.903719e+04 -1.067767e+06 8.582425e+05 7.410081e+03
8.383838e-03 -9.903021e+05 -2.838554e+04 1.388002e+04 9.329969e+05 -2.483790e+04 -1.202776e+06 9.677283e+05 1.299149e+04 1.112528e+04 -9.328100e+05 7.622844e+05 -1.931943e+04 -9.679281e+05 1.022602e+04 -1.681262e+04 9.262062e+05 1.511399e+04 -1.063214e+06 8.688459e+05 -2.433705e+04 1.103011e+06 -1.409585e+04 2.111396e+04 -1.055466e+06 8.688434e+05 2.258768e+04 -1.030451e+04 -8.185633e+05 -1.984064e+04 -1.055475e+06 8.492122e+05 9.519405e+03
8.585859e-03 -8.625660e+05 -2.790243e+04 1.448565e+04 8.102776e+05 -2.438149e+04 -1.047295e+06 8.435431e+05 1.368801e+04 1.177684e+04 -8.101127e+05 6.639580e+05 -1.898467e+04 -8.437232e+05 1.096803e+04 -1.650501e+04 8.064825e+05 1.587916e+04 -9.233651e+05 7.567746e+05 -2.397107e+04 9.614679e+05 -1.496451e+04 2.078492e+04 -9.190297e+05 7.567733e+05 2.214827e+04 -1.081853e+04 -7.108947e+05 -1.941861e+04 -9.190395e+05 7.402391e+05 1.011283e+04
8.787879e-03 1.128724e+06 1.971301e+04 -2.320006e+04 -1.087806e+06 1.409519e+04 1.369950e+06 -1.108483e+06 -2.209613e+04 -2.146158e+04 1.087578e+06 -8.688158e+05 1.344110e+04 1.108721e+06 -2.034991e+04 9.504737e+03 -1.054949e+06 -2.701639e+04 1.239621e+06 -9.902793e+05 1.776776e+04 -1.263448e+06 2.575508e+04 -1.291687e+04 1.202173e+06 -9.902802e+05 -1.484805e+04 1.838822e+04 9.543844e+05 1.028292e+04 1.202180e+06 -9.727336e+05 -1.741478e+04
8.989899e-03 6.467958e+05 1.077986e+04 -1.539891e+04 -6.266386e+05 7.174503e+03 7.847532e+05 -6.372898e+05 -1.474268e+04 -1.447868e+04 6.265050e+05 -4.978562e+05 7.352478e+03 6.374297e+05 -1.381810e+04 4.831684e+03 -6.043136e+05 -1.807738e+04 7.140909e+05 -5.674604e+05 9.892496e+03 -7.263843e+05 1.732796e+04 -6.800318e+03 6.886471e+05 -5.674614e+05 -7.945839e+03 1.229818e+04 5.497799e+05 5.001288e+03 6.886511e+05 -5.592468e+05 -1.171942e+04
9.191919e-03 4.494492e+05 7.405330e+03 -1.218217e+04 -4.375002e+05 4.641828e+03 5.451211e+05 -4.444384e+05 -1.170969e+04 -1.156671e+04 4.374052e+05 -3.459506e+05 5.051687e+03 4.445381e+05 -1.109115e+04 3.122653e+03 -4.197829e+05 -1.437186e+04 4.985554e+05 -3.943187e+05 6.901539e+03 -5.065727e+05 1.383251e+04 -4.541556e+03 4.783634e+05 -3.943197e+05 -5.353649e+03 9.773447e+03 3.838396e+05 3.090068e+03 4.783664e+05 -3.900136e+05 -9.356609e+03
9.393939e-03 3.377138e+05 5.572370e+03 -1.028582e+04 -3.302827e+05 3.306741e+03 4.094541e+05 -3.352490e+05 -9.918259e+03 -9.833762e+03 3.302097e+05 -2.599437e+05 3.801690e+03 3.353257e+05 -9.463809e+03 2.222222e+03 -3.153113e+05 -1.217753e+04 3.763741e+05 -2.962881e+05 5.268207e+03 -3.821188e+05 1.175810e+04 -3.339490e+03 3.593118e+05 -2.962890e+05 -3.954049e+03 8.278372e+03 2.897726e+05 2.094495e+03 3.593142e+05 -2.941964e+05 -7.953950e+03
9.595960e-03 2.656025e+05 4.416463e+03 -8.995542e+03 -2.610084e+05 2.488975e+03 3.219066e+05 -2.647606e+05 -8.696425e+03 -8.645235e+03 2.609498e+05 -2.044369e+05 3.013299e+03 2.648223e+05 -8.344167e+03 1.670950e+03 -2.478944e+05 -1.067876e+04 2.974317e+05 -2.330215e+05 4.232761e+03 -3.017760e+05 1.033758e+04 -2.595924e+03 2.824864e+05 -2.330224e+05 -3.076728e+03 7.257258e+03 2.289950e+05 1.492261e+03 2.824884e+05 -2.323405e+05 -6.993120e+03
9.797980e-03 2.154614e+05 3.622869e+03 -8.045101e+03 -2.127840e+05 1.943357e+03 2.610391e+05 -2.157229e+05 -7.794164e+03 -7.763806e+03 2.127355e+05 -1.658415e+05 2.471969e+03 2.157741e+05 -7.511219e+03 1.303301e+03 -2.010227e+05 -9.571131e+03 2.424770e+05 -1.890304e+05 3.518216e+03 -2.458828e+05 9.285030e+03 -2.094786e+03 2.290734e+05 -1.890313e+05 -2.477987e+03 6.502664e+03 1.866855e+05 1.095662e+03 2.290751e+05 -1.893082e+05 -6.280952e+03
1.000000e-02 1.788272e+05 3.046646e+03 -7.308442e+03 -1.775072e+05 1.558201e+03 2.165737e+05 -1.798701e+05 -7.093166e+03 -7.076658e+03 1.774661e+05 -1.376430e+05 2.078883e+03 1.799135e+05 -6.859954e+03 1.043883e+03 -1.667815e+05 -8.710217e+03 2.022769e+05 -1.568897e+05 2.996804e+03 -2.050177e+05 8.464891e+03 -1.737370e+03 1.900537e+05 -1.568905e+05 -2.045798e+03 5.916174e+03 1.557355e+05 8.194825e+02 1.900552e+05 -1.578462e+05 -5.725860e+03
