-1.000000e-02 -1.280444e+03 3.371820e+03 3.075479e+03 -1.922751e+04 -2.293150e+03 -6.947205e+04 -2.335379e+04 2.502798e+03 3.036135e+03 1.914825e+04 9.354727e+02 2.316278e+03 2.343317e+04 2.459162e+03 -1.584808e+03 5.353785e+04 3.696692e+03 2.190974e+04 1.098410e+03 3.073221e+03 -2.670218e+04 -3.049852e+03 1.663794e+03 -6.098870e+04 1.093349e+03 -2.525377e+03 -2.516998e+03 1.680482e+04 -2.154697e+03 -6.098488e+04 -2.049531e+04 2.005572e+03
-9.797980e-03 -1.287905e+03 3.522867e+03 3.140574e+03 -1.992255e+04 -2.375063e+03 -7.381405e+04 -2.440786e+04 2.546292e+03 3.098779e+03 1.984000e+04 9.401081e+02 2.419667e+03 2.449049e+04 2.500071e+03 -1.641218e+03 5.688193e+04 3.773850e+03 2.270183e+04 1.104478e+03 3.205268e+03 -2.790713e+04 -3.102140e+03 1.727466e+03 -6.479933e+04 1.099061e+03 -2.643705e+03 -2.569686e+03 1.741179e+04 -2.227198e+03 -6.479527e+04 -2.142022e+04 2.039373e+03
-9.595960e-03 -1.294492e+03 3.685128e+03 3.208874e+03 -2.065410e+04 -2.461451e+03 -7.853681e+04 -2.553871e+04 2.591353e+03 3.164411e+03 2.056804e+04 9.440232e+02 2.530728e+03 2.562479e+04 2.542319e+03 -1.700720e+03 6.051920e+04 3.854752e+03 2.353554e+04 1.109768e+03 3.347130e+03 -2.919980e+04 -3.156300e+03 1.794610e+03 -6.894409e+04 1.103963e+03 -2.770801e+03 -2.624928e+03 1.805059e+04 -2.303678e+03 -6.893976e+04 -2.241248e+04 2.074283e+03
-9.393939e-03 -1.300046e+03 3.859795e+03 3.280650e+03 -2.142454e+04 -2.552631e+03 -8.368412e+04 -2.675435e+04 2.638074e+03 3.233274e+03 2.133474e+04 9.470918e+02 2.650278e+03 2.684413e+04 2.585972e+03 -1.763534e+03 6.448340e+04 3.939708e+03 2.441358e+04 1.114142e+03 3.499851e+03 -3.058939e+04 -3.212439e+03 1.865471e+03 -7.346142e+04 1.107910e+03 -2.907596e+03 -2.682934e+03 1.872331e+04 -2.384419e+03 -7.345679e+04 -2.347916e+04 2.110358e+03
-9.191919e-03 -1.304381e+03 4.048235e+03 3.356206e+03 -2.223646e+04 -2.648942e+03 -8.930621e+04 -2.806397e+04 2.686554e+03 3.305644e+03 2.214263e+04 9.491672e+02 2.779249e+03 2.815770e+04 2.631100e+03 -1.829896e+03 6.881319e+04 4.029068e+03 2.533888e+04 1.117436e+03 3.664630e+03 -3.208638e+04 -3.270675e+03 1.940312e+03 -7.839539e+04 1.110736e+03 -3.055156e+03 -2.743942e+03 1.943217e+04 -2.469726e+03 -7.839044e+04 -2.462830e+04 2.147657e+03
-8.989899e-03 -1.307283e+03 4.252016e+03 3.435886e+03 -2.309259e+04 -2.750755e+03 -9.546088e+04 -2.947810e+04 2.736906e+03 3.381830e+03 2.299445e+04 9.500788e+02 2.918714e+03 2.957605e+04 2.677779e+03 -1.900064e+03 7.355308e+04 4.123230e+03 2.631457e+04 1.119461e+03 3.842839e+03 -3.370279e+04 -3.331139e+03 2.019419e+03 -8.379672e+04 1.112246e+03 -3.214707e+03 -2.808224e+03 2.017958e+04 -2.559932e+03 -8.379141e+04 -2.586913e+04 2.186245e+03
-8.787879e-03 -1.308498e+03 4.472950e+03 3.520086e+03 -2.399586e+04 -2.858471e+03 -1.022149e+05 -3.100886e+04 2.789256e+03 3.462188e+03 2.389309e+04 9.496269e+02 3.069912e+03 3.111135e+04 2.726092e+03 -1.974317e+03 7.875450e+04 4.222645e+03 2.734401e+04 1.119996e+03 4.036068e+03 -3.545248e+04 -3.393974e+03 2.103102e+03 -8.972403e+04 1.112212e+03 -3.387661e+03 -2.876087e+03 2.096806e+04 -2.655397e+03 -8.971832e+04 -2.721230e+04 2.226193e+03
-8.585859e-03 -1.307731e+03 4.713142e+03 3.609259e+03 -2.494943e+04 -2.972522e+03 -1.096460e+05 -3.267033e+04 2.843744e+03 3.547124e+03 2.484166e+04 9.475779e+02 3.234281e+03 3.277771e+04 2.776133e+03 -2.052959e+03 8.447722e+04 4.327835e+03 2.843076e+04 1.118782e+03 4.246159e+03 -3.735153e+04 -3.459346e+03 2.191694e+03 -9.624542e+04 1.110369e+03 -3.575659e+03 -2.947887e+03 2.180035e+04 -2.756513e+03 -9.623928e+04 -2.867016e+04 2.267581e+03
-8.383838e-03 -1.304633e+03 4.975050e+03 3.703930e+03 -2.595662e+04 -3.093382e+03 -1.178446e+05 -3.447893e+04 2.900531e+03 3.637110e+03 2.584345e+04 9.436568e+02 3.413502e+03 3.459157e+04 2.828004e+03 -2.136318e+03 9.079100e+04 4.439400e+03 2.957863e+04 1.115514e+03 4.475269e+03 -3.941868e+04 -3.527439e+03 2.285561e+03 -1.034404e+05 1.106402e+03 -3.780621e+03 -3.024033e+03 2.267934e+04 -2.863707e+03 -1.034338e+05 -3.025712e+04 2.310498e+03
-8.181818e-03 -1.298795e+03 5.261566e+03 3.804711e+03 -2.702098e+04 -3.221560e+03 -1.269172e+05 -3.645392e+04 2.959802e+03 3.732691e+03 2.690195e+04 9.375390e+02 3.609552e+03 3.657226e+04 2.881825e+03 -2.224754e+03 9.777776e+04 4.558043e+03 3.079166e+04 1.109830e+03 4.725932e+03 -4.167597e+04 -3.598466e+03 2.385093e+03 -1.114023e+05 1.099941e+03 -4.004801e+03 -3.105004e+03 2.360809e+04 -2.977439e+03 -1.113952e+05 -3.199008e+04 2.355047e+03
-7.979798e-03 -1.289728e+03 5.576114e+03 3.912322e+03 -2.814625e+04 -3.357609e+03 -1.369895e+05 -3.861809e+04 3.021774e+03 3.834511e+03 2.802086e+04 9.288395e+02 3.824770e+03 3.874261e+04 2.937730e+03 -2.318654e+03 1.055343e+05 4.684585e+03 3.207411e+04 1.101304e+03 5.001150e+03 -4.414940e+04 -3.672674e+03 2.490717e+03 -1.202416e+05 1.090546e+03 -4.250869e+03 -3.191361e+03 2.458984e+04 -3.098215e+03 -1.202338e+05 -3.388905e+04 2.401344e+03
-7.777778e-03 -1.276850e+03 5.922785e+03 4.027617e+03 -2.933636e+04 -3.502127e+03 -1.482111e+05 -4.099863e+04 3.086700e+03 3.943330e+03 2.920403e+04 9.170989e+02 4.061953e+03 4.112986e+04 2.995877e+03 -2.418439e+03 1.141758e+05 4.820005e+03 3.343046e+04 1.089426e+03 5.304508e+03 -4.687004e+04 -3.750356e+03 2.602891e+03 -1.300893e+05 1.077695e+03 -4.522014e+03 -3.283769e+03 2.562797e+04 -3.226579e+03 -1.300809e+05 -3.597786e+04 2.449527e+03
-7.575758e-03 -1.259463e+03 6.306503e+03 4.151620e+03 -3.059539e+04 -3.655760e+03 -1.607614e+05 -4.362823e+04 3.154885e+03 4.060062e+03 3.045548e+04 9.017667e+02 4.324466e+03 4.376678e+04 3.056455e+03 -2.524567e+03 1.238404e+05 4.965473e+03 3.486538e+04 1.073585e+03 5.640325e+03 -4.987521e+04 -3.831860e+03 2.722110e+03 -1.411030e+05 1.060757e+03 -4.822076e+03 -3.383026e+03 2.672600e+04 -3.363125e+03 -1.410938e+05 -3.828520e+04 2.499760e+03
-7.373737e-03 -1.236726e+03 6.733262e+03 4.285573e+03 -3.192757e+04 -3.819203e+03 -1.748574e+05 -4.654659e+04 3.226702e+03 4.185808e+03 3.177931e+04 8.821781e+02 4.616404e+03 4.669317e+04 3.119692e+03 -2.637531e+03 1.346952e+05 5.122405e+03 3.638365e+04 1.053043e+03 6.013858e+03 -5.321028e+04 -3.917610e+03 2.848904e+03 -1.534731e+05 1.038974e+03 -5.155724e+03 -3.490098e+03 2.788755e+04 -3.508495e+03 -1.534630e+05 -4.084592e+04 2.552243e+03
-7.171717e-03 -1.207613e+03 7.210435e+03 4.430998e+03 -3.333713e+04 -3.993202e+03 -1.907640e+05 -4.980253e+04 3.302610e+03 4.321924e+03 3.317966e+04 8.575240e+02 4.942806e+03 4.995794e+04 3.185871e+03 -2.757863e+03 1.469442e+05 5.292542e+03 3.799013e+04 1.026902e+03 6.431570e+03 -5.693099e+04 -4.008130e+03 2.983840e+03 -1.674321e+05 1.011422e+03 -5.528705e+03 -3.606171e+03 2.911623e+04 -3.663382e+03 -1.674210e+05 -4.370285e+04 2.607226e+03
-6.969697e-03 -1.170868e+03 7.747204e+03 4.589794e+03 -3.482827e+04 -4.178549e+03 -2.088088e+05 -5.345678e+04 3.383191e+03 4.470092e+03 3.466058e+04 8.268116e+02 5.309945e+03 5.362195e+04 3.255353e+03 -2.886135e+03 1.608395e+05 5.478048e+03 3.968959e+04 9.940624e+02 6.901515e+03 -6.110671e+04 -4.104082e+03 3.127518e+03 -1.832674e+05 9.769679e+02 -5.948172e+03 -3.732721e+03 3.041560e+04 -3.828533e+03 -1.832552e+05 -4.690928e+04 2.665025e+03
-6.767677e-03 -1.124933e+03 8.355176e+03 4.764358e+03 -3.640493e+04 -4.376080e+03 -2.294017e+05 -5.758604e+04 3.469196e+03 4.632441e+03 3.622583e+04 7.888092e+02 5.725752e+03 5.776207e+04 3.328607e+03 -3.022954e+03 1.766969e+05 5.681660e+03 4.148652e+04 9.531586e+02 7.433875e+03 -6.582502e+04 -4.206319e+03 3.280566e+03 -2.013387e+05 9.342046e+02 -6.423168e+03 -3.871613e+03 3.178896e+04 -4.004747e+03 -2.013253e+05 -5.053251e+04 2.726054e+03
-6.565657e-03 -1.067850e+03 9.049262e+03 4.957780e+03 -3.807055e+04 -4.586664e+03 -2.530634e+05 -6.228879e+04 3.561615e+03 4.811710e+03 3.787863e+04 7.419700e+02 6.200413e+03 6.247697e+04 3.406260e+03 -3.168960e+03 1.949173e+05 5.906902e+03 4.338484e+04 9.024783e+02 8.041728e+03 -7.119839e+04 -4.315966e+03 3.443629e+03 -2.221031e+05 8.813655e+02 -6.965306e+03 -4.025249e+03 3.323912e+04 -4.192869e+03 -2.220881e+05 -5.465896e+04 2.790866e+03
-6.363636e-03 -9.971299e+02 9.848995e+03 5.174122e+03 -3.982764e+04 -4.811177e+03 -2.804678e+05 -6.769401e+04 3.661790e+03 5.011502e+03 3.962118e+04 6.843223e+02 6.747274e+03 6.789589e+04 3.489175e+03 -3.324816e+03 2.160196e+05 6.158408e+03 4.538742e+04 8.398407e+02 8.742209e+03 -7.737410e+04 -4.434548e+03 3.617350e+03 -2.461517e+05 8.161988e+02 -7.589799e+03 -4.196787e+03 3.476805e+04 -4.393782e+03 -2.461350e+05 -5.940178e+04 2.860221e+03
-6.161616e-03 -9.095433e+02 1.078055e+04 5.418857e+03 -4.167716e+04 -5.050466e+03 -3.125054e+05 -7.397450e+04 3.771587e+03 5.236670e+03 4.145407e+04 6.133071e+02 7.384216e+03 7.419199e+04 3.578573e+03 -3.491183e+03 2.406894e+05 6.442421e+03 4.749535e+04 7.624189e+02 9.558284e+03 -8.454951e+04 -4.564185e+03 3.802330e+03 -2.742661e+05 7.357817e+02 -8.317031e+03 -4.390483e+03 3.637622e+04 -4.608382e+03 -2.742473e+05 -6.491262e+04 2.935197e+03
-5.959596e-03 -8.008112e+02 1.187998e+04 5.699578e+03 -4.361746e+04 -5.305272e+03 -3.503838e+05 -8.136836e+04 3.893688e+03 5.493945e+03 4.337510e+04 5.255277e+02 8.135867e+03 8.160384e+04 3.676242e+03 -3.668685e+03 2.698566e+05 6.767599e+03 4.970676e+04 6.664661e+02 1.052158e+04 -9.299648e+04 -4.707923e+03 3.999064e+03 -3.075060e+05 6.362347e+02 -9.175074e+03 -4.612240e+03 3.806172e+04 -4.837533e+03 -3.074847e+05 -7.140039e+04 3.017368e+03
-5.757576e-03 -6.651015e+02 1.319863e+04 6.027184e+03 -4.564258e+04 -5.576096e+03 -3.957945e+05 -9.021483e+04 4.032092e+03 5.792996e+03 4.537756e+04 4.163470e+02 9.037296e+03 9.047135e+04 3.784897e+03 -3.857830e+03 3.048237e+05 7.146378e+03 5.201486e+04 5.468763e+02 1.167715e+04 -1.031024e+05 -4.870308e+03 4.207821e+03 -3.473557e+05 5.122618e+02 -1.020390e+04 -4.870532e+03 3.981866e+04 -5.081989e+03 -3.473314e+05 -7.916277e+04 3.109127e+03
-5.555556e-03 -4.941752e+02 1.481272e+04 6.418017e+03 -4.773929e+04 -5.862944e+03 -4.512043e+05 -1.010180e+05 4.193029e+03 6.148318e+03 4.744711e+04 2.791997e+02 1.014057e+04 1.012996e+05 3.908850e+03 -4.058872e+03 3.474901e+05 7.597400e+03 5.440456e+04 3.964356e+02 1.309186e+04 -1.154429e+05 -5.058424e+03 4.428419e+03 -3.959799e+05 3.563645e+02 -1.146284e+04 -5.178068e+03 4.163445e+04 -5.342225e+03 -3.959519e+05 -8.864210e+04 3.214271e+03
-5.353535e-03 -2.758218e+02 1.684162e+04 6.897948e+03 -4.988161e+04 -6.164805e+03 -5.204047e+05 -1.145685e+05 4.386754e+03 6.582876e+03 4.955602e+04 1.043314e+02 1.152723e+04 1.148807e+05 4.055328e+03 -4.271511e+03 4.007753e+05 8.150189e+03 5.684626e+04 2.044522e+02 1.487048e+04 -1.309207e+05 -5.283939e+03 4.659763e+03 -4.567060e+05 1.574029e+02 -1.304483e+04 -5.554974e+03 4.348476e+04 -5.618109e+03 -4.566731e+05 -1.005321e+05 3.339153e+03
-5.151515e-03 9.284869e+00 1.948614e+04 7.511025e+03 -5.201989e+04 -6.478514e+03 -6.096510e+05 -1.321981e+05 4.631412e+03 7.135774e+03 5.165175e+04 -1.237425e+02 1.333444e+04 1.325490e+05 4.237331e+03 -4.494250e+03 4.694960e+05 8.855014e+03 5.928341e+04 -4.599648e+01 1.718921e+04 -1.510565e+05 -5.567504e+03 4.898853e+03 -5.350231e+05 -1.023065e+02 -1.510619e+04 -6.035516e+03 4.532347e+04 -5.908160e+03 -5.349838e+05 -1.160013e+05 3.495203e+03
-4.949495e-03 3.947756e+02 2.311967e+04 8.340204e+03 -5.405601e+04 -6.795945e+03 -7.303470e+05 -1.563876e+05 4.962471e+03 7.880690e+03 5.363077e+04 -4.320617e+02 1.581725e+04 1.567900e+05 4.480663e+03 -4.722780e+03 5.624332e+05 9.806566e+03 6.160417e+04 -3.843609e+02 2.037570e+04 -1.786828e+05 -5.949507e+03 5.138318e+03 -6.409387e+05 -4.536416e+02 -1.793754e+04 -6.684243e+03 4.705974e+04 -6.207714e+03 -6.408904e+05 -1.372266e+05 3.705086e+03
-4.747475e-03 9.484485e+02 2.855052e+04 9.567552e+03 -5.577573e+04 -7.095648e+03 -9.067022e+05 -1.925175e+05 5.460579e+03 8.979377e+03 5.526716e+04 -8.753566e+02 1.952777e+04 1.929945e+05 4.844810e+03 -4.945159e+03 6.982289e+05 1.121270e+04 6.356443e+04 -8.700143e+02 2.513929e+04 -2.199434e+05 -6.521812e+03 5.359092e+03 -7.956978e+05 -9.590986e+02 -2.216807e+04 -7.642845e+03 4.849531e+04 -6.503414e+03 -7.956358e+05 -1.689291e+05 4.021034e+03
-4.545455e-03 1.847445e+03 3.805910e+04 1.171424e+04 -5.659647e+04 -7.308733e+03 -1.205718e+06 -2.557950e+05 6.364479e+03 1.089495e+04 5.594538e+04 -1.597298e+03 2.602368e+04 2.563988e+05 5.508029e+03 -5.122035e+03 9.284763e+05 1.366844e+04 6.450029e+04 -1.658092e+03 3.348115e+04 -2.922020e+05 -7.556430e+03 5.500531e+03 -1.058099e+06 -1.782728e+03 -2.957278e+04 -9.316954e+03 4.908999e+04 -6.750639e+03 -1.058012e+06 -2.244527e+05 4.599511e+03
-4.343434e-03 3.962833e+03 6.389216e+04 1.762580e+04 -5.363728e+04 -7.029179e+03 -1.980233e+06 -4.280236e+05 9.022249e+03 1.615636e+04 5.260725e+04 -3.308537e+03 4.367045e+04 4.289623e+05 7.488389e+03 -5.017830e+03 1.524871e+06 2.042284e+04 6.112890e+04 -3.511465e+03 5.614857e+04 -4.888635e+05 -1.058947e+04 5.206704e+03 -1.737778e+06 -3.735971e+03 -4.968432e+04 -1.392144e+04 4.616006e+04 -6.680743e+03 -1.737622e+06 -3.755772e+05 6.333979e+03
-4.141414e-03 5.964983e+03 7.675177e+04 2.000723e+04 -5.080107e+04 -7.499692e+03 -2.446829e+06 -5.129473e+05 9.560437e+03 1.827947e+04 4.958253e+04 -4.880925e+03 5.245391e+04 5.140503e+05 7.759079e+03 -5.377555e+03 1.884142e+06 2.314611e+04 5.789752e+04 -5.265674e+03 6.743034e+04 -5.858352e+05 -1.120703e+04 5.565579e+03 -2.147225e+06 -5.530660e+03 -5.969651e+04 -1.577769e+04 4.350525e+04 -7.144777e+03 -2.147038e+06 -4.500936e+05 6.568239e+03
-3.939394e-03 1.715976e+03 1.163029e+04 4.771844e+03 -6.928174e+04 -1.033196e+04 -6.151736e+05 -7.659340e+04 2.145373e+03 4.745251e+03 6.900083e+04 -1.394418e+03 7.971654e+03 7.687226e+04 2.117215e+03 -7.088677e+03 4.737022e+05 5.754045e+03 7.895730e+04 -1.545082e+03 1.027912e+04 -8.760794e+04 -2.761336e+03 7.988293e+03 -5.398254e+05 -1.549074e+03 -9.011133e+03 -3.921424e+03 6.054549e+04 -9.156454e+03 -5.398211e+05 -6.720748e+04 1.614143e+03
-3.737374e-03 -4.912000e+03 -5.706159e+04 -9.915517e+03 -9.808388e+04 -1.262302e+04 1.490532e+06 3.815916e+05 -3.837402e+03 -8.301246e+03 9.878257e+04 3.910592e+03 -3.894472e+04 -3.821638e+05 -2.158957e+03 -8.429040e+03 -1.147715e+06 -1.101225e+04 1.117793e+05 4.259199e+03 -5.000406e+04 4.355330e+05 4.052801e+03 9.931991e+03 1.308024e+06 4.508709e+03 4.444910e+04 7.507684e+03 8.667971e+04 -1.074983e+04 1.307855e+06 3.348323e+05 -2.141080e+03
-3.535354e-03 7.574547e+03 5.387925e+04 1.309116e+04 -5.701356e+04 -1.103256e+04 -2.096361e+06 -3.529017e+05 4.541348e+03 1.214898e+04 5.612060e+04 -6.014641e+03 3.682817e+04 3.537148e+05 3.561993e+03 -7.697885e+03 1.614202e+06 1.525959e+04 6.497817e+04 -6.677323e+03 4.734730e+04 -4.031135e+05 -5.498233e+03 8.470654e+03 -1.839603e+06 -6.823284e+03 -4.190146e+04 -1.040064e+04 4.924174e+04 -9.983518e+03 -1.839500e+06 -3.096560e+05 2.876955e+03
-3.333333e-03 -8.048522e+03 -6.933752e+04 -1.106155e+04 -1.241637e+05 -1.371825e+04 2.007015e+06 4.606557e+05 -3.095721e+03 -9.308947e+03 1.250103e+05 6.335366e+03 -4.732074e+04 -4.613409e+05 -1.276996e+03 -9.147501e+03 -1.545370e+06 -1.231479e+04 1.415010e+05 7.005408e+03 -6.078227e+04 5.257700e+05 3.202345e+03 1.074839e+04 1.761223e+06 7.278012e+03 5.398825e+04 8.394800e+03 1.096938e+05 -1.171325e+04 1.761038e+06 4.042058e+05 -1.371208e+03
-3.131313e-03 -1.022988e+03 -1.790757e+04 -1.021812e+03 -1.027590e+05 -1.377266e+04 2.270891e+05 1.237949e+05 -1.748852e+02 -3.849081e+02 1.028698e+05 7.939603e+02 -1.219564e+04 -1.238423e+05 4.852055e+02 -9.343724e+03 -1.748484e+05 -8.499878e+02 1.171094e+05 8.518781e+02 -1.565500e+04 1.411374e+05 -1.277171e+02 1.071494e+04 1.992978e+05 9.512917e+02 1.395700e+04 5.801567e+02 9.026438e+04 -1.201855e+04 1.992304e+05 1.086250e+05 1.739630e+02
-2.929293e-03 1.102118e+02 -1.157544e+04 2.430551e+02 -1.050422e+05 -1.456954e+04 -3.232002e+04 8.420291e+04 7.217783e+01 7.402657e+02 1.050555e+05 -9.449755e+01 -7.869480e+03 -8.416233e+04 5.869757e+02 -9.906964e+03 2.489033e+04 5.949678e+02 1.197121e+05 -1.408109e+02 -1.010239e+04 9.591583e+04 -4.098349e+02 1.132452e+04 -2.833663e+04 -6.297153e+01 9.023057e+03 -4.047231e+02 9.218178e+04 -1.275016e+04 -2.838923e+04 7.388474e+04 2.628302e+02
-2.727273e-03 -2.665390e+03 -2.679358e+04 -2.063156e+03 -1.261773e+05 -1.552738e+04 5.335502e+05 1.821450e+05 -5.923528e+01 -1.309085e+03 1.263875e+05 2.070218e+03 -1.825746e+04 -1.822658e+05 7.210712e+02 -1.051838e+04 -4.108079e+05 -2.038521e+03 1.437983e+05 2.290215e+03 -2.346042e+04 2.077212e+05 -2.594296e+02 1.206720e+04 4.682138e+05 2.408527e+03 2.085708e+04 1.389902e+03 1.109001e+05 -1.354465e+04 4.681336e+05 1.598240e+05 3.809970e+02
-2.525253e-03 -3.416463e+04 -1.717169e+05 -2.322265e+04 -2.992552e+05 -1.621732e+04 6.565307e+06 1.076621e+06 1.607339e+03 -2.010662e+04 3.013795e+05 2.656052e+04 -1.171888e+05 -1.078336e+06 4.830310e+03 -1.060020e+04 -5.054955e+06 -2.619865e+04 3.410416e+05 2.987964e+04 -1.506331e+05 1.228944e+06 -2.156554e+03 1.256675e+04 5.761002e+06 3.036941e+04 1.335966e+05 1.785266e+04 2.644529e+05 -1.374301e+04 5.760687e+06 9.446800e+05 3.988444e+03
-2.323232e-03 2.813419e+03 -3.523070e+03 1.659885e+03 -1.150491e+05 -1.768571e+04 -5.222013e+05 4.323178e+04 -3.349045e+02 1.988925e+03 1.149285e+05 -2.189758e+03 -2.366312e+03 -4.306416e+04 4.929844e+00 -1.205497e+04 4.020707e+05 2.206701e+03 1.311177e+05 -2.507840e+03 -3.049688e+03 4.907774e+04 6.077832e+01 1.373898e+04 -4.581986e+05 -2.455938e+03 2.738386e+03 -1.502927e+03 1.008440e+05 -1.551803e+04 -4.582332e+05 3.793456e+04 -2.427505e+02
-2.121212e-03 3.341768e+04 1.111222e+05 1.601053e+04 6.429454e+04 -1.977438e+04 -5.888382e+06 -6.130943e+05 -5.862243e+03 1.472243e+04 -6.586116e+04 -2.589040e+04 7.587768e+04 6.144568e+05 -7.193146e+03 -1.376069e+04 4.533709e+06 1.858526e+04 -7.326661e+04 -2.931269e+04 9.754443e+04 -7.002808e+05 6.365960e+03 1.544488e+04 -5.166915e+06 -2.951603e+04 -8.643537e+04 -1.266034e+04 -5.779576e+04 -1.758921e+04 -5.166760e+06 -5.379555e+05 -6.554239e+03
-1.919192e-03 -6.142505e+04 -2.334566e+05 -2.451793e+04 -5.666258e+05 -1.808656e+04 1.042058e+07 1.319920e+06 1.367199e+04 -2.127572e+04 5.692683e+05 4.749957e+04 -1.592573e+05 -1.321978e+06 1.701889e+04 -1.179459e+04 -8.023102e+06 -2.769451e+04 6.457541e+05 5.375969e+04 -2.048190e+05 1.506623e+06 -1.588731e+04 1.383298e+04 9.143752e+06 5.427238e+04 1.815281e+05 1.886351e+04 4.995124e+05 -1.547830e+04 9.143443e+06 1.158157e+06 1.469783e+04
-1.717172e-03 2.080048e+05 6.587456e+05 6.918527e+04 1.403261e+06 -2.887622e+04 -3.422141e+07 -3.346713e+06 -5.555394e+04 6.188356e+04 -1.410956e+06 -1.606606e+05 4.494359e+05 3.352983e+06 -6.308812e+04 -2.110619e+04 2.634830e+07 7.927548e+04 -1.599192e+06 -1.822280e+05 5.780614e+05 -3.821316e+06 6.301653e+04 2.313982e+04 -3.002850e+07 -1.833864e+05 -5.121639e+05 -5.398304e+04 -1.238086e+06 -2.625330e+04 -3.002735e+07 -2.936546e+06 -5.558511e+04
-1.515152e-03 8.853908e+03 6.434202e+03 2.421164e+03 -9.984957e+04 -2.330254e+04 -1.420163e+06 3.016159e+04 -2.730113e+03 2.596989e+03 9.960840e+04 -6.835304e+03 4.427288e+03 -2.988017e+04 -2.548980e+03 -1.589794e+04 1.093418e+06 3.035660e+03 1.137966e+05 -7.793249e+03 5.667290e+03 3.405199e+04 2.832349e+03 1.810462e+04 -1.246118e+06 -7.765308e+03 -5.024077e+03 -2.066381e+03 8.740033e+04 -2.046058e+04 -1.246136e+06 2.646645e+04 -2.451467e+03
-1.313131e-03 -1.174423e+04 -5.656145e+04 -2.732411e+03 -3.030629e+05 -2.415845e+04 1.832646e+06 3.150493e+05 3.807196e+03 -2.006789e+03 3.034511e+05 9.048731e+03 -3.852557e+04 -3.152430e+05 4.555031e+03 -1.636706e+04 -1.410982e+06 -2.867123e+03 3.453897e+05 1.025125e+04 -4.961395e+04 3.592738e+05 -4.598280e+03 1.869267e+04 1.608090e+06 1.036658e+04 4.392221e+04 1.951458e+03 2.662638e+05 -2.115809e+04 1.608013e+06 2.764385e+05 3.797136e+03
-1.111111e-03 2.172272e+03 -1.761828e+04 3.695188e+02 -1.762519e+05 -2.624173e+04 -3.354062e+05 1.621060e+05 -8.451662e+02 7.053754e+02 1.762557e+05 -1.676322e+03 -1.197390e+04 -1.620029e+05 -4.992237e+02 -1.785273e+04 2.582363e+05 6.504709e+02 2.008691e+05 -1.934870e+03 -1.544789e+04 1.846294e+05 7.283659e+02 2.035020e+04 -2.942848e+05 -1.881410e+03 1.365751e+04 -4.424144e+02 1.546550e+05 -2.302176e+04 -2.943205e+05 1.422399e+05 -6.188533e+02
-9.090909e-04 5.819907e+03 -8.453167e+03 8.810211e+02 -1.326525e+05 -2.795761e+04 -8.797292e+05 1.496809e+05 -2.251463e+03 1.110228e+03 1.325895e+05 -4.482434e+03 -5.730760e+03 -1.495283e+05 -2.015466e+03 -1.903023e+04 6.773150e+05 1.205178e+03 1.511806e+05 -5.125749e+03 -7.410570e+03 1.704123e+05 2.361181e+03 2.168530e+04 -7.719037e+05 -5.089227e+03 6.537800e+03 -8.194854e+02 1.163399e+05 -2.453423e+04 -7.719276e+05 1.313376e+05 -1.926100e+03
-7.070707e-04 1.326686e+03 -2.280779e+04 1.345330e+02 -2.033442e+05 -2.938897e+04 -1.991051e+05 2.018588e+05 -5.813037e+02 3.904022e+02 2.033859e+05 -1.022754e+03 -1.550906e+04 -2.017712e+05 -3.178819e+02 -1.998755e+04 1.532943e+05 3.177614e+02 2.317455e+05 -1.185173e+03 -2.001020e+04 2.299525e+05 4.939146e+02 2.277861e+04 -1.746910e+05 -1.144378e+03 1.767764e+04 -2.159759e+02 1.784602e+05 -2.578787e+04 -1.747182e+05 1.771206e+05 -4.087167e+02
-5.050505e-04 -1.211535e+04 -7.515559e+04 -1.457744e+03 -5.449299e+05 -3.054103e+04 1.785990e+06 2.757148e+05 4.808037e+03 -1.087599e+03 5.452114e+05 9.316374e+03 -5.113459e+04 -2.757329e+05 5.189105e+03 -2.074559e+04 -1.375042e+06 -1.541266e+03 6.210405e+05 1.059463e+04 -6.594605e+04 3.142453e+05 -5.605858e+03 2.364644e+04 1.567122e+06 1.065366e+04 5.827555e+04 1.047024e+03 4.783940e+05 -2.679482e+04 1.567083e+06 2.419247e+05 4.455938e+03
-3.030303e-04 2.698644e+03 -1.383935e+04 2.602353e+02 -1.332929e+05 -3.180290e+04 -3.962606e+05 2.226574e+05 -1.135609e+03 3.565449e+02 1.333149e+05 -2.075899e+03 -9.410591e+03 -2.225654e+05 -1.036492e+03 -2.162882e+04 3.050838e+05 3.735110e+02 1.519102e+05 -2.374532e+03 -1.214677e+04 2.536511e+05 1.215776e+03 2.464441e+04 -3.476912e+05 -2.359162e+03 1.072150e+04 -2.536675e+02 1.169766e+05 -2.791067e+04 -3.477013e+05 1.953701e+05 -9.698614e+02
-1.010101e-04 3.828472e+03 3.269960e+04 3.729795e+02 2.320410e+05 -3.235834e+04 -5.597158e+05 2.310818e+05 -1.590207e+03 3.728947e+02 -2.321281e+05 -2.943709e+03 2.223754e+04 -2.309948e+05 -1.590305e+03 -2.200504e+04 4.309283e+05 4.517627e+02 -2.644497e+05 -3.357052e+03 2.868740e+04 2.632580e+05 1.785677e+03 2.507243e+04 -4.911188e+05 -3.357066e+03 -2.534822e+04 -3.067141e+02 -2.036804e+05 -2.839878e+04 -4.911181e+05 2.027620e+05 -1.415914e+03
1.010101e-04 -3.828472e+03 3.269960e+04 -3.729795e+02 2.320410e+05 -3.235834e+04 5.597158e+05 2.310818e+05 1.590207e+03 -3.728947e+02 -2.321281e+05 2.943709e+03 2.223754e+04 -2.309948e+05 1.590305e+03 -2.200504e+04 -4.309283e+05 -4.517627e+02 -2.644497e+05 3.357052e+03 2.868740e+04 2.632580e+05 -1.785677e+03 2.507243e+04 4.911188e+05 3.357066e+03 -2.534822e+04 3.067141e+02 -2.036804e+05 -2.839878e+04 4.911181e+05 2.027620e+05 1.415914e+03
3.030303e-04 -2.698644e+03 -1.383935e+04 -2.602353e+02 -1.332929e+05 -3.180290e+04 3.962606e+05 2.226574e+05 1.135609e+03 -3.565449e+02 1.333149e+05 2.075899e+03 -9.410591e+03 -2.225654e+05 1.036492e+03 -2.162882e+04 -3.050838e+05 -3.735110e+02 1.519102e+05 2.374532e+03 -1.214677e+04 2.536511e+05 -1.215776e+03 2.464441e+04 3.476912e+05 2.359162e+03 1.072150e+04 2.536675e+02 1.169766e+05 -2.791067e+04 3.477013e+05 1.953701e+05 9.698614e+02
5.050505e-04 1.211535e+04 -7.515559e+04 1.457744e+03 -5.449299e+05 -3.054103e+04 -1.785990e+06 2.757148e+05 -4.808037e+03 1.087599e+03 5.452114e+05 -9.316374e+03 -5.113459e+04 -2.757329e+05 -5.189105e+03 -2.074559e+04 1.375042e+06 1.541266e+03 6.210405e+05 -1.059463e+04 -6.594605e+04 3.142453e+05 5.605858e+03 2.364644e+04 -1.567122e+06 -1.065366e+04 5.827555e+04 -1.047024e+03 4.783940e+05 -2.679482e+04 -1.567083e+06 2.419247e+05 -4.455938e+03
7.070707e-04 -1.326686e+03 -2.280779e+04 -1.345330e+02 -2.033442e+05 -2.938897e+04 1.991051e+05 2.018588e+05 5.813037e+02 -3.904022e+02 2.033859e+05 1.022754e+03 -1.550906e+04 -2.017712e+05 3.178819e+02 -1.998755e+04 -1.532943e+05 -3.177614e+02 2.317455e+05 1.185173e+03 -2.001020e+04 2.299525e+05 -4.939146e+02 2.277861e+04 1.746910e+05 1.144378e+03 1.767764e+04 2.159759e+02 1.784602e+05 -2.578787e+04 1.747182e+05 1.771206e+05 4.087167e+02
9.090909e-04 -5.819907e+03 -8.453167e+03 -8.810211e+02 -1.326525e+05 -2.795761e+04 8.797292e+05 1.496809e+05 2.251463e+03 -1.110228e+03 1.325895e+05 4.482434e+03 -5.730760e+03 -1.495283e+05 2.015466e+03 -1.903023e+04 -6.773150e+05 -1.205178e+03 1.511806e+05 5.125749e+03 -7.410570e+03 1.704123e+05 -2.361181e+03 2.168530e+04 7.719037e+05 5.089227e+03 6.537800e+03 8.194854e+02 1.163399e+05 -2.453423e+04 7.719276e+05 1.313376e+05 1.926100e+03
1.111111e-03 -2.172272e+03 -1.761828e+04 -3.695188e+02 -1.762519e+05 -2.624173e+04 3.354062e+05 1.621060e+05 8.451662e+02 -7.053754e+02 1.762557e+05 1.676322e+03 -1.197390e+04 -1.620029e+05 4.992237e+02 -1.785273e+04 -2.582363e+05 -6.504709e+02 2.008691e+05 1.934870e+03 -1.544789e+04 1.846294e+05 -7.283659e+02 2.035020e+04 2.942848e+05 1.881410e+03 1.365751e+04 4.424144e+02 1.546550e+05 -2.302176e+04 2.943205e+05 1.422399e+05 6.188533e+02
1.313131e-03 1.174423e+04 -5.656145e+04 2.732411e+03 -3.030629e+05 -2.415845e+04 -1.832646e+06 3.150493e+05 -3.807196e+03 2.006789e+03 3.034511e+05 -9.048731e+03 -3.852557e+04 -3.152430e+05 -4.555031e+03 -1.636706e+04 1.410982e+06 2.867123e+03 3.453897e+05 -1.025125e+04 -4.961395e+04 3.592738e+05 4.598280e+03 1.869267e+04 -1.608090e+06 -1.036658e+04 4.392221e+04 -1.951458e+03 2.662638e+05 -2.115809e+04 -1.608013e+06 2.764385e+05 -3.797136e+03
1.515152e-03 -8.853908e+03 6.434202e+03 -2.421164e+03 -9.984957e+04 -2.330254e+04 1.420163e+06 3.016159e+04 2.730113e+03 -2.596989e+03 9.960840e+04 6.835304e+03 4.427288e+03 -2.988017e+04 2.548980e+03 -1.589794e+04 -1.093418e+06 -3.035660e+03 1.137966e+05 7.793249e+03 5.667290e+03 3.405199e+04 -2.832349e+03 1.810462e+04 1.246118e+06 7.765308e+03 -5.024077e+03 2.066381e+03 8.740033e+04 -2.046058e+04 1.246136e+06 2.646645e+04 2.451467e+03
1.717172e-03 -2.080047e+05 6.587456e+05 -6.918527e+04 1.403261e+06 -2.887622e+04 3.422141e+07 -3.346712e+06 5.555393e+04 -6.188355e+04 -1.410956e+06 1.606606e+05 4.494359e+05 3.352983e+06 6.308812e+04 -2.110619e+04 -2.634830e+07 -7.927548e+04 -1.599192e+06 1.822280e+05 5.780614e+05 -3.821315e+06 -6.301652e+04 2.313981e+04 3.002850e+07 1.833864e+05 -5.121639e+05 5.398304e+04 -1.238086e+06 -2.625330e+04 3.002734e+07 -2.936546e+06 5.558510e+04
1.919192e-03 6.142505e+04 -2.334566e+05 2.451793e+04 -5.666258e+05 -1.808656e+04 -1.042058e+07 1.319920e+06 -1.367199e+04 2.127572e+04 5.692683e+05 -4.749957e+04 -1.592573e+05 -1.321978e+06 -1.701889e+04 -1.179459e+04 8.023102e+06 2.769451e+04 6.457541e+05 -5.375969e+04 -2.048190e+05 1.506623e+06 1.588731e+04 1.383298e+04 -9.143752e+06 -5.427238e+04 1.815281e+05 -1.886351e+04 4.995124e+05 -1.547830e+04 -9.143443e+06 1.158157e+06 -1.469783e+04
2.121212e-03 -3.341768e+04 1.111222e+05 -1.601053e+04 6.429454e+04 -1.977438e+04 5.888382e+06 -6.130943e+05 5.862243e+03 -1.472243e+04 -6.586116e+04 2.589040e+04 7.587768e+04 6.144568e+05 7.193146e+03 -1.376069e+04 -4.533709e+06 -1.858526e+04 -7.326661e+04 2.931269e+04 9.754443e+04 -7.002808e+05 -6.365960e+03 1.544488e+04 5.166915e+06 2.951603e+04 -8.643537e+04 1.266034e+04 -5.779576e+04 -1.758921e+04 5.166760e+06 -5.379555e+05 6.554239e+03
2.323232e-03 -2.813419e+03 -3.523070e+03 -1.659885e+03 -1.150491e+05 -1.768571e+04 5.222013e+05 4.323178e+04 3.349045e+02 -1.988925e+03 1.149285e+05 2.189758e+03 -2.366312e+03 -4.306416e+04 -4.929844e+00 -1.205497e+04 -4.020707e+05 -2.206701e+03 1.311177e+05 2.507840e+03 -3.049688e+03 4.907774e+04 -6.077832e+01 1.373898e+04 4.581986e+05 2.455938e+03 2.738386e+03 1.502927e+03 1.008440e+05 -1.551803e+04 4.582332e+05 3.793456e+04 2.427505e+02
2.525253e-03 3.416463e+04 -1.717169e+05 2.322265e+04 -2.992552e+05 -1.621732e+04 -6.565307e+06 1.076621e+06 -1.607339e+03 2.010662e+04 3.013795e+05 -2.656052e+04 -1.171888e+05 -1.078336e+06 -4.830310e+03 -1.060020e+04 5.054955e+06 2.619865e+04 3.410416e+05 -2.987964e+04 -1.506331e+05 1.228944e+06 2.156554e+03 1.256675e+04 -5.761002e+06 -3.036941e+04 1.335966e+05 -1.785266e+04 2.644529e+05 -1.374301e+04 -5.760687e+06 9.446800e+05 -3.988444e+03
2.727273e-03 2.665390e+03 -2.679358e+04 2.063156e+03 -1.261773e+05 -1.552738e+04 -5.335502e+05 1.821450e+05 5.923528e+01 1.309085e+03 1.263875e+05 -2.070218e+03 -1.825746e+04 -1.822658e+05 -7.210712e+02 -1.051838e+04 4.108079e+05 2.038521e+03 1.437983e+05 -2.290215e+03 -2.346042e+04 2.077212e+05 2.594296e+02 1.206720e+04 -4.682138e+05 -2.408527e+03 2.085708e+04 -1.389902e+03 1.109001e+05 -1.354465e+04 -4.681336e+05 1.598240e+05 -3.809970e+02
2.929293e-03 -1.102118e+02 -1.157544e+04 -2.430551e+02 -1.050422e+05 -1.456954e+04 3.232002e+04 8.420291e+04 -7.217783e+01 -7.402657e+02 1.050555e+05 9.449755e+01 -7.869480e+03 -8.416233e+04 -5.869757e+02 -9.906964e+03 -2.489033e+04 -5.949678e+02 1.197121e+05 1.408109e+02 -1.010239e+04 9.591583e+04 4.098349e+02 1.132452e+04 2.833663e+04 6.297153e+01 9.023057e+03 4.047231e+02 9.218178e+04 -1.275016e+04 2.838923e+04 7.388474e+04 -2.628302e+02
3.131313e-03 1.022988e+03 -1.790757e+04 1.021812e+03 -1.027590e+05 -1.377266e+04 -2.270891e+05 1.237949e+05 1.748852e+02 3.849081e+02 1.028698e+05 -7.939603e+02 -1.219564e+04 -1.238423e+05 -4.852055e+02 -9.343724e+03 1.748484e+05 8.499878e+02 1.171094e+05 -8.518781e+02 -1.565500e+04 1.411374e+05 1.277171e+02 1.071494e+04 -1.992978e+05 -9.512917e+02 1.395700e+04 -5.801567e+02 9.026438e+04 -1.201855e+04 -1.992304e+05 1.086250e+05 -1.739630e+02
3.333333e-03 8.048522e+03 -6.933752e+04 1.106155e+04 -1.241637e+05 -1.371825e+04 -2.007015e+06 4.606557e+05 3.095721e+03 9.308947e+03 1.250103e+05 -6.335366e+03 -4.732074e+04 -4.613409e+05 1.276996e+03 -9.147501e+03 1.545370e+06 1.231479e+04 1.415010e+05 -7.005408e+03 -6.078227e+04 5.257700e+05 -3.202345e+03 1.074839e+04 -1.761223e+06 -7.278012e+03 5.398825e+04 -8.394800e+03 1.096938e+05 -1.171325e+04 -1.761038e+06 4.042058e+05 1.371208e+03
3.535354e-03 -7.574547e+03 5.387925e+04 -1.309116e+04 -5.701356e+04 -1.103256e+04 2.096361e+06 -3.529017e+05 -4.541348e+03 -1.214898e+04 5.612060e+04 6.014641e+03 3.682817e+04 3.537148e+05 -3.561993e+03 -7.697885e+03 -1.614202e+06 -1.525959e+04 6.497817e+04 6.677323e+03 4.734730e+04 -4.031135e+05 5.498233e+03 8.470654e+03 1.839603e+06 6.823284e+03 -4.190146e+04 1.040064e+04 4.924174e+04 -9.983518e+03 1.839500e+06 -3.096560e+05 -2.876955e+03
3.737374e-03 4.912000e+03 -5.706159e+04 9.915517e+03 -9.808388e+04 -1.262302e+04 -1.490532e+06 3.815916e+05 3.837402e+03 8.301246e+03 9.878257e+04 -3.910592e+03 -3.894472e+04 -3.821638e+05 2.158957e+03 -8.429040e+03 1.147715e+06 1.101225e+04 1.117793e+05 -4.259199e+03 -5.000406e+04 4.355330e+05 -4.052801e+03 9.931991e+03 -1.308024e+06 -4.508709e+03 4.444910e+04 -7.507684e+03 8.667971e+04 -1.074983e+04 -1.307855e+06 3.348323e+05 2.141080e+03
3.939394e-03 -1.715976e+03 1.163029e+04 -4.771844e+03 -6.928174e+04 -1.033196e+04 6.151736e+05 -7.659340e+04 -2.145373e+03 -4.745251e+03 6.900083e+04 1.394418e+03 7.971654e+03 7.687226e+04 -2.117215e+03 -7.088677e+03 -4.737022e+05 -5.754045e+03 7.895730e+04 1.545082e+03 1.027912e+04 -8.760794e+04 2.761336e+03 7.988293e+03 5.398254e+05 1.549074e+03 -9.011133e+03 3.921424e+03 6.054549e+04 -9.156454e+03 5.398211e+05 -6.720748e+04 -1.614143e+03
4.141414e-03 -5.964983e+03 7.675177e+04 -2.000723e+04 -5.080107e+04 -7.499692e+03 2.446829e+06 -5.129473e+05 -9.560437e+03 -1.827947e+04 4.958253e+04 4.880925e+03 5.245391e+04 5.140503e+05 -7.759079e+03 -5.377555e+03 -1.884142e+06 -2.314611e+04 5.789752e+04 5.265674e+03 6.743034e+04 -5.858352e+05 1.120703e+04 5.565579e+03 2.147225e+06 5.530660e+03 -5.969651e+04 1.577769e+04 4.350525e+04 -7.144777e+03 2.147038e+06 -4.500936e+05 -6.568239e+03
4.343434e-03 -3.962833e+03 6.389216e+04 -1.762580e+04 -5.363728e+04 -7.029179e+03 1.980233e+06 -4.280236e+05 -9.022249e+03 -1.615636e+04 5.260725e+04 3.308537e+03 4.367045e+04 4.289623e+05 -7.488389e+03 -5.017830e+03 -1.524871e+06 -2.042284e+04 6.112890e+04 3.511465e+03 5.614857e+04 -4.888635e+05 1.058947e+04 5.206704e+03 1.737778e+06 3.735971e+03 -4.968432e+04 1.392144e+04 4.616006e+04 -6.680743e+03 1.737622e+06 -3.755772e+05 -6.333979e+03
4.545455e-03 -1.847445e+03 3.805910e+04 -1.171424e+04 -5.659647e+04 -7.308733e+03 1.205718e+06 -2.557950e+05 -6.364479e+03 -1.089495e+04 5.594538e+04 1.597298e+03 2.602368e+04 2.563988e+05 -5.508029e+03 -5.122035e+03 -9.284763e+05 -1.366844e+04 6.450029e+04 1.658092e+03 3.348115e+04 -2.922020e+05 7.556430e+03 5.500531e+03 1.058099e+06 1.782728e+03 -2.957278e+04 9.316954e+03 4.908999e+04 -6.750639e+03 1.058012e+06 -2.244527e+05 -4.599511e+03
4.747475e-03 -9.484485e+02 2.855052e+04 -9.567552e+03 -5.577573e+04 -7.095648e+03 9.067022e+05 -1.925175e+05 -5.460579e+03 -8.979377e+03 5.526716e+04 8.753566e+02 1.952777e+04 1.929945e+05 -4.844810e+03 -4.945159e+03 -6.982289e+05 -1.121270e+04 6.356443e+04 8.700143e+02 2.513929e+04 -2.199434e+05 6.521812e+03 5.359092e+03 7.956978e+05 9.590986e+02 -2.216807e+04 7.642845e+03 4.849531e+04 -6.503414e+03 7.956358e+05 -1.689291e+05 -4.021034e+03
4.949495e-03 -3.947756e+02 2.311967e+04 -8.340204e+03 -5.405601e+04 -6.795945e+03 7.303470e+05 -1.563876e+05 -4.962471e+03 -7.880690e+03 5.363077e+04 4.320617e+02 1.581725e+04 1.567900e+05 -4.480663e+03 -4.722780e+03 -5.624332e+05 -9.806566e+03 6.160417e+04 3.843609e+02 2.037570e+04 -1.786828e+05 5.949507e+03 5.138318e+03 6.409387e+05 4.536416e+02 -1.793754e+04 6.684243e+03 4.705974e+04 -6.207714e+03 6.408904e+05 -1.372266e+05 -3.705086e+03
5.151515e-03 -9.284869e+00 1.948614e+04 -7.511025e+03 -5.201989e+04 -6.478514e+03 6.096510e+05 -1.321981e+05 -4.631412e+03 -7.135774e+03 5.165175e+04 1.237425e+02 1.333444e+04 1.325490e+05 -4.237331e+03 -4.494250e+03 -4.694960e+05 -8.855014e+03 5.928341e+04 4.599648e+01 1.718921e+04 -1.510565e+05 5.567504e+03 4.898853e+03 5.350231e+05 1.023065e+02 -1.510619e+04 6.035516e+03 4.532347e+04 -5.908160e+03 5.349838e+05 -1.160013e+05 -3.495203e+03
5.353535e-03 2.758218e+02 1.684162e+04 -6.897948e+03 -4.988161e+04 -6.164805e+03 5.204047e+05 -1.145685e+05 -4.386754e+03 -6.582876e+03 4.955602e+04 -1.043314e+02 1.152723e+04 1.148807e+05 -4.055328e+03 -4.271511e+03 -4.007753e+05 -8.150189e+03 5.684626e+04 -2.044522e+02 1.487048e+04 -1.309207e+05 5.283939e+03 4.659763e+03 4.567060e+05 -1.574029e+02 -1.304483e+04 5.554974e+03 4.348476e+04 -5.618109e+03 4.566731e+05 -1.005321e+05 -3.339153e+03
5.555556e-03 4.941752e+02 1.481272e+04 -6.418017e+03 -4.773929e+04 -5.862944e+03 4.512043e+05 -1.010180e+05 -4.193029e+03 -6.148318e+03 4.744711e+04 -2.791997e+02 1.014057e+04 1.012996e+05 -3.908850e+03 -4.058872e+03 -3.474901e+05 -7.597400e+03 5.440456e+04 -3.964356e+02 1.309186e+04 -1.154429e+05 5.058424e+03 4.428419e+03 3.959799e+05 -3.563645e+02 -1.146284e+04 5.178068e+03 4.163445e+04 -5.342225e+03 3.959519e+05 -8.864210e+04 -3.214271e+03
5.757576e-03 6.651015e+02 1.319863e+04 -6.027184e+03 -4.564258e+04 -5.576096e+03 3.957945e+05 -9.021483e+04 -4.032092e+03 -5.792996e+03 4.537756e+04 -4.163470e+02 9.037296e+03 9.047135e+04 -3.784897e+03 -3.857830e+03 -3.048237e+05 -7.146378e+03 5.201486e+04 -5.468763e+02 1.167715e+04 -1.031024e+05 4.870308e+03 4.207821e+03 3.473557e+05 -5.122618e+02 -1.020390e+04 4.870532e+03 3.981866e+04 -5.081989e+03 3.473314e+05 -7.916277e+04 -3.109127e+03
5.959596e-03 8.008112e+02 1.187998e+04 -5.699578e+03 -4.361746e+04 -5.305272e+03 3.503838e+05 -8.136836e+04 -3.893688e+03 -5.493945e+03 4.337510e+04 -5.255277e+02 8.135867e+03 8.160384e+04 -3.676242e+03 -3.668685e+03 -2.698566e+05 -6.767599e+03 4.970676e+04 -6.664661e+02 1.052158e+04 -9.299648e+04 4.707923e+03 3.999064e+03 3.075060e+05 -6.362347e+02 -9.175074e+03 4.612240e+03 3.806172e+04 -4.837533e+03 3.074847e+05 -7.140039e+04 -3.017368e+03
6.161616e-03 9.095433e+02 1.078055e+04 -5.418857e+03 -4.167716e+04 -5.050466e+03 3.125054e+05 -7.397450e+04 -3.771587e+03 -5.236670e+03 4.145407e+04 -6.133071e+02 7.384216e+03 7.419199e+04 -3.578573e+03 -3.491183e+03 -2.406894e+05 -6.442421e+03 4.749535e+04 -7.624189e+02 9.558284e+03 -8.454951e+04 4.564185e+03 3.802330e+03 2.742661e+05 -7.357817e+02 -8.317031e+03 4.390483e+03 3.637622e+04 -4.608382e+03 2.742473e+05 -6.491262e+04 -2.935197e+03
6.363636e-03 9.971299e+02 9.848995e+03 -5.174122e+03 -3.982764e+04 -4.811177e+03 2.804678e+05 -6.769401e+04 -3.661790e+03 -5.011502e+03 3.962118e+04 -6.843223e+02 6.747274e+03 6.789589e+04 -3.489175e+03 -3.324816e+03 -2.160196e+05 -6.158408e+03 4.538742e+04 -8.398407e+02 8.742209e+03 -7.737410e+04 4.434548e+03 3.617350e+03 2.461517e+05 -8.161988e+02 -7.589799e+03 4.196787e+03 3.476805e+04 -4.393782e+03 2.461350e+05 -5.940178e+04 -2.860221e+03
6.565657e-03 1.067850e+03 9.049262e+03 -4.957780e+03 -3.807055e+04 -4.586664e+03 2.530634e+05 -6.228879e+04 -3.561615e+03 -4.811710e+03 3.787863e+04 -7.419700e+02 6.200413e+03 6.247697e+04 -3.406260e+03 -3.168960e+03 -1.949173e+05 -5.906902e+03 4.338484e+04 -9.024783e+02 8.041728e+03 -7.119839e+04 4.315966e+03 3.443629e+03 2.221031e+05 -8.813655e+02 -6.965306e+03 4.025249e+03 3.323912e+04 -4.192869e+03 2.220881e+05 -5.465896e+04 -2.790866e+03
6.767677e-03 1.124933e+03 8.355176e+03 -4.764358e+03 -3.640493e+04 -4.376080e+03 2.294017e+05 -5.758604e+04 -3.469196e+03 -4.632441e+03 3.622583e+04 -7.888092e+02 5.725752e+03 5.776207e+04 -3.328607e+03 -3.022954e+03 -1.766969e+05 -5.681660e+03 4.148652e+04 -9.531586e+02 7.433875e+03 -6.582502e+04 4.206319e+03 3.280566e+03 2.013387e+05 -9.342046e+02 -6.423168e+03 3.871613e+03 3.178896e+04 -4.004747e+03 2.013253e+05 -5.053251e+04 -2.726054e+03
6.969697e-03 1.170868e+03 7.747204e+03 -4.589794e+03 -3.482827e+04 -4.178549e+03 2.088088e+05 -5.345678e+04 -3.383191e+03 -4.470092e+03 3.466058e+04 -8.268116e+02 5.309945e+03 5.362195e+04 -3.255353e+03 -2.886135e+03 -1.608395e+05 -5.478048e+03 3.968959e+04 -9.940624e+02 6.901515e+03 -6.110671e+04 4.104082e+03 3.127518e+03 1.832674e+05 -9.769679e+02 -5.948172e+03 3.732721e+03 3.041560e+04 -3.828533e+03 1.832552e+05 -4.690928e+04 -2.665025e+03
7.171717e-03 1.207613e+03 7.210435e+03 -4.430998e+03 -3.333713e+04 -3.993202e+03 1.907640e+05 -4.980253e+04 -3.302610e+03 -4.321924e+03 3.317966e+04 -8.575240e+02 4.942806e+03 4.995794e+04 -3.185871e+03 -2.757863e+03 -1.469442e+05 -5.292542e+03 3.799013e+04 -1.026902e+03 6.431570e+03 -5.693099e+04 4.008130e+03 2.983840e+03 1.674321e+05 -1.011422e+03 -5.528705e+03 3.606171e+03 2.911623e+04 -3.663382e+03 1.674210e+05 -4.370285e+04 -2.607226e+03
7.373737e-03 1.236726e+03 6.733262e+03 -4.285573e+03 -3.192757e+04 -3.819203e+03 1.748574e+05 -4.654659e+04 -3.226702e+03 -4.185808e+03 3.177931e+04 -8.821781e+02 4.616404e+03 4.669317e+04 -3.119692e+03 -2.637531e+03 -1.346952e+05 -5.122405e+03 3.638365e+04 -1.053043e+03 6.013858e+03 -5.321028e+04 3.917610e+03 2.848904e+03 1.534731e+05 -1.038974e+03 -5.155724e+03 3.490098e+03 2.788755e+04 -3.508495e+03 1.534630e+05 -4.084592e+04 -2.552243e+03
7.575758e-03 1.259463e+03 6.306503e+03 -4.151620e+03 -3.059539e+04 -3.655760e+03 1.607614e+05 -4.362823e+04 -3.154885e+03 -4.060062e+03 3.045548e+04 -9.017667e+02 4.324466e+03 4.376678e+04 -3.056455e+03 -2.524567e+03 -1.238404e+05 -4.965473e+03 3.486538e+04 -1.073585e+03 5.640325e+03 -4.987521e+04 3.831860e+03 2.722110e+03 1.411030e+05 -1.060757e+03 -4.822076e+03 3.383026e+03 2.672600e+04 -3.363125e+03 1.410938e+05 -3.828520e+04 -2.499760e+03
7.777778e-03 1.276850e+03 5.922785e+03 -4.027617e+03 -2.933636e+04 -3.502127e+03 1.482111e+05 -4.099863e+04 -3.086700e+03 -3.943330e+03 2.920403e+04 -9.170989e+02 4.061953e+03 4.112986e+04 -2.995877e+03 -2.418439e+03 -1.141758e+05 -4.820005e+03 3.343046e+04 -1.089426e+03 5.304508e+03 -4.687004e+04 3.750356e+03 2.602891e+03 1.300893e+05 -1.077695e+03 -4.522014e+03 3.283769e+03 2.562797e+04 -3.226579e+03 1.300809e+05 -3.597786e+04 -2.449527e+03
7.979798e-03 1.289728e+03 5.576114e+03 -3.912322e+03 -2.814625e+04 -3.357609e+03 1.369895e+05 -3.861809e+04 -3.021774e+03 -3.834511e+03 2.802086e+04 -9.288395e+02 3.824770e+03 3.874261e+04 -2.937730e+03 -2.318654e+03 -1.055343e+05 -4.684585e+03 3.207411e+04 -1.101304e+03 5.001150e+03 -4.414940e+04 3.672674e+03 2.490717e+03 1.202416e+05 -1.090546e+03 -4.250869e+03 3.191361e+03 2.458984e+04 -3.098215e+03 1.202338e+05 -3.388905e+04 -2.401344e+03
8.181818e-03 1.298795e+03 5.261566e+03 -3.804711e+03 -2.702098e+04 -3.221560e+03 1.269172e+05 -3.645392e+04 -2.959802e+03 -3.732691e+03 2.690195e+04 -9.375390e+02 3.609552e+03 3.657226e+04 -2.881825e+03 -2.224754e+03 -9.777776e+04 -4.558043e+03 3.079166e+04 -1.109830e+03 4.725932e+03 -4.167597e+04 3.598466e+03 2.385093e+03 1.114023e+05 -1.099941e+03 -4.004801e+03 3.105004e+03 2.360809e+04 -2.977439e+03 1.113952e+05 -3.199008e+04 -2.355047e+03
8.383838e-03 1.304633e+03 4.975050e+03 -3.703930e+03 -2.595662e+04 -3.093382e+03 1.178446e+05 -3.447893e+04 -2.900531e+03 -3.637110e+03 2.584345e+04 -9.436568e+02 3.413502e+03 3.459157e+04 -2.828004e+03 -2.136318e+03 -9.079100e+04 -4.439400e+03 2.957863e+04 -1.115514e+03 4.475269e+03 -3.941868e+04 3.527439e+03 2.285561e+03 1.034404e+05 -1.106402e+03 -3.780621e+03 3.024033e+03 2.267934e+04 -2.863707e+03 1.034338e+05 -3.025712e+04 -2.310498e+03
8.585859e-03 1.307731e+03 4.713142e+03 -3.609259e+03 -2.494943e+04 -2.972522e+03 1.096460e+05 -3.267033e+04 -2.843744e+03 -3.547124e+03 2.484166e+04 -9.475779e+02 3.234281e+03 3.277771e+04 -2.776133e+03 -2.052959e+03 -8.447722e+04 -4.327835e+03 2.843076e+04 -1.118782e+03 4.246159e+03 -3.735153e+04 3.459346e+03 2.191694e+03 9.624542e+04 -1.110369e+03 -3.575659e+03 2.947887e+03 2.180035e+04 -2.756513e+03 9.623928e+04 -2.867016e+04 -2.267581e+03
8.787879e-03 1.308498e+03 4.472950e+03 -3.520086e+03 -2.399586e+04 -2.858471e+03 1.022149e+05 -3.100886e+04 -2.789256e+03 -3.462188e+03 2.389309e+04 -9.496269e+02 3.069912e+03 3.111135e+04 -2.726092e+03 -1.974317e+03 -7.875450e+04 -4.222645e+03 2.734401e+04 -1.119996e+03 4.036068e+03 -3.545248e+04 3.393974e+03 2.103102e+03 8.972403e+04 -1.112212e+03 -3.387661e+03 2.876087e+03 2.096806e+04 -2.655397e+03 8.971832e+04 -2.721230e+04 -2.226193e+03
8.989899e-03 1.307283e+03 4.252016e+03 -3.435886e+03 -2.309259e+04 -2.750755e+03 9.546088e+04 -2.947810e+04 -2.736906e+03 -3.381830e+03 2.299445e+04 -9.500788e+02 2.918714e+03 2.957605e+04 -2.677779e+03 -1.900064e+03 -7.355308e+04 -4.123230e+03 2.631457e+04 -1.119461e+03 3.842839e+03 -3.370279e+04 3.331139e+03 2.019419e+03 8.379672e+04 -1.112246e+03 -3.214707e+03 2.808224e+03 2.017958e+04 -2.559932e+03 8.379141e+04 -2.586913e+04 -2.186245e+03
9.191919e-03 1.304381e+03 4.048235e+03 -3.356206e+03 -2.223646e+04 -2.648942e+03 8.930621e+04 -2.806397e+04 -2.686554e+03 -3.305644e+03 2.214263e+04 -9.491672e+02 2.779249e+03 2.815770e+04 -2.631100e+03 -1.829896e+03 -6.881319e+04 -4.029068e+03 2.533888e+04 -1.117436e+03 3.664630e+03 -3.208638e+04 3.270675e+03 1.940312e+03 7.839539e+04 -1.110736e+03 -3.055156e+03 2.743942e+03 1.943217e+04 -2.469726e+03 7.839044e+04 -2.462830e+04 -2.147657e+03
9.393939e-03 1.300046e+03 3.859795e+03 -3.280650e+03 -2.142454e+04 -2.552631e+03 8.368412e+04 -2.675435e+04 -2.638074e+03 -3.233274e+03 2.133474e+04 -9.470918e+02 2.650278e+03 2.684413e+04 -2.585972e+03 -1.763534e+03 -6.448340e+04 -3.939708e+03 2.441358e+04 -1.114142e+03 3.499851e+03 -3.058939e+04 3.212439e+03 1.865471e+03 7.346142e+04 -1.107910e+03 -2.907596e+03 2.682934e+03 1.872331e+04 -2.384419e+03 7.345679e+04 -2.347916e+04 -2.110358e+03
9.595960e-03 1.294492e+03 3.685128e+03 -3.208874e+03 -2.065410e+04 -2.461451e+03 7.853681e+04 -2.553871e+04 -2.591353e+03 -3.164411e+03 2.056804e+04 -9.440232e+02 2.530728e+03 2.562479e+04 -2.542319e+03 -1.700720e+03 -6.051920e+04 -3.854752e+03 2.353554e+04 -1.109768e+03 3.347130e+03 -2.919980e+04 3.156300e+03 1.794610e+03 6.894409e+04 -1.103963e+03 -2.770801e+03 2.624928e+03 1.805059e+04 -2.303678e+03 6.893976e+04 -2.241248e+04 -2.074283e+03
9.797980e-03 1.287905e+03 3.522867e+03 -3.140574e+03 -1.992255e+04 -2.375063e+03 7.381405e+04 -2.440786e+04 -2.546292e+03 -3.098779e+03 1.984000e+04 -9.401081e+02 2.419667e+03 2.449049e+04 -2.500071e+03 -1.641218e+03 -5.688193e+04 -3.773850e+03 2.270183e+04 -1.104478e+03 3.205268e+03 -2.790713e+04 3.102140e+03 1.727466e+03 6.479933e+04 -1.099061e+03 -2.643705e+03 2.569686e+03 1.741179e+04 -2.227198e+03 6.479527e+04 -2.142022e+04 -2.039373e+03
1.000000e-02 1.280444e+03 3.371820e+03 -3.075479e+03 -1.922751e+04 -2.293150e+03 6.947205e+04 -2.335379e+04 -2.502798e+03 -3.036135e+03 1.914825e+04 -9.354727e+02 2.316278e+03 2.343317e+04 -2.459162e+03 -1.584808e+03 -5.353785e+04 -3.696692e+03 2.190974e+04 -1.098410e+03 3.073221e+03 -2.670218e+04 3.049852e+03 1.663794e+03 6.098870e+04 -1.093349e+03 -2.525377e+03 2.516998e+03 1.680482e+04 -2.154697e+03 6.098488e+04 -2.049531e+04 -2.005572e+03
