-1.000000e-02 -5.416923e+04 4.025269e+03 5.420016e+03 -8.524628e+04 -1.348843e+03 -1.601241e+05 -9.176118e+04 4.742615e+03 5.297558e+03 8.512691e+04 4.160530e+04 2.768418e+03 9.188154e+04 4.615494e+03 -9.535213e+02 1.233820e+05 6.479695e+03 9.711702e+04 4.747625e+04 3.734948e+03 -1.046777e+05 -5.709250e+03 7.894937e+02 -1.405589e+05 4.747229e+04 -2.952369e+03 -4.415723e+03 7.472268e+04 -1.481003e+03 -1.405568e+05 -8.054489e+04 3.815456e+03
-9.797980e-03 -6.126855e+04 4.425665e+03 5.746566e+03 -9.573473e+04 -1.391773e+03 -1.815756e+05 -1.033155e+05 5.001349e+03 5.607428e+03 9.560221e+04 4.706109e+04 3.043723e+03 1.034490e+05 4.857132e+03 -9.861430e+02 1.399080e+05 6.863610e+03 1.090667e+05 5.370008e+04 4.091029e+03 -1.178569e+05 -6.015566e+03 8.107521e+02 -1.593874e+05 5.369549e+04 -3.261390e+03 -4.678586e+03 8.391702e+04 -1.534611e+03 -1.593850e+05 -9.068613e+04 4.018659e+03
-9.595960e-03 -6.991089e+04 4.903706e+03 6.125237e+03 -1.084625e+05 -1.430812e+03 -2.077132e+05 -1.173709e+05 5.298455e+03 5.965640e+03 1.083142e+05 5.370284e+04 3.372437e+03 1.175204e+05 5.133277e+03 -1.016809e+03 1.600438e+05 7.308094e+03 1.235677e+05 6.127676e+04 4.515768e+03 -1.338889e+05 -6.366737e+03 8.268275e+02 -1.823289e+05 6.127137e+04 -3.630752e+03 -4.982971e+03 9.507447e+04 -1.587763e+03 -1.823261e+05 -1.030226e+05 4.251273e+03
-9.393939e-03 -8.060060e+04 5.483954e+03 6.570930e+03 -1.241566e+05 -1.462328e+03 -2.400711e+05 -1.347479e+05 5.644454e+03 6.385791e+03 1.239889e+05 6.191821e+04 3.771456e+03 1.349167e+05 5.453121e+03 -1.043268e+03 1.849714e+05 7.830319e+03 1.414484e+05 7.064847e+04 5.030811e+03 -1.537093e+05 -6.774932e+03 8.342405e+02 -2.107299e+05 7.064208e+04 -4.079621e+03 -5.340663e+03 1.088324e+05 -1.638182e+03 -2.107266e+05 -1.182743e+05 4.521225e+03
-9.191919e-03 -9.407945e+04 6.202664e+03 7.105251e+03 -1.438849e+05 -1.480278e+03 -2.809063e+05 -1.566545e+05 6.054529e+03 6.887543e+03 1.436931e+05 7.227739e+04 4.265714e+03 1.568474e+05 5.829861e+03 -1.061732e+03 2.164293e+05 8.455155e+03 1.639254e+05 8.246560e+04 5.668082e+03 -1.786961e+05 -7.257680e+03 8.273322e+02 -2.465715e+05 8.245793e+04 -4.636300e+03 -5.768727e+03 1.261269e+05 -1.681913e+03 -2.465675e+05 -1.375015e+05 4.839924e+03
-8.989899e-03 -1.114852e+05 7.115847e+03 7.761013e+03 -1.692820e+05 -1.474279e+03 -3.336809e+05 -1.849467e+05 6.551664e+03 7.500652e+03 1.690594e+05 8.565485e+04 4.893731e+03 1.851703e+05 6.283357e+03 -1.065633e+03 2.570847e+05 9.220302e+03 1.928612e+05 9.772566e+04 6.476874e+03 -2.109659e+05 -7.841447e+03 7.965466e+02 -2.928921e+05 9.771629e+04 -5.344544e+03 -6.293041e+03 1.483911e+05 -1.711916e+03 -2.928873e+05 -1.623333e+05 5.224584e+03
-8.787879e-03 -1.346598e+05 8.315288e+03 8.591108e+03 -2.029898e+05 -1.425606e+03 -4.040005e+05 -2.226352e+05 7.172849e+03 8.272927e+03 2.027267e+05 1.034665e+05 5.718618e+03 2.228993e+05 6.845412e+03 -1.043035e+03 3.112556e+05 1.018644e+04 2.312658e+05 1.180438e+05 7.537916e+03 -2.539527e+05 -8.568736e+03 7.248927e+02 -3.546121e+05 1.180321e+05 -6.276089e+03 -6.955249e+03 1.779409e+05 -1.715151e+03 -3.546060e+05 -1.954120e+05 5.702841e+03
-8.585859e-03 -1.668139e+05 9.963908e+03 9.687982e+03 -2.496013e+05 -1.298043e+03 -5.016348e+05 -2.749788e+05 7.982816e+03 9.287661e+03 2.492825e+05 1.281801e+05 6.852370e+03 2.752986e+05 7.571408e+03 -9.707036e+02 3.864679e+05 1.145946e+04 2.843720e+05 1.462348e+05 8.994419e+03 -3.136544e+05 -9.513761e+03 5.798777e+02 -4.403061e+05 1.462198e+05 -7.558321e+03 -7.828034e+03 2.188030e+05 -1.665859e+03 -4.402982e+05 -2.413532e+05 6.322949e+03
-8.383838e-03 -2.141740e+05 1.238605e+04 1.123320e+04 -3.179977e+05 -1.013750e+03 -6.455288e+05 -3.522046e+05 9.109277e+03 1.070793e+04 3.175977e+05 1.645817e+05 8.517890e+03 3.526053e+05 8.570179e+03 -7.984242e+02 4.973156e+05 1.324704e+04 3.622989e+05 1.877583e+05 1.113134e+04 -4.017349e+05 -1.082264e+04 2.922824e+02 -5.666019e+05 1.877382e+05 -9.444917e+03 -9.053916e+03 2.787632e+05 -1.507740e+03 -5.665915e+05 -3.091328e+05 7.179966e+03
-8.181818e-03 -2.910817e+05 1.635629e+04 1.365563e+04 -4.285583e+05 -3.738943e+02 -8.793037e+05 -4.779451e+05 1.085657e+04 1.291785e+04 4.280274e+05 2.236948e+05 1.124732e+04 4.784762e+05 1.010036e+04 -3.973089e+02 6.774017e+05 1.603913e+04 4.882654e+05 2.551885e+05 1.462893e+04 -5.451482e+05 -1.284293e+04 -3.135279e+02 -7.717860e+05 2.551597e+05 -1.254178e+04 -1.096906e+04 3.756872e+05 -1.095095e+03 -7.717710e+05 -4.194927e+05 8.500268e+03
-7.979798e-03 -4.436382e+05 2.448962e+04 1.839270e+04 -6.464794e+05 1.332719e+03 -1.343107e+06 -7.284818e+05 1.425902e+04 1.720180e+04 6.456897e+05 3.409543e+05 1.683635e+04 7.292705e+05 1.303994e+04 6.956477e+02 1.034687e+06 2.147626e+04 7.365522e+05 3.889464e+05 2.178289e+04 -8.308956e+05 -1.675418e+04 -1.862915e+03 -1.178866e+06 3.888990e+05 -1.889427e+04 -1.469875e+04 5.667292e+05 9.834870e+01 -1.178841e+06 -6.393834e+05 1.105360e+04
-7.777778e-03 -1.183537e+06 6.802448e+04 4.258917e+04 -1.690363e+06 1.306225e+04 -3.590962e+06 -1.955431e+06 3.192866e+04 3.885175e+04 1.688308e+06 9.096558e+05 4.672336e+04 1.957478e+06 2.810782e+04 8.335978e+03 2.766306e+06 4.911425e+04 1.925887e+06 1.037675e+06 6.001216e+04 -2.230276e+06 -3.692735e+04 -1.221103e+04 -3.151817e+06 1.037524e+06 -5.292710e+04 -3.364944e+04 1.481840e+06 8.748478e+03 -3.151737e+06 -1.716252e+06 2.424677e+04
-7.575758e-03 -5.565600e+06 3.055858e+05 1.719551e+05 -7.907081e+06 7.644464e+04 -1.692184e+07 -9.187502e+06 1.232741e+05 1.544143e+05 7.897613e+06 4.277877e+06 2.099220e+05 9.196914e+06 1.053607e+05 4.951171e+04 1.303561e+07 1.967107e+05 9.008810e+06 4.879789e+06 2.685438e+05 -1.047870e+07 -1.410511e+05 -6.786208e+04 -1.485239e+07 4.879095e+06 -2.388421e+05 -1.349341e+05 6.931778e+06 5.563222e+04 -1.485191e+07 -8.063660e+06 9.201296e+04
-7.373737e-03 1.960126e+06 -1.056390e+05 -5.070999e+04 2.757496e+06 -3.588389e+04 5.972014e+06 3.244211e+06 -3.413722e+04 -4.423806e+04 -2.754278e+06 -1.506705e+06 -7.255129e+04 -3.247399e+06 -2.753634e+04 -2.356513e+04 -4.600358e+06 -5.718250e+04 -3.141765e+06 -1.718664e+06 -9.235978e+04 3.700026e+06 3.823012e+04 3.052687e+04 5.241569e+06 -1.718387e+06 8.301985e+04 3.928990e+04 -2.417401e+06 -2.781326e+04 5.241446e+06 2.847343e+06 -2.468006e+04
-7.171717e-03 7.509384e+05 -4.247854e+04 -1.571780e+04 1.034433e+06 -2.025239e+04 2.292562e+06 1.255943e+06 -9.578101e+03 -1.286210e+04 -1.033232e+06 -5.772627e+05 -2.914715e+04 -1.257127e+06 -6.668736e+03 -1.346127e+04 -1.765973e+06 -1.719111e+04 -1.178590e+06 -6.584596e+05 -3.688603e+04 1.432361e+06 1.016562e+04 1.669155e+04 2.012144e+06 -6.583364e+05 3.360553e+04 1.184279e+04 -9.068532e+05 -1.641947e+04 2.012084e+06 1.102291e+06 -6.428680e+03
-6.969697e-03 4.581613e+05 -2.912156e+04 -7.414494e+03 6.095572e+05 -1.846308e+04 1.401520e+06 7.820359e+05 -3.799020e+03 -5.260480e+03 -6.088439e+05 -3.522195e+05 -1.995342e+04 -7.827334e+05 -1.606914e+03 -1.237034e+04 -1.079578e+06 -7.607864e+03 -6.945062e+05 -4.017596e+05 -2.510930e+04 8.918505e+05 3.466813e+03 1.494345e+04 1.230083e+06 -4.016653e+05 2.318398e+04 5.264746e+03 -5.343722e+05 -1.535465e+04 1.230038e+06 6.863541e+05 -2.074087e+03
-6.767677e-03 3.753336e+05 -2.667654e+04 -4.417408e+03 4.813826e+05 -2.029262e+04 1.150364e+06 6.559690e+05 -1.556211e+03 -2.306147e+03 -4.808142e+05 -2.885603e+05 -1.825661e+04 -6.565186e+05 5.901534e+02 -1.365201e+04 -8.860974e+05 -4.018721e+03 -5.484708e+05 -3.291458e+05 -2.288156e+04 7.480493e+05 7.386562e+02 1.627676e+04 1.009643e+06 -3.290517e+05 2.133239e+04 2.805799e+03 -4.220011e+05 -1.708751e+04 1.009598e+06 5.757046e+05 -2.788573e+02
-6.565657e-03 5.747190e+05 -3.233264e+04 -4.297666e+03 7.654907e+05 -2.541770e+04 1.764637e+06 9.851846e+05 -2.540021e+01 -1.723560e+03 -7.646491e+05 -4.418658e+05 -2.216242e+04 -9.859994e+05 2.588908e+03 -1.707395e+04 -1.359235e+06 -3.569337e+03 -8.721885e+05 -5.039911e+05 -2.769366e+04 1.123472e+06 -1.321890e+03 2.027644e+04 1.548754e+06 -5.038741e+05 2.593452e+04 2.535473e+03 -6.711063e+05 -2.148475e+04 1.548700e+06 8.646327e+05 1.231684e+03
-6.363636e-03 -2.779356e+06 -4.605617e+04 4.362768e+03 -4.510696e+06 -6.880682e+04 -8.548049e+06 -4.057886e+06 -1.611966e+04 9.431554e+03 4.506769e+06 2.136880e+06 -3.039122e+04 4.061872e+06 -1.097649e+04 -4.765502e+04 6.584287e+06 7.998862e+03 5.139547e+06 2.436915e+06 -3.889125e+04 -4.628109e+06 1.530271e+04 5.569408e+04 -7.502156e+06 2.437161e+06 3.615651e+04 -5.945403e+03 3.955342e+06 -5.899126e+04 -7.502218e+06 -3.561415e+06 -1.199369e+04
-6.161616e-03 -2.385567e+06 -1.177069e+04 -5.163580e+03 -3.738968e+06 -1.550990e+04 -7.350061e+06 -3.625799e+06 -2.208455e+04 -3.963101e+03 3.735759e+06 1.834236e+06 -7.265158e+03 3.629024e+06 -2.086798e+04 -1.127259e+04 5.661321e+06 -5.812014e+03 4.260291e+06 2.091787e+06 -1.029997e+04 -4.135007e+06 2.508700e+04 1.348542e+04 -6.450655e+06 2.091846e+06 8.308526e+03 3.534163e+03 3.278623e+06 -1.297025e+04 -6.450672e+06 -3.182127e+06 -1.837353e+04
-5.959596e-03 -2.777902e+06 5.410861e+03 -1.713224e+04 -4.240553e+06 2.086660e+04 -8.573689e+06 -4.343854e+06 -3.615841e+04 -1.825882e+04 4.236938e+06 2.136007e+06 4.488200e+03 4.347448e+06 -3.729956e+04 1.336971e+04 6.603700e+06 -2.174244e+04 4.831831e+06 2.435926e+06 3.659620e+03 -4.953661e+06 4.343171e+04 -1.478615e+04 -7.524521e+06 2.435879e+06 -6.202127e+03 1.431568e+04 3.718459e+06 1.876130e+04 -7.524475e+06 -3.812267e+06 -3.101632e+04
-5.757576e-03 6.607192e+06 -9.040988e+04 6.784453e+04 9.627865e+06 -1.808635e+05 2.042712e+07 1.076220e+07 1.114819e+05 7.946214e+04 -9.619454e+06 -5.080707e+06 -6.328063e+04 -1.077042e+07 1.232359e+05 -1.210851e+05 -1.573343e+07 8.989330e+04 -1.097033e+07 -5.794184e+06 -7.334255e+04 1.227232e+07 -1.396850e+05 1.383180e+05 1.792740e+07 -5.793602e+06 7.810267e+04 -6.004969e+04 -8.442301e+06 -1.583810e+05 1.792722e+07 9.445117e+06 9.840531e+04
-5.555556e-03 4.454259e+05 -1.899214e+04 6.583600e+03 5.742941e+05 -2.985964e+04 1.379528e+06 7.857297e+05 9.375383e+03 8.660471e+03 -5.737406e+05 -3.425456e+05 -1.302584e+04 -7.862430e+05 1.147405e+04 -2.017739e+04 -1.062520e+06 9.273966e+03 -6.543629e+05 -3.906631e+05 -1.584942e+04 8.959013e+05 -1.246530e+04 2.327475e+04 1.210718e+06 -3.905625e+05 1.566003e+04 -6.236202e+03 -5.035364e+05 -2.592137e+04 1.210667e+06 6.895560e+05 8.696930e+03
-5.353535e-03 -4.342977e+05 -4.131262e+03 -7.718244e+03 -6.762887e+05 7.569552e+03 -1.346863e+06 -6.900084e+05 -1.042652e+04 -7.851948e+03 6.757895e+05 3.339856e+05 -2.700157e+03 6.905037e+05 -1.056188e+04 5.037463e+03 1.037347e+06 -9.467330e+03 7.706068e+05 3.808565e+05 -3.945409e+03 -7.868084e+05 1.255315e+04 -5.502854e+03 -1.182020e+06 3.808508e+05 2.757231e+03 6.373665e+03 5.930769e+05 6.880462e+03 -1.182014e+06 -6.055523e+05 -8.751195e+03
-5.151515e-03 3.572345e+06 -7.480439e+04 8.030999e+04 4.888046e+06 -2.157404e+05 1.109738e+07 6.207908e+06 1.014153e+05 9.230232e+04 -4.883988e+06 -2.747439e+06 -5.169263e+04 -6.211690e+06 1.135125e+05 -1.458086e+05 -8.547051e+06 1.048155e+05 -5.569691e+06 -3.133160e+06 -5.971906e+04 7.078116e+06 -1.288966e+05 1.663488e+05 9.739226e+06 -3.132555e+06 6.482681e+04 -7.076543e+04 -4.286262e+06 -1.891293e+05 9.738956e+06 5.448003e+06 8.934700e+04
-4.949495e-03 -5.224322e+05 1.796595e+03 -1.341680e+04 -7.617806e+05 2.589966e+04 -1.625166e+06 -8.895944e+05 -1.642787e+04 -1.453230e+04 7.612240e+05 4.018064e+05 1.337446e+03 8.901208e+05 -1.755234e+04 1.749069e+04 1.251657e+06 -1.696300e+04 8.680270e+05 4.581944e+05 8.313797e+02 -1.014289e+06 2.039498e+04 -1.975564e+04 -1.426253e+06 4.581395e+05 -2.268692e+03 1.146488e+04 6.680507e+05 2.290414e+04 -1.426221e+06 -7.806912e+05 -1.411321e+04
-4.747475e-03 -5.812681e+05 4.883093e+03 -1.721626e+04 -8.199696e+05 3.788637e+04 -1.810835e+06 -1.023621e+06 -2.043414e+04 -1.891678e+04 8.193740e+05 4.470812e+05 3.441731e+03 1.024167e+06 -2.214656e+04 2.563470e+04 1.394636e+06 -2.191856e+04 9.343344e+05 5.098217e+05 3.291922e+03 -1.167046e+06 2.558550e+04 -2.905807e+04 -1.589191e+06 5.097359e+05 -4.914453e+03 1.483076e+04 7.190811e+05 3.340104e+04 -1.589145e+06 -8.983018e+05 -1.766339e+04
-4.545455e-03 -3.250241e+05 4.931584e+02 -1.069410e+04 -4.683585e+05 2.193230e+04 -1.013901e+06 -5.774624e+05 -1.243962e+04 -1.156520e+04 4.680432e+05 2.500002e+05 3.994622e+02 5.777501e+05 -1.331618e+04 1.484713e+04 7.808583e+05 -1.349804e+04 5.336881e+05 2.850771e+05 -1.272970e+02 -6.583555e+05 1.548588e+04 -1.678387e+04 -8.897948e+05 2.850327e+05 -1.014838e+03 9.139860e+03 4.107497e+05 1.938183e+04 -8.897706e+05 -5.067614e+05 -1.067638e+04
-4.343434e-03 -2.259145e+05 -9.171730e+02 -8.156032e+03 -3.311141e+05 1.624107e+04 -7.056379e+05 -4.072993e+05 -9.332019e+03 -8.736458e+03 3.309071e+05 1.737738e+05 -5.817191e+02 4.074862e+05 -9.915665e+03 1.100066e+04 5.434422e+05 -1.024072e+04 3.773035e+05 1.981517e+05 -1.204344e+03 -4.643409e+05 1.157915e+04 -1.241607e+04 -6.192606e+05 1.981218e+05 2.637166e+02 6.938430e+03 2.903979e+05 1.437205e+04 -6.192443e+05 -3.574292e+05 -7.973748e+03
-4.141414e-03 -1.698896e+05 -1.589658e+03 -6.656416e+03 -2.533451e+05 1.313618e+04 -5.312995e+05 -3.119870e+05 -7.513612e+03 -7.081815e+03 2.531986e+05 1.306838e+05 -1.051384e+03 3.121173e+05 -7.941076e+03 8.902416e+03 4.091719e+05 -8.326578e+03 2.886886e+05 1.490141e+05 -1.704495e+03 -3.556686e+05 9.301570e+03 -1.003805e+04 -4.662602e+05 1.489920e+05 8.888313e+02 5.644347e+03 2.222004e+05 1.163432e+04 -4.662481e+05 -2.737848e+05 -6.399164e+03
-3.939394e-03 -1.334341e+05 -1.957426e+03 -5.621356e+03 -2.028062e+05 1.114738e+04 -4.177829e+05 -2.504613e+05 -6.274129e+03 -5.949748e+03 2.026984e+05 1.026446e+05 -1.309365e+03 2.505554e+05 -6.603897e+03 7.558340e+03 3.217454e+05 -7.011737e+03 2.311012e+05 1.170401e+05 -1.968373e+03 -2.855190e+05 7.753732e+03 -8.517550e+03 -3.666378e+05 1.170229e+05 1.241617e+03 4.755042e+03 1.778813e+05 9.877912e+03 -3.666284e+05 -2.197910e+05 -5.330000e+03
-3.737374e-03 -1.078007e+05 -2.171783e+03 -4.844588e+03 -1.674194e+05 9.757104e+03 -3.379033e+05 -2.075572e+05 -5.356148e+03 -5.106653e+03 1.673384e+05 8.292866e+04 -1.460549e+03 2.076264e+05 -5.619146e+03 6.618625e+03 2.602253e+05 -6.029149e+03 1.907791e+05 9.455758e+04 -2.114629e+03 -2.366015e+05 6.610239e+03 -7.456303e+03 -2.965355e+05 9.454370e+04 1.455712e+03 4.090147e+03 1.468493e+05 8.648263e+03 -2.965279e+05 -1.821393e+05 -4.540860e+03
-3.535354e-03 -8.883916e+04 -2.300197e+03 -4.229965e+03 -1.414258e+05 8.729836e+03 -2.787648e+05 -1.761203e+05 -4.639147e+03 -4.443981e+03 1.413640e+05 6.834404e+04 -1.551770e+03 1.761716e+05 -4.853796e+03 5.924146e+03 2.146796e+05 -5.254527e+03 1.611599e+05 7.792665e+04 -2.195948e+03 -2.007586e+05 5.719000e+03 -6.673250e+03 -2.446358e+05 7.791522e+04 1.591005e+03 3.565732e+03 1.240542e+05 7.738438e+03 -2.446295e+05 -1.545510e+05 -3.926364e+03
-3.333333e-03 -7.428890e+04 -2.377219e+03 -3.725354e+03 -1.216771e+05 7.941238e+03 -2.333433e+05 -1.522718e+05 -4.057693e+03 -3.903086e+03 1.216297e+05 5.715216e+04 -1.607044e+03 1.523097e+05 -4.235850e+03 5.390908e+03 1.796983e+05 -4.620608e+03 1.386568e+05 6.516463e+04 -2.239160e+03 -1.735679e+05 4.997584e+03 -6.072879e+03 -2.047743e+05 6.515507e+04 1.678347e+03 3.136379e+03 1.067354e+05 7.039119e+03 -2.047690e+05 -1.336222e+05 -3.429391e+03
-3.131313e-03 -6.280231e+04 -2.422201e+03 -3.299500e+03 -1.062927e+05 7.318875e+03 -1.974514e+05 -1.337089e+05 -3.572612e+03 -3.448948e+03 1.062564e+05 4.831657e+04 -1.639841e+03 1.337364e+05 -3.722337e+03 4.969984e+03 1.520565e+05 -4.087152e+03 1.211266e+05 5.508962e+04 -2.259190e+03 -1.524035e+05 4.396718e+03 -5.599598e+03 -1.732760e+05 5.508152e+04 1.735147e+03 2.774916e+03 9.324394e+04 6.486577e+03 -1.732715e+05 -1.173319e+05 -3.015799e+03
-2.929293e-03 -5.352279e+04 -2.446691e+03 -2.932271e+03 -9.407633e+04 6.817476e+03 -1.684268e+05 -1.189735e+05 -3.158747e+03 -3.059099e+03 9.404858e+04 4.117849e+04 -1.658209e+03 1.189931e+05 -3.285746e+03 4.630798e+03 1.297037e+05 -3.628292e+03 1.072062e+05 4.695034e+04 -2.264870e+03 -1.356033e+05 3.884807e+03 -5.218688e+03 -1.478045e+05 4.694342e+04 1.771873e+03 2.463873e+03 8.253049e+04 6.040960e+03 -1.478007e+05 -1.044006e+05 -2.663703e+03
-2.727273e-03 -4.587881e+04 -2.457902e+03 -2.609970e+03 -8.423011e+04 6.407208e+03 -1.444932e+05 -1.070974e+05 -2.799065e+03 -2.718318e+03 8.420919e+04 3.529834e+04 -1.667186e+03 1.071106e+05 -2.907508e+03 4.353203e+03 1.112719e+05 -3.226474e+03 9.598654e+04 4.024553e+04 -2.261667e+03 -1.220631e+05 3.440488e+03 -4.907294e+03 -1.268009e+05 4.023958e+04 1.795132e+03 2.191395e+03 7.389557e+04 5.675985e+03 -1.267976e+05 -9.397849e+04 -2.358310e+03
-2.525253e-03 -3.947415e+04 -2.460510e+03 -2.322875e+03 -7.620245e+04 6.067595e+03 -1.244187e+05 -9.741293e+04 -2.481540e+03 -2.415844e+03 7.618702e+04 3.037139e+04 -1.670039e+03 9.742109e+04 -2.574550e+03 4.123367e+03 9.581212e+04 -2.869260e+03 8.683909e+04 3.462769e+04 -2.253083e+03 -1.110217e+05 3.048700e+03 -4.649737e+03 -1.091840e+05 3.462255e+04 1.809244e+03 1.949080e+03 6.685543e+04 5.373602e+03 -1.091812e+05 -8.547972e+04 -2.089192e+03
-2.323232e-03 -3.402538e+04 -2.457624e+03 -2.063836e+03 -6.960062e+04 5.784111e+03 -1.073218e+05 -8.944581e+04 -2.197385e+03 -2.143794e+03 6.958962e+04 2.617965e+04 -1.668946e+03 8.944989e+04 -2.277346e+03 3.931482e+03 8.264560e+04 -2.547527e+03 7.931634e+04 2.984822e+04 -2.241418e+03 -1.019383e+05 2.698452e+03 -4.434905e+03 -9.418025e+04 2.984378e+04 1.817122e+03 1.730763e+03 6.106567e+04 5.120997e+03 -9.417778e+04 -7.848808e+04 -1.848745e+03
-2.121212e-03 -2.932425e+04 -2.451362e+03 -1.827439e+03 -6.413841e+04 5.546184e+03 -9.255468e+04 -8.285110e+04 -1.939993e+03 -1.896225e+03 6.413102e+04 2.256296e+04 -1.665394e+03 8.285184e+04 -2.008756e+03 3.770406e+03 7.127339e+04 -2.254382e+03 7.309215e+04 2.572449e+04 -2.228216e+03 -9.441968e+04 2.381489e+03 -4.254715e+03 -8.122110e+04 2.572065e+04 1.820773e+03 1.531787e+03 5.627531e+04 4.908836e+03 -8.121897e+04 -7.270081e+04 -1.631261e+03
-1.919192e-03 -2.521416e+04 -2.443192e+03 -1.609481e+03 -5.960322e+04 5.345952e+03 -7.963002e+04 -7.737291e+04 -1.704268e+03 -1.668538e+03 5.959880e+04 1.940087e+04 -1.660412e+03 7.737093e+04 -1.763286e+03 3.634827e+03 6.132018e+04 -1.984483e+03 6.792431e+04 2.211915e+04 -2.214528e+03 -8.817405e+04 2.091451e+03 -4.103161e+03 -6.987891e+04 2.211584e+04 1.821606e+03 1.348539e+03 5.229793e+04 4.730175e+03 -6.987707e+04 -6.789338e+04 -1.432345e+03
-1.717172e-03 -2.157486e+04 -2.434143e+03 -1.406620e+03 -5.583479e+04 5.177473e+03 -6.817345e+04 -7.281855e+04 -1.486191e+03 -1.457092e+03 5.583280e+04 1.660090e+04 -1.654728e+03 7.281434e+04 -1.536613e+03 3.520732e+03 5.249762e+04 -1.733591e+03 6.363017e+04 1.892673e+04 -2.201080e+03 -8.298168e+04 1.823328e+03 -3.975706e+03 -5.982511e+04 1.892388e+04 1.820630e+03 1.178155e+03 4.899298e+04 4.579761e+03 -5.982353e+04 -6.389667e+04 -1.248534e+03
-1.515152e-03 -1.831214e+04 -2.424947e+03 -1.216146e+03 -5.271088e+04 5.036199e+03 -5.789158e+04 -6.904116e+04 -1.282523e+03 -1.258942e+03 5.271088e+04 1.409057e+04 -1.648856e+03 6.903514e+04 -1.325266e+03 3.425049e+03 4.457977e+04 -1.498276e+03 6.007045e+04 1.606460e+04 -2.188376e+03 -7.867517e+04 1.573089e+03 -3.868881e+03 -5.080222e+04 1.606218e+04 1.818569e+03 1.018315e+03 4.625325e+04 4.453574e+03 -5.080087e+04 -6.058180e+04 -1.077045e+03
-1.313131e-03 -1.535078e+04 -2.416127e+03 -1.035813e+03 -5.013755e+04 4.918623e+03 -4.855006e+04 -6.592800e+04 -1.090604e+03 -1.071659e+03 5.013917e+04 1.181205e+04 -1.643169e+03 6.592050e+04 -1.126398e+03 3.345407e+03 3.738613e+04 -1.275703e+03 5.713812e+04 1.346679e+04 -2.176767e+03 -7.512593e+04 1.337423e+03 -3.780010e+03 -4.260458e+04 1.346475e+04 1.815953e+03 8.670991e+02 4.399640e+04 4.348508e+03 -4.260345e+04 -5.784984e+04 -9.155943e+02
-1.111111e-03 -1.262953e+04 -2.408061e+03 -8.637266e+02 -4.804241e+04 4.822028e+03 -3.995801e+04 -6.339218e+04 -9.082040e+02 -8.931991e+02 4.804534e+04 9.718220e+03 -1.637933e+03 6.338348e+04 -9.376270e+02 3.279970e+03 3.076969e+04 -1.063480e+03 5.475069e+04 1.107958e+04 -2.166501e+03 -7.223492e+04 1.113557e+03 -3.707021e+03 -3.506465e+04 1.107790e+04 1.813170e+03 7.228919e+02 4.215891e+04 4.262159e+03 -3.506372e+04 -5.562452e+04 -7.622699e+02
-9.090909e-04 -1.009752e+04 -2.401017e+03 -6.982548e+02 -4.636979e+04 4.744315e+03 -3.195673e+04 -6.136692e+04 -7.334144e+02 -7.218063e+02 4.637375e+04 7.769947e+03 -1.633340e+03 6.135728e+04 -7.569224e+02 3.227320e+03 2.460823e+04 -8.595552e+02 5.284471e+04 8.858352e+03 -2.157750e+03 -6.992598e+04 8.991243e+02 -3.648317e+03 -2.804319e+04 8.857008e+03 1.810504e+03 5.843024e+02 4.069197e+04 4.192668e+03 -2.804244e+04 -5.384724e+04 -6.154388e+02
-7.070707e-04 -7.711526e+03 -2.395191e+03 -5.379629e+02 -4.507732e+04 4.683881e+03 -2.441140e+04 -5.980142e+04 -5.645694e+02 -5.559422e+02 4.508208e+04 5.933988e+03 -1.629529e+03 5.979106e+04 -5.825131e+02 3.186373e+03 1.879792e+04 -6.621234e+02 5.137193e+04 6.765192e+03 -2.150635e+03 -6.814122e+04 6.920563e+02 -3.602675e+03 -2.142187e+04 6.764164e+03 1.808160e+03 4.501101e+02 3.955844e+04 4.138614e+03 -2.142130e+04 -5.247344e+04 -4.736770e+02
-5.050505e-04 -5.433941e+03 -2.390717e+03 -3.815631e+02 -4.413355e+04 4.639531e+03 -1.720466e+04 -5.865797e+04 -4.001819e+02 -3.942286e+02 4.413889e+04 4.181418e+03 -1.626596e+03 5.864708e+04 -4.128210e+02 3.156323e+03 1.324837e+04 -4.695685e+02 5.029649e+04 4.767119e+03 -2.145238e+03 -6.683761e+04 4.905094e+02 -3.569187e+03 -1.509768e+04 4.766394e+03 1.806287e+03 3.192203e+02 3.873072e+04 4.098939e+03 -1.509728e+04 -5.147000e+04 -3.357147e+02
-3.030303e-04 -3.231157e+03 -2.387688e+03 -2.278731e+02 -4.351620e+04 4.610416e+03 -1.023156e+04 -5.790984e+04 -2.388929e+02 -2.354029e+02 4.352191e+04 2.486384e+03 -1.624606e+03 5.789862e+04 -2.464065e+02 3.136595e+03 7.878753e+03 -2.804077e+02 4.959301e+04 2.834653e+03 -2.141612e+03 -6.598471e+04 2.927997e+02 -3.547205e+03 -8.978541e+03 2.834222e+03 1.804986e+03 1.906291e+02 3.818928e+04 4.072889e+03 -8.978300e+03 -5.081349e+04 -2.003926e+02
-1.010101e-04 -1.072235e+03 -2.386160e+03 -7.578157e+01 -4.321100e+04 4.595992e+03 -3.395467e+03 -5.753995e+04 -7.942989e+01 -7.828005e+01 4.321690e+04 8.250888e+02 -1.623602e+03 5.752856e+04 -8.192292e+01 3.126821e+03 2.614659e+03 -9.324871e+01 4.924523e+04 9.406587e+02 -2.139792e+03 -6.556301e+04 9.735092e+01 -3.536316e+03 -2.979638e+03 9.405154e+02 1.804321e+03 6.339369e+01 3.792161e+04 4.059983e+03 -2.979558e+03 -5.048889e+04 -6.662626e+01
1.010101e-04 1.072235e+03 -2.386160e+03 7.578157e+01 -4.321100e+04 4.595992e+03 3.395467e+03 -5.753995e+04 7.942989e+01 7.828005e+01 4.321690e+04 -8.250888e+02 -1.623602e+03 5.752856e+04 8.192292e+01 3.126821e+03 -2.614659e+03 9.324871e+01 4.924523e+04 -9.406587e+02 -2.139792e+03 -6.556301e+04 -9.735092e+01 -3.536316e+03 2.979638e+03 -9.405154e+02 1.804321e+03 -6.339369e+01 3.792161e+04 4.059983e+03 2.979558e+03 -5.048889e+04 6.662626e+01
3.030303e-04 3.231157e+03 -2.387688e+03 2.278731e+02 -4.351620e+04 4.610416e+03 1.023156e+04 -5.790984e+04 2.388929e+02 2.354029e+02 4.352191e+04 -2.486384e+03 -1.624606e+03 5.789862e+04 2.464065e+02 3.136595e+03 -7.878753e+03 2.804077e+02 4.959301e+04 -2.834653e+03 -2.141612e+03 -6.598471e+04 -2.927997e+02 -3.547205e+03 8.978541e+03 -2.834222e+03 1.804986e+03 -1.906291e+02 3.818928e+04 4.072889e+03 8.978300e+03 -5.081349e+04 2.003926e+02
5.050505e-04 5.433941e+03 -2.390717e+03 3.815631e+02 -4.413355e+04 4.639531e+03 1.720466e+04 -5.865797e+04 4.001819e+02 3.942286e+02 4.413889e+04 -4.181418e+03 -1.626596e+03 5.864708e+04 4.128210e+02 3.156323e+03 -1.324837e+04 4.695685e+02 5.029649e+04 -4.767119e+03 -2.145238e+03 -6.683761e+04 -4.905094e+02 -3.569187e+03 1.509768e+04 -4.766394e+03 1.806287e+03 -3.192203e+02 3.873072e+04 4.098939e+03 1.509728e+04 -5.147000e+04 3.357147e+02
7.070707e-04 7.711526e+03 -2.395191e+03 5.379629e+02 -4.507732e+04 4.683881e+03 2.441140e+04 -5.980142e+04 5.645694e+02 5.559422e+02 4.508208e+04 -5.933988e+03 -1.629529e+03 5.979106e+04 5.825131e+02 3.186373e+03 -1.879792e+04 6.621234e+02 5.137193e+04 -6.765192e+03 -2.150635e+03 -6.814122e+04 -6.920563e+02 -3.602675e+03 2.142187e+04 -6.764164e+03 1.808160e+03 -4.501101e+02 3.955844e+04 4.138614e+03 2.142130e+04 -5.247344e+04 4.736770e+02
9.090909e-04 1.009752e+04 -2.401017e+03 6.982548e+02 -4.636979e+04 4.744315e+03 3.195673e+04 -6.136692e+04 7.334144e+02 7.218063e+02 4.637375e+04 -7.769947e+03 -1.633340e+03 6.135728e+04 7.569224e+02 3.227320e+03 -2.460823e+04 8.595552e+02 5.284471e+04 -8.858352e+03 -2.157750e+03 -6.992598e+04 -8.991243e+02 -3.648317e+03 2.804319e+04 -8.857008e+03 1.810504e+03 -5.843024e+02 4.069197e+04 4.192668e+03 2.804244e+04 -5.384724e+04 6.154388e+02
1.111111e-03 1.262953e+04 -2.408061e+03 8.637266e+02 -4.804241e+04 4.822028e+03 3.995801e+04 -6.339218e+04 9.082040e+02 8.931991e+02 4.804534e+04 -9.718220e+03 -1.637933e+03 6.338348e+04 9.376270e+02 3.279970e+03 -3.076969e+04 1.063480e+03 5.475069e+04 -1.107958e+04 -2.166501e+03 -7.223492e+04 -1.113557e+03 -3.707021e+03 3.506465e+04 -1.107790e+04 1.813170e+03 -7.228919e+02 4.215891e+04 4.262159e+03 3.506372e+04 -5.562452e+04 7.622699e+02
1.313131e-03 1.535078e+04 -2.416127e+03 1.035813e+03 -5.013755e+04 4.918623e+03 4.855006e+04 -6.592800e+04 1.090604e+03 1.071659e+03 5.013917e+04 -1.181205e+04 -1.643169e+03 6.592050e+04 1.126398e+03 3.345407e+03 -3.738613e+04 1.275703e+03 5.713812e+04 -1.346679e+04 -2.176767e+03 -7.512593e+04 -1.337423e+03 -3.780010e+03 4.260458e+04 -1.346475e+04 1.815953e+03 -8.670991e+02 4.399640e+04 4.348508e+03 4.260345e+04 -5.784984e+04 9.155943e+02
1.515152e-03 1.831214e+04 -2.424947e+03 1.216146e+03 -5.271088e+04 5.036199e+03 5.789158e+04 -6.904116e+04 1.282523e+03 1.258942e+03 5.271088e+04 -1.409057e+04 -1.648856e+03 6.903514e+04 1.325266e+03 3.425049e+03 -4.457977e+04 1.498276e+03 6.007045e+04 -1.606460e+04 -2.188376e+03 -7.867517e+04 -1.573089e+03 -3.868881e+03 5.080222e+04 -1.606218e+04 1.818569e+03 -1.018315e+03 4.625325e+04 4.453574e+03 5.080087e+04 -6.058180e+04 1.077045e+03
1.717172e-03 2.157486e+04 -2.434143e+03 1.406620e+03 -5.583479e+04 5.177473e+03 6.817345e+04 -7.281855e+04 1.486191e+03 1.457092e+03 5.583280e+04 -1.660090e+04 -1.654728e+03 7.281434e+04 1.536613e+03 3.520732e+03 -5.249762e+04 1.733591e+03 6.363017e+04 -1.892673e+04 -2.201080e+03 -8.298168e+04 -1.823328e+03 -3.975706e+03 5.982511e+04 -1.892388e+04 1.820630e+03 -1.178155e+03 4.899298e+04 4.579761e+03 5.982353e+04 -6.389667e+04 1.248534e+03
1.919192e-03 2.521416e+04 -2.443192e+03 1.609481e+03 -5.960322e+04 5.345952e+03 7.963002e+04 -7.737291e+04 1.704268e+03 1.668538e+03 5.959880e+04 -1.940087e+04 -1.660412e+03 7.737093e+04 1.763286e+03 3.634827e+03 -6.132018e+04 1.984483e+03 6.792431e+04 -2.211915e+04 -2.214528e+03 -8.817405e+04 -2.091451e+03 -4.103161e+03 6.987891e+04 -2.211584e+04 1.821606e+03 -1.348539e+03 5.229793e+04 4.730175e+03 6.987707e+04 -6.789338e+04 1.432345e+03
2.121212e-03 2.932425e+04 -2.451362e+03 1.827439e+03 -6.413841e+04 5.546184e+03 9.255468e+04 -8.285110e+04 1.939993e+03 1.896225e+03 6.413102e+04 -2.256296e+04 -1.665394e+03 8.285184e+04 2.008756e+03 3.770406e+03 -7.127339e+04 2.254382e+03 7.309215e+04 -2.572449e+04 -2.228216e+03 -9.441968e+04 -2.381489e+03 -4.254715e+03 8.122110e+04 -2.572065e+04 1.820773e+03 -1.531787e+03 5.627531e+04 4.908836e+03 8.121897e+04 -7.270081e+04 1.631261e+03
2.323232e-03 3.402538e+04 -2.457624e+03 2.063836e+03 -6.960062e+04 5.784111e+03 1.073218e+05 -8.944581e+04 2.197385e+03 2.143794e+03 6.958962e+04 -2.617965e+04 -1.668946e+03 8.944989e+04 2.277346e+03 3.931482e+03 -8.264560e+04 2.547527e+03 7.931634e+04 -2.984822e+04 -2.241418e+03 -1.019383e+05 -2.698452e+03 -4.434905e+03 9.418025e+04 -2.984378e+04 1.817122e+03 -1.730763e+03 6.106567e+04 5.120997e+03 9.417778e+04 -7.848808e+04 1.848745e+03
2.525253e-03 3.947415e+04 -2.460510e+03 2.322875e+03 -7.620245e+04 6.067595e+03 1.244187e+05 -9.741293e+04 2.481540e+03 2.415844e+03 7.618702e+04 -3.037139e+04 -1.670039e+03 9.742109e+04 2.574550e+03 4.123367e+03 -9.581212e+04 2.869260e+03 8.683909e+04 -3.462769e+04 -2.253083e+03 -1.110217e+05 -3.048700e+03 -4.649737e+03 1.091840e+05 -3.462255e+04 1.809244e+03 -1.949080e+03 6.685543e+04 5.373602e+03 1.091812e+05 -8.547972e+04 2.089192e+03
2.727273e-03 4.587881e+04 -2.457902e+03 2.609970e+03 -8.423011e+04 6.407208e+03 1.444932e+05 -1.070974e+05 2.799065e+03 2.718318e+03 8.420919e+04 -3.529834e+04 -1.667186e+03 1.071106e+05 2.907508e+03 4.353203e+03 -1.112719e+05 3.226474e+03 9.598654e+04 -4.024553e+04 -2.261667e+03 -1.220631e+05 -3.440488e+03 -4.907294e+03 1.268009e+05 -4.023958e+04 1.795132e+03 -2.191395e+03 7.389557e+04 5.675985e+03 1.267976e+05 -9.397849e+04 2.358310e+03
2.929293e-03 5.352279e+04 -2.446691e+03 2.932271e+03 -9.407633e+04 6.817476e+03 1.684268e+05 -1.189735e+05 3.158747e+03 3.059099e+03 9.404858e+04 -4.117849e+04 -1.658209e+03 1.189931e+05 3.285746e+03 4.630798e+03 -1.297037e+05 3.628292e+03 1.072062e+05 -4.695034e+04 -2.264870e+03 -1.356033e+05 -3.884807e+03 -5.218688e+03 1.478045e+05 -4.694342e+04 1.771873e+03 -2.463873e+03 8.253049e+04 6.040960e+03 1.478007e+05 -1.044006e+05 2.663703e+03
3.131313e-03 6.280231e+04 -2.422201e+03 3.299500e+03 -1.062927e+05 7.318875e+03 1.974514e+05 -1.337089e+05 3.572612e+03 3.448948e+03 1.062564e+05 -4.831657e+04 -1.639841e+03 1.337364e+05 3.722337e+03 4.969984e+03 -1.520565e+05 4.087152e+03 1.211266e+05 -5.508962e+04 -2.259190e+03 -1.524035e+05 -4.396718e+03 -5.599598e+03 1.732760e+05 -5.508152e+04 1.735147e+03 -2.774916e+03 9.324394e+04 6.486577e+03 1.732715e+05 -1.173319e+05 3.015799e+03
3.333333e-03 7.428890e+04 -2.377219e+03 3.725354e+03 -1.216771e+05 7.941238e+03 2.333433e+05 -1.522718e+05 4.057693e+03 3.903086e+03 1.216297e+05 -5.715216e+04 -1.607044e+03 1.523097e+05 4.235850e+03 5.390908e+03 -1.796983e+05 4.620608e+03 1.386568e+05 -6.516463e+04 -2.239160e+03 -1.735679e+05 -4.997584e+03 -6.072879e+03 2.047743e+05 -6.515507e+04 1.678347e+03 -3.136379e+03 1.067354e+05 7.039119e+03 2.047690e+05 -1.336222e+05 3.429391e+03
3.535354e-03 8.883916e+04 -2.300197e+03 4.229965e+03 -1.414258e+05 8.729836e+03 2.787648e+05 -1.761203e+05 4.639147e+03 4.443981e+03 1.413640e+05 -6.834404e+04 -1.551770e+03 1.761716e+05 4.853796e+03 5.924146e+03 -2.146796e+05 5.254527e+03 1.611599e+05 -7.792665e+04 -2.195948e+03 -2.007586e+05 -5.719000e+03 -6.673250e+03 2.446358e+05 -7.791522e+04 1.591005e+03 -3.565732e+03 1.240542e+05 7.738438e+03 2.446295e+05 -1.545510e+05 3.926364e+03
3.737374e-03 1.078007e+05 -2.171783e+03 4.844588e+03 -1.674194e+05 9.757104e+03 3.379033e+05 -2.075572e+05 5.356148e+03 5.106653e+03 1.673384e+05 -8.292866e+04 -1.460549e+03 2.076264e+05 5.619146e+03 6.618625e+03 -2.602253e+05 6.029149e+03 1.907791e+05 -9.455758e+04 -2.114629e+03 -2.366015e+05 -6.610239e+03 -7.456303e+03 2.965355e+05 -9.454370e+04 1.455712e+03 -4.090147e+03 1.468493e+05 8.648263e+03 2.965279e+05 -1.821393e+05 4.540860e+03
3.939394e-03 1.334341e+05 -1.957426e+03 5.621356e+03 -2.028062e+05 1.114738e+04 4.177829e+05 -2.504613e+05 6.274129e+03 5.949748e+03 2.026984e+05 -1.026446e+05 -1.309365e+03 2.505554e+05 6.603897e+03 7.558340e+03 -3.217454e+05 7.011737e+03 2.311012e+05 -1.170401e+05 -1.968373e+03 -2.855190e+05 -7.753732e+03 -8.517550e+03 3.666378e+05 -1.170229e+05 1.241617e+03 -4.755042e+03 1.778813e+05 9.877912e+03 3.666284e+05 -2.197910e+05 5.330000e+03
4.141414e-03 1.698896e+05 -1.589658e+03 6.656416e+03 -2.533451e+05 1.313618e+04 5.312995e+05 -3.119870e+05 7.513612e+03 7.081815e+03 2.531986e+05 -1.306838e+05 -1.051384e+03 3.121173e+05 7.941076e+03 8.902416e+03 -4.091719e+05 8.326578e+03 2.886886e+05 -1.490141e+05 -1.704495e+03 -3.556686e+05 -9.301570e+03 -1.003805e+04 4.662602e+05 -1.489920e+05 8.888313e+02 -5.644347e+03 2.222004e+05 1.163432e+04 4.662481e+05 -2.737848e+05 6.399164e+03
4.343434e-03 2.259145e+05 -9.171730e+02 8.156032e+03 -3.311141e+05 1.624107e+04 7.056379e+05 -4.072993e+05 9.332019e+03 8.736458e+03 3.309071e+05 -1.737738e+05 -5.817191e+02 4.074862e+05 9.915665e+03 1.100066e+04 -5.434422e+05 1.024072e+04 3.773035e+05 -1.981517e+05 -1.204344e+03 -4.643409e+05 -1.157915e+04 -1.241607e+04 6.192606e+05 -1.981218e+05 2.637166e+02 -6.938430e+03 2.903979e+05 1.437205e+04 6.192443e+05 -3.574292e+05 7.973748e+03
4.545455e-03 3.250241e+05 4.931584e+02 1.069410e+04 -4.683585e+05 2.193230e+04 1.013901e+06 -5.774624e+05 1.243962e+04 1.156520e+04 4.680432e+05 -2.500002e+05 3.994622e+02 5.777501e+05 1.331618e+04 1.484713e+04 -7.808583e+05 1.349804e+04 5.336881e+05 -2.850771e+05 -1.272970e+02 -6.583555e+05 -1.548588e+04 -1.678387e+04 8.897948e+05 -2.850327e+05 -1.014838e+03 -9.139860e+03 4.107497e+05 1.938183e+04 8.897706e+05 -5.067614e+05 1.067638e+04
4.747475e-03 5.812681e+05 4.883093e+03 1.721626e+04 -8.199696e+05 3.788637e+04 1.810835e+06 -1.023621e+06 2.043414e+04 1.891678e+04 8.193740e+05 -4.470812e+05 3.441731e+03 1.024167e+06 2.214656e+04 2.563470e+04 -1.394636e+06 2.191856e+04 9.343344e+05 -5.098217e+05 3.291922e+03 -1.167046e+06 -2.558550e+04 -2.905807e+04 1.589191e+06 -5.097359e+05 -4.914453e+03 -1.483076e+04 7.190811e+05 3.340104e+04 1.589145e+06 -8.983018e+05 1.766339e+04
4.949495e-03 5.224322e+05 1.796595e+03 1.341680e+04 -7.617806e+05 2.589966e+04 1.625166e+06 -8.895944e+05 1.642787e+04 1.453230e+04 7.612240e+05 -4.018064e+05 1.337446e+03 8.901208e+05 1.755234e+04 1.749069e+04 -1.251657e+06 1.696300e+04 8.680270e+05 -4.581944e+05 8.313797e+02 -1.014289e+06 -2.039498e+04 -1.975564e+04 1.426253e+06 -4.581395e+05 -2.268692e+03 -1.146488e+04 6.680507e+05 2.290414e+04 1.426221e+06 -7.806912e+05 1.411321e+04
5.151515e-03 -3.572345e+06 -7.480439e+04 -8.030999e+04 4.888046e+06 -2.157404e+05 -1.109738e+07 6.207908e+06 -1.014153e+05 -9.230232e+04 -4.883988e+06 2.747439e+06 -5.169263e+04 -6.211690e+06 -1.135125e+05 -1.458086e+05 8.547051e+06 -1.048155e+05 -5.569691e+06 3.133160e+06 -5.971906e+04 7.078116e+06 1.288966e+05 1.663488e+05 -9.739226e+06 3.132555e+06 6.482681e+04 7.076543e+04 -4.286262e+06 -1.891293e+05 -9.738956e+06 5.448003e+06 -8.934700e+04
5.353535e-03 4.342977e+05 -4.131262e+03 7.718244e+03 -6.762887e+05 7.569552e+03 1.346863e+06 -6.900084e+05 1.042652e+04 7.851948e+03 6.757895e+05 -3.339856e+05 -2.700157e+03 6.905037e+05 1.056188e+04 5.037463e+03 -1.037347e+06 9.467330e+03 7.706068e+05 -3.808565e+05 -3.945409e+03 -7.868084e+05 -1.255315e+04 -5.502854e+03 1.182020e+06 -3.808508e+05 2.757231e+03 -6.373665e+03 5.930769e+05 6.880462e+03 1.182014e+06 -6.055523e+05 8.751195e+03
5.555556e-03 -4.454259e+05 -1.899214e+04 -6.583600e+03 5.742941e+05 -2.985964e+04 -1.379528e+06 7.857297e+05 -9.375383e+03 -8.660471e+03 -5.737406e+05 3.425456e+05 -1.302584e+04 -7.862430e+05 -1.147405e+04 -2.017739e+04 1.062520e+06 -9.273966e+03 -6.543629e+05 3.906631e+05 -1.584942e+04 8.959013e+05 1.246530e+04 2.327475e+04 -1.210718e+06 3.905625e+05 1.566003e+04 6.236202e+03 -5.035364e+05 -2.592137e+04 -1.210667e+06 6.895560e+05 -8.696930e+03
5.757576e-03 -6.607192e+06 -9.040988e+04 -6.784453e+04 9.627865e+06 -1.808635e+05 -2.042712e+07 1.076220e+07 -1.114819e+05 -7.946214e+04 -9.619454e+06 5.080707e+06 -6.328063e+04 -1.077042e+07 -1.232359e+05 -1.210851e+05 1.573343e+07 -8.989330e+04 -1.097033e+07 5.794184e+06 -7.334255e+04 1.227232e+07 1.396850e+05 1.383180e+05 -1.792740e+07 5.793602e+06 7.810267e+04 6.004969e+04 -8.442301e+06 -1.583810e+05 -1.792722e+07 9.445117e+06 -9.840531e+04
5.959596e-03 2.777902e+06 5.410861e+03 1.713224e+04 -4.240553e+06 2.086660e+04 8.573689e+06 -4.343854e+06 3.615841e+04 1.825882e+04 4.236938e+06 -2.136007e+06 4.488200e+03 4.347448e+06 3.729956e+04 1.336971e+04 -6.603700e+06 2.174244e+04 4.831831e+06 -2.435926e+06 3.659620e+03 -4.953661e+06 -4.343171e+04 -1.478615e+04 7.524521e+06 -2.435879e+06 -6.202127e+03 -1.431568e+04 3.718459e+06 1.876130e+04 7.524475e+06 -3.812267e+06 3.101632e+04
6.161616e-03 2.385567e+06 -1.177069e+04 5.163580e+03 -3.738968e+06 -1.550990e+04 7.350061e+06 -3.625799e+06 2.208455e+04 3.963101e+03 3.735759e+06 -1.834236e+06 -7.265158e+03 3.629024e+06 2.086798e+04 -1.127259e+04 -5.661321e+06 5.812014e+03 4.260291e+06 -2.091787e+06 -1.029997e+04 -4.135007e+06 -2.508700e+04 1.348542e+04 6.450655e+06 -2.091846e+06 8.308526e+03 -3.534163e+03 3.278623e+06 -1.297025e+04 6.450672e+06 -3.182127e+06 1.837353e+04
6.363636e-03 2.779356e+06 -4.605617e+04 -4.362768e+03 -4.510696e+06 -6.880682e+04 8.548049e+06 -4.057886e+06 1.611966e+04 -9.431554e+03 4.506769e+06 -2.136880e+06 -3.039122e+04 4.061872e+06 1.097649e+04 -4.765502e+04 -6.584287e+06 -7.998862e+03 5.139547e+06 -2.436915e+06 -3.889125e+04 -4.628109e+06 -1.530271e+04 5.569408e+04 7.502156e+06 -2.437161e+06 3.615651e+04 5.945403e+03 3.955342e+06 -5.899126e+04 7.502218e+06 -3.561415e+06 1.199369e+04
6.565657e-03 -5.747190e+05 -3.233264e+04 4.297666e+03 7.654907e+05 -2.541770e+04 -1.764637e+06 9.851846e+05 2.540021e+01 1.723560e+03 -7.646491e+05 4.418658e+05 -2.216242e+04 -9.859994e+05 -2.588908e+03 -1.707395e+04 1.359235e+06 3.569337e+03 -8.721885e+05 5.039911e+05 -2.769366e+04 1.123472e+06 1.321890e+03 2.027644e+04 -1.548754e+06 5.038741e+05 2.593452e+04 -2.535473e+03 -6.711063e+05 -2.148475e+04 -1.548700e+06 8.646327e+05 -1.231684e+03
6.767677e-03 -3.753336e+05 -2.667654e+04 4.417408e+03 4.813826e+05 -2.029262e+04 -1.150364e+06 6.559690e+05 1.556211e+03 2.306147e+03 -4.808142e+05 2.885603e+05 -1.825661e+04 -6.565186e+05 -5.901534e+02 -1.365201e+04 8.860974e+05 4.018721e+03 -5.484708e+05 3.291458e+05 -2.288156e+04 7.480493e+05 -7.386562e+02 1.627676e+04 -1.009643e+06 3.290517e+05 2.133239e+04 -2.805799e+03 -4.220011e+05 -1.708751e+04 -1.009598e+06 5.757046e+05 2.788573e+02
6.969697e-03 -4.581613e+05 -2.912156e+04 7.414494e+03 6.095572e+05 -1.846308e+04 -1.401520e+06 7.820359e+05 3.799020e+03 5.260480e+03 -6.088439e+05 3.522195e+05 -1.995342e+04 -7.827334e+05 1.606914e+03 -1.237034e+04 1.079578e+06 7.607864e+03 -6.945062e+05 4.017596e+05 -2.510930e+04 8.918505e+05 -3.466813e+03 1.494345e+04 -1.230083e+06 4.016653e+05 2.318398e+04 -5.264746e+03 -5.343722e+05 -1.535465e+04 -1.230038e+06 6.863541e+05 2.074087e+03
7.171717e-03 -7.509384e+05 -4.247854e+04 1.571780e+04 1.034433e+06 -2.025239e+04 -2.292562e+06 1.255943e+06 9.578101e+03 1.286210e+04 -1.033232e+06 5.772627e+05 -2.914715e+04 -1.257127e+06 6.668736e+03 -1.346127e+04 1.765973e+06 1.719111e+04 -1.178590e+06 6.584596e+05 -3.688603e+04 1.432361e+06 -1.016562e+04 1.669155e+04 -2.012144e+06 6.583364e+05 3.360553e+04 -1.184279e+04 -9.068532e+05 -1.641947e+04 -2.012084e+06 1.102291e+06 6.428680e+03
7.373737e-03 -1.960126e+06 -1.056390e+05 5.070999e+04 2.757496e+06 -3.588389e+04 -5.972014e+06 3.244211e+06 3.413722e+04 4.423806e+04 -2.754278e+06 1.506705e+06 -7.255129e+04 -3.247399e+06 2.753634e+04 -2.356513e+04 4.600358e+06 5.718250e+04 -3.141765e+06 1.718664e+06 -9.235978e+04 3.700026e+06 -3.823012e+04 3.052687e+04 -5.241569e+06 1.718387e+06 8.301985e+04 -3.928990e+04 -2.417401e+06 -2.781326e+04 -5.241446e+06 2.847343e+06 2.468006e+04
7.575758e-03 5.565600e+06 3.055857e+05 -1.719551e+05 -7.907081e+06 7.644464e+04 1.692184e+07 -9.187502e+06 -1.232741e+05 -1.544143e+05 7.897612e+06 -4.277877e+06 2.099220e+05 9.196914e+06 -1.053607e+05 4.951171e+04 -1.303561e+07 -1.967107e+05 9.008810e+06 -4.879789e+06 2.685438e+05 -1.047870e+07 1.410511e+05 -6.786208e+04 1.485239e+07 -4.879095e+06 -2.388421e+05 1.349341e+05 6.931777e+06 5.563222e+04 1.485191e+07 -8.063660e+06 -9.201296e+04
7.777778e-03 1.183537e+06 6.802448e+04 -4.258917e+04 -1.690363e+06 1.306225e+04 3.590962e+06 -1.955431e+06 -3.192866e+04 -3.885175e+04 1.688308e+06 -9.096558e+05 4.672336e+04 1.957478e+06 -2.810782e+04 8.335978e+03 -2.766306e+06 -4.911425e+04 1.925887e+06 -1.037675e+06 6.001216e+04 -2.230276e+06 3.692735e+04 -1.221103e+04 3.151817e+06 -1.037524e+06 -5.292710e+04 3.364944e+04 1.481840e+06 8.748478e+03 3.151737e+06 -1.716252e+06 -2.424677e+04
7.979798e-03 4.436382e+05 2.448962e+04 -1.839270e+04 -6.464794e+05 1.332719e+03 1.343107e+06 -7.284818e+05 -1.425902e+04 -1.720180e+04 6.456897e+05 -3.409543e+05 1.683635e+04 7.292705e+05 -1.303994e+04 6.956477e+02 -1.034687e+06 -2.147626e+04 7.365522e+05 -3.889464e+05 2.178289e+04 -8.308956e+05 1.675418e+04 -1.862915e+03 1.178866e+06 -3.888990e+05 -1.889427e+04 1.469875e+04 5.667292e+05 9.834870e+01 1.178841e+06 -6.393834e+05 -1.105360e+04
8.181818e-03 2.910817e+05 1.635629e+04 -1.365563e+04 -4.285583e+05 -3.738943e+02 8.793037e+05 -4.779451e+05 -1.085657e+04 -1.291785e+04 4.280274e+05 -2.236948e+05 1.124732e+04 4.784762e+05 -1.010036e+04 -3.973089e+02 -6.774017e+05 -1.603913e+04 4.882654e+05 -2.551885e+05 1.462893e+04 -5.451482e+05 1.284293e+04 -3.135279e+02 7.717860e+05 -2.551597e+05 -1.254178e+04 1.096906e+04 3.756872e+05 -1.095095e+03 7.717710e+05 -4.194927e+05 -8.500268e+03
8.383838e-03 2.141740e+05 1.238605e+04 -1.123320e+04 -3.179977e+05 -1.013750e+03 6.455288e+05 -3.522046e+05 -9.109277e+03 -1.070793e+04 3.175977e+05 -1.645817e+05 8.517890e+03 3.526053e+05 -8.570179e+03 -7.984242e+02 -4.973156e+05 -1.324704e+04 3.622989e+05 -1.877583e+05 1.113134e+04 -4.017349e+05 1.082264e+04 2.922824e+02 5.666019e+05 -1.877382e+05 -9.444917e+03 9.053916e+03 2.787632e+05 -1.507740e+03 5.665915e+05 -3.091328e+05 -7.179966e+03
8.585859e-03 1.668139e+05 9.963908e+03 -9.687982e+03 -2.496013e+05 -1.298043e+03 5.016348e+05 -2.749788e+05 -7.982816e+03 -9.287661e+03 2.492825e+05 -1.281801e+05 6.852370e+03 2.752986e+05 -7.571408e+03 -9.707036e+02 -3.864679e+05 -1.145946e+04 2.843720e+05 -1.462348e+05 8.994419e+03 -3.136544e+05 9.513761e+03 5.798777e+02 4.403061e+05 -1.462198e+05 -7.558321e+03 7.828034e+03 2.188030e+05 -1.665859e+03 4.402982e+05 -2.413532e+05 -6.322949e+03
8.787879e-03 1.346598e+05 8.315288e+03 -8.591108e+03 -2.029898e+05 -1.425606e+03 4.040005e+05 -2.226352e+05 -7.172849e+03 -8.272927e+03 2.027267e+05 -1.034665e+05 5.718618e+03 2.228993e+05 -6.845412e+03 -1.043035e+03 -3.112556e+05 -1.018644e+04 2.312658e+05 -1.180438e+05 7.537916e+03 -2.539527e+05 8.568736e+03 7.248927e+02 3.546121e+05 -1.180321e+05 -6.276089e+03 6.955249e+03 1.779409e+05 -1.715151e+03 3.546060e+05 -1.954120e+05 -5.702841e+03
8.989899e-03 1.114852e+05 7.115847e+03 -7.761013e+03 -1.692820e+05 -1.474279e+03 3.336809e+05 -1.849467e+05 -6.551664e+03 -7.500652e+03 1.690594e+05 -8.565485e+04 4.893731e+03 1.851703e+05 -6.283357e+03 -1.065633e+03 -2.570847e+05 -9.220302e+03 1.928612e+05 -9.772566e+04 6.476874e+03 -2.109659e+05 7.841447e+03 7.965466e+02 2.928921e+05 -9.771629e+04 -5.344544e+03 6.293041e+03 1.483911e+05 -1.711916e+03 2.928873e+05 -1.623333e+05 -5.224584e+03
9.191919e-03 9.407945e+04 6.202664e+03 -7.105251e+03 -1.438849e+05 -1.480278e+03 2.809063e+05 -1.566545e+05 -6.054529e+03 -6.887543e+03 1.436931e+05 -7.227739e+04 4.265714e+03 1.568474e+05 -5.829861e+03 -1.061732e+03 -2.164293e+05 -8.455155e+03 1.639254e+05 -8.246560e+04 5.668082e+03 -1.786961e+05 7.257680e+03 8.273322e+02 2.465715e+05 -8.245793e+04 -4.636300e+03 5.768727e+03 1.261269e+05 -1.681913e+03 2.465675e+05 -1.375015e+05 -4.839924e+03
9.393939e-03 8.060060e+04 5.483954e+03 -6.570930e+03 -1.241566e+05 -1.462328e+03 2.400711e+05 -1.347479e+05 -5.644454e+03 -6.385791e+03 1.239889e+05 -6.191821e+04 3.771456e+03 1.349167e+05 -5.453121e+03 -1.043268e+03 -1.849714e+05 -7.830319e+03 1.414484e+05 -7.064847e+04 5.030811e+03 -1.537093e+05 6.774932e+03 8.342405e+02 2.107299e+05 -7.064208e+04 -4.079621e+03 5.340663e+03 1.088324e+05 -1.638182e+03 2.107266e+05 -1.182743e+05 -4.521225e+03
9.595960e-03 6.991089e+04 4.903706e+03 -6.125237e+03 -1.084625e+05 -1.430812e+03 2.077132e+05 -1.173709e+05 -5.298455e+03 -5.965640e+03 1.083142e+05 -5.370284e+04 3.372437e+03 1.175204e+05 -5.133277e+03 -1.016809e+03 -1.600438e+05 -7.308094e+03 1.235677e+05 -6.127676e+04 4.515768e+03 -1.338889e+05 6.366737e+03 8.268275e+02 1.823289e+05 -6.127137e+04 -3.630752e+03 4.982971e+03 9.507447e+04 -1.587763e+03 1.823261e+05 -1.030226e+05 -4.251273e+03
9.797980e-03 6.126855e+04 4.425665e+03 -5.746566e+03 -9.573473e+04 -1.391773e+03 1.815756e+05 -1.033155e+05 -5.001349e+03 -5.607428e+03 9.560221e+04 -4.706109e+04 3.043723e+03 1.034490e+05 -4.857132e+03 -9.861430e+02 -1.399080e+05 -6.863610e+03 1.090667e+05 -5.370008e+04 4.091029e+03 -1.178569e+05 6.015566e+03 8.107521e+02 1.593874e+05 -5.369549e+04 -3.261390e+03 4.678586e+03 8.391702e+04 -1.534611e+03 1.593850e+05 -9.068613e+04 -4.018659e+03
1.000000e-02 5.416923e+04 4.025269e+03 -5.420016e+03 -8.524628e+04 -1.348843e+03 1.601241e+05 -9.176118e+04 -4.742615e+03 -5.297558e+03 8.512691e+04 -4.160530e+04 2.768418e+03 9.188154e+04 -4.615494e+03 -9.535213e+02 -1.233820e+05 -6.479695e+03 9.711702e+04 -4.747625e+04 3.734948e+03 -1.046777e+05 5.709250e+03 7.894937e+02 1.405589e+05 -4.747229e+04 -2.952369e+03 4.415723e+03 7.472268e+04 -1.481003e+03 1.405568e+05 -8.054489e+04 -3.815456e+03
