-1.000000e-02 -1.225835e+05 -1.909659e+03 3.810159e+03 -5.962945e+04 3.866952e+03 -2.553649e+04 -5.370400e+04 4.483161e+03 3.721586e+03 5.974036e+04 9.446511e+04 -1.332505e+03 5.359365e+04 4.399348e+03 2.659728e+03 1.957449e+04 4.606332e+03 6.806022e+04 1.076116e+05 -1.293486e+03 -6.118182e+04 -5.370456e+03 -3.557331e+03 -2.236102e+04 1.076084e+05 1.901018e+03 -3.062069e+03 5.234100e+04 2.867198e+03 -2.235612e+04 -4.704417e+04 3.659630e+03
-9.797980e-03 -1.353640e+05 -1.994969e+03 3.956491e+03 -6.524432e+04 4.155588e+03 -2.807187e+04 -5.854036e+04 4.679045e+03 3.858808e+03 6.536420e+04 1.043110e+05 -1.392783e+03 5.842103e+04 4.586427e+03 2.858075e+03 2.152051e+04 4.780627e+03 7.446775e+04 1.188294e+05 -1.355042e+03 -6.669200e+04 -5.601510e+03 -3.812575e+03 -2.458254e+04 1.188259e+05 1.983030e+03 -3.176673e+03 5.726910e+04 3.091282e+03 -2.457704e+04 -5.128121e+04 3.817785e+03
-9.595960e-03 -1.502254e+05 -2.085749e+03 4.117650e+03 -7.175306e+04 4.484349e+03 -3.101533e+04 -6.412496e+04 4.897123e+03 4.009340e+03 7.188321e+04 1.157599e+05 -1.457110e+03 6.399533e+04 4.794228e+03 3.084010e+03 2.377986e+04 4.972387e+03 8.189523e+04 1.318736e+05 -1.420234e+03 -7.305467e+04 -5.858445e+03 -4.103209e+03 -2.716168e+04 1.318696e+05 2.070820e+03 -3.302520e+03 6.298171e+04 3.346627e+03 -2.715549e+04 -5.617381e+04 3.993672e+03
-9.393939e-03 -1.676549e+05 -2.182205e+03 4.296355e+03 -7.936488e+04 4.862007e+03 -3.446203e+04 -7.062954e+04 5.141777e+03 4.175532e+03 7.950689e+04 1.291870e+05 -1.525702e+03 7.048799e+04 5.026775e+03 3.343565e+03 2.642562e+04 5.184776e+03 9.058137e+04 1.471718e+05 -1.489096e+03 -8.046553e+04 -6.146332e+03 -4.436953e+03 -3.018187e+04 1.471673e+05 2.164784e+03 -3.441619e+03 6.966246e+04 3.640082e+03 -3.017485e+04 -6.187245e+04 4.190766e+03
-9.191919e-03 -1.882966e+05 -2.284407e+03 4.496106e+03 -8.835665e+04 5.300102e+03 -3.853775e+04 -7.828049e+04 5.418703e+03 4.360395e+03 8.851250e+04 1.450886e+05 -1.598703e+03 7.812504e+04 5.289285e+03 3.644677e+03 2.955437e+04 5.421867e+03 1.008421e+05 1.652894e+05 -1.561512e+03 -8.918252e+04 -6.471746e+03 -4.823964e+03 -3.375332e+04 1.652843e+05 2.265261e+03 -3.596551e+03 7.755433e+04 3.980664e+03 -3.374532e+04 -6.857551e+04 4.413577e+03
-8.989899e-03 -2.130189e+05 -2.392171e+03 4.721513e+03 -9.910209e+04 5.814150e+03 -4.341195e+04 -8.738225e+04 5.735454e+03 4.567867e+03 9.927427e+04 1.641334e+05 -1.676117e+03 8.721038e+04 5.588661e+03 3.998014e+03 3.329625e+04 5.689006e+03 1.131037e+05 1.869884e+05 -1.637113e+03 -9.955250e+04 -6.843402e+03 -5.277891e+03 -3.802458e+04 1.869827e+05 2.372467e+03 -3.770696e+03 8.698533e+04 4.380496e+03 -3.801538e+04 -7.654971e+04 4.668084e+03
-8.787879e-03 -2.430199e+05 -2.504861e+03 4.978807e+03 -1.121177e+05 6.425545e+03 -4.931840e+04 -9.835369e+04 6.102318e+03 4.803239e+03 1.123094e+05 1.872445e+05 -1.757691e+03 9.816216e+04 5.934274e+03 4.418288e+03 3.783077e+04 5.993408e+03 1.279557e+05 2.133205e+05 -1.715092e+03 -1.120527e+05 -7.273147e+03 -5.817549e+03 -4.320051e+04 2.133138e+05 2.486360e+03 -3.968611e+03 9.840880e+04 4.856301e+03 -4.318984e+04 -8.616206e+04 4.962413e+03
-8.585859e-03 -2.799992e+05 -2.621022e+03 5.276686e+03 -1.281379e+05 7.164696e+03 -5.658867e+04 -1.117874e+05 6.533731e+03 5.073852e+03 1.283533e+05 2.157311e+05 -1.842689e+03 1.115720e+05 6.339243e+03 4.926407e+03 4.341258e+04 6.345122e+03 1.462358e+05 2.457774e+05 -1.793873e+03 -1.273583e+05 -7.777591e+03 -6.469675e+03 -4.957176e+04 2.457696e+05 2.606402e+03 -4.196632e+03 1.124692e+05 5.431856e+03 -4.955925e+04 -9.793180e+04 5.307958e+03
-8.383838e-03 -3.264525e+05 -2.737700e+03 5.627784e+03 -1.482433e+05 8.076473e+03 -6.570954e+04 -1.285507e+05 7.050743e+03 5.390308e+03 1.484881e+05 2.515156e+05 -1.929473e+03 1.283057e+05 6.822640e+03 5.553219e+03 5.041548e+04 6.758710e+03 1.691770e+05 2.865495e+05 -1.870501e+03 -1.464576e+05 -8.380914e+03 -7.273707e+03 -5.756494e+04 2.865403e+05 2.731090e+03 -4.463935e+03 1.301150e+05 6.142252e+03 -5.755008e+04 -1.126189e+05 5.721308e+03
-8.181818e-03 -3.862053e+05 -2.849088e+03 6.051396e+03 -1.740952e+05 9.230276e+03 -7.742712e+04 -1.499688e+05 7.685539e+03 5.768712e+03 1.743772e+05 2.975447e+05 -2.014664e+03 1.496862e+05 7.413548e+03 6.346433e+03 5.941245e+04 7.256365e+03 1.986748e+05 3.389944e+05 -1.939436e+03 -1.708603e+05 -9.120041e+03 -8.290626e+03 -6.783402e+04 3.389833e+05 2.857021e+03 -4.784496e+03 1.528043e+05 7.041774e+03 -6.781608e+04 -1.313843e+05 6.227798e+03
-7.979798e-03 -4.654626e+05 -2.943648e+03 6.578993e+03 -2.083975e+05 1.074023e+04 -9.295174e+04 -1.781828e+05 8.490505e+03 6.235208e+03 2.087281e+05 3.585982e+05 -2.091341e+03 1.778509e+05 8.159168e+03 7.384488e+03 7.133297e+04 7.874200e+03 2.378140e+05 4.085582e+05 -1.990003e+03 -2.030060e+05 -1.005499e+04 -9.620686e+03 -8.143983e+04 4.085445e+05 2.976861e+03 -5.181060e+03 1.829100e+05 8.219707e+03 -8.141770e+04 -1.561043e+05 6.868604e+03
-7.777778e-03 -5.751019e+05 -2.997324e+03 7.266671e+03 -2.559097e+05 1.281039e+04 -1.144056e+05 -2.169302e+05 9.558460e+03 6.836228e+03 2.563067e+05 4.430549e+05 -2.144774e+03 2.165310e+05 9.142920e+03 8.807607e+03 8.780674e+04 8.676457e+03 2.920249e+05 5.047877e+05 -2.000406e+03 -2.471532e+05 -1.129199e+04 -1.144309e+04 -1.002424e+05 5.047703e+05 3.074517e+03 -5.694129e+03 2.246094e+05 9.835701e+03 -1.002143e+05 -1.900533e+05 7.716595e+03
-7.575758e-03 -7.365017e+05 -2.955017e+03 8.228130e+03 -3.260331e+05 1.585282e+04 -1.459614e+05 -2.735204e+05 1.107552e+04 7.665676e+03 3.265270e+05 5.673828e+05 -2.140722e+03 2.730230e+05 1.053166e+04 1.089889e+04 1.120382e+05 9.793102e+03 3.720338e+05 6.464468e+05 -1.921438e+03 -3.116295e+05 -1.304379e+04 -1.411967e+04 -1.278991e+05 6.464238e+05 3.111836e+03 -6.405797e+03 2.861536e+05 1.221216e+04 -1.278619e+05 -2.396356e+05 8.917703e+03
-7.373737e-03 -1.000357e+06 -2.666649e+03 9.746095e+03 -4.411992e+05 2.088043e+04 -1.975211e+05 -3.651850e+05 1.349706e+04 8.956947e+03 4.418498e+05 7.706329e+05 -1.984871e+03 3.645283e+05 1.273280e+04 1.435401e+04 1.516313e+05 1.154681e+04 5.034330e+05 8.780303e+05 -1.620361e+03 -4.160683e+05 -1.583048e+04 -1.853962e+04 -1.730889e+05 8.779978e+05 2.982413e+03 -7.520488e+03 3.872294e+05 1.614152e+04 -1.730360e+05 -3.199487e+05 1.082859e+04
-7.171717e-03 -1.542156e+06 -1.541260e+03 1.286732e+04 -6.796438e+05 3.156677e+04 -3.033969e+05 -5.511621e+05 1.847246e+04 1.157554e+04 6.806155e+05 1.187984e+06 -1.302606e+03 5.501786e+05 1.721947e+04 2.169507e+04 2.329345e+05 1.513094e+04 7.754836e+05 1.353562e+06 -5.776032e+02 -6.279621e+05 -2.153461e+04 -2.792746e+04 -2.658858e+05 1.353508e+06 2.260447e+03 -9.797274e+03 5.965007e+05 2.449705e+04 -2.657981e+05 -4.828921e+05 1.473988e+04
-6.969697e-03 -8.409200e+06 2.422658e+04 5.820336e+04 -3.770107e+06 1.846291e+05 -1.648418e+06 -2.851503e+06 8.771900e+04 4.927405e+04 3.775225e+06 6.477796e+06 1.512485e+04 2.846290e+06 7.904387e+04 1.267362e+05 1.265736e+06 6.681675e+04 4.301486e+06 7.380781e+06 2.207398e+04 -3.248831e+06 -1.005723e+05 -1.622808e+05 -1.444767e+06 7.380396e+06 -1.641541e+04 -4.286014e+04 3.308857e+06 1.441643e+05 -1.444153e+06 -2.498193e+06 6.890284e+04
-6.767677e-03 2.357533e+06 -1.846969e+04 -1.308431e+04 1.086503e+06 -5.750632e+04 4.604951e+05 7.437173e+05 -2.105844e+04 -9.863956e+03 -1.087880e+06 -1.816010e+06 -1.219096e+04 -7.423001e+05 -1.792494e+04 -3.941854e+04 -3.536364e+05 -1.436517e+04 -1.239545e+06 -2.069196e+06 -1.526843e+04 8.473460e+05 2.349636e+04 5.022944e+04 4.036562e+05 -2.069066e+06 1.483007e+04 9.075375e+03 -9.535635e+05 -4.515472e+04 4.034308e+05 6.515178e+05 -1.611796e+04
-6.565657e-03 -1.419763e+06 -8.315106e+03 6.538992e+03 -5.751151e+05 1.478059e+04 -2.765159e+05 -5.469380e+05 1.131994e+04 6.276424e+03 5.759323e+05 1.093637e+06 -5.852590e+03 5.461168e+05 1.106472e+04 1.024520e+04 2.123479e+05 8.040190e+03 6.562186e+05 1.246083e+06 -6.269898e+03 -6.231756e+05 -1.349129e+04 -1.323115e+04 -2.423266e+05 1.246069e+06 7.696794e+03 -5.054328e+03 5.047519e+05 1.141479e+04 -2.423088e+05 -4.793069e+05 9.255311e+03
-6.363636e-03 -2.891083e+08 5.084955e+05 9.377836e+05 -1.237292e+08 4.371884e+06 -5.611559e+07 -1.008952e+08 1.877143e+06 7.365799e+05 1.238911e+08 2.226995e+08 3.057863e+05 1.007300e+08 1.680986e+06 3.010033e+06 4.309851e+07 1.069112e+06 1.411642e+08 2.537486e+08 4.468339e+05 -1.149549e+08 -2.142290e+06 -3.837455e+06 -4.918481e+07 2.537325e+08 -3.477320e+05 -6.459916e+05 1.085895e+08 3.429202e+06 -4.917166e+07 -8.841012e+07 1.472882e+06
-6.161616e-03 2.230017e+06 -1.774215e+04 -4.552316e+03 9.979646e+05 -4.152275e+04 4.313970e+05 7.129982e+05 -1.149980e+04 -2.135799e+03 -9.991345e+05 -1.717686e+06 -1.176539e+04 -7.117847e+05 -9.139630e+03 -2.850259e+04 -3.313744e+05 -4.460415e+03 -1.138452e+06 -1.957208e+06 -1.424745e+04 8.123742e+05 1.240843e+04 3.613908e+04 3.781793e+05 -1.957108e+06 1.472835e+04 2.434068e+03 -8.758386e+05 -3.277911e+04 3.780045e+05 6.247131e+05 -8.557758e+03
-5.959596e-03 1.496404e+05 -1.787728e+04 -1.569622e+02 1.377579e+05 -1.776839e+04 2.879926e+04 -3.835237e+04 -5.477400e+02 1.278099e+03 -1.378178e+05 -1.152525e+05 -1.212913e+04 3.844096e+04 8.557438e+02 -1.209233e+04 -2.213490e+04 6.545330e+02 -1.570468e+05 -1.313557e+05 -1.414188e+04 -4.371566e+04 -1.919272e+02 1.525436e+04 2.530011e+04 -1.312954e+05 1.536763e+04 -4.798257e+02 -1.208903e+05 -1.411778e+04 2.519510e+04 -3.372529e+04 1.223868e+02
-5.757576e-03 -1.621761e+06 -2.195666e+04 -5.507019e+02 -5.535456e+05 -9.168810e+03 -3.119467e+05 -7.116398e+05 4.343488e+03 6.836895e+02 5.543681e+05 1.249142e+06 -1.511046e+04 7.108445e+05 5.552220e+03 -6.040989e+03 2.396392e+05 3.698234e+02 6.316541e+05 1.423285e+06 -1.737504e+04 -8.108797e+05 -5.933666e+03 7.649756e+03 -2.733677e+05 1.423335e+06 1.911187e+04 1.681143e+02 4.858169e+05 -7.279940e+03 -2.734593e+05 -6.238480e+05 4.114885e+03
-5.555556e-03 -4.659077e+06 -3.259459e+04 -6.806352e+03 -1.688307e+06 -9.627099e+03 -8.934540e+05 -1.908133e+06 6.742406e+03 -5.162725e+03 1.690553e+06 3.588523e+06 -2.266839e+04 1.905927e+06 8.353579e+03 -6.025584e+03 6.864365e+05 -6.439915e+03 1.926273e+06 4.088881e+06 -2.604226e+04 -2.174225e+06 -8.983689e+03 7.937524e+03 -7.830730e+05 4.088944e+06 2.839248e+04 5.544149e+03 1.481707e+06 -7.376675e+03 -7.831968e+05 -1.672671e+06 6.329731e+03
-5.353535e-03 -3.428580e+07 -9.232719e+04 -8.585521e+04 -1.286007e+07 -1.830838e+04 -6.555835e+06 -1.345642e+07 1.045640e+04 -8.163834e+04 1.287572e+07 2.640699e+07 -6.634998e+04 1.344088e+07 1.459394e+04 -8.843550e+03 5.037346e+06 -9.563071e+04 1.467129e+07 3.008954e+07 -7.659529e+04 -1.533304e+07 -1.408838e+04 1.523264e+04 -5.746491e+06 3.008968e+07 8.003378e+04 7.333928e+04 1.128617e+07 -1.091091e+04 -5.746814e+06 -1.179584e+07 1.113310e+04
-5.151515e-03 -3.016169e+06 -2.079604e+04 -1.065893e+04 -1.052090e+06 -2.072748e+04 -5.752011e+05 -1.276768e+06 -2.377504e+03 -9.102094e+03 1.053426e+06 2.323027e+06 -1.443407e+04 1.275478e+06 -8.479245e+02 -1.378898e+04 4.419978e+05 -1.146481e+04 1.200329e+06 2.646974e+06 -1.685059e+04 -1.454851e+06 2.041838e+03 1.794419e+04 -5.041607e+05 2.647038e+06 1.784670e+04 8.512261e+03 9.233295e+05 -1.595816e+04 -5.042798e+05 -1.119352e+06 -1.258533e+03
-4.949495e-03 -9.312880e+06 2.971753e+04 -4.062201e+04 -3.657223e+06 7.250124e+02 -1.771181e+06 -3.495852e+06 -1.594351e+04 -4.172605e+04 3.661065e+06 7.172574e+06 1.932602e+04 3.491970e+06 -1.702883e+04 1.367067e+03 1.361153e+06 -4.835217e+04 4.171712e+06 8.172999e+06 2.173264e+04 -3.983419e+06 2.021915e+04 1.204185e+02 -1.552732e+06 8.172927e+06 -2.636925e+04 3.502871e+04 3.209553e+06 2.313522e+03 -1.552651e+06 -3.064556e+06 -1.336674e+04
-4.747475e-03 3.048889e+06 -4.464914e+04 1.605858e+04 1.351232e+06 -2.395443e+04 5.782938e+05 9.681397e+05 8.284836e+03 1.851583e+04 -1.352393e+06 -2.348155e+06 -3.007988e+04 -9.668930e+05 1.070415e+04 -1.655449e+04 -4.444687e+05 2.045234e+04 -1.541053e+06 -2.675734e+06 -3.450116e+04 1.103149e+06 -1.157463e+04 2.027448e+04 5.070794e+05 -2.675625e+06 3.895768e+04 -1.459052e+04 -1.185811e+06 -1.961046e+04 5.068891e+05 8.485591e+05 7.751373e+03
-4.545455e-03 -2.305958e+06 1.303762e+04 -1.413360e+04 -9.113477e+05 -6.899894e+03 -4.363920e+05 -8.784914e+05 -8.344683e+03 -1.433967e+04 9.122054e+05 1.775946e+06 8.671107e+03 8.776246e+05 -8.547365e+03 -4.498384e+03 3.354157e+05 -1.687928e+04 1.039458e+06 2.023681e+06 9.698123e+03 -1.001034e+06 1.028179e+04 6.329792e+03 -3.825949e+05 2.023668e+06 -1.162437e+04 1.198804e+04 7.997792e+05 -4.851643e+03 -3.825796e+05 -7.701898e+05 -6.906858e+03
-4.343434e-03 7.359383e+05 -2.557525e+04 5.315414e+03 3.911175e+05 -1.445974e+04 1.388680e+05 1.569092e+05 3.585601e+03 6.681219e+03 -3.913475e+05 -5.667760e+05 -1.732814e+04 -1.566229e+05 4.933351e+03 -9.888751e+03 -1.067572e+05 7.153006e+03 -4.459547e+05 -6.458737e+05 -1.989738e+04 1.787813e+05 -5.173635e+03 1.234083e+04 1.218120e+05 -6.458106e+05 2.229206e+04 -5.019169e+03 -3.432249e+05 -1.161659e+04 1.217044e+05 1.374614e+05 3.492035e+03
-4.141414e-03 4.235454e+06 -9.687279e+04 3.360499e+04 1.994448e+06 -2.587115e+04 7.976338e+05 1.264714e+06 2.372488e+04 3.765808e+04 -1.995760e+06 -3.261865e+06 -6.554607e+04 -1.263220e+06 2.772757e+04 -1.790282e+04 -6.131968e+05 4.251319e+04 -2.274234e+06 -3.717010e+06 -7.481950e+04 1.441109e+06 -3.123574e+04 2.137772e+04 6.995222e+05 -3.716826e+06 8.488322e+04 -2.979775e+04 -1.750233e+06 -2.172505e+04 6.992001e+05 1.108599e+06 2.110063e+04
-3.939394e-03 1.744341e+07 -4.307062e+05 1.523874e+05 8.321155e+06 -7.617446e+04 3.277941e+06 5.249083e+06 1.127178e+05 1.685858e+05 -8.326213e+06 -1.343365e+07 -2.916207e+05 -5.243261e+06 1.287279e+05 -5.300290e+04 -2.520141e+06 1.917593e+05 -9.488012e+06 -1.530813e+07 -3.324209e+05 5.981256e+06 -1.464982e+05 6.133464e+04 2.874829e+06 -1.530747e+07 3.778576e+05 -1.339974e+05 -7.302236e+06 -6.590522e+04 2.873518e+06 4.601426e+06 9.907753e+04
-3.737374e-03 5.462263e+06 -1.659193e+05 5.224227e+04 2.744931e+06 -3.071793e+04 1.024254e+06 1.527353e+06 4.023488e+04 5.831889e+04 -2.746341e+06 -4.206558e+06 -1.124551e+05 -1.525623e+06 4.624738e+04 -2.124114e+04 -7.875366e+05 6.614800e+04 -3.129603e+06 -4.793608e+06 -1.282420e+05 1.740395e+06 -5.244923e+04 2.503577e+04 8.983748e+05 -4.793326e+06 1.455067e+05 -4.608285e+04 -2.408778e+06 -2.612383e+04 8.978843e+05 1.338870e+06 3.550659e+04
-3.535354e-03 -3.989378e+05 3.175451e+03 -3.875818e+03 -1.573780e+05 -6.514806e+03 -7.470718e+04 -1.801398e+05 -2.984252e+03 -3.769240e+03 1.574868e+05 3.072234e+05 2.136007e+03 1.800357e+05 -2.878389e+03 -4.406270e+03 5.743676e+04 -4.570279e+03 1.794644e+05 3.500887e+05 2.353275e+03 -2.052789e+05 3.555404e+03 5.776794e+03 -6.550099e+04 3.500915e+05 -2.867488e+03 3.189372e+03 1.381053e+05 -4.961438e+03 -6.551016e+04 -1.579882e+05 -2.407189e+03
-3.333333e-03 -1.348429e+06 4.202144e+04 -1.465335e+04 -6.822462e+05 -1.856759e+03 -2.519156e+05 -4.255109e+05 -1.181579e+04 -1.579237e+04 6.825367e+05 1.038417e+06 2.849768e+04 4.251481e+05 -1.294448e+04 -1.187162e+03 1.937139e+05 -1.824189e+04 7.778000e+05 1.183342e+06 3.240503e+04 -4.848793e+05 1.500852e+04 2.058650e+03 -2.209528e+05 1.183286e+06 -3.694497e+04 1.266970e+04 5.986864e+05 -9.239889e+02 -2.208602e+05 -3.730934e+05 -1.017189e+04
-3.131313e-03 -8.586288e+05 2.853354e+04 -9.855777e+03 -4.444854e+05 -3.385049e+03 -1.601341e+05 -2.812831e+05 -8.088501e+03 -1.053485e+04 4.446503e+05 6.612177e+05 1.935818e+04 2.810713e+05 -8.761873e+03 -2.257554e+03 1.231435e+05 -1.222471e+04 5.067150e+05 7.535025e+05 2.199907e+04 -3.205324e+05 1.021182e+04 3.240668e+03 -1.404541e+05 7.534688e+05 -2.509983e+04 8.479647e+03 3.900431e+05 -2.302701e+03 -1.403985e+05 -2.466543e+05 -6.924005e+03
-2.929293e-03 -6.263932e+05 2.258828e+04 -7.553762e+03 -3.349265e+05 -3.943633e+03 -1.166321e+05 -2.121356e+05 -6.292449e+03 -8.030979e+03 3.350311e+05 4.823716e+05 1.533059e+04 2.119949e+05 -6.765963e+03 -2.652106e+03 8.969473e+04 -9.348431e+03 3.817980e+05 5.496976e+05 1.741712e+04 -2.417389e+05 7.912411e+03 3.657509e+03 -1.023003e+05 5.496737e+05 -1.987493e+04 6.477245e+03 2.939011e+05 -2.825570e+03 -1.022611e+05 -1.860343e+05 -5.366904e+03
-2.727273e-03 -4.837811e+05 1.909601e+04 -6.097492e+03 -2.692403e+05 -4.198881e+03 -8.994078e+04 -1.697396e+05 -5.143762e+03 -6.456993e+03 2.693082e+05 3.725457e+05 1.296495e+04 1.696417e+05 -5.500690e+03 -2.834529e+03 6.917131e+04 -7.534194e+03 3.069033e+05 4.245448e+05 1.472798e+04 -1.934286e+05 6.448792e+03 3.837104e+03 -7.889046e+04 4.245267e+05 -1.680369e+04 5.215175e+03 2.362590e+05 -3.077793e+03 -7.886074e+04 -1.488661e+05 -4.375515e+03
-2.525253e-03 -3.856802e+05 1.677047e+04 -5.056662e+03 -2.251464e+05 -4.320867e+03 -7.160066e+04 -1.408792e+05 -4.311546e+03 -5.338180e+03 2.251899e+05 2.969985e+05 1.138964e+04 1.408100e+05 -4.591209e+03 -2.923383e+03 5.506880e+04 -6.240599e+03 2.566280e+05 3.384543e+05 1.293854e+04 -1.605421e+05 5.392940e+03 3.913921e+03 -6.280494e+04 3.384400e+05 -1.475722e+04 4.316169e+03 1.975651e+05 -3.209241e+03 -6.278155e+04 -1.235641e+05 -3.660089e+03
-2.323232e-03 -3.135336e+05 1.510850e+04 -4.257802e+03 -1.936072e+05 -4.375432e+03 -5.813018e+04 -1.200466e+05 -3.663536e+03 -4.483601e+03 1.936333e+05 2.414391e+05 1.026376e+04 1.199976e+05 -3.887965e+03 -2.964660e+03 4.471036e+04 -5.249715e+03 2.206675e+05 2.751407e+05 1.166048e+04 -1.368031e+05 4.573920e+03 3.939822e+03 -5.099023e+04 2.751293e+05 -1.329383e+04 3.628266e+03 1.698883e+05 -3.278233e+03 -5.097139e+04 -1.052998e+05 -3.104937e+03
-2.121212e-03 -2.579854e+05 1.386683e+04 -3.614515e+03 -1.701237e+05 -4.393557e+03 -4.777349e+04 -1.044402e+05 -3.134206e+03 -3.798385e+03 1.701370e+05 1.986623e+05 9.422548e+03 1.044062e+05 -3.317048e+03 -2.980044e+03 3.674600e+04 -4.453158e+03 1.938921e+05 2.263937e+05 1.070615e+04 -1.190195e+05 3.907151e+03 3.939076e+03 -4.190641e+04 2.263843e+05 -1.219994e+04 3.075860e+03 1.492808e+05 -3.312395e+03 -4.189100e+04 -9.161721e+04 -2.652824e+03
-1.919192e-03 -2.137048e+05 1.291176e+04 -3.077836e+03 -1.521655e+05 -4.391582e+03 -3.953005e+04 -9.245689e+04 -2.686509e+03 -3.228898e+03 1.521692e+05 1.645628e+05 8.775441e+03 9.243408e+04 -2.836793e+03 -2.981003e+03 3.040644e+04 -3.789586e+03 1.734168e+05 1.875349e+05 9.972424e+03 -1.053643e+05 3.344886e+03 3.924390e+03 -3.467594e+04 1.875272e+05 -1.135814e+04 2.616155e+03 1.335219e+05 -3.326424e+03 -3.466323e+04 -8.111091e+04 -2.271440e+03
-1.717172e-03 -1.773920e+05 1.216317e+04 -2.617437e+03 -1.381894e+05 -4.378793e+03 -3.278048e+04 -8.310523e+04 -2.297499e+03 -2.742008e+03 1.381858e+05 1.365994e+05 8.268183e+03 8.309106e+04 -2.421478e+03 -2.974066e+03 2.521548e+04 -3.221058e+03 1.574817e+05 1.556684e+05 9.397547e+03 -9.470790e+04 2.857602e+03 3.902920e+03 -2.875564e+04 1.556620e+05 -1.069805e+04 2.222681e+03 1.212575e+05 -3.328752e+03 -2.874513e+04 -7.291181e+04 -1.940810e+03
-1.515152e-03 -1.468757e+05 1.157000e+04 -2.213256e+03 -1.271988e+05 -4.360741e+03 -2.711731e+04 -7.573805e+04 -1.951962e+03 -2.315852e+03 1.271894e+05 1.130999e+05 7.866202e+03 7.573059e+04 -2.054106e+03 -2.963151e+03 2.085983e+04 -2.722507e+03 1.449507e+05 1.288887e+05 8.942176e+03 -8.631284e+04 2.425760e+03 3.878898e+03 -2.378814e+04 1.288835e+05 -1.017481e+04 1.877948e+03 1.116129e+05 -3.324485e+03 -2.377945e+04 -6.645253e+04 -1.647711e+03
-1.313131e-03 -1.206562e+05 1.109824e+04 -1.851304e+03 -1.185233e+05 -4.340870e+03 -2.225920e+04 -6.991614e+04 -1.639248e+03 -1.935227e+03 1.185095e+05 9.290949e+04 7.546466e+03 6.991390e+04 -1.722827e+03 -2.950696e+03 1.712319e+04 -2.276475e+03 1.350593e+05 1.058800e+05 8.580110e+03 -7.967864e+04 2.035713e+03 3.854913e+03 -1.952670e+04 1.058757e+05 -9.758520e+03 1.569783e+03 1.039999e+05 -3.316829e+03 -1.951958e+04 -6.134803e+04 -1.382909e+03
-1.111111e-03 -9.765510e+04 1.072449e+04 -1.521388e+03 -1.116989e+05 -4.321371e+03 -1.800387e+04 -6.533327e+04 -1.351557e+03 -1.589080e+03 1.116816e+05 7.519753e+04 7.293140e+03 6.533508e+04 -1.418990e+03 -2.938255e+03 1.385001e+04 -1.870256e+03 1.272785e+05 8.569554e+04 8.293337e+03 -7.445634e+04 1.677482e+03 3.832588e+03 -1.579392e+04 8.569204e+04 -9.428631e+03 1.289330e+03 9.801126e+04 -3.307860e+03 -1.578816e+04 -5.732985e+04 -1.139649e+03
-9.090909e-04 -7.706713e+04 1.043234e+04 -1.215777e+03 -1.063982e+05 -4.303664e+03 -1.420034e+04 -6.177234e+04 -1.082936e+03 -1.269055e+03 1.063784e+05 5.934394e+04 7.095108e+03 6.177727e+04 -1.136021e+03 -2.926842e+03 1.092423e+04 -1.494225e+03 1.212351e+05 6.762880e+04 8.069219e+03 -7.039856e+04 1.343468e+03 3.812957e+03 -1.245738e+04 6.762605e+04 -9.170707e+03 1.029880e+03 9.335984e+04 -3.298940e+03 -1.245284e+04 -5.420766e+04 -9.127877e+02
-7.070707e-04 -5.826911e+04 1.021017e+04 -9.283842e+02 -1.023893e+05 -4.288675e+03 -1.073186e+04 -5.907860e+04 -8.286615e+02 -9.685835e+02 1.023674e+05 4.486880e+04 6.944507e+03 5.908587e+04 -8.687228e+02 -2.917119e+03 8.256065e+03 -1.140809e+03 1.166643e+05 5.113289e+04 7.898816e+03 -6.732897e+04 1.027656e+03 3.796681e+03 -9.414693e+03 5.113081e+04 -8.974532e+03 7.861615e+02 8.984187e+04 -3.290978e+03 -9.411262e+03 -5.184581e+04 -6.982540e+02
-5.050505e-04 -4.076031e+04 1.004984e+04 -6.542264e+02 -9.950861e+04 -4.277007e+03 -7.504630e+03 -5.714284e+04 -5.848446e+02 -6.823045e+02 9.948537e+04 3.138648e+04 6.835813e+03 5.715178e+04 -6.128301e+02 -2.909519e+03 5.773405e+03 -8.038165e+02 1.133800e+05 3.576836e+04 7.775851e+03 -6.512312e+04 7.251013e+02 3.784184e+03 -6.583590e+03 3.576690e+04 -8.832932e+03 5.538637e+02 8.731401e+04 -3.284572e+03 -6.581191e+03 -5.014854e+04 -4.926984e+02
-3.030303e-04 -2.412157e+04 9.945791e+03 -3.890608e+02 -9.764523e+04 -4.269043e+03 -4.440182e+03 -5.589066e+04 -3.481497e+02 -4.056611e+02 9.762108e+04 1.857420e+04 6.765277e+03 5.590067e+04 -3.646966e+02 -2.904318e+03 3.415911e+03 -4.779798e+02 1.112555e+05 2.116737e+04 7.696064e+03 -6.369621e+04 4.315693e+02 3.775726e+03 -3.895255e+03 2.116651e+04 -8.741036e+03 3.293220e+02 8.567885e+04 -3.280112e+03 -3.893835e+03 -4.905062e+04 -2.932541e+02
-1.010101e-04 -7.985682e+03 9.894594e+03 -1.291162e+02 -9.673009e+04 -4.265008e+03 -1.469802e+03 -5.527570e+04 -1.155968e+02 -1.346092e+02 9.670551e+04 6.149167e+03 6.730568e+03 5.528623e+04 -1.210724e+02 -2.901679e+03 1.130749e+03 -1.586188e+02 1.102122e+05 7.007661e+03 7.656805e+03 -6.299544e+04 1.432827e+02 3.771463e+03 -1.289421e+03 7.007376e+03 -8.695814e+03 1.092820e+02 8.487580e+04 -3.277827e+03 -1.288951e+03 -4.851142e+04 -9.736275e+01
1.010101e-04 7.985682e+03 9.894594e+03 1.291162e+02 -9.673009e+04 -4.265008e+03 1.469802e+03 -5.527570e+04 1.155968e+02 1.346092e+02 9.670551e+04 -6.149167e+03 6.730568e+03 5.528623e+04 1.210724e+02 -2.901679e+03 -1.130749e+03 1.586188e+02 1.102122e+05 -7.007661e+03 7.656805e+03 -6.299544e+04 -1.432827e+02 3.771463e+03 1.289421e+03 -7.007376e+03 -8.695814e+03 -1.092820e+02 8.487580e+04 -3.277827e+03 1.288951e+03 -4.851142e+04 9.736275e+01
3.030303e-04 2.412157e+04 9.945791e+03 3.890608e+02 -9.764523e+04 -4.269043e+03 4.440182e+03 -5.589066e+04 3.481497e+02 4.056611e+02 9.762108e+04 -1.857420e+04 6.765277e+03 5.590067e+04 3.646966e+02 -2.904318e+03 -3.415911e+03 4.779798e+02 1.112555e+05 -2.116737e+04 7.696064e+03 -6.369621e+04 -4.315693e+02 3.775726e+03 3.895255e+03 -2.116651e+04 -8.741036e+03 -3.293220e+02 8.567885e+04 -3.280112e+03 3.893835e+03 -4.905062e+04 2.932541e+02
5.050505e-04 4.076031e+04 1.004984e+04 6.542264e+02 -9.950861e+04 -4.277007e+03 7.504630e+03 -5.714284e+04 5.848446e+02 6.823045e+02 9.948537e+04 -3.138648e+04 6.835813e+03 5.715178e+04 6.128301e+02 -2.909519e+03 -5.773405e+03 8.038165e+02 1.133800e+05 -3.576836e+04 7.775851e+03 -6.512312e+04 -7.251013e+02 3.784184e+03 6.583590e+03 -3.576690e+04 -8.832932e+03 -5.538637e+02 8.731401e+04 -3.284572e+03 6.581191e+03 -5.014854e+04 4.926984e+02
7.070707e-04 5.826911e+04 1.021017e+04 9.283842e+02 -1.023893e+05 -4.288675e+03 1.073186e+04 -5.907860e+04 8.286615e+02 9.685835e+02 1.023674e+05 -4.486880e+04 6.944507e+03 5.908587e+04 8.687228e+02 -2.917119e+03 -8.256065e+03 1.140809e+03 1.166643e+05 -5.113289e+04 7.898816e+03 -6.732897e+04 -1.027656e+03 3.796681e+03 9.414693e+03 -5.113081e+04 -8.974532e+03 -7.861615e+02 8.984187e+04 -3.290978e+03 9.411262e+03 -5.184581e+04 6.982540e+02
9.090909e-04 7.706713e+04 1.043234e+04 1.215777e+03 -1.063982e+05 -4.303664e+03 1.420034e+04 -6.177234e+04 1.082936e+03 1.269055e+03 1.063784e+05 -5.934394e+04 7.095108e+03 6.177727e+04 1.136021e+03 -2.926842e+03 -1.092423e+04 1.494225e+03 1.212351e+05 -6.762880e+04 8.069219e+03 -7.039856e+04 -1.343468e+03 3.812957e+03 1.245738e+04 -6.762605e+04 -9.170707e+03 -1.029880e+03 9.335984e+04 -3.298940e+03 1.245284e+04 -5.420766e+04 9.127877e+02
1.111111e-03 9.765510e+04 1.072449e+04 1.521388e+03 -1.116989e+05 -4.321371e+03 1.800387e+04 -6.533327e+04 1.351557e+03 1.589080e+03 1.116816e+05 -7.519753e+04 7.293140e+03 6.533508e+04 1.418990e+03 -2.938255e+03 -1.385001e+04 1.870256e+03 1.272785e+05 -8.569554e+04 8.293337e+03 -7.445634e+04 -1.677482e+03 3.832588e+03 1.579392e+04 -8.569204e+04 -9.428631e+03 -1.289330e+03 9.801126e+04 -3.307860e+03 1.578816e+04 -5.732985e+04 1.139649e+03
1.313131e-03 1.206562e+05 1.109824e+04 1.851304e+03 -1.185233e+05 -4.340870e+03 2.225920e+04 -6.991614e+04 1.639248e+03 1.935227e+03 1.185095e+05 -9.290949e+04 7.546466e+03 6.991390e+04 1.722827e+03 -2.950696e+03 -1.712319e+04 2.276475e+03 1.350593e+05 -1.058800e+05 8.580110e+03 -7.967864e+04 -2.035713e+03 3.854913e+03 1.952670e+04 -1.058757e+05 -9.758520e+03 -1.569783e+03 1.039999e+05 -3.316829e+03 1.951958e+04 -6.134803e+04 1.382909e+03
1.515152e-03 1.468757e+05 1.157000e+04 2.213256e+03 -1.271988e+05 -4.360741e+03 2.711731e+04 -7.573805e+04 1.951962e+03 2.315852e+03 1.271894e+05 -1.130999e+05 7.866202e+03 7.573059e+04 2.054106e+03 -2.963151e+03 -2.085983e+04 2.722507e+03 1.449507e+05 -1.288887e+05 8.942176e+03 -8.631284e+04 -2.425760e+03 3.878898e+03 2.378814e+04 -1.288835e+05 -1.017481e+04 -1.877948e+03 1.116129e+05 -3.324485e+03 2.377945e+04 -6.645253e+04 1.647711e+03
1.717172e-03 1.773920e+05 1.216317e+04 2.617437e+03 -1.381894e+05 -4.378793e+03 3.278048e+04 -8.310523e+04 2.297499e+03 2.742008e+03 1.381858e+05 -1.365994e+05 8.268183e+03 8.309106e+04 2.421478e+03 -2.974066e+03 -2.521548e+04 3.221058e+03 1.574817e+05 -1.556684e+05 9.397547e+03 -9.470790e+04 -2.857602e+03 3.902920e+03 2.875564e+04 -1.556620e+05 -1.069805e+04 -2.222681e+03 1.212575e+05 -3.328752e+03 2.874513e+04 -7.291181e+04 1.940810e+03
1.919192e-03 2.137048e+05 1.291176e+04 3.077836e+03 -1.521655e+05 -4.391582e+03 3.953005e+04 -9.245689e+04 2.686509e+03 3.228898e+03 1.521692e+05 -1.645628e+05 8.775441e+03 9.243408e+04 2.836793e+03 -2.981003e+03 -3.040644e+04 3.789586e+03 1.734168e+05 -1.875349e+05 9.972424e+03 -1.053643e+05 -3.344886e+03 3.924390e+03 3.467594e+04 -1.875272e+05 -1.135814e+04 -2.616155e+03 1.335219e+05 -3.326424e+03 3.466323e+04 -8.111091e+04 2.271440e+03
2.121212e-03 2.579854e+05 1.386683e+04 3.614515e+03 -1.701237e+05 -4.393557e+03 4.777349e+04 -1.044402e+05 3.134206e+03 3.798385e+03 1.701370e+05 -1.986623e+05 9.422548e+03 1.044062e+05 3.317048e+03 -2.980044e+03 -3.674600e+04 4.453158e+03 1.938921e+05 -2.263937e+05 1.070615e+04 -1.190195e+05 -3.907151e+03 3.939076e+03 4.190641e+04 -2.263843e+05 -1.219994e+04 -3.075860e+03 1.492808e+05 -3.312395e+03 4.189100e+04 -9.161721e+04 2.652824e+03
2.323232e-03 3.135336e+05 1.510850e+04 4.257802e+03 -1.936072e+05 -4.375432e+03 5.813018e+04 -1.200466e+05 3.663536e+03 4.483601e+03 1.936333e+05 -2.414391e+05 1.026376e+04 1.199976e+05 3.887965e+03 -2.964660e+03 -4.471036e+04 5.249715e+03 2.206675e+05 -2.751407e+05 1.166048e+04 -1.368031e+05 -4.573920e+03 3.939822e+03 5.099023e+04 -2.751293e+05 -1.329383e+04 -3.628266e+03 1.698883e+05 -3.278233e+03 5.097139e+04 -1.052998e+05 3.104937e+03
2.525253e-03 3.856802e+05 1.677047e+04 5.056662e+03 -2.251464e+05 -4.320867e+03 7.160066e+04 -1.408792e+05 4.311546e+03 5.338180e+03 2.251899e+05 -2.969985e+05 1.138964e+04 1.408100e+05 4.591209e+03 -2.923383e+03 -5.506880e+04 6.240599e+03 2.566280e+05 -3.384543e+05 1.293854e+04 -1.605421e+05 -5.392940e+03 3.913921e+03 6.280494e+04 -3.384400e+05 -1.475722e+04 -4.316169e+03 1.975651e+05 -3.209241e+03 6.278155e+04 -1.235641e+05 3.660089e+03
2.727273e-03 4.837811e+05 1.909601e+04 6.097492e+03 -2.692403e+05 -4.198881e+03 8.994078e+04 -1.697396e+05 5.143762e+03 6.456993e+03 2.693082e+05 -3.725457e+05 1.296495e+04 1.696417e+05 5.500690e+03 -2.834529e+03 -6.917131e+04 7.534194e+03 3.069033e+05 -4.245448e+05 1.472798e+04 -1.934286e+05 -6.448792e+03 3.837104e+03 7.889046e+04 -4.245267e+05 -1.680369e+04 -5.215175e+03 2.362590e+05 -3.077793e+03 7.886074e+04 -1.488661e+05 4.375515e+03
2.929293e-03 6.263932e+05 2.258828e+04 7.553762e+03 -3.349265e+05 -3.943633e+03 1.166321e+05 -2.121356e+05 6.292449e+03 8.030979e+03 3.350311e+05 -4.823716e+05 1.533059e+04 2.119949e+05 6.765963e+03 -2.652106e+03 -8.969473e+04 9.348431e+03 3.817980e+05 -5.496976e+05 1.741712e+04 -2.417389e+05 -7.912411e+03 3.657509e+03 1.023003e+05 -5.496737e+05 -1.987493e+04 -6.477245e+03 2.939011e+05 -2.825570e+03 1.022611e+05 -1.860343e+05 5.366904e+03
3.131313e-03 8.586288e+05 2.853354e+04 9.855777e+03 -4.444854e+05 -3.385049e+03 1.601341e+05 -2.812831e+05 8.088501e+03 1.053485e+04 4.446503e+05 -6.612177e+05 1.935818e+04 2.810713e+05 8.761873e+03 -2.257554e+03 -1.231435e+05 1.222471e+04 5.067150e+05 -7.535025e+05 2.199907e+04 -3.205324e+05 -1.021182e+04 3.240668e+03 1.404541e+05 -7.534688e+05 -2.509983e+04 -8.479647e+03 3.900431e+05 -2.302701e+03 1.403985e+05 -2.466543e+05 6.924005e+03
3.333333e-03 1.348429e+06 4.202144e+04 1.465335e+04 -6.822462e+05 -1.856759e+03 2.519156e+05 -4.255109e+05 1.181579e+04 1.579237e+04 6.825367e+05 -1.038417e+06 2.849768e+04 4.251481e+05 1.294448e+04 -1.187162e+03 -1.937139e+05 1.824189e+04 7.778000e+05 -1.183342e+06 3.240503e+04 -4.848793e+05 -1.500852e+04 2.058650e+03 2.209528e+05 -1.183286e+06 -3.694497e+04 -1.266970e+04 5.986864e+05 -9.239889e+02 2.208602e+05 -3.730934e+05 1.017189e+04
3.535354e-03 3.989378e+05 3.175451e+03 3.875818e+03 -1.573780e+05 -6.514806e+03 7.470718e+04 -1.801398e+05 2.984252e+03 3.769240e+03 1.574868e+05 -3.072234e+05 2.136007e+03 1.800357e+05 2.878389e+03 -4.406270e+03 -5.743676e+04 4.570279e+03 1.794644e+05 -3.500887e+05 2.353275e+03 -2.052789e+05 -3.555404e+03 5.776794e+03 6.550099e+04 -3.500915e+05 -2.867488e+03 -3.189372e+03 1.381053e+05 -4.961438e+03 6.551016e+04 -1.579882e+05 2.407189e+03
3.737374e-03 -5.462263e+06 -1.659193e+05 -5.224227e+04 2.744931e+06 -3.071793e+04 -1.024254e+06 1.527353e+06 -4.023488e+04 -5.831889e+04 -2.746341e+06 4.206558e+06 -1.124551e+05 -1.525623e+06 -4.624738e+04 -2.124114e+04 7.875366e+05 -6.614800e+04 -3.129603e+06 4.793608e+06 -1.282420e+05 1.740395e+06 5.244923e+04 2.503577e+04 -8.983748e+05 4.793326e+06 1.455067e+05 4.608285e+04 -2.408778e+06 -2.612383e+04 -8.978843e+05 1.338870e+06 -3.550659e+04
3.939394e-03 -1.744341e+07 -4.307062e+05 -1.523874e+05 8.321155e+06 -7.617446e+04 -3.277941e+06 5.249083e+06 -1.127178e+05 -1.685858e+05 -8.326213e+06 1.343365e+07 -2.916207e+05 -5.243261e+06 -1.287279e+05 -5.300290e+04 2.520141e+06 -1.917593e+05 -9.488012e+06 1.530813e+07 -3.324209e+05 5.981256e+06 1.464982e+05 6.133464e+04 -2.874829e+06 1.530747e+07 3.778576e+05 1.339974e+05 -7.302236e+06 -6.590522e+04 -2.873518e+06 4.601426e+06 -9.907753e+04
4.141414e-03 -4.235454e+06 -9.687279e+04 -3.360499e+04 1.994448e+06 -2.587115e+04 -7.976338e+05 1.264714e+06 -2.372488e+04 -3.765808e+04 -1.995760e+06 3.261865e+06 -6.554607e+04 -1.263220e+06 -2.772757e+04 -1.790282e+04 6.131968e+05 -4.251319e+04 -2.274234e+06 3.717010e+06 -7.481950e+04 1.441109e+06 3.123574e+04 2.137772e+04 -6.995222e+05 3.716826e+06 8.488322e+04 2.979775e+04 -1.750233e+06 -2.172505e+04 -6.992001e+05 1.108599e+06 -2.110063e+04
4.343434e-03 -7.359383e+05 -2.557525e+04 -5.315414e+03 3.911175e+05 -1.445974e+04 -1.388680e+05 1.569092e+05 -3.585601e+03 -6.681219e+03 -3.913475e+05 5.667760e+05 -1.732814e+04 -1.566229e+05 -4.933351e+03 -9.888751e+03 1.067572e+05 -7.153006e+03 -4.459547e+05 6.458737e+05 -1.989738e+04 1.787813e+05 5.173635e+03 1.234083e+04 -1.218120e+05 6.458106e+05 2.229206e+04 5.019169e+03 -3.432249e+05 -1.161659e+04 -1.217044e+05 1.374614e+05 -3.492035e+03
4.545455e-03 2.305958e+06 1.303762e+04 1.413360e+04 -9.113477e+05 -6.899894e+03 4.363920e+05 -8.784914e+05 8.344683e+03 1.433967e+04 9.122054e+05 -1.775946e+06 8.671107e+03 8.776246e+05 8.547365e+03 -4.498384e+03 -3.354157e+05 1.687928e+04 1.039458e+06 -2.023681e+06 9.698123e+03 -1.001034e+06 -1.028179e+04 6.329792e+03 3.825949e+05 -2.023668e+06 -1.162437e+04 -1.198804e+04 7.997792e+05 -4.851643e+03 3.825796e+05 -7.701898e+05 6.906858e+03
4.747475e-03 -3.048889e+06 -4.464914e+04 -1.605858e+04 1.351232e+06 -2.395443e+04 -5.782938e+05 9.681397e+05 -8.284836e+03 -1.851583e+04 -1.352393e+06 2.348155e+06 -3.007988e+04 -9.668930e+05 -1.070415e+04 -1.655449e+04 4.444687e+05 -2.045234e+04 -1.541053e+06 2.675734e+06 -3.450116e+04 1.103149e+06 1.157463e+04 2.027448e+04 -5.070794e+05 2.675625e+06 3.895768e+04 1.459052e+04 -1.185811e+06 -1.961046e+04 -5.068891e+05 8.485591e+05 -7.751373e+03
4.949495e-03 9.312880e+06 2.971753e+04 4.062201e+04 -3.657223e+06 7.250124e+02 1.771181e+06 -3.495852e+06 1.594351e+04 4.172605e+04 3.661065e+06 -7.172574e+06 1.932602e+04 3.491970e+06 1.702883e+04 1.367067e+03 -1.361153e+06 4.835217e+04 4.171712e+06 -8.172999e+06 2.173264e+04 -3.983419e+06 -2.021915e+04 1.204185e+02 1.552732e+06 -8.172927e+06 -2.636925e+04 -3.502871e+04 3.209553e+06 2.313522e+03 1.552651e+06 -3.064556e+06 1.336674e+04
5.151515e-03 3.016169e+06 -2.079604e+04 1.065893e+04 -1.052090e+06 -2.072748e+04 5.752011e+05 -1.276768e+06 2.377504e+03 9.102094e+03 1.053426e+06 -2.323027e+06 -1.443407e+04 1.275478e+06 8.479245e+02 -1.378898e+04 -4.419978e+05 1.146481e+04 1.200329e+06 -2.646974e+06 -1.685059e+04 -1.454851e+06 -2.041838e+03 1.794419e+04 5.041607e+05 -2.647038e+06 1.784670e+04 -8.512261e+03 9.233295e+05 -1.595816e+04 5.042798e+05 -1.119352e+06 1.258533e+03
5.353535e-03 3.428580e+07 -9.232719e+04 8.585521e+04 -1.286007e+07 -1.830838e+04 6.555835e+06 -1.345642e+07 -1.045640e+04 8.163834e+04 1.287572e+07 -2.640699e+07 -6.634998e+04 1.344088e+07 -1.459394e+04 -8.843550e+03 -5.037346e+06 9.563071e+04 1.467129e+07 -3.008954e+07 -7.659529e+04 -1.533304e+07 1.408838e+04 1.523264e+04 5.746491e+06 -3.008968e+07 8.003378e+04 -7.333928e+04 1.128617e+07 -1.091091e+04 5.746814e+06 -1.179584e+07 -1.113310e+04
5.555556e-03 4.659077e+06 -3.259459e+04 6.806352e+03 -1.688307e+06 -9.627099e+03 8.934540e+05 -1.908133e+06 -6.742406e+03 5.162725e+03 1.690553e+06 -3.588523e+06 -2.266839e+04 1.905927e+06 -8.353579e+03 -6.025584e+03 -6.864365e+05 6.439915e+03 1.926273e+06 -4.088881e+06 -2.604226e+04 -2.174225e+06 8.983689e+03 7.937524e+03 7.830730e+05 -4.088944e+06 2.839248e+04 -5.544149e+03 1.481707e+06 -7.376675e+03 7.831968e+05 -1.672671e+06 -6.329731e+03
5.757576e-03 1.621761e+06 -2.195666e+04 5.507019e+02 -5.535456e+05 -9.168810e+03 3.119467e+05 -7.116398e+05 -4.343488e+03 -6.836895e+02 5.543681e+05 -1.249142e+06 -1.511046e+04 7.108445e+05 -5.552220e+03 -6.040989e+03 -2.396392e+05 -3.698234e+02 6.316541e+05 -1.423285e+06 -1.737504e+04 -8.108797e+05 5.933666e+03 7.649756e+03 2.733677e+05 -1.423335e+06 1.911187e+04 -1.681143e+02 4.858169e+05 -7.279940e+03 2.734593e+05 -6.238480e+05 -4.114885e+03
5.959596e-03 -1.496404e+05 -1.787728e+04 1.569622e+02 1.377579e+05 -1.776839e+04 -2.879926e+04 -3.835237e+04 5.477400e+02 -1.278099e+03 -1.378178e+05 1.152525e+05 -1.212913e+04 3.844096e+04 -8.557438e+02 -1.209233e+04 2.213490e+04 -6.545330e+02 -1.570468e+05 1.313557e+05 -1.414188e+04 -4.371566e+04 1.919272e+02 1.525436e+04 -2.530011e+04 1.312954e+05 1.536763e+04 4.798257e+02 -1.208903e+05 -1.411778e+04 -2.519510e+04 -3.372529e+04 -1.223868e+02
6.161616e-03 -2.230017e+06 -1.774215e+04 4.552316e+03 9.979646e+05 -4.152275e+04 -4.313970e+05 7.129982e+05 1.149980e+04 2.135799e+03 -9.991345e+05 1.717686e+06 -1.176539e+04 -7.117847e+05 9.139630e+03 -2.850259e+04 3.313744e+05 4.460415e+03 -1.138452e+06 1.957208e+06 -1.424745e+04 8.123742e+05 -1.240843e+04 3.613908e+04 -3.781793e+05 1.957108e+06 1.472835e+04 -2.434068e+03 -8.758386e+05 -3.277911e+04 -3.780045e+05 6.247131e+05 8.557758e+03
6.363636e-03 2.891084e+08 5.084957e+05 -9.377839e+05 -1.237292e+08 4.371886e+06 5.611560e+07 -1.008952e+08 -1.877144e+06 -7.365801e+05 1.238912e+08 -2.226996e+08 3.057864e+05 1.007301e+08 -1.680986e+06 3.010034e+06 -4.309853e+07 -1.069113e+06 1.411643e+08 -2.537487e+08 4.468341e+05 -1.149549e+08 2.142291e+06 -3.837456e+06 4.918483e+07 -2.537326e+08 -3.477322e+05 6.459918e+05 1.085895e+08 3.429203e+06 4.917167e+07 -8.841015e+07 -1.472883e+06
6.565657e-03 1.419763e+06 -8.315106e+03 -6.538992e+03 -5.751151e+05 1.478059e+04 2.765159e+05 -5.469380e+05 -1.131994e+04 -6.276424e+03 5.759323e+05 -1.093637e+06 -5.852590e+03 5.461168e+05 -1.106472e+04 1.024520e+04 -2.123479e+05 -8.040190e+03 6.562186e+05 -1.246083e+06 -6.269898e+03 -6.231756e+05 1.349129e+04 -1.323115e+04 2.423266e+05 -1.246069e+06 7.696794e+03 5.054328e+03 5.047519e+05 1.141479e+04 2.423088e+05 -4.793069e+05 -9.255311e+03
6.767677e-03 -2.357533e+06 -1.846969e+04 1.308431e+04 1.086503e+06 -5.750632e+04 -4.604951e+05 7.437173e+05 2.105844e+04 9.863956e+03 -1.087880e+06 1.816010e+06 -1.219096e+04 -7.423001e+05 1.792494e+04 -3.941854e+04 3.536364e+05 1.436517e+04 -1.239545e+06 2.069196e+06 -1.526843e+04 8.473460e+05 -2.349636e+04 5.022944e+04 -4.036562e+05 2.069066e+06 1.483007e+04 -9.075375e+03 -9.535635e+05 -4.515472e+04 -4.034308e+05 6.515178e+05 1.611796e+04
6.969697e-03 8.409200e+06 2.422658e+04 -5.820336e+04 -3.770107e+06 1.846291e+05 1.648418e+06 -2.851503e+06 -8.771900e+04 -4.927405e+04 3.775225e+06 -6.477796e+06 1.512485e+04 2.846290e+06 -7.904387e+04 1.267362e+05 -1.265736e+06 -6.681675e+04 4.301486e+06 -7.380781e+06 2.207398e+04 -3.248831e+06 1.005723e+05 -1.622808e+05 1.444767e+06 -7.380396e+06 -1.641541e+04 4.286014e+04 3.308857e+06 1.441643e+05 1.444153e+06 -2.498193e+06 -6.890284e+04
7.171717e-03 1.542156e+06 -1.541260e+03 -1.286732e+04 -6.796438e+05 3.156677e+04 3.033969e+05 -5.511621e+05 -1.847246e+04 -1.157554e+04 6.806155e+05 -1.187984e+06 -1.302606e+03 5.501786e+05 -1.721947e+04 2.169507e+04 -2.329345e+05 -1.513094e+04 7.754836e+05 -1.353562e+06 -5.776032e+02 -6.279621e+05 2.153461e+04 -2.792746e+04 2.658858e+05 -1.353508e+06 2.260447e+03 9.797274e+03 5.965007e+05 2.449705e+04 2.657981e+05 -4.828921e+05 -1.473988e+04
7.373737e-03 1.000357e+06 -2.666649e+03 -9.746095e+03 -4.411992e+05 2.088043e+04 1.975211e+05 -3.651850e+05 -1.349706e+04 -8.956947e+03 4.418498e+05 -7.706329e+05 -1.984871e+03 3.645283e+05 -1.273280e+04 1.435401e+04 -1.516313e+05 -1.154681e+04 5.034330e+05 -8.780303e+05 -1.620361e+03 -4.160683e+05 1.583048e+04 -1.853962e+04 1.730889e+05 -8.779978e+05 2.982413e+03 7.520488e+03 3.872294e+05 1.614152e+04 1.730360e+05 -3.199487e+05 -1.082859e+04
7.575758e-03 7.365017e+05 -2.955017e+03 -8.228130e+03 -3.260331e+05 1.585282e+04 1.459614e+05 -2.735204e+05 -1.107552e+04 -7.665676e+03 3.265270e+05 -5.673828e+05 -2.140722e+03 2.730230e+05 -1.053166e+04 1.089889e+04 -1.120382e+05 -9.793102e+03 3.720338e+05 -6.464468e+05 -1.921438e+03 -3.116295e+05 1.304379e+04 -1.411967e+04 1.278991e+05 -6.464238e+05 3.111836e+03 6.405797e+03 2.861536e+05 1.221216e+04 1.278619e+05 -2.396356e+05 -8.917703e+03
7.777778e-03 5.751019e+05 -2.997324e+03 -7.266671e+03 -2.559097e+05 1.281039e+04 1.144056e+05 -2.169302e+05 -9.558460e+03 -6.836228e+03 2.563067e+05 -4.430549e+05 -2.144774e+03 2.165310e+05 -9.142920e+03 8.807607e+03 -8.780674e+04 -8.676457e+03 2.920249e+05 -5.047877e+05 -2.000406e+03 -2.471532e+05 1.129199e+04 -1.144309e+04 1.002424e+05 -5.047703e+05 3.074517e+03 5.694129e+03 2.246094e+05 9.835701e+03 1.002143e+05 -1.900533e+05 -7.716595e+03
7.979798e-03 4.654626e+05 -2.943648e+03 -6.578993e+03 -2.083975e+05 1.074023e+04 9.295174e+04 -1.781828e+05 -8.490505e+03 -6.235208e+03 2.087281e+05 -3.585982e+05 -2.091341e+03 1.778509e+05 -8.159168e+03 7.384488e+03 -7.133297e+04 -7.874200e+03 2.378140e+05 -4.085582e+05 -1.990003e+03 -2.030060e+05 1.005499e+04 -9.620686e+03 8.143983e+04 -4.085445e+05 2.976861e+03 5.181060e+03 1.829100e+05 8.219707e+03 8.141770e+04 -1.561043e+05 -6.868604e+03
8.181818e-03 3.862053e+05 -2.849088e+03 -6.051396e+03 -1.740952e+05 9.230276e+03 7.742712e+04 -1.499688e+05 -7.685539e+03 -5.768712e+03 1.743772e+05 -2.975447e+05 -2.014664e+03 1.496862e+05 -7.413548e+03 6.346433e+03 -5.941245e+04 -7.256365e+03 1.986748e+05 -3.389944e+05 -1.939436e+03 -1.708603e+05 9.120041e+03 -8.290626e+03 6.783402e+04 -3.389833e+05 2.857021e+03 4.784496e+03 1.528043e+05 7.041774e+03 6.781608e+04 -1.313843e+05 -6.227798e+03
8.383838e-03 3.264525e+05 -2.737700e+03 -5.627784e+03 -1.482433e+05 8.076473e+03 6.570954e+04 -1.285507e+05 -7.050743e+03 -5.390308e+03 1.484881e+05 -2.515156e+05 -1.929473e+03 1.283057e+05 -6.822640e+03 5.553219e+03 -5.041548e+04 -6.758710e+03 1.691770e+05 -2.865495e+05 -1.870501e+03 -1.464576e+05 8.380914e+03 -7.273707e+03 5.756494e+04 -2.865403e+05 2.731090e+03 4.463935e+03 1.301150e+05 6.142252e+03 5.755008e+04 -1.126189e+05 -5.721308e+03
8.585859e-03 2.799992e+05 -2.621022e+03 -5.276686e+03 -1.281379e+05 7.164696e+03 5.658867e+04 -1.117874e+05 -6.533731e+03 -5.073852e+03 1.283533e+05 -2.157311e+05 -1.842689e+03 1.115720e+05 -6.339243e+03 4.926407e+03 -4.341258e+04 -6.345122e+03 1.462358e+05 -2.457774e+05 -1.793873e+03 -1.273583e+05 7.777591e+03 -6.469675e+03 4.957176e+04 -2.457696e+05 2.606402e+03 4.196632e+03 1.124692e+05 5.431856e+03 4.955925e+04 -9.793180e+04 -5.307958e+03
8.787879e-03 2.430199e+05 -2.504861e+03 -4.978807e+03 -1.121177e+05 6.425545e+03 4.931840e+04 -9.835369e+04 -6.102318e+03 -4.803239e+03 1.123094e+05 -1.872445e+05 -1.757691e+03 9.816216e+04 -5.934274e+03 4.418288e+03 -3.783077e+04 -5.993408e+03 1.279557e+05 -2.133205e+05 -1.715092e+03 -1.120527e+05 7.273147e+03 -5.817549e+03 4.320051e+04 -2.133138e+05 2.486360e+03 3.968611e+03 9.840880e+04 4.856301e+03 4.318984e+04 -8.616206e+04 -4.962413e+03
8.989899e-03 2.130189e+05 -2.392171e+03 -4.721513e+03 -9.910209e+04 5.814150e+03 4.341195e+04 -8.738225e+04 -5.735454e+03 -4.567867e+03 9.927427e+04 -1.641334e+05 -1.676117e+03 8.721038e+04 -5.588661e+03 3.998014e+03 -3.329625e+04 -5.689006e+03 1.131037e+05 -1.869884e+05 -1.637113e+03 -9.955250e+04 6.843402e+03 -5.277891e+03 3.802458e+04 -1.869827e+05 2.372467e+03 3.770696e+03 8.698533e+04 4.380496e+03 3.801538e+04 -7.654971e+04 -4.668084e+03
9.191919e-03 1.882966e+05 -2.284407e+03 -4.496106e+03 -8.835665e+04 5.300102e+03 3.853775e+04 -7.828049e+04 -5.418703e+03 -4.360395e+03 8.851250e+04 -1.450886e+05 -1.598703e+03 7.812504e+04 -5.289285e+03 3.644677e+03 -2.955437e+04 -5.421867e+03 1.008421e+05 -1.652894e+05 -1.561512e+03 -8.918252e+04 6.471746e+03 -4.823964e+03 3.375332e+04 -1.652843e+05 2.265261e+03 3.596551e+03 7.755433e+04 3.980664e+03 3.374532e+04 -6.857551e+04 -4.413577e+03
9.393939e-03 1.676549e+05 -2.182205e+03 -4.296355e+03 -7.936488e+04 4.862007e+03 3.446203e+04 -7.062954e+04 -5.141777e+03 -4.175532e+03 7.950689e+04 -1.291870e+05 -1.525702e+03 7.048799e+04 -5.026775e+03 3.343565e+03 -2.642562e+04 -5.184776e+03 9.058137e+04 -1.471718e+05 -1.489096e+03 -8.046553e+04 6.146332e+03 -4.436953e+03 3.018187e+04 -1.471673e+05 2.164784e+03 3.441619e+03 6.966246e+04 3.640082e+03 3.017485e+04 -6.187245e+04 -4.190766e+03
9.595960e-03 1.502254e+05 -2.085749e+03 -4.117650e+03 -7.175306e+04 4.484349e+03 3.101533e+04 -6.412496e+04 -4.897123e+03 -4.009340e+03 7.188321e+04 -1.157599e+05 -1.457110e+03 6.399533e+04 -4.794228e+03 3.084010e+03 -2.377986e+04 -4.972387e+03 8.189523e+04 -1.318736e+05 -1.420234e+03 -7.305467e+04 5.858445e+03 -4.103209e+03 2.716168e+04 -1.318696e+05 2.070820e+03 3.302520e+03 6.298171e+04 3.346627e+03 2.715549e+04 -5.617381e+04 -3.993672e+03
9.797980e-03 1.353640e+05 -1.994969e+03 -3.956491e+03 -6.524432e+04 4.155588e+03 2.807187e+04 -5.854036e+04 -4.679045e+03 -3.858808e+03 6.536420e+04 -1.043110e+05 -1.392783e+03 5.842103e+04 -4.586427e+03 2.858075e+03 -2.152051e+04 -4.780627e+03 7.446775e+04 -1.188294e+05 -1.355042e+03 -6.669200e+04 5.601510e+03 -3.812575e+03 2.458254e+04 -1.188259e+05 1.983030e+03 3.176673e+03 5.726910e+04 3.091282e+03 2.457704e+04 -5.128121e+04 -3.817785e+03
1.000000e-02 1.225835e+05 -1.909659e+03 -3.810159e+03 -5.962945e+04 3.866952e+03 2.553649e+04 -5.370400e+04 -4.483161e+03 -3.721586e+03 5.974036e+04 -9.446511e+04 -1.332505e+03 5.359365e+04 -4.399348e+03 2.659728e+03 -1.957449e+04 -4.606332e+03 6.806022e+04 -1.076116e+05 -1.293486e+03 -6.118182e+04 5.370456e+03 -3.557331e+03 2.236102e+04 -1.076084e+05 1.901018e+03 3.062069e+03 5.234100e+04 2.867198e+03 2.235612e+04 -4.704417e+04 -3.659630e+03
