-1.000000e-02 2.487618e+03 3.160321e+03 2.637029e+03 -1.168139e+04 -2.307202e+03 -5.464634e+04 -1.513003e+04 2.111895e+03 2.608261e+03 1.161423e+04 -1.952777e+03 2.169478e+03 1.519722e+04 2.079095e+03 -1.590919e+03 4.211050e+04 3.173327e+03 1.331480e+04 -2.200605e+03 2.874462e+03 -1.732119e+04 -2.582002e+03 1.690888e+03 -4.797250e+04 -2.205406e+03 -2.371220e+03 -2.159775e+03 1.019008e+04 -2.146871e+03 -4.796876e+04 -1.327525e+04 1.689281e+03
-9.797980e-03 2.668416e+03 3.276774e+03 2.675551e+03 -1.183743e+04 -2.378654e+03 -5.737934e+04 -1.554098e+04 2.136013e+03 2.645352e+03 1.176827e+04 -2.092163e+03 2.249012e+03 1.561013e+04 2.101692e+03 -1.639860e+03 4.421486e+04 3.219038e+03 1.349277e+04 -2.359244e+03 2.975774e+03 -1.779189e+04 -2.611043e+03 1.746959e+03 -5.037077e+04 -2.364314e+03 -2.462740e+03 -2.190936e+03 1.032511e+04 -2.209281e+03 -5.036683e+04 -1.363571e+04 1.707912e+03
-9.595960e-03 2.861931e+03 3.399905e+03 2.715072e+03 -1.198267e+04 -2.453309e+03 -6.028970e+04 -1.596434e+04 2.160364e+03 2.683347e+03 1.191143e+04 -2.241318e+03 2.333100e+03 1.603553e+04 2.124425e+03 -1.690992e+03 4.645576e+04 3.265901e+03 1.365845e+04 -2.529018e+03 3.082907e+03 -1.827684e+04 -2.640365e+03 1.805542e+03 -5.292465e+04 -2.534377e+03 -2.559488e+03 -2.222878e+03 1.045058e+04 -2.274486e+03 -5.292051e+04 -1.400706e+04 1.726651e+03
-9.393939e-03 3.069172e+03 3.530224e+03 2.755616e+03 -1.211465e+04 -2.531335e+03 -6.339104e+04 -1.640018e+04 2.184924e+03 2.722265e+03 1.204125e+04 -2.401015e+03 2.422091e+03 1.647347e+04 2.147261e+03 -1.744431e+03 4.884366e+04 3.313945e+03 1.380902e+04 -2.710812e+03 3.196309e+03 -1.877609e+04 -2.669935e+03 1.866768e+03 -5.564611e+04 -2.716480e+03 -2.661862e+03 -2.255620e+03 1.056433e+04 -2.342634e+03 -5.564175e+04 -1.438935e+04 1.745472e+03
-9.191919e-03 3.291235e+03 3.668293e+03 2.797209e+03 -1.223050e+04 -2.612910e+03 -6.669815e+04 -1.684844e+04 2.209660e+03 2.762122e+03 1.215485e+04 -2.572095e+03 2.516366e+03 1.692393e+04 2.170158e+03 -1.800297e+03 5.138997e+04 3.363194e+03 1.394123e+04 -2.905584e+03 3.316468e+03 -1.928961e+04 -2.699716e+03 1.930777e+03 -5.854810e+04 -2.911582e+03 -2.770299e+03 -2.289179e+03 1.066385e+04 -2.413879e+03 -5.854351e+04 -1.478253e+04 1.764341e+03
-8.989899e-03 3.529311e+03 3.814726e+03 2.839877e+03 -1.232691e+04 -2.698218e+03 -7.022707e+04 -1.730900e+04 2.234537e+03 2.802936e+03 1.224892e+04 -2.755471e+03 2.616344e+03 1.738676e+04 2.193073e+03 -1.858718e+03 5.410701e+04 3.413676e+03 1.405129e+04 -3.114375e+03 3.443924e+03 -1.981725e+04 -2.729662e+03 1.997715e+03 -6.164471e+04 -3.120729e+03 -2.885280e+03 -2.323573e+03 1.074623e+04 -2.488382e+03 -6.163987e+04 -1.518650e+04 1.783222e+03
-8.787879e-03 3.784693e+03 3.970203e+03 2.883645e+03 -1.240005e+04 -2.787456e+03 -7.399520e+04 -1.778161e+04 2.259515e+03 2.844722e+03 1.231961e+04 -2.952135e+03 2.722487e+03 1.786174e+04 2.215954e+03 -1.919826e+03 5.700819e+04 3.465413e+03 1.413483e+04 -3.338319e+03 3.579269e+03 -2.035874e+04 -2.759723e+03 2.067733e+03 -6.495121e+04 -3.345053e+03 -3.007332e+03 -2.358816e+03 1.080809e+04 -2.566315e+03 -6.494609e+04 -1.560104e+04 1.802073e+03
-8.585859e-03 4.058788e+03 4.135471e+03 2.928536e+03 -1.244546e+04 -2.880828e+03 -7.802143e+04 -1.826590e+04 2.284545e+03 2.887492e+03 1.236248e+04 -3.163166e+03 2.835303e+03 1.834848e+04 2.238744e+03 -1.983760e+03 6.010805e+04 3.518431e+03 1.418678e+04 -3.578645e+03 3.723156e+03 -2.091363e+04 -2.789840e+03 2.140993e+03 -6.848416e+04 -3.585787e+03 -3.137037e+03 -2.394925e+03 1.084552e+04 -2.647855e+03 -6.847876e+04 -1.602581e+04 1.820847e+03
-8.383838e-03 4.353122e+03 4.311355e+03 2.974574e+03 -1.245799e+04 -2.978547e+03 -8.232624e+04 -1.876130e+04 2.309574e+03 2.931259e+03 1.237238e+04 -3.389734e+03 2.955354e+03 1.884642e+04 2.261376e+03 -2.050667e+03 6.342234e+04 3.572749e+03 1.420127e+04 -3.836689e+03 3.876308e+03 -2.148132e+04 -2.819948e+03 2.217661e+03 -7.226154e+04 -3.844269e+03 -3.275038e+03 -2.431914e+03 1.085402e+04 -2.733187e+03 -7.225582e+04 -1.646033e+04 1.839489e+03
-8.181818e-03 4.669351e+03 4.498769e+03 3.021780e+03 -1.243168e+04 -3.080836e+03 -8.693184e+04 -1.926709e+04 2.334541e+03 2.976032e+03 1.234332e+04 -3.633110e+03 3.083263e+03 1.935484e+04 2.283777e+03 -2.120696e+03 6.696816e+04 3.628387e+03 1.417151e+04 -4.113900e+03 4.039524e+03 -2.206095e+04 -2.849970e+03 2.297912e+03 -7.630283e+04 -4.121951e+03 -3.422046e+03 -2.469795e+03 1.082832e+04 -2.822506e+03 -7.629677e+04 -1.690396e+04 1.857939e+03
-7.979798e-03 5.009273e+03 4.698727e+03 3.070175e+03 -1.235961e+04 -3.187926e+03 -9.186230e+04 -1.978228e+04 2.359376e+03 3.021817e+03 1.226839e+04 -3.894673e+03 3.219717e+03 1.987276e+04 2.305862e+03 -2.194007e+03 7.076405e+04 3.685362e+03 1.408961e+04 -4.411851e+03 4.213691e+03 -2.265142e+04 -2.879822e+03 2.381927e+03 -8.062914e+04 -4.420409e+03 -3.578850e+03 -2.508578e+03 1.076237e+04 -2.916012e+03 -8.062273e+04 -1.735582e+04 1.876129e+03
-7.777778e-03 5.374839e+03 4.912358e+03 3.119777e+03 -1.223376e+04 -3.300057e+03 -9.714369e+04 -2.030563e+04 2.384002e+03 3.068618e+03 1.213957e+04 -4.175917e+03 3.365485e+03 2.039894e+04 2.327540e+03 -2.270762e+03 7.483006e+04 3.743687e+03 1.394644e+04 -4.732248e+03 4.399796e+03 -2.325130e+04 -2.909406e+03 2.469894e+03 -8.526336e+04 -4.741352e+03 -3.746327e+03 -2.548273e+03 1.064913e+04 -3.013914e+03 -8.525656e+04 -1.781484e+04 1.893983e+03
-7.575758e-03 5.768160e+03 5.140917e+03 3.170603e+03 -1.204484e+04 -3.417477e+03 -1.028042e+05 -2.083557e+04 2.408331e+03 3.116436e+03 1.194757e+04 -4.478463e+03 3.521421e+03 2.093179e+04 2.348703e+03 -2.351129e+03 7.918791e+04 3.803374e+03 1.373139e+04 -5.076940e+03 4.598938e+03 -2.385881e+04 -2.938614e+03 2.562006e+03 -9.023023e+04 -5.086631e+03 -3.925452e+03 -2.588886e+03 1.048044e+04 -3.116428e+03 -9.022302e+04 -1.827963e+04 1.911416e+03
-7.373737e-03 6.191521e+03 5.385809e+03 3.222666e+03 -1.178206e+04 -3.540439e+03 -1.088744e+05 -2.137014e+04 2.432264e+03 3.165265e+03 1.168158e+04 -4.804062e+03 3.688478e+03 2.146938e+04 2.369237e+03 -2.435281e+03 8.386107e+04 3.864428e+03 1.343217e+04 -5.447924e+03 4.812347e+03 -2.447173e+04 -2.967325e+03 2.658463e+03 -9.555651e+04 -5.458249e+03 -4.117317e+03 -2.630420e+03 1.024681e+04 -3.223773e+03 -9.554885e+04 -1.874849e+04 1.928332e+03
-7.171717e-03 6.647393e+03 5.648607e+03 3.275977e+03 -1.143288e+04 -3.669205e+03 -1.153871e+05 -2.190696e+04 2.455692e+03 3.215096e+03 1.132907e+04 -5.154608e+03 3.867728e+03 2.200932e+04 2.389011e+03 -2.523393e+03 8.887488e+04 3.926850e+03 1.303450e+04 -5.847363e+03 5.041401e+03 -2.508733e+04 -2.995403e+03 2.759468e+03 -1.012711e+05 -5.858370e+03 -4.323144e+03 -2.672874e+03 9.937267e+03 -3.336176e+03 -1.012629e+05 -1.921930e+04 1.944625e+03
-6.969697e-03 7.138439e+03 5.931080e+03 3.330542e+03 -1.098274e+04 -3.804035e+03 -1.223779e+05 -2.244312e+04 2.478493e+03 3.265916e+03 1.087548e+04 -5.532144e+03 4.060371e+03 2.254868e+04 2.407880e+03 -2.615645e+03 9.425664e+04 3.990637e+03 1.252179e+04 -6.277586e+03 5.287647e+03 -2.570229e+04 -3.022696e+03 2.865226e+03 -1.074051e+05 -6.289330e+03 -4.544304e+03 -2.716247e+03 9.539021e+03 -3.453864e+03 -1.073964e+05 -1.968953e+04 1.960179e+03
-6.767677e-03 7.667528e+03 6.235219e+03 3.386366e+03 -1.041472e+04 -3.945197e+03 -1.298848e+05 -2.297511e+04 2.500532e+03 3.317703e+03 1.030387e+04 -5.938869e+03 4.267762e+03 2.308397e+04 2.425685e+03 -2.712214e+03 1.000357e+05 4.055780e+03 1.187473e+04 -6.741102e+03 5.552831e+03 -2.631262e+04 -3.049038e+03 2.975945e+03 -1.139920e+05 -6.753642e+03 -4.782345e+03 -2.760529e+03 9.037214e+03 -3.577068e+03 -1.139827e+05 -2.015609e+04 1.974864e+03
-6.565657e-03 8.237740e+03 6.563278e+03 3.443446e+03 -9.709088e+03 -4.092954e+03 -1.379489e+05 -2.349872e+04 2.521660e+03 3.370432e+03 9.594537e+03 -6.377144e+03 4.491431e+03 2.361097e+04 2.442252e+03 -2.813280e+03 1.062436e+05 4.122262e+03 1.107086e+04 -7.240606e+03 5.838928e+03 -2.691350e+04 -3.074243e+03 3.091831e+03 -1.210676e+05 -7.254006e+03 -5.039013e+03 -2.805710e+03 8.414549e+03 -3.706014e+03 -1.210578e+05 -2.061530e+04 1.988537e+03
-6.363636e-03 8.852373e+03 6.917815e+03 3.501778e+03 -8.842888e+03 -4.247565e+03 -1.466139e+05 -2.400894e+04 2.541714e+03 3.424069e+03 8.724505e+03 -6.849497e+03 4.733115e+03 2.412466e+04 2.457387e+03 -2.919016e+03 1.129141e+05 4.190061e+03 1.008401e+04 -7.778983e+03 6.148178e+03 -2.749924e+04 -3.098108e+03 3.213086e+03 -1.286706e+05 -7.793313e+03 -5.316292e+03 -2.851771e+03 7.650872e+03 -3.840928e+03 -1.286601e+05 -2.106275e+04 2.001043e+03
-6.161616e-03 9.514947e+03 7.301741e+03 3.561350e+03 -7.789323e+03 -4.409280e+03 -1.559265e+05 -2.449985e+04 2.560515e+03 3.478571e+03 7.666982e+03 -7.358628e+03 4.994794e+03 2.461911e+04 2.470881e+03 -3.029591e+03 1.200830e+05 4.259145e+03 8.883627e+03 -8.359312e+03 6.483134e+03 -2.806305e+04 -3.120412e+03 3.339906e+03 -1.368417e+05 -8.374647e+03 -5.616439e+03 -2.898692e+03 6.722675e+03 -3.982025e+03 -1.368305e+05 -2.149324e+04 2.012213e+03
-5.959596e-03 1.022920e+04 7.718388e+03 3.622147e+03 -6.517099e+03 -4.578336e+03 -1.659364e+05 -2.496445e+04 2.577871e+03 3.533890e+03 6.390676e+03 -7.907402e+03 5.278730e+03 2.508732e+04 2.482506e+03 -3.145163e+03 1.277886e+05 4.329477e+03 7.434057e+03 -8.984863e+03 6.846716e+03 -2.859697e+04 -3.140913e+03 3.472475e+03 -1.456246e+05 -9.001287e+03 -5.942037e+03 -2.946443e+03 5.602502e+03 -4.129509e+03 -1.456126e+05 -2.190065e+04 2.021862e+03
-5.757576e-03 1.099910e+04 8.171584e+03 3.684147e+03 -4.989613e+03 -4.754950e+03 -1.766959e+05 -2.539456e+04 2.593574e+03 3.589968e+03 4.858990e+03 -8.498854e+03 5.587522e+03 2.552108e+04 2.492017e+03 -3.265876e+03 1.360713e+05 4.401010e+03 5.693581e+03 -9.659098e+03 7.242280e+03 -2.909163e+04 -3.159353e+03 3.610961e+03 -1.550652e+05 -9.676701e+03 -6.296049e+03 -2.994993e+03 4.258240e+03 -4.283564e+03 -1.550524e+05 -2.227779e+04 2.029794e+03
-5.555556e-03 1.182879e+04 8.665748e+03 3.747326e+03 -3.163986e+03 -4.939311e+03 -1.882603e+05 -2.578063e+04 2.607404e+03 3.646740e+03 3.029047e+03 -9.136174e+03 5.924173e+03 2.591084e+04 2.499150e+03 -3.391854e+03 1.449733e+05 4.473691e+03 3.613329e+03 -1.038566e+04 7.673703e+03 -2.953615e+04 -3.175454e+03 3.755512e+03 -1.652119e+05 -1.040454e+04 -6.681898e+03 -3.044302e+03 2.652270e+03 -4.444353e+03 -1.651982e+05 -2.261627e+04 2.035797e+03
-5.353535e-03 1.272264e+04 9.206009e+03 3.811655e+03 -9.898888e+02 -5.131571e+03 -2.006870e+05 -2.611159e+04 2.619127e+03 3.704134e+03 8.505259e+02 -9.822695e+03 6.292165e+03 2.624551e+04 2.503629e+03 -3.523195e+03 1.545392e+05 4.547459e+03 1.135940e+03 -1.116834e+04 8.145483e+03 -2.991789e+04 -3.188923e+03 3.906246e+03 -1.761152e+05 -1.118861e+04 -7.103557e+03 -3.094329e+03 7.404373e+02 -4.612003e+03 -1.761005e+05 -2.290641e+04 2.039649e+03
-5.151515e-03 1.368515e+04 9.798356e+03 3.877104e+03 1.591880e+03 -5.331838e+03 -2.140358e+05 -2.637472e+04 2.628503e+03 3.762071e+03 -1.735766e+03 -1.056188e+04 6.695565e+03 2.651232e+04 2.505162e+03 -3.659968e+03 1.648148e+05 4.622250e+03 -1.806058e+03 -1.201110e+04 8.662875e+03 -3.022231e+04 -3.199453e+03 4.063244e+03 -1.878276e+05 -1.203287e+04 -7.565661e+03 -3.145028e+03 -1.529194e+03 -4.786603e+03 -1.878118e+05 -2.313702e+04 2.041118e+03
-4.949495e-03 1.472096e+04 1.044983e+04 3.943645e+03 4.651142e+03 -5.540160e+03 -2.283682e+05 -2.655542e+04 2.635285e+03 3.820469e+03 -4.799640e+03 -1.135727e+04 7.139155e+03 2.669668e+04 2.503448e+03 -3.802197e+03 1.758475e+05 4.697999e+03 -5.292239e+03 -1.291799e+04 9.232053e+03 -3.043275e+04 -3.206731e+03 4.226542e+03 -2.004030e+05 -1.294139e+04 -8.073659e+03 -3.196353e+03 -4.217877e+03 -4.968188e+03 -2.003861e+05 -2.329530e+04 2.039965e+03
-4.747475e-03 1.583481e+04 1.116876e+04 4.011254e+03 8.270504e+03 -5.756513e+03 -2.437470e+05 -2.663713e+04 2.639228e+03 3.879250e+03 -8.423692e+03 -1.221252e+04 7.628593e+03 2.678198e+04 2.498181e+03 -3.949859e+03 1.876855e+05 4.774646e+03 -9.416753e+03 -1.389315e+04 9.860331e+03 -3.053029e+04 -3.210442e+03 4.396119e+03 -2.138964e+05 -1.391832e+04 -8.634001e+03 -3.248260e+03 -7.398083e+03 -5.156733e+03 -2.138782e+05 -2.336673e+04 2.035952e+03
-4.545455e-03 1.703147e+04 1.196510e+04 4.079924e+03 1.254808e+04 -5.980787e+03 -2.602356e+05 -2.660123e+04 2.640097e+03 3.938340e+03 -1.270603e+04 -1.313127e+04 8.170636e+03 2.674955e+04 2.489061e+03 -4.102870e+03 2.003777e+05 4.852143e+03 -1.429142e+04 -1.494075e+04 1.055644e+04 -3.049366e+04 -3.210279e+03 4.571887e+03 -2.283635e+05 -1.496784e+04 -9.254384e+03 -3.300716e+03 -1.115589e+04 -5.352133e+03 -2.283439e+05 -2.333497e+04 2.028844e+03
-4.343434e-03 1.831572e+04 1.285083e+04 4.149672e+03 1.760099e+04 -6.212768e+03 -2.778978e+05 -2.642694e+04 2.637680e+03 3.997686e+03 -1.776374e+04 -1.411719e+04 8.773425e+03 2.657858e+04 2.475801e+03 -4.261072e+03 2.139733e+05 4.930469e+03 -2.004972e+04 -1.606497e+04 1.133090e+04 -3.029913e+04 -3.205956e+03 4.753673e+03 -2.438602e+05 -1.609415e+04 -9.944085e+03 -3.353703e+03 -1.559405e+04 -5.554192e+03 -2.438392e+05 -2.318179e+04 2.018420e+03
-4.141414e-03 1.969233e+04 1.384055e+04 4.220556e+03 2.356986e+04 -6.452116e+03 -2.967972e+05 -2.609145e+04 2.631799e+03 4.057265e+03 -2.373746e+04 -1.517393e+04 9.446872e+03 2.624621e+04 2.458141e+03 -4.424224e+03 2.285211e+05 5.009647e+03 -2.685194e+04 -1.726997e+04 1.219651e+04 -2.992063e+04 -3.197230e+03 4.941208e+03 -2.604425e+05 -1.730143e+04 -1.071440e+04 -3.407237e+03 -2.083593e+04 -5.762607e+03 -2.604199e+05 -2.288717e+04 2.004488e+03
-3.939394e-03 2.116602e+04 1.495224e+04 4.292703e+03 3.062491e+04 -6.698349e+03 -3.169981e+05 -2.557008e+04 2.622339e+03 4.117115e+03 -3.079738e+04 -1.630512e+04 1.020320e+04 2.572770e+04 2.435869e+03 -4.591985e+03 2.440707e+05 5.089776e+03 -3.489205e+04 -1.855989e+04 1.316907e+04 -2.932998e+04 -3.183920e+03 5.134112e+03 -2.781667e+05 -1.859383e+04 -1.157924e+04 -3.461384e+03 -2.703089e+04 -5.976946e+03 -2.781423e+05 -2.242947e+04 1.986897e+03
-3.737374e-03 2.274164e+04 1.620839e+04 4.366345e+03 3.897422e+04 -6.950817e+03 -3.385667e+05 -2.483675e+04 2.609268e+03 4.177361e+03 -3.915160e+04 -1.751447e+04 1.105769e+04 2.499689e+04 2.408845e+03 -4.763898e+03 2.606729e+05 5.171077e+03 -4.440723e+04 -1.993895e+04 1.426832e+04 -2.849736e+04 -3.165944e+03 5.331870e+03 -2.970908e+05 -1.997559e+04 -1.255603e+04 -3.516290e+03 -3.436149e+04 -6.196634e+03 -2.970645e+05 -2.178580e+04 1.965562e+03
-3.535354e-03 2.442431e+04 1.763758e+04 4.441885e+03 4.887547e+04 -7.208683e+03 -3.615747e+05 -2.386471e+04 2.592687e+03 4.238280e+03 -4.905779e+04 -1.880593e+04 1.202975e+04 2.402699e+04 2.377038e+03 -4.939379e+03 2.783831e+05 5.253958e+03 -5.569115e+04 -2.141165e+04 1.551934e+04 -2.739222e+04 -3.143364e+03 5.533823e+03 -3.172779e+05 -2.145123e+04 -1.366687e+04 -3.572234e+03 -4.305386e+04 -6.420930e+03 -3.172495e+05 -2.093270e+04 1.940492e+03
-3.333333e-03 2.622006e+04 1.927685e+04 4.519985e+03 6.065316e+04 -7.470895e+03 -3.861077e+05 -2.262785e+04 2.572876e+03 4.300379e+03 -6.084049e+04 -2.018411e+04 1.314457e+04 2.279180e+04 2.340564e+03 -5.117699e+03 2.972671e+05 5.339131e+03 -6.911362e+04 -2.298323e+04 1.695465e+04 -2.598471e+04 -3.116453e+03 5.739141e+03 -3.388030e+05 -2.302604e+04 -1.494046e+04 -3.629698e+03 -5.339271e+04 -6.648908e+03 -3.387724e+05 -1.984726e+04 1.911830e+03
-3.131313e-03 2.813680e+04 2.117534e+04 4.601733e+03 7.472480e+04 -7.736166e+03 -4.122804e+05 -2.110270e+04 2.550386e+03 4.364543e+03 -7.491727e+04 -2.165511e+04 1.443555e+04 2.126780e+04 2.299762e+03 -5.297967e+03 3.174131e+05 5.427789e+03 -8.515049e+04 -2.466063e+04 1.861737e+04 -2.424801e+04 -3.085787e+03 5.946810e+03 -3.617668e+05 -2.470698e+04 -1.641485e+04 -3.689492e+03 -6.574447e+04 -6.879439e+03 -3.617336e+05 -1.850890e+04 1.879910e+03
-2.929293e-03 3.018646e+04 2.340014e+04 4.688902e+03 9.164297e+04 -8.002949e+03 -4.402663e+05 -1.927168e+04 2.526160e+03 4.432268e+03 -9.184082e+04 -2.322810e+04 1.594830e+04 1.943736e+04 2.255285e+03 -5.479120e+03 3.389548e+05 5.521910e+03 -1.044315e+05 -2.645427e+04 2.056639e+04 -2.216200e+04 -3.052395e+03 6.155612e+03 -3.863214e+05 -2.650454e+04 -1.814200e+04 -3.752962e+03 -8.059407e+04 -7.111171e+03 -3.862855e+05 -1.690220e+04 1.845340e+03
-2.727273e-03 3.238895e+04 2.604613e+04 4.784425e+03 1.121661e+05 -8.269412e+03 -4.703548e+05 -1.712840e+04 2.501745e+03 4.506085e+03 -1.123697e+05 -2.491839e+04 1.774735e+04 1.729402e+04 2.208258e+03 -5.659906e+03 3.621150e+05 5.624804e+03 -1.278210e+05 -2.838157e+04 2.288498e+04 -1.971935e+04 -3.017995e+03 6.364104e+03 -4.127210e+05 -2.843622e+04 -2.019543e+04 -3.822355e+03 -9.860715e+04 -7.342515e+03 -4.126820e+05 -1.502154e+04 1.809143e+03
-2.525253e-03 3.478010e+04 2.925369e+04 4.893284e+03 1.373857e+05 -8.533408e+03 -5.030645e+05 -1.468673e+04 2.479666e+03 4.590349e+03 -1.375960e+05 -2.675355e+04 1.992816e+04 1.485167e+04 2.160549e+03 -5.838871e+03 3.872930e+05 5.742125e+03 -1.565631e+05 -3.047391e+04 2.569636e+04 -1.693588e+04 -2.985428e+03 6.570591e+03 -4.414205e+05 -3.053351e+04 -2.268392e+04 -3.901515e+03 -1.207418e+05 -7.571622e+03 -4.413780e+05 -1.287910e+04 1.772986e+03
-2.323232e-03 3.742838e+04 3.324309e+04 5.024322e+03 1.689747e+05 -8.792427e+03 -5.393800e+05 -1.199784e+04 2.464167e+03 4.692848e+03 -1.691930e+05 -2.878621e+04 2.264055e+04 1.216154e+04 2.115294e+03 -6.014328e+03 4.152466e+05 5.883941e+03 -1.925642e+05 -3.279120e+04 2.919380e+04 -1.386997e+04 -2.959498e+03 6.773087e+03 -4.732840e+05 -3.285655e+04 -2.577818e+04 -3.997280e+03 -1.484665e+05 -7.796357e+03 -4.732374e+05 -1.051977e+04 1.739646e+03
-2.121212e-03 4.047291e+04 3.838868e+04 5.194317e+03 2.097233e+05 -9.043483e+03 -5.812922e+05 -9.186049e+03 2.462848e+03 4.828415e+03 -2.099523e+05 -3.112333e+04 2.613916e+04 9.348199e+03 2.078052e+03 -6.184310e+03 4.475086e+05 6.069397e+03 -2.390043e+05 -3.545524e+04 3.370582e+04 -1.066360e+04 -2.948846e+03 6.969211e+03 -5.100583e+05 -3.552751e+04 -2.976840e+04 -4.122652e+03 -1.842305e+05 -8.014236e+03 -5.100069e+05 -8.052633e+03 1.714017e+03
-1.919192e-03 4.422321e+04 4.540448e+04 5.438621e+03 2.648787e+05 -9.282806e+03 -6.332129e+05 -6.538839e+03 2.490925e+03 5.028353e+03 -2.651232e+05 -3.400282e+04 3.090973e+04 6.699677e+03 2.059793e+03 -6.346406e+03 4.874754e+05 6.338867e+03 -3.018634e+05 -3.873700e+04 3.985898e+04 -7.645074e+03 -2.970801e+03 7.155920e+03 -5.556148e+05 -3.881816e+04 -3.520810e+04 -4.305045e+03 -2.326400e+05 -8.222249e+03 -5.555570e+05 -5.729907e+03 1.705731e+03
-1.717172e-03 4.948284e+04 5.592389e+04 5.845735e+03 3.463226e+05 -9.504771e+03 -7.065690e+05 -4.795053e+03 2.585085e+03 5.371059e+03 -3.465931e+05 -3.804233e+04 3.806343e+04 4.956354e+03 2.086611e+03 -6.497190e+03 5.439437e+05 6.793443e+03 -3.946825e+05 -4.333995e+04 4.908653e+04 -5.658285e+03 -3.067180e+03 7.328562e+03 -6.199800e+05 -4.343400e+04 -4.336363e+04 -4.613087e+03 -3.041255e+05 -8.416208e+03 -6.199131e+05 -4.199804e+03 1.737682e+03
-1.515152e-03 5.910608e+04 7.519026e+04 6.724056e+03 4.918915e+05 -9.696432e+03 -8.418969e+05 -6.542468e+03 2.870557e+03 6.129711e+03 -4.922167e+05 -4.543555e+04 5.116742e+04 6.711495e+03 2.246805e+03 -6.629288e+03 6.481192e+05 7.785417e+03 -5.605826e+05 -5.176290e+04 6.598931e+04 -7.659074e+03 -3.380722e+03 7.476092e+03 -7.387229e+05 -5.188081e+04 -5.830029e+04 -5.285919e+03 -4.319029e+05 -8.587403e+03 -7.386390e+05 -5.732675e+03 1.887333e+03
-1.313131e-03 1.004850e+05 1.496104e+05 1.102017e+04 1.033754e+06 -9.755341e+03 -1.428113e+06 -3.686120e+04 4.537875e+03 9.914081e+03 -1.034329e+06 -7.723511e+04 1.017943e+05 3.709894e+04 3.377756e+03 -6.686983e+03 1.099399e+06 1.268060e+04 -1.178121e+06 -8.798645e+04 1.312873e+05 -4.229540e+04 -5.268265e+03 7.509109e+03 -1.253101e+06 -8.820617e+04 -1.160000e+05 -8.608255e+03 -9.075816e+05 -8.671900e+03 -1.252945e+06 -3.233217e+04 2.889420e+03
-1.111111e-03 6.967534e+04 1.174512e+05 7.454561e+03 8.301798e+05 -1.008889e+04 -9.885393e+05 5.530799e+03 2.985096e+03 6.733890e+03 -8.305910e+05 -5.355141e+04 7.990276e+04 -5.380748e+03 2.229469e+03 -6.890811e+03 7.610007e+05 8.594872e+03 -9.461209e+05 -6.101193e+04 1.030666e+05 6.123421e+03 -3.485234e+03 7.784557e+03 -8.673914e+05 -6.115523e+04 -9.105351e+04 -5.834004e+03 -7.288074e+05 -8.921318e+03 -8.672891e+05 4.859962e+03 1.892164e+03
-9.090909e-04 3.976197e+04 7.729745e+04 4.175808e+03 5.531009e+05 -1.034614e+04 -5.633624e+05 3.775866e+04 1.634306e+03 3.807441e+03 -5.533490e+05 -3.055969e+04 5.257948e+04 -3.767466e+04 1.248147e+03 -7.048500e+03 4.336883e+05 4.836164e+03 -6.303477e+05 -3.482176e+04 6.783151e+04 4.293242e+04 -1.931695e+03 7.995478e+03 -4.943173e+05 -3.489505e+04 -5.991621e+04 -3.282391e+03 -4.855381e+05 -9.115760e+03 -4.942648e+05 3.313468e+04 1.041955e+03
-7.070707e-04 5.298523e+03 6.118549e+03 5.805472e+02 2.742369e+04 -1.054527e+04 -7.509748e+04 6.310648e+04 2.335077e+02 6.004281e+02 -2.744466e+04 -4.073746e+03 4.160455e+03 -6.307415e+04 2.542417e+02 -7.170481e+03 5.781251e+04 7.153663e+02 -3.125306e+04 -4.647854e+03 5.373994e+03 7.188309e+04 -3.205535e+02 8.158042e+03 -6.588931e+04 -4.643888e+03 -4.736270e+03 -4.855865e+02 -2.408196e+04 -9.266886e+03 -6.589191e+04 5.537326e+04 1.811729e+02
-5.050505e-04 1.332531e+06 4.970639e+06 1.337894e+05 3.801986e+07 -8.882164e+03 -1.883313e+07 -4.392700e+05 5.024696e+04 1.185149e+05 -3.803506e+07 -1.024013e+06 3.380559e+06 4.403602e+05 3.425418e+04 -6.314491e+03 1.449734e+07 1.528539e+05 -4.333203e+07 -1.166628e+06 4.361282e+06 -5.019407e+05 -5.730673e+04 6.692973e+03 -1.652433e+07 -1.169635e+06 -3.852890e+06 -1.037300e+05 -3.337225e+07 -8.298214e+03 -1.652293e+07 -3.853780e+05 3.002469e+04
-3.030303e-04 2.022043e+02 -7.120731e+03 3.758419e+01 -7.258395e+04 -1.069513e+04 -2.915484e+03 6.715000e+04 1.975827e+01 7.088852e+01 7.260186e+04 -1.562344e+02 -4.844655e+03 -6.712305e+04 5.459939e+01 -7.270918e+03 2.244931e+03 6.567293e+01 8.272231e+04 -1.810250e+02 -6.244621e+03 7.649796e+04 -4.621011e+01 8.274088e+03 -2.556018e+03 -1.743853e+02 5.524740e+03 -4.461624e+01 6.370381e+04 -9.396795e+03 -2.560641e+03 5.892088e+04 2.966592e+01
-1.010101e-04 2.442711e+03 3.655210e+04 2.475021e+02 2.664738e+05 -1.072322e+04 -3.451695e+04 6.727041e+04 9.228874e+01 2.316932e+02 -2.665654e+05 -1.877324e+03 2.485593e+04 -6.724304e+04 7.571840e+01 -7.290107e+03 2.657174e+04 2.903133e+02 -3.036921e+05 -2.139854e+03 3.207556e+04 7.663470e+04 -1.131010e+02 8.295589e+03 -3.028603e+04 -2.143004e+03 -2.832453e+04 -1.970067e+02 -2.338972e+05 -9.421813e+03 -3.028377e+04 5.902654e+04 6.033903e+01
1.010101e-04 -2.442711e+03 3.655210e+04 -2.475021e+02 2.664738e+05 -1.072322e+04 3.451695e+04 6.727041e+04 -9.228874e+01 -2.316932e+02 -2.665654e+05 1.877324e+03 2.485593e+04 -6.724304e+04 -7.571840e+01 -7.290107e+03 -2.657174e+04 -2.903133e+02 -3.036921e+05 2.139854e+03 3.207556e+04 7.663470e+04 1.131010e+02 8.295589e+03 3.028603e+04 2.143004e+03 -2.832453e+04 1.970067e+02 -2.338972e+05 -9.421813e+03 3.028377e+04 5.902654e+04 -6.033903e+01
3.030303e-04 -2.022043e+02 -7.120731e+03 -3.758419e+01 -7.258395e+04 -1.069513e+04 2.915484e+03 6.715000e+04 -1.975827e+01 -7.088852e+01 7.260186e+04 1.562344e+02 -4.844655e+03 -6.712305e+04 -5.459939e+01 -7.270918e+03 -2.244931e+03 -6.567293e+01 8.272231e+04 1.810250e+02 -6.244621e+03 7.649796e+04 4.621011e+01 8.274088e+03 2.556018e+03 1.743853e+02 5.524740e+03 4.461624e+01 6.370381e+04 -9.396795e+03 2.560641e+03 5.892088e+04 -2.966592e+01
5.050505e-04 -1.332531e+06 4.970639e+06 -1.337894e+05 3.801986e+07 -8.882164e+03 1.883313e+07 -4.392700e+05 -5.024696e+04 -1.185149e+05 -3.803506e+07 1.024013e+06 3.380559e+06 4.403602e+05 -3.425418e+04 -6.314491e+03 -1.449734e+07 -1.528539e+05 -4.333203e+07 1.166628e+06 4.361282e+06 -5.019407e+05 5.730673e+04 6.692973e+03 1.652433e+07 1.169635e+06 -3.852890e+06 1.037300e+05 -3.337225e+07 -8.298214e+03 1.652293e+07 -3.853780e+05 -3.002469e+04
7.070707e-04 -5.298523e+03 6.118549e+03 -5.805472e+02 2.742369e+04 -1.054527e+04 7.509748e+04 6.310648e+04 -2.335077e+02 -6.004281e+02 -2.744466e+04 4.073746e+03 4.160455e+03 -6.307415e+04 -2.542417e+02 -7.170481e+03 -5.781251e+04 -7.153663e+02 -3.125306e+04 4.647854e+03 5.373994e+03 7.188309e+04 3.205535e+02 8.158042e+03 6.588931e+04 4.643888e+03 -4.736270e+03 4.855865e+02 -2.408196e+04 -9.266886e+03 6.589191e+04 5.537326e+04 -1.811729e+02
9.090909e-04 -3.976197e+04 7.729745e+04 -4.175808e+03 5.531009e+05 -1.034614e+04 5.633624e+05 3.775866e+04 -1.634306e+03 -3.807441e+03 -5.533490e+05 3.055969e+04 5.257948e+04 -3.767466e+04 -1.248147e+03 -7.048500e+03 -4.336883e+05 -4.836164e+03 -6.303477e+05 3.482176e+04 6.783151e+04 4.293242e+04 1.931695e+03 7.995478e+03 4.943173e+05 3.489505e+04 -5.991621e+04 3.282391e+03 -4.855381e+05 -9.115760e+03 4.942648e+05 3.313468e+04 -1.041955e+03
1.111111e-03 -6.967534e+04 1.174512e+05 -7.454561e+03 8.301798e+05 -1.008889e+04 9.885393e+05 5.530799e+03 -2.985096e+03 -6.733890e+03 -8.305910e+05 5.355141e+04 7.990276e+04 -5.380748e+03 -2.229469e+03 -6.890811e+03 -7.610007e+05 -8.594872e+03 -9.461209e+05 6.101193e+04 1.030666e+05 6.123421e+03 3.485234e+03 7.784557e+03 8.673914e+05 6.115523e+04 -9.105351e+04 5.834004e+03 -7.288074e+05 -8.921318e+03 8.672891e+05 4.859962e+03 -1.892164e+03
1.313131e-03 -1.004850e+05 1.496104e+05 -1.102017e+04 1.033754e+06 -9.755341e+03 1.428113e+06 -3.686120e+04 -4.537875e+03 -9.914081e+03 -1.034329e+06 7.723511e+04 1.017943e+05 3.709894e+04 -3.377756e+03 -6.686983e+03 -1.099399e+06 -1.268060e+04 -1.178121e+06 8.798645e+04 1.312873e+05 -4.229540e+04 5.268265e+03 7.509109e+03 1.253101e+06 8.820617e+04 -1.160000e+05 8.608255e+03 -9.075816e+05 -8.671900e+03 1.252945e+06 -3.233217e+04 -2.889420e+03
1.515152e-03 -5.910608e+04 7.519026e+04 -6.724056e+03 4.918915e+05 -9.696432e+03 8.418969e+05 -6.542468e+03 -2.870557e+03 -6.129711e+03 -4.922167e+05 4.543555e+04 5.116742e+04 6.711495e+03 -2.246805e+03 -6.629288e+03 -6.481192e+05 -7.785417e+03 -5.605826e+05 5.176290e+04 6.598931e+04 -7.659074e+03 3.380722e+03 7.476092e+03 7.387229e+05 5.188081e+04 -5.830029e+04 5.285919e+03 -4.319029e+05 -8.587403e+03 7.386390e+05 -5.732675e+03 -1.887333e+03
1.717172e-03 -4.948284e+04 5.592389e+04 -5.845735e+03 3.463226e+05 -9.504771e+03 7.065690e+05 -4.795053e+03 -2.585085e+03 -5.371059e+03 -3.465931e+05 3.804233e+04 3.806343e+04 4.956354e+03 -2.086611e+03 -6.497190e+03 -5.439437e+05 -6.793443e+03 -3.946825e+05 4.333995e+04 4.908653e+04 -5.658285e+03 3.067180e+03 7.328562e+03 6.199800e+05 4.343400e+04 -4.336363e+04 4.613087e+03 -3.041255e+05 -8.416208e+03 6.199131e+05 -4.199804e+03 -1.737682e+03
1.919192e-03 -4.422321e+04 4.540448e+04 -5.438621e+03 2.648787e+05 -9.282806e+03 6.332129e+05 -6.538839e+03 -2.490925e+03 -5.028353e+03 -2.651232e+05 3.400282e+04 3.090973e+04 6.699677e+03 -2.059793e+03 -6.346406e+03 -4.874754e+05 -6.338867e+03 -3.018634e+05 3.873700e+04 3.985898e+04 -7.645074e+03 2.970801e+03 7.155920e+03 5.556148e+05 3.881816e+04 -3.520810e+04 4.305045e+03 -2.326400e+05 -8.222249e+03 5.555570e+05 -5.729907e+03 -1.705731e+03
2.121212e-03 -4.047291e+04 3.838868e+04 -5.194317e+03 2.097233e+05 -9.043483e+03 5.812922e+05 -9.186049e+03 -2.462848e+03 -4.828415e+03 -2.099523e+05 3.112333e+04 2.613916e+04 9.348199e+03 -2.078052e+03 -6.184310e+03 -4.475086e+05 -6.069397e+03 -2.390043e+05 3.545524e+04 3.370582e+04 -1.066360e+04 2.948846e+03 6.969211e+03 5.100583e+05 3.552751e+04 -2.976840e+04 4.122652e+03 -1.842305e+05 -8.014236e+03 5.100069e+05 -8.052633e+03 -1.714017e+03
2.323232e-03 -3.742838e+04 3.324309e+04 -5.024322e+03 1.689747e+05 -8.792427e+03 5.393800e+05 -1.199784e+04 -2.464167e+03 -4.692848e+03 -1.691930e+05 2.878621e+04 2.264055e+04 1.216154e+04 -2.115294e+03 -6.014328e+03 -4.152466e+05 -5.883941e+03 -1.925642e+05 3.279120e+04 2.919380e+04 -1.386997e+04 2.959498e+03 6.773087e+03 4.732840e+05 3.285655e+04 -2.577818e+04 3.997280e+03 -1.484665e+05 -7.796357e+03 4.732374e+05 -1.051977e+04 -1.739646e+03
2.525253e-03 -3.478010e+04 2.925369e+04 -4.893284e+03 1.373857e+05 -8.533408e+03 5.030645e+05 -1.468673e+04 -2.479666e+03 -4.590349e+03 -1.375960e+05 2.675355e+04 1.992816e+04 1.485167e+04 -2.160549e+03 -5.838871e+03 -3.872930e+05 -5.742125e+03 -1.565631e+05 3.047391e+04 2.569636e+04 -1.693588e+04 2.985428e+03 6.570591e+03 4.414205e+05 3.053351e+04 -2.268392e+04 3.901515e+03 -1.207418e+05 -7.571622e+03 4.413780e+05 -1.287910e+04 -1.772986e+03
2.727273e-03 -3.238895e+04 2.604613e+04 -4.784425e+03 1.121661e+05 -8.269412e+03 4.703548e+05 -1.712840e+04 -2.501745e+03 -4.506085e+03 -1.123697e+05 2.491839e+04 1.774735e+04 1.729402e+04 -2.208258e+03 -5.659906e+03 -3.621150e+05 -5.624804e+03 -1.278210e+05 2.838157e+04 2.288498e+04 -1.971935e+04 3.017995e+03 6.364104e+03 4.127210e+05 2.843622e+04 -2.019543e+04 3.822355e+03 -9.860715e+04 -7.342515e+03 4.126820e+05 -1.502154e+04 -1.809143e+03
2.929293e-03 -3.018646e+04 2.340014e+04 -4.688902e+03 9.164297e+04 -8.002949e+03 4.402663e+05 -1.927168e+04 -2.526160e+03 -4.432268e+03 -9.184082e+04 2.322810e+04 1.594830e+04 1.943736e+04 -2.255285e+03 -5.479120e+03 -3.389548e+05 -5.521910e+03 -1.044315e+05 2.645427e+04 2.056639e+04 -2.216200e+04 3.052395e+03 6.155612e+03 3.863214e+05 2.650454e+04 -1.814200e+04 3.752962e+03 -8.059407e+04 -7.111171e+03 3.862855e+05 -1.690220e+04 -1.845340e+03
3.131313e-03 -2.813680e+04 2.117534e+04 -4.601733e+03 7.472480e+04 -7.736166e+03 4.122804e+05 -2.110270e+04 -2.550386e+03 -4.364543e+03 -7.491727e+04 2.165511e+04 1.443555e+04 2.126780e+04 -2.299762e+03 -5.297967e+03 -3.174131e+05 -5.427789e+03 -8.515049e+04 2.466063e+04 1.861737e+04 -2.424801e+04 3.085787e+03 5.946810e+03 3.617668e+05 2.470698e+04 -1.641485e+04 3.689492e+03 -6.574447e+04 -6.879439e+03 3.617336e+05 -1.850890e+04 -1.879910e+03
3.333333e-03 -2.622006e+04 1.927685e+04 -4.519985e+03 6.065316e+04 -7.470895e+03 3.861077e+05 -2.262785e+04 -2.572876e+03 -4.300379e+03 -6.084049e+04 2.018411e+04 1.314457e+04 2.279180e+04 -2.340564e+03 -5.117699e+03 -2.972671e+05 -5.339131e+03 -6.911362e+04 2.298323e+04 1.695465e+04 -2.598471e+04 3.116453e+03 5.739141e+03 3.388030e+05 2.302604e+04 -1.494046e+04 3.629698e+03 -5.339271e+04 -6.648908e+03 3.387724e+05 -1.984726e+04 -1.911830e+03
3.535354e-03 -2.442431e+04 1.763758e+04 -4.441885e+03 4.887547e+04 -7.208683e+03 3.615747e+05 -2.386471e+04 -2.592687e+03 -4.238280e+03 -4.905779e+04 1.880593e+04 1.202975e+04 2.402699e+04 -2.377038e+03 -4.939379e+03 -2.783831e+05 -5.253958e+03 -5.569115e+04 2.141165e+04 1.551934e+04 -2.739222e+04 3.143364e+03 5.533823e+03 3.172779e+05 2.145123e+04 -1.366687e+04 3.572234e+03 -4.305386e+04 -6.420930e+03 3.172495e+05 -2.093270e+04 -1.940492e+03
3.737374e-03 -2.274164e+04 1.620839e+04 -4.366345e+03 3.897422e+04 -6.950817e+03 3.385667e+05 -2.483675e+04 -2.609268e+03 -4.177361e+03 -3.915160e+04 1.751447e+04 1.105769e+04 2.499689e+04 -2.408845e+03 -4.763898e+03 -2.606729e+05 -5.171077e+03 -4.440723e+04 1.993895e+04 1.426832e+04 -2.849736e+04 3.165944e+03 5.331870e+03 2.970908e+05 1.997559e+04 -1.255603e+04 3.516290e+03 -3.436149e+04 -6.196634e+03 2.970645e+05 -2.178580e+04 -1.965562e+03
3.939394e-03 -2.116602e+04 1.495224e+04 -4.292703e+03 3.062491e+04 -6.698349e+03 3.169981e+05 -2.557008e+04 -2.622339e+03 -4.117115e+03 -3.079738e+04 1.630512e+04 1.020320e+04 2.572770e+04 -2.435869e+03 -4.591985e+03 -2.440707e+05 -5.089776e+03 -3.489205e+04 1.855989e+04 1.316907e+04 -2.932998e+04 3.183920e+03 5.134112e+03 2.781667e+05 1.859383e+04 -1.157924e+04 3.461384e+03 -2.703089e+04 -5.976946e+03 2.781423e+05 -2.242947e+04 -1.986897e+03
4.141414e-03 -1.969233e+04 1.384055e+04 -4.220556e+03 2.356986e+04 -6.452116e+03 2.967972e+05 -2.609145e+04 -2.631799e+03 -4.057265e+03 -2.373746e+04 1.517393e+04 9.446872e+03 2.624621e+04 -2.458141e+03 -4.424224e+03 -2.285211e+05 -5.009647e+03 -2.685194e+04 1.726997e+04 1.219651e+04 -2.992063e+04 3.197230e+03 4.941208e+03 2.604425e+05 1.730143e+04 -1.071440e+04 3.407237e+03 -2.083593e+04 -5.762607e+03 2.604199e+05 -2.288717e+04 -2.004488e+03
4.343434e-03 -1.831572e+04 1.285083e+04 -4.149672e+03 1.760099e+04 -6.212768e+03 2.778978e+05 -2.642694e+04 -2.637680e+03 -3.997686e+03 -1.776374e+04 1.411719e+04 8.773425e+03 2.657858e+04 -2.475801e+03 -4.261072e+03 -2.139733e+05 -4.930469e+03 -2.004972e+04 1.606497e+04 1.133090e+04 -3.029913e+04 3.205956e+03 4.753673e+03 2.438602e+05 1.609415e+04 -9.944085e+03 3.353703e+03 -1.559405e+04 -5.554192e+03 2.438392e+05 -2.318179e+04 -2.018420e+03
4.545455e-03 -1.703147e+04 1.196510e+04 -4.079924e+03 1.254808e+04 -5.980787e+03 2.602356e+05 -2.660123e+04 -2.640097e+03 -3.938340e+03 -1.270603e+04 1.313127e+04 8.170636e+03 2.674955e+04 -2.489061e+03 -4.102870e+03 -2.003777e+05 -4.852143e+03 -1.429142e+04 1.494075e+04 1.055644e+04 -3.049366e+04 3.210279e+03 4.571887e+03 2.283635e+05 1.496784e+04 -9.254384e+03 3.300716e+03 -1.115589e+04 -5.352133e+03 2.283439e+05 -2.333497e+04 -2.028844e+03
4.747475e-03 -1.583481e+04 1.116876e+04 -4.011254e+03 8.270504e+03 -5.756513e+03 2.437470e+05 -2.663713e+04 -2.639228e+03 -3.879250e+03 -8.423692e+03 1.221252e+04 7.628593e+03 2.678198e+04 -2.498181e+03 -3.949859e+03 -1.876855e+05 -4.774646e+03 -9.416753e+03 1.389315e+04 9.860331e+03 -3.053029e+04 3.210442e+03 4.396119e+03 2.138964e+05 1.391832e+04 -8.634001e+03 3.248260e+03 -7.398083e+03 -5.156733e+03 2.138782e+05 -2.336673e+04 -2.035952e+03
4.949495e-03 -1.472096e+04 1.044983e+04 -3.943645e+03 4.651142e+03 -5.540160e+03 2.283682e+05 -2.655542e+04 -2.635285e+03 -3.820469e+03 -4.799640e+03 1.135727e+04 7.139155e+03 2.669668e+04 -2.503448e+03 -3.802197e+03 -1.758475e+05 -4.697999e+03 -5.292239e+03 1.291799e+04 9.232053e+03 -3.043275e+04 3.206731e+03 4.226542e+03 2.004030e+05 1.294139e+04 -8.073659e+03 3.196353e+03 -4.217877e+03 -4.968188e+03 2.003861e+05 -2.329530e+04 -2.039965e+03
5.151515e-03 -1.368515e+04 9.798356e+03 -3.877104e+03 1.591880e+03 -5.331838e+03 2.140358e+05 -2.637472e+04 -2.628503e+03 -3.762071e+03 -1.735766e+03 1.056188e+04 6.695565e+03 2.651232e+04 -2.505162e+03 -3.659968e+03 -1.648148e+05 -4.622250e+03 -1.806058e+03 1.201110e+04 8.662875e+03 -3.022231e+04 3.199453e+03 4.063244e+03 1.878276e+05 1.203287e+04 -7.565661e+03 3.145028e+03 -1.529194e+03 -4.786603e+03 1.878118e+05 -2.313702e+04 -2.041118e+03
5.353535e-03 -1.272264e+04 9.206009e+03 -3.811655e+03 -9.898888e+02 -5.131571e+03 2.006870e+05 -2.611159e+04 -2.619127e+03 -3.704134e+03 8.505259e+02 9.822695e+03 6.292165e+03 2.624551e+04 -2.503629e+03 -3.523195e+03 -1.545392e+05 -4.547459e+03 1.135940e+03 1.116834e+04 8.145483e+03 -2.991789e+04 3.188923e+03 3.906246e+03 1.761152e+05 1.118861e+04 -7.103557e+03 3.094329e+03 7.404373e+02 -4.612003e+03 1.761005e+05 -2.290641e+04 -2.039649e+03
5.555556e-03 -1.182879e+04 8.665748e+03 -3.747326e+03 -3.163986e+03 -4.939311e+03 1.882603e+05 -2.578063e+04 -2.607404e+03 -3.646740e+03 3.029047e+03 9.136174e+03 5.924173e+03 2.591084e+04 -2.499150e+03 -3.391854e+03 -1.449733e+05 -4.473691e+03 3.613329e+03 1.038566e+04 7.673703e+03 -2.953615e+04 3.175454e+03 3.755512e+03 1.652119e+05 1.040454e+04 -6.681898e+03 3.044302e+03 2.652270e+03 -4.444353e+03 1.651982e+05 -2.261627e+04 -2.035797e+03
5.757576e-03 -1.099910e+04 8.171584e+03 -3.684147e+03 -4.989613e+03 -4.754950e+03 1.766959e+05 -2.539456e+04 -2.593574e+03 -3.589968e+03 4.858990e+03 8.498854e+03 5.587522e+03 2.552108e+04 -2.492017e+03 -3.265876e+03 -1.360713e+05 -4.401010e+03 5.693581e+03 9.659098e+03 7.242280e+03 -2.909163e+04 3.159353e+03 3.610961e+03 1.550652e+05 9.676701e+03 -6.296049e+03 2.994993e+03 4.258240e+03 -4.283564e+03 1.550524e+05 -2.227779e+04 -2.029794e+03
5.959596e-03 -1.022920e+04 7.718388e+03 -3.622147e+03 -6.517099e+03 -4.578336e+03 1.659364e+05 -2.496445e+04 -2.577871e+03 -3.533890e+03 6.390676e+03 7.907402e+03 5.278730e+03 2.508732e+04 -2.482506e+03 -3.145163e+03 -1.277886e+05 -4.329477e+03 7.434057e+03 8.984863e+03 6.846716e+03 -2.859697e+04 3.140913e+03 3.472475e+03 1.456246e+05 9.001287e+03 -5.942037e+03 2.946443e+03 5.602502e+03 -4.129509e+03 1.456126e+05 -2.190065e+04 -2.021862e+03
6.161616e-03 -9.514947e+03 7.301741e+03 -3.561350e+03 -7.789323e+03 -4.409280e+03 1.559265e+05 -2.449985e+04 -2.560515e+03 -3.478571e+03 7.666982e+03 7.358628e+03 4.994794e+03 2.461911e+04 -2.470881e+03 -3.029591e+03 -1.200830e+05 -4.259145e+03 8.883627e+03 8.359312e+03 6.483134e+03 -2.806305e+04 3.120412e+03 3.339906e+03 1.368417e+05 8.374647e+03 -5.616439e+03 2.898692e+03 6.722675e+03 -3.982025e+03 1.368305e+05 -2.149324e+04 -2.012213e+03
6.363636e-03 -8.852373e+03 6.917815e+03 -3.501778e+03 -8.842888e+03 -4.247565e+03 1.466139e+05 -2.400894e+04 -2.541714e+03 -3.424069e+03 8.724505e+03 6.849497e+03 4.733115e+03 2.412466e+04 -2.457387e+03 -2.919016e+03 -1.129141e+05 -4.190061e+03 1.008401e+04 7.778983e+03 6.148178e+03 -2.749924e+04 3.098108e+03 3.213086e+03 1.286706e+05 7.793313e+03 -5.316292e+03 2.851771e+03 7.650872e+03 -3.840928e+03 1.286601e+05 -2.106275e+04 -2.001043e+03
6.565657e-03 -8.237740e+03 6.563278e+03 -3.443446e+03 -9.709088e+03 -4.092954e+03 1.379489e+05 -2.349872e+04 -2.521660e+03 -3.370432e+03 9.594537e+03 6.377144e+03 4.491431e+03 2.361097e+04 -2.442252e+03 -2.813280e+03 -1.062436e+05 -4.122262e+03 1.107086e+04 7.240606e+03 5.838928e+03 -2.691350e+04 3.074243e+03 3.091831e+03 1.210676e+05 7.254006e+03 -5.039013e+03 2.805710e+03 8.414549e+03 -3.706014e+03 1.210578e+05 -2.061530e+04 -1.988537e+03
6.767677e-03 -7.667528e+03 6.235219e+03 -3.386366e+03 -1.041472e+04 -3.945197e+03 1.298848e+05 -2.297511e+04 -2.500532e+03 -3.317703e+03 1.030387e+04 5.938869e+03 4.267762e+03 2.308397e+04 -2.425685e+03 -2.712214e+03 -1.000357e+05 -4.055780e+03 1.187473e+04 6.741102e+03 5.552831e+03 -2.631262e+04 3.049038e+03 2.975945e+03 1.139920e+05 6.753642e+03 -4.782345e+03 2.760529e+03 9.037214e+03 -3.577068e+03 1.139827e+05 -2.015609e+04 -1.974864e+03
6.969697e-03 -7.138439e+03 5.931080e+03 -3.330542e+03 -1.098274e+04 -3.804035e+03 1.223779e+05 -2.244312e+04 -2.478493e+03 -3.265916e+03 1.087548e+04 5.532144e+03 4.060371e+03 2.254868e+04 -2.407880e+03 -2.615645e+03 -9.425664e+04 -3.990637e+03 1.252179e+04 6.277586e+03 5.287647e+03 -2.570229e+04 3.022696e+03 2.865226e+03 1.074051e+05 6.289330e+03 -4.544304e+03 2.716247e+03 9.539021e+03 -3.453864e+03 1.073964e+05 -1.968953e+04 -1.960179e+03
7.171717e-03 -6.647393e+03 5.648607e+03 -3.275977e+03 -1.143288e+04 -3.669205e+03 1.153871e+05 -2.190696e+04 -2.455692e+03 -3.215096e+03 1.132907e+04 5.154608e+03 3.867728e+03 2.200932e+04 -2.389011e+03 -2.523393e+03 -8.887488e+04 -3.926850e+03 1.303450e+04 5.847363e+03 5.041401e+03 -2.508733e+04 2.995403e+03 2.759468e+03 1.012711e+05 5.858370e+03 -4.323144e+03 2.672874e+03 9.937267e+03 -3.336176e+03 1.012629e+05 -1.921930e+04 -1.944625e+03
7.373737e-03 -6.191521e+03 5.385809e+03 -3.222666e+03 -1.178206e+04 -3.540439e+03 1.088744e+05 -2.137014e+04 -2.432264e+03 -3.165265e+03 1.168158e+04 4.804062e+03 3.688478e+03 2.146938e+04 -2.369237e+03 -2.435281e+03 -8.386107e+04 -3.864428e+03 1.343217e+04 5.447924e+03 4.812347e+03 -2.447173e+04 2.967325e+03 2.658463e+03 9.555651e+04 5.458249e+03 -4.117317e+03 2.630420e+03 1.024681e+04 -3.223773e+03 9.554885e+04 -1.874849e+04 -1.928332e+03
7.575758e-03 -5.768160e+03 5.140917e+03 -3.170603e+03 -1.204484e+04 -3.417477e+03 1.028042e+05 -2.083557e+04 -2.408331e+03 -3.116436e+03 1.194757e+04 4.478463e+03 3.521421e+03 2.093179e+04 -2.348703e+03 -2.351129e+03 -7.918791e+04 -3.803374e+03 1.373139e+04 5.076940e+03 4.598938e+03 -2.385881e+04 2.938614e+03 2.562006e+03 9.023023e+04 5.086631e+03 -3.925452e+03 2.588886e+03 1.048044e+04 -3.116428e+03 9.022302e+04 -1.827963e+04 -1.911416e+03
7.777778e-03 -5.374839e+03 4.912358e+03 -3.119777e+03 -1.223376e+04 -3.300057e+03 9.714369e+04 -2.030563e+04 -2.384002e+03 -3.068618e+03 1.213957e+04 4.175917e+03 3.365485e+03 2.039894e+04 -2.327540e+03 -2.270762e+03 -7.483006e+04 -3.743687e+03 1.394644e+04 4.732248e+03 4.399796e+03 -2.325130e+04 2.909406e+03 2.469894e+03 8.526336e+04 4.741352e+03 -3.746327e+03 2.548273e+03 1.064913e+04 -3.013914e+03 8.525656e+04 -1.781484e+04 -1.893983e+03
7.979798e-03 -5.009273e+03 4.698727e+03 -3.070175e+03 -1.235961e+04 -3.187926e+03 9.186230e+04 -1.978228e+04 -2.359376e+03 -3.021817e+03 1.226839e+04 3.894673e+03 3.219717e+03 1.987276e+04 -2.305862e+03 -2.194007e+03 -7.076405e+04 -3.685362e+03 1.408961e+04 4.411851e+03 4.213691e+03 -2.265142e+04 2.879822e+03 2.381927e+03 8.062914e+04 4.420409e+03 -3.578850e+03 2.508578e+03 1.076237e+04 -2.916012e+03 8.062273e+04 -1.735582e+04 -1.876129e+03
8.181818e-03 -4.669351e+03 4.498769e+03 -3.021780e+03 -1.243168e+04 -3.080836e+03 8.693184e+04 -1.926709e+04 -2.334541e+03 -2.976032e+03 1.234332e+04 3.633110e+03 3.083263e+03 1.935484e+04 -2.283777e+03 -2.120696e+03 -6.696816e+04 -3.628387e+03 1.417151e+04 4.113900e+03 4.039524e+03 -2.206095e+04 2.849970e+03 2.297912e+03 7.630283e+04 4.121951e+03 -3.422046e+03 2.469795e+03 1.082832e+04 -2.822506e+03 7.629677e+04 -1.690396e+04 -1.857939e+03
8.383838e-03 -4.353122e+03 4.311355e+03 -2.974574e+03 -1.245799e+04 -2.978547e+03 8.232624e+04 -1.876130e+04 -2.309574e+03 -2.931259e+03 1.237238e+04 3.389734e+03 2.955354e+03 1.884642e+04 -2.261376e+03 -2.050667e+03 -6.342234e+04 -3.572749e+03 1.420127e+04 3.836689e+03 3.876308e+03 -2.148132e+04 2.819948e+03 2.217661e+03 7.226154e+04 3.844269e+03 -3.275038e+03 2.431914e+03 1.085402e+04 -2.733187e+03 7.225582e+04 -1.646033e+04 -1.839489e+03
8.585859e-03 -4.058788e+03 4.135471e+03 -2.928536e+03 -1.244546e+04 -2.880828e+03 7.802143e+04 -1.826590e+04 -2.284545e+03 -2.887492e+03 1.236248e+04 3.163166e+03 2.835303e+03 1.834848e+04 -2.238744e+03 -1.983760e+03 -6.010805e+04 -3.518431e+03 1.418678e+04 3.578645e+03 3.723156e+03 -2.091363e+04 2.789840e+03 2.140993e+03 6.848416e+04 3.585787e+03 -3.137037e+03 2.394925e+03 1.084552e+04 -2.647855e+03 6.847876e+04 -1.602581e+04 -1.820847e+03
8.787879e-03 -3.784693e+03 3.970203e+03 -2.883645e+03 -1.240005e+04 -2.787456e+03 7.399520e+04 -1.778161e+04 -2.259515e+03 -2.844722e+03 1.231961e+04 2.952135e+03 2.722487e+03 1.786174e+04 -2.215954e+03 -1.919826e+03 -5.700819e+04 -3.465413e+03 1.413483e+04 3.338319e+03 3.579269e+03 -2.035874e+04 2.759723e+03 2.067733e+03 6.495121e+04 3.345053e+03 -3.007332e+03 2.358816e+03 1.080809e+04 -2.566315e+03 6.494609e+04 -1.560104e+04 -1.802073e+03
8.989899e-03 -3.529311e+03 3.814726e+03 -2.839877e+03 -1.232691e+04 -2.698218e+03 7.022707e+04 -1.730900e+04 -2.234537e+03 -2.802936e+03 1.224892e+04 2.755471e+03 2.616344e+03 1.738676e+04 -2.193073e+03 -1.858718e+03 -5.410701e+04 -3.413676e+03 1.405129e+04 3.114375e+03 3.443924e+03 -1.981725e+04 2.729662e+03 1.997715e+03 6.164471e+04 3.120729e+03 -2.885280e+03 2.323573e+03 1.074623e+04 -2.488382e+03 6.163987e+04 -1.518650e+04 -1.783222e+03
9.191919e-03 -3.291235e+03 3.668293e+03 -2.797209e+03 -1.223050e+04 -2.612910e+03 6.669815e+04 -1.684844e+04 -2.209660e+03 -2.762122e+03 1.215485e+04 2.572095e+03 2.516366e+03 1.692393e+04 -2.170158e+03 -1.800297e+03 -5.138997e+04 -3.363194e+03 1.394123e+04 2.905584e+03 3.316468e+03 -1.928961e+04 2.699716e+03 1.930777e+03 5.854810e+04 2.911582e+03 -2.770299e+03 2.289179e+03 1.066385e+04 -2.413879e+03 5.854351e+04 -1.478253e+04 -1.764341e+03
9.393939e-03 -3.069172e+03 3.530224e+03 -2.755616e+03 -1.211465e+04 -2.531335e+03 6.339104e+04 -1.640018e+04 -2.184924e+03 -2.722265e+03 1.204125e+04 2.401015e+03 2.422091e+03 1.647347e+04 -2.147261e+03 -1.744431e+03 -4.884366e+04 -3.313945e+03 1.380902e+04 2.710812e+03 3.196309e+03 -1.877609e+04 2.669935e+03 1.866768e+03 5.564611e+04 2.716480e+03 -2.661862e+03 2.255620e+03 1.056433e+04 -2.342634e+03 5.564175e+04 -1.438935e+04 -1.745472e+03
9.595960e-03 -2.861931e+03 3.399905e+03 -2.715072e+03 -1.198267e+04 -2.453309e+03 6.028970e+04 -1.596434e+04 -2.160364e+03 -2.683347e+03 1.191143e+04 2.241318e+03 2.333100e+03 1.603553e+04 -2.124425e+03 -1.690992e+03 -4.645576e+04 -3.265901e+03 1.365845e+04 2.529018e+03 3.082907e+03 -1.827684e+04 2.640365e+03 1.805542e+03 5.292465e+04 2.534377e+03 -2.559488e+03 2.222878e+03 1.045058e+04 -2.274486e+03 5.292051e+04 -1.400706e+04 -1.726651e+03
9.797980e-03 -2.668416e+03 3.276774e+03 -2.675551e+03 -1.183743e+04 -2.378654e+03 5.737934e+04 -1.554098e+04 -2.136013e+03 -2.645352e+03 1.176827e+04 2.092163e+03 2.249012e+03 1.561013e+04 -2.101692e+03 -1.639860e+03 -4.421486e+04 -3.219038e+03 1.349277e+04 2.359244e+03 2.975774e+03 -1.779189e+04 2.611043e+03 1.746959e+03 5.037077e+04 2.364314e+03 -2.462740e+03 2.190936e+03 1.032511e+04 -2.209281e+03 5.036683e+04 -1.363571e+04 -1.707912e+03
1.000000e-02 -2.487618e+03 3.160321e+03 -2.637029e+03 -1.168139e+04 -2.307202e+03 5.464634e+04 -1.513003e+04 -2.111895e+03 -2.608261e+03 1.161423e+04 1.952777e+03 2.169478e+03 1.519722e+04 -2.079095e+03 -1.590919e+03 -4.211050e+04 -3.173327e+03 1.331480e+04 2.200605e+03 2.874462e+03 -1.732119e+04 2.582002e+03 1.690888e+03 4.797250e+04 2.205406e+03 -2.371220e+03 2.159775e+03 1.019008e+04 -2.146871e+03 4.796876e+04 -1.327525e+04 -1.689281e+03
