-1.000000e-02 -2.034126e+05 2.363048e+03 7.321776e+03 -1.844658e+05 2.363048e+03 -2.034126e+05 -1.844658e+05 7.321776e+03 7.082378e+03 1.844669e+05 1.566101e+05 1.602501e+03 1.844669e+05 7.082378e+03 1.602501e+03 1.566101e+05 8.729291e+03 2.102291e+05 1.784836e+05 2.422702e+03 -2.102291e+05 -8.729291e+03 -2.422702e+03 -1.784836e+05 1.784851e+05 -1.477082e+03 -5.918125e+03 1.618618e+05 1.477082e+03 -1.784851e+05 -1.618618e+05 5.918125e+03
-9.797980e-03 -2.460150e+05 2.867458e+03 8.072254e+03 -2.219959e+05 2.867458e+03 -2.460150e+05 -2.219959e+05 8.072254e+03 7.780607e+03 2.219973e+05 1.894103e+05 1.944849e+03 2.219973e+05 7.780607e+03 1.944849e+03 1.894103e+05 9.606451e+03 2.530011e+05 2.158649e+05 2.883334e+03 -2.530011e+05 -9.606451e+03 -2.883334e+03 -2.158649e+05 2.158666e+05 -1.849206e+03 -6.513947e+03 1.947926e+05 1.849206e+03 -2.158666e+05 -1.947926e+05 6.513947e+03
-9.595960e-03 -3.047589e+05 3.575855e+03 9.046462e+03 -2.736947e+05 3.575855e+03 -3.047589e+05 -2.736947e+05 9.046462e+03 8.681391e+03 2.736964e+05 2.346381e+05 2.425663e+03 2.736964e+05 8.681391e+03 2.425663e+03 2.346381e+05 1.074178e+04 3.119207e+05 2.674094e+05 3.525718e+03 -3.119207e+05 -1.074178e+04 -3.525718e+03 -2.674094e+05 2.674114e+05 -2.376371e+03 -7.285047e+03 2.401557e+05 2.376371e+03 -2.674114e+05 -2.401557e+05 7.285047e+03
-9.393939e-03 -3.901355e+05 4.632206e+03 1.038170e+04 -3.487681e+05 4.632206e+03 -3.901355e+05 -3.487681e+05 1.038170e+04 9.907087e+03 3.487700e+05 3.003707e+05 3.142671e+03 3.487700e+05 9.907087e+03 3.142671e+03 3.003707e+05 1.229253e+04 3.974796e+05 3.423227e+05 4.476863e+03 -3.974796e+05 -1.229253e+04 -4.476863e+03 -3.423227e+05 3.423250e+05 -3.169271e+03 -8.338184e+03 3.060288e+05 3.169271e+03 -3.423250e+05 -3.060288e+05 8.338184e+03
-9.191919e-03 -5.246535e+05 6.360170e+03 1.237698e+04 -4.669664e+05 6.360170e+03 -5.246535e+05 -4.669664e+05 1.237698e+04 1.172309e+04 4.669689e+05 4.039381e+05 4.315577e+03 4.669689e+05 1.172309e+04 4.315577e+03 4.039381e+05 1.460054e+04 5.321869e+05 4.603549e+05 6.021696e+03 -5.321869e+05 -1.460054e+04 -6.021696e+03 -4.603549e+05 4.603578e+05 -4.477360e+03 -9.905410e+03 4.097419e+05 4.477360e+03 -4.603578e+05 -4.097419e+05 9.905410e+03
-8.989899e-03 -7.701687e+05 9.704213e+03 1.588215e+04 -6.825650e+05 9.704213e+03 -7.701687e+05 -6.825650e+05 1.588215e+04 1.488122e+04 6.825685e+05 5.929638e+05 6.585492e+03 6.825685e+05 1.488122e+04 6.585492e+03 5.929638e+05 1.863588e+04 7.778984e+05 6.757812e+05 8.990255e+03 -7.778984e+05 -1.863588e+04 -8.990255e+03 -6.757812e+05 6.757850e+05 -7.029974e+03 -1.264523e+04 5.989188e+05 7.029974e+03 -6.757850e+05 -5.989188e+05 1.264523e+04
-8.787879e-03 -1.442055e+06 1.988118e+04 2.550563e+04 -1.272288e+06 1.988118e+04 -1.442055e+06 -1.272288e+06 2.550563e+04 2.344810e+04 1.272294e+06 1.110259e+06 1.349355e+04 1.272294e+06 2.344810e+04 1.349355e+04 1.110259e+06 2.965283e+04 1.449989e+06 1.265325e+06 1.796197e+04 -1.449989e+06 -2.965283e+04 -1.796197e+04 -1.265325e+06 1.265332e+06 -1.486091e+04 -2.012422e+04 1.116371e+06 1.486091e+04 -1.265332e+06 -1.116371e+06 2.012422e+04
-8.585859e-03 -1.466791e+06 1.495090e+04 2.204347e+04 -1.294178e+06 1.495090e+04 -1.466791e+06 -1.294178e+06 2.204347e+04 2.050017e+04 1.294182e+06 1.129302e+06 1.014868e+04 1.294182e+06 2.050017e+04 1.014868e+04 1.129302e+06 2.576856e+04 1.474937e+06 1.287029e+06 1.368848e+04 -1.474937e+06 -2.576856e+04 -1.368848e+04 -1.287029e+06 1.287034e+06 -1.099630e+04 -1.749025e+04 1.135577e+06 1.099630e+04 -1.287034e+06 -1.135577e+06 1.749025e+04
-8.383838e-03 -1.121765e+06 4.453556e+03 1.394385e+04 -9.916299e+05 4.453556e+03 -1.121765e+06 -9.916299e+05 1.394385e+04 1.349129e+04 9.916307e+05 8.636590e+05 3.023525e+03 9.916307e+05 1.349129e+04 3.023525e+03 8.636590e+05 1.661671e+04 1.130131e+06 9.842876e+05 4.545604e+03 -1.130131e+06 -1.661671e+04 -4.545604e+03 -9.842876e+05 9.842888e+05 -2.807984e+03 -1.127947e+04 8.701041e+05 2.807984e+03 -9.842888e+05 -8.701041e+05 1.127947e+04
-8.181818e-03 -1.433462e+06 2.678605e+03 1.388210e+04 -1.265328e+06 2.678605e+03 -1.433462e+06 -1.265328e+06 1.388210e+04 1.361418e+04 1.265328e+06 1.103637e+06 1.818767e+03 1.265328e+06 1.361418e+04 1.818767e+03 1.103637e+06 1.665276e+04 1.442057e+06 1.257785e+06 3.080130e+03 -1.442057e+06 -1.665276e+04 -3.080130e+03 -1.257785e+06 1.257785e+06 -1.343007e+03 -1.130535e+04 1.110259e+06 1.343007e+03 -1.257785e+06 -1.110259e+06 1.130535e+04
-7.979798e-03 -2.399532e+06 3.385941e+03 1.666032e+04 -2.113211e+06 3.385941e+03 -2.399532e+06 -2.113211e+06 1.666032e+04 1.631965e+04 2.113211e+06 1.847425e+06 2.299301e+03 2.113211e+06 1.631965e+04 2.299301e+03 1.847425e+06 1.997257e+04 2.408365e+06 2.105458e+06 3.834036e+03 -2.408365e+06 -1.997257e+04 -3.834036e+03 -2.105458e+06 2.105459e+06 -1.757400e+03 -1.356103e+04 1.854230e+06 1.757400e+03 -2.105459e+06 -1.854230e+06 1.356103e+04
-7.777778e-03 -5.495336e+06 7.051266e+03 2.339862e+04 -4.829830e+06 7.051266e+03 -5.495336e+06 -4.829830e+06 2.339862e+04 2.267931e+04 4.829831e+06 4.230921e+06 4.788794e+03 4.829831e+06 2.267931e+04 4.788794e+03 4.230921e+06 2.790277e+04 5.504418e+06 4.821860e+06 7.268645e+03 -5.504418e+06 -2.790277e+04 -7.268645e+03 -4.821860e+06 4.821861e+06 -4.376119e+03 -1.894824e+04 4.237917e+06 4.376119e+03 -4.821861e+06 -4.237917e+06 1.894824e+04
-7.575758e-03 -2.652562e+07 2.073818e+04 4.330417e+04 -2.328299e+07 2.073818e+04 -2.652562e+07 -2.328299e+07 4.330417e+04 4.117084e+04 2.328299e+07 2.042238e+07 1.408555e+04 2.328299e+07 4.117084e+04 1.408555e+04 2.042238e+07 5.115090e+04 2.653496e+07 2.327480e+07 1.977003e+04 -2.653496e+07 -5.115090e+04 -1.977003e+04 -2.327480e+07 2.327480e+07 -1.447950e+04 -3.474060e+04 2.042957e+07 1.447950e+04 -2.327480e+07 -2.042957e+07 3.474060e+04
-7.373737e-03 4.572425e+08 -5.409225e+05 3.905101e+05 4.011972e+08 -5.409225e+05 4.572425e+08 4.011972e+08 3.905101e+05 4.463938e+05 -4.011972e+08 -3.520363e+08 -3.674369e+05 -4.011972e+08 4.463938e+05 -3.674369e+05 -3.520363e+08 5.067238e+05 -4.572329e+08 -4.012057e+08 -4.205239e+05 4.572329e+08 -5.067238e+05 4.205239e+05 4.012057e+08 -4.012057e+08 4.728637e+05 -3.442055e+05 -3.520289e+08 -4.728638e+05 4.012057e+08 3.520289e+08 3.442055e+05
-7.171717e-03 -1.375084e+07 3.503774e+04 -4.385328e+04 -1.207430e+07 3.503774e+04 -1.375084e+07 -1.207430e+07 -4.385328e+04 -4.745846e+04 1.207430e+07 1.058693e+07 2.380296e+04 1.207430e+07 -4.745846e+04 2.380296e+04 1.058693e+07 -5.528321e+04 1.376073e+07 1.206562e+07 2.608109e+04 -1.376073e+07 5.528321e+04 -2.608109e+04 -1.206562e+07 1.206562e+07 -3.179019e+04 3.755794e+04 1.059455e+07 3.179019e+04 -1.206562e+07 -1.059455e+07 -3.755794e+04
-6.969697e-03 -3.461392e+06 8.269929e+03 -1.895828e+04 -3.046123e+06 8.269929e+03 -3.461392e+06 -3.046123e+06 -1.895828e+04 -1.979978e+04 3.046121e+06 2.664964e+06 5.618818e+03 3.046121e+06 -1.979978e+04 5.618818e+03 2.664964e+06 -2.346382e+04 3.471576e+06 3.037184e+06 5.616850e+03 -3.471576e+06 2.346382e+04 -5.616850e+03 -3.037184e+06 3.037183e+06 -8.043178e+03 1.594304e+04 2.672809e+06 8.043178e+03 -3.037183e+06 -2.672809e+06 -1.594304e+04
-6.767677e-03 -1.350587e+06 2.850067e+02 -1.034326e+04 -1.194273e+06 2.850067e+02 -1.350587e+06 -1.194273e+06 -1.034326e+04 -1.036091e+04 1.194273e+06 1.039831e+06 1.937359e+02 1.194273e+06 -1.036091e+04 1.937359e+02 1.039831e+06 -1.253316e+04 1.361078e+06 1.185067e+06 -4.152265e+02 -1.361078e+06 1.253316e+04 4.152265e+02 -1.185067e+06 1.185067e+06 -8.861069e+02 8.517375e+03 1.047912e+06 8.861069e+02 -1.185067e+06 -1.047912e+06 -8.517375e+03
-6.565657e-03 -5.061411e+05 -4.724860e+03 -4.815040e+03 -4.535971e+05 -4.724860e+03 -5.061411e+05 -4.535971e+05 -4.815040e+03 -4.316376e+03 4.535981e+05 3.896810e+05 -3.210686e+03 4.535981e+05 -4.316376e+03 -3.210686e+03 3.896810e+05 -5.526923e+03 5.169516e+05 4.441095e+05 -4.193587e+03 -5.169516e+05 5.526923e+03 4.193587e+03 -4.441095e+05 4.441109e+05 3.611342e+03 3.757091e+03 3.980085e+05 -3.611342e+03 -4.441109e+05 -3.980085e+05 -3.757091e+03
-6.363636e-03 4.948401e+04 -1.068521e+04 1.011015e+03 3.364253e+04 -1.068521e+04 4.948401e+04 3.364253e+04 1.011015e+03 2.123134e+03 -3.363943e+04 -3.810286e+04 -7.261666e+03 -3.363943e+04 2.123134e+03 -7.261666e+03 -3.810286e+04 1.898090e+03 -3.833915e+04 -4.342360e+04 -8.736384e+03 3.833915e+04 -1.898090e+03 8.736384e+03 4.342360e+04 -4.342001e+04 8.915215e+03 -1.288676e+03 -2.951794e+04 -8.915215e+03 4.342001e+04 2.951794e+04 1.288676e+03
-6.161616e-03 -1.825055e+06 2.611578e+04 -2.656098e+04 -1.611485e+06 2.611578e+04 -1.825055e+06 -1.611485e+06 -2.656098e+04 -2.923423e+04 1.611475e+06 1.405138e+06 1.775005e+04 1.611475e+06 -2.923423e+04 1.775005e+04 1.405138e+06 -3.377265e+04 1.836550e+06 1.601397e+06 1.982537e+04 -1.836550e+06 3.377265e+04 -1.982537e+04 -1.601397e+06 1.601387e+06 -2.331904e+04 2.295535e+04 1.413992e+06 2.331904e+04 -1.601387e+06 -1.413992e+06 -2.295535e+04
-5.959596e-03 -8.369043e+05 1.065902e+04 -1.384275e+04 -7.447516e+05 1.065902e+04 -8.369043e+05 -7.447516e+05 -1.384275e+04 -1.492519e+04 7.447467e+05 6.443449e+05 7.245221e+03 7.447467e+05 -1.492519e+04 7.245221e+03 6.443449e+05 -1.741206e+04 8.487649e+05 7.343424e+05 7.898163e+03 -8.487649e+05 1.741206e+04 -7.898163e+03 -7.343424e+05 7.343380e+05 -9.711726e+03 1.183658e+04 6.534810e+05 9.711726e+03 -7.343380e+05 -6.534810e+05 -1.183658e+04
-5.757576e-03 -5.500860e+05 6.717831e+03 -1.017715e+04 -4.934191e+05 6.717831e+03 -5.500860e+05 -4.934191e+05 -1.017715e+04 -1.085367e+04 4.934155e+05 4.235192e+05 4.566669e+03 4.934155e+05 -1.085367e+04 4.566669e+03 4.235192e+05 -1.272842e+04 5.623299e+05 4.826735e+05 4.881920e+03 -5.623299e+05 1.272842e+04 -4.881920e+03 -4.826735e+05 4.826705e+05 -6.217121e+03 8.653668e+03 4.329504e+05 6.217121e+03 -4.826705e+05 -4.329504e+05 -8.653668e+03
-5.555556e-03 -4.007127e+05 4.799161e+03 -8.176747e+03 -3.627041e+05 4.799161e+03 -4.007127e+05 -3.627041e+05 -8.176747e+03 -8.655461e+03 3.627012e+05 3.085145e+05 3.262648e+03 3.627012e+05 -8.655461e+03 3.262648e+03 3.085145e+05 -1.018680e+04 4.133584e+05 3.516059e+05 3.425937e+03 -4.133584e+05 1.018680e+04 -3.425937e+03 -3.516059e+05 3.516035e+05 -4.503419e+03 6.926435e+03 3.182551e+05 4.503419e+03 -3.516035e+05 -3.182551e+05 -6.926435e+03
-5.353535e-03 -3.081654e+05 3.661094e+03 -6.856216e+03 -2.818683e+05 3.661094e+03 -3.081654e+05 -2.818683e+05 -6.856216e+03 -7.217434e+03 2.818658e+05 2.372609e+05 2.489137e+03 2.818658e+05 -7.217434e+03 2.489137e+03 2.372609e+05 -8.516923e+03 3.212326e+05 2.704002e+05 2.569775e+03 -3.212326e+05 8.516923e+03 -2.569775e+03 -2.704002e+05 2.703983e+05 -3.479442e+03 5.791604e+03 2.473261e+05 3.479442e+03 -2.703983e+05 -2.473261e+05 -5.791604e+03
-5.151515e-03 -2.453983e+05 2.912863e+03 -5.896410e+03 -2.271815e+05 2.912863e+03 -2.453983e+05 -2.271815e+05 -5.896410e+03 -6.180224e+03 2.271793e+05 1.889357e+05 1.980567e+03 2.271793e+05 -6.180224e+03 1.980567e+03 1.889357e+05 -7.308063e+03 2.589079e+05 2.153253e+05 2.011799e+03 -2.589079e+05 7.308063e+03 -2.011799e+03 -2.153253e+05 2.153236e+05 -2.801281e+03 4.970045e+03 1.993414e+05 2.801281e+03 -2.153236e+05 -1.993414e+05 -4.970045e+03
-4.949495e-03 -2.003073e+05 2.388042e+03 -5.156444e+03 -1.880241e+05 2.388042e+03 -2.003073e+05 -1.880241e+05 -5.156444e+03 -5.385816e+03 1.880221e+05 1.542194e+05 1.623833e+03 1.880221e+05 -5.385816e+03 1.623833e+03 1.542194e+05 -6.379277e+03 2.142815e+05 1.757601e+05 1.623859e+03 -2.142815e+05 6.379277e+03 -1.623859e+03 -1.757601e+05 1.757586e+05 -2.322160e+03 4.338799e+03 1.649829e+05 2.322160e+03 -1.757586e+05 -1.649829e+05 -4.338799e+03
-4.747475e-03 -1.665657e+05 2.002971e+03 -4.562577e+03 -1.588463e+05 2.002971e+03 -1.665657e+05 -1.588463e+05 -4.562577e+03 -4.751858e+03 1.588444e+05 1.282413e+05 1.362081e+03 1.588444e+05 -4.751858e+03 1.362081e+03 1.282413e+05 -5.636071e+03 1.810285e+05 1.461536e+05 1.341714e+03 -1.810285e+05 5.636071e+03 -1.341714e+03 -1.461536e+05 1.461523e+05 -1.968114e+03 3.833652e+03 1.393810e+05 1.968114e+03 -1.461523e+05 -1.393810e+05 -3.833652e+03
-4.545455e-03 -1.405234e+05 1.710852e+03 -4.071739e+03 -1.364465e+05 1.710852e+03 -1.405234e+05 -1.364465e+05 -4.071739e+03 -4.230460e+03 1.364447e+05 1.081910e+05 1.163504e+03 1.364447e+05 -4.230460e+03 1.163504e+03 1.081910e+05 -5.023380e+03 1.555002e+05 1.233028e+05 1.129540e+03 -1.555002e+05 5.023380e+03 -1.129540e+03 -1.233028e+05 1.233016e+05 -1.697657e+03 3.417187e+03 1.197264e+05 1.697657e+03 -1.233016e+05 -1.197264e+05 -3.417187e+03
-4.343434e-03 -1.199227e+05 1.483458e+03 -3.656759e+03 -1.188453e+05 1.483458e+03 -1.199227e+05 -1.188453e+05 -3.656759e+03 -3.791548e+03 1.188437e+05 9.233021e+04 1.008920e+03 1.188437e+05 -3.791548e+03 1.008920e+03 9.233021e+04 -4.506551e+03 1.354407e+05 1.052266e+05 9.658038e+02 -1.354407e+05 4.506551e+03 -9.658038e+02 -1.052266e+05 1.052256e+05 -1.485693e+03 3.065856e+03 1.042824e+05 1.485693e+03 -1.052256e+05 -1.042824e+05 -3.065856e+03
-4.141414e-03 -1.032930e+05 1.302780e+03 -3.299489e+03 -1.047542e+05 1.302780e+03 -1.032930e+05 -1.047542e+05 -3.299489e+03 -3.415118e+03 1.047526e+05 7.952676e+04 8.860878e+02 1.047526e+05 -3.415118e+03 8.860878e+02 7.952676e+04 -4.062486e+03 1.193815e+05 9.063488e+04 8.368135e+02 -1.193815e+05 4.062486e+03 -8.368135e+02 -9.063488e+04 9.063395e+04 -1.316159e+03 2.763964e+03 9.191816e+04 1.316159e+03 -9.063395e+04 -9.191816e+04 -2.763964e+03
-3.939394e-03 -8.963665e+04 1.156808e+03 -2.987259e+03 -9.329950e+04 1.156808e+03 -8.963665e+04 -9.329950e+04 -2.987259e+03 -3.087260e+03 9.329800e+04 6.901254e+04 7.868464e+02 9.329800e+04 -3.087260e+03 7.868464e+02 6.901254e+04 -3.675095e+03 1.063270e+05 7.865209e+04 7.334745e+02 -1.063270e+05 3.675095e+03 -7.334745e+02 -7.865209e+04 7.865125e+04 -1.178313e+03 2.500579e+03 8.186731e+04 1.178313e+03 -7.865125e+04 -8.186731e+04 -2.500579e+03
-3.737374e-03 -7.825427e+04 1.037249e+03 -2.710904e+03 -8.386965e+04 1.037249e+03 -7.825427e+04 -8.386965e+04 -2.710904e+03 -2.797955e+03 8.386821e+04 6.024908e+04 7.055592e+02 8.386821e+04 -2.797955e+03 7.055592e+02 6.024908e+04 -3.332762e+03 9.558006e+04 6.866460e+04 6.495295e+02 -9.558006e+04 3.332762e+03 -6.495295e+02 -6.866460e+04 6.866383e+04 -1.064711e+03 2.267808e+03 7.359314e+04 1.064711e+03 -6.866383e+04 -7.359314e+04 -2.267808e+03
-3.535354e-03 -6.864199e+04 9.382074e+02 -2.463596e+03 -7.602475e+04 9.382074e+02 -6.864199e+04 -7.602475e+04 -2.463596e+03 -2.539766e+03 7.602336e+04 5.284845e+04 6.382186e+02 7.602336e+04 -2.539766e+03 6.382186e+02 5.284845e+04 -3.026853e+03 8.663948e+04 6.023028e+04 5.805474e+02 -8.663948e+04 3.026853e+03 -5.805474e+02 -6.023028e+04 6.022958e+04 -9.700430e+02 2.059784e+03 6.670968e+04 9.700430e+02 -6.022958e+04 -6.670968e+04 -2.059784e+03
-3.333333e-03 -6.042829e+04 8.553882e+02 -2.240128e+03 -6.944125e+04 8.553882e+02 -6.042829e+04 -6.944125e+04 -2.240128e+03 -2.307040e+03 6.943991e+04 4.652460e+04 5.819060e+02 6.943991e+04 -2.307040e+03 5.819060e+02 4.652460e+04 -2.750794e+03 7.913648e+04 5.302315e+04 5.233137e+02 -7.913648e+04 2.750794e+03 -5.233137e+02 -5.302315e+04 5.302251e+04 -8.904294e+02 1.872040e+03 6.093303e+04 8.904294e+02 -5.302251e+04 -6.093303e+04 -1.872040e+03
-3.131313e-03 -5.333369e+04 7.855988e+02 -2.036441e+03 -6.387660e+04 7.855988e+02 -5.333369e+04 -6.387660e+04 -2.036441e+03 -2.095387e+03 6.387530e+04 4.106237e+04 5.344511e+02 6.387530e+04 -2.095387e+03 5.344511e+02 4.106237e+04 -2.499468e+03 7.279462e+04 4.679797e+04 4.754480e+02 -7.279462e+04 2.499468e+03 -4.754480e+02 -4.679797e+04 4.679739e+04 -8.229755e+02 1.701099e+03 5.605036e+04 8.229755e+02 -4.679739e+04 -5.605036e+04 -1.701099e+03
-2.929293e-03 -4.714418e+04 7.264234e+02 -1.849314e+03 -5.914597e+04 7.264234e+02 -4.714418e+04 -5.914597e+04 -1.849314e+03 -1.901334e+03 5.914470e+04 3.629697e+04 4.942120e+02 5.914470e+04 -1.901334e+03 4.942120e+02 3.629697e+04 -2.268823e+03 6.740327e+04 4.136696e+04 4.351566e+02 -6.740327e+04 2.268823e+03 -4.351566e+02 -4.136696e+04 4.136643e+04 -7.654843e+02 1.544210e+03 5.189950e+04 7.654843e+02 -4.136643e+04 -5.189950e+04 -1.544210e+03
-2.727273e-03 -4.169325e+04 6.760068e+02 -1.676148e+03 -5.510652e+04 6.760068e+02 -4.169325e+04 -5.510652e+04 -1.676148e+03 -1.722088e+03 5.510529e+04 3.210023e+04 4.599277e+02 5.510529e+04 -1.722088e+03 4.599277e+02 3.210023e+04 -2.055596e+03 6.279964e+04 3.658402e+04 4.010675e+02 -6.279964e+04 2.055596e+03 -4.010675e+02 -3.658402e+04 3.658355e+04 -7.162627e+02 1.399153e+03 4.835512e+04 7.162627e+02 -3.658355e+04 -4.835512e+04 -1.399153e+03
-2.525253e-03 -3.684951e+04 6.329058e+02 -1.514818e+03 -5.164654e+04 6.329058e+02 -3.684951e+04 -5.164654e+04 -1.514818e+03 -1.555369e+03 5.164534e+04 2.837097e+04 4.306172e+02 5.164534e+04 -1.555369e+03 4.306172e+02 2.837097e+04 -1.857118e+03 5.885641e+04 3.233386e+04 3.721174e+02 -5.885641e+04 1.857118e+03 -3.721174e+02 -3.233386e+04 3.233343e+04 -6.739895e+02 1.264117e+03 4.531918e+04 6.739895e+02 -3.233343e+04 -4.531918e+04 -1.264117e+03
-2.323232e-03 -3.250784e+04 5.959852e+02 -1.363558e+03 -4.867777e+04 5.959852e+02 -3.250784e+04 -4.867777e+04 -1.363558e+03 -1.399292e+03 4.867659e+04 2.502825e+04 4.055089e+02 4.867659e+04 -1.399292e+03 4.055089e+02 2.502825e+04 -1.671180e+03 5.547299e+04 2.852424e+04 3.474737e+02 -5.547299e+04 1.671180e+03 -3.474737e+02 -2.852424e+04 2.852385e+04 -6.376220e+02 1.137601e+03 4.271425e+04 6.376220e+02 -2.852385e+04 -4.271425e+04 -1.137601e+03
-2.121212e-03 -2.858305e+04 5.643442e+02 -1.220886e+03 -4.612987e+04 5.643442e+02 -2.858305e+04 -4.612987e+04 -1.220886e+03 -1.252275e+03 4.612871e+04 2.200650e+04 3.839904e+02 4.612871e+04 -1.252275e+03 3.839904e+02 2.200650e+04 -1.495927e+03 5.256923e+04 2.508041e+04 3.264778e+02 -5.256923e+04 1.495927e+03 -3.264778e+02 -2.508041e+04 2.508006e+04 -6.063307e+02 1.018344e+03 4.047862e+04 6.063307e+02 -2.508006e+04 -4.047862e+04 -1.018344e+03
-1.919192e-03 -2.500528e+04 5.372629e+02 -1.085540e+03 -4.394643e+04 5.372629e+02 -2.500528e+04 -4.394643e+04 -1.085540e+03 -1.112977e+03 4.394529e+04 1.925192e+04 3.655725e+02 4.394529e+04 -1.112977e+03 3.655725e+02 1.925192e+04 -1.329782e+03 5.008083e+04 2.194107e+04 3.086054e+02 -5.008083e+04 1.329782e+03 -3.086054e+02 -2.194107e+04 2.194076e+04 -5.794502e+02 9.052741e+02 3.856277e+04 5.794502e+02 -2.194076e+04 -3.856277e+04 -9.052741e+02
-1.717172e-03 -2.171651e+04 5.141630e+02 -9.564333e+02 -4.208200e+04 5.141630e+02 -2.171651e+04 -4.208200e+04 -9.564333e+02 -9.802437e+02 4.208087e+04 1.671985e+04 3.498618e+02 4.208087e+04 -9.802437e+02 3.498618e+02 1.671985e+04 -1.171389e+03 4.795599e+04 1.905532e+04 2.934370e+02 -4.795599e+04 1.171389e+03 -2.934370e+02 -1.905532e+04 1.905505e+04 -5.564447e+02 7.974712e+02 3.692684e+04 5.564447e+02 -1.905505e+04 -3.692684e+04 -7.974712e+02
-1.515152e-03 -1.866795e+04 4.945784e+02 -8.326184e+02 -4.049984e+04 4.945784e+02 -1.866795e+04 -4.049984e+04 -8.326184e+02 -8.530732e+02 4.049873e+04 1.437272e+04 3.365417e+02 4.049873e+04 -8.530732e+02 3.365417e+02 1.437272e+04 -1.019569e+03 4.615286e+04 1.638035e+04 2.806353e+02 -4.615286e+04 1.019569e+03 -2.806353e+02 -1.638035e+04 1.638011e+04 -5.368813e+02 6.941329e+02 3.553859e+04 5.368813e+02 -1.638011e+04 -3.553859e+04 -6.941329e+02
-1.313131e-03 -1.581806e+04 4.781337e+02 -7.132597e+02 -3.917031e+04 4.781337e+02 -1.581806e+04 -3.917031e+04 -7.132597e+02 -7.305823e+02 3.916921e+04 1.217855e+04 3.253569e+02 3.916921e+04 -7.305823e+02 3.253569e+02 1.217855e+04 -8.732787e+02 4.463763e+04 1.387969e+04 2.699298e+02 -4.463763e+04 8.732787e+02 -2.699298e+02 -1.387969e+04 1.387948e+04 -5.204104e+02 5.945522e+02 3.437200e+04 5.204104e+02 -1.387948e+04 -3.437200e+04 -5.945522e+02
-1.111111e-03 -1.313093e+04 4.645274e+02 -5.976104e+02 -3.806954e+04 4.645274e+02 -1.313093e+04 -3.806954e+04 -5.976104e+02 -6.119836e+02 3.806845e+04 1.010969e+04 3.161025e+02 3.806845e+04 -6.119836e+02 3.161025e+02 1.010969e+04 -7.315912e+02 4.338312e+04 1.152184e+04 2.611038e+02 -4.338312e+04 7.315912e+02 -2.611038e+02 -1.152184e+04 1.152167e+04 -5.067507e+02 4.980982e+02 3.340614e+04 5.067507e+02 -1.152167e+04 -3.340614e+04 -4.980982e+02
-9.090909e-04 -1.057509e+04 4.535197e+02 -4.849944e+02 -3.717853e+04 4.535197e+02 -1.057509e+04 -3.717853e+04 -4.849944e+02 -4.965656e+02 3.717744e+04 8.141914e+03 3.086154e+02 3.717744e+04 -4.965656e+02 3.086154e+02 8.141914e+03 -5.936658e+02 4.236766e+04 9.279205e+03 2.539851e+02 -4.236766e+04 5.936658e+02 -2.539851e+02 -9.279205e+03 9.279065e+03 -4.956779e+02 4.042001e+02 3.262433e+04 4.956779e+02 -9.279065e+03 -3.262433e+04 -4.042001e+02
-7.070707e-04 -8.122512e+03 4.449227e+02 -3.747912e+02 -3.648235e+04 4.449227e+02 -8.122512e+03 -3.648235e+04 -3.747912e+02 -3.836761e+02 3.648127e+04 6.253638e+03 3.027680e+02 3.648127e+04 -3.836761e+02 3.027680e+02 6.253638e+03 -4.587321e+02 4.157425e+04 7.127169e+03 2.484394e+02 -4.157425e+04 4.587321e+02 -2.484394e+02 -7.127169e+03 7.127061e+03 -4.870160e+02 3.123344e+02 3.201347e+04 4.870160e+02 -7.127061e+03 -3.201347e+04 -3.123344e+02
-5.050505e-04 -5.747754e+03 4.385938e+02 -2.664231e+02 -3.596966e+04 4.385938e+02 -5.747754e+03 -3.596966e+04 -2.664231e+02 -2.727090e+02 3.596859e+04 4.425278e+03 2.984632e+02 3.596859e+04 -2.727090e+02 2.984632e+02 4.425278e+03 -3.260733e+02 4.098995e+04 5.043418e+03 2.443648e+02 -4.098995e+04 3.260733e+02 -2.443648e+02 -5.043418e+03 5.043340e+03 -4.806311e+02 2.220141e+02 3.156362e+04 4.806311e+02 -5.043340e+03 -3.156362e+04 -2.220141e+02
-3.030303e-04 -3.427289e+03 4.344299e+02 -1.593442e+02 -3.563228e+04 4.344299e+02 -3.427289e+03 -3.563228e+04 -1.593442e+02 -1.630918e+02 3.563121e+04 2.638719e+03 2.956309e+02 3.563121e+04 -1.630918e+02 2.956309e+02 2.638719e+03 -1.950123e+02 4.060545e+04 3.007305e+03 2.416879e+02 -4.060545e+04 1.950123e+02 -2.416879e+02 -3.007305e+03 3.007259e+03 -4.764266e+02 1.327793e+02 3.126759e+04 4.764266e+02 -3.007259e+03 -3.126759e+04 -1.327793e+02
-1.010101e-04 -1.138894e+03 4.323643e+02 -5.303019e+01 -3.546490e+04 4.323643e+02 -1.138894e+03 -3.546490e+04 -5.303019e+01 -5.427544e+01 3.546383e+04 8.768508e+02 2.942260e+02 3.546383e+04 -5.427544e+01 2.942260e+02 8.768508e+02 -6.489936e+01 4.041469e+04 9.993327e+02 2.403611e+02 -4.041469e+04 6.489936e+01 -2.403611e+02 -9.993327e+02 9.993173e+02 -4.743398e+02 4.418862e+01 3.112072e+04 4.743398e+02 -9.993173e+02 -3.112072e+04 -4.418862e+01
1.010101e-04 1.138894e+03 4.323643e+02 5.303019e+01 -3.546490e+04 4.323643e+02 1.138894e+03 -3.546490e+04 5.303019e+01 5.427544e+01 3.546383e+04 -8.768508e+02 2.942260e+02 3.546383e+04 5.427544e+01 2.942260e+02 -8.768508e+02 6.489936e+01 4.041469e+04 -9.993327e+02 2.403611e+02 -4.041469e+04 -6.489936e+01 -2.403611e+02 9.993327e+02 -9.993173e+02 -4.743398e+02 -4.418862e+01 3.112072e+04 4.743398e+02 9.993173e+02 -3.112072e+04 4.418862e+01
3.030303e-04 3.427289e+03 4.344299e+02 1.593442e+02 -3.563228e+04 4.344299e+02 3.427289e+03 -3.563228e+04 1.593442e+02 1.630918e+02 3.563121e+04 -2.638719e+03 2.956309e+02 3.563121e+04 1.630918e+02 2.956309e+02 -2.638719e+03 1.950123e+02 4.060545e+04 -3.007305e+03 2.416879e+02 -4.060545e+04 -1.950123e+02 -2.416879e+02 3.007305e+03 -3.007259e+03 -4.764266e+02 -1.327793e+02 3.126759e+04 4.764266e+02 3.007259e+03 -3.126759e+04 1.327793e+02
5.050505e-04 5.747754e+03 4.385938e+02 2.664231e+02 -3.596966e+04 4.385938e+02 5.747754e+03 -3.596966e+04 2.664231e+02 2.727090e+02 3.596859e+04 -4.425278e+03 2.984632e+02 3.596859e+04 2.727090e+02 2.984632e+02 -4.425278e+03 3.260733e+02 4.098995e+04 -5.043418e+03 2.443648e+02 -4.098995e+04 -3.260733e+02 -2.443648e+02 5.043418e+03 -5.043340e+03 -4.806311e+02 -2.220141e+02 3.156362e+04 4.806311e+02 5.043340e+03 -3.156362e+04 2.220141e+02
7.070707e-04 8.122512e+03 4.449227e+02 3.747912e+02 -3.648235e+04 4.449227e+02 8.122512e+03 -3.648235e+04 3.747912e+02 3.836761e+02 3.648127e+04 -6.253638e+03 3.027680e+02 3.648127e+04 3.836761e+02 3.027680e+02 -6.253638e+03 4.587321e+02 4.157425e+04 -7.127169e+03 2.484394e+02 -4.157425e+04 -4.587321e+02 -2.484394e+02 7.127169e+03 -7.127061e+03 -4.870160e+02 -3.123344e+02 3.201347e+04 4.870160e+02 7.127061e+03 -3.201347e+04 3.123344e+02
9.090909e-04 1.057509e+04 4.535197e+02 4.849944e+02 -3.717853e+04 4.535197e+02 1.057509e+04 -3.717853e+04 4.849944e+02 4.965656e+02 3.717744e+04 -8.141914e+03 3.086154e+02 3.717744e+04 4.965656e+02 3.086154e+02 -8.141914e+03 5.936658e+02 4.236766e+04 -9.279205e+03 2.539851e+02 -4.236766e+04 -5.936658e+02 -2.539851e+02 9.279205e+03 -9.279065e+03 -4.956779e+02 -4.042001e+02 3.262433e+04 4.956779e+02 9.279065e+03 -3.262433e+04 4.042001e+02
1.111111e-03 1.313093e+04 4.645274e+02 5.976104e+02 -3.806954e+04 4.645274e+02 1.313093e+04 -3.806954e+04 5.976104e+02 6.119836e+02 3.806845e+04 -1.010969e+04 3.161025e+02 3.806845e+04 6.119836e+02 3.161025e+02 -1.010969e+04 7.315912e+02 4.338312e+04 -1.152184e+04 2.611038e+02 -4.338312e+04 -7.315912e+02 -2.611038e+02 1.152184e+04 -1.152167e+04 -5.067507e+02 -4.980982e+02 3.340614e+04 5.067507e+02 1.152167e+04 -3.340614e+04 4.980982e+02
1.313131e-03 1.581806e+04 4.781337e+02 7.132597e+02 -3.917031e+04 4.781337e+02 1.581806e+04 -3.917031e+04 7.132597e+02 7.305823e+02 3.916921e+04 -1.217855e+04 3.253569e+02 3.916921e+04 7.305823e+02 3.253569e+02 -1.217855e+04 8.732787e+02 4.463763e+04 -1.387969e+04 2.699298e+02 -4.463763e+04 -8.732787e+02 -2.699298e+02 1.387969e+04 -1.387948e+04 -5.204104e+02 -5.945522e+02 3.437200e+04 5.204104e+02 1.387948e+04 -3.437200e+04 5.945522e+02
1.515152e-03 1.866795e+04 4.945784e+02 8.326184e+02 -4.049984e+04 4.945784e+02 1.866795e+04 -4.049984e+04 8.326184e+02 8.530732e+02 4.049873e+04 -1.437272e+04 3.365417e+02 4.049873e+04 8.530732e+02 3.365417e+02 -1.437272e+04 1.019569e+03 4.615286e+04 -1.638035e+04 2.806353e+02 -4.615286e+04 -1.019569e+03 -2.806353e+02 1.638035e+04 -1.638011e+04 -5.368813e+02 -6.941329e+02 3.553859e+04 5.368813e+02 1.638011e+04 -3.553859e+04 6.941329e+02
1.717172e-03 2.171651e+04 5.141630e+02 9.564333e+02 -4.208200e+04 5.141630e+02 2.171651e+04 -4.208200e+04 9.564333e+02 9.802437e+02 4.208087e+04 -1.671985e+04 3.498618e+02 4.208087e+04 9.802437e+02 3.498618e+02 -1.671985e+04 1.171389e+03 4.795599e+04 -1.905532e+04 2.934370e+02 -4.795599e+04 -1.171389e+03 -2.934370e+02 1.905532e+04 -1.905505e+04 -5.564447e+02 -7.974712e+02 3.692684e+04 5.564447e+02 1.905505e+04 -3.692684e+04 7.974712e+02
1.919192e-03 2.500528e+04 5.372629e+02 1.085540e+03 -4.394643e+04 5.372629e+02 2.500528e+04 -4.394643e+04 1.085540e+03 1.112977e+03 4.394529e+04 -1.925192e+04 3.655725e+02 4.394529e+04 1.112977e+03 3.655725e+02 -1.925192e+04 1.329782e+03 5.008083e+04 -2.194107e+04 3.086054e+02 -5.008083e+04 -1.329782e+03 -3.086054e+02 2.194107e+04 -2.194076e+04 -5.794502e+02 -9.052741e+02 3.856277e+04 5.794502e+02 2.194076e+04 -3.856277e+04 9.052741e+02
2.121212e-03 2.858305e+04 5.643442e+02 1.220886e+03 -4.612987e+04 5.643442e+02 2.858305e+04 -4.612987e+04 1.220886e+03 1.252275e+03 4.612871e+04 -2.200650e+04 3.839904e+02 4.612871e+04 1.252275e+03 3.839904e+02 -2.200650e+04 1.495927e+03 5.256923e+04 -2.508041e+04 3.264778e+02 -5.256923e+04 -1.495927e+03 -3.264778e+02 2.508041e+04 -2.508006e+04 -6.063307e+02 -1.018344e+03 4.047862e+04 6.063307e+02 2.508006e+04 -4.047862e+04 1.018344e+03
2.323232e-03 3.250784e+04 5.959852e+02 1.363558e+03 -4.867777e+04 5.959852e+02 3.250784e+04 -4.867777e+04 1.363558e+03 1.399292e+03 4.867659e+04 -2.502825e+04 4.055089e+02 4.867659e+04 1.399292e+03 4.055089e+02 -2.502825e+04 1.671180e+03 5.547299e+04 -2.852424e+04 3.474737e+02 -5.547299e+04 -1.671180e+03 -3.474737e+02 2.852424e+04 -2.852385e+04 -6.376220e+02 -1.137601e+03 4.271425e+04 6.376220e+02 2.852385e+04 -4.271425e+04 1.137601e+03
2.525253e-03 3.684951e+04 6.329058e+02 1.514818e+03 -5.164654e+04 6.329058e+02 3.684951e+04 -5.164654e+04 1.514818e+03 1.555369e+03 5.164534e+04 -2.837097e+04 4.306172e+02 5.164534e+04 1.555369e+03 4.306172e+02 -2.837097e+04 1.857118e+03 5.885641e+04 -3.233386e+04 3.721174e+02 -5.885641e+04 -1.857118e+03 -3.721174e+02 3.233386e+04 -3.233343e+04 -6.739895e+02 -1.264117e+03 4.531918e+04 6.739895e+02 3.233343e+04 -4.531918e+04 1.264117e+03
2.727273e-03 4.169325e+04 6.760068e+02 1.676148e+03 -5.510652e+04 6.760068e+02 4.169325e+04 -5.510652e+04 1.676148e+03 1.722088e+03 5.510529e+04 -3.210023e+04 4.599277e+02 5.510529e+04 1.722088e+03 4.599277e+02 -3.210023e+04 2.055596e+03 6.279964e+04 -3.658402e+04 4.010675e+02 -6.279964e+04 -2.055596e+03 -4.010675e+02 3.658402e+04 -3.658355e+04 -7.162627e+02 -1.399153e+03 4.835512e+04 7.162627e+02 3.658355e+04 -4.835512e+04 1.399153e+03
2.929293e-03 4.714418e+04 7.264234e+02 1.849314e+03 -5.914597e+04 7.264234e+02 4.714418e+04 -5.914597e+04 1.849314e+03 1.901334e+03 5.914470e+04 -3.629697e+04 4.942120e+02 5.914470e+04 1.901334e+03 4.942120e+02 -3.629697e+04 2.268823e+03 6.740327e+04 -4.136696e+04 4.351566e+02 -6.740327e+04 -2.268823e+03 -4.351566e+02 4.136696e+04 -4.136643e+04 -7.654843e+02 -1.544210e+03 5.189950e+04 7.654843e+02 4.136643e+04 -5.189950e+04 1.544210e+03
3.131313e-03 5.333369e+04 7.855988e+02 2.036441e+03 -6.387660e+04 7.855988e+02 5.333369e+04 -6.387660e+04 2.036441e+03 2.095387e+03 6.387530e+04 -4.106237e+04 5.344511e+02 6.387530e+04 2.095387e+03 5.344511e+02 -4.106237e+04 2.499468e+03 7.279462e+04 -4.679797e+04 4.754480e+02 -7.279462e+04 -2.499468e+03 -4.754480e+02 4.679797e+04 -4.679739e+04 -8.229755e+02 -1.701099e+03 5.605036e+04 8.229755e+02 4.679739e+04 -5.605036e+04 1.701099e+03
3.333333e-03 6.042829e+04 8.553882e+02 2.240128e+03 -6.944125e+04 8.553882e+02 6.042829e+04 -6.944125e+04 2.240128e+03 2.307040e+03 6.943991e+04 -4.652460e+04 5.819060e+02 6.943991e+04 2.307040e+03 5.819060e+02 -4.652460e+04 2.750794e+03 7.913648e+04 -5.302315e+04 5.233137e+02 -7.913648e+04 -2.750794e+03 -5.233137e+02 5.302315e+04 -5.302251e+04 -8.904294e+02 -1.872040e+03 6.093303e+04 8.904294e+02 5.302251e+04 -6.093303e+04 1.872040e+03
3.535354e-03 6.864199e+04 9.382074e+02 2.463596e+03 -7.602475e+04 9.382074e+02 6.864199e+04 -7.602475e+04 2.463596e+03 2.539766e+03 7.602336e+04 -5.284845e+04 6.382186e+02 7.602336e+04 2.539766e+03 6.382186e+02 -5.284845e+04 3.026853e+03 8.663948e+04 -6.023028e+04 5.805474e+02 -8.663948e+04 -3.026853e+03 -5.805474e+02 6.023028e+04 -6.022958e+04 -9.700430e+02 -2.059784e+03 6.670968e+04 9.700430e+02 6.022958e+04 -6.670968e+04 2.059784e+03
3.737374e-03 7.825427e+04 1.037249e+03 2.710904e+03 -8.386965e+04 1.037249e+03 7.825427e+04 -8.386965e+04 2.710904e+03 2.797955e+03 8.386821e+04 -6.024908e+04 7.055592e+02 8.386821e+04 2.797955e+03 7.055592e+02 -6.024908e+04 3.332762e+03 9.558006e+04 -6.866460e+04 6.495295e+02 -9.558006e+04 -3.332762e+03 -6.495295e+02 6.866460e+04 -6.866383e+04 -1.064711e+03 -2.267808e+03 7.359314e+04 1.064711e+03 6.866383e+04 -7.359314e+04 2.267808e+03
3.939394e-03 8.963665e+04 1.156808e+03 2.987259e+03 -9.329950e+04 1.156808e+03 8.963665e+04 -9.329950e+04 2.987259e+03 3.087260e+03 9.329800e+04 -6.901254e+04 7.868464e+02 9.329800e+04 3.087260e+03 7.868464e+02 -6.901254e+04 3.675095e+03 1.063270e+05 -7.865209e+04 7.334745e+02 -1.063270e+05 -3.675095e+03 -7.334745e+02 7.865209e+04 -7.865125e+04 -1.178313e+03 -2.500579e+03 8.186731e+04 1.178313e+03 7.865125e+04 -8.186731e+04 2.500579e+03
4.141414e-03 1.032930e+05 1.302780e+03 3.299489e+03 -1.047542e+05 1.302780e+03 1.032930e+05 -1.047542e+05 3.299489e+03 3.415118e+03 1.047526e+05 -7.952676e+04 8.860878e+02 1.047526e+05 3.415118e+03 8.860878e+02 -7.952676e+04 4.062486e+03 1.193815e+05 -9.063488e+04 8.368135e+02 -1.193815e+05 -4.062486e+03 -8.368135e+02 9.063488e+04 -9.063395e+04 -1.316159e+03 -2.763964e+03 9.191816e+04 1.316159e+03 9.063395e+04 -9.191816e+04 2.763964e+03
4.343434e-03 1.199227e+05 1.483458e+03 3.656759e+03 -1.188453e+05 1.483458e+03 1.199227e+05 -1.188453e+05 3.656759e+03 3.791548e+03 1.188437e+05 -9.233021e+04 1.008920e+03 1.188437e+05 3.791548e+03 1.008920e+03 -9.233021e+04 4.506551e+03 1.354407e+05 -1.052266e+05 9.658038e+02 -1.354407e+05 -4.506551e+03 -9.658038e+02 1.052266e+05 -1.052256e+05 -1.485693e+03 -3.065856e+03 1.042824e+05 1.485693e+03 1.052256e+05 -1.042824e+05 3.065856e+03
4.545455e-03 1.405234e+05 1.710852e+03 4.071739e+03 -1.364465e+05 1.710852e+03 1.405234e+05 -1.364465e+05 4.071739e+03 4.230460e+03 1.364447e+05 -1.081910e+05 1.163504e+03 1.364447e+05 4.230460e+03 1.163504e+03 -1.081910e+05 5.023380e+03 1.555002e+05 -1.233028e+05 1.129540e+03 -1.555002e+05 -5.023380e+03 -1.129540e+03 1.233028e+05 -1.233016e+05 -1.697657e+03 -3.417187e+03 1.197264e+05 1.697657e+03 1.233016e+05 -1.197264e+05 3.417187e+03
4.747475e-03 1.665657e+05 2.002971e+03 4.562577e+03 -1.588463e+05 2.002971e+03 1.665657e+05 -1.588463e+05 4.562577e+03 4.751858e+03 1.588444e+05 -1.282413e+05 1.362081e+03 1.588444e+05 4.751858e+03 1.362081e+03 -1.282413e+05 5.636071e+03 1.810285e+05 -1.461536e+05 1.341714e+03 -1.810285e+05 -5.636071e+03 -1.341714e+03 1.461536e+05 -1.461523e+05 -1.968114e+03 -3.833652e+03 1.393810e+05 1.968114e+03 1.461523e+05 -1.393810e+05 3.833652e+03
4.949495e-03 2.003073e+05 2.388042e+03 5.156444e+03 -1.880241e+05 2.388042e+03 2.003073e+05 -1.880241e+05 5.156444e+03 5.385816e+03 1.880221e+05 -1.542194e+05 1.623833e+03 1.880221e+05 5.385816e+03 1.623833e+03 -1.542194e+05 6.379277e+03 2.142815e+05 -1.757601e+05 1.623859e+03 -2.142815e+05 -6.379277e+03 -1.623859e+03 1.757601e+05 -1.757586e+05 -2.322160e+03 -4.338799e+03 1.649829e+05 2.322160e+03 1.757586e+05 -1.649829e+05 4.338799e+03
5.151515e-03 2.453983e+05 2.912863e+03 5.896410e+03 -2.271815e+05 2.912863e+03 2.453983e+05 -2.271815e+05 5.896410e+03 6.180224e+03 2.271793e+05 -1.889357e+05 1.980567e+03 2.271793e+05 6.180224e+03 1.980567e+03 -1.889357e+05 7.308063e+03 2.589079e+05 -2.153253e+05 2.011799e+03 -2.589079e+05 -7.308063e+03 -2.011799e+03 2.153253e+05 -2.153236e+05 -2.801281e+03 -4.970045e+03 1.993414e+05 2.801281e+03 2.153236e+05 -1.993414e+05 4.970045e+03
5.353535e-03 3.081654e+05 3.661094e+03 6.856216e+03 -2.818683e+05 3.661094e+03 3.081654e+05 -2.818683e+05 6.856216e+03 7.217434e+03 2.818658e+05 -2.372609e+05 2.489137e+03 2.818658e+05 7.217434e+03 2.489137e+03 -2.372609e+05 8.516923e+03 3.212326e+05 -2.704002e+05 2.569775e+03 -3.212326e+05 -8.516923e+03 -2.569775e+03 2.704002e+05 -2.703983e+05 -3.479442e+03 -5.791604e+03 2.473261e+05 3.479442e+03 2.703983e+05 -2.473261e+05 5.791604e+03
5.555556e-03 4.007127e+05 4.799161e+03 8.176747e+03 -3.627041e+05 4.799161e+03 4.007127e+05 -3.627041e+05 8.176747e+03 8.655461e+03 3.627012e+05 -3.085145e+05 3.262648e+03 3.627012e+05 8.655461e+03 3.262648e+03 -3.085145e+05 1.018680e+04 4.133584e+05 -3.516059e+05 3.425937e+03 -4.133584e+05 -1.018680e+04 -3.425937e+03 3.516059e+05 -3.516035e+05 -4.503419e+03 -6.926435e+03 3.182551e+05 4.503419e+03 3.516035e+05 -3.182551e+05 6.926435e+03
5.757576e-03 5.500860e+05 6.717831e+03 1.017715e+04 -4.934191e+05 6.717831e+03 5.500860e+05 -4.934191e+05 1.017715e+04 1.085367e+04 4.934155e+05 -4.235192e+05 4.566669e+03 4.934155e+05 1.085367e+04 4.566669e+03 -4.235192e+05 1.272842e+04 5.623299e+05 -4.826735e+05 4.881920e+03 -5.623299e+05 -1.272842e+04 -4.881920e+03 4.826735e+05 -4.826705e+05 -6.217121e+03 -8.653668e+03 4.329504e+05 6.217121e+03 4.826705e+05 -4.329504e+05 8.653668e+03
5.959596e-03 8.369043e+05 1.065902e+04 1.384275e+04 -7.447516e+05 1.065902e+04 8.369043e+05 -7.447516e+05 1.384275e+04 1.492519e+04 7.447467e+05 -6.443449e+05 7.245221e+03 7.447467e+05 1.492519e+04 7.245221e+03 -6.443449e+05 1.741206e+04 8.487649e+05 -7.343424e+05 7.898163e+03 -8.487649e+05 -1.741206e+04 -7.898163e+03 7.343424e+05 -7.343380e+05 -9.711726e+03 -1.183658e+04 6.534810e+05 9.711726e+03 7.343380e+05 -6.534810e+05 1.183658e+04
6.161616e-03 1.825055e+06 2.611578e+04 2.656098e+04 -1.611485e+06 2.611578e+04 1.825055e+06 -1.611485e+06 2.656098e+04 2.923423e+04 1.611475e+06 -1.405138e+06 1.775005e+04 1.611475e+06 2.923423e+04 1.775005e+04 -1.405138e+06 3.377265e+04 1.836550e+06 -1.601397e+06 1.982537e+04 -1.836550e+06 -3.377265e+04 -1.982537e+04 1.601397e+06 -1.601387e+06 -2.331904e+04 -2.295535e+04 1.413992e+06 2.331904e+04 1.601387e+06 -1.413992e+06 2.295535e+04
6.363636e-03 -4.948401e+04 -1.068521e+04 -1.011015e+03 3.364253e+04 -1.068521e+04 -4.948401e+04 3.364253e+04 -1.011015e+03 -2.123134e+03 -3.363943e+04 3.810286e+04 -7.261666e+03 -3.363943e+04 -2.123134e+03 -7.261666e+03 3.810286e+04 -1.898090e+03 -3.833915e+04 4.342360e+04 -8.736384e+03 3.833915e+04 1.898090e+03 8.736384e+03 -4.342360e+04 4.342001e+04 8.915215e+03 1.288676e+03 -2.951794e+04 -8.915215e+03 -4.342001e+04 2.951794e+04 -1.288676e+03
6.565657e-03 5.061411e+05 -4.724860e+03 4.815040e+03 -4.535971e+05 -4.724860e+03 5.061411e+05 -4.535971e+05 4.815040e+03 4.316376e+03 4.535981e+05 -3.896810e+05 -3.210686e+03 4.535981e+05 4.316376e+03 -3.210686e+03 -3.896810e+05 5.526923e+03 5.169516e+05 -4.441095e+05 -4.193587e+03 -5.169516e+05 -5.526923e+03 4.193587e+03 4.441095e+05 -4.441109e+05 3.611342e+03 -3.757091e+03 3.980085e+05 -3.611342e+03 4.441109e+05 -3.980085e+05 3.757091e+03
6.767677e-03 1.350587e+06 2.850067e+02 1.034326e+04 -1.194273e+06 2.850067e+02 1.350587e+06 -1.194273e+06 1.034326e+04 1.036091e+04 1.194273e+06 -1.039831e+06 1.937359e+02 1.194273e+06 1.036091e+04 1.937359e+02 -1.039831e+06 1.253316e+04 1.361078e+06 -1.185067e+06 -4.152265e+02 -1.361078e+06 -1.253316e+04 4.152265e+02 1.185067e+06 -1.185067e+06 -8.861069e+02 -8.517375e+03 1.047912e+06 8.861069e+02 1.185067e+06 -1.047912e+06 8.517375e+03
6.969697e-03 3.461392e+06 8.269929e+03 1.895828e+04 -3.046123e+06 8.269929e+03 3.461392e+06 -3.046123e+06 1.895828e+04 1.979978e+04 3.046121e+06 -2.664964e+06 5.618818e+03 3.046121e+06 1.979978e+04 5.618818e+03 -2.664964e+06 2.346382e+04 3.471576e+06 -3.037184e+06 5.616850e+03 -3.471576e+06 -2.346382e+04 -5.616850e+03 3.037184e+06 -3.037183e+06 -8.043178e+03 -1.594304e+04 2.672809e+06 8.043178e+03 3.037183e+06 -2.672809e+06 1.594304e+04
7.171717e-03 1.375084e+07 3.503774e+04 4.385328e+04 -1.207430e+07 3.503774e+04 1.375084e+07 -1.207430e+07 4.385328e+04 4.745846e+04 1.207430e+07 -1.058693e+07 2.380296e+04 1.207430e+07 4.745846e+04 2.380296e+04 -1.058693e+07 5.528321e+04 1.376073e+07 -1.206562e+07 2.608109e+04 -1.376073e+07 -5.528321e+04 -2.608109e+04 1.206562e+07 -1.206562e+07 -3.179019e+04 -3.755794e+04 1.059455e+07 3.179019e+04 1.206562e+07 -1.059455e+07 3.755794e+04
7.373737e-03 -4.572425e+08 -5.409225e+05 -3.905101e+05 4.011972e+08 -5.409225e+05 -4.572425e+08 4.011972e+08 -3.905101e+05 -4.463938e+05 -4.011972e+08 3.520363e+08 -3.674369e+05 -4.011972e+08 -4.463938e+05 -3.674369e+05 3.520363e+08 -5.067238e+05 -4.572329e+08 4.012057e+08 -4.205239e+05 4.572329e+08 5.067238e+05 4.205239e+05 -4.012057e+08 4.012057e+08 4.728637e+05 3.442055e+05 -3.520289e+08 -4.728638e+05 -4.012057e+08 3.520289e+08 -3.442055e+05
7.575758e-03 2.652562e+07 2.073818e+04 -4.330417e+04 -2.328299e+07 2.073818e+04 2.652562e+07 -2.328299e+07 -4.330417e+04 -4.117084e+04 2.328299e+07 -2.042238e+07 1.408555e+04 2.328299e+07 -4.117084e+04 1.408555e+04 -2.042238e+07 -5.115090e+04 2.653496e+07 -2.327480e+07 1.977003e+04 -2.653496e+07 5.115090e+04 -1.977003e+04 2.327480e+07 -2.327480e+07 -1.447950e+04 3.474060e+04 2.042957e+07 1.447950e+04 2.327480e+07 -2.042957e+07 -3.474060e+04
7.777778e-03 5.495336e+06 7.051266e+03 -2.339862e+04 -4.829830e+06 7.051266e+03 5.495336e+06 -4.829830e+06 -2.339862e+04 -2.267931e+04 4.829831e+06 -4.230921e+06 4.788794e+03 4.829831e+06 -2.267931e+04 4.788794e+03 -4.230921e+06 -2.790277e+04 5.504418e+06 -4.821860e+06 7.268645e+03 -5.504418e+06 2.790277e+04 -7.268645e+03 4.821860e+06 -4.821861e+06 -4.376119e+03 1.894824e+04 4.237917e+06 4.376119e+03 4.821861e+06 -4.237917e+06 -1.894824e+04
7.979798e-03 2.399532e+06 3.385941e+03 -1.666032e+04 -2.113211e+06 3.385941e+03 2.399532e+06 -2.113211e+06 -1.666032e+04 -1.631965e+04 2.113211e+06 -1.847425e+06 2.299301e+03 2.113211e+06 -1.631965e+04 2.299301e+03 -1.847425e+06 -1.997257e+04 2.408365e+06 -2.105458e+06 3.834036e+03 -2.408365e+06 1.997257e+04 -3.834036e+03 2.105458e+06 -2.105459e+06 -1.757400e+03 1.356103e+04 1.854230e+06 1.757400e+03 2.105459e+06 -1.854230e+06 -1.356103e+04
8.181818e-03 1.433462e+06 2.678605e+03 -1.388210e+04 -1.265328e+06 2.678605e+03 1.433462e+06 -1.265328e+06 -1.388210e+04 -1.361418e+04 1.265328e+06 -1.103637e+06 1.818767e+03 1.265328e+06 -1.361418e+04 1.818767e+03 -1.103637e+06 -1.665276e+04 1.442057e+06 -1.257785e+06 3.080130e+03 -1.442057e+06 1.665276e+04 -3.080130e+03 1.257785e+06 -1.257785e+06 -1.343007e+03 1.130535e+04 1.110259e+06 1.343007e+03 1.257785e+06 -1.110259e+06 -1.130535e+04
8.383838e-03 1.121765e+06 4.453556e+03 -1.394385e+04 -9.916299e+05 4.453556e+03 1.121765e+06 -9.916299e+05 -1.394385e+04 -1.349129e+04 9.916307e+05 -8.636590e+05 3.023525e+03 9.916307e+05 -1.349129e+04 3.023525e+03 -8.636590e+05 -1.661671e+04 1.130131e+06 -9.842876e+05 4.545604e+03 -1.130131e+06 1.661671e+04 -4.545604e+03 9.842876e+05 -9.842888e+05 -2.807984e+03 1.127947e+04 8.701041e+05 2.807984e+03 9.842888e+05 -8.701041e+05 -1.127947e+04
8.585859e-03 1.466791e+06 1.495090e+04 -2.204347e+04 -1.294178e+06 1.495090e+04 1.466791e+06 -1.294178e+06 -2.204347e+04 -2.050017e+04 1.294182e+06 -1.129302e+06 1.014868e+04 1.294182e+06 -2.050017e+04 1.014868e+04 -1.129302e+06 -2.576856e+04 1.474937e+06 -1.287029e+06 1.368848e+04 -1.474937e+06 2.576856e+04 -1.368848e+04 1.287029e+06 -1.287034e+06 -1.099630e+04 1.749025e+04 1.135577e+06 1.099630e+04 1.287034e+06 -1.135577e+06 -1.749025e+04
8.787879e-03 1.442055e+06 1.988118e+04 -2.550563e+04 -1.272288e+06 1.988118e+04 1.442055e+06 -1.272288e+06 -2.550563e+04 -2.344810e+04 1.272294e+06 -1.110259e+06 1.349355e+04 1.272294e+06 -2.344810e+04 1.349355e+04 -1.110259e+06 -2.965283e+04 1.449989e+06 -1.265325e+06 1.796197e+04 -1.449989e+06 2.965283e+04 -1.796197e+04 1.265325e+06 -1.265332e+06 -1.486091e+04 2.012422e+04 1.116371e+06 1.486091e+04 1.265332e+06 -1.116371e+06 -2.012422e+04
8.989899e-03 7.701687e+05 9.704213e+03 -1.588215e+04 -6.825650e+05 9.704213e+03 7.701687e+05 -6.825650e+05 -1.588215e+04 -1.488122e+04 6.825685e+05 -5.929638e+05 6.585492e+03 6.825685e+05 -1.488122e+04 6.585492e+03 -5.929638e+05 -1.863588e+04 7.778984e+05 -6.757812e+05 8.990255e+03 -7.778984e+05 1.863588e+04 -8.990255e+03 6.757812e+05 -6.757850e+05 -7.029974e+03 1.264523e+04 5.989188e+05 7.029974e+03 6.757850e+05 -5.989188e+05 -1.264523e+04
9.191919e-03 5.246535e+05 6.360170e+03 -1.237698e+04 -4.669664e+05 6.360170e+03 5.246535e+05 -4.669664e+05 -1.237698e+04 -1.172309e+04 4.669689e+05 -4.039381e+05 4.315577e+03 4.669689e+05 -1.172309e+04 4.315577e+03 -4.039381e+05 -1.460054e+04 5.321869e+05 -4.603549e+05 6.021696e+03 -5.321869e+05 1.460054e+04 -6.021696e+03 4.603549e+05 -4.603578e+05 -4.477360e+03 9.905410e+03 4.097419e+05 4.477360e+03 4.603578e+05 -4.097419e+05 -9.905410e+03
9.393939e-03 3.901355e+05 4.632206e+03 -1.038170e+04 -3.487681e+05 4.632206e+03 3.901355e+05 -3.487681e+05 -1.038170e+04 -9.907087e+03 3.487700e+05 -3.003707e+05 3.142671e+03 3.487700e+05 -9.907087e+03 3.142671e+03 -3.003707e+05 -1.229253e+04 3.974796e+05 -3.423227e+05 4.476863e+03 -3.974796e+05 1.229253e+04 -4.476863e+03 3.423227e+05 -3.423250e+05 -3.169271e+03 8.338184e+03 3.060288e+05 3.169271e+03 3.423250e+05 -3.060288e+05 -8.338184e+03
9.595960e-03 3.047589e+05 3.575855e+03 -9.046462e+03 -2.736947e+05 3.575855e+03 3.047589e+05 -2.736947e+05 -9.046462e+03 -8.681391e+03 2.736964e+05 -2.346381e+05 2.425663e+03 2.736964e+05 -8.681391e+03 2.425663e+03 -2.346381e+05 -1.074178e+04 3.119207e+05 -2.674094e+05 3.525718e+03 -3.119207e+05 1.074178e+04 -3.525718e+03 2.674094e+05 -2.674114e+05 -2.376371e+03 7.285047e+03 2.401557e+05 2.376371e+03 2.674114e+05 -2.401557e+05 -7.285047e+03
9.797980e-03 2.460150e+05 2.867458e+03 -8.072254e+03 -2.219959e+05 2.867458e+03 2.460150e+05 -2.219959e+05 -8.072254e+03 -7.780607e+03 2.219973e+05 -1.894103e+05 1.944849e+03 2.219973e+05 -7.780607e+03 1.944849e+03 -1.894103e+05 -9.606451e+03 2.530011e+05 -2.158649e+05 2.883334e+03 -2.530011e+05 9.606451e+03 -2.883334e+03 2.158649e+05 -2.158666e+05 -1.849206e+03 6.513947e+03 1.947926e+05 1.849206e+03 2.158666e+05 -1.947926e+05 -6.513947e+03
1.000000e-02 2.034126e+05 2.363048e+03 -7.321776e+03 -1.844658e+05 2.363048e+03 2.034126e+05 -1.844658e+05 -7.321776e+03 -7.082378e+03 1.844669e+05 -1.566101e+05 1.602501e+03 1.844669e+05 -7.082378e+03 1.602501e+03 -1.566101e+05 -8.729291e+03 2.102291e+05 -1.784836e+05 2.422702e+03 -2.102291e+05 8.729291e+03 -2.422702e+03 1.784836e+05 -1.784851e+05 -1.477082e+03 5.918125e+03 1.618618e+05 1.477082e+03 1.784851e+05 -1.618618e+05 -5.918125e+03
