-1.000000e-02 1.754433e+03 3.212125e+03 2.739048e+03 -1.329921e+04 -2.308564e+03 -5.800023e+04 -1.690807e+04 2.202281e+03 2.707958e+03 1.322917e+04 -1.391289e+03 2.205427e+03 1.697815e+04 2.167095e+03 -1.592674e+03 4.469571e+04 3.295200e+03 1.515745e+04 -1.558967e+03 2.922865e+03 -1.934971e+04 -2.690282e+03 1.688449e+03 -5.091710e+04 -1.563841e+03 -2.409251e+03 -2.242944e+03 1.160800e+04 -2.152512e+03 -5.091333e+04 -1.483630e+04 1.762441e+03
-9.797980e-03 1.907301e+03 3.336271e+03 2.783192e+03 -1.355637e+04 -2.382705e+03 -6.106841e+04 -1.744289e+04 2.230438e+03 2.750467e+03 1.348407e+04 -1.509357e+03 2.290264e+03 1.751521e+04 2.193516e+03 -1.643518e+03 4.705832e+04 3.347572e+03 1.545065e+04 -1.693194e+03 3.031000e+03 -1.996187e+04 -2.724181e+03 1.746515e+03 -5.360959e+04 -1.698358e+03 -2.506743e+03 -2.278663e+03 1.183153e+04 -2.217455e+03 -5.360561e+04 -1.530547e+04 1.784231e+03
-9.595960e-03 2.071998e+03 3.468009e+03 2.828743e+03 -1.380991e+04 -2.460345e+03 -6.435208e+04 -1.800071e+04 2.259066e+03 2.794265e+03 1.373522e+04 -1.636521e+03 2.380283e+03 1.807536e+04 2.220287e+03 -1.696763e+03 4.958683e+04 3.401576e+03 1.573972e+04 -1.837782e+03 3.145760e+03 -2.060036e+04 -2.758645e+03 1.807320e+03 -5.649115e+04 -1.843258e+03 -2.610175e+03 -2.315492e+03 1.205178e+04 -2.285465e+03 -5.648696e+04 -1.579482e+04 1.806307e+03
-9.393939e-03 2.249579e+03 3.607972e+03 2.875764e+03 -1.405784e+04 -2.541684e+03 -6.786982e+04 -1.858262e+04 2.288155e+03 2.839406e+03 1.398066e+04 -1.773589e+03 2.475916e+03 1.865971e+04 2.247387e+03 -1.752544e+03 5.229553e+04 3.457283e+03 1.602242e+04 -1.993656e+03 3.267699e+03 -2.126645e+04 -2.793661e+03 1.871020e+03 -5.957810e+04 -1.999467e+03 -2.720044e+03 -2.353477e+03 1.226701e+04 -2.356716e+03 -5.957366e+04 -1.630530e+04 1.828652e+03
-9.191919e-03 2.441207e+03 3.756862e+03 2.924321e+03 -1.429781e+04 -2.626934e+03 -7.164206e+04 -1.918978e+04 2.317692e+03 2.885946e+03 1.421802e+04 -1.921457e+03 2.577640e+03 1.926942e+04 2.274790e+03 -1.811008e+03 5.520016e+04 3.514769e+03 1.629605e+04 -2.161833e+03 3.397430e+03 -2.196143e+04 -2.829211e+03 1.937781e+03 -6.288836e+04 -2.168004e+03 -2.836895e+03 -2.392670e+03 1.247514e+04 -2.431395e+03 -6.288366e+04 -1.683793e+04 1.851244e+03
-8.989899e-03 2.648167e+03 3.915456e+03 2.974487e+03 -1.452703e+04 -2.716319e+03 -7.569135e+04 -1.982335e+04 2.347660e+03 2.933944e+03 1.444450e+04 -2.081108e+03 2.685987e+03 1.990566e+04 2.302467e+03 -1.872306e+03 5.831808e+04 3.574112e+03 1.655745e+04 -2.343436e+03 3.535634e+03 -2.268667e+04 -2.865274e+03 2.007777e+03 -6.644171e+04 -2.349997e+03 -2.961335e+03 -2.433124e+03 1.267372e+04 -2.509697e+03 -6.643674e+04 -1.739373e+04 1.874061e+03
-8.787879e-03 2.871875e+03 4.084623e+03 3.026339e+03 -1.474219e+04 -2.810077e+03 -8.004257e+04 -2.048457e+04 2.378038e+03 2.983462e+03 1.465678e+04 -2.253632e+03 2.801548e+03 2.056967e+04 2.330381e+03 -1.936603e+03 6.166844e+04 3.635398e+03 1.680282e+04 -2.539708e+03 3.683070e+03 -2.344357e+04 -2.901821e+03 2.081195e+03 -7.026000e+04 -2.546689e+03 -3.094041e+03 -2.474896e+03 1.285983e+04 -2.591831e+03 -7.025473e+04 -1.797378e+04 1.897072e+03
-8.585859e-03 3.113904e+03 4.265329e+03 3.079959e+03 -1.493935e+04 -2.908460e+03 -8.472325e+04 -2.117469e+04 2.408801e+03 3.034569e+03 1.485093e+04 -2.440235e+03 2.924981e+03 2.126271e+04 2.358493e+03 -2.004071e+03 6.527242e+04 3.698718e+03 1.702770e+04 -2.752022e+03 3.840585e+03 -2.423356e+04 -2.938823e+03 2.158231e+03 -7.436735e+04 -2.759458e+03 -3.235767e+03 -2.518049e+03 1.303002e+04 -2.678018e+03 -7.436176e+04 -1.857918e+04 1.920245e+03
-8.383838e-03 3.375990e+03 4.458659e+03 3.135436e+03 -1.511385e+04 -3.011731e+03 -8.976381e+04 -2.189499e+04 2.439918e+03 3.087336e+03 1.502227e+04 -2.642252e+03 3.057025e+03 2.198608e+04 2.386752e+03 -2.074890e+03 6.915345e+04 3.764168e+03 1.722677e+04 -2.981901e+03 4.009125e+03 -2.505812e+04 -2.976238e+03 2.239093e+03 -7.879049e+04 -2.989829e+03 -3.387356e+03 -2.562648e+03 1.318018e+04 -2.768489e+03 -7.878456e+04 -1.921106e+04 1.943540e+03
-8.181818e-03 3.660065e+03 4.665828e+03 3.192868e+03 -1.526017e+04 -3.120172e+03 -9.519803e+04 -2.264680e+04 2.471355e+03 3.141839e+03 1.516525e+04 -2.861163e+03 3.198509e+03 2.274110e+04 2.415105e+03 -2.149253e+03 7.333753e+04 3.831855e+03 1.739373e+04 -3.231033e+03 4.189756e+03 -2.591876e+04 -3.014024e+03 2.323998e+03 -8.355903e+04 -3.239494e+03 -3.549755e+03 -2.608763e+03 1.330547e+04 -2.863491e+03 -8.355272e+04 -1.987058e+04 1.966913e+03
-7.979798e-03 3.968270e+03 4.888206e+03 3.252358e+03 -1.537175e+04 -3.234077e+03 -1.010634e+05 -2.343146e+04 2.503071e+03 3.198162e+03 1.527333e+04 -3.098613e+03 3.350364e+03 2.352911e+04 2.443488e+03 -2.227363e+03 7.785350e+04 3.901893e+03 1.752110e+04 -3.501293e+03 4.383676e+03 -2.681702e+04 -3.052127e+03 2.413178e+03 -8.870584e+04 -3.510332e+03 -3.724029e+03 -2.656473e+03 1.340011e+04 -2.963282e+03 -8.869913e+04 -2.055890e+04 1.990313e+03
-7.777778e-03 4.302990e+03 5.127341e+03 3.314021e+03 -1.544080e+04 -3.353755e+03 -1.074015e+05 -2.425031e+04 2.535018e+03 3.256396e+03 1.533870e+04 -3.356433e+03 3.513645e+03 2.435147e+04 2.471828e+03 -2.309430e+03 8.273341e+04 3.974405e+03 1.760003e+04 -3.794768e+03 4.592241e+03 -2.775444e+04 -3.090487e+03 2.506873e+03 -9.426749e+04 -3.804434e+03 -3.911385e+03 -2.705861e+03 1.345727e+04 -3.068133e+03 -9.426033e+04 -2.127722e+04 2.013680e+03
-7.575758e-03 4.666880e+03 5.384989e+03 3.377984e+03 -1.545810e+04 -3.479532e+03 -1.142588e+05 -2.510471e+04 2.567142e+03 3.316639e+03 1.535213e+04 -3.636660e+03 3.689548e+03 2.520957e+04 2.500043e+03 -2.395678e+03 8.801300e+04 4.049530e+03 1.761999e+04 -4.113783e+03 4.816988e+03 -2.873260e+04 -3.129034e+03 2.605338e+03 -1.002847e+05 -4.124131e+03 -4.113187e+03 -2.757019e+03 1.346884e+04 -3.178330e+03 -1.002770e+05 -2.202674e+04 2.036949e+03
-7.373737e-03 5.062905e+03 5.663150e+03 3.444386e+03 -1.541266e+04 -3.611747e+03 -1.216870e+05 -2.599605e+04 2.599382e+03 3.378999e+03 1.530261e+04 -3.941572e+03 3.879435e+03 2.610476e+04 2.528039e+03 -2.486337e+03 9.373212e+04 4.127418e+03 1.756846e+04 -4.460930e+03 5.059669e+03 -2.975305e+04 -3.167691e+03 2.708836e+03 -1.068028e+05 -4.472022e+03 -4.330990e+03 -2.810050e+03 1.342517e+04 -3.294170e+03 -1.067947e+05 -2.280864e+04 2.060044e+03
-7.171717e-03 5.494380e+03 5.964111e+03 3.513384e+03 -1.529141e+04 -3.750750e+03 -1.297441e+05 -2.692567e+04 2.631670e+03 3.443600e+03 1.517707e+04 -4.273711e+03 4.084862e+03 2.703843e+04 2.555712e+03 -2.581651e+03 9.993535e+04 4.208237e+03 1.743056e+04 -4.839112e+03 5.322286e+03 -3.081736e+04 -3.206369e+03 2.817643e+03 -1.138728e+05 -4.851015e+03 -4.566573e+03 -2.865067e+03 1.331478e+04 -3.415962e+03 -1.138640e+05 -2.362413e+04 2.082881e+03
-6.969697e-03 5.965019e+03 6.290502e+03 3.585154e+03 -1.507876e+04 -3.896909e+03 -1.384950e+05 -2.789492e+04 2.663930e+03 3.510577e+03 1.495990e+04 -4.635930e+03 4.307619e+03 2.801192e+04 2.582946e+03 -2.681868e+03 1.066726e+05 4.292179e+03 1.718850e+04 -5.251579e+03 5.607144e+03 -3.192707e+04 -3.244970e+03 2.932042e+03 -1.215514e+05 -5.264368e+03 -4.821979e+03 -2.922199e+03 1.312398e+04 -3.544027e+03 -1.215421e+05 -2.447439e+04 2.105367e+03
-6.767677e-03 6.478993e+03 6.645357e+03 3.659898e+03 -1.475610e+04 -4.050598e+03 -1.480125e+05 -2.890516e+04 2.696080e+03 3.580087e+03 1.463247e+04 -5.031429e+03 4.549772e+03 2.902661e+04 2.609611e+03 -2.787246e+03 1.140001e+05 4.379459e+03 1.682108e+04 -5.701981e+03 5.916902e+03 -3.308375e+04 -3.283389e+03 3.052327e+03 -1.299028e+05 -5.715739e+03 -5.099566e+03 -2.981591e+03 1.283641e+04 -3.678697e+03 -1.298927e+05 -2.536059e+04 2.127398e+03
-6.565657e-03 7.041002e+03 7.032205e+03 3.737845e+03 -1.430111e+04 -4.212201e+03 -1.583788e+05 -2.995773e+04 2.728031e+03 3.652309e+03 1.417244e+04 -5.463817e+03 4.813722e+03 3.008384e+04 2.635565e+03 -2.898049e+03 1.219810e+05 4.470329e+03 1.630288e+04 -6.194431e+03 6.254652e+03 -3.428892e+04 -3.321509e+03 3.178797e+03 -1.389989e+05 -6.209251e+03 -5.402073e+03 -3.043414e+03 1.243250e+04 -3.820307e+03 -1.389881e+05 -2.628393e+04 2.148862e+03
-6.363636e-03 7.656354e+03 7.455165e+03 3.819267e+03 -1.368701e+04 -4.382109e+03 -1.696870e+05 -3.105400e+04 2.759691e+03 3.727453e+03 1.355303e+04 -5.937169e+03 5.102273e+03 3.118499e+04 2.660654e+03 -3.014542e+03 1.306869e+05 4.565078e+03 1.560335e+04 -6.733573e+03 6.624005e+03 -3.554417e+04 -3.359207e+03 3.311753e+03 -1.489214e+05 -6.749561e+03 -5.732701e+03 -3.107862e+03 1.188871e+04 -3.969203e+03 -1.489098e+05 -2.724560e+04 2.169636e+03
-6.161616e-03 8.331072e+03 7.919088e+03 3.904481e+03 -1.288153e+04 -4.560711e+03 -1.820424e+05 -3.219541e+04 2.790965e+03 3.805771e+03 1.274193e+04 -6.456108e+03 5.418724e+03 3.233150e+04 2.684712e+03 -3.136994e+03 1.401990e+05 4.664053e+03 1.468573e+04 -7.324679e+03 7.029212e+03 -3.685113e+04 -3.396356e+03 3.451500e+03 -1.597628e+05 -7.341951e+03 -6.095213e+03 -3.175170e+03 1.117671e+04 -4.125727e+03 -1.597503e+05 -2.824687e+04 2.189588e+03
-5.959596e-03 9.072018e+03 8.429721e+03 3.993869e+03 -1.184561e+04 -4.748391e+03 -1.955657e+05 -3.338353e+04 2.821760e+03 3.887562e+03 1.170007e+04 -7.025903e+03 5.766988e+03 3.352498e+04 2.707562e+03 -3.265668e+03 1.506101e+05 4.767667e+03 1.350551e+04 -7.973754e+03 7.475315e+03 -3.821163e+04 -3.432830e+03 3.598333e+03 -1.716289e+05 -7.992444e+03 -6.494072e+03 -3.245617e+03 1.026223e+04 -4.290222e+03 -1.716154e+05 -2.928911e+04 2.208582e+03
-5.757576e-03 9.887060e+03 8.993938e+03 4.087894e+03 -1.053183e+04 -4.945524e+03 -2.103953e+05 -3.462023e+04 2.851992e+03 3.973196e+03 1.037999e+04 -7.652593e+03 6.151739e+03 3.476728e+04 2.729025e+03 -3.400820e+03 1.620268e+05 4.876427e+03 1.200864e+04 -8.687682e+03 7.968338e+03 -3.962780e+04 -3.468508e+03 3.752543e+03 -1.846412e+05 -8.707941e+03 -6.934608e+03 -3.319545e+03 9.103597e+03 -4.463017e+03 -1.846265e+05 -3.037396e+04 2.226477e+03
-5.555556e-03 1.078528e+04 9.620031e+03 4.187128e+03 -8.882217e+03 -5.152460e+03 -2.266911e+05 -3.590786e+04 2.881597e+03 4.063133e+03 8.723704e+03 -8.343153e+03 6.578620e+03 3.606079e+04 2.748918e+03 -3.542693e+03 1.745722e+05 4.990956e+03 1.012905e+04 -9.474411e+03 8.515558e+03 -4.110234e+04 -3.503289e+03 3.914398e+03 -1.989400e+05 -9.496409e+03 -7.423258e+03 -3.397378e+03 7.649948e+03 -4.644426e+03 -1.989241e+05 -3.150349e+04 2.243135e+03
-5.353535e-03 1.177725e+04 1.031812e+04 4.292285e+03 -6.825524e+03 -5.369517e+03 -2.446405e+05 -3.724965e+04 2.910541e+03 4.157958e+03 6.659915e+03 -9.105707e+03 7.054516e+03 3.740873e+04 2.767070e+03 -3.691505e+03 1.883905e+05 5.112045e+03 7.785552e+03 -1.034320e+04 9.125848e+03 -4.263894e+04 -3.537104e+03 4.084142e+03 -2.146896e+05 -1.036713e+04 -7.967869e+03 -3.479648e+03 5.838722e+03 -4.834736e+03 -2.146724e+05 -3.268052e+04 2.258429e+03
-5.151515e-03 1.287545e+04 1.110070e+04 4.404281e+03 -4.273454e+03 -5.596965e+03 -2.644644e+05 -3.865023e+04 2.938844e+03 4.258421e+03 4.100285e+03 -9.949825e+03 7.587928e+03 3.881577e+04 2.783334e+03 -3.847444e+03 2.036518e+05 5.240703e+03 4.877507e+03 -1.130495e+04 9.810169e+03 -4.424290e+04 -3.569941e+03 4.261978e+03 -2.320840e+05 -1.133105e+04 -8.578133e+03 -3.567041e+03 3.592405e+03 -5.034194e+03 -2.320653e+05 -3.390913e+04 2.272256e+03
-4.949495e-03 1.409475e+04 1.198342e+04 4.524303e+03 -1.115562e+03 -5.835006e+03 -2.864282e+05 -4.011660e+04 2.966612e+03 4.365512e+03 9.343108e+02 -1.088695e+04 8.189502e+03 4.028890e+04 2.797606e+03 -4.010653e+03 2.205605e+05 5.378249e+03 1.279049e+03 -1.237271e+04 1.058225e+04 -4.592221e+04 -3.601884e+03 4.448054e+03 -2.513561e+05 -1.240124e+04 -9.266185e+03 -3.660450e+03 8.140342e+02 -5.242991e+03 -2.513356e+05 -3.519545e+04 2.284556e+03
-4.747475e-03 1.545330e+04 1.298620e+04 4.653926e+03 2.787920e+03 -6.083752e+03 -3.108563e+05 -4.165954e+04 2.994082e+03 4.480556e+03 -2.977851e+03 -1.193101e+04 8.872795e+03 4.183895e+04 2.809866e+03 -4.181215e+03 2.393661e+05 5.526442e+03 -3.169110e+03 -1.356233e+04 1.145957e+04 -4.768921e+04 -3.633161e+03 4.642446e+03 -2.727903e+05 -1.359360e+04 -1.004748e+04 -3.761068e+03 -2.619096e+03 -5.461245e+03 -2.727679e+05 -3.654894e+04 2.295341e+03
-4.545455e-03 1.697366e+04 1.413490e+04 4.795283e+03 7.616455e+03 -6.343191e+03 -3.381540e+05 -4.329600e+04 3.021698e+03 4.605368e+03 -7.815763e+03 -1.309934e+04 9.655400e+03 4.348291e+04 2.820221e+03 -4.359134e+03 2.603809e+05 5.687673e+03 -8.671496e+03 -1.489357e+04 1.246483e+04 -4.956326e+04 -3.664230e+03 4.845129e+03 -2.967425e+05 -1.492795e+04 -1.094206e+04 -3.870516e+03 -6.864544e+03 -5.688975e+03 -2.967179e+05 -3.798448e+04 2.304743e+03
-4.343434e-03 1.868474e+04 1.546385e+04 4.951339e+03 1.360471e+04 -6.613149e+03 -3.688434e+05 -4.505306e+04 3.050223e+03 4.742489e+03 -1.381423e+04 -1.441417e+04 1.056068e+04 4.524791e+04 2.828996e+03 -4.544307e+03 2.840065e+05 5.865277e+03 -1.549555e+04 -1.639173e+04 1.362814e+04 -5.157527e+04 -3.695911e+03 5.055945e+03 -3.236706e+05 -1.642968e+04 -1.197655e+04 -3.991059e+03 -1.212834e+04 -5.926069e+03 -3.236435e+05 -3.952581e+04 2.313084e+03
-4.141414e-03 2.062488e+04 1.701991e+04 5.126329e+03 2.106677e+04 -6.893236e+03 -4.036199e+05 -4.697449e+04 3.080926e+03 4.895583e+03 -2.128755e+04 -1.590496e+04 1.162053e+04 4.717783e+04 2.836862e+03 -4.736494e+03 3.107785e+05 6.064041e+03 -2.399922e+04 -1.809039e+04 1.499062e+04 -5.377526e+04 -3.729596e+03 5.274560e+03 -3.541850e+05 -1.813246e+04 -1.318731e+04 -4.125946e+03 -1.868627e+04 -6.172245e+03 -3.541550e+05 -4.121135e+04 2.320997e+03
-3.939394e-03 2.284723e+04 1.886925e+04 5.326519e+03 3.043586e+04 -7.182765e+03 -4.434515e+05 -4.913245e+04 3.115902e+03 5.070102e+03 -3.066925e+04 -1.761258e+04 1.287996e+04 4.934495e+04 2.845064e+03 -4.935267e+03 3.414421e+05 6.291060e+03 -3.467622e+04 -2.003605e+04 1.661033e+04 -5.624563e+04 -3.767610e+03 5.500394e+03 -3.891350e+05 -2.008296e+04 -1.462563e+04 -4.279995e+03 -2.691873e+04 -6.426994e+03 -3.891016e+05 -4.310440e+04 2.329620e+03
-3.737374e-03 2.542940e+04 2.110929e+04 5.561560e+03 4.233356e+04 -7.480630e+03 -4.897577e+05 -5.164891e+04 3.158633e+03 5.274500e+03 -4.258138e+04 -1.959670e+04 1.440532e+04 5.187152e+04 2.855831e+03 -5.139942e+03 3.770900e+05 6.557298e+03 -4.823495e+04 -2.229667e+04 1.857278e+04 -5.912569e+04 -3.813862e+03 5.732520e+03 -4.297660e+05 -2.234935e+04 -1.636710e+04 -4.460654e+03 -3.737157e+04 -6.689492e+03 -4.297285e+05 -4.531199e+04 2.340957e+03
-3.535354e-03 2.849246e+04 2.389161e+04 5.847147e+03 5.770005e+04 -7.785104e+03 -5.447584e+05 -5.473782e+04 3.215095e+03 5.522576e+03 -5.796491e+04 -2.195042e+04 1.629979e+04 5.497191e+04 2.873157e+03 -5.349460e+03 4.194314e+05 6.880614e+03 -6.574687e+04 -2.497823e+04 2.101098e+04 -6.265979e+04 -3.875091e+03 5.969489e+03 -4.780262e+05 -2.503797e+04 -1.852931e+04 -4.680056e+03 -5.087044e+04 -6.958466e+03 -4.779838e+05 -4.802182e+04 2.358564e+03
-3.333333e-03 3.224140e+04 2.746982e+04 6.210667e+03 7.806412e+04 -8.093427e+03 -6.122224e+05 -5.879600e+04 3.296089e+03 5.838491e+03 -7.835004e+04 -2.483140e+04 1.873602e+04 5.904377e+04 2.904468e+03 -5.562158e+03 4.713677e+05 7.292218e+03 -8.895424e+04 -2.826020e+04 2.414746e+04 -6.730113e+04 -3.963538e+03 6.208972e+03 -5.372225e+05 -2.832891e+04 -2.130902e+04 -4.959407e+03 -6.875805e+04 -7.231929e+03 -5.371738e+05 -5.158205e+04 2.389013e+03
-3.131313e-03 3.706381e+04 3.231414e+04 6.704961e+03 1.061826e+05 -8.400865e+03 -6.992858e+05 -6.462564e+04 3.422935e+03 6.268969e+03 -1.064963e+05 -2.853774e+04 2.203420e+04 6.489092e+04 2.964684e+03 -5.775248e+03 5.383927e+05 7.852395e+03 -1.209988e+05 -3.248193e+04 2.839486e+04 -7.396591e+04 -4.103428e+03 6.446945e+03 -6.136167e+05 -3.256263e+04 -2.507110e+04 -5.339669e+03 -9.345582e+04 -7.506578e+03 -6.135595e+05 -5.669650e+04 2.445450e+03
-2.929293e-03 4.382016e+04 3.944422e+04 7.448987e+03 1.478794e+05 -8.697954e+03 -8.218096e+05 -7.409549e+04 3.644354e+03 6.919344e+03 -1.482339e+05 -3.373127e+04 2.688868e+04 7.438600e+04 3.088268e+03 -5.983302e+03 6.327176e+05 8.696941e+03 -1.685177e+05 -3.839680e+04 3.464791e+04 -8.478850e+04 -4.350213e+03 6.675274e+03 -7.211266e+05 -3.849508e+04 -3.060684e+04 -5.913122e+03 -1.300796e+05 -7.776057e+03 -7.210569e+05 -6.500477e+04 2.558171e+03
-2.727273e-03 5.502716e+04 5.177039e+04 8.794593e+03 2.193832e+05 -8.959103e+03 -1.026226e+06 -9.286947e+04 4.106167e+03 8.101410e+03 -2.198097e+05 -4.234779e+04 3.528149e+04 9.320470e+04 3.379117e+03 -6.171972e+03 7.900893e+05 1.022765e+04 -2.500056e+05 -4.820826e+04 4.546040e+04 -1.062379e+05 -4.870003e+03 6.871745e+03 -9.004956e+05 -4.833720e+04 -4.017498e+04 -6.952808e+03 -1.928858e+05 -8.023789e+03 -9.004043e+05 -8.147620e+04 2.818397e+03
-2.525253e-03 8.527102e+04 8.577823e+04 1.280873e+04 4.104733e+05 -9.038969e+03 -1.581952e+06 -1.548447e+05 5.677002e+03 1.164746e+04 -4.111109e+05 -6.560715e+04 5.844076e+04 1.553148e+05 4.460204e+03 -6.260762e+03 1.217927e+06 1.480521e+04 -4.677768e+05 -7.468723e+04 7.529822e+04 -1.770294e+05 -6.652638e+03 6.909337e+03 -1.388133e+06 -7.490373e+04 -6.657130e+04 -1.006304e+04 -3.607491e+05 -8.157602e+03 -1.387980e+06 -1.358512e+05 3.772832e+03
-2.323232e-03 5.528955e+05 6.151120e+05 7.795622e+04 3.325093e+06 -5.047550e+03 -1.020718e+07 -1.212817e+06 3.255252e+04 6.938551e+04 -3.329117e+06 -4.252892e+05 4.189500e+05 1.215499e+06 2.358012e+04 -4.118837e+03 7.858333e+06 8.920501e+04 -3.789327e+06 -4.841120e+05 5.397788e+05 -1.385396e+06 -3.727183e+04 3.382459e+03 -8.956670e+06 -4.857147e+05 -4.774171e+05 -6.062154e+04 -2.921264e+06 -5.743488e+03 -8.955500e+06 -1.064084e+06 2.055696e+04
-2.121212e-03 -2.582243e+05 -3.102890e+05 -3.441266e+04 -1.813761e+06 -1.265176e+04 4.746321e+06 6.072811e+05 -1.355252e+04 -3.023966e+04 1.815603e+06 1.985907e+05 -2.112862e+05 -6.083816e+05 -9.187644e+03 -8.310549e+03 -3.654044e+06 -3.914559e+04 2.067025e+06 2.260632e+05 -2.722490e+05 6.934087e+05 1.528023e+04 1.000853e+04 4.164792e+06 2.268437e+05 2.408106e+05 2.659788e+04 1.593144e+06 -1.056286e+04 4.164256e+06 5.328152e+05 -8.188733e+03
-1.919192e-03 -2.190614e+06 -2.697205e+06 -2.789614e+05 -1.629596e+07 -2.499611e+04 4.011406e+07 4.230722e+06 -1.041718e+05 -2.469627e+05 1.631115e+07 1.684559e+06 -1.836307e+06 -4.239248e+06 -7.072573e+04 -1.479200e+04 -3.088185e+07 -3.184578e+05 1.857184e+07 1.918010e+06 -2.366659e+06 4.831773e+06 1.185665e+05 2.078593e+04 3.519832e+07 1.923984e+06 2.092782e+06 2.163464e+05 1.431231e+07 -1.799643e+04 3.519476e+07 3.711905e+06 -6.217708e+04
-1.717172e-03 6.088617e+04 7.065689e+04 7.503386e+03 4.178095e+05 -1.087630e+04 -1.111655e+06 -3.412879e+04 2.655101e+03 6.873426e+03 -4.181892e+05 -4.681958e+04 4.810069e+04 3.436861e+04 1.996650e+03 -7.448293e+03 8.558227e+05 8.706091e+03 -4.761514e+05 -5.333235e+04 6.201476e+04 -3.918022e+04 -3.167565e+03 8.393297e+03 -9.754291e+05 -5.345061e+04 -5.480203e+04 -5.913551e+03 -3.669493e+05 -9.638894e+03 -9.753446e+05 -2.993735e+04 1.642891e+03
-1.515152e-03 -1.238756e+04 -2.669862e+04 -1.363206e+03 -2.024873e+05 -1.150364e+04 2.250223e+05 9.024146e+04 -4.177692e+02 -1.003248e+03 2.025892e+05 9.519467e+03 -1.816750e+04 -9.025195e+04 -4.205074e+01 -7.810814e+03 -1.732319e+05 -1.433323e+03 2.307665e+05 1.082558e+04 -2.341433e+04 1.028590e+05 3.476641e+02 8.914473e+03 1.974598e+05 1.089326e+04 2.071727e+04 9.732431e+02 1.777630e+05 -1.008109e+04 1.974125e+05 7.918106e+04 -1.357987e+02
-1.313131e-03 3.327760e+04 4.280587e+04 3.802688e+03 2.682621e+05 -1.158870e+04 -6.042423e+05 3.063525e+04 1.193544e+03 3.549615e+03 -2.684539e+05 -2.558548e+04 2.913022e+04 -3.051830e+04 9.291886e+02 -7.900880e+03 4.651792e+05 4.452904e+03 -3.057246e+05 -2.915523e+04 3.757042e+04 3.477581e+04 -1.474289e+03 8.962963e+03 -5.301877e+05 -2.920284e+04 -3.318837e+04 -3.023701e+03 -2.355584e+05 -1.021000e+04 -5.301536e+05 2.688478e+04 7.275009e+02
-1.111111e-03 9.854891e+04 1.665978e+05 1.074124e+04 1.157478e+06 -1.167082e+04 -1.784690e+06 -3.242309e+04 3.115576e+03 9.669140e+03 -1.158103e+06 -7.575546e+04 1.133487e+05 3.267352e+04 1.996671e+03 -7.990276e+03 1.373944e+06 1.236261e+04 -1.319127e+06 -8.630273e+04 1.461900e+05 -3.724901e+04 -3.649291e+03 9.011462e+03 -1.565980e+06 -8.650479e+04 -1.291710e+05 -8.393204e+03 -1.016186e+06 -1.033555e+04 -1.565834e+06 -2.844019e+04 1.676072e+03
-9.090909e-04 7.514031e+04 1.494019e+05 7.955411e+03 1.068935e+06 -1.196461e+04 -1.358225e+06 9.994262e+03 2.175432e+03 7.174987e+03 -1.069438e+06 -5.775744e+04 1.016344e+05 -9.826660e+03 1.361180e+03 -8.168921e+03 1.045625e+06 9.165050e+03 -1.218222e+06 -6.580436e+04 1.310989e+05 1.119158e+04 -2.561416e+03 9.248343e+03 -1.191772e+06 -6.595156e+04 -1.158232e+05 -6.221540e+03 -9.383827e+05 -1.055998e+04 -1.191666e+06 8.775404e+03 1.131113e+03
-7.070707e-04 1.542274e+04 3.101715e+04 1.619645e+03 2.118903e+05 -1.223997e+04 -2.784898e+05 6.810546e+04 4.303616e+02 1.537276e+03 -2.119889e+05 -1.185572e+04 2.109705e+04 -6.805301e+04 3.443633e+02 -8.327024e+03 2.143944e+05 1.912291e+03 -2.414836e+05 -1.351429e+04 2.721984e+04 7.755661e+04 -5.553283e+02 9.472558e+03 -2.443550e+05 -1.352981e+04 -2.403976e+04 -1.298067e+03 -1.860102e+05 -1.075746e+04 -2.443439e+05 5.976013e+04 2.522228e+02
-5.050505e-04 -7.050677e+03 -3.576017e+04 -6.864814e+02 -2.912559e+05 -1.238798e+04 1.269627e+05 8.347425e+04 -1.591063e+02 -5.330671e+02 2.913522e+05 5.417417e+03 -2.432305e+04 -8.345042e+04 7.923410e-01 -8.420399e+03 -9.774004e+04 -7.388721e+02 3.319358e+05 6.165910e+03 -3.137515e+04 9.510618e+04 1.344726e+02 9.589129e+03 1.114073e+05 6.194871e+03 2.772275e+04 5.013848e+02 2.556459e+05 -1.087716e+04 1.113871e+05 7.324419e+04 -3.538139e+01
-3.030303e-04 6.556516e+03 2.918662e+04 6.677112e+02 2.070874e+05 -1.246075e+04 -1.181704e+05 7.873506e+04 1.651310e+02 6.362110e+02 -2.071641e+05 -5.039784e+03 1.984783e+04 -7.869980e+04 1.322491e+02 -8.472708e+03 9.097269e+04 7.898941e+02 -2.360109e+05 -5.745339e+03 2.561134e+04 8.969147e+04 -2.165242e+02 9.643979e+03 -1.036857e+05 -5.751282e+03 -2.261836e+04 -5.361101e+02 -1.817758e+05 -1.094579e+04 -1.036814e+05 6.908625e+04 9.422956e+01
-1.010101e-04 8.143891e+03 1.353755e+05 8.109006e+02 1.033224e+06 -1.250448e+04 -1.466565e+05 8.025812e+04 1.920435e+02 7.329068e+02 -1.033563e+06 -6.259077e+03 9.206305e+04 -8.022504e+04 1.107190e+02 -8.501873e+03 1.129021e+05 9.352631e+02 -1.177534e+06 -7.132182e+03 1.187861e+05 9.142988e+04 -2.283455e+02 9.677781e+03 -1.286825e+05 -7.146916e+03 -1.049202e+05 -6.347117e+02 -9.068974e+05 -1.098359e+04 -1.286719e+05 7.042255e+04 8.985141e+01
1.010101e-04 -8.143891e+03 1.353755e+05 -8.109006e+02 1.033224e+06 -1.250448e+04 1.466565e+05 8.025812e+04 -1.920435e+02 -7.329068e+02 -1.033563e+06 6.259077e+03 9.206305e+04 -8.022504e+04 -1.107190e+02 -8.501873e+03 -1.129021e+05 -9.352631e+02 -1.177534e+06 7.132182e+03 1.187861e+05 9.142988e+04 2.283455e+02 9.677781e+03 1.286825e+05 7.146916e+03 -1.049202e+05 6.347117e+02 -9.068974e+05 -1.098359e+04 1.286719e+05 7.042255e+04 -8.985141e+01
3.030303e-04 -6.556516e+03 2.918662e+04 -6.677112e+02 2.070874e+05 -1.246075e+04 1.181704e+05 7.873506e+04 -1.651310e+02 -6.362110e+02 -2.071641e+05 5.039784e+03 1.984783e+04 -7.869980e+04 -1.322491e+02 -8.472708e+03 -9.097269e+04 -7.898941e+02 -2.360109e+05 5.745339e+03 2.561134e+04 8.969147e+04 2.165242e+02 9.643979e+03 1.036857e+05 5.751282e+03 -2.261836e+04 5.361101e+02 -1.817758e+05 -1.094579e+04 1.036814e+05 6.908625e+04 -9.422956e+01
5.050505e-04 7.050677e+03 -3.576017e+04 6.864814e+02 -2.912559e+05 -1.238798e+04 -1.269627e+05 8.347425e+04 1.591063e+02 5.330671e+02 2.913522e+05 -5.417417e+03 -2.432305e+04 -8.345042e+04 -7.923410e-01 -8.420399e+03 9.774004e+04 7.388721e+02 3.319358e+05 -6.165910e+03 -3.137515e+04 9.510618e+04 -1.344726e+02 9.589129e+03 -1.114073e+05 -6.194871e+03 2.772275e+04 -5.013848e+02 2.556459e+05 -1.087716e+04 -1.113871e+05 7.324419e+04 3.538139e+01
7.070707e-04 -1.542274e+04 3.101715e+04 -1.619645e+03 2.118903e+05 -1.223997e+04 2.784898e+05 6.810546e+04 -4.303616e+02 -1.537276e+03 -2.119889e+05 1.185572e+04 2.109705e+04 -6.805301e+04 -3.443633e+02 -8.327024e+03 -2.143944e+05 -1.912291e+03 -2.414836e+05 1.351429e+04 2.721984e+04 7.755661e+04 5.553283e+02 9.472558e+03 2.443550e+05 1.352981e+04 -2.403976e+04 1.298067e+03 -1.860102e+05 -1.075746e+04 2.443439e+05 5.976013e+04 -2.522228e+02
9.090909e-04 -7.514031e+04 1.494019e+05 -7.955411e+03 1.068935e+06 -1.196461e+04 1.358225e+06 9.994262e+03 -2.175432e+03 -7.174987e+03 -1.069438e+06 5.775744e+04 1.016344e+05 -9.826660e+03 -1.361180e+03 -8.168921e+03 -1.045625e+06 -9.165050e+03 -1.218222e+06 6.580436e+04 1.310989e+05 1.119158e+04 2.561416e+03 9.248343e+03 1.191772e+06 6.595156e+04 -1.158232e+05 6.221540e+03 -9.383827e+05 -1.055998e+04 1.191666e+06 8.775404e+03 -1.131113e+03
1.111111e-03 -9.854891e+04 1.665978e+05 -1.074124e+04 1.157478e+06 -1.167082e+04 1.784690e+06 -3.242309e+04 -3.115576e+03 -9.669140e+03 -1.158103e+06 7.575546e+04 1.133487e+05 3.267352e+04 -1.996671e+03 -7.990276e+03 -1.373944e+06 -1.236261e+04 -1.319127e+06 8.630273e+04 1.461900e+05 -3.724901e+04 3.649291e+03 9.011462e+03 1.565980e+06 8.650479e+04 -1.291710e+05 8.393204e+03 -1.016186e+06 -1.033555e+04 1.565834e+06 -2.844019e+04 -1.676072e+03
1.313131e-03 -3.327760e+04 4.280587e+04 -3.802688e+03 2.682621e+05 -1.158870e+04 6.042423e+05 3.063525e+04 -1.193544e+03 -3.549615e+03 -2.684539e+05 2.558548e+04 2.913022e+04 -3.051830e+04 -9.291886e+02 -7.900880e+03 -4.651792e+05 -4.452904e+03 -3.057246e+05 2.915523e+04 3.757042e+04 3.477581e+04 1.474289e+03 8.962963e+03 5.301877e+05 2.920284e+04 -3.318837e+04 3.023701e+03 -2.355584e+05 -1.021000e+04 5.301536e+05 2.688478e+04 -7.275009e+02
1.515152e-03 1.238756e+04 -2.669862e+04 1.363206e+03 -2.024873e+05 -1.150364e+04 -2.250223e+05 9.024146e+04 4.177692e+02 1.003248e+03 2.025892e+05 -9.519467e+03 -1.816750e+04 -9.025195e+04 4.205074e+01 -7.810814e+03 1.732319e+05 1.433323e+03 2.307665e+05 -1.082558e+04 -2.341433e+04 1.028590e+05 -3.476641e+02 8.914473e+03 -1.974598e+05 -1.089326e+04 2.071727e+04 -9.732431e+02 1.777630e+05 -1.008109e+04 -1.974125e+05 7.918106e+04 1.357987e+02
1.717172e-03 -6.088617e+04 7.065689e+04 -7.503386e+03 4.178095e+05 -1.087630e+04 1.111655e+06 -3.412879e+04 -2.655101e+03 -6.873426e+03 -4.181892e+05 4.681958e+04 4.810069e+04 3.436861e+04 -1.996650e+03 -7.448293e+03 -8.558227e+05 -8.706091e+03 -4.761514e+05 5.333235e+04 6.201476e+04 -3.918022e+04 3.167565e+03 8.393297e+03 9.754291e+05 5.345061e+04 -5.480203e+04 5.913551e+03 -3.669493e+05 -9.638894e+03 9.753446e+05 -2.993735e+04 -1.642891e+03
1.919192e-03 2.190614e+06 -2.697205e+06 2.789614e+05 -1.629596e+07 -2.499611e+04 -4.011406e+07 4.230722e+06 1.041718e+05 2.469627e+05 1.631115e+07 -1.684559e+06 -1.836307e+06 -4.239248e+06 7.072573e+04 -1.479200e+04 3.088185e+07 3.184578e+05 1.857184e+07 -1.918010e+06 -2.366659e+06 4.831773e+06 -1.185665e+05 2.078593e+04 -3.519832e+07 -1.923984e+06 2.092782e+06 -2.163464e+05 1.431231e+07 -1.799643e+04 -3.519476e+07 3.711905e+06 6.217708e+04
2.121212e-03 2.582243e+05 -3.102890e+05 3.441266e+04 -1.813761e+06 -1.265176e+04 -4.746321e+06 6.072811e+05 1.355252e+04 3.023966e+04 1.815603e+06 -1.985907e+05 -2.112862e+05 -6.083816e+05 9.187644e+03 -8.310549e+03 3.654044e+06 3.914559e+04 2.067025e+06 -2.260632e+05 -2.722490e+05 6.934087e+05 -1.528023e+04 1.000853e+04 -4.164792e+06 -2.268437e+05 2.408106e+05 -2.659788e+04 1.593144e+06 -1.056286e+04 -4.164256e+06 5.328152e+05 8.188733e+03
2.323232e-03 -5.528955e+05 6.151120e+05 -7.795622e+04 3.325093e+06 -5.047550e+03 1.020718e+07 -1.212817e+06 -3.255252e+04 -6.938551e+04 -3.329117e+06 4.252892e+05 4.189500e+05 1.215499e+06 -2.358012e+04 -4.118837e+03 -7.858333e+06 -8.920501e+04 -3.789327e+06 4.841120e+05 5.397788e+05 -1.385396e+06 3.727183e+04 3.382459e+03 8.956670e+06 4.857147e+05 -4.774171e+05 6.062154e+04 -2.921264e+06 -5.743488e+03 8.955500e+06 -1.064084e+06 -2.055696e+04
2.525253e-03 -8.527102e+04 8.577823e+04 -1.280873e+04 4.104733e+05 -9.038969e+03 1.581952e+06 -1.548447e+05 -5.677002e+03 -1.164746e+04 -4.111109e+05 6.560715e+04 5.844076e+04 1.553148e+05 -4.460204e+03 -6.260762e+03 -1.217927e+06 -1.480521e+04 -4.677768e+05 7.468723e+04 7.529822e+04 -1.770294e+05 6.652638e+03 6.909337e+03 1.388133e+06 7.490373e+04 -6.657130e+04 1.006304e+04 -3.607491e+05 -8.157602e+03 1.387980e+06 -1.358512e+05 -3.772832e+03
2.727273e-03 -5.502716e+04 5.177039e+04 -8.794593e+03 2.193832e+05 -8.959103e+03 1.026226e+06 -9.286947e+04 -4.106167e+03 -8.101410e+03 -2.198097e+05 4.234779e+04 3.528149e+04 9.320470e+04 -3.379117e+03 -6.171972e+03 -7.900893e+05 -1.022765e+04 -2.500056e+05 4.820826e+04 4.546040e+04 -1.062379e+05 4.870003e+03 6.871745e+03 9.004956e+05 4.833720e+04 -4.017498e+04 6.952808e+03 -1.928858e+05 -8.023789e+03 9.004043e+05 -8.147620e+04 -2.818397e+03
2.929293e-03 -4.382016e+04 3.944422e+04 -7.448987e+03 1.478794e+05 -8.697954e+03 8.218096e+05 -7.409549e+04 -3.644354e+03 -6.919344e+03 -1.482339e+05 3.373127e+04 2.688868e+04 7.438600e+04 -3.088268e+03 -5.983302e+03 -6.327176e+05 -8.696941e+03 -1.685177e+05 3.839680e+04 3.464791e+04 -8.478850e+04 4.350213e+03 6.675274e+03 7.211266e+05 3.849508e+04 -3.060684e+04 5.913122e+03 -1.300796e+05 -7.776057e+03 7.210569e+05 -6.500477e+04 -2.558171e+03
3.131313e-03 -3.706381e+04 3.231414e+04 -6.704961e+03 1.061826e+05 -8.400865e+03 6.992858e+05 -6.462564e+04 -3.422935e+03 -6.268969e+03 -1.064963e+05 2.853774e+04 2.203420e+04 6.489092e+04 -2.964684e+03 -5.775248e+03 -5.383927e+05 -7.852395e+03 -1.209988e+05 3.248193e+04 2.839486e+04 -7.396591e+04 4.103428e+03 6.446945e+03 6.136167e+05 3.256263e+04 -2.507110e+04 5.339669e+03 -9.345582e+04 -7.506578e+03 6.135595e+05 -5.669650e+04 -2.445450e+03
3.333333e-03 -3.224140e+04 2.746982e+04 -6.210667e+03 7.806412e+04 -8.093427e+03 6.122224e+05 -5.879600e+04 -3.296089e+03 -5.838491e+03 -7.835004e+04 2.483140e+04 1.873602e+04 5.904377e+04 -2.904468e+03 -5.562158e+03 -4.713677e+05 -7.292218e+03 -8.895424e+04 2.826020e+04 2.414746e+04 -6.730113e+04 3.963538e+03 6.208972e+03 5.372225e+05 2.832891e+04 -2.130902e+04 4.959407e+03 -6.875805e+04 -7.231929e+03 5.371738e+05 -5.158205e+04 -2.389013e+03
3.535354e-03 -2.849246e+04 2.389161e+04 -5.847147e+03 5.770005e+04 -7.785104e+03 5.447584e+05 -5.473782e+04 -3.215095e+03 -5.522576e+03 -5.796491e+04 2.195042e+04 1.629979e+04 5.497191e+04 -2.873157e+03 -5.349460e+03 -4.194314e+05 -6.880614e+03 -6.574687e+04 2.497823e+04 2.101098e+04 -6.265979e+04 3.875091e+03 5.969489e+03 4.780262e+05 2.503797e+04 -1.852931e+04 4.680056e+03 -5.087044e+04 -6.958466e+03 4.779838e+05 -4.802182e+04 -2.358564e+03
3.737374e-03 -2.542940e+04 2.110929e+04 -5.561560e+03 4.233356e+04 -7.480630e+03 4.897577e+05 -5.164891e+04 -3.158633e+03 -5.274500e+03 -4.258138e+04 1.959670e+04 1.440532e+04 5.187152e+04 -2.855831e+03 -5.139942e+03 -3.770900e+05 -6.557298e+03 -4.823495e+04 2.229667e+04 1.857278e+04 -5.912569e+04 3.813862e+03 5.732520e+03 4.297660e+05 2.234935e+04 -1.636710e+04 4.460654e+03 -3.737157e+04 -6.689492e+03 4.297285e+05 -4.531199e+04 -2.340957e+03
3.939394e-03 -2.284723e+04 1.886925e+04 -5.326519e+03 3.043586e+04 -7.182765e+03 4.434515e+05 -4.913245e+04 -3.115902e+03 -5.070102e+03 -3.066925e+04 1.761258e+04 1.287996e+04 4.934495e+04 -2.845064e+03 -4.935267e+03 -3.414421e+05 -6.291060e+03 -3.467622e+04 2.003605e+04 1.661033e+04 -5.624563e+04 3.767610e+03 5.500394e+03 3.891350e+05 2.008296e+04 -1.462563e+04 4.279995e+03 -2.691873e+04 -6.426994e+03 3.891016e+05 -4.310440e+04 -2.329620e+03
4.141414e-03 -2.062488e+04 1.701991e+04 -5.126329e+03 2.106677e+04 -6.893236e+03 4.036199e+05 -4.697449e+04 -3.080926e+03 -4.895583e+03 -2.128755e+04 1.590496e+04 1.162053e+04 4.717783e+04 -2.836862e+03 -4.736494e+03 -3.107785e+05 -6.064041e+03 -2.399922e+04 1.809039e+04 1.499062e+04 -5.377526e+04 3.729596e+03 5.274560e+03 3.541850e+05 1.813246e+04 -1.318731e+04 4.125946e+03 -1.868627e+04 -6.172245e+03 3.541550e+05 -4.121135e+04 -2.320997e+03
4.343434e-03 -1.868474e+04 1.546385e+04 -4.951339e+03 1.360471e+04 -6.613149e+03 3.688434e+05 -4.505306e+04 -3.050223e+03 -4.742489e+03 -1.381423e+04 1.441417e+04 1.056068e+04 4.524791e+04 -2.828996e+03 -4.544307e+03 -2.840065e+05 -5.865277e+03 -1.549555e+04 1.639173e+04 1.362814e+04 -5.157527e+04 3.695911e+03 5.055945e+03 3.236706e+05 1.642968e+04 -1.197655e+04 3.991059e+03 -1.212834e+04 -5.926069e+03 3.236435e+05 -3.952581e+04 -2.313084e+03
4.545455e-03 -1.697366e+04 1.413490e+04 -4.795283e+03 7.616455e+03 -6.343191e+03 3.381540e+05 -4.329600e+04 -3.021698e+03 -4.605368e+03 -7.815763e+03 1.309934e+04 9.655400e+03 4.348291e+04 -2.820221e+03 -4.359134e+03 -2.603809e+05 -5.687673e+03 -8.671496e+03 1.489357e+04 1.246483e+04 -4.956326e+04 3.664230e+03 4.845129e+03 2.967425e+05 1.492795e+04 -1.094206e+04 3.870516e+03 -6.864544e+03 -5.688975e+03 2.967179e+05 -3.798448e+04 -2.304743e+03
4.747475e-03 -1.545330e+04 1.298620e+04 -4.653926e+03 2.787920e+03 -6.083752e+03 3.108563e+05 -4.165954e+04 -2.994082e+03 -4.480556e+03 -2.977851e+03 1.193101e+04 8.872795e+03 4.183895e+04 -2.809866e+03 -4.181215e+03 -2.393661e+05 -5.526442e+03 -3.169110e+03 1.356233e+04 1.145957e+04 -4.768921e+04 3.633161e+03 4.642446e+03 2.727903e+05 1.359360e+04 -1.004748e+04 3.761068e+03 -2.619096e+03 -5.461245e+03 2.727679e+05 -3.654894e+04 -2.295341e+03
4.949495e-03 -1.409475e+04 1.198342e+04 -4.524303e+03 -1.115562e+03 -5.835006e+03 2.864282e+05 -4.011660e+04 -2.966612e+03 -4.365512e+03 9.343108e+02 1.088695e+04 8.189502e+03 4.028890e+04 -2.797606e+03 -4.010653e+03 -2.205605e+05 -5.378249e+03 1.279049e+03 1.237271e+04 1.058225e+04 -4.592221e+04 3.601884e+03 4.448054e+03 2.513561e+05 1.240124e+04 -9.266185e+03 3.660450e+03 8.140342e+02 -5.242991e+03 2.513356e+05 -3.519545e+04 -2.284556e+03
5.151515e-03 -1.287545e+04 1.110070e+04 -4.404281e+03 -4.273454e+03 -5.596965e+03 2.644644e+05 -3.865023e+04 -2.938844e+03 -4.258421e+03 4.100285e+03 9.949825e+03 7.587928e+03 3.881577e+04 -2.783334e+03 -3.847444e+03 -2.036518e+05 -5.240703e+03 4.877507e+03 1.130495e+04 9.810169e+03 -4.424290e+04 3.569941e+03 4.261978e+03 2.320840e+05 1.133105e+04 -8.578133e+03 3.567041e+03 3.592405e+03 -5.034194e+03 2.320653e+05 -3.390913e+04 -2.272256e+03
5.353535e-03 -1.177725e+04 1.031812e+04 -4.292285e+03 -6.825524e+03 -5.369517e+03 2.446405e+05 -3.724965e+04 -2.910541e+03 -4.157958e+03 6.659915e+03 9.105707e+03 7.054516e+03 3.740873e+04 -2.767070e+03 -3.691505e+03 -1.883905e+05 -5.112045e+03 7.785552e+03 1.034320e+04 9.125848e+03 -4.263894e+04 3.537104e+03 4.084142e+03 2.146896e+05 1.036713e+04 -7.967869e+03 3.479648e+03 5.838722e+03 -4.834736e+03 2.146724e+05 -3.268052e+04 -2.258429e+03
5.555556e-03 -1.078528e+04 9.620031e+03 -4.187128e+03 -8.882217e+03 -5.152460e+03 2.266911e+05 -3.590786e+04 -2.881597e+03 -4.063133e+03 8.723704e+03 8.343153e+03 6.578620e+03 3.606079e+04 -2.748918e+03 -3.542693e+03 -1.745722e+05 -4.990956e+03 1.012905e+04 9.474411e+03 8.515558e+03 -4.110234e+04 3.503289e+03 3.914398e+03 1.989400e+05 9.496409e+03 -7.423258e+03 3.397378e+03 7.649948e+03 -4.644426e+03 1.989241e+05 -3.150349e+04 -2.243135e+03
5.757576e-03 -9.887060e+03 8.993938e+03 -4.087894e+03 -1.053183e+04 -4.945524e+03 2.103953e+05 -3.462023e+04 -2.851992e+03 -3.973196e+03 1.037999e+04 7.652593e+03 6.151739e+03 3.476728e+04 -2.729025e+03 -3.400820e+03 -1.620268e+05 -4.876427e+03 1.200864e+04 8.687682e+03 7.968338e+03 -3.962780e+04 3.468508e+03 3.752543e+03 1.846412e+05 8.707941e+03 -6.934608e+03 3.319545e+03 9.103597e+03 -4.463017e+03 1.846265e+05 -3.037396e+04 -2.226477e+03
5.959596e-03 -9.072018e+03 8.429721e+03 -3.993869e+03 -1.184561e+04 -4.748391e+03 1.955657e+05 -3.338353e+04 -2.821760e+03 -3.887562e+03 1.170007e+04 7.025903e+03 5.766988e+03 3.352498e+04 -2.707562e+03 -3.265668e+03 -1.506101e+05 -4.767667e+03 1.350551e+04 7.973754e+03 7.475315e+03 -3.821163e+04 3.432830e+03 3.598333e+03 1.716289e+05 7.992444e+03 -6.494072e+03 3.245617e+03 1.026223e+04 -4.290222e+03 1.716154e+05 -2.928911e+04 -2.208582e+03
6.161616e-03 -8.331072e+03 7.919088e+03 -3.904481e+03 -1.288153e+04 -4.560711e+03 1.820424e+05 -3.219541e+04 -2.790965e+03 -3.805771e+03 1.274193e+04 6.456108e+03 5.418724e+03 3.233150e+04 -2.684712e+03 -3.136994e+03 -1.401990e+05 -4.664053e+03 1.468573e+04 7.324679e+03 7.029212e+03 -3.685113e+04 3.396356e+03 3.451500e+03 1.597628e+05 7.341951e+03 -6.095213e+03 3.175170e+03 1.117671e+04 -4.125727e+03 1.597503e+05 -2.824687e+04 -2.189588e+03
6.363636e-03 -7.656354e+03 7.455165e+03 -3.819267e+03 -1.368701e+04 -4.382109e+03 1.696870e+05 -3.105400e+04 -2.759691e+03 -3.727453e+03 1.355303e+04 5.937169e+03 5.102273e+03 3.118499e+04 -2.660654e+03 -3.014542e+03 -1.306869e+05 -4.565078e+03 1.560335e+04 6.733573e+03 6.624005e+03 -3.554417e+04 3.359207e+03 3.311753e+03 1.489214e+05 6.749561e+03 -5.732701e+03 3.107862e+03 1.188871e+04 -3.969203e+03 1.489098e+05 -2.724560e+04 -2.169636e+03
6.565657e-03 -7.041002e+03 7.032205e+03 -3.737845e+03 -1.430111e+04 -4.212201e+03 1.583788e+05 -2.995773e+04 -2.728031e+03 -3.652309e+03 1.417244e+04 5.463817e+03 4.813722e+03 3.008384e+04 -2.635565e+03 -2.898049e+03 -1.219810e+05 -4.470329e+03 1.630288e+04 6.194431e+03 6.254652e+03 -3.428892e+04 3.321509e+03 3.178797e+03 1.389989e+05 6.209251e+03 -5.402073e+03 3.043414e+03 1.243250e+04 -3.820307e+03 1.389881e+05 -2.628393e+04 -2.148862e+03
6.767677e-03 -6.478993e+03 6.645357e+03 -3.659898e+03 -1.475610e+04 -4.050598e+03 1.480125e+05 -2.890516e+04 -2.696080e+03 -3.580087e+03 1.463247e+04 5.031429e+03 4.549772e+03 2.902661e+04 -2.609611e+03 -2.787246e+03 -1.140001e+05 -4.379459e+03 1.682108e+04 5.701981e+03 5.916902e+03 -3.308375e+04 3.283389e+03 3.052327e+03 1.299028e+05 5.715739e+03 -5.099566e+03 2.981591e+03 1.283641e+04 -3.678697e+03 1.298927e+05 -2.536059e+04 -2.127398e+03
6.969697e-03 -5.965019e+03 6.290502e+03 -3.585154e+03 -1.507876e+04 -3.896909e+03 1.384950e+05 -2.789492e+04 -2.663930e+03 -3.510577e+03 1.495990e+04 4.635930e+03 4.307619e+03 2.801192e+04 -2.582946e+03 -2.681868e+03 -1.066726e+05 -4.292179e+03 1.718850e+04 5.251579e+03 5.607144e+03 -3.192707e+04 3.244970e+03 2.932042e+03 1.215514e+05 5.264368e+03 -4.821979e+03 2.922199e+03 1.312398e+04 -3.544027e+03 1.215421e+05 -2.447439e+04 -2.105367e+03
7.171717e-03 -5.494380e+03 5.964111e+03 -3.513384e+03 -1.529141e+04 -3.750750e+03 1.297441e+05 -2.692567e+04 -2.631670e+03 -3.443600e+03 1.517707e+04 4.273711e+03 4.084862e+03 2.703843e+04 -2.555712e+03 -2.581651e+03 -9.993535e+04 -4.208237e+03 1.743056e+04 4.839112e+03 5.322286e+03 -3.081736e+04 3.206369e+03 2.817643e+03 1.138728e+05 4.851015e+03 -4.566573e+03 2.865067e+03 1.331478e+04 -3.415962e+03 1.138640e+05 -2.362413e+04 -2.082881e+03
7.373737e-03 -5.062905e+03 5.663150e+03 -3.444386e+03 -1.541266e+04 -3.611747e+03 1.216870e+05 -2.599605e+04 -2.599382e+03 -3.378999e+03 1.530261e+04 3.941572e+03 3.879435e+03 2.610476e+04 -2.528039e+03 -2.486337e+03 -9.373212e+04 -4.127418e+03 1.756846e+04 4.460930e+03 5.059669e+03 -2.975305e+04 3.167691e+03 2.708836e+03 1.068028e+05 4.472022e+03 -4.330990e+03 2.810050e+03 1.342517e+04 -3.294170e+03 1.067947e+05 -2.280864e+04 -2.060044e+03
7.575758e-03 -4.666880e+03 5.384989e+03 -3.377984e+03 -1.545810e+04 -3.479532e+03 1.142588e+05 -2.510471e+04 -2.567142e+03 -3.316639e+03 1.535213e+04 3.636660e+03 3.689548e+03 2.520957e+04 -2.500043e+03 -2.395678e+03 -8.801300e+04 -4.049530e+03 1.761999e+04 4.113783e+03 4.816988e+03 -2.873260e+04 3.129034e+03 2.605338e+03 1.002847e+05 4.124131e+03 -4.113187e+03 2.757019e+03 1.346884e+04 -3.178330e+03 1.002770e+05 -2.202674e+04 -2.036949e+03
7.777778e-03 -4.302990e+03 5.127341e+03 -3.314021e+03 -1.544080e+04 -3.353755e+03 1.074015e+05 -2.425031e+04 -2.535018e+03 -3.256396e+03 1.533870e+04 3.356433e+03 3.513645e+03 2.435147e+04 -2.471828e+03 -2.309430e+03 -8.273341e+04 -3.974405e+03 1.760003e+04 3.794768e+03 4.592241e+03 -2.775444e+04 3.090487e+03 2.506873e+03 9.426749e+04 3.804434e+03 -3.911385e+03 2.705861e+03 1.345727e+04 -3.068133e+03 9.426033e+04 -2.127722e+04 -2.013680e+03
7.979798e-03 -3.968270e+03 4.888206e+03 -3.252358e+03 -1.537175e+04 -3.234077e+03 1.010634e+05 -2.343146e+04 -2.503071e+03 -3.198162e+03 1.527333e+04 3.098613e+03 3.350364e+03 2.352911e+04 -2.443488e+03 -2.227363e+03 -7.785350e+04 -3.901893e+03 1.752110e+04 3.501293e+03 4.383676e+03 -2.681702e+04 3.052127e+03 2.413178e+03 8.870584e+04 3.510332e+03 -3.724029e+03 2.656473e+03 1.340011e+04 -2.963282e+03 8.869913e+04 -2.055890e+04 -1.990313e+03
8.181818e-03 -3.660065e+03 4.665828e+03 -3.192868e+03 -1.526017e+04 -3.120172e+03 9.519803e+04 -2.264680e+04 -2.471355e+03 -3.141839e+03 1.516525e+04 2.861163e+03 3.198509e+03 2.274110e+04 -2.415105e+03 -2.149253e+03 -7.333753e+04 -3.831855e+03 1.739373e+04 3.231033e+03 4.189756e+03 -2.591876e+04 3.014024e+03 2.323998e+03 8.355903e+04 3.239494e+03 -3.549755e+03 2.608763e+03 1.330547e+04 -2.863491e+03 8.355272e+04 -1.987058e+04 -1.966913e+03
8.383838e-03 -3.375990e+03 4.458659e+03 -3.135436e+03 -1.511385e+04 -3.011731e+03 8.976381e+04 -2.189499e+04 -2.439918e+03 -3.087336e+03 1.502227e+04 2.642252e+03 3.057025e+03 2.198608e+04 -2.386752e+03 -2.074890e+03 -6.915345e+04 -3.764168e+03 1.722677e+04 2.981901e+03 4.009125e+03 -2.505812e+04 2.976238e+03 2.239093e+03 7.879049e+04 2.989829e+03 -3.387356e+03 2.562648e+03 1.318018e+04 -2.768489e+03 7.878456e+04 -1.921106e+04 -1.943540e+03
8.585859e-03 -3.113904e+03 4.265329e+03 -3.079959e+03 -1.493935e+04 -2.908460e+03 8.472325e+04 -2.117469e+04 -2.408801e+03 -3.034569e+03 1.485093e+04 2.440235e+03 2.924981e+03 2.126271e+04 -2.358493e+03 -2.004071e+03 -6.527242e+04 -3.698718e+03 1.702770e+04 2.752022e+03 3.840585e+03 -2.423356e+04 2.938823e+03 2.158231e+03 7.436735e+04 2.759458e+03 -3.235767e+03 2.518049e+03 1.303002e+04 -2.678018e+03 7.436176e+04 -1.857918e+04 -1.920245e+03
8.787879e-03 -2.871875e+03 4.084623e+03 -3.026339e+03 -1.474219e+04 -2.810077e+03 8.004257e+04 -2.048457e+04 -2.378038e+03 -2.983462e+03 1.465678e+04 2.253632e+03 2.801548e+03 2.056967e+04 -2.330381e+03 -1.936603e+03 -6.166844e+04 -3.635398e+03 1.680282e+04 2.539708e+03 3.683070e+03 -2.344357e+04 2.901821e+03 2.081195e+03 7.026000e+04 2.546689e+03 -3.094041e+03 2.474896e+03 1.285983e+04 -2.591831e+03 7.025473e+04 -1.797378e+04 -1.897072e+03
8.989899e-03 -2.648167e+03 3.915456e+03 -2.974487e+03 -1.452703e+04 -2.716319e+03 7.569135e+04 -1.982335e+04 -2.347660e+03 -2.933944e+03 1.444450e+04 2.081108e+03 2.685987e+03 1.990566e+04 -2.302467e+03 -1.872306e+03 -5.831808e+04 -3.574112e+03 1.655745e+04 2.343436e+03 3.535634e+03 -2.268667e+04 2.865274e+03 2.007777e+03 6.644171e+04 2.349997e+03 -2.961335e+03 2.433124e+03 1.267372e+04 -2.509697e+03 6.643674e+04 -1.739373e+04 -1.874061e+03
9.191919e-03 -2.441207e+03 3.756862e+03 -2.924321e+03 -1.429781e+04 -2.626934e+03 7.164206e+04 -1.918978e+04 -2.317692e+03 -2.885946e+03 1.421802e+04 1.921457e+03 2.577640e+03 1.926942e+04 -2.274790e+03 -1.811008e+03 -5.520016e+04 -3.514769e+03 1.629605e+04 2.161833e+03 3.397430e+03 -2.196143e+04 2.829211e+03 1.937781e+03 6.288836e+04 2.168004e+03 -2.836895e+03 2.392670e+03 1.247514e+04 -2.431395e+03 6.288366e+04 -1.683793e+04 -1.851244e+03
9.393939e-03 -2.249579e+03 3.607972e+03 -2.875764e+03 -1.405784e+04 -2.541684e+03 6.786982e+04 -1.858262e+04 -2.288155e+03 -2.839406e+03 1.398066e+04 1.773589e+03 2.475916e+03 1.865971e+04 -2.247387e+03 -1.752544e+03 -5.229553e+04 -3.457283e+03 1.602242e+04 1.993656e+03 3.267699e+03 -2.126645e+04 2.793661e+03 1.871020e+03 5.957810e+04 1.999467e+03 -2.720044e+03 2.353477e+03 1.226701e+04 -2.356716e+03 5.957366e+04 -1.630530e+04 -1.828652e+03
9.595960e-03 -2.071998e+03 3.468009e+03 -2.828743e+03 -1.380991e+04 -2.460345e+03 6.435208e+04 -1.800071e+04 -2.259066e+03 -2.794265e+03 1.373522e+04 1.636521e+03 2.380283e+03 1.807536e+04 -2.220287e+03 -1.696763e+03 -4.958683e+04 -3.401576e+03 1.573972e+04 1.837782e+03 3.145760e+03 -2.060036e+04 2.758645e+03 1.807320e+03 5.649115e+04 1.843258e+03 -2.610175e+03 2.315492e+03 1.205178e+04 -2.285465e+03 5.648696e+04 -1.579482e+04 -1.806307e+03
9.797980e-03 -1.907301e+03 3.336271e+03 -2.783192e+03 -1.355637e+04 -2.382705e+03 6.106841e+04 -1.744289e+04 -2.230438e+03 -2.750467e+03 1.348407e+04 1.509357e+03 2.290264e+03 1.751521e+04 -2.193516e+03 -1.643518e+03 -4.705832e+04 -3.347572e+03 1.545065e+04 1.693194e+03 3.031000e+03 -1.996187e+04 2.724181e+03 1.746515e+03 5.360959e+04 1.698358e+03 -2.506743e+03 2.278663e+03 1.183153e+04 -2.217455e+03 5.360561e+04 -1.530547e+04 -1.784231e+03
1.000000e-02 -1.754433e+03 3.212125e+03 -2.739048e+03 -1.329921e+04 -2.308564e+03 5.800023e+04 -1.690807e+04 -2.202281e+03 -2.707958e+03 1.322917e+04 1.391289e+03 2.205427e+03 1.697815e+04 -2.167095e+03 -1.592674e+03 -4.469571e+04 -3.295200e+03 1.515745e+04 1.558967e+03 2.922865e+03 -1.934971e+04 2.690282e+03 1.688449e+03 5.091710e+04 1.563841e+03 -2.409251e+03 2.242944e+03 1.160800e+04 -2.152512e+03 5.091333e+04 -1.483630e+04 -1.762441e+03
