-1.000000e-02 -2.116000e+05 1.970708e+03 7.236350e+03 -1.836006e+05 2.724567e+03 -1.923214e+05 -1.823928e+05 7.345913e+03 6.998344e+03 1.836234e+05 1.629334e+05 1.329910e+03 1.823724e+05 7.108633e+03 1.854189e+03 1.480512e+05 8.630960e+03 2.092558e+05 1.856788e+05 2.089573e+03 -2.078549e+05 -8.755823e+03 -2.727567e+03 -1.687406e+05 1.856804e+05 -1.155248e+03 -5.845102e+03 1.611117e+05 1.776312e+03 -1.687419e+05 -1.600328e+05 5.941954e+03
-9.797980e-03 -2.557073e+05 2.419836e+03 7.969489e+03 -2.207759e+05 3.272091e+03 -2.323666e+05 -2.192692e+05 8.097529e+03 7.679850e+03 2.208028e+05 1.968957e+05 1.633702e+03 2.192451e+05 7.808731e+03 2.226835e+03 1.788791e+05 9.488182e+03 2.516258e+05 2.243825e+05 2.502524e+03 -2.498798e+05 -9.634171e+03 -3.224999e+03 -2.038761e+05 2.243843e+05 -1.482601e+03 -6.426383e+03 1.937328e+05 2.184001e+03 -2.038775e+05 -1.923883e+05 6.539504e+03
-9.595960e-03 -3.164144e+05 3.054045e+03 8.918842e+03 -2.718966e+05 4.034683e+03 -2.874793e+05 -2.699653e+05 9.071982e+03 8.556800e+03 2.719291e+05 2.436397e+05 2.062761e+03 2.699360e+05 8.710939e+03 2.745836e+03 2.213064e+05 1.059496e+04 3.098898e+05 2.776523e+05 3.080747e+03 -3.076538e+05 -1.076965e+04 -3.913745e+03 -2.522318e+05 2.776544e+05 -1.949842e+03 -7.176735e+03 2.385909e+05 2.755884e+03 -2.522334e+05 -2.368691e+05 7.311959e+03
-9.393939e-03 -4.044108e+05 4.004146e+03 1.021561e+04 -3.459436e+05 5.161212e+03 -3.673621e+05 -3.433730e+05 1.040469e+04 9.745879e+03 3.459842e+05 3.113961e+05 2.705652e+03 3.433363e+05 9.936188e+03 3.512480e+03 2.828025e+05 1.210159e+04 3.942836e+05 3.548682e+05 3.939727e+03 -3.913103e+05 -1.231736e+04 -4.925076e+03 -3.223208e+05 3.548707e+05 -2.657201e+03 -8.197954e+03 3.035667e+05 3.606751e+03 -3.223226e+05 -3.012770e+05 8.364832e+03
-9.191919e-03 -5.424652e+05 5.562781e+03 1.214336e+04 -4.620502e+05 6.982951e+03 -4.926812e+05 -4.584268e+05 1.238822e+04 1.149825e+04 4.621033e+05 4.176967e+05 3.760528e+03 4.583787e+05 1.174471e+04 4.752139e+03 3.792770e+05 1.433226e+04 5.266141e+05 4.760093e+05 5.337195e+03 -5.224273e+05 -1.461180e+04 -6.550555e+03 -4.322756e+05 4.760125e+05 -3.829550e+03 -9.709623e+03 4.054495e+05 4.992564e+03 -4.322777e+05 -4.022254e+05 9.925640e+03
-8.989899e-03 -7.922751e+05 8.573701e+03 1.549648e+04 -6.720801e+05 1.045029e+04 -7.194389e+05 -6.664197e+05 1.584148e+04 1.451517e+04 6.721557e+05 6.100479e+05 5.798779e+03 6.663509e+05 1.486246e+04 7.111301e+03 5.538421e+05 1.819377e+04 7.659918e+05 6.952147e+05 8.014826e+03 -7.594593e+05 -1.858778e+04 -9.625365e+03 -6.312325e+05 6.952190e+05 -6.116755e+03 -1.232595e+04 5.897493e+05 7.648843e+03 -6.312352e+05 -5.847187e+05 1.263020e+04
-8.787879e-03 -1.454401e+06 1.749535e+04 2.438786e+04 -1.228800e+06 2.056212e+04 -1.320465e+06 -1.217123e+06 2.499799e+04 2.241838e+04 1.228936e+06 1.119878e+06 1.184006e+04 1.217000e+06 2.303285e+04 1.398989e+04 1.016531e+06 2.837538e+04 1.400503e+06 1.276222e+06 1.588645e+04 -1.387050e+06 -2.907255e+04 -1.853779e+04 -1.158572e+06 1.276230e+06 -1.295842e+04 -1.922331e+04 1.078268e+06 1.544840e+04 -1.158577e+06 -1.067907e+06 1.976133e+04
-8.585859e-03 1.150754e+06 -2.730527e+04 -1.570012e+04 9.639222e+05 -2.930814e+04 1.044593e+06 9.458722e+05 -1.615763e+04 -1.275101e+04 -9.640297e+05 -8.860741e+05 -1.850886e+04 -9.457813e+05 -1.321455e+04 -1.991983e+04 -8.041661e+05 -1.724872e+04 -1.098613e+06 -1.009774e+06 -2.336685e+04 1.077932e+06 1.777314e+04 2.517356e+04 9.165268e+05 -1.009784e+06 2.168596e+04 1.168425e+04 -8.458378e+05 -2.324490e+04 9.165310e+05 8.299106e+05 -1.208883e+04
-8.383838e-03 9.989611e+05 -2.358283e+04 -1.115578e+04 8.356982e+05 -2.507886e+04 9.066551e+05 8.197649e+05 -1.153940e+04 -8.622042e+03 -8.357882e+05 -7.691915e+05 -1.598856e+04 -8.196870e+05 -9.010546e+03 -1.704679e+04 -6.979779e+05 -1.199191e+04 -9.524712e+05 -8.765758e+05 -2.003017e+04 9.342193e+05 1.243163e+04 2.139877e+04 7.955014e+05 -8.765832e+05 1.888411e+04 8.121192e+03 -7.333198e+05 -2.003438e+04 7.955039e+05 7.192635e+05 -8.460266e+03
-8.181818e-03 8.290117e+05 -2.097188e+04 -7.227677e+03 6.926361e+05 -2.199615e+04 7.522880e+05 6.781748e+05 -7.534327e+03 -4.991362e+03 -6.927082e+05 -6.383299e+05 -1.422225e+04 -6.781113e+05 -5.302060e+03 -1.495140e+04 -5.791418e+05 -7.410624e+03 -7.894178e+05 -7.274465e+05 -1.764406e+04 7.728617e+05 7.762257e+03 1.860786e+04 6.600607e+05 -7.274520e+05 1.696626e+04 5.015975e+03 -6.077822e+05 -1.773230e+04 6.600618e+05 5.950319e+05 -5.287020e+03
-7.979798e-03 6.491742e+05 -2.000109e+04 -4.122124e+03 5.418630e+05 -2.061585e+04 5.889999e+05 5.278008e+05 -4.352453e+03 -2.009518e+03 -5.419175e+05 -4.998559e+05 -1.356904e+04 -5.277523e+05 -2.243427e+03 -1.401163e+04 -4.534379e+05 -3.720967e+03 -6.175761e+05 -5.696409e+05 -1.665486e+04 6.014935e+05 3.985408e+03 1.727270e+04 5.167925e+05 -5.696451e+05 1.635923e+04 2.515342e+03 -4.754792e+05 -1.678526e+04 5.167924e+05 4.630934e+05 -2.719136e+03
-7.777778e-03 3.249634e+05 -2.097014e+04 -1.415560e+03 2.711248e+05 -2.113688e+04 2.947912e+05 2.561111e+05 -1.523210e+03 7.722999e+02 -2.711516e+05 -2.502183e+05 -1.423534e+04 -2.560883e+05 6.611902e+02 -1.436050e+04 -2.269462e+05 -3.927427e+02 -3.090072e+05 -2.851502e+05 -1.728170e+04 2.918709e+05 5.173241e+02 1.752823e+04 2.586540e+05 -2.851535e+05 1.734205e+04 2.620371e+02 -2.379093e+05 -1.738450e+04 2.586526e+05 2.247118e+05 -3.580889e+02
-7.575758e-03 -1.180725e+06 -2.665916e+04 1.214445e+03 -9.851999e+05 -2.587251e+04 -1.070980e+06 -1.004570e+06 1.622339e+03 3.939105e+03 9.852888e+05 9.091290e+05 -1.812780e+04 1.004479e+06 4.342990e+03 -1.755172e+04 8.244767e+05 3.136548e+03 1.122859e+06 1.036067e+06 -2.178424e+04 -1.144829e+06 -3.599213e+03 2.124147e+04 -9.396787e+05 1.036064e+06 2.226747e+04 -2.107092e+03 8.644957e+05 -2.146344e+04 -9.396821e+05 -8.814164e+05 2.463186e+03
-7.373737e-03 3.600627e+06 -3.981358e+04 2.167318e+03 3.015340e+06 -4.071206e+04 3.265439e+06 2.985225e+06 9.989178e+02 6.334752e+03 -3.015604e+06 -2.772400e+06 -2.698394e+04 -2.984959e+06 5.160668e+03 -2.771512e+04 -2.513872e+06 5.104804e+03 -3.436650e+06 -3.159488e+06 -3.251310e+04 3.402034e+06 -3.770083e+03 3.352944e+04 2.865121e+06 -3.159491e+06 3.317400e+04 -3.529849e+03 -2.645910e+06 -3.377930e+04 2.865113e+06 2.619249e+06 2.502083e+03
-7.171717e-03 2.755912e+06 -3.219539e+04 8.276895e+03 2.306409e+06 -3.200734e+04 2.498994e+06 2.281640e+06 7.420162e+03 1.159902e+04 -2.306602e+06 -2.121984e+06 -2.182788e+04 -2.281442e+06 1.073814e+04 -2.178797e+04 -1.923839e+06 1.200241e+04 -2.628660e+06 -2.418264e+06 -2.588681e+04 2.600214e+06 -1.102387e+04 2.595018e+04 2.192641e+06 -2.418264e+06 2.723956e+04 -8.199206e+03 -2.023831e+06 -2.696561e+04 2.192634e+06 2.001923e+06 7.445563e+03
-6.969697e-03 3.232398e+06 -3.854360e+04 1.713555e+04 2.706793e+06 -3.729311e+04 2.930645e+06 2.676636e+06 1.617155e+04 2.105449e+04 -2.707010e+06 -2.488861e+06 -2.613815e+04 -2.676409e+06 2.008604e+04 -2.538642e+04 -2.256150e+06 2.308537e+04 -3.084979e+06 -2.836370e+06 -3.054297e+04 3.050362e+06 -2.198463e+04 2.977086e+04 2.571381e+06 -2.836368e+06 3.306595e+04 -1.573593e+04 -2.375158e+06 -3.188391e+04 2.571370e+06 2.348498e+06 1.488794e+04
-6.767677e-03 6.089980e+06 -7.343845e+04 4.581853e+04 5.107821e+06 -6.909943e+04 5.520702e+06 5.049406e+06 4.407559e+04 5.316828e+04 -5.108211e+06 -4.689113e+06 -4.981249e+04 -5.048988e+06 5.141779e+04 -4.703932e+04 -4.250112e+06 5.986031e+04 -5.821458e+06 -5.343841e+06 -5.737587e+04 5.754435e+06 -5.787091e+04 5.428806e+04 4.843937e+06 -5.343834e+06 6.383250e+04 -4.076823e+04 -4.482008e+06 -5.995207e+04 4.843911e+06 4.430389e+06 3.923501e+04
-6.565657e-03 -2.805293e+07 3.498128e+05 -2.716500e+05 -2.358620e+07 3.202753e+05 -2.542714e+07 -2.330304e+07 -2.640041e+05 -3.061053e+05 2.358786e+07 2.159988e+07 2.373331e+05 2.330121e+07 -2.984289e+05 2.180223e+05 1.957518e+07 -3.494595e+05 2.688146e+07 2.461590e+07 2.699627e+05 -2.655676e+07 3.407360e+05 -2.479151e+05 -2.231015e+07 2.461580e+07 -3.074622e+05 2.378952e+05 2.069634e+07 2.815816e+05 -2.231006e+07 -2.044635e+07 -2.311693e+05
-6.363636e-03 -4.522333e+06 6.204261e+04 -5.344146e+04 -3.813154e+06 5.565293e+04 -4.098503e+06 -3.761812e+06 -5.225751e+04 -5.947806e+04 3.813411e+06 3.482054e+06 4.210619e+04 3.761517e+06 -5.828928e+04 3.788052e+04 3.155255e+06 -6.830810e+04 4.345881e+06 3.968258e+06 4.754764e+04 -4.287060e+06 6.695786e+04 -4.268297e+04 -3.596097e+06 3.968243e+06 -5.487889e+04 4.648938e+04 3.345956e+06 4.932054e+04 -3.596072e+06 -3.300658e+06 -4.544746e+04
-6.161616e-03 -2.089575e+06 3.083574e+04 -2.904398e+04 -1.768560e+06 2.710019e+04 -1.893500e+06 -1.742462e+06 -2.852075e+04 -3.200647e+04 1.768672e+06 1.608905e+06 2.093241e+04 1.742328e+06 -3.148117e+04 1.844466e+04 1.457726e+06 -3.693353e+04 2.015635e+06 1.833561e+06 2.347212e+04 -1.985756e+06 3.633717e+04 -2.059146e+04 -1.661394e+06 1.833552e+06 -2.744080e+04 2.513281e+04 1.551870e+06 2.420820e+04 -1.661379e+06 -1.528860e+06 -2.467219e+04
-5.959596e-03 -9.033605e+05 1.199183e+04 -1.425601e+04 -7.700497e+05 1.006223e+04 -8.184946e+05 -7.598424e+05 -1.403862e+04 -1.537455e+04 7.700956e+05 6.955562e+05 8.140668e+03 7.597864e+05 -1.515648e+04 6.850024e+03 6.301255e+05 -1.792576e+04 8.776260e+05 7.926799e+05 8.937553e+03 -8.659366e+05 1.767819e+04 -7.424216e+03 -7.181637e+05 7.926762e+05 -1.086239e+04 1.219791e+04 6.757006e+05 9.211558e+03 -7.181577e+05 -6.666983e+05 -1.200655e+04
-5.757576e-03 -5.886586e+05 7.616873e+03 -1.038554e+04 -5.056767e+05 6.136790e+03 -5.332942e+05 -4.991285e+05 -1.024976e+04 -1.107721e+04 5.057048e+05 4.532456e+05 5.171348e+03 4.990931e+05 -1.094107e+04 4.178135e+03 4.105621e+05 -1.298454e+04 5.763179e+05 5.165352e+05 5.588766e+03 -5.688200e+05 1.283004e+04 -4.417438e+03 -4.679237e+05 5.165326e+05 -6.988322e+03 8.835429e+03 4.437194e+05 5.728919e+03 -4.679196e+05 -4.379450e+05 -8.715880e+03
-5.555556e-03 -4.271787e+05 5.512330e+03 -8.309205e+03 -3.702647e+05 4.267912e+03 -3.869573e+05 -3.654742e+05 -8.214839e+03 -8.796336e+03 3.702837e+05 3.289113e+05 3.743043e+03 3.654492e+05 -8.701762e+03 2.905910e+03 2.979038e+05 -1.034850e+04 4.219877e+05 3.748398e+05 3.990115e+03 -4.165039e+05 1.024122e+04 -2.999259e+03 -3.395251e+05 3.748378e+05 -5.112542e+03 7.041735e+03 3.248986e+05 4.057352e+03 -3.395220e+05 -3.206752e+05 -6.958624e+03
-5.353535e-03 -3.277838e+05 4.266692e+03 -6.949511e+03 -2.870910e+05 3.174396e+03 -2.968880e+05 -2.833417e+05 -6.880206e+03 -7.316067e+03 2.871045e+05 2.523804e+05 2.897654e+03 2.833230e+05 -7.246637e+03 2.161444e+03 2.285633e+05 -8.630317e+03 3.271940e+05 2.876228e+05 3.051142e+03 -3.229033e+05 8.551597e+03 -2.177510e+03 -2.604967e+05 2.876211e+05 -3.995062e+03 5.872679e+03 2.519156e+05 3.071159e+03 -2.604942e+05 -2.486112e+05 -5.811615e+03
-5.151515e-03 -2.606284e+05 3.446714e+03 -5.966091e+03 -2.310441e+05 2.463189e+03 -2.360371e+05 -2.279815e+05 -5.913370e+03 -6.253566e+03 2.310540e+05 2.006731e+05 2.341133e+03 2.279671e+05 -6.200771e+03 1.677223e+03 1.817168e+05 -7.392493e+03 2.633169e+05 2.286954e+05 2.437742e+03 -2.598133e+05 7.332672e+03 -1.648399e+03 -2.071050e+05 2.286939e+05 -3.254719e+03 5.030513e+03 2.027359e+05 2.424378e+03 -2.071029e+05 -2.000376e+05 -4.984038e+03
-4.949495e-03 -2.125069e+05 2.869942e+03 -5.210520e+03 -1.910178e+05 1.969065e+03 -1.924361e+05 -1.884395e+05 -5.169409e+03 -5.442539e+03 1.910250e+05 1.636212e+05 1.949657e+03 1.884281e+05 -5.401385e+03 1.340786e+03 1.481502e+05 -6.444649e+03 2.176986e+05 1.864697e+05 2.009526e+03 -2.147501e+05 6.398052e+03 -1.284541e+03 -1.688486e+05 1.864684e+05 -2.730691e+03 4.385667e+03 1.676138e+05 1.971244e+03 -1.688468e+05 -1.653430e+05 -4.349405e+03
-4.747475e-03 -1.765635e+05 2.445203e+03 -4.605698e+03 -1.612484e+05 1.609690e+03 -1.598716e+05 -1.590279e+05 -4.573037e+03 -4.796965e+03 1.612538e+05 1.359461e+05 1.661355e+03 1.590187e+05 -4.764285e+03 1.096086e+03 1.230801e+05 -5.688108e+03 1.837703e+05 1.549302e+05 1.696524e+03 -1.812317e+05 5.651135e+03 -1.022652e+03 -1.402759e+05 1.549291e+05 -2.342434e+03 3.870984e+03 1.414919e+05 1.638926e+03 -1.402743e+05 -1.395369e+05 -3.842158e+03
-4.545455e-03 -1.488605e+05 2.121661e+03 -4.106828e+03 -1.384270e+05 1.339319e+03 -1.347747e+05 -1.364799e+05 -4.080503e+03 -4.267084e+03 1.384310e+05 1.146158e+05 1.441727e+03 1.364723e+05 -4.240755e+03 9.119834e+02 1.037590e+05 -5.065668e+03 1.577606e+05 1.306215e+05 1.459831e+03 -1.555353e+05 5.035907e+03 -8.276884e+02 -1.182553e+05 1.306204e+05 -2.044930e+03 3.447536e+03 1.214667e+05 1.386840e+03 -1.182539e+05 -1.197529e+05 -3.424285e+03
-4.343434e-03 -1.269704e+05 1.868702e+03 -3.685763e+03 -1.205145e+05 1.130522e+03 -1.149454e+05 -1.187819e+05 -3.664300e+03 -3.821765e+03 1.205174e+05 9.776126e+04 1.270002e+03 1.187756e+05 -3.800308e+03 7.698036e+02 8.849318e+04 -4.541468e+03 1.373456e+05 1.114134e+05 1.276090e+03 -1.353660e+05 4.517237e+03 -6.787145e+02 -1.008566e+05 1.114124e+05 -1.811001e+03 3.090921e+03 1.057490e+05 1.190570e+03 -1.008554e+05 -1.042244e+05 -3.071948e+03
-4.141414e-03 -1.093158e+05 1.666805e+03 -3.323765e+03 -1.061869e+05 9.658840e+02 -9.895416e+04 -1.046261e+05 -3.306100e+03 -3.440369e+03 1.061890e+05 8.416792e+04 1.132930e+03 1.046208e+05 -3.422717e+03 6.576910e+02 7.618211e+04 -4.091685e+03 1.210164e+05 9.592187e+04 1.130453e+03 -1.192336e+05 4.071773e+03 -5.624915e+02 -8.682553e+04 9.592103e+04 -1.623265e+03 2.784927e+03 9.317693e+04 1.034562e+03 -8.682442e+04 -9.180397e+04 -2.769298e+03
-3.939394e-03 -9.482876e+04 1.502948e+03 -3.007782e+03 -9.454864e+04 8.338498e+02 -8.583309e+04 -9.312767e+04 -2.993131e+03 -3.108579e+03 9.455002e+04 7.301346e+04 1.021676e+03 9.312327e+04 -3.093946e+03 5.677784e+02 6.608067e+04 -3.699762e+03 1.077522e+05 8.320981e+04 1.013051e+03 -1.061297e+05 3.683275e+03 -4.702709e+02 -7.531279e+04 8.320904e+04 -1.470098e+03 2.518288e+03 8.296466e+04 9.084603e+02 -7.531179e+04 -8.171511e+04 -2.505314e+03
-3.737374e-03 -8.276171e+04 1.368134e+03 -2.728394e+03 -8.497352e+04 7.264751e+02 -7.490478e+04 -8.366803e+04 -2.716167e+03 -2.816103e+03 8.497436e+04 6.372234e+04 9.301359e+02 8.366429e+04 -2.803896e+03 4.946568e+02 5.766734e+04 -3.353773e+03 9.683936e+04 7.262126e+04 9.170858e+02 -9.534915e+04 3.340036e+03 -3.960640e+02 -6.572401e+04 7.262056e+04 -1.343443e+03 2.282891e+03 7.456277e+04 8.051184e+02 -6.572311e+04 -7.341509e+04 -2.272051e+03
-3.535354e-03 -7.257683e+04 1.255959e+03 -2.478601e+03 -7.701189e+04 6.381361e+02 -6.568184e+04 -7.580280e+04 -2.468342e+03 -2.555319e+03 7.701228e+04 5.588042e+04 8.539618e+02 7.579961e+04 -2.545083e+03 4.344974e+02 5.056690e+04 -3.044869e+03 8.776545e+04 6.368428e+04 8.377363e+02 -8.638566e+04 3.033365e+03 -3.356504e+02 -5.763156e+04 6.368364e+04 -1.237550e+03 2.072716e+03 6.757667e+04 7.194585e+02 -5.763074e+04 -6.651403e+04 -2.063612e+03
-3.333333e-03 -6.387802e+04 1.161751e+03 -2.253067e+03 -7.033338e+04 5.647541e+02 -5.780531e+04 -6.920551e+04 -2.244424e+03 -2.320440e+03 7.033341e+04 4.918272e+04 7.899841e+02 6.920277e+04 -2.311821e+03 3.845228e+02 4.450301e+04 -2.766324e+03 8.015393e+04 5.605128e+04 7.714975e+02 -7.886716e+04 2.756650e+03 -2.859828e+02 -5.072047e+04 5.605070e+04 -1.148212e+03 1.883185e+03 6.171647e+04 6.477837e+02 -5.071973e+04 -6.072547e+04 -1.875506e+03
-3.131313e-03 -5.636755e+04 1.082031e+03 -2.047644e+03 -6.469055e+04 5.033087e+02 -5.100540e+04 -6.363162e+04 -2.040338e+03 -2.106980e+03 6.469028e+04 4.340000e+04 7.358419e+02 6.362927e+04 -2.099699e+03 3.426766e+02 3.926797e+04 -2.512909e+03 7.372278e+04 4.946103e+04 7.157683e+02 -7.251495e+04 2.504749e+03 -2.448153e+02 -4.475404e+04 4.946049e+04 -1.072285e+03 1.710745e+03 5.676506e+04 5.873462e+02 -4.475337e+04 -5.583486e+04 -1.704246e+03
-2.929293e-03 -4.981765e+04 1.014162e+03 -1.859041e+03 -5.989502e+04 4.515239e+02 -4.507573e+04 -5.889496e+04 -1.852850e+03 -1.911394e+03 5.989450e+04 3.835688e+04 6.897459e+02 5.889292e+04 -1.905227e+03 3.074091e+02 3.470289e+04 -2.280491e+03 6.825730e+04 4.371365e+04 6.685844e+02 -6.711688e+04 2.273590e+03 -2.104633e+02 -3.955116e+04 4.371317e+04 -1.007383e+03 1.552581e+03 5.255714e+04 5.360672e+02 -3.955056e+04 -5.167883e+04 -1.547067e+03
-2.727273e-03 -4.405125e+04 9.561169e+02 -1.684609e+03 -5.580131e+04 4.076584e+02 -3.985585e+04 -5.485174e+04 -1.679355e+03 -1.730833e+03 5.580059e+04 3.391703e+04 6.503190e+02 5.484997e+04 -1.725602e+03 2.775345e+02 3.068424e+04 -2.065742e+03 6.359170e+04 3.865378e+04 6.284391e+02 -6.250907e+04 2.059897e+03 -1.816440e+02 -3.497108e+04 3.865334e+04 -9.516621e+02 1.406432e+03 4.896504e+04 4.923504e+02 -3.497053e+04 -4.813125e+04 -1.401746e+03
-2.525253e-03 -3.892868e+04 9.063125e+02 -1.522182e+03 -5.229572e+04 3.703627e+02 -3.521922e+04 -5.138957e+04 -1.517719e+03 -1.562977e+03 5.229482e+04 2.997291e+04 6.164881e+02 5.138804e+04 -1.558536e+03 2.521339e+02 2.711462e+04 -1.865947e+03 5.959636e+04 3.415886e+04 5.941623e+02 -5.856345e+04 1.860994e+03 -1.573678e+02 -3.090274e+04 3.415846e+04 -9.036814e+02 1.270451e+03 4.588899e+04 4.549538e+02 -3.090225e+04 -4.509349e+04 -1.266465e+03
-2.323232e-03 -3.433829e+04 8.635033e+02 -1.369963e+03 -4.928845e+04 3.385791e+02 -3.106466e+04 -4.841972e+04 -1.366173e+03 -1.405906e+03 4.928740e+04 2.643854e+04 5.874072e+02 4.841838e+04 -1.402137e+03 2.304871e+02 2.391613e+04 -1.678858e+03 5.616896e+04 3.013091e+04 5.648347e+02 -5.517890e+04 1.674661e+03 -1.368630e+02 -2.725739e+04 3.013055e+04 -8.623028e+02 1.143108e+03 4.325020e+04 4.229005e+02 -2.725695e+04 -4.248770e+04 -1.139719e+03
-2.121212e-03 -3.018964e+04 8.266981e+02 -1.226445e+03 -4.670798e+04 3.114713e+02 -2.731025e+04 -4.587150e+04 -1.223232e+03 -1.258013e+03 4.670681e+04 2.324430e+04 5.624037e+02 4.587033e+04 -1.254819e+03 2.120246e+02 2.102570e+04 -1.502590e+03 5.322800e+04 2.649059e+04 5.397278e+02 -5.227485e+04 1.499039e+03 -1.195220e+02 -2.396314e+04 2.649026e+04 -8.266188e+02 1.023122e+03 4.098593e+04 3.954153e+02 -2.396274e+04 -4.025185e+04 -1.020244e+03
-1.919192e-03 -2.640861e+04 7.951035e+02 -1.090346e+03 -4.449699e+04 2.883732e+02 -2.388883e+04 -4.368825e+04 -1.087630e+03 -1.117936e+03 4.449571e+04 2.033310e+04 5.409389e+02 4.368722e+04 -1.115237e+03 1.962929e+02 1.839162e+04 -1.335542e+03 5.070813e+04 2.317283e+04 5.182599e+02 -4.978673e+04 1.332546e+03 -1.048629e+02 -2.096106e+04 2.317254e+04 -7.959009e+02 9.094039e+02 3.904586e+04 3.718784e+02 -2.096071e+04 -3.833623e+04 -9.069677e+02
-1.717172e-03 -2.293366e+04 7.680806e+02 -9.605631e+02 -4.260929e+04 2.687511e+02 -2.074464e+04 -4.182432e+04 -9.582775e+02 -9.845038e+02 4.260793e+04 1.765757e+04 5.225794e+02 4.182341e+04 -9.822345e+02 1.829285e+02 1.597097e+04 -1.176338e+03 4.855672e+04 2.012365e+04 4.999642e+02 -4.766252e+04 1.173823e+03 -9.250146e+01 -1.820223e+04 2.012339e+04 -7.695611e+02 8.010190e+02 3.738947e+04 3.517919e+02 -1.820192e+04 -3.670079e+04 -7.989669e+02
-1.515152e-03 -1.971305e+04 7.451138e+02 -8.361350e+02 -4.100758e+04 2.521766e+02 -1.783084e+04 -4.024285e+04 -8.342267e+02 -8.566997e+02 4.100614e+04 1.517789e+04 5.069750e+02 4.024204e+04 -8.548059e+02 1.716397e+02 1.372769e+04 -1.023782e+03 4.673125e+04 1.729766e+04 4.844650e+02 -4.586021e+04 1.021686e+03 -8.213037e+01 -1.564555e+04 1.729743e+04 -7.471240e+02 6.971533e+02 3.598402e+04 3.347545e+02 -1.564527e+04 -3.531319e+04 -6.954378e+02
-1.313131e-03 -1.670276e+04 7.257871e+02 -7.162148e+02 -3.966175e+04 2.383052e+02 -1.510752e+04 -3.891409e+04 -7.146396e+02 -7.336291e+02 3.966026e+04 1.286013e+04 4.938434e+02 3.891336e+04 -7.320666e+02 1.621919e+02 1.163106e+04 -8.768191e+02 4.519741e+04 1.465620e+04 4.714597e+02 -4.434589e+04 8.750923e+02 -7.350356e+01 -1.325599e+04 1.465601e+04 -7.282051e+02 5.970899e+02 3.480311e+04 3.204428e+02 -1.325576e+04 -3.414730e+04 -5.956723e+02
-1.111111e-03 -1.386475e+04 7.097659e+02 -6.000460e+02 -3.854759e+04 2.268612e+02 -1.254024e+04 -3.781408e+04 -5.987682e+02 -6.144944e+02 3.854605e+04 1.067503e+04 4.829574e+02 3.781342e+04 -6.132274e+02 1.543974e+02 9.654551e+03 -7.345091e+02 4.392760e+04 1.216593e+04 4.607056e+02 -4.309229e+04 7.331106e+02 -6.642467e+01 -1.100336e+04 1.216577e+04 -7.124945e+02 5.001895e+02 3.382547e+04 3.085972e+02 -1.100316e+04 -3.318214e+04 -4.990383e+02
-9.090909e-04 -1.116569e+04 6.967834e+02 -4.869442e+02 -3.764580e+04 2.176256e+02 -1.009881e+04 -3.692377e+04 -4.859351e+02 -4.985753e+02 3.764421e+04 8.596913e+03 4.741358e+02 3.692317e+04 -4.975751e+02 1.481069e+02 7.774935e+03 -5.960016e+02 4.289982e+04 9.797584e+03 4.520099e+02 -4.207765e+04 5.948988e+02 -6.073828e+01 -8.861146e+03 9.797453e+03 -6.997449e+02 4.058741e+02 3.303417e+04 2.990110e+02 -8.860987e+03 -3.240097e+04 -4.049642e+02
-7.070707e-04 -8.575910e+03 6.866306e+02 -3.762817e+02 -3.694123e+04 2.104273e+02 -7.756352e+03 -3.622820e+04 -3.755189e+02 -3.852122e+02 3.693962e+04 6.602934e+03 4.672370e+02 3.622764e+04 -3.844564e+02 1.432041e+02 5.971509e+03 -4.605176e+02 4.209683e+04 7.525121e+03 4.452214e+02 -4.128495e+04 4.596850e+02 -5.632330e+01 -6.805768e+03 7.525020e+03 -6.897622e+02 3.136139e+02 3.241594e+04 2.915224e+02 -6.805645e+03 -3.179066e+04 -3.129255e+02
-5.050505e-04 -6.068472e+03 6.791485e+02 -2.674741e+02 -3.642240e+04 2.051364e+02 -5.488468e+03 -3.571600e+04 -2.669408e+02 -2.737920e+02 3.642076e+04 4.672356e+03 4.621527e+02 3.571547e+04 -2.732637e+02 1.396003e+02 4.225497e+03 -3.273323e+02 4.150552e+04 5.324914e+03 4.402255e+02 -4.070122e+04 3.267507e+02 -5.308803e+01 -4.815827e+03 5.324842e+03 -6.823985e+02 2.229163e+02 3.196068e+04 2.860082e+02 -4.815739e+03 -3.134125e+04 -2.224348e+02
-3.030303e-04 -3.618480e+03 6.742222e+02 -1.599693e+02 -3.608098e+04 2.016595e+02 -3.272610e+03 -3.537895e+04 -1.596539e+02 -1.637360e+02 3.607933e+04 2.786010e+03 4.588052e+02 3.537844e+04 -1.634236e+02 1.372321e+02 2.519538e+03 -1.957612e+02 4.111640e+04 3.175115e+03 4.369393e+02 -4.031710e+04 1.954175e+02 -5.096657e+01 -2.871534e+03 3.175072e+03 -6.775470e+02 1.333160e+02 3.166110e+04 2.823799e+02 -2.871482e+03 -3.104551e+04 -1.330311e+02
-1.010101e-04 -1.202419e+03 6.717774e+02 -5.323769e+01 -3.591159e+04 1.999358e+02 -1.087482e+03 -3.521173e+04 -5.313331e+01 -5.448925e+01 3.590993e+04 9.257899e+02 4.571439e+02 3.521123e+04 -5.438587e+01 1.360581e+02 8.372380e+02 -6.514791e+01 4.092335e+04 1.055089e+03 4.353094e+02 -4.012653e+04 6.503420e+01 -4.991630e+01 -9.542056e+02 1.055075e+03 -6.751382e+02 4.436672e+01 3.151247e+04 2.805799e+02 -9.541882e+02 -3.089879e+04 -4.427242e+01
1.010101e-04 1.202419e+03 6.717774e+02 5.323769e+01 -3.591159e+04 1.999358e+02 1.087482e+03 -3.521173e+04 5.313331e+01 5.448925e+01 3.590993e+04 -9.257899e+02 4.571439e+02 3.521123e+04 5.438587e+01 1.360581e+02 -8.372380e+02 6.514791e+01 4.092335e+04 -1.055089e+03 4.353094e+02 -4.012653e+04 -6.503420e+01 -4.991630e+01 9.542056e+02 -1.055075e+03 -6.751382e+02 -4.436672e+01 3.151247e+04 2.805799e+02 9.541882e+02 -3.089879e+04 4.427242e+01
3.030303e-04 3.618480e+03 6.742222e+02 1.599693e+02 -3.608098e+04 2.016595e+02 3.272610e+03 -3.537895e+04 1.596539e+02 1.637360e+02 3.607933e+04 -2.786010e+03 4.588052e+02 3.537844e+04 1.634236e+02 1.372321e+02 -2.519538e+03 1.957612e+02 4.111640e+04 -3.175115e+03 4.369393e+02 -4.031710e+04 -1.954175e+02 -5.096657e+01 2.871534e+03 -3.175072e+03 -6.775470e+02 -1.333160e+02 3.166110e+04 2.823799e+02 2.871482e+03 -3.104551e+04 1.330311e+02
5.050505e-04 6.068472e+03 6.791485e+02 2.674741e+02 -3.642240e+04 2.051364e+02 5.488468e+03 -3.571600e+04 2.669408e+02 2.737920e+02 3.642076e+04 -4.672356e+03 4.621527e+02 3.571547e+04 2.732637e+02 1.396003e+02 -4.225497e+03 3.273323e+02 4.150552e+04 -5.324914e+03 4.402255e+02 -4.070122e+04 -3.267507e+02 -5.308803e+01 4.815827e+03 -5.324842e+03 -6.823985e+02 -2.229163e+02 3.196068e+04 2.860082e+02 4.815739e+03 -3.134125e+04 2.224348e+02
7.070707e-04 8.575910e+03 6.866306e+02 3.762817e+02 -3.694123e+04 2.104273e+02 7.756352e+03 -3.622820e+04 3.755189e+02 3.852122e+02 3.693962e+04 -6.602934e+03 4.672370e+02 3.622764e+04 3.844564e+02 1.432041e+02 -5.971509e+03 4.605176e+02 4.209683e+04 -7.525121e+03 4.452214e+02 -4.128495e+04 -4.596850e+02 -5.632330e+01 6.805768e+03 -7.525020e+03 -6.897622e+02 -3.136139e+02 3.241594e+04 2.915224e+02 6.805645e+03 -3.179066e+04 3.129255e+02
9.090909e-04 1.116569e+04 6.967834e+02 4.869442e+02 -3.764580e+04 2.176256e+02 1.009881e+04 -3.692377e+04 4.859351e+02 4.985753e+02 3.764421e+04 -8.596913e+03 4.741358e+02 3.692317e+04 4.975751e+02 1.481069e+02 -7.774935e+03 5.960016e+02 4.289982e+04 -9.797584e+03 4.520099e+02 -4.207765e+04 -5.948988e+02 -6.073828e+01 8.861146e+03 -9.797453e+03 -6.997449e+02 -4.058741e+02 3.303417e+04 2.990110e+02 8.860987e+03 -3.240097e+04 4.049642e+02
1.111111e-03 1.386475e+04 7.097659e+02 6.000460e+02 -3.854759e+04 2.268612e+02 1.254024e+04 -3.781408e+04 5.987682e+02 6.144944e+02 3.854605e+04 -1.067503e+04 4.829574e+02 3.781342e+04 6.132274e+02 1.543974e+02 -9.654551e+03 7.345091e+02 4.392760e+04 -1.216593e+04 4.607056e+02 -4.309229e+04 -7.331106e+02 -6.642467e+01 1.100336e+04 -1.216577e+04 -7.124945e+02 -5.001895e+02 3.382547e+04 3.085972e+02 1.100316e+04 -3.318214e+04 4.990383e+02
1.313131e-03 1.670276e+04 7.257871e+02 7.162148e+02 -3.966175e+04 2.383052e+02 1.510752e+04 -3.891409e+04 7.146396e+02 7.336291e+02 3.966026e+04 -1.286013e+04 4.938434e+02 3.891336e+04 7.320666e+02 1.621919e+02 -1.163106e+04 8.768191e+02 4.519741e+04 -1.465620e+04 4.714597e+02 -4.434589e+04 -8.750923e+02 -7.350356e+01 1.325599e+04 -1.465601e+04 -7.282051e+02 -5.970899e+02 3.480311e+04 3.204428e+02 1.325576e+04 -3.414730e+04 5.956723e+02
1.515152e-03 1.971305e+04 7.451138e+02 8.361350e+02 -4.100758e+04 2.521766e+02 1.783084e+04 -4.024285e+04 8.342267e+02 8.566997e+02 4.100614e+04 -1.517789e+04 5.069750e+02 4.024204e+04 8.548059e+02 1.716397e+02 -1.372769e+04 1.023782e+03 4.673125e+04 -1.729766e+04 4.844650e+02 -4.586021e+04 -1.021686e+03 -8.213037e+01 1.564555e+04 -1.729743e+04 -7.471240e+02 -6.971533e+02 3.598402e+04 3.347545e+02 1.564527e+04 -3.531319e+04 6.954378e+02
1.717172e-03 2.293366e+04 7.680806e+02 9.605631e+02 -4.260929e+04 2.687511e+02 2.074464e+04 -4.182432e+04 9.582775e+02 9.845038e+02 4.260793e+04 -1.765757e+04 5.225794e+02 4.182341e+04 9.822345e+02 1.829285e+02 -1.597097e+04 1.176338e+03 4.855672e+04 -2.012365e+04 4.999642e+02 -4.766252e+04 -1.173823e+03 -9.250146e+01 1.820223e+04 -2.012339e+04 -7.695611e+02 -8.010190e+02 3.738947e+04 3.517919e+02 1.820192e+04 -3.670079e+04 7.989669e+02
1.919192e-03 2.640861e+04 7.951035e+02 1.090346e+03 -4.449699e+04 2.883732e+02 2.388883e+04 -4.368825e+04 1.087630e+03 1.117936e+03 4.449571e+04 -2.033310e+04 5.409389e+02 4.368722e+04 1.115237e+03 1.962929e+02 -1.839162e+04 1.335542e+03 5.070813e+04 -2.317283e+04 5.182599e+02 -4.978673e+04 -1.332546e+03 -1.048629e+02 2.096106e+04 -2.317254e+04 -7.959009e+02 -9.094039e+02 3.904586e+04 3.718784e+02 2.096071e+04 -3.833623e+04 9.069677e+02
2.121212e-03 3.018964e+04 8.266981e+02 1.226445e+03 -4.670798e+04 3.114713e+02 2.731025e+04 -4.587150e+04 1.223232e+03 1.258013e+03 4.670681e+04 -2.324430e+04 5.624037e+02 4.587033e+04 1.254819e+03 2.120246e+02 -2.102570e+04 1.502590e+03 5.322800e+04 -2.649059e+04 5.397278e+02 -5.227485e+04 -1.499039e+03 -1.195220e+02 2.396314e+04 -2.649026e+04 -8.266188e+02 -1.023122e+03 4.098593e+04 3.954153e+02 2.396274e+04 -4.025185e+04 1.020244e+03
2.323232e-03 3.433829e+04 8.635033e+02 1.369963e+03 -4.928845e+04 3.385791e+02 3.106466e+04 -4.841972e+04 1.366173e+03 1.405906e+03 4.928740e+04 -2.643854e+04 5.874072e+02 4.841838e+04 1.402137e+03 2.304871e+02 -2.391613e+04 1.678858e+03 5.616896e+04 -3.013091e+04 5.648347e+02 -5.517890e+04 -1.674661e+03 -1.368630e+02 2.725739e+04 -3.013055e+04 -8.623028e+02 -1.143108e+03 4.325020e+04 4.229005e+02 2.725695e+04 -4.248770e+04 1.139719e+03
2.525253e-03 3.892868e+04 9.063125e+02 1.522182e+03 -5.229572e+04 3.703627e+02 3.521922e+04 -5.138957e+04 1.517719e+03 1.562977e+03 5.229482e+04 -2.997291e+04 6.164881e+02 5.138804e+04 1.558536e+03 2.521339e+02 -2.711462e+04 1.865947e+03 5.959636e+04 -3.415886e+04 5.941623e+02 -5.856345e+04 -1.860994e+03 -1.573678e+02 3.090274e+04 -3.415846e+04 -9.036814e+02 -1.270451e+03 4.588899e+04 4.549538e+02 3.090225e+04 -4.509349e+04 1.266465e+03
2.727273e-03 4.405125e+04 9.561169e+02 1.684609e+03 -5.580131e+04 4.076584e+02 3.985585e+04 -5.485174e+04 1.679355e+03 1.730833e+03 5.580059e+04 -3.391703e+04 6.503190e+02 5.484997e+04 1.725602e+03 2.775345e+02 -3.068424e+04 2.065742e+03 6.359170e+04 -3.865378e+04 6.284391e+02 -6.250907e+04 -2.059897e+03 -1.816440e+02 3.497108e+04 -3.865334e+04 -9.516621e+02 -1.406432e+03 4.896504e+04 4.923504e+02 3.497053e+04 -4.813125e+04 1.401746e+03
2.929293e-03 4.981765e+04 1.014162e+03 1.859041e+03 -5.989502e+04 4.515239e+02 4.507573e+04 -5.889496e+04 1.852850e+03 1.911394e+03 5.989450e+04 -3.835688e+04 6.897459e+02 5.889292e+04 1.905227e+03 3.074091e+02 -3.470289e+04 2.280491e+03 6.825730e+04 -4.371365e+04 6.685844e+02 -6.711688e+04 -2.273590e+03 -2.104633e+02 3.955116e+04 -4.371317e+04 -1.007383e+03 -1.552581e+03 5.255714e+04 5.360672e+02 3.955056e+04 -5.167883e+04 1.547067e+03
3.131313e-03 5.636755e+04 1.082031e+03 2.047644e+03 -6.469055e+04 5.033087e+02 5.100540e+04 -6.363162e+04 2.040338e+03 2.106980e+03 6.469028e+04 -4.340000e+04 7.358419e+02 6.362927e+04 2.099699e+03 3.426766e+02 -3.926797e+04 2.512909e+03 7.372278e+04 -4.946103e+04 7.157683e+02 -7.251495e+04 -2.504749e+03 -2.448153e+02 4.475404e+04 -4.946049e+04 -1.072285e+03 -1.710745e+03 5.676506e+04 5.873462e+02 4.475337e+04 -5.583486e+04 1.704246e+03
3.333333e-03 6.387802e+04 1.161751e+03 2.253067e+03 -7.033338e+04 5.647541e+02 5.780531e+04 -6.920551e+04 2.244424e+03 2.320440e+03 7.033341e+04 -4.918272e+04 7.899841e+02 6.920277e+04 2.311821e+03 3.845228e+02 -4.450301e+04 2.766324e+03 8.015393e+04 -5.605128e+04 7.714975e+02 -7.886716e+04 -2.756650e+03 -2.859828e+02 5.072047e+04 -5.605070e+04 -1.148212e+03 -1.883185e+03 6.171647e+04 6.477837e+02 5.071973e+04 -6.072547e+04 1.875506e+03
3.535354e-03 7.257683e+04 1.255959e+03 2.478601e+03 -7.701189e+04 6.381361e+02 6.568184e+04 -7.580280e+04 2.468342e+03 2.555319e+03 7.701228e+04 -5.588042e+04 8.539618e+02 7.579961e+04 2.545083e+03 4.344974e+02 -5.056690e+04 3.044869e+03 8.776545e+04 -6.368428e+04 8.377363e+02 -8.638566e+04 -3.033365e+03 -3.356504e+02 5.763156e+04 -6.368364e+04 -1.237550e+03 -2.072716e+03 6.757667e+04 7.194585e+02 5.763074e+04 -6.651403e+04 2.063612e+03
3.737374e-03 8.276171e+04 1.368134e+03 2.728394e+03 -8.497352e+04 7.264751e+02 7.490478e+04 -8.366803e+04 2.716167e+03 2.816103e+03 8.497436e+04 -6.372234e+04 9.301359e+02 8.366429e+04 2.803896e+03 4.946568e+02 -5.766734e+04 3.353773e+03 9.683936e+04 -7.262126e+04 9.170858e+02 -9.534915e+04 -3.340036e+03 -3.960640e+02 6.572401e+04 -7.262056e+04 -1.343443e+03 -2.282891e+03 7.456277e+04 8.051184e+02 6.572311e+04 -7.341509e+04 2.272051e+03
3.939394e-03 9.482876e+04 1.502948e+03 3.007782e+03 -9.454864e+04 8.338498e+02 8.583309e+04 -9.312767e+04 2.993131e+03 3.108579e+03 9.455002e+04 -7.301346e+04 1.021676e+03 9.312327e+04 3.093946e+03 5.677784e+02 -6.608067e+04 3.699762e+03 1.077522e+05 -8.320981e+04 1.013051e+03 -1.061297e+05 -3.683275e+03 -4.702709e+02 7.531279e+04 -8.320904e+04 -1.470098e+03 -2.518288e+03 8.296466e+04 9.084603e+02 7.531179e+04 -8.171511e+04 2.505314e+03
4.141414e-03 1.093158e+05 1.666805e+03 3.323765e+03 -1.061869e+05 9.658840e+02 9.895416e+04 -1.046261e+05 3.306100e+03 3.440369e+03 1.061890e+05 -8.416792e+04 1.132930e+03 1.046208e+05 3.422717e+03 6.576910e+02 -7.618211e+04 4.091685e+03 1.210164e+05 -9.592187e+04 1.130453e+03 -1.192336e+05 -4.071773e+03 -5.624915e+02 8.682553e+04 -9.592103e+04 -1.623265e+03 -2.784927e+03 9.317693e+04 1.034562e+03 8.682442e+04 -9.180397e+04 2.769298e+03
4.343434e-03 1.269704e+05 1.868702e+03 3.685763e+03 -1.205145e+05 1.130522e+03 1.149454e+05 -1.187819e+05 3.664300e+03 3.821765e+03 1.205174e+05 -9.776126e+04 1.270002e+03 1.187756e+05 3.800308e+03 7.698036e+02 -8.849318e+04 4.541468e+03 1.373456e+05 -1.114134e+05 1.276090e+03 -1.353660e+05 -4.517237e+03 -6.787145e+02 1.008566e+05 -1.114124e+05 -1.811001e+03 -3.090921e+03 1.057490e+05 1.190570e+03 1.008554e+05 -1.042244e+05 3.071948e+03
4.545455e-03 1.488605e+05 2.121661e+03 4.106828e+03 -1.384270e+05 1.339319e+03 1.347747e+05 -1.364799e+05 4.080503e+03 4.267084e+03 1.384310e+05 -1.146158e+05 1.441727e+03 1.364723e+05 4.240755e+03 9.119834e+02 -1.037590e+05 5.065668e+03 1.577606e+05 -1.306215e+05 1.459831e+03 -1.555353e+05 -5.035907e+03 -8.276884e+02 1.182553e+05 -1.306204e+05 -2.044930e+03 -3.447536e+03 1.214667e+05 1.386840e+03 1.182539e+05 -1.197529e+05 3.424285e+03
4.747475e-03 1.765635e+05 2.445203e+03 4.605698e+03 -1.612484e+05 1.609690e+03 1.598716e+05 -1.590279e+05 4.573037e+03 4.796965e+03 1.612538e+05 -1.359461e+05 1.661355e+03 1.590187e+05 4.764285e+03 1.096086e+03 -1.230801e+05 5.688108e+03 1.837703e+05 -1.549302e+05 1.696524e+03 -1.812317e+05 -5.651135e+03 -1.022652e+03 1.402759e+05 -1.549291e+05 -2.342434e+03 -3.870984e+03 1.414919e+05 1.638926e+03 1.402743e+05 -1.395369e+05 3.842158e+03
4.949495e-03 2.125069e+05 2.869942e+03 5.210520e+03 -1.910178e+05 1.969065e+03 1.924361e+05 -1.884395e+05 5.169409e+03 5.442539e+03 1.910250e+05 -1.636212e+05 1.949657e+03 1.884281e+05 5.401385e+03 1.340786e+03 -1.481502e+05 6.444649e+03 2.176986e+05 -1.864697e+05 2.009526e+03 -2.147501e+05 -6.398052e+03 -1.284541e+03 1.688486e+05 -1.864684e+05 -2.730691e+03 -4.385667e+03 1.676138e+05 1.971244e+03 1.688468e+05 -1.653430e+05 4.349405e+03
5.151515e-03 2.606284e+05 3.446714e+03 5.966091e+03 -2.310441e+05 2.463189e+03 2.360371e+05 -2.279815e+05 5.913370e+03 6.253566e+03 2.310540e+05 -2.006731e+05 2.341133e+03 2.279671e+05 6.200771e+03 1.677223e+03 -1.817168e+05 7.392493e+03 2.633169e+05 -2.286954e+05 2.437742e+03 -2.598133e+05 -7.332672e+03 -1.648399e+03 2.071050e+05 -2.286939e+05 -3.254719e+03 -5.030513e+03 2.027359e+05 2.424378e+03 2.071029e+05 -2.000376e+05 4.984038e+03
5.353535e-03 3.277838e+05 4.266692e+03 6.949511e+03 -2.870910e+05 3.174396e+03 2.968880e+05 -2.833417e+05 6.880206e+03 7.316067e+03 2.871045e+05 -2.523804e+05 2.897654e+03 2.833230e+05 7.246637e+03 2.161444e+03 -2.285633e+05 8.630317e+03 3.271940e+05 -2.876228e+05 3.051142e+03 -3.229033e+05 -8.551597e+03 -2.177510e+03 2.604967e+05 -2.876211e+05 -3.995062e+03 -5.872679e+03 2.519156e+05 3.071159e+03 2.604942e+05 -2.486112e+05 5.811615e+03
5.555556e-03 4.271787e+05 5.512330e+03 8.309205e+03 -3.702647e+05 4.267912e+03 3.869573e+05 -3.654742e+05 8.214839e+03 8.796336e+03 3.702837e+05 -3.289113e+05 3.743043e+03 3.654492e+05 8.701762e+03 2.905910e+03 -2.979038e+05 1.034850e+04 4.219877e+05 -3.748398e+05 3.990115e+03 -4.165039e+05 -1.024122e+04 -2.999259e+03 3.395251e+05 -3.748378e+05 -5.112542e+03 -7.041735e+03 3.248986e+05 4.057352e+03 3.395220e+05 -3.206752e+05 6.958624e+03
5.757576e-03 5.886586e+05 7.616873e+03 1.038554e+04 -5.056767e+05 6.136790e+03 5.332942e+05 -4.991285e+05 1.024976e+04 1.107721e+04 5.057048e+05 -4.532456e+05 5.171348e+03 4.990931e+05 1.094107e+04 4.178135e+03 -4.105621e+05 1.298454e+04 5.763179e+05 -5.165352e+05 5.588766e+03 -5.688200e+05 -1.283004e+04 -4.417438e+03 4.679237e+05 -5.165326e+05 -6.988322e+03 -8.835429e+03 4.437194e+05 5.728919e+03 4.679196e+05 -4.379450e+05 8.715880e+03
5.959596e-03 9.033605e+05 1.199183e+04 1.425601e+04 -7.700497e+05 1.006223e+04 8.184946e+05 -7.598424e+05 1.403862e+04 1.537455e+04 7.700956e+05 -6.955562e+05 8.140668e+03 7.597864e+05 1.515648e+04 6.850024e+03 -6.301255e+05 1.792576e+04 8.776260e+05 -7.926799e+05 8.937553e+03 -8.659366e+05 -1.767819e+04 -7.424216e+03 7.181637e+05 -7.926762e+05 -1.086239e+04 -1.219791e+04 6.757006e+05 9.211558e+03 7.181577e+05 -6.666983e+05 1.200655e+04
6.161616e-03 2.089575e+06 3.083574e+04 2.904398e+04 -1.768560e+06 2.710019e+04 1.893500e+06 -1.742462e+06 2.852075e+04 3.200647e+04 1.768672e+06 -1.608905e+06 2.093241e+04 1.742328e+06 3.148117e+04 1.844466e+04 -1.457726e+06 3.693353e+04 2.015635e+06 -1.833561e+06 2.347212e+04 -1.985756e+06 -3.633717e+04 -2.059146e+04 1.661394e+06 -1.833552e+06 -2.744080e+04 -2.513281e+04 1.551870e+06 2.420820e+04 1.661379e+06 -1.528860e+06 2.467219e+04
6.363636e-03 4.522333e+06 6.204261e+04 5.344146e+04 -3.813154e+06 5.565293e+04 4.098503e+06 -3.761812e+06 5.225751e+04 5.947806e+04 3.813411e+06 -3.482054e+06 4.210619e+04 3.761517e+06 5.828928e+04 3.788052e+04 -3.155255e+06 6.830810e+04 4.345881e+06 -3.968258e+06 4.754764e+04 -4.287060e+06 -6.695786e+04 -4.268297e+04 3.596097e+06 -3.968243e+06 -5.487889e+04 -4.648938e+04 3.345956e+06 4.932054e+04 3.596072e+06 -3.300658e+06 4.544746e+04
6.565657e-03 2.805293e+07 3.498128e+05 2.716500e+05 -2.358620e+07 3.202753e+05 2.542714e+07 -2.330304e+07 2.640041e+05 3.061053e+05 2.358786e+07 -2.159988e+07 2.373331e+05 2.330121e+07 2.984289e+05 2.180223e+05 -1.957518e+07 3.494595e+05 2.688146e+07 -2.461590e+07 2.699627e+05 -2.655676e+07 -3.407360e+05 -2.479151e+05 2.231015e+07 -2.461580e+07 -3.074622e+05 -2.378951e+05 2.069634e+07 2.815816e+05 2.231006e+07 -2.044635e+07 2.311693e+05
6.767677e-03 -6.089980e+06 -7.343845e+04 -4.581853e+04 5.107821e+06 -6.909943e+04 -5.520702e+06 5.049406e+06 -4.407559e+04 -5.316828e+04 -5.108211e+06 4.689113e+06 -4.981249e+04 -5.048988e+06 -5.141779e+04 -4.703932e+04 4.250112e+06 -5.986031e+04 -5.821458e+06 5.343841e+06 -5.737587e+04 5.754435e+06 5.787091e+04 5.428806e+04 -4.843937e+06 5.343834e+06 6.383250e+04 4.076823e+04 -4.482008e+06 -5.995207e+04 -4.843911e+06 4.430389e+06 -3.923501e+04
6.969697e-03 -3.232398e+06 -3.854360e+04 -1.713555e+04 2.706793e+06 -3.729311e+04 -2.930645e+06 2.676636e+06 -1.617155e+04 -2.105449e+04 -2.707010e+06 2.488861e+06 -2.613815e+04 -2.676409e+06 -2.008604e+04 -2.538642e+04 2.256150e+06 -2.308537e+04 -3.084979e+06 2.836370e+06 -3.054297e+04 3.050362e+06 2.198463e+04 2.977086e+04 -2.571381e+06 2.836368e+06 3.306595e+04 1.573593e+04 -2.375158e+06 -3.188391e+04 -2.571370e+06 2.348498e+06 -1.488794e+04
7.171717e-03 -2.755912e+06 -3.219539e+04 -8.276895e+03 2.306409e+06 -3.200734e+04 -2.498994e+06 2.281640e+06 -7.420162e+03 -1.159902e+04 -2.306602e+06 2.121984e+06 -2.182788e+04 -2.281442e+06 -1.073814e+04 -2.178797e+04 1.923839e+06 -1.200241e+04 -2.628660e+06 2.418264e+06 -2.588681e+04 2.600214e+06 1.102387e+04 2.595018e+04 -2.192641e+06 2.418264e+06 2.723956e+04 8.199206e+03 -2.023831e+06 -2.696561e+04 -2.192634e+06 2.001923e+06 -7.445563e+03
7.373737e-03 -3.600627e+06 -3.981358e+04 -2.167318e+03 3.015340e+06 -4.071206e+04 -3.265439e+06 2.985225e+06 -9.989178e+02 -6.334752e+03 -3.015604e+06 2.772400e+06 -2.698394e+04 -2.984959e+06 -5.160668e+03 -2.771512e+04 2.513872e+06 -5.104804e+03 -3.436650e+06 3.159488e+06 -3.251310e+04 3.402034e+06 3.770083e+03 3.352944e+04 -2.865121e+06 3.159491e+06 3.317400e+04 3.529849e+03 -2.645910e+06 -3.377930e+04 -2.865113e+06 2.619249e+06 -2.502083e+03
7.575758e-03 1.180725e+06 -2.665916e+04 -1.214445e+03 -9.851999e+05 -2.587251e+04 1.070980e+06 -1.004570e+06 -1.622339e+03 -3.939105e+03 9.852888e+05 -9.091290e+05 -1.812780e+04 1.004479e+06 -4.342990e+03 -1.755172e+04 -8.244767e+05 -3.136548e+03 1.122859e+06 -1.036067e+06 -2.178424e+04 -1.144829e+06 3.599213e+03 2.124147e+04 9.396787e+05 -1.036064e+06 2.226747e+04 2.107092e+03 8.644957e+05 -2.146344e+04 9.396821e+05 -8.814164e+05 -2.463186e+03
7.777778e-03 -3.249634e+05 -2.097014e+04 1.415560e+03 2.711248e+05 -2.113688e+04 -2.947912e+05 2.561111e+05 1.523210e+03 -7.722999e+02 -2.711516e+05 2.502183e+05 -1.423534e+04 -2.560883e+05 -6.611902e+02 -1.436050e+04 2.269462e+05 3.927427e+02 -3.090072e+05 2.851502e+05 -1.728170e+04 2.918709e+05 -5.173241e+02 1.752823e+04 -2.586540e+05 2.851535e+05 1.734205e+04 -2.620371e+02 -2.379093e+05 -1.738450e+04 -2.586526e+05 2.247118e+05 3.580889e+02
7.979798e-03 -6.491742e+05 -2.000109e+04 4.122124e+03 5.418630e+05 -2.061585e+04 -5.889999e+05 5.278008e+05 4.352453e+03 2.009518e+03 -5.419175e+05 4.998559e+05 -1.356904e+04 -5.277523e+05 2.243427e+03 -1.401163e+04 4.534379e+05 3.720967e+03 -6.175761e+05 5.696409e+05 -1.665486e+04 6.014935e+05 -3.985408e+03 1.727270e+04 -5.167925e+05 5.696451e+05 1.635923e+04 -2.515342e+03 -4.754792e+05 -1.678526e+04 -5.167924e+05 4.630934e+05 2.719136e+03
8.181818e-03 -8.290117e+05 -2.097188e+04 7.227677e+03 6.926361e+05 -2.199615e+04 -7.522880e+05 6.781748e+05 7.534327e+03 4.991362e+03 -6.927082e+05 6.383299e+05 -1.422225e+04 -6.781113e+05 5.302060e+03 -1.495140e+04 5.791418e+05 7.410624e+03 -7.894178e+05 7.274465e+05 -1.764406e+04 7.728617e+05 -7.762257e+03 1.860786e+04 -6.600607e+05 7.274520e+05 1.696626e+04 -5.015975e+03 -6.077822e+05 -1.773230e+04 -6.600618e+05 5.950319e+05 5.287020e+03
8.383838e-03 -9.989611e+05 -2.358283e+04 1.115578e+04 8.356982e+05 -2.507886e+04 -9.066551e+05 8.197649e+05 1.153940e+04 8.622042e+03 -8.357882e+05 7.691915e+05 -1.598856e+04 -8.196870e+05 9.010546e+03 -1.704679e+04 6.979779e+05 1.199191e+04 -9.524712e+05 8.765758e+05 -2.003017e+04 9.342193e+05 -1.243163e+04 2.139877e+04 -7.955014e+05 8.765832e+05 1.888411e+04 -8.121192e+03 -7.333198e+05 -2.003438e+04 -7.955039e+05 7.192635e+05 8.460266e+03
8.585859e-03 -1.150754e+06 -2.730527e+04 1.570012e+04 9.639222e+05 -2.930814e+04 -1.044593e+06 9.458722e+05 1.615763e+04 1.275101e+04 -9.640297e+05 8.860741e+05 -1.850886e+04 -9.457813e+05 1.321455e+04 -1.991983e+04 8.041661e+05 1.724872e+04 -1.098613e+06 1.009774e+06 -2.336685e+04 1.077932e+06 -1.777314e+04 2.517356e+04 -9.165268e+05 1.009784e+06 2.168596e+04 -1.168425e+04 -8.458378e+05 -2.324490e+04 -9.165310e+05 8.299106e+05 1.208883e+04
8.787879e-03 1.454401e+06 1.749535e+04 -2.438786e+04 -1.228800e+06 2.056212e+04 1.320465e+06 -1.217123e+06 -2.499799e+04 -2.241838e+04 1.228936e+06 -1.119878e+06 1.184006e+04 1.217000e+06 -2.303285e+04 1.398989e+04 -1.016531e+06 -2.837538e+04 1.400503e+06 -1.276222e+06 1.588645e+04 -1.387050e+06 2.907255e+04 -1.853779e+04 1.158572e+06 -1.276230e+06 -1.295842e+04 1.922331e+04 1.078268e+06 1.544840e+04 1.158577e+06 -1.067907e+06 -1.976133e+04
8.989899e-03 7.922751e+05 8.573701e+03 -1.549648e+04 -6.720801e+05 1.045029e+04 7.194389e+05 -6.664197e+05 -1.584148e+04 -1.451517e+04 6.721557e+05 -6.100479e+05 5.798779e+03 6.663509e+05 -1.486246e+04 7.111301e+03 -5.538421e+05 -1.819377e+04 7.659918e+05 -6.952147e+05 8.014826e+03 -7.594593e+05 1.858778e+04 -9.625365e+03 6.312325e+05 -6.952190e+05 -6.116755e+03 1.232595e+04 5.897493e+05 7.648843e+03 6.312352e+05 -5.847187e+05 -1.263020e+04
9.191919e-03 5.424652e+05 5.562781e+03 -1.214336e+04 -4.620502e+05 6.982951e+03 4.926812e+05 -4.584268e+05 -1.238822e+04 -1.149825e+04 4.621033e+05 -4.176967e+05 3.760528e+03 4.583787e+05 -1.174471e+04 4.752139e+03 -3.792770e+05 -1.433226e+04 5.266141e+05 -4.760093e+05 5.337195e+03 -5.224273e+05 1.461180e+04 -6.550555e+03 4.322756e+05 -4.760125e+05 -3.829550e+03 9.709623e+03 4.054495e+05 4.992564e+03 4.322777e+05 -4.022254e+05 -9.925640e+03
9.393939e-03 4.044108e+05 4.004146e+03 -1.021561e+04 -3.459436e+05 5.161212e+03 3.673621e+05 -3.433730e+05 -1.040469e+04 -9.745879e+03 3.459842e+05 -3.113961e+05 2.705652e+03 3.433363e+05 -9.936188e+03 3.512480e+03 -2.828025e+05 -1.210159e+04 3.942836e+05 -3.548682e+05 3.939727e+03 -3.913103e+05 1.231736e+04 -4.925076e+03 3.223208e+05 -3.548707e+05 -2.657201e+03 8.197954e+03 3.035667e+05 3.606751e+03 3.223226e+05 -3.012770e+05 -8.364832e+03
9.595960e-03 3.164144e+05 3.054045e+03 -8.918842e+03 -2.718966e+05 4.034683e+03 2.874793e+05 -2.699653e+05 -9.071982e+03 -8.556800e+03 2.719291e+05 -2.436397e+05 2.062761e+03 2.699360e+05 -8.710939e+03 2.745836e+03 -2.213064e+05 -1.059496e+04 3.098898e+05 -2.776523e+05 3.080747e+03 -3.076538e+05 1.076965e+04 -3.913745e+03 2.522318e+05 -2.776544e+05 -1.949842e+03 7.176735e+03 2.385909e+05 2.755884e+03 2.522334e+05 -2.368691e+05 -7.311959e+03
9.797980e-03 2.557073e+05 2.419836e+03 -7.969489e+03 -2.207759e+05 3.272091e+03 2.323666e+05 -2.192692e+05 -8.097529e+03 -7.679850e+03 2.208028e+05 -1.968957e+05 1.633702e+03 2.192451e+05 -7.808731e+03 2.226835e+03 -1.788791e+05 -9.488182e+03 2.516258e+05 -2.243825e+05 2.502524e+03 -2.498798e+05 9.634171e+03 -3.224999e+03 2.038761e+05 -2.243843e+05 -1.482601e+03 6.426383e+03 1.937328e+05 2.184001e+03 2.038775e+05 -1.923883e+05 -6.539504e+03
1.000000e-02 2.116000e+05 1.970708e+03 -7.236350e+03 -1.836006e+05 2.724567e+03 1.923214e+05 -1.823928e+05 -7.345913e+03 -6.998344e+03 1.836234e+05 -1.629334e+05 1.329910e+03 1.823724e+05 -7.108633e+03 1.854189e+03 -1.480512e+05 -8.630960e+03 2.092558e+05 -1.856788e+05 2.089573e+03 -2.078549e+05 8.755823e+03 -2.727567e+03 1.687406e+05 -1.856804e+05 -1.155248e+03 5.845102e+03 1.611117e+05 1.776312e+03 1.687419e+05 -1.600328e+05 -5.941954e+03
