-1.000000e-02 -4.450517e+04 -2.283730e+03 1.829337e+03 -1.007751e+04 2.986112e+03 4.256411e+03 -7.139342e+03 2.315738e+03 1.803510e+03 1.013544e+04 3.429326e+04 -1.572252e+03 7.081400e+03 2.293720e+03 2.048630e+03 -3.305180e+03 2.243107e+03 1.155572e+04 3.906867e+04 -1.682581e+03 -8.141574e+03 -2.789109e+03 -2.712859e+03 3.747334e+03 3.906506e+04 2.113288e+03 -1.460443e+03 8.839312e+03 2.242209e+03 3.751851e+03 -6.210217e+03 1.897659e+03
-9.797980e-03 -4.632945e+04 -2.345932e+03 1.842499e+03 -1.018829e+04 3.079752e+03 4.476146e+03 -7.060632e+03 2.338717e+03 1.815715e+03 1.024742e+04 3.569752e+04 -1.614691e+03 7.001450e+03 2.315802e+03 2.112451e+03 -3.474080e+03 2.258932e+03 1.168351e+04 4.066929e+04 -1.731659e+03 -8.052044e+03 -2.816379e+03 -2.793988e+03 3.939904e+03 4.066554e+04 2.167162e+03 -1.470520e+03 8.936361e+03 2.315987e+03 3.944630e+03 -6.139902e+03 1.916207e+03
-9.595960e-03 -4.824077e+04 -2.410440e+03 1.855383e+03 -1.029106e+04 3.177680e+03 4.707080e+03 -6.959475e+03 2.361755e+03 1.827596e+03 1.035142e+04 3.716876e+04 -1.658697e+03 6.899030e+03 2.337900e+03 2.179188e+03 -3.651562e+03 2.274419e+03 1.180219e+04 4.234627e+04 -1.782555e+03 -7.936937e+03 -2.843698e+03 -2.878841e+03 4.142273e+03 4.234236e+04 2.223028e+03 -1.480328e+03 9.026378e+03 2.393124e+03 4.147218e+03 -6.049867e+03 1.934784e+03
-9.393939e-03 -5.024291e+04 -2.477341e+03 1.867936e+03 -1.038442e+04 3.280131e+03 4.949726e+03 -6.833233e+03 2.384812e+03 1.839101e+03 1.044601e+04 3.870987e+04 -1.704329e+03 6.771506e+03 2.359971e+03 2.249000e+03 -3.838019e+03 2.289508e+03 1.191017e+04 4.410292e+04 -1.835338e+03 -7.793247e+03 -2.871015e+03 -2.967625e+03 4.354889e+03 4.409885e+04 2.280960e+03 -1.489823e+03 9.108133e+03 2.473805e+03 4.360064e+03 -5.937802e+03 1.953354e+03
-9.191919e-03 -5.233964e+04 -2.546721e+03 1.880107e+03 -1.046680e+04 3.387357e+03 5.204603e+03 -6.678993e+03 2.407841e+03 1.850174e+03 1.052964e+04 4.032377e+04 -1.751645e+03 6.615966e+03 2.381967e+03 2.322058e+03 -4.033845e+03 2.304132e+03 1.200566e+04 4.594255e+04 -1.890075e+03 -7.617655e+03 -2.898273e+03 -3.060558e+03 4.578203e+03 4.593830e+04 2.341032e+03 -1.498960e+03 9.180252e+03 2.558225e+03 4.583621e+03 -5.801151e+03 1.971880e+03
-8.989899e-03 -5.453470e+04 -2.618670e+03 1.891835e+03 -1.053645e+04 3.499624e+03 5.472226e+03 -6.493541e+03 2.430791e+03 1.860753e+03 1.060055e+04 4.201333e+04 -1.800705e+03 6.429196e+03 2.403834e+03 2.398541e+03 -4.239436e+03 2.318221e+03 1.208666e+04 4.786844e+04 -1.946836e+03 -7.406494e+03 -2.925410e+03 -3.157872e+03 4.812668e+03 4.786400e+04 2.403320e+03 -1.507690e+03 9.241200e+03 2.646590e+03 4.818341e+03 -5.637094e+03 1.990318e+03
-8.787879e-03 -5.683175e+04 -2.693275e+03 1.903057e+03 -1.059143e+04 3.617211e+03 5.753107e+03 -6.273326e+03 2.453603e+03 1.870773e+03 1.065680e+04 4.378135e+04 -1.851568e+03 6.207650e+03 2.425513e+03 2.478639e+03 -4.455182e+03 2.331695e+03 1.215095e+04 4.988379e+04 -2.005692e+03 -7.155719e+03 -2.952353e+03 -3.259812e+03 5.058729e+03 4.987916e+04 2.467900e+03 -1.515957e+03 9.289268e+03 2.739118e+03 5.064669e+03 -5.442521e+03 2.008619e+03
-8.585859e-03 -5.923431e+04 -2.770627e+03 1.913701e+03 -1.062955e+04 3.740416e+03 6.047742e+03 -6.014438e+03 2.476211e+03 1.880161e+03 1.069620e+04 4.563055e+04 -1.904293e+03 5.947419e+03 2.446935e+03 2.562554e+03 -4.681462e+03 2.344469e+03 1.219604e+04 5.199169e+04 -2.066711e+03 -6.860874e+03 -2.979022e+03 -3.366635e+03 5.316820e+03 5.198686e+04 2.534847e+03 -1.523702e+03 9.322553e+03 2.836040e+03 5.323042e+03 -5.214003e+03 2.026727e+03
-8.383838e-03 -6.174566e+04 -2.850813e+03 1.923692e+03 -1.064843e+04 3.869551e+03 6.356606e+03 -5.712572e+03 2.498543e+03 1.888838e+03 1.071635e+04 4.756346e+04 -1.958940e+03 5.644203e+03 2.468025e+03 2.650496e+03 -4.918637e+03 2.356450e+03 1.221920e+04 5.419502e+04 -2.129965e+03 -6.517051e+03 -3.005326e+03 -3.478617e+03 5.587356e+03 5.418998e+04 2.604237e+03 -1.530862e+03 9.338944e+03 2.937597e+03 5.593872e+03 -4.947764e+03 2.044581e+03
-8.181818e-03 -6.436882e+04 -2.933921e+03 1.932946e+03 -1.064539e+04 4.004947e+03 6.680139e+03 -5.362994e+03 2.520514e+03 1.896721e+03 1.071458e+04 4.958238e+04 -2.015566e+03 5.293271e+03 2.488699e+03 2.742688e+03 -5.167046e+03 2.367535e+03 1.221738e+04 5.649643e+04 -2.195520e+03 -6.118854e+03 -3.031165e+03 -3.596044e+03 5.870720e+03 5.649116e+04 2.676143e+03 -1.537367e+03 9.336100e+03 3.044046e+03 5.877547e+03 -4.639657e+03 2.062112e+03
-7.979798e-03 -6.710637e+04 -3.020034e+03 1.941373e+03 -1.061748e+04 4.146951e+03 7.018738e+03 -4.960507e+03 2.542032e+03 1.903716e+03 1.068792e+04 5.168931e+04 -2.074227e+03 4.889430e+03 2.508861e+03 2.839367e+03 -5.426988e+03 2.377616e+03 1.218720e+04 5.889817e+04 -2.263444e+03 -5.660360e+03 -3.056425e+03 -3.719220e+03 6.167259e+03 5.889268e+04 2.750637e+03 -1.543142e+03 9.311432e+03 3.155655e+03 6.174410e+03 -4.285125e+03 2.079243e+03
-7.777778e-03 -6.996037e+04 -3.109234e+03 1.948876e+03 -1.056143e+04 4.295927e+03 7.372737e+03 -4.499415e+03 2.562993e+03 1.909727e+03 1.063312e+04 5.388583e+04 -2.134977e+03 4.426990e+03 2.528407e+03 2.940777e+03 -5.698717e+03 2.386573e+03 1.212494e+04 6.140207e+04 -2.333799e+03 -5.135076e+03 -3.080982e+03 -3.848464e+03 6.477264e+03 6.139633e+04 2.827788e+03 -1.548106e+03 9.262083e+03 3.272707e+03 6.484754e+03 -3.879175e+03 2.095887e+03
-7.575758e-03 -7.293221e+04 -3.201597e+03 1.955348e+03 -1.047368e+04 4.452258e+03 7.742390e+03 -3.973487e+03 2.583283e+03 1.914645e+03 1.054658e+04 5.617300e+04 -2.197865e+03 3.899725e+03 2.547221e+03 3.047178e+03 -5.982427e+03 2.394278e+03 1.202651e+04 6.400932e+04 -2.406647e+03 -4.535899e+03 -3.104693e+03 -3.984110e+03 6.800955e+03 6.400333e+04 2.907659e+03 -1.552174e+03 9.184905e+03 3.395498e+03 6.808801e+03 -3.416346e+03 2.111948e+03
-7.373737e-03 -7.602243e+04 -3.297194e+03 1.960678e+03 -1.035026e+04 4.616345e+03 8.127852e+03 -3.375922e+03 2.602771e+03 1.918358e+03 1.042436e+04 5.855124e+04 -2.262938e+03 3.300840e+03 2.565172e+03 3.158840e+03 -6.278233e+03 2.400591e+03 1.188741e+04 6.672041e+04 -2.482042e+03 -3.855078e+03 -3.127404e+03 -4.126508e+03 7.138466e+03 6.671415e+04 2.990309e+03 -1.555251e+03 9.076444e+03 3.524336e+03 7.146683e+03 -2.890677e+03 2.127321e+03
-7.171717e-03 -7.923051e+04 -3.396089e+03 1.964741e+03 -1.018688e+04 4.788604e+03 8.529150e+03 -2.699314e+03 2.621315e+03 1.920742e+03 1.026213e+04 6.102015e+04 -2.330237e+03 2.622939e+03 2.582118e+03 3.276043e+03 -6.586153e+03 2.405364e+03 1.170272e+04 6.953488e+04 -2.560035e+03 -3.084171e+03 -3.148940e+03 -4.276023e+03 7.489821e+03 6.952835e+04 3.075791e+03 -1.557238e+03 8.932917e+03 3.659544e+03 7.498425e+03 -2.295678e+03 2.141887e+03
-6.969697e-03 -8.255466e+04 -3.498335e+03 1.967407e+03 -9.978826e+03 4.969467e+03 8.946159e+03 -1.935625e+03 2.638755e+03 1.921667e+03 1.005517e+04 6.357833e+04 -2.399795e+03 1.857991e+03 2.597899e+03 3.399080e+03 -6.906087e+03 2.408437e+03 1.146705e+04 7.245116e+04 -2.640667e+03 -2.214015e+03 -3.169110e+03 -4.433034e+03 7.854906e+03 7.244433e+04 3.164149e+03 -1.558028e+03 8.750195e+03 3.801454e+03 7.863912e+03 -1.624305e+03 2.155515e+03
-6.767677e-03 -8.599153e+04 -3.603974e+03 1.968536e+03 -9.720982e+03 5.159383e+03 9.378559e+03 -1.076160e+03 2.654915e+03 1.920994e+03 9.798372e+03 6.622322e+04 -2.471639e+03 9.973094e+02 2.612340e+03 3.528253e+03 -7.237788e+03 2.409637e+03 1.117456e+04 7.546630e+04 -2.723971e+03 -1.234700e+03 -3.187699e+03 -4.597932e+03 8.233441e+03 7.545917e+04 3.255417e+03 -1.557509e+03 8.523790e+03 3.950411e+03 8.242866e+03 -8.689358e+02 2.168059e+03
-6.565657e-03 -8.953590e+04 -3.713037e+03 1.967977e+03 -9.407811e+03 5.358811e+03 9.825808e+03 -1.115472e+02 2.669598e+03 1.918576e+03 9.486171e+03 6.895079e+04 -2.545785e+03 3.153410e+01 2.625246e+03 3.663870e+03 -7.580835e+03 2.408781e+03 1.081893e+04 7.857571e+04 -2.809971e+03 -1.355421e+02 -3.204473e+03 -4.771120e+03 8.624948e+03 7.856828e+04 3.349617e+03 -1.555561e+03 8.248845e+03 4.106769e+03 8.634806e+03 -2.136004e+01 2.179359e+03
-6.363636e-03 -9.318031e+04 -3.825535e+03 1.965572e+03 -9.033350e+03 5.568220e+03 1.028708e+04 9.682631e+02 2.682587e+03 1.914257e+03 9.112595e+03 7.175529e+04 -2.622239e+03 -1.049374e+03 2.636405e+03 3.806250e+03 -7.934595e+03 2.405676e+03 1.039334e+04 8.177287e+04 -2.898675e+03 1.094914e+03 -3.219171e+03 -4.953011e+03 9.028706e+03 8.176511e+04 3.446756e+03 -1.552056e+03 7.920129e+03 4.270888e+03 9.039013e+03 9.272294e+02 2.189238e+03
-6.161616e-03 -9.691469e+04 -3.941463e+03 1.961151e+03 -8.591212e+03 5.788087e+03 1.076124e+04 2.173992e+03 2.693645e+03 1.907872e+03 8.671243e+03 7.462898e+04 -2.700994e+03 -2.256122e+03 2.645581e+03 3.955710e+03 -8.298187e+03 2.400114e+03 9.890502e+03 8.504892e+04 -2.990079e+03 2.468888e+03 -3.231505e+03 -5.144022e+03 9.443712e+03 8.504084e+04 3.546826e+03 -1.546862e+03 7.532041e+03 4.443134e+03 9.454482e+03 1.986227e+03 2.197500e+03
-5.959596e-03 -1.007259e+05 -4.060792e+03 1.954536e+03 -8.074605e+03 6.018888e+03 1.124676e+04 3.517002e+03 2.702507e+03 1.899249e+03 8.155308e+03 7.756171e+04 -2.782025e+03 -3.600060e+03 2.652517e+03 4.112573e+03 -8.670437e+03 2.391877e+03 9.302645e+03 8.839233e+04 -3.084159e+03 3.999334e+03 -3.241162e+03 -5.344571e+03 9.868630e+03 8.838391e+04 3.649798e+03 -1.539838e+03 7.078622e+03 4.623870e+03 9.879873e+03 3.165588e+03 2.203932e+03
-5.757576e-03 -1.045971e+05 -4.183468e+03 1.945540e+03 -7.476363e+03 6.261093e+03 1.174167e+04 5.009245e+03 2.708883e+03 1.888210e+03 7.557605e+03 8.054061e+04 -2.865294e+03 -5.093123e+03 2.656931e+03 4.277153e+03 -9.049829e+03 2.380736e+03 8.621584e+03 9.178840e+04 -3.180874e+03 5.699873e+03 -3.247795e+03 -5.555071e+03 1.030173e+04 9.177963e+04 3.755621e+03 -1.530841e+03 6.553585e+03 4.813456e+03 1.031346e+04 4.475784e+03 2.208298e+03
-5.555556e-03 -1.085076e+05 -4.309409e+03 1.933967e+03 -6.788991e+03 6.515161e+03 1.224348e+04 6.663171e+03 2.712457e+03 1.874569e+03 6.870623e+03 8.354960e+04 -2.950738e+03 -6.747748e+03 2.658514e+03 4.449759e+03 -9.434449e+03 2.366452e+03 7.838754e+03 9.521881e+04 -3.280157e+03 7.584701e+03 -3.251024e+03 -5.775927e+03 1.074083e+04 9.520968e+04 3.864221e+03 -1.519720e+03 5.950358e+03 5.012242e+03 1.075305e+04 5.927724e+03 2.210341e+03
-5.353535e-03 -1.124316e+05 -4.438500e+03 1.919613e+03 -6.004748e+03 6.781524e+03 1.274910e+04 8.491612e+03 2.712881e+03 1.858135e+03 6.086600e+03 8.656894e+04 -3.038275e+03 -8.576748e+03 2.656932e+03 4.630680e+03 -9.821931e+03 2.348775e+03 6.945306e+03 9.866106e+04 -3.381917e+03 9.668442e+03 -3.250437e+03 -6.007520e+03 1.118324e+04 9.865159e+04 3.975491e+03 -1.506321e+03 5.262150e+03 5.220556e+03 1.119596e+04 7.532649e+03 2.209780e+03
-5.151515e-03 -1.163382e+05 -4.570586e+03 1.902268e+03 -5.115741e+03 7.060581e+03 1.325480e+04 1.050760e+04 2.709775e+03 1.838713e+03 5.197624e+03 8.957478e+04 -3.127796e+03 -1.059314e+04 2.651820e+03 4.820183e+03 -1.020939e+04 2.327447e+03 5.932221e+03 1.020880e+05 -3.486033e+03 1.196595e+04 -3.245582e+03 -6.250202e+03 1.162566e+04 1.020781e+05 4.089294e+03 -1.490486e+03 4.482038e+03 5.438698e+03 1.163888e+04 9.301976e+03 2.206309e+03
-4.949495e-03 -1.201902e+05 -4.705475e+03 1.881716e+03 -4.114069e+03 7.352677e+03 1.375604e+04 1.272414e+04 2.702729e+03 1.816106e+03 4.195774e+03 9.253861e+04 -3.219165e+03 -1.280990e+04 2.642783e+03 5.018499e+03 -1.059337e+04 2.302203e+03 4.790467e+03 1.054670e+05 -3.592352e+03 1.449205e+04 -3.235972e+03 -6.504279e+03 1.206414e+04 1.054569e+05 4.205459e+03 -1.472057e+03 3.603091e+03 5.666930e+03 1.207786e+04 1.124709e+04 2.199598e+03
-4.747475e-03 -1.239441e+05 -4.842926e+03 1.857737e+03 -2.991999e+03 7.658088e+03 1.424749e+04 1.515389e+04 2.691296e+03 1.790115e+03 3.073294e+03 9.542674e+04 -3.312214e+03 -1.523968e+04 2.629398e+03 5.225810e+03 -1.096974e+04 2.272774e+03 3.511203e+03 1.087599e+05 -3.700683e+03 1.726119e+04 -3.221079e+03 -6.769997e+03 1.249400e+04 1.087493e+05 4.323773e+03 -1.450875e+03 2.618527e+03 5.905456e+03 1.250822e+04 1.337910e+04 2.189288e+03
-4.545455e-03 -1.275486e+05 -4.982650e+03 1.830108e+03 -1.742191e+03 7.976998e+03 1.472286e+04 1.780883e+04 2.674996e+03 1.760547e+03 1.822825e+03 9.819986e+04 -3.406741e+03 -1.789444e+04 2.611209e+03 5.442237e+03 -1.133369e+04 2.238887e+03 2.086037e+03 1.119216e+05 -3.810800e+03 2.028700e+04 -3.200336e+03 -7.047521e+03 1.290973e+04 1.119108e+05 4.443981e+03 -1.426782e+03 1.521908e+03 6.154407e+03 1.292442e+04 1.570848e+04 2.174997e+03
-4.343434e-03 -1.309446e+05 -5.124302e+03 1.798608e+03 -3.579792e+02 8.309471e+03 1.517485e+04 2.069972e+04 2.653315e+03 1.727209e+03 4.376793e+02 1.008125e+05 -3.502507e+03 -2.078491e+04 2.587731e+03 5.667820e+03 -1.167963e+04 2.200271e+03 5.073437e+02 1.149005e+05 -3.922430e+03 2.358176e+04 -3.173135e+03 -7.336914e+03 1.330495e+04 1.148893e+05 4.565780e+03 -1.399627e+03 3.073878e+02 6.413824e+03 1.332010e+04 1.824465e+04 2.156312e+03
-4.141414e-03 -1.340648e+05 -5.267482e+03 1.763017e+03 1.166295e+03 8.655420e+03 1.559512e+04 2.383556e+04 2.625705e+03 1.689918e+03 -1.087820e+03 1.032127e+05 -3.599237e+03 -2.392008e+04 2.558448e+03 5.902495e+03 -1.200114e+04 2.156656e+03 -1.231348e+03 1.176372e+05 -4.035256e+03 2.715573e+04 -3.138832e+03 -7.638106e+03 1.367235e+04 1.176257e+05 4.688820e+03 -1.369263e+03 -1.029996e+03 6.683629e+03 1.368793e+04 2.099550e+04 2.132797e+03
-3.939394e-03 -1.368327e+05 -5.411725e+03 1.723124e+03 2.834879e+03 9.014571e+03 1.597420e+04 2.722291e+04 2.591584e+03 1.648502e+03 -2.757937e+03 1.053417e+05 -3.696612e+03 -2.730650e+04 2.522819e+03 6.146074e+03 -1.229095e+04 2.107781e+03 -3.134902e+03 1.200649e+05 -4.148914e+03 3.101638e+04 -3.096747e+03 -7.950865e+03 1.400363e+04 1.200532e+05 4.812695e+03 -1.335552e+03 -2.493969e+03 6.963599e+03 1.401961e+04 2.396676e+04 2.103993e+03
-3.737374e-03 -1.391633e+05 -5.556504e+03 1.678724e+03 4.650150e+03 9.386424e+03 1.630150e+04 3.086505e+04 2.550348e+03 1.602804e+03 -4.575064e+03 1.071341e+05 -3.794271e+03 -3.094742e+04 2.480281e+03 6.398213e+03 -1.254095e+04 2.053398e+03 -5.206046e+03 1.221089e+05 -4.262987e+03 3.516747e+04 -3.046169e+03 -8.274759e+03 1.428954e+04 1.220969e+05 4.936949e+03 -1.298371e+03 -4.086616e+03 7.253333e+03 1.430585e+04 2.716130e+04 2.069420e+03
-3.535354e-03 -1.409629e+05 -5.701225e+03 1.629629e+03 6.612091e+03 9.770201e+03 1.656533e+04 3.476110e+04 2.501364e+03 1.552684e+03 -6.539192e+03 1.085177e+05 -3.891808e+03 -3.484197e+04 2.430253e+03 6.658384e+03 -1.274216e+04 1.993274e+03 -7.444772e+03 1.236870e+05 -4.377009e+03 3.960797e+04 -2.986362e+03 -8.609117e+03 1.451982e+04 1.236748e+05 5.061065e+03 -1.257611e+03 -5.807918e+03 7.552221e+03 1.453642e+04 3.057834e+04 2.028580e+03
-3.333333e-03 -1.421299e+05 -5.845228e+03 1.575665e+03 8.717716e+03 1.016480e+04 1.675301e+04 3.890495e+04 2.443992e+03 1.498027e+03 -8.647338e+03 1.094143e+05 -3.988776e+03 -3.898403e+04 2.372144e+03 6.925837e+03 -1.288484e+04 1.927198e+03 -9.847683e+03 1.247100e+05 -4.490459e+03 4.433095e+04 -2.916577e+03 -8.952981e+03 1.468339e+04 1.246976e+05 5.184473e+03 -1.213180e+03 -7.655257e+03 7.859395e+03 1.470020e+04 3.421252e+04 1.980968e+03
-3.131313e-03 -1.425559e+05 -5.987787e+03 1.516684e+03 1.096046e+04 1.056874e+04 1.685097e+04 4.328423e+04 2.377584e+03 1.438744e+03 -1.089293e+04 1.097407e+05 -4.084683e+03 -4.336122e+04 2.305365e+03 7.199566e+03 -1.295861e+04 1.854986e+03 -1.240729e+04 1.250829e+05 -4.602765e+03 4.932228e+04 -2.836064e+03 -9.305064e+03 1.476836e+04 1.250705e+05 5.306547e+03 -1.165010e+03 -9.622868e+03 8.173700e+03 1.478530e+04 3.805296e+04 1.926078e+03
-2.929293e-03 -1.421280e+05 -6.128110e+03 1.452564e+03 1.332954e+04 1.098010e+04 1.684505e+04 4.787909e+04 2.301505e+03 1.374775e+03 -1.326519e+04 1.094098e+05 -4.178995e+03 -4.795371e+04 2.229341e+03 7.478272e+03 -1.295258e+04 1.776491e+03 -1.511129e+04 1.247066e+05 -4.713304e+03 5.455936e+04 -2.744088e+03 -9.663694e+03 1.476234e+04 1.246942e+05 5.426609e+03 -1.113058e+03 -1.170130e+04 8.493639e+03 1.477930e+04 4.208228e+04 1.863415e+03
-2.727273e-03 -1.407311e+05 -6.265347e+03 1.383216e+03 1.580938e+04 1.139647e+04 1.672079e+04 5.266112e+04 2.215149e+03 1.306099e+03 -1.574850e+04 1.083330e+05 -4.271143e+03 -5.273310e+04 2.143530e+03 7.760322e+03 -1.285567e+04 1.691604e+03 -1.794192e+04 1.234801e+05 -4.821409e+03 6.000981e+04 -2.639948e+03 -1.002677e+04 1.465268e+04 1.234678e+05 5.543931e+03 -1.057309e+03 -1.387688e+04 8.817340e+03 1.466953e+04 4.627557e+04 1.792506e+03
-2.525253e-03 -1.382515e+05 -6.398595e+03 1.308589e+03 1.837906e+04 1.181491e+04 1.646389e+04 5.759233e+04 2.117960e+03 1.232731e+03 -1.832192e+04 1.064230e+05 -4.360521e+03 -5.766144e+04 2.047438e+03 8.043723e+03 -1.265691e+04 1.600265e+03 -2.087527e+04 1.213038e+05 -4.926367e+03 6.563031e+04 -2.523008e+03 -1.039173e+04 1.442684e+04 1.212916e+05 5.657743e+03 -9.977777e+02 -1.613126e+04 9.142515e+03 1.444347e+04 5.059950e+04 1.712925e+03
-2.323232e-03 -1.345816e+05 -6.526906e+03 1.228679e+03 2.101192e+04 1.223190e+04 1.606075e+04 6.262432e+04 2.009462e+03 1.154729e+03 -2.095873e+04 1.035969e+05 -4.446498e+03 -6.269035e+04 1.940649e+03 8.326094e+03 -1.234588e+04 1.502470e+03 -2.388090e+04 1.180831e+05 -5.027434e+03 7.136571e+04 -2.392724e+03 -1.075549e+04 1.407295e+04 1.180712e+05 5.767238e+03 -9.345159e+02 -1.844104e+04 9.466435e+03 1.408920e+04 5.501166e+04 1.624306e+03
-2.121212e-03 -1.296251e+05 -6.649298e+03 1.143530e+03 2.367533e+04 1.264331e+04 1.549919e+04 6.769782e+04 1.889286e+03 1.072197e+03 -2.362625e+04 9.978044e+04 -4.528423e+03 -6.776063e+04 1.822850e+03 8.604652e+03 -1.191323e+04 1.398274e+03 -2.692157e+04 1.137337e+05 -5.123836e+03 7.714845e+04 -2.248680e+03 -1.111446e+04 1.358033e+04 1.137222e+05 5.871586e+03 -8.676094e+02 -2.077761e+04 9.785913e+03 1.359605e+04 5.946009e+04 1.526369e+03
-1.919192e-03 -1.233029e+05 -6.764768e+03 1.053244e+03 2.633081e+04 1.304446e+04 1.476917e+04 7.274270e+04 1.757204e+03 9.852859e+02 -2.628594e+04 9.491302e+04 -4.605635e+03 -7.280219e+04 1.693861e+03 8.876222e+03 -1.135125e+04 1.287807e+03 -2.995332e+04 1.081861e+05 -5.214785e+03 8.289859e+04 -2.090628e+03 -1.146454e+04 1.294020e+04 1.081751e+05 5.969944e+03 -7.971830e+02 -2.310721e+04 1.009731e+04 1.295520e+04 6.388331e+04 1.418950e+03
-1.717172e-03 -1.155603e+05 -6.872312e+03 9.579880e+02 2.893441e+04 1.343011e+04 1.386362e+04 7.767865e+04 1.613168e+03 8.941986e+02 -2.889376e+04 8.895232e+04 -4.677473e+03 -7.773478e+04 1.553668e+03 9.137264e+03 -1.065455e+04 1.171272e+03 -3.292596e+04 1.013923e+05 -5.299489e+03 8.852457e+04 -1.918526e+03 -1.180115e+04 1.214638e+04 1.013820e+05 6.061466e+03 -7.234009e+02 -2.539128e+04 1.039659e+04 1.216049e+04 6.821091e+04 1.302024e+03
-1.515152e-03 -1.063730e+05 -6.970938e+03 8.579943e+02 3.143757e+04 1.379457e+04 1.277934e+04 8.241654e+04 1.457342e+03 7.991872e+02 -3.140105e+04 8.187985e+04 -4.743289e+03 -8.246938e+04 1.402454e+03 9.383932e+03 -9.820667e+03 1.048958e+03 -3.578402e+04 9.333109e+04 -5.377170e+03 9.392484e+04 -1.732584e+03 -1.211931e+04 1.119606e+04 9.332157e+04 6.145324e+03 -6.464680e+02 -2.758724e+04 1.067933e+04 1.120910e+04 7.236479e+04 1.175734e+03
-1.313131e-03 -9.575435e+04 -7.059686e+03 7.535691e+02 3.378843e+04 1.413182e+04 1.151774e+04 8.686085e+04 1.290137e+03 7.005560e+02 -3.375584e+04 7.370573e+04 -4.802457e+03 -8.691053e+04 1.240630e+03 9.612165e+03 -8.850696e+03 9.212417e+02 -3.846826e+04 8.401406e+04 -5.447071e+03 9.899049e+04 -1.533300e+03 -1.241376e+04 1.009051e+04 8.400547e+04 6.220720e+03 -5.666300e+02 -2.964956e+04 1.094090e+04 1.010227e+04 7.626120e+04 1.040420e+03
-1.111111e-03 -8.375991e+04 -7.137655e+03 6.450944e+02 3.593354e+04 1.443572e+04 1.008558e+04 9.091276e+04 1.112238e+03 5.986600e+02 -3.590460e+04 6.447280e+04 -4.854394e+03 -9.095951e+04 1.068854e+03 9.817816e+03 -7.749817e+03 7.885908e+02 -4.091765e+04 7.349005e+04 -5.508482e+03 1.036089e+05 -1.321487e+03 -1.267913e+04 8.835608e+03 7.348252e+04 6.286906e+03 -4.841728e+02 -3.153140e+04 1.117656e+04 8.845928e+03 7.981354e+04 8.966343e+02
-9.090909e-04 -7.049149e+04 -7.204018e+03 5.330279e+02 3.782014e+04 1.470025e+04 8.495340e+03 9.447428e+04 9.246197e+02 4.939029e+02 -3.779443e+04 5.425940e+04 -4.898565e+03 -9.451842e+04 8.880504e+02 9.996806e+03 -6.527626e+03 6.515659e+02 -4.307189e+04 6.184834e+04 -5.560752e+03 1.076683e+05 -1.098296e+03 -1.291014e+04 7.442317e+03 6.184199e+04 6.343200e+03 -3.994208e+02 -3.318643e+04 1.138164e+04 7.451022e+03 8.293591e+04 7.451554e+02
-7.070707e-04 -5.609801e+04 -7.258046e+03 4.179011e+02 3.939856e+04 1.491974e+04 6.765423e+03 9.745290e+04 7.285469e+02 3.867339e+02 -3.937558e+04 4.318015e+04 -4.934502e+03 -9.749484e+04 6.994062e+02 1.014531e+04 -5.198243e+03 5.108163e+02 -4.487427e+04 4.921959e+04 -5.603307e+03 1.110634e+05 -8.652158e+02 -1.310183e+04 5.926738e+03 4.921453e+04 6.389003e+03 -3.127349e+02 -3.457111e+04 1.155178e+04 5.933679e+03 8.554724e+04 5.869906e+02
-5.050505e-04 -4.077361e+04 -7.299127e+03 3.003135e+02 4.062488e+04 1.508919e+04 4.919876e+03 9.976658e+04 5.255610e+02 2.776427e+02 -4.060404e+04 3.138446e+04 -4.961812e+03 -9.980679e+04 5.043592e+02 1.025996e+04 -3.780125e+03 3.670730e+02 -4.627462e+04 3.577414e+04 -5.635665e+03 1.137006e+05 -6.240531e+02 -1.324984e+04 4.309928e+03 3.577045e+04 6.423812e+03 -2.245078e+02 -3.564692e+04 1.168311e+04 4.314980e+03 8.757560e+04 4.233625e+02
-3.030303e-04 -2.475232e+04 -7.326787e+03 1.809227e+02 4.146351e+04 1.520455e+04 2.987738e+03 1.013486e+05 3.174450e+02 1.671526e+02 -4.144414e+04 1.905244e+04 -4.980193e+03 -1.013876e+05 3.045651e+02 1.033800e+04 -2.295557e+03 2.211368e+02 -4.723226e+04 2.171728e+04 -5.657451e+03 1.155038e+05 -3.768951e+02 -1.335060e+04 2.617309e+03 2.171504e+04 6.447241e+03 -1.351592e+02 -3.638261e+04 1.177252e+04 2.620379e+03 8.896252e+04 2.556823e+02
-1.010101e-04 -8.299487e+03 -7.340699e+03 6.043095e+01 4.188932e+04 1.526297e+04 1.001967e+03 1.021518e+05 1.061705e+02 5.581256e+01 -4.187070e+04 6.388302e+03 -4.989436e+03 -1.021902e+05 1.018504e+02 1.037753e+04 -7.698320e+02 7.386227e+01 -4.771850e+04 7.281832e+03 -5.668410e+03 1.164193e+05 -1.260470e+02 -1.340163e+04 8.777372e+02 7.281081e+03 6.459022e+03 -4.512925e+01 -3.675616e+04 1.181779e+04 8.787669e+02 8.966668e+04 8.550813e+01
1.010101e-04 8.299487e+03 -7.340699e+03 -6.043095e+01 4.188932e+04 1.526297e+04 -1.001967e+03 1.021518e+05 -1.061705e+02 -5.581256e+01 -4.187070e+04 -6.388302e+03 -4.989436e+03 -1.021902e+05 -1.018504e+02 1.037753e+04 7.698320e+02 -7.386227e+01 -4.771850e+04 -7.281832e+03 -5.668410e+03 1.164193e+05 1.260470e+02 -1.340163e+04 -8.777372e+02 -7.281081e+03 6.459022e+03 4.512925e+01 -3.675616e+04 1.181779e+04 -8.787669e+02 8.966668e+04 -8.550813e+01
3.030303e-04 2.475232e+04 -7.326787e+03 -1.809227e+02 4.146351e+04 1.520455e+04 -2.987738e+03 1.013486e+05 -3.174450e+02 -1.671526e+02 -4.144414e+04 -1.905244e+04 -4.980193e+03 -1.013876e+05 -3.045651e+02 1.033800e+04 2.295557e+03 -2.211368e+02 -4.723226e+04 -2.171728e+04 -5.657451e+03 1.155038e+05 3.768951e+02 -1.335060e+04 -2.617309e+03 -2.171504e+04 6.447241e+03 1.351592e+02 -3.638261e+04 1.177252e+04 -2.620379e+03 8.896252e+04 -2.556823e+02
5.050505e-04 4.077361e+04 -7.299127e+03 -3.003135e+02 4.062488e+04 1.508919e+04 -4.919876e+03 9.976658e+04 -5.255610e+02 -2.776427e+02 -4.060404e+04 -3.138446e+04 -4.961812e+03 -9.980679e+04 -5.043592e+02 1.025996e+04 3.780125e+03 -3.670730e+02 -4.627462e+04 -3.577414e+04 -5.635665e+03 1.137006e+05 6.240531e+02 -1.324984e+04 -4.309928e+03 -3.577045e+04 6.423812e+03 2.245078e+02 -3.564692e+04 1.168311e+04 -4.314980e+03 8.757560e+04 -4.233625e+02
7.070707e-04 5.609801e+04 -7.258046e+03 -4.179011e+02 3.939856e+04 1.491974e+04 -6.765423e+03 9.745290e+04 -7.285469e+02 -3.867339e+02 -3.937558e+04 -4.318015e+04 -4.934502e+03 -9.749484e+04 -6.994062e+02 1.014531e+04 5.198243e+03 -5.108163e+02 -4.487427e+04 -4.921959e+04 -5.603307e+03 1.110634e+05 8.652158e+02 -1.310183e+04 -5.926738e+03 -4.921453e+04 6.389003e+03 3.127349e+02 -3.457111e+04 1.155178e+04 -5.933679e+03 8.554724e+04 -5.869906e+02
9.090909e-04 7.049149e+04 -7.204018e+03 -5.330279e+02 3.782014e+04 1.470025e+04 -8.495340e+03 9.447428e+04 -9.246197e+02 -4.939029e+02 -3.779443e+04 -5.425940e+04 -4.898565e+03 -9.451842e+04 -8.880504e+02 9.996806e+03 6.527626e+03 -6.515659e+02 -4.307189e+04 -6.184834e+04 -5.560752e+03 1.076683e+05 1.098296e+03 -1.291014e+04 -7.442317e+03 -6.184199e+04 6.343200e+03 3.994208e+02 -3.318643e+04 1.138164e+04 -7.451022e+03 8.293591e+04 -7.451554e+02
1.111111e-03 8.375991e+04 -7.137655e+03 -6.450944e+02 3.593354e+04 1.443572e+04 -1.008558e+04 9.091276e+04 -1.112238e+03 -5.986600e+02 -3.590460e+04 -6.447280e+04 -4.854394e+03 -9.095951e+04 -1.068854e+03 9.817816e+03 7.749817e+03 -7.885908e+02 -4.091765e+04 -7.349005e+04 -5.508482e+03 1.036089e+05 1.321487e+03 -1.267913e+04 -8.835608e+03 -7.348252e+04 6.286906e+03 4.841728e+02 -3.153140e+04 1.117656e+04 -8.845928e+03 7.981354e+04 -8.966343e+02
1.313131e-03 9.575435e+04 -7.059686e+03 -7.535691e+02 3.378843e+04 1.413182e+04 -1.151774e+04 8.686085e+04 -1.290137e+03 -7.005560e+02 -3.375584e+04 -7.370573e+04 -4.802457e+03 -8.691053e+04 -1.240630e+03 9.612165e+03 8.850696e+03 -9.212417e+02 -3.846826e+04 -8.401406e+04 -5.447071e+03 9.899049e+04 1.533300e+03 -1.241376e+04 -1.009051e+04 -8.400547e+04 6.220720e+03 5.666300e+02 -2.964956e+04 1.094090e+04 -1.010227e+04 7.626120e+04 -1.040420e+03
1.515152e-03 1.063730e+05 -6.970938e+03 -8.579943e+02 3.143757e+04 1.379457e+04 -1.277934e+04 8.241654e+04 -1.457342e+03 -7.991872e+02 -3.140105e+04 -8.187985e+04 -4.743289e+03 -8.246938e+04 -1.402454e+03 9.383932e+03 9.820667e+03 -1.048958e+03 -3.578402e+04 -9.333109e+04 -5.377170e+03 9.392484e+04 1.732584e+03 -1.211931e+04 -1.119606e+04 -9.332157e+04 6.145324e+03 6.464680e+02 -2.758724e+04 1.067933e+04 -1.120910e+04 7.236479e+04 -1.175734e+03
1.717172e-03 1.155603e+05 -6.872312e+03 -9.579880e+02 2.893441e+04 1.343011e+04 -1.386362e+04 7.767865e+04 -1.613168e+03 -8.941986e+02 -2.889376e+04 -8.895232e+04 -4.677473e+03 -7.773478e+04 -1.553668e+03 9.137264e+03 1.065455e+04 -1.171272e+03 -3.292596e+04 -1.013923e+05 -5.299489e+03 8.852457e+04 1.918526e+03 -1.180115e+04 -1.214638e+04 -1.013820e+05 6.061466e+03 7.234009e+02 -2.539128e+04 1.039659e+04 -1.216049e+04 6.821091e+04 -1.302024e+03
1.919192e-03 1.233029e+05 -6.764768e+03 -1.053244e+03 2.633081e+04 1.304446e+04 -1.476917e+04 7.274270e+04 -1.757204e+03 -9.852859e+02 -2.628594e+04 -9.491302e+04 -4.605635e+03 -7.280219e+04 -1.693861e+03 8.876222e+03 1.135125e+04 -1.287807e+03 -2.995332e+04 -1.081861e+05 -5.214785e+03 8.289859e+04 2.090628e+03 -1.146454e+04 -1.294020e+04 -1.081751e+05 5.969944e+03 7.971830e+02 -2.310721e+04 1.009731e+04 -1.295520e+04 6.388331e+04 -1.418950e+03
2.121212e-03 1.296251e+05 -6.649298e+03 -1.143530e+03 2.367533e+04 1.264331e+04 -1.549919e+04 6.769782e+04 -1.889286e+03 -1.072197e+03 -2.362625e+04 -9.978044e+04 -4.528423e+03 -6.776063e+04 -1.822850e+03 8.604652e+03 1.191323e+04 -1.398274e+03 -2.692157e+04 -1.137337e+05 -5.123836e+03 7.714845e+04 2.248680e+03 -1.111446e+04 -1.358033e+04 -1.137222e+05 5.871586e+03 8.676094e+02 -2.077761e+04 9.785913e+03 -1.359605e+04 5.946009e+04 -1.526369e+03
2.323232e-03 1.345816e+05 -6.526906e+03 -1.228679e+03 2.101192e+04 1.223190e+04 -1.606075e+04 6.262432e+04 -2.009462e+03 -1.154729e+03 -2.095873e+04 -1.035969e+05 -4.446498e+03 -6.269035e+04 -1.940649e+03 8.326094e+03 1.234588e+04 -1.502470e+03 -2.388090e+04 -1.180831e+05 -5.027434e+03 7.136571e+04 2.392724e+03 -1.075549e+04 -1.407295e+04 -1.180712e+05 5.767238e+03 9.345159e+02 -1.844104e+04 9.466435e+03 -1.408920e+04 5.501166e+04 -1.624306e+03
2.525253e-03 1.382515e+05 -6.398595e+03 -1.308589e+03 1.837906e+04 1.181491e+04 -1.646389e+04 5.759233e+04 -2.117960e+03 -1.232731e+03 -1.832192e+04 -1.064230e+05 -4.360521e+03 -5.766144e+04 -2.047438e+03 8.043723e+03 1.265691e+04 -1.600265e+03 -2.087527e+04 -1.213038e+05 -4.926367e+03 6.563031e+04 2.523008e+03 -1.039173e+04 -1.442684e+04 -1.212916e+05 5.657743e+03 9.977777e+02 -1.613126e+04 9.142515e+03 -1.444347e+04 5.059950e+04 -1.712925e+03
2.727273e-03 1.407311e+05 -6.265347e+03 -1.383216e+03 1.580938e+04 1.139647e+04 -1.672079e+04 5.266112e+04 -2.215149e+03 -1.306099e+03 -1.574850e+04 -1.083330e+05 -4.271143e+03 -5.273310e+04 -2.143530e+03 7.760322e+03 1.285567e+04 -1.691604e+03 -1.794192e+04 -1.234801e+05 -4.821409e+03 6.000981e+04 2.639948e+03 -1.002677e+04 -1.465268e+04 -1.234678e+05 5.543931e+03 1.057309e+03 -1.387688e+04 8.817340e+03 -1.466953e+04 4.627557e+04 -1.792506e+03
2.929293e-03 1.421280e+05 -6.128110e+03 -1.452564e+03 1.332954e+04 1.098010e+04 -1.684505e+04 4.787909e+04 -2.301505e+03 -1.374775e+03 -1.326519e+04 -1.094098e+05 -4.178995e+03 -4.795371e+04 -2.229341e+03 7.478272e+03 1.295258e+04 -1.776491e+03 -1.511129e+04 -1.247066e+05 -4.713304e+03 5.455936e+04 2.744088e+03 -9.663694e+03 -1.476234e+04 -1.246942e+05 5.426609e+03 1.113058e+03 -1.170130e+04 8.493639e+03 -1.477930e+04 4.208228e+04 -1.863415e+03
3.131313e-03 1.425559e+05 -5.987787e+03 -1.516684e+03 1.096046e+04 1.056874e+04 -1.685097e+04 4.328423e+04 -2.377584e+03 -1.438744e+03 -1.089293e+04 -1.097407e+05 -4.084683e+03 -4.336122e+04 -2.305365e+03 7.199566e+03 1.295861e+04 -1.854986e+03 -1.240729e+04 -1.250829e+05 -4.602765e+03 4.932228e+04 2.836064e+03 -9.305064e+03 -1.476836e+04 -1.250705e+05 5.306547e+03 1.165010e+03 -9.622868e+03 8.173700e+03 -1.478530e+04 3.805296e+04 -1.926078e+03
3.333333e-03 1.421299e+05 -5.845228e+03 -1.575665e+03 8.717716e+03 1.016480e+04 -1.675301e+04 3.890495e+04 -2.443992e+03 -1.498027e+03 -8.647338e+03 -1.094143e+05 -3.988776e+03 -3.898403e+04 -2.372144e+03 6.925837e+03 1.288484e+04 -1.927198e+03 -9.847683e+03 -1.247100e+05 -4.490459e+03 4.433095e+04 2.916577e+03 -8.952981e+03 -1.468339e+04 -1.246976e+05 5.184473e+03 1.213180e+03 -7.655257e+03 7.859395e+03 -1.470020e+04 3.421252e+04 -1.980968e+03
3.535354e-03 1.409629e+05 -5.701225e+03 -1.629629e+03 6.612091e+03 9.770201e+03 -1.656533e+04 3.476110e+04 -2.501364e+03 -1.552684e+03 -6.539192e+03 -1.085177e+05 -3.891808e+03 -3.484197e+04 -2.430253e+03 6.658384e+03 1.274216e+04 -1.993274e+03 -7.444772e+03 -1.236870e+05 -4.377009e+03 3.960797e+04 2.986362e+03 -8.609117e+03 -1.451982e+04 -1.236748e+05 5.061065e+03 1.257611e+03 -5.807918e+03 7.552221e+03 -1.453642e+04 3.057834e+04 -2.028580e+03
3.737374e-03 1.391633e+05 -5.556504e+03 -1.678724e+03 4.650150e+03 9.386424e+03 -1.630150e+04 3.086505e+04 -2.550348e+03 -1.602804e+03 -4.575064e+03 -1.071341e+05 -3.794271e+03 -3.094742e+04 -2.480281e+03 6.398213e+03 1.254095e+04 -2.053398e+03 -5.206046e+03 -1.221089e+05 -4.262987e+03 3.516747e+04 3.046169e+03 -8.274759e+03 -1.428954e+04 -1.220969e+05 4.936949e+03 1.298371e+03 -4.086616e+03 7.253333e+03 -1.430585e+04 2.716130e+04 -2.069420e+03
3.939394e-03 1.368327e+05 -5.411725e+03 -1.723124e+03 2.834879e+03 9.014571e+03 -1.597420e+04 2.722291e+04 -2.591584e+03 -1.648502e+03 -2.757937e+03 -1.053417e+05 -3.696612e+03 -2.730650e+04 -2.522819e+03 6.146074e+03 1.229095e+04 -2.107781e+03 -3.134902e+03 -1.200649e+05 -4.148914e+03 3.101638e+04 3.096747e+03 -7.950865e+03 -1.400363e+04 -1.200532e+05 4.812695e+03 1.335552e+03 -2.493969e+03 6.963599e+03 -1.401961e+04 2.396676e+04 -2.103993e+03
4.141414e-03 1.340648e+05 -5.267482e+03 -1.763017e+03 1.166295e+03 8.655420e+03 -1.559512e+04 2.383556e+04 -2.625705e+03 -1.689918e+03 -1.087820e+03 -1.032127e+05 -3.599237e+03 -2.392008e+04 -2.558448e+03 5.902495e+03 1.200114e+04 -2.156656e+03 -1.231348e+03 -1.176372e+05 -4.035256e+03 2.715573e+04 3.138832e+03 -7.638106e+03 -1.367235e+04 -1.176257e+05 4.688820e+03 1.369263e+03 -1.029996e+03 6.683629e+03 -1.368793e+04 2.099550e+04 -2.132797e+03
4.343434e-03 1.309446e+05 -5.124302e+03 -1.798608e+03 -3.579792e+02 8.309471e+03 -1.517485e+04 2.069972e+04 -2.653315e+03 -1.727209e+03 4.376793e+02 -1.008125e+05 -3.502507e+03 -2.078491e+04 -2.587731e+03 5.667820e+03 1.167963e+04 -2.200271e+03 5.073437e+02 -1.149005e+05 -3.922430e+03 2.358176e+04 3.173135e+03 -7.336914e+03 -1.330495e+04 -1.148893e+05 4.565780e+03 1.399627e+03 3.073878e+02 6.413824e+03 -1.332010e+04 1.824465e+04 -2.156312e+03
4.545455e-03 1.275486e+05 -4.982650e+03 -1.830108e+03 -1.742191e+03 7.976998e+03 -1.472286e+04 1.780883e+04 -2.674996e+03 -1.760547e+03 1.822825e+03 -9.819986e+04 -3.406741e+03 -1.789444e+04 -2.611209e+03 5.442237e+03 1.133369e+04 -2.238887e+03 2.086037e+03 -1.119216e+05 -3.810800e+03 2.028700e+04 3.200336e+03 -7.047521e+03 -1.290973e+04 -1.119108e+05 4.443981e+03 1.426782e+03 1.521908e+03 6.154407e+03 -1.292442e+04 1.570848e+04 -2.174997e+03
4.747475e-03 1.239441e+05 -4.842926e+03 -1.857737e+03 -2.991999e+03 7.658088e+03 -1.424749e+04 1.515389e+04 -2.691296e+03 -1.790115e+03 3.073294e+03 -9.542674e+04 -3.312214e+03 -1.523968e+04 -2.629398e+03 5.225810e+03 1.096974e+04 -2.272774e+03 3.511203e+03 -1.087599e+05 -3.700683e+03 1.726119e+04 3.221079e+03 -6.769997e+03 -1.249400e+04 -1.087493e+05 4.323773e+03 1.450875e+03 2.618527e+03 5.905456e+03 -1.250822e+04 1.337910e+04 -2.189288e+03
4.949495e-03 1.201902e+05 -4.705475e+03 -1.881716e+03 -4.114069e+03 7.352677e+03 -1.375604e+04 1.272414e+04 -2.702729e+03 -1.816106e+03 4.195774e+03 -9.253861e+04 -3.219165e+03 -1.280990e+04 -2.642783e+03 5.018499e+03 1.059337e+04 -2.302203e+03 4.790467e+03 -1.054670e+05 -3.592352e+03 1.449205e+04 3.235972e+03 -6.504279e+03 -1.206414e+04 -1.054569e+05 4.205459e+03 1.472057e+03 3.603091e+03 5.666930e+03 -1.207786e+04 1.124709e+04 -2.199598e+03
5.151515e-03 1.163382e+05 -4.570586e+03 -1.902268e+03 -5.115741e+03 7.060581e+03 -1.325480e+04 1.050760e+04 -2.709775e+03 -1.838713e+03 5.197624e+03 -8.957478e+04 -3.127796e+03 -1.059314e+04 -2.651820e+03 4.820183e+03 1.020939e+04 -2.327447e+03 5.932221e+03 -1.020880e+05 -3.486033e+03 1.196595e+04 3.245582e+03 -6.250202e+03 -1.162566e+04 -1.020781e+05 4.089294e+03 1.490486e+03 4.482038e+03 5.438698e+03 -1.163888e+04 9.301976e+03 -2.206309e+03
5.353535e-03 1.124316e+05 -4.438500e+03 -1.919613e+03 -6.004748e+03 6.781524e+03 -1.274910e+04 8.491612e+03 -2.712881e+03 -1.858135e+03 6.086600e+03 -8.656894e+04 -3.038275e+03 -8.576748e+03 -2.656932e+03 4.630680e+03 9.821931e+03 -2.348775e+03 6.945306e+03 -9.866106e+04 -3.381917e+03 9.668442e+03 3.250437e+03 -6.007520e+03 -1.118324e+04 -9.865159e+04 3.975491e+03 1.506321e+03 5.262150e+03 5.220556e+03 -1.119596e+04 7.532649e+03 -2.209780e+03
5.555556e-03 1.085076e+05 -4.309409e+03 -1.933967e+03 -6.788991e+03 6.515161e+03 -1.224348e+04 6.663171e+03 -2.712457e+03 -1.874569e+03 6.870623e+03 -8.354960e+04 -2.950738e+03 -6.747748e+03 -2.658514e+03 4.449759e+03 9.434449e+03 -2.366452e+03 7.838754e+03 -9.521881e+04 -3.280157e+03 7.584701e+03 3.251024e+03 -5.775927e+03 -1.074083e+04 -9.520968e+04 3.864221e+03 1.519720e+03 5.950358e+03 5.012242e+03 -1.075305e+04 5.927724e+03 -2.210341e+03
5.757576e-03 1.045971e+05 -4.183468e+03 -1.945540e+03 -7.476363e+03 6.261093e+03 -1.174167e+04 5.009245e+03 -2.708883e+03 -1.888210e+03 7.557605e+03 -8.054061e+04 -2.865294e+03 -5.093123e+03 -2.656931e+03 4.277153e+03 9.049829e+03 -2.380736e+03 8.621584e+03 -9.178840e+04 -3.180874e+03 5.699873e+03 3.247795e+03 -5.555071e+03 -1.030173e+04 -9.177963e+04 3.755621e+03 1.530841e+03 6.553585e+03 4.813456e+03 -1.031346e+04 4.475784e+03 -2.208298e+03
5.959596e-03 1.007259e+05 -4.060792e+03 -1.954536e+03 -8.074605e+03 6.018888e+03 -1.124676e+04 3.517002e+03 -2.702507e+03 -1.899249e+03 8.155308e+03 -7.756171e+04 -2.782025e+03 -3.600060e+03 -2.652517e+03 4.112573e+03 8.670437e+03 -2.391877e+03 9.302645e+03 -8.839233e+04 -3.084159e+03 3.999334e+03 3.241162e+03 -5.344571e+03 -9.868630e+03 -8.838391e+04 3.649798e+03 1.539838e+03 7.078622e+03 4.623870e+03 -9.879873e+03 3.165588e+03 -2.203932e+03
6.161616e-03 9.691469e+04 -3.941463e+03 -1.961151e+03 -8.591212e+03 5.788087e+03 -1.076124e+04 2.173992e+03 -2.693645e+03 -1.907872e+03 8.671243e+03 -7.462898e+04 -2.700994e+03 -2.256122e+03 -2.645581e+03 3.955710e+03 8.298187e+03 -2.400114e+03 9.890502e+03 -8.504892e+04 -2.990079e+03 2.468888e+03 3.231505e+03 -5.144022e+03 -9.443712e+03 -8.504084e+04 3.546826e+03 1.546862e+03 7.532041e+03 4.443134e+03 -9.454482e+03 1.986227e+03 -2.197500e+03
6.363636e-03 9.318031e+04 -3.825535e+03 -1.965572e+03 -9.033350e+03 5.568220e+03 -1.028708e+04 9.682631e+02 -2.682587e+03 -1.914257e+03 9.112595e+03 -7.175529e+04 -2.622239e+03 -1.049374e+03 -2.636405e+03 3.806250e+03 7.934595e+03 -2.405676e+03 1.039334e+04 -8.177287e+04 -2.898675e+03 1.094914e+03 3.219171e+03 -4.953011e+03 -9.028706e+03 -8.176511e+04 3.446756e+03 1.552056e+03 7.920129e+03 4.270888e+03 -9.039013e+03 9.272294e+02 -2.189238e+03
6.565657e-03 8.953590e+04 -3.713037e+03 -1.967977e+03 -9.407811e+03 5.358811e+03 -9.825808e+03 -1.115472e+02 -2.669598e+03 -1.918576e+03 9.486171e+03 -6.895079e+04 -2.545785e+03 3.153410e+01 -2.625246e+03 3.663870e+03 7.580835e+03 -2.408781e+03 1.081893e+04 -7.857571e+04 -2.809971e+03 -1.355421e+02 3.204473e+03 -4.771120e+03 -8.624948e+03 -7.856828e+04 3.349617e+03 1.555561e+03 8.248845e+03 4.106769e+03 -8.634806e+03 -2.136004e+01 -2.179359e+03
6.767677e-03 8.599153e+04 -3.603974e+03 -1.968536e+03 -9.720982e+03 5.159383e+03 -9.378559e+03 -1.076160e+03 -2.654915e+03 -1.920994e+03 9.798372e+03 -6.622322e+04 -2.471639e+03 9.973094e+02 -2.612340e+03 3.528253e+03 7.237788e+03 -2.409637e+03 1.117456e+04 -7.546630e+04 -2.723971e+03 -1.234700e+03 3.187699e+03 -4.597932e+03 -8.233441e+03 -7.545917e+04 3.255417e+03 1.557509e+03 8.523790e+03 3.950411e+03 -8.242866e+03 -8.689358e+02 -2.168059e+03
6.969697e-03 8.255466e+04 -3.498335e+03 -1.967407e+03 -9.978826e+03 4.969467e+03 -8.946159e+03 -1.935625e+03 -2.638755e+03 -1.921667e+03 1.005517e+04 -6.357833e+04 -2.399795e+03 1.857991e+03 -2.597899e+03 3.399080e+03 6.906087e+03 -2.408437e+03 1.146705e+04 -7.245116e+04 -2.640667e+03 -2.214015e+03 3.169110e+03 -4.433034e+03 -7.854906e+03 -7.244433e+04 3.164149e+03 1.558028e+03 8.750195e+03 3.801454e+03 -7.863912e+03 -1.624305e+03 -2.155515e+03
7.171717e-03 7.923051e+04 -3.396089e+03 -1.964741e+03 -1.018688e+04 4.788604e+03 -8.529150e+03 -2.699314e+03 -2.621315e+03 -1.920742e+03 1.026213e+04 -6.102015e+04 -2.330237e+03 2.622939e+03 -2.582118e+03 3.276043e+03 6.586153e+03 -2.405364e+03 1.170272e+04 -6.953488e+04 -2.560035e+03 -3.084171e+03 3.148940e+03 -4.276023e+03 -7.489821e+03 -6.952835e+04 3.075791e+03 1.557238e+03 8.932917e+03 3.659544e+03 -7.498425e+03 -2.295678e+03 -2.141887e+03
7.373737e-03 7.602243e+04 -3.297194e+03 -1.960678e+03 -1.035026e+04 4.616345e+03 -8.127852e+03 -3.375922e+03 -2.602771e+03 -1.918358e+03 1.042436e+04 -5.855124e+04 -2.262938e+03 3.300840e+03 -2.565172e+03 3.158840e+03 6.278233e+03 -2.400591e+03 1.188741e+04 -6.672041e+04 -2.482042e+03 -3.855078e+03 3.127404e+03 -4.126508e+03 -7.138466e+03 -6.671415e+04 2.990309e+03 1.555251e+03 9.076444e+03 3.524336e+03 -7.146683e+03 -2.890677e+03 -2.127321e+03
7.575758e-03 7.293221e+04 -3.201597e+03 -1.955348e+03 -1.047368e+04 4.452258e+03 -7.742390e+03 -3.973487e+03 -2.583283e+03 -1.914645e+03 1.054658e+04 -5.617300e+04 -2.197865e+03 3.899725e+03 -2.547221e+03 3.047178e+03 5.982427e+03 -2.394278e+03 1.202651e+04 -6.400932e+04 -2.406647e+03 -4.535899e+03 3.104693e+03 -3.984110e+03 -6.800955e+03 -6.400333e+04 2.907659e+03 1.552174e+03 9.184905e+03 3.395498e+03 -6.808801e+03 -3.416346e+03 -2.111948e+03
7.777778e-03 6.996037e+04 -3.109234e+03 -1.948876e+03 -1.056143e+04 4.295927e+03 -7.372737e+03 -4.499415e+03 -2.562993e+03 -1.909727e+03 1.063312e+04 -5.388583e+04 -2.134977e+03 4.426990e+03 -2.528407e+03 2.940777e+03 5.698717e+03 -2.386573e+03 1.212494e+04 -6.140207e+04 -2.333799e+03 -5.135076e+03 3.080982e+03 -3.848464e+03 -6.477264e+03 -6.139633e+04 2.827788e+03 1.548106e+03 9.262083e+03 3.272707e+03 -6.484754e+03 -3.879175e+03 -2.095887e+03
7.979798e-03 6.710637e+04 -3.020034e+03 -1.941373e+03 -1.061748e+04 4.146951e+03 -7.018738e+03 -4.960507e+03 -2.542032e+03 -1.903716e+03 1.068792e+04 -5.168931e+04 -2.074227e+03 4.889430e+03 -2.508861e+03 2.839367e+03 5.426988e+03 -2.377616e+03 1.218720e+04 -5.889817e+04 -2.263444e+03 -5.660360e+03 3.056425e+03 -3.719220e+03 -6.167259e+03 -5.889268e+04 2.750637e+03 1.543142e+03 9.311432e+03 3.155655e+03 -6.174410e+03 -4.285125e+03 -2.079243e+03
8.181818e-03 6.436882e+04 -2.933921e+03 -1.932946e+03 -1.064539e+04 4.004947e+03 -6.680139e+03 -5.362994e+03 -2.520514e+03 -1.896721e+03 1.071458e+04 -4.958238e+04 -2.015566e+03 5.293271e+03 -2.488699e+03 2.742688e+03 5.167046e+03 -2.367535e+03 1.221738e+04 -5.649643e+04 -2.195520e+03 -6.118854e+03 3.031165e+03 -3.596044e+03 -5.870720e+03 -5.649116e+04 2.676143e+03 1.537367e+03 9.336100e+03 3.044046e+03 -5.877547e+03 -4.639657e+03 -2.062112e+03
8.383838e-03 6.174566e+04 -2.850813e+03 -1.923692e+03 -1.064843e+04 3.869551e+03 -6.356606e+03 -5.712572e+03 -2.498543e+03 -1.888838e+03 1.071635e+04 -4.756346e+04 -1.958940e+03 5.644203e+03 -2.468025e+03 2.650496e+03 4.918637e+03 -2.356450e+03 1.221920e+04 -5.419502e+04 -2.129965e+03 -6.517051e+03 3.005326e+03 -3.478617e+03 -5.587356e+03 -5.418998e+04 2.604237e+03 1.530862e+03 9.338944e+03 2.937597e+03 -5.593872e+03 -4.947764e+03 -2.044581e+03
8.585859e-03 5.923431e+04 -2.770627e+03 -1.913701e+03 -1.062955e+04 3.740416e+03 -6.047742e+03 -6.014438e+03 -2.476211e+03 -1.880161e+03 1.069620e+04 -4.563055e+04 -1.904293e+03 5.947419e+03 -2.446935e+03 2.562554e+03 4.681462e+03 -2.344469e+03 1.219604e+04 -5.199169e+04 -2.066711e+03 -6.860874e+03 2.979022e+03 -3.366635e+03 -5.316820e+03 -5.198686e+04 2.534847e+03 1.523702e+03 9.322553e+03 2.836040e+03 -5.323042e+03 -5.214003e+03 -2.026727e+03
8.787879e-03 5.683175e+04 -2.693275e+03 -1.903057e+03 -1.059143e+04 3.617211e+03 -5.753107e+03 -6.273326e+03 -2.453603e+03 -1.870773e+03 1.065680e+04 -4.378135e+04 -1.851568e+03 6.207650e+03 -2.425513e+03 2.478639e+03 4.455182e+03 -2.331695e+03 1.215095e+04 -4.988379e+04 -2.005692e+03 -7.155719e+03 2.952353e+03 -3.259812e+03 -5.058729e+03 -4.987916e+04 2.467900e+03 1.515957e+03 9.289268e+03 2.739118e+03 -5.064669e+03 -5.442521e+03 -2.008619e+03
8.989899e-03 5.453470e+04 -2.618670e+03 -1.891835e+03 -1.053645e+04 3.499624e+03 -5.472226e+03 -6.493541e+03 -2.430791e+03 -1.860753e+03 1.060055e+04 -4.201333e+04 -1.800705e+03 6.429196e+03 -2.403834e+03 2.398541e+03 4.239436e+03 -2.318221e+03 1.208666e+04 -4.786844e+04 -1.946836e+03 -7.406494e+03 2.925410e+03 -3.157872e+03 -4.812668e+03 -4.786400e+04 2.403320e+03 1.507690e+03 9.241200e+03 2.646590e+03 -4.818341e+03 -5.637094e+03 -1.990318e+03
9.191919e-03 5.233964e+04 -2.546721e+03 -1.880107e+03 -1.046680e+04 3.387357e+03 -5.204603e+03 -6.678993e+03 -2.407841e+03 -1.850174e+03 1.052964e+04 -4.032377e+04 -1.751645e+03 6.615966e+03 -2.381967e+03 2.322058e+03 4.033845e+03 -2.304132e+03 1.200566e+04 -4.594255e+04 -1.890075e+03 -7.617655e+03 2.898273e+03 -3.060558e+03 -4.578203e+03 -4.593830e+04 2.341032e+03 1.498960e+03 9.180252e+03 2.558225e+03 -4.583621e+03 -5.801151e+03 -1.971880e+03
9.393939e-03 5.024291e+04 -2.477341e+03 -1.867936e+03 -1.038442e+04 3.280131e+03 -4.949726e+03 -6.833233e+03 -2.384812e+03 -1.839101e+03 1.044601e+04 -3.870987e+04 -1.704329e+03 6.771506e+03 -2.359971e+03 2.249000e+03 3.838019e+03 -2.289508e+03 1.191017e+04 -4.410292e+04 -1.835338e+03 -7.793247e+03 2.871015e+03 -2.967625e+03 -4.354889e+03 -4.409885e+04 2.280960e+03 1.489823e+03 9.108133e+03 2.473805e+03 -4.360064e+03 -5.937802e+03 -1.953354e+03
9.595960e-03 4.824077e+04 -2.410440e+03 -1.855383e+03 -1.029106e+04 3.177680e+03 -4.707080e+03 -6.959475e+03 -2.361755e+03 -1.827596e+03 1.035142e+04 -3.716876e+04 -1.658697e+03 6.899030e+03 -2.337900e+03 2.179188e+03 3.651562e+03 -2.274419e+03 1.180219e+04 -4.234627e+04 -1.782555e+03 -7.936937e+03 2.843698e+03 -2.878841e+03 -4.142273e+03 -4.234236e+04 2.223028e+03 1.480328e+03 9.026378e+03 2.393124e+03 -4.147218e+03 -6.049867e+03 -1.934784e+03
9.797980e-03 4.632945e+04 -2.345932e+03 -1.842499e+03 -1.018829e+04 3.079752e+03 -4.476146e+03 -7.060632e+03 -2.338717e+03 -1.815715e+03 1.024742e+04 -3.569752e+04 -1.614691e+03 7.001450e+03 -2.315802e+03 2.112451e+03 3.474080e+03 -2.258932e+03 1.168351e+04 -4.066929e+04 -1.731659e+03 -8.052044e+03 2.816379e+03 -2.793988e+03 -3.939904e+03 -4.066554e+04 2.167162e+03 1.470520e+03 8.936361e+03 2.315987e+03 -3.944630e+03 -6.139902e+03 -1.916207e+03
1.000000e-02 4.450517e+04 -2.283730e+03 -1.829337e+03 -1.007751e+04 2.986112e+03 -4.256411e+03 -7.139342e+03 -2.315738e+03 -1.803510e+03 1.013544e+04 -3.429326e+04 -1.572252e+03 7.081400e+03 -2.293720e+03 2.048630e+03 3.305180e+03 -2.243107e+03 1.155572e+04 -3.906867e+04 -1.682581e+03 -8.141574e+03 2.789109e+03 -2.712859e+03 -3.747334e+03 -3.906506e+04 2.113288e+03 1.460443e+03 8.839312e+03 2.242209e+03 -3.751851e+03 -6.210217e+03 -1.897659e+03
