-1.000000e-02 -4.403008e+04 3.994041e+03 5.129611e+03 -7.471896e+04 -1.552598e+03 -1.484800e+05 -8.112679e+04 4.446554e+03 5.019938e+03 7.460098e+04 3.380206e+04 2.747257e+03 8.124562e+04 4.332143e+03 -1.091717e+03 1.144141e+05 6.136205e+03 8.512297e+04 3.858161e+04 3.695005e+03 -9.255992e+04 -5.359677e+03 9.710426e+02 -1.303403e+05 3.857728e+04 -2.940797e+03 -4.181792e+03 6.548395e+04 -1.635740e+03 -1.303379e+05 -7.121090e+04 3.576192e+03
-9.797980e-03 -4.936470e+04 4.358391e+03 5.411516e+03 -8.314519e+04 -1.614105e+03 -1.669733e+05 -9.053548e+04 4.665855e+03 5.287996e+03 8.301528e+04 3.790043e+04 2.997774e+03 9.066625e+04 4.537211e+03 -1.136621e+03 1.286611e+05 6.467965e+03 9.472306e+04 4.325773e+04 4.018493e+03 -1.032932e+05 -5.619784e+03 1.009522e+03 -1.465724e+05 4.325276e+04 -3.222533e+03 -4.408947e+03 7.286934e+04 -1.702425e+03 -1.465696e+05 -7.946894e+04 3.748284e+03
-9.595960e-03 -5.576206e+04 4.786729e+03 5.734174e+03 -9.321309e+04 -1.676234e+03 -1.891742e+05 -1.018084e+05 4.914311e+03 5.593935e+03 9.306905e+04 4.281540e+04 3.292309e+03 1.019533e+05 4.768493e+03 -1.182514e+03 1.457644e+05 6.847135e+03 1.061936e+05 4.886549e+04 4.398525e+03 -1.161529e+05 -5.914048e+03 1.046974e+03 -1.660587e+05 4.885975e+04 -3.554037e+03 -4.668602e+03 8.169371e+04 -1.771811e+03 -1.660554e+05 -8.936318e+04 3.942661e+03
-9.393939e-03 -6.353663e+04 5.297185e+03 6.108028e+03 -1.054044e+05 -1.737299e+03 -2.161825e+05 -1.154992e+05 5.199028e+03 5.947308e+03 1.052434e+05 4.878863e+04 3.643334e+03 1.156611e+05 5.032183e+03 -1.228409e+03 1.665710e+05 7.285765e+03 1.200834e+05 5.568059e+04 4.851073e+03 -1.317708e+05 -6.250704e+03 1.081677e+03 -1.897644e+05 5.567388e+04 -3.949461e+03 -4.969024e+03 9.237930e+04 -1.843017e+03 -1.897606e+05 -1.013796e+05 4.164651e+03
-9.191919e-03 -7.313485e+04 5.915511e+03 6.547670e+03 -1.204019e+05 -1.794425e+03 -2.495594e+05 -1.323950e+05 5.529877e+03 6.361424e+03 1.202202e+05 5.616320e+04 4.068566e+03 1.325775e+05 5.336835e+03 -1.272581e+03 1.922836e+05 7.800668e+03 1.371704e+05 6.409442e+04 5.398815e+03 -1.510445e+05 -6.641169e+03 1.110818e+03 -2.190599e+05 6.408651e+04 -4.428916e+03 -5.321753e+03 1.055246e+05 -1.914369e+03 -2.190555e+05 -1.162089e+05 4.421632e+03
-8.989899e-03 -8.521202e+04 6.679642e+03 7.074260e+03 -1.392060e+05 -1.842673e+03 -2.915973e+05 -1.536529e+05 5.921097e+03 6.855518e+03 1.389986e+05 6.544267e+04 4.594095e+03 1.538612e+05 5.694725e+03 -1.312005e+03 2.246680e+05 8.416184e+03 1.585944e+05 7.468148e+04 6.075134e+03 -1.752941e+05 -7.101876e+03 1.129703e+03 -2.559571e+05 7.467202e+04 -5.022041e+03 -5.743495e+03 1.220066e+05 -1.982780e+03 -2.559518e+05 -1.348668e+05 4.724216e+03
-8.787879e-03 -1.007710e+05 7.648056e+03 7.719909e+03 -1.633447e+05 -1.873335e+03 -3.458045e+05 -1.810474e+05 6.394234e+03 7.458694e+03 1.631045e+05 7.739771e+04 5.260144e+03 1.812883e+05 6.124317e+03 -1.341272e+03 2.664270e+05 9.169198e+03 1.860964e+05 8.832098e+04 6.931470e+03 -2.065434e+05 -7.657634e+03 1.130246e+03 -3.035354e+05 8.830947e+04 -5.774549e+03 -6.259565e+03 1.431645e+05 -2.042533e+03 -3.035290e+05 -1.589105e+05 5.088409e+03
-8.585859e-03 -1.214320e+05 8.916378e+03 8.536353e+03 -1.952804e+05 -1.870410e+03 -4.178491e+05 -2.174511e+05 6.983965e+03 8.217693e+03 1.949971e+05 9.327337e+04 6.132466e+03 2.177349e+05 6.655177e+03 -1.350328e+03 3.219268e+05 1.011905e+04 2.224818e+05 1.064333e+05 8.051893e+03 -2.480692e+05 -8.348279e+03 1.097849e+03 -3.667695e+05 1.064190e+05 -6.761216e+03 -6.910694e+03 1.711568e+05 -2.082730e+03 -3.667616e+05 -1.908615e+05 5.539909e+03
-8.383838e-03 -1.500123e+05 1.065392e+04 9.613963e+03 -2.392828e+05 -1.802497e+03 -5.175869e+05 -2.678725e+05 7.750983e+03 9.213906e+03 2.389407e+05 1.152346e+05 7.327469e+03 2.682149e+05 7.338813e+03 -1.319264e+03 3.987594e+05 1.136923e+04 2.726155e+05 1.314884e+05 9.585195e+03 -3.055844e+05 -9.243384e+03 1.004253e+03 -4.543098e+05 1.314701e+05 -8.114485e+03 -7.767918e+03 2.097262e+05 -2.081393e+03 -4.542997e+05 -2.351154e+05 6.123598e+03
-8.181818e-03 -1.919632e+05 1.319689e+04 1.113006e+04 -3.035848e+05 -1.601399e+03 -6.640842e+05 -3.420332e+05 8.815074e+03 1.060657e+04 3.031570e+05 1.474706e+05 9.076226e+03 3.424608e+05 8.276502e+03 -1.204515e+03 5.116124e+05 1.312254e+04 3.458773e+05 1.682654e+05 1.182669e+04 -3.901778e+05 -1.047998e+04 7.887168e+02 -5.828909e+05 1.682411e+05 -1.009739e+04 -8.970424e+03 2.660889e+05 -1.989783e+03 -5.828774e+05 -3.002047e+05 6.927944e+03
-7.979798e-03 -2.598106e+05 1.734562e+04 1.350290e+04 -4.070205e+05 -1.091693e+03 -9.011337e+05 -4.623558e+05 1.046173e+04 1.277028e+04 4.064552e+05 1.996069e+05 1.192865e+04 4.629199e+05 9.709058e+03 -8.933079e+02 6.942209e+05 1.585679e+04 4.637259e+05 2.277458e+05 1.547918e+04 -5.274255e+05 -1.238406e+04 2.961750e+02 -7.909496e+05 2.277113e+05 -1.333614e+04 -1.084606e+04 3.567537e+05 -1.680540e+03 -7.909304e+05 -4.058091e+05 8.163743e+03
-7.777778e-03 -3.936858e+05 2.578927e+04 1.812976e+04 -6.096000e+05 3.558561e+02 -1.368954e+06 -7.010174e+05 1.365990e+04 1.695369e+04 6.087642e+05 3.024820e+05 1.773162e+04 7.018498e+05 1.245333e+04 2.105555e+01 1.054600e+06 2.116676e+04 6.945328e+05 3.451127e+05 2.290338e+04 -7.996558e+05 -1.606061e+04 -1.026760e+03 -1.201556e+06 3.450564e+05 -1.993452e+04 -1.448876e+04 5.343205e+05 -6.915071e+02 -1.201525e+06 -6.152765e+05 1.054717e+04
-7.575758e-03 -1.028406e+06 6.978475e+04 4.124807e+04 -1.556416e+06 1.049636e+04 -3.585070e+06 -1.845158e+06 2.994787e+04 3.764324e+04 1.554287e+06 7.902189e+05 4.793995e+04 1.847273e+06 2.625473e+04 6.576788e+03 2.761769e+06 4.757505e+04 1.773271e+06 9.015682e+05 6.153440e+04 -2.104718e+06 -3.465694e+04 -9.981405e+03 -3.146656e+06 9.013929e+05 -5.433599e+04 -3.259762e+04 1.364212e+06 6.721686e+03 -3.146558e+06 -1.619462e+06 2.263077e+04
-7.373737e-03 -9.167879e+05 5.196053e+04 3.198626e+04 -1.414380e+06 4.055771e+03 -3.203533e+06 -1.619870e+06 2.215877e+04 2.949053e+04 1.412530e+06 7.044885e+05 3.575852e+04 1.621706e+06 1.960458e+04 2.284724e+03 2.467807e+06 3.705690e+04 1.611464e+06 8.037198e+05 4.590883e+04 -1.847728e+06 -2.583006e+04 -4.413845e+03 -2.811745e+06 8.035979e+05 -4.043837e+04 -2.541455e+04 1.239776e+06 1.747021e+03 -2.811671e+06 -1.421721e+06 1.675735e+04
-7.171717e-03 -6.348841e+05 2.595162e+04 1.889972e+04 -1.012151e+06 -3.885673e+03 -2.223581e+06 -1.094026e+06 1.225290e+04 1.792882e+04 1.010905e+06 4.878882e+05 1.793758e+04 1.095264e+06 1.126008e+04 -2.949926e+03 1.712881e+06 2.218774e+04 1.153204e+06 5.565784e+05 2.310492e+04 -1.247920e+06 -1.460281e+04 2.449821e+03 -1.951612e+06 5.565310e+05 -2.011010e+04 -1.523388e+04 8.872574e+05 -4.322531e+03 -1.951581e+06 -9.601959e+05 9.388015e+03
-6.969697e-03 -4.116925e+05 7.591226e+03 1.015403e+04 -6.905296e+05 -9.657571e+03 -1.445104e+06 -6.809958e+05 5.937398e+03 1.025362e+04 6.897473e+05 3.163862e+05 5.349100e+03 6.817784e+05 6.038573e+03 -6.752472e+03 1.113181e+06 1.228691e+04 7.867761e+05 3.609045e+05 7.021996e+03 -7.768055e+05 -7.482948e+03 7.382546e+03 -1.268331e+06 3.609105e+05 -5.735581e+03 -8.447498e+03 6.053709e+05 -8.787509e+03 -1.268331e+06 -5.976896e+05 4.746824e+03
-6.767677e-03 -1.372441e+05 -9.093759e+03 2.733963e+03 -2.818543e+05 -1.476685e+04 -4.826774e+05 -1.859586e+05 1.326184e+03 3.785039e+03 2.816047e+05 1.054705e+05 -6.116356e+03 1.862184e+05 2.397560e+03 -1.009281e+04 3.718094e+05 3.924808e+03 3.211513e+05 1.202860e+05 -7.578183e+03 -2.121684e+05 -2.331572e+03 1.168868e+04 -4.236184e+05 1.203410e+05 7.371634e+03 -2.698469e+03 2.471473e+05 -1.277101e+04 -4.236458e+05 -1.632148e+05 1.472233e+03
-6.565657e-03 4.203816e+05 -2.944875e+04 -5.797981e+03 5.846391e+05 -1.985671e+04 1.482587e+06 7.853874e+05 -1.847017e+03 -3.653968e+03 -5.838822e+05 -3.231239e+05 -2.018565e+04 -7.861195e+05 3.364875e+02 -1.331213e+04 -1.141999e+06 -5.657904e+03 -6.661190e+05 -3.686144e+05 -2.537756e+04 8.957205e+05 1.133487e+03 1.589657e+04 1.301226e+06 -3.685014e+05 2.346741e+04 3.937932e+03 -5.124610e+05 -1.669778e+04 1.301168e+06 6.892863e+05 -4.525876e+02
-6.363636e-03 3.514170e+06 -8.673092e+04 -3.068590e+04 5.562380e+06 -2.283581e+04 1.241852e+07 6.013825e+06 1.815436e+03 -2.597646e+04 -5.556320e+06 -2.701219e+06 -6.034951e+04 -6.019822e+06 6.606887e+03 -1.409585e+04 -9.565529e+06 -3.378881e+04 -6.337800e+06 -3.081125e+06 -7.553668e+04 6.859080e+06 -3.298096e+03 1.807248e+04 1.089912e+07 -3.080868e+06 6.934479e+04 2.370569e+04 -4.876512e+06 -1.802814e+04 1.089901e+07 5.277989e+06 4.851458e+03
-6.161616e-03 -1.870493e+07 1.040123e+05 6.596127e+04 -3.089647e+07 -1.018285e+05 -6.623623e+07 -3.087372e+07 -1.025493e+05 6.587769e+04 3.086531e+07 1.437851e+07 7.787767e+04 3.090486e+07 -1.026345e+05 -7.639319e+04 5.101877e+07 7.719792e+04 3.520392e+07 1.639965e+07 9.221534e+04 -3.521359e+07 1.148519e+05 8.605877e+04 -5.813175e+07 1.639968e+07 -8.780621e+04 -5.624835e+04 2.708872e+07 -9.035481e+04 -5.813159e+07 -2.709602e+07 -9.161262e+04
-5.959596e-03 1.186488e+05 -3.052003e+04 -3.870113e+02 5.161725e+04 -3.149042e+04 4.212040e+05 3.234415e+05 5.921564e+02 2.227131e+03 -5.140131e+04 -9.121955e+04 -2.078399e+04 -3.236136e+05 3.245956e+03 -2.135568e+04 -3.244343e+05 1.129921e+03 -5.878822e+04 -1.041058e+05 -2.605943e+04 3.687497e+05 -2.267563e+03 2.498732e+04 3.697002e+05 -1.039614e+05 2.440717e+04 -7.446564e+02 -4.513096e+04 -2.698226e+04 3.696317e+05 2.838508e+05 1.621916e+03
-5.757576e-03 -3.270190e+06 8.092856e+03 -1.826288e+04 -5.348639e+06 2.533372e+04 -1.162655e+07 -5.492374e+06 -4.591295e+04 -1.964149e+04 5.343604e+06 2.514096e+06 6.634881e+03 5.497378e+06 -4.731145e+04 1.608241e+04 8.955053e+06 -2.335904e+04 6.094434e+06 2.867363e+06 5.937415e+03 -6.263956e+06 5.487941e+04 -1.789050e+04 -1.020378e+07 2.867294e+06 -8.723960e+03 1.527678e+04 4.689691e+06 2.266838e+04 -1.020371e+07 -4.820222e+06 -3.954653e+04
-5.555556e-03 4.247051e+05 -2.107563e+04 4.279766e+03 5.806774e+05 -2.872167e+04 1.513099e+06 8.096250e+05 7.700215e+03 6.330448e+03 -5.800287e+05 -3.265395e+05 -1.446440e+04 -8.102309e+05 9.777514e+03 -1.938043e+04 -1.165409e+06 6.473955e+03 -6.616308e+05 -3.724586e+05 -1.779460e+04 9.232310e+05 -1.038531e+04 2.241491e+04 1.327953e+06 -3.723438e+05 1.718256e+04 -4.325905e+03 -5.090592e+05 -2.487434e+04 1.327893e+06 7.105295e+05 7.339897e+03
-5.353535e-03 -2.259769e+06 1.721794e+04 -3.222495e+04 -3.558839e+06 7.101095e+04 -8.064699e+06 -3.969656e+06 -5.010893e+04 -3.578288e+04 3.555612e+06 1.737494e+06 1.240814e+04 3.972795e+06 -5.371012e+04 4.756126e+04 6.211425e+06 -4.142403e+04 4.055115e+06 1.981596e+06 1.305963e+04 -4.526882e+06 6.182206e+04 -5.392747e+04 -7.077728e+06 1.981402e+06 -1.618765e+04 2.778345e+04 3.120468e+06 6.258672e+04 -7.077593e+06 -3.483773e+06 -4.349735e+04
-5.151515e-03 -1.483297e+05 -9.381263e+03 -2.536978e+03 -2.935438e+05 -5.673457e+03 -5.301324e+05 -2.196346e+05 -3.714765e+03 -1.927866e+03 2.933506e+05 1.140450e+05 -6.333261e+03 2.198427e+05 -3.099294e+03 -3.899811e+03 4.083038e+05 -2.718501e+03 3.344910e+05 1.300453e+05 -8.171546e+03 -2.505008e+05 4.057229e+03 4.665770e+03 -4.652385e+05 1.300806e+05 7.277994e+03 1.824945e+03 2.574401e+05 -4.756730e+03 -4.652563e+05 -1.927545e+05 -2.855194e+03
-4.949495e-03 3.949570e+05 -1.738160e+04 9.334314e+03 5.163370e+05 -3.692433e+04 1.414811e+06 7.854948e+05 1.220200e+04 1.147188e+04 -5.158010e+05 -3.037214e+05 -1.192652e+04 -7.859718e+05 1.436070e+04 -2.498929e+04 -1.089655e+06 1.263445e+04 -5.883318e+05 -3.464094e+05 -1.444371e+04 8.956134e+05 -1.591014e+04 2.866319e+04 1.241667e+06 -3.462857e+05 1.439961e+04 -8.529658e+03 -4.526815e+05 -3.221589e+04 1.241601e+06 6.893337e+05 1.105778e+04
-4.747475e-03 1.591479e+06 -4.062224e+04 4.350211e+04 2.221972e+06 -1.337035e+05 5.710078e+06 3.105027e+06 5.478766e+04 5.022225e+04 -2.219930e+06 -1.223886e+06 -2.803695e+04 -3.106867e+06 6.156852e+04 -9.047208e+04 -4.397719e+06 5.688396e+04 -2.531839e+06 -1.395829e+06 -3.273415e+04 3.540285e+06 -6.976033e+04 1.032547e+05 5.011222e+06 -1.395434e+06 3.486066e+04 -3.844611e+04 -1.948236e+06 -1.171732e+05 5.011017e+06 2.724895e+06 4.838622e+04
-4.545455e-03 5.512074e+06 -1.263140e+05 1.727699e+05 7.634812e+06 -5.148521e+05 1.980882e+07 1.096297e+07 2.106095e+05 1.969845e+05 -7.628042e+06 -4.239127e+06 -8.725175e+04 -1.096897e+07 2.350215e+05 -3.486441e+05 -1.525596e+07 2.243065e+05 -8.699596e+06 -4.834603e+06 -1.002001e+05 1.249924e+07 -2.674582e+05 3.974236e+05 1.738431e+07 -4.833154e+06 1.100647e+05 -1.517577e+05 -6.694410e+06 -4.516786e+05 1.738363e+07 9.620781e+06 1.850951e+05
-4.343434e-03 -3.818624e+05 1.169203e+03 -1.313961e+04 -5.729418e+05 3.161784e+04 -1.374286e+06 -7.459770e+05 -1.570418e+04 -1.434166e+04 5.725063e+05 2.936843e+05 8.842059e+02 7.463684e+05 -1.691513e+04 2.140724e+04 1.058402e+06 -1.666602e+04 6.528594e+05 3.349195e+05 3.705092e+02 -8.505040e+05 1.958785e+04 -2.427121e+04 -1.206066e+06 3.348483e+05 -1.662554e+03 1.128311e+04 5.024252e+05 2.786951e+04 -1.206026e+06 -6.546400e+05 -1.354057e+04
-4.141414e-03 -2.423867e+05 -1.085500e+03 -9.164071e+03 -3.717057e+05 2.120806e+04 -8.735937e+05 -4.800605e+05 -1.074644e+04 -9.880877e+03 3.714455e+05 1.864232e+05 -6.849356e+02 4.802920e+05 -1.146802e+04 1.436665e+04 6.727868e+05 -1.154643e+04 4.235580e+05 2.125929e+05 -1.373731e+03 -5.473082e+05 1.334820e+04 -1.626297e+04 -7.666558e+05 2.125501e+05 3.597121e+02 7.821984e+03 3.259731e+05 1.871959e+04 -7.666315e+05 -4.212788e+05 -9.214919e+03
-3.939394e-03 -1.756101e+05 -1.974184e+03 -7.215194e+03 -2.746826e+05 1.651059e+04 -6.338035e+05 -3.545298e+05 -8.329370e+03 -7.717006e+03 2.745058e+05 1.350697e+05 -1.306370e+03 3.546847e+05 -8.834166e+03 1.119039e+04 4.881099e+05 -9.050792e+03 3.130035e+05 1.540271e+05 -2.044217e+03 -4.041781e+05 1.031874e+04 -1.265593e+04 -5.562152e+05 1.539969e+05 1.177141e+03 6.134525e+03 2.408986e+05 1.458487e+04 -5.561981e+05 -3.111164e+05 -7.115456e+03
-3.737374e-03 -1.350284e+05 -2.417804e+03 -5.971385e+03 -2.156700e+05 1.373558e+04 -4.879854e+05 -2.790557e+05 -6.804228e+03 -6.348846e+03 2.155431e+05 1.038604e+05 -1.618276e+03 2.791645e+05 -7.183672e+03 9.314115e+03 3.758071e+05 -7.466097e+03 2.457604e+05 1.184352e+05 -2.367320e+03 -3.181224e+05 8.413339e+03 -1.052843e+04 -4.282453e+05 1.184123e+05 1.598703e+03 5.062630e+03 1.891528e+05 1.213906e+04 -4.282323e+05 -2.448823e+05 -5.796017e+03
-3.535354e-03 -1.075438e+05 -2.660279e+03 -5.077137e+03 -1.758328e+05 1.188192e+04 -3.891484e+05 -2.284592e+05 -5.722316e+03 -5.373232e+03 1.757391e+05 8.272301e+04 -1.789941e+03 2.285375e+05 -6.019773e+03 8.060703e+03 2.996876e+05 -6.331871e+03 2.003670e+05 9.432980e+04 -2.535045e+03 -2.604325e+05 7.065242e+03 -9.109222e+03 -3.415063e+05 9.431170e+04 1.839337e+03 4.295103e+03 1.542209e+05 1.050327e+04 -3.414960e+05 -2.004803e+05 -4.863371e+03
-3.333333e-03 -8.768857e+04 -2.797237e+03 -4.388153e+03 -1.472497e+05 1.055188e+04 -3.176814e+05 -1.923133e+05 -4.900169e+03 -4.626937e+03 1.471795e+05 6.745265e+04 -1.887839e+03 1.923701e+05 -5.139902e+03 7.161221e+03 2.446476e+05 -5.461439e+03 1.677972e+05 7.691554e+04 -2.622404e+03 -2.192193e+05 6.043095e+03 -8.092113e+03 -2.787873e+05 7.690083e+04 1.983692e+03 3.705819e+03 1.291571e+05 9.328185e+03 -2.787790e+05 -1.687598e+05 -4.156917e+03
-3.131313e-03 -7.269731e+04 -2.874033e+03 -3.832456e+03 -1.258931e+05 9.551782e+03 -2.636677e+05 -1.653788e+05 -4.245930e+03 -4.028791e+03 1.258400e+05 5.592278e+04 -1.943545e+03 1.654197e+05 -4.442931e+03 6.484761e+03 2.030495e+05 -4.761831e+03 1.434617e+05 6.376712e+04 -2.664795e+03 -1.885090e+05 5.231254e+03 -7.328126e+03 -2.313855e+05 6.375495e+04 2.072147e+03 3.231973e+03 1.104297e+05 8.443676e+03 -2.313786e+05 -1.451229e+05 -3.596358e+03
-2.929293e-03 -6.099930e+04 -2.914783e+03 -3.369256e+03 -1.094670e+05 8.774771e+03 -2.214745e+05 -1.446964e+05 -3.707506e+03 -3.532959e+03 1.094269e+05 4.692549e+04 -1.973877e+03 1.447254e+05 -3.871674e+03 5.959096e+03 1.705552e+05 -4.180457e+03 1.247445e+05 5.350696e+04 -2.680920e+03 -1.649274e+05 4.564240e+03 -6.735109e+03 -1.943573e+05 5.349675e+04 2.126326e+03 2.838040e+03 9.602574e+04 7.755801e+03 -1.943515e+05 -1.269727e+05 -3.136222e+03
-2.727273e-03 -5.162926e+04 -2.933327e+03 -2.973316e+03 -9.655818e+04 8.156599e+03 -1.876399e+05 -1.284573e+05 -3.252722e+03 -3.111190e+03 9.652812e+04 3.971848e+04 -1.988504e+03 1.284771e+05 -3.390917e+03 5.540809e+03 1.444983e+05 -3.684847e+03 1.100350e+05 4.528850e+04 -2.681428e+03 -1.464121e+05 4.001669e+03 -6.263710e+03 -1.646647e+05 4.527985e+04 2.158742e+03 2.502086e+03 8.470589e+04 7.208060e+03 -1.646598e+05 -1.127219e+05 -2.748472e+03
-2.525253e-03 -4.395893e+04 -2.938053e+03 -2.627982e+03 -8.624680e+04 7.656156e+03 -1.599104e+05 -1.154911e+05 -2.860420e+03 -2.744916e+03 8.622462e+04 3.381861e+04 -1.993293e+03 1.155037e+05 -2.977569e+03 5.202120e+03 1.231434e+05 -3.253621e+03 9.828526e+04 3.856074e+04 -2.672711e+03 -1.316286e+05 3.517022e+03 -5.882370e+03 -1.403300e+05 3.855336e+04 2.177051e+03 2.209664e+03 7.566370e+04 6.764281e+03 -1.403258e+05 -1.013432e+05 -2.414699e+03
-2.323232e-03 -3.756088e+04 -2.934254e+03 -2.321705e+03 -7.790873e+04 7.245865e+03 -1.367526e+05 -1.050069e+05 -2.515997e+03 -2.421308e+03 7.789282e+04 2.889717e+04 -1.991958e+03 1.050138e+05 -2.615739e+03 4.924393e+03 1.053093e+05 -2.871979e+03 8.878406e+04 3.294881e+04 -2.658757e+03 -1.196752e+05 3.092020e+03 -5.569932e+03 -1.200074e+05 3.294249e+04 2.186138e+03 1.950777e+03 6.835186e+04 6.400181e+03 -1.200038e+05 -9.214279e+04 -2.122219e+03
-2.121212e-03 -3.213376e+04 -2.925373e+03 -2.046146e+03 -7.110633e+04 6.906525e+03 -1.170850e+05 -9.645227e+04 -2.208974e+03 -2.131142e+03 7.109545e+04 2.472244e+04 -1.986915e+03 9.645455e+04 -2.294055e+03 4.694654e+03 9.016326e+04 -2.529264e+03 8.103274e+04 2.818842e+04 -2.642126e+03 -1.099217e+05 2.713561e+03 -5.311674e+03 -1.027477e+05 2.818301e+04 2.189218e+03 1.718220e+03 6.238663e+04 6.098849e+03 -1.027446e+05 -8.463558e+04 -1.861945e+03
-1.919192e-03 -2.745867e+04 -2.913704e+03 -1.795080e+03 -6.552472e+04 6.624379e+03 -1.001218e+05 -8.943059e+04 -1.931580e+03 -1.867563e+03 6.551792e+04 2.112606e+04 -1.979782e+03 8.942916e+04 -2.004108e+03 4.503607e+03 7.710003e+04 -2.217535e+03 7.467249e+04 2.408761e+04 -2.624500e+03 -1.019160e+05 2.371945e+03 -5.097056e+03 -8.786146e+04 2.408297e+04 2.188467e+03 1.506628e+03 5.749191e+04 5.848159e+03 -8.785881e+04 -7.847367e+04 -1.627151e+03
-1.717172e-03 -2.337243e+04 -2.900804e+03 -1.563728e+03 -6.093270e+04 6.389341e+03 -8.527701e+04 -8.365139e+04 -1.677889e+03 -1.625322e+03 6.092921e+04 1.798254e+04 -1.971658e+03 8.364697e+04 -1.739502e+03 4.344435e+03 6.566823e+04 -1.930708e+03 6.943987e+04 2.050323e+04 -2.607000e+03 -9.532701e+04 2.059779e+03 -4.918353e+03 -7.483425e+04 2.049928e+04 2.185382e+03 1.311887e+03 5.346497e+04 5.639217e+03 -7.483199e+04 -7.340211e+04 -1.412716e+03
-1.515152e-03 -1.975046e+04 -2.887744e+03 -1.348320e+03 -5.715783e+04 6.193884e+03 -7.210303e+04 -7.889837e+04 -1.443267e+03 -1.400300e+03 5.715702e+04 1.519609e+04 -1.963301e+03 7.889152e+04 -1.495247e+03 4.212050e+03 5.552324e+04 -1.663995e+03 6.513837e+04 1.732605e+04 -2.590381e+03 -8.990801e+04 1.771289e+03 -4.769803e+03 -6.327337e+04 1.732270e+04 2.181012e+03 1.130759e+03 5.015459e+04 5.465384e+03 -6.327146e+04 -6.923109e+04 -1.214641e+03
-1.313131e-03 -1.649556e+04 -2.875272e+03 -1.145816e+03 -5.407005e+04 6.032325e+03 -6.025053e+04 -7.500861e+04 -1.224001e+03 -1.189182e+03 5.407140e+04 1.269195e+04 -1.955241e+03 7.499980e+04 -1.267356e+03 4.102612e+03 4.639598e+04 -1.413543e+03 6.161982e+04 1.447082e+04 -2.575156e+03 -8.547325e+04 1.501854e+03 -4.647058e+03 -5.287221e+04 1.446801e+04 2.176101e+03 9.606364e+02 4.744674e+04 5.321640e+03 -5.287060e+04 -6.581764e+04 -1.029728e+03
-1.111111e-03 -1.353021e+04 -2.863908e+03 -9.537035e+02 -5.157067e+04 5.900337e+03 -4.944071e+04 -7.185862e+04 -1.017049e+03 -9.892430e+02 5.157377e+04 1.041049e+04 -1.947850e+03 7.184825e+04 -1.052572e+03 4.013197e+03 3.807173e+04 -1.176171e+03 5.877175e+04 1.186952e+04 -2.561679e+03 -8.188193e+04 1.247693e+03 -4.546810e+03 -4.338609e+04 1.186722e+04 2.171180e+03 7.993698e+02 4.525489e+04 5.204169e+03 -4.338477e+04 -6.305337e+04 -8.553609e+02
-9.090909e-04 -1.079114e+04 -2.854018e+03 -7.698611e+02 -4.958481e+04 5.794631e+03 -3.944603e+04 -6.935475e+04 -8.198613e+02 -7.981867e+02 4.958928e+04 8.303075e+03 -1.941390e+03 6.934315e+04 -8.481681e+02 3.941580e+03 3.037525e+04 -9.492021e+02 5.650884e+04 9.466705e+03 -2.550187e+03 -7.902727e+04 1.005636e+03 -4.466542e+03 -3.461533e+04 9.464867e+03 2.166628e+03 6.451460e+02 4.351336e+04 5.110061e+03 -3.461428e+04 -6.085611e+04 -6.893498e+02
-7.070707e-04 -8.225520e+03 -2.845860e+03 -5.924552e+02 -4.805611e+04 5.712721e+03 -3.007625e+04 -6.742658e+04 -6.302493e+02 -6.140351e+02 4.806162e+04 6.329051e+03 -1.936043e+03 6.741403e+04 -6.518117e+02 3.886082e+03 2.316004e+04 -7.303232e+02 5.476686e+04 7.216003e+03 -2.540843e+03 -7.682896e+04 7.729682e+02 -4.404357e+03 -2.639297e+04 7.214601e+03 2.162717e+03 4.964001e+02 4.217274e+04 5.037122e+03 -2.639217e+04 -5.916404e+04 -5.298183e+02
-5.050505e-04 -5.787993e+03 -2.839609e+03 -4.198623e+02 -4.694305e+04 5.652773e+03 -2.116810e+04 -6.602224e+04 -4.462884e+02 -4.350416e+02 4.694932e+04 4.453547e+03 -1.931938e+03 6.600901e+04 -4.614537e+02 3.845462e+03 1.630034e+04 -5.174906e+02 5.349851e+04 5.077651e+03 -2.533757e+03 -7.522788e+04 5.473021e+02 -4.358852e+03 -1.857574e+04 5.076664e+03 2.159638e+03 3.517484e+02 4.119662e+04 4.983731e+03 -1.857517e+04 -5.793167e+04 -3.751178e+02
-3.030303e-04 -3.438510e+03 -2.835383e+03 -2.506084e+02 -4.621643e+04 5.613493e+03 -1.257727e+04 -6.510526e+04 -2.662409e+02 -2.596239e+02 4.622319e+04 2.645758e+03 -1.929158e+03 6.509160e+04 -2.752474e+02 3.818845e+03 9.685021e+03 -3.088511e+02 5.267052e+04 3.016519e+03 -2.528998e+03 -7.418244e+04 3.264837e+02 -4.329038e+03 -1.103698e+04 3.015932e+03 2.157519e+03 2.099362e+02 4.055939e+04 4.948742e+03 -1.103665e+04 -5.712698e+04 -2.237617e+02
-1.010101e-04 -1.140521e+03 -2.833252e+03 -8.331986e+01 -4.585765e+04 5.594054e+03 -4.172058e+03 -6.465242e+04 -8.849396e+01 -8.630985e+01 4.586465e+04 8.775745e+02 -1.927756e+03 6.463854e+04 -9.148086e+01 3.805673e+03 3.212657e+03 -1.026789e+02 5.226168e+04 1.000552e+03 -2.526609e+03 -7.366616e+04 1.085145e+02 -4.314285e+03 -3.661122e+03 1.000357e+03 2.156440e+03 6.979488e+01 4.024475e+04 4.931426e+03 -3.661011e+03 -5.672960e+04 -7.437108e+01
1.010101e-04 1.140521e+03 -2.833252e+03 8.331986e+01 -4.585765e+04 5.594054e+03 4.172058e+03 -6.465242e+04 8.849396e+01 8.630985e+01 4.586465e+04 -8.775745e+02 -1.927756e+03 6.463854e+04 9.148086e+01 3.805673e+03 -3.212657e+03 1.026789e+02 5.226168e+04 -1.000552e+03 -2.526609e+03 -7.366616e+04 -1.085145e+02 -4.314285e+03 3.661122e+03 -1.000357e+03 2.156440e+03 -6.979488e+01 4.024475e+04 4.931426e+03 3.661011e+03 -5.672960e+04 7.437108e+01
3.030303e-04 3.438510e+03 -2.835383e+03 2.506084e+02 -4.621643e+04 5.613493e+03 1.257727e+04 -6.510526e+04 2.662409e+02 2.596239e+02 4.622319e+04 -2.645758e+03 -1.929158e+03 6.509160e+04 2.752474e+02 3.818845e+03 -9.685021e+03 3.088511e+02 5.267052e+04 -3.016519e+03 -2.528998e+03 -7.418244e+04 -3.264837e+02 -4.329038e+03 1.103698e+04 -3.015932e+03 2.157519e+03 -2.099362e+02 4.055939e+04 4.948742e+03 1.103665e+04 -5.712698e+04 2.237617e+02
5.050505e-04 5.787993e+03 -2.839609e+03 4.198623e+02 -4.694305e+04 5.652773e+03 2.116810e+04 -6.602224e+04 4.462884e+02 4.350416e+02 4.694932e+04 -4.453547e+03 -1.931938e+03 6.600901e+04 4.614537e+02 3.845462e+03 -1.630034e+04 5.174906e+02 5.349851e+04 -5.077651e+03 -2.533757e+03 -7.522788e+04 -5.473021e+02 -4.358852e+03 1.857574e+04 -5.076664e+03 2.159638e+03 -3.517484e+02 4.119662e+04 4.983731e+03 1.857517e+04 -5.793167e+04 3.751178e+02
7.070707e-04 8.225520e+03 -2.845860e+03 5.924552e+02 -4.805611e+04 5.712721e+03 3.007625e+04 -6.742658e+04 6.302493e+02 6.140351e+02 4.806162e+04 -6.329051e+03 -1.936043e+03 6.741403e+04 6.518117e+02 3.886082e+03 -2.316004e+04 7.303232e+02 5.476686e+04 -7.216003e+03 -2.540843e+03 -7.682896e+04 -7.729682e+02 -4.404357e+03 2.639297e+04 -7.214601e+03 2.162717e+03 -4.964001e+02 4.217274e+04 5.037122e+03 2.639217e+04 -5.916404e+04 5.298183e+02
9.090909e-04 1.079114e+04 -2.854018e+03 7.698611e+02 -4.958481e+04 5.794631e+03 3.944603e+04 -6.935475e+04 8.198613e+02 7.981867e+02 4.958928e+04 -8.303075e+03 -1.941390e+03 6.934315e+04 8.481681e+02 3.941580e+03 -3.037525e+04 9.492021e+02 5.650884e+04 -9.466705e+03 -2.550187e+03 -7.902727e+04 -1.005636e+03 -4.466542e+03 3.461533e+04 -9.464867e+03 2.166628e+03 -6.451460e+02 4.351336e+04 5.110061e+03 3.461428e+04 -6.085611e+04 6.893498e+02
1.111111e-03 1.353021e+04 -2.863908e+03 9.537035e+02 -5.157067e+04 5.900337e+03 4.944071e+04 -7.185862e+04 1.017049e+03 9.892430e+02 5.157377e+04 -1.041049e+04 -1.947850e+03 7.184825e+04 1.052572e+03 4.013197e+03 -3.807173e+04 1.176171e+03 5.877175e+04 -1.186952e+04 -2.561679e+03 -8.188193e+04 -1.247693e+03 -4.546810e+03 4.338609e+04 -1.186722e+04 2.171180e+03 -7.993698e+02 4.525489e+04 5.204169e+03 4.338477e+04 -6.305337e+04 8.553609e+02
1.313131e-03 1.649556e+04 -2.875272e+03 1.145816e+03 -5.407005e+04 6.032325e+03 6.025053e+04 -7.500861e+04 1.224001e+03 1.189182e+03 5.407140e+04 -1.269195e+04 -1.955241e+03 7.499980e+04 1.267356e+03 4.102612e+03 -4.639598e+04 1.413543e+03 6.161982e+04 -1.447082e+04 -2.575156e+03 -8.547325e+04 -1.501854e+03 -4.647058e+03 5.287221e+04 -1.446801e+04 2.176101e+03 -9.606364e+02 4.744674e+04 5.321640e+03 5.287060e+04 -6.581764e+04 1.029728e+03
1.515152e-03 1.975046e+04 -2.887744e+03 1.348320e+03 -5.715783e+04 6.193884e+03 7.210303e+04 -7.889837e+04 1.443267e+03 1.400300e+03 5.715702e+04 -1.519609e+04 -1.963301e+03 7.889152e+04 1.495247e+03 4.212050e+03 -5.552324e+04 1.663995e+03 6.513837e+04 -1.732605e+04 -2.590381e+03 -8.990801e+04 -1.771289e+03 -4.769803e+03 6.327337e+04 -1.732270e+04 2.181012e+03 -1.130759e+03 5.015459e+04 5.465384e+03 6.327146e+04 -6.923109e+04 1.214641e+03
1.717172e-03 2.337243e+04 -2.900804e+03 1.563728e+03 -6.093270e+04 6.389341e+03 8.527701e+04 -8.365139e+04 1.677889e+03 1.625322e+03 6.092921e+04 -1.798254e+04 -1.971658e+03 8.364697e+04 1.739502e+03 4.344435e+03 -6.566823e+04 1.930708e+03 6.943987e+04 -2.050323e+04 -2.607000e+03 -9.532701e+04 -2.059779e+03 -4.918353e+03 7.483425e+04 -2.049928e+04 2.185382e+03 -1.311887e+03 5.346497e+04 5.639217e+03 7.483199e+04 -7.340211e+04 1.412716e+03
1.919192e-03 2.745867e+04 -2.913704e+03 1.795080e+03 -6.552472e+04 6.624379e+03 1.001218e+05 -8.943059e+04 1.931580e+03 1.867563e+03 6.551792e+04 -2.112606e+04 -1.979782e+03 8.942916e+04 2.004108e+03 4.503607e+03 -7.710003e+04 2.217535e+03 7.467249e+04 -2.408761e+04 -2.624500e+03 -1.019160e+05 -2.371945e+03 -5.097056e+03 8.786146e+04 -2.408297e+04 2.188467e+03 -1.506628e+03 5.749191e+04 5.848159e+03 8.785881e+04 -7.847367e+04 1.627151e+03
2.121212e-03 3.213376e+04 -2.925373e+03 2.046146e+03 -7.110633e+04 6.906525e+03 1.170850e+05 -9.645227e+04 2.208974e+03 2.131142e+03 7.109545e+04 -2.472244e+04 -1.986915e+03 9.645455e+04 2.294055e+03 4.694654e+03 -9.016326e+04 2.529264e+03 8.103274e+04 -2.818842e+04 -2.642126e+03 -1.099217e+05 -2.713561e+03 -5.311674e+03 1.027477e+05 -2.818301e+04 2.189218e+03 -1.718220e+03 6.238663e+04 6.098849e+03 1.027446e+05 -8.463558e+04 1.861945e+03
2.323232e-03 3.756088e+04 -2.934254e+03 2.321705e+03 -7.790873e+04 7.245865e+03 1.367526e+05 -1.050069e+05 2.515997e+03 2.421308e+03 7.789282e+04 -2.889717e+04 -1.991958e+03 1.050138e+05 2.615739e+03 4.924393e+03 -1.053093e+05 2.871979e+03 8.878406e+04 -3.294881e+04 -2.658757e+03 -1.196752e+05 -3.092020e+03 -5.569932e+03 1.200074e+05 -3.294249e+04 2.186138e+03 -1.950777e+03 6.835186e+04 6.400181e+03 1.200038e+05 -9.214279e+04 2.122219e+03
2.525253e-03 4.395893e+04 -2.938053e+03 2.627982e+03 -8.624680e+04 7.656156e+03 1.599104e+05 -1.154911e+05 2.860420e+03 2.744916e+03 8.622462e+04 -3.381861e+04 -1.993293e+03 1.155037e+05 2.977569e+03 5.202120e+03 -1.231434e+05 3.253621e+03 9.828526e+04 -3.856074e+04 -2.672711e+03 -1.316286e+05 -3.517022e+03 -5.882370e+03 1.403300e+05 -3.855336e+04 2.177051e+03 -2.209664e+03 7.566370e+04 6.764281e+03 1.403258e+05 -1.013432e+05 2.414699e+03
2.727273e-03 5.162926e+04 -2.933327e+03 2.973316e+03 -9.655818e+04 8.156599e+03 1.876399e+05 -1.284573e+05 3.252722e+03 3.111190e+03 9.652812e+04 -3.971848e+04 -1.988504e+03 1.284771e+05 3.390917e+03 5.540809e+03 -1.444983e+05 3.684847e+03 1.100350e+05 -4.528850e+04 -2.681428e+03 -1.464121e+05 -4.001669e+03 -6.263710e+03 1.646647e+05 -4.527985e+04 2.158742e+03 -2.502086e+03 8.470589e+04 7.208060e+03 1.646598e+05 -1.127219e+05 2.748472e+03
2.929293e-03 6.099930e+04 -2.914783e+03 3.369256e+03 -1.094670e+05 8.774771e+03 2.214745e+05 -1.446964e+05 3.707506e+03 3.532959e+03 1.094269e+05 -4.692549e+04 -1.973877e+03 1.447254e+05 3.871674e+03 5.959096e+03 -1.705552e+05 4.180457e+03 1.247445e+05 -5.350696e+04 -2.680920e+03 -1.649274e+05 -4.564240e+03 -6.735109e+03 1.943573e+05 -5.349675e+04 2.126326e+03 -2.838040e+03 9.602574e+04 7.755801e+03 1.943515e+05 -1.269727e+05 3.136222e+03
3.131313e-03 7.269731e+04 -2.874033e+03 3.832456e+03 -1.258931e+05 9.551782e+03 2.636677e+05 -1.653788e+05 4.245930e+03 4.028791e+03 1.258400e+05 -5.592278e+04 -1.943545e+03 1.654197e+05 4.442931e+03 6.484761e+03 -2.030495e+05 4.761831e+03 1.434617e+05 -6.376712e+04 -2.664795e+03 -1.885090e+05 -5.231254e+03 -7.328126e+03 2.313855e+05 -6.375495e+04 2.072147e+03 -3.231973e+03 1.104297e+05 8.443676e+03 2.313786e+05 -1.451229e+05 3.596358e+03
3.333333e-03 8.768857e+04 -2.797237e+03 4.388153e+03 -1.472497e+05 1.055188e+04 3.176814e+05 -1.923133e+05 4.900169e+03 4.626937e+03 1.471795e+05 -6.745265e+04 -1.887839e+03 1.923701e+05 5.139902e+03 7.161221e+03 -2.446476e+05 5.461439e+03 1.677972e+05 -7.691554e+04 -2.622404e+03 -2.192193e+05 -6.043095e+03 -8.092113e+03 2.787873e+05 -7.690083e+04 1.983692e+03 -3.705819e+03 1.291571e+05 9.328185e+03 2.787790e+05 -1.687598e+05 4.156917e+03
3.535354e-03 1.075438e+05 -2.660279e+03 5.077137e+03 -1.758328e+05 1.188192e+04 3.891484e+05 -2.284592e+05 5.722316e+03 5.373232e+03 1.757391e+05 -8.272301e+04 -1.789941e+03 2.285375e+05 6.019773e+03 8.060703e+03 -2.996876e+05 6.331871e+03 2.003670e+05 -9.432980e+04 -2.535045e+03 -2.604325e+05 -7.065242e+03 -9.109222e+03 3.415063e+05 -9.431170e+04 1.839337e+03 -4.295103e+03 1.542209e+05 1.050327e+04 3.414960e+05 -2.004803e+05 4.863371e+03
3.737374e-03 1.350284e+05 -2.417804e+03 5.971385e+03 -2.156700e+05 1.373558e+04 4.879854e+05 -2.790557e+05 6.804228e+03 6.348846e+03 2.155431e+05 -1.038604e+05 -1.618276e+03 2.791645e+05 7.183672e+03 9.314115e+03 -3.758071e+05 7.466097e+03 2.457604e+05 -1.184352e+05 -2.367320e+03 -3.181224e+05 -8.413339e+03 -1.052843e+04 4.282453e+05 -1.184123e+05 1.598703e+03 -5.062630e+03 1.891528e+05 1.213906e+04 4.282323e+05 -2.448823e+05 5.796017e+03
3.939394e-03 1.756101e+05 -1.974184e+03 7.215194e+03 -2.746826e+05 1.651059e+04 6.338035e+05 -3.545298e+05 8.329370e+03 7.717006e+03 2.745058e+05 -1.350697e+05 -1.306370e+03 3.546847e+05 8.834166e+03 1.119039e+04 -4.881099e+05 9.050792e+03 3.130035e+05 -1.540271e+05 -2.044217e+03 -4.041781e+05 -1.031874e+04 -1.265593e+04 5.562152e+05 -1.539969e+05 1.177141e+03 -6.134525e+03 2.408986e+05 1.458487e+04 5.561981e+05 -3.111164e+05 7.115456e+03
4.141414e-03 2.423867e+05 -1.085500e+03 9.164071e+03 -3.717057e+05 2.120806e+04 8.735937e+05 -4.800605e+05 1.074644e+04 9.880877e+03 3.714455e+05 -1.864232e+05 -6.849356e+02 4.802920e+05 1.146802e+04 1.436665e+04 -6.727868e+05 1.154643e+04 4.235580e+05 -2.125929e+05 -1.373731e+03 -5.473082e+05 -1.334820e+04 -1.626297e+04 7.666558e+05 -2.125501e+05 3.597121e+02 -7.821984e+03 3.259731e+05 1.871959e+04 7.666315e+05 -4.212788e+05 9.214919e+03
4.343434e-03 3.818624e+05 1.169203e+03 1.313961e+04 -5.729418e+05 3.161784e+04 1.374286e+06 -7.459770e+05 1.570418e+04 1.434166e+04 5.725063e+05 -2.936843e+05 8.842059e+02 7.463684e+05 1.691513e+04 2.140724e+04 -1.058402e+06 1.666602e+04 6.528594e+05 -3.349195e+05 3.705092e+02 -8.505040e+05 -1.958785e+04 -2.427121e+04 1.206066e+06 -3.348483e+05 -1.662554e+03 -1.128311e+04 5.024252e+05 2.786951e+04 1.206026e+06 -6.546400e+05 1.354057e+04
4.545455e-03 -5.512074e+06 -1.263140e+05 -1.727699e+05 7.634812e+06 -5.148521e+05 -1.980882e+07 1.096297e+07 -2.106095e+05 -1.969845e+05 -7.628042e+06 4.239127e+06 -8.725175e+04 -1.096897e+07 -2.350215e+05 -3.486441e+05 1.525596e+07 -2.243065e+05 -8.699596e+06 4.834603e+06 -1.002001e+05 1.249924e+07 2.674582e+05 3.974236e+05 -1.738431e+07 4.833154e+06 1.100647e+05 1.517577e+05 -6.694410e+06 -4.516786e+05 -1.738363e+07 9.620781e+06 -1.850951e+05
4.747475e-03 -1.591479e+06 -4.062224e+04 -4.350211e+04 2.221972e+06 -1.337035e+05 -5.710078e+06 3.105027e+06 -5.478766e+04 -5.022225e+04 -2.219930e+06 1.223886e+06 -2.803695e+04 -3.106867e+06 -6.156852e+04 -9.047208e+04 4.397719e+06 -5.688396e+04 -2.531839e+06 1.395829e+06 -3.273415e+04 3.540285e+06 6.976033e+04 1.032547e+05 -5.011222e+06 1.395434e+06 3.486066e+04 3.844611e+04 -1.948236e+06 -1.171732e+05 -5.011017e+06 2.724895e+06 -4.838622e+04
4.949495e-03 -3.949570e+05 -1.738160e+04 -9.334314e+03 5.163370e+05 -3.692433e+04 -1.414811e+06 7.854948e+05 -1.220200e+04 -1.147188e+04 -5.158010e+05 3.037214e+05 -1.192652e+04 -7.859718e+05 -1.436070e+04 -2.498929e+04 1.089655e+06 -1.263445e+04 -5.883318e+05 3.464094e+05 -1.444371e+04 8.956134e+05 1.591014e+04 2.866319e+04 -1.241667e+06 3.462857e+05 1.439961e+04 8.529658e+03 -4.526815e+05 -3.221589e+04 -1.241601e+06 6.893337e+05 -1.105778e+04
5.151515e-03 1.483297e+05 -9.381263e+03 2.536978e+03 -2.935438e+05 -5.673457e+03 5.301324e+05 -2.196346e+05 3.714765e+03 1.927866e+03 2.933506e+05 -1.140450e+05 -6.333261e+03 2.198427e+05 3.099294e+03 -3.899811e+03 -4.083038e+05 2.718501e+03 3.344910e+05 -1.300453e+05 -8.171546e+03 -2.505008e+05 -4.057229e+03 4.665770e+03 4.652385e+05 -1.300806e+05 7.277994e+03 -1.824945e+03 2.574401e+05 -4.756730e+03 4.652563e+05 -1.927545e+05 2.855194e+03
5.353535e-03 2.259769e+06 1.721794e+04 3.222495e+04 -3.558839e+06 7.101095e+04 8.064699e+06 -3.969656e+06 5.010893e+04 3.578288e+04 3.555612e+06 -1.737494e+06 1.240814e+04 3.972795e+06 5.371012e+04 4.756126e+04 -6.211425e+06 4.142403e+04 4.055115e+06 -1.981596e+06 1.305963e+04 -4.526882e+06 -6.182206e+04 -5.392747e+04 7.077728e+06 -1.981402e+06 -1.618765e+04 -2.778345e+04 3.120468e+06 6.258672e+04 7.077593e+06 -3.483773e+06 4.349735e+04
5.555556e-03 -4.247051e+05 -2.107563e+04 -4.279766e+03 5.806774e+05 -2.872167e+04 -1.513099e+06 8.096250e+05 -7.700215e+03 -6.330448e+03 -5.800287e+05 3.265395e+05 -1.446440e+04 -8.102309e+05 -9.777514e+03 -1.938043e+04 1.165409e+06 -6.473955e+03 -6.616308e+05 3.724586e+05 -1.779460e+04 9.232310e+05 1.038531e+04 2.241491e+04 -1.327953e+06 3.723438e+05 1.718256e+04 4.325905e+03 -5.090592e+05 -2.487434e+04 -1.327893e+06 7.105295e+05 -7.339897e+03
5.757576e-03 3.270190e+06 8.092856e+03 1.826288e+04 -5.348639e+06 2.533372e+04 1.162655e+07 -5.492374e+06 4.591295e+04 1.964149e+04 5.343604e+06 -2.514096e+06 6.634881e+03 5.497378e+06 4.731145e+04 1.608241e+04 -8.955053e+06 2.335904e+04 6.094434e+06 -2.867363e+06 5.937415e+03 -6.263956e+06 -5.487941e+04 -1.789050e+04 1.020378e+07 -2.867294e+06 -8.723960e+03 -1.527678e+04 4.689691e+06 2.266838e+04 1.020371e+07 -4.820222e+06 3.954653e+04
5.959596e-03 -1.186488e+05 -3.052003e+04 3.870113e+02 5.161725e+04 -3.149042e+04 -4.212040e+05 3.234415e+05 -5.921564e+02 -2.227131e+03 -5.140131e+04 9.121955e+04 -2.078399e+04 -3.236136e+05 -3.245956e+03 -2.135568e+04 3.244343e+05 -1.129921e+03 -5.878822e+04 1.041058e+05 -2.605943e+04 3.687497e+05 2.267563e+03 2.498732e+04 -3.697002e+05 1.039614e+05 2.440717e+04 7.446564e+02 -4.513096e+04 -2.698226e+04 -3.696317e+05 2.838508e+05 -1.621916e+03
6.161616e-03 1.870493e+07 1.040123e+05 -6.596127e+04 -3.089647e+07 -1.018285e+05 6.623623e+07 -3.087372e+07 1.025493e+05 -6.587769e+04 3.086531e+07 -1.437851e+07 7.787767e+04 3.090486e+07 1.026345e+05 -7.639319e+04 -5.101877e+07 -7.719792e+04 3.520392e+07 -1.639965e+07 9.221534e+04 -3.521359e+07 -1.148519e+05 8.605877e+04 5.813175e+07 -1.639968e+07 -8.780621e+04 5.624835e+04 2.708872e+07 -9.035481e+04 5.813159e+07 -2.709602e+07 9.161262e+04
6.363636e-03 -3.514170e+06 -8.673092e+04 3.068590e+04 5.562380e+06 -2.283581e+04 -1.241852e+07 6.013825e+06 -1.815436e+03 2.597646e+04 -5.556320e+06 2.701219e+06 -6.034951e+04 -6.019822e+06 -6.606887e+03 -1.409585e+04 9.565529e+06 3.378881e+04 -6.337800e+06 3.081125e+06 -7.553668e+04 6.859080e+06 3.298096e+03 1.807248e+04 -1.089912e+07 3.080868e+06 6.934479e+04 -2.370569e+04 -4.876512e+06 -1.802814e+04 -1.089901e+07 5.277989e+06 -4.851458e+03
6.565657e-03 -4.203816e+05 -2.944875e+04 5.797981e+03 5.846391e+05 -1.985671e+04 -1.482587e+06 7.853874e+05 1.847017e+03 3.653968e+03 -5.838822e+05 3.231239e+05 -2.018565e+04 -7.861195e+05 -3.364875e+02 -1.331213e+04 1.141999e+06 5.657904e+03 -6.661190e+05 3.686144e+05 -2.537756e+04 8.957205e+05 -1.133487e+03 1.589657e+04 -1.301226e+06 3.685014e+05 2.346741e+04 -3.937932e+03 -5.124610e+05 -1.669778e+04 -1.301168e+06 6.892863e+05 4.525876e+02
6.767677e-03 1.372441e+05 -9.093759e+03 -2.733963e+03 -2.818543e+05 -1.476685e+04 4.826774e+05 -1.859586e+05 -1.326184e+03 -3.785039e+03 2.816047e+05 -1.054705e+05 -6.116356e+03 1.862184e+05 -2.397560e+03 -1.009281e+04 -3.718094e+05 -3.924808e+03 3.211513e+05 -1.202860e+05 -7.578183e+03 -2.121684e+05 2.331572e+03 1.168868e+04 4.236184e+05 -1.203410e+05 7.371634e+03 2.698469e+03 2.471473e+05 -1.277101e+04 4.236458e+05 -1.632148e+05 -1.472233e+03
6.969697e-03 4.116925e+05 7.591226e+03 -1.015403e+04 -6.905296e+05 -9.657571e+03 1.445104e+06 -6.809958e+05 -5.937398e+03 -1.025362e+04 6.897473e+05 -3.163862e+05 5.349100e+03 6.817784e+05 -6.038573e+03 -6.752472e+03 -1.113181e+06 -1.228691e+04 7.867761e+05 -3.609045e+05 7.021996e+03 -7.768055e+05 7.482948e+03 7.382546e+03 1.268331e+06 -3.609105e+05 -5.735581e+03 8.447498e+03 6.053709e+05 -8.787509e+03 1.268331e+06 -5.976896e+05 -4.746824e+03
7.171717e-03 6.348841e+05 2.595162e+04 -1.889972e+04 -1.012151e+06 -3.885673e+03 2.223581e+06 -1.094026e+06 -1.225290e+04 -1.792882e+04 1.010905e+06 -4.878882e+05 1.793758e+04 1.095264e+06 -1.126008e+04 -2.949926e+03 -1.712881e+06 -2.218774e+04 1.153204e+06 -5.565784e+05 2.310492e+04 -1.247920e+06 1.460281e+04 2.449821e+03 1.951612e+06 -5.565310e+05 -2.011010e+04 1.523388e+04 8.872574e+05 -4.322531e+03 1.951581e+06 -9.601959e+05 -9.388015e+03
7.373737e-03 9.167879e+05 5.196053e+04 -3.198626e+04 -1.414380e+06 4.055771e+03 3.203533e+06 -1.619870e+06 -2.215877e+04 -2.949053e+04 1.412530e+06 -7.044885e+05 3.575852e+04 1.621706e+06 -1.960458e+04 2.284724e+03 -2.467807e+06 -3.705690e+04 1.611464e+06 -8.037198e+05 4.590883e+04 -1.847728e+06 2.583006e+04 -4.413845e+03 2.811745e+06 -8.035979e+05 -4.043837e+04 2.541455e+04 1.239776e+06 1.747021e+03 2.811671e+06 -1.421721e+06 -1.675735e+04
7.575758e-03 1.028406e+06 6.978475e+04 -4.124807e+04 -1.556416e+06 1.049636e+04 3.585070e+06 -1.845158e+06 -2.994787e+04 -3.764324e+04 1.554287e+06 -7.902189e+05 4.793995e+04 1.847273e+06 -2.625473e+04 6.576788e+03 -2.761769e+06 -4.757505e+04 1.773271e+06 -9.015682e+05 6.153440e+04 -2.104718e+06 3.465694e+04 -9.981405e+03 3.146656e+06 -9.013929e+05 -5.433599e+04 3.259762e+04 1.364212e+06 6.721686e+03 3.146558e+06 -1.619462e+06 -2.263077e+04
7.777778e-03 3.936858e+05 2.578927e+04 -1.812976e+04 -6.096000e+05 3.558561e+02 1.368954e+06 -7.010174e+05 -1.365990e+04 -1.695369e+04 6.087642e+05 -3.024820e+05 1.773162e+04 7.018498e+05 -1.245333e+04 2.105555e+01 -1.054600e+06 -2.116676e+04 6.945328e+05 -3.451127e+05 2.290338e+04 -7.996558e+05 1.606061e+04 -1.026760e+03 1.201556e+06 -3.450564e+05 -1.993452e+04 1.448876e+04 5.343205e+05 -6.915071e+02 1.201525e+06 -6.152765e+05 -1.054717e+04
7.979798e-03 2.598106e+05 1.734562e+04 -1.350290e+04 -4.070205e+05 -1.091693e+03 9.011337e+05 -4.623558e+05 -1.046173e+04 -1.277028e+04 4.064552e+05 -1.996069e+05 1.192865e+04 4.629199e+05 -9.709058e+03 -8.933079e+02 -6.942209e+05 -1.585679e+04 4.637259e+05 -2.277458e+05 1.547918e+04 -5.274255e+05 1.238406e+04 2.961750e+02 7.909496e+05 -2.277113e+05 -1.333614e+04 1.084606e+04 3.567537e+05 -1.680540e+03 7.909304e+05 -4.058091e+05 -8.163743e+03
8.181818e-03 1.919632e+05 1.319689e+04 -1.113006e+04 -3.035848e+05 -1.601399e+03 6.640842e+05 -3.420332e+05 -8.815074e+03 -1.060657e+04 3.031570e+05 -1.474706e+05 9.076226e+03 3.424608e+05 -8.276502e+03 -1.204515e+03 -5.116124e+05 -1.312254e+04 3.458773e+05 -1.682654e+05 1.182669e+04 -3.901778e+05 1.047998e+04 7.887168e+02 5.828909e+05 -1.682411e+05 -1.009739e+04 8.970424e+03 2.660889e+05 -1.989783e+03 5.828774e+05 -3.002047e+05 -6.927944e+03
8.383838e-03 1.500123e+05 1.065392e+04 -9.613963e+03 -2.392828e+05 -1.802497e+03 5.175869e+05 -2.678725e+05 -7.750983e+03 -9.213906e+03 2.389407e+05 -1.152346e+05 7.327469e+03 2.682149e+05 -7.338813e+03 -1.319264e+03 -3.987594e+05 -1.136923e+04 2.726155e+05 -1.314884e+05 9.585195e+03 -3.055844e+05 9.243384e+03 1.004253e+03 4.543098e+05 -1.314701e+05 -8.114485e+03 7.767918e+03 2.097262e+05 -2.081393e+03 4.542997e+05 -2.351154e+05 -6.123598e+03
8.585859e-03 1.214320e+05 8.916378e+03 -8.536353e+03 -1.952804e+05 -1.870410e+03 4.178491e+05 -2.174511e+05 -6.983965e+03 -8.217693e+03 1.949971e+05 -9.327337e+04 6.132466e+03 2.177349e+05 -6.655177e+03 -1.350328e+03 -3.219268e+05 -1.011905e+04 2.224818e+05 -1.064333e+05 8.051893e+03 -2.480692e+05 8.348279e+03 1.097849e+03 3.667695e+05 -1.064190e+05 -6.761216e+03 6.910694e+03 1.711568e+05 -2.082730e+03 3.667616e+05 -1.908615e+05 -5.539909e+03
8.787879e-03 1.007710e+05 7.648056e+03 -7.719909e+03 -1.633447e+05 -1.873335e+03 3.458045e+05 -1.810474e+05 -6.394234e+03 -7.458694e+03 1.631045e+05 -7.739771e+04 5.260144e+03 1.812883e+05 -6.124317e+03 -1.341272e+03 -2.664270e+05 -9.169198e+03 1.860964e+05 -8.832098e+04 6.931470e+03 -2.065434e+05 7.657634e+03 1.130246e+03 3.035354e+05 -8.830947e+04 -5.774549e+03 6.259565e+03 1.431645e+05 -2.042533e+03 3.035290e+05 -1.589105e+05 -5.088409e+03
8.989899e-03 8.521202e+04 6.679642e+03 -7.074260e+03 -1.392060e+05 -1.842673e+03 2.915973e+05 -1.536529e+05 -5.921097e+03 -6.855518e+03 1.389986e+05 -6.544267e+04 4.594095e+03 1.538612e+05 -5.694725e+03 -1.312005e+03 -2.246680e+05 -8.416184e+03 1.585944e+05 -7.468148e+04 6.075134e+03 -1.752941e+05 7.101876e+03 1.129703e+03 2.559571e+05 -7.467202e+04 -5.022041e+03 5.743495e+03 1.220066e+05 -1.982780e+03 2.559518e+05 -1.348668e+05 -4.724216e+03
9.191919e-03 7.313485e+04 5.915511e+03 -6.547670e+03 -1.204019e+05 -1.794425e+03 2.495594e+05 -1.323950e+05 -5.529877e+03 -6.361424e+03 1.202202e+05 -5.616320e+04 4.068566e+03 1.325775e+05 -5.336835e+03 -1.272581e+03 -1.922836e+05 -7.800668e+03 1.371704e+05 -6.409442e+04 5.398815e+03 -1.510445e+05 6.641169e+03 1.110818e+03 2.190599e+05 -6.408651e+04 -4.428916e+03 5.321753e+03 1.055246e+05 -1.914369e+03 2.190555e+05 -1.162089e+05 -4.421632e+03
9.393939e-03 6.353663e+04 5.297185e+03 -6.108028e+03 -1.054044e+05 -1.737299e+03 2.161825e+05 -1.154992e+05 -5.199028e+03 -5.947308e+03 1.052434e+05 -4.878863e+04 3.643334e+03 1.156611e+05 -5.032183e+03 -1.228409e+03 -1.665710e+05 -7.285765e+03 1.200834e+05 -5.568059e+04 4.851073e+03 -1.317708e+05 6.250704e+03 1.081677e+03 1.897644e+05 -5.567388e+04 -3.949461e+03 4.969024e+03 9.237930e+04 -1.843017e+03 1.897606e+05 -1.013796e+05 -4.164651e+03
9.595960e-03 5.576206e+04 4.786729e+03 -5.734174e+03 -9.321309e+04 -1.676234e+03 1.891742e+05 -1.018084e+05 -4.914311e+03 -5.593935e+03 9.306905e+04 -4.281540e+04 3.292309e+03 1.019533e+05 -4.768493e+03 -1.182514e+03 -1.457644e+05 -6.847135e+03 1.061936e+05 -4.886549e+04 4.398525e+03 -1.161529e+05 5.914048e+03 1.046974e+03 1.660587e+05 -4.885975e+04 -3.554037e+03 4.668602e+03 8.169371e+04 -1.771811e+03 1.660554e+05 -8.936318e+04 -3.942661e+03
9.797980e-03 4.936470e+04 4.358391e+03 -5.411516e+03 -8.314519e+04 -1.614105e+03 1.669733e+05 -9.053548e+04 -4.665855e+03 -5.287996e+03 8.301528e+04 -3.790043e+04 2.997774e+03 9.066625e+04 -4.537211e+03 -1.136621e+03 -1.286611e+05 -6.467965e+03 9.472306e+04 -4.325773e+04 4.018493e+03 -1.032932e+05 5.619784e+03 1.009522e+03 1.465724e+05 -4.325276e+04 -3.222533e+03 4.408947e+03 7.286934e+04 -1.702425e+03 1.465696e+05 -7.946894e+04 -3.748284e+03
1.000000e-02 4.403008e+04 3.994041e+03 -5.129611e+03 -7.471896e+04 -1.552598e+03 1.484800e+05 -8.112679e+04 -4.446554e+03 -5.019938e+03 7.460098e+04 -3.380206e+04 2.747257e+03 8.124562e+04 -4.332143e+03 -1.091717e+03 -1.144141e+05 -6.136205e+03 8.512297e+04 -3.858161e+04 3.695005e+03 -9.255992e+04 5.359677e+03 9.710426e+02 1.303403e+05 -3.857728e+04 -2.940797e+03 4.181792e+03 6.548395e+04 -1.635740e+03 1.303379e+05 -7.121090e+04 -3.576192e+03
