-1.000000e-02 4.067306e+03 3.010275e+03 2.358436e+03 -7.694314e+03 -2.288574e+03 -4.581413e+04 -1.070065e+04 1.866711e+03 2.335571e+03 7.635137e+03 -3.160828e+03 2.065387e+03 1.075982e+04 1.840005e+03 -1.575913e+03 3.530229e+04 2.840206e+03 8.773664e+03 -3.582101e+03 2.735172e+03 -1.226690e+04 -2.287967e+03 1.685121e+03 -4.021794e+04 -3.586661e+03 -2.260200e+03 -1.932509e+03 6.696407e+03 -2.119172e+03 -4.021431e+04 -9.386406e+03 1.490723e+03
-9.797980e-03 4.285577e+03 3.106824e+03 2.383294e+03 -7.640020e+03 -2.352064e+03 -4.774672e+04 -1.084398e+04 1.881178e+03 2.359470e+03 7.579511e+03 -3.328653e+03 2.131210e+03 1.090444e+04 1.853450e+03 -1.619254e+03 3.678999e+04 2.869708e+03 8.711960e+03 -3.773413e+03 2.818869e+03 -1.243189e+04 -2.305370e+03 1.735183e+03 -4.191363e+04 -3.778189e+03 -2.336242e+03 -1.952583e+03 6.647435e+03 -2.174222e+03 -4.190985e+04 -9.512018e+03 1.501818e+03
-9.595960e-03 4.515515e+03 3.207937e+03 2.408309e+03 -7.564039e+03 -2.417975e+03 -4.977603e+04 -1.098107e+04 1.895417e+03 2.383477e+03 7.502170e+03 -3.505421e+03 2.200139e+03 1.104285e+04 1.866615e+03 -1.664241e+03 3.835212e+04 2.899372e+03 8.625546e+03 -3.974934e+03 2.906534e+03 -1.258980e+04 -2.322496e+03 1.787152e+03 -4.369417e+04 -3.979938e+03 -2.415862e+03 -1.972763e+03 6.579406e+03 -2.231365e+03 -4.369023e+04 -9.632150e+03 1.512680e+03
-9.393939e-03 4.757713e+03 3.313879e+03 2.433444e+03 -7.463674e+03 -2.486402e+03 -5.190672e+04 -1.111059e+04 1.909377e+03 2.407553e+03 7.400419e+03 -3.691586e+03 2.272352e+03 1.117371e+04 1.879450e+03 -1.710940e+03 3.999227e+04 2.929155e+03 8.511349e+03 -4.187181e+03 2.998397e+03 -1.273910e+04 -2.339286e+03 1.841103e+03 -4.556366e+04 -4.192425e+03 -2.499264e+03 -1.993019e+03 6.489955e+03 -2.290683e+03 -4.555954e+04 -9.745633e+03 1.523266e+03
-9.191919e-03 5.012776e+03 3.424934e+03 2.458660e+03 -7.335929e+03 -2.557442e+03 -5.414356e+04 -1.123103e+04 1.923007e+03 2.431657e+03 7.271262e+03 -3.887609e+03 2.348043e+03 1.129551e+04 1.891898e+03 -1.759415e+03 4.171409e+04 2.959007e+03 8.365952e+03 -4.410684e+03 3.094705e+03 -1.287810e+04 -2.355675e+03 1.897113e+03 -4.752626e+04 -4.416182e+03 -2.586669e+03 -2.013317e+03 6.376452e+03 -2.352260e+03 -4.752196e+04 -9.851151e+03 1.533532e+03
-8.989899e-03 5.281320e+03 3.541402e+03 2.483910e+03 -7.177475e+03 -2.631196e+03 -5.649137e+04 -1.134071e+04 1.936247e+03 2.455739e+03 7.111373e+03 -4.093964e+03 2.427413e+03 1.140657e+04 1.903899e+03 -1.809734e+03 4.352130e+04 2.988870e+03 8.185564e+03 -4.645981e+03 3.195719e+03 -1.300485e+04 -2.371592e+03 1.955260e+03 -4.958621e+04 -4.651746e+03 -2.678310e+03 -2.033617e+03 6.235980e+03 -2.416181e+03 -4.958172e+04 -9.947223e+03 1.543427e+03
-8.787879e-03 5.563967e+03 3.663601e+03 2.509141e+03 -6.984623e+03 -2.707763e+03 -5.895497e+04 -1.143774e+04 1.949034e+03 2.479744e+03 6.917064e+03 -4.311124e+03 2.510679e+03 1.150499e+04 1.915385e+03 -1.861965e+03 4.541761e+04 3.018679e+03 7.965979e+03 -4.893616e+03 3.301719e+03 -1.311721e+04 -2.386960e+03 2.015623e+03 -5.174773e+04 -4.899662e+03 -2.774435e+03 -2.053876e+03 6.065303e+03 -2.482533e+03 -5.174304e+04 -1.003219e+04 1.552897e+03
-8.585859e-03 5.861337e+03 3.791872e+03 2.534294e+03 -6.753281e+03 -2.787246e+03 -6.153914e+04 -1.151998e+04 1.961298e+03 2.503610e+03 6.684245e+03 -4.539565e+03 2.598072e+03 1.158864e+04 1.926286e+03 -1.916174e+03 4.740669e+04 3.048361e+03 7.702531e+03 -5.154131e+03 3.413001e+03 -1.321273e+04 -2.401692e+03 2.078283e+03 -5.401502e+04 -5.160474e+03 -2.875308e+03 -2.074041e+03 5.860832e+03 -2.551401e+03 -5.401012e+04 -1.010417e+04 1.561883e+03
-8.383838e-03 6.174044e+03 3.926575e+03 2.559300e+03 -6.478915e+03 -2.869744e+03 -6.424855e+04 -1.158506e+04 1.972962e+03 2.527265e+03 6.408387e+03 -4.779755e+03 2.689836e+03 1.165513e+04 1.936520e+03 -1.972431e+03 4.949214e+04 3.077831e+03 7.390055e+03 -5.428061e+03 3.529879e+03 -1.328871e+04 -2.415696e+03 2.143318e+03 -5.639218e+04 -5.434717e+03 -2.981209e+03 -2.094056e+03 5.618595e+03 -2.622873e+03 -5.638705e+04 -1.016110e+04 1.570319e+03
-8.181818e-03 6.502684e+03 4.068093e+03 2.584083e+03 -6.156512e+03 -2.955361e+03 -6.708769e+04 -1.163032e+04 1.983943e+03 2.550630e+03 6.084478e+03 -5.032149e+03 2.786229e+03 1.170181e+04 1.946003e+03 -2.030803e+03 5.167741e+04 3.106995e+03 7.022837e+03 -5.715927e+03 3.652689e+03 -1.334211e+04 -2.428870e+03 2.210809e+03 -5.888314e+04 -5.722911e+03 -3.092435e+03 -2.113856e+03 5.334193e+03 -2.697035e+03 -5.887777e+04 -1.020063e+04 1.578135e+03
-7.979798e-03 6.847821e+03 4.216834e+03 2.608556e+03 -5.780530e+03 -3.044195e+03 -7.006074e+04 -1.165279e+04 1.994149e+03 2.573617e+03 5.706982e+03 -5.297177e+03 2.887529e+03 1.172569e+04 1.954640e+03 -2.091355e+03 5.396571e+04 3.135748e+03 6.594558e+03 -6.018223e+03 3.781786e+03 -1.336953e+04 -2.441103e+03 2.280834e+03 -6.149156e+04 -6.025552e+03 -3.209301e+03 -2.133370e+03 5.002770e+03 -2.773971e+03 -6.148595e+04 -1.022017e+04 1.585254e+03
-7.777778e-03 7.209979e+03 4.373228e+03 2.632621e+03 -5.344852e+03 -3.136344e+03 -7.317147e+04 -1.164918e+04 2.003481e+03 2.596125e+03 5.269785e+03 -5.575240e+03 2.994024e+03 1.172349e+04 1.962330e+03 -2.154153e+03 5.635994e+04 3.163970e+03 6.098248e+03 -6.335404e+03 3.917546e+03 -1.336723e+04 -2.452273e+03 2.353469e+03 -6.422076e+04 -6.343097e+03 -3.332142e+03 -2.152514e+03 4.618961e+03 -2.853765e+03 -6.421489e+04 -1.021682e+04 1.591595e+03
-7.575758e-03 7.589620e+03 4.537731e+03 2.656168e+03 -4.842738e+03 -3.231901e+03 -7.642310e+04 -1.161582e+04 2.011833e+03 2.618042e+03 4.766153e+03 -5.866688e+03 3.106025e+03 1.169152e+04 1.968965e+03 -2.219258e+03 5.886257e+04 3.191526e+03 5.526224e+03 -6.667874e+03 4.060367e+03 -1.333100e+04 -2.462249e+03 2.428787e+03 -6.707355e+04 -6.675948e+03 -3.461309e+03 -2.171198e+03 4.176860e+03 -2.936493e+03 -6.706740e+04 -1.018736e+04 1.597067e+03
-7.373737e-03 7.987125e+03 4.710824e+03 2.679074e+03 -4.266774e+03 -3.330954e+03 -7.981807e+04 -1.154865e+04 2.019086e+03 2.639243e+03 4.188680e+03 -6.171812e+03 3.223857e+03 1.162572e+04 1.974425e+03 -2.286729e+03 6.147549e+04 3.218267e+03 4.870035e+03 -7.015964e+03 4.210672e+03 -1.325623e+04 -2.470890e+03 2.506859e+03 -7.005208e+04 -7.024437e+03 -3.597176e+03 -2.189318e+03 3.669968e+03 -3.022233e+03 -7.004565e+04 -1.012824e+04 1.601575e+03
-7.171717e-03 8.402767e+03 4.893015e+03 2.701199e+03 -3.608822e+03 -3.433586e+03 -8.335791e+04 -1.144318e+04 2.025116e+03 2.659588e+03 3.529234e+03 -6.490818e+03 3.347862e+03 1.152160e+04 1.978583e+03 -2.356618e+03 6.419986e+04 3.244024e+03 4.120406e+03 -7.379913e+03 4.368904e+03 -1.313777e+04 -2.478040e+03 2.587748e+03 -7.315769e+04 -7.388805e+03 -3.740133e+03 -2.206760e+03 3.091150e+03 -3.111050e+03 -7.315096e+04 -1.003553e+04 1.605013e+03
-6.969697e-03 8.836687e+03 5.084838e+03 2.722389e+03 -2.859971e+03 -3.539869e+03 -8.704294e+04 -1.129449e+04 2.029786e+03 2.678920e+03 2.778911e+03 -6.823811e+03 3.478401e+03 1.137421e+04 1.981303e+03 -2.428973e+03 6.703593e+04 3.268608e+03 3.267178e+03 -7.759841e+03 4.535529e+03 -1.297000e+04 -2.483535e+03 2.671511e+03 -7.639065e+04 -7.769171e+03 -3.890595e+03 -2.223396e+03 2.432596e+03 -3.203007e+03 -7.638360e+04 -9.904875e+03 1.607271e+03
-6.767677e-03 9.288855e+03 5.286853e+03 2.742470e+03 -2.010489e+03 -3.649867e+03 -9.087197e+04 -1.109714e+04 2.032950e+03 2.697067e+03 1.927991e+03 -7.170763e+03 3.615852e+03 1.117811e+04 1.982439e+03 -2.503833e+03 6.998278e+04 3.291811e+03 2.299260e+03 -8.155720e+03 4.711040e+03 -1.274671e+04 -2.487196e+03 2.758198e+03 -7.974991e+04 -8.165506e+03 -4.048991e+03 -2.239082e+03 1.685776e+03 -3.298155e+03 -7.974254e+04 -9.731537e+03 1.608230e+03
-6.565657e-03 9.759030e+03 5.499644e+03 2.761247e+03 -1.049784e+03 -3.763628e+03 -9.484198e+04 -1.084520e+04 2.034451e+03 2.713835e+03 9.658903e+02 -7.531487e+03 3.760609e+03 1.092737e+04 1.981835e+03 -2.581229e+03 7.303808e+04 3.313397e+03 1.204577e+03 -8.567336e+03 4.895946e+03 -1.246114e+04 -2.488830e+03 2.847847e+03 -8.323284e+04 -8.577599e+03 -4.215772e+03 -2.253659e+03 8.414081e+02 -3.396532e+03 -8.322513e+04 -9.510308e+03 1.607764e+03
-6.363636e-03 1.024671e+04 5.723817e+03 2.778506e+03 3.362849e+01 -3.881186e+03 -9.894773e+04 -1.053222e+04 2.034121e+03 2.729010e+03 -1.188624e+02 -7.905596e+03 3.913082e+03 1.061550e+04 1.979325e+03 -2.661181e+03 7.619779e+04 3.333107e+03 -2.995920e+01 -8.994251e+03 5.090781e+03 -1.210590e+04 -2.488233e+03 2.940483e+03 -8.683482e+04 -9.005010e+03 -4.391406e+03 -2.266949e+03 -1.105738e+02 -3.498164e+03 -8.682675e+04 -9.235524e+03 1.605736e+03
-6.161616e-03 1.075109e+04 5.960003e+03 2.794004e+03 1.252146e+03 -4.002555e+03 -1.031812e+05 -1.015121e+04 2.031781e+03 2.742354e+03 -1.338652e+03 -8.292464e+03 4.073695e+03 1.023551e+04 1.974733e+03 -2.743693e+03 7.945578e+04 3.350651e+03 -1.418481e+03 -9.435754e+03 5.296096e+03 -1.167301e+04 -2.485187e+03 3.036119e+03 -9.054887e+04 -9.447026e+03 -4.576376e+03 -2.278755e+03 -1.181034e+03 -3.603060e+03 -9.054044e+04 -8.901047e+03 1.602006e+03
-5.959596e-03 1.127099e+04 6.208844e+03 2.807476e+03 2.619079e+03 -4.127728e+03 -1.075314e+05 -9.694610e+03 2.027242e+03 2.753604e+03 -2.706774e+03 -8.691178e+03 4.242882e+03 9.779822e+03 1.967876e+03 -2.828757e+03 8.280345e+04 3.365708e+03 -2.976163e+03 -9.890804e+03 5.512456e+03 -1.115385e+04 -2.479458e+03 3.134747e+03 -9.436518e+04 -9.902607e+03 -4.771176e+03 -2.288860e+03 -2.381638e+03 -3.711208e+03 -9.435637e+04 -8.500264e+03 1.596422e+03
-5.757576e-03 1.180476e+04 6.470997e+03 2.818623e+03 4.148633e+03 -4.256670e+03 -1.119831e+05 -9.154372e+03 2.020303e+03 2.762469e+03 -4.237419e+03 -9.100481e+03 4.421084e+03 9.240367e+03 1.958558e+03 -2.916345e+03 8.622925e+04 3.377923e+03 -4.719194e+03 -1.035797e+04 5.740437e+03 -1.053920e+04 -2.470801e+03 3.236340e+03 -9.827060e+04 -1.037032e+04 -4.976310e+03 -2.297022e+03 -3.724833e+03 -3.822574e+03 -9.826140e+04 -8.026101e+03 1.588827e+03
-5.555556e-03 1.235026e+04 6.747123e+03 2.827118e+03 5.855851e+03 -4.389317e+03 -1.165170e+05 -8.521927e+03 2.010752e+03 2.768632e+03 -5.945611e+03 -9.518714e+03 4.608747e+03 8.608560e+03 1.946578e+03 -3.006409e+03 8.971817e+04 3.386904e+03 -6.664724e+03 -1.083536e+04 5.980621e+03 -9.819280e+03 -2.458958e+03 3.340847e+03 -1.022480e+05 -1.084827e+04 -5.192284e+03 -2.302974e+03 -5.223801e+03 -3.937098e+03 -1.022384e+05 -7.471047e+03 1.579059e+03
-5.353535e-03 1.290471e+04 7.037877e+03 2.832599e+03 7.756522e+03 -4.525570e+03 -1.211082e+05 -7.788274e+03 1.998368e+03 2.771739e+03 -7.847122e+03 -9.943744e+03 4.806312e+03 7.875374e+03 1.931727e+03 -3.098875e+03 9.325118e+04 3.392219e+03 -8.830749e+03 -1.132054e+04 6.233583e+03 -8.983803e+03 -2.443657e+03 3.448189e+03 -1.062757e+05 -1.133403e+04 -5.419597e+03 -2.306422e+03 -6.892378e+03 -4.054688e+03 -1.062657e+05 -6.827204e+03 1.566946e+03
-5.151515e-03 1.346462e+04 7.343896e+03 2.834665e+03 9.867035e+03 -4.665291e+03 -1.257260e+05 -6.944052e+03 1.982919e+03 2.771406e+03 -9.958318e+03 -1.037289e+04 5.014206e+03 7.031428e+03 1.913789e+03 -3.193644e+03 9.680455e+04 3.393392e+03 -1.123595e+04 -1.181047e+04 6.499885e+03 -8.022071e+03 -2.424616e+03 3.558258e+03 -1.103267e+05 -1.182453e+04 -5.658738e+03 -2.307044e+03 -8.744922e+03 -4.175219e+03 -1.103163e+05 -6.086361e+03 1.552317e+03
-4.949495e-03 1.402569e+04 7.665787e+03 2.832878e+03 1.220416e+04 -4.808296e+03 -1.303326e+05 -5.979668e+03 1.964168e+03 2.767211e+03 -1.229596e+04 -1.080284e+04 5.232836e+03 6.067104e+03 1.892544e+03 -3.290587e+03 1.003492e+05 3.389901e+03 -1.389945e+04 -1.230135e+04 6.780062e+03 -6.923120e+03 -2.401543e+03 3.670907e+03 -1.143678e+05 -1.231600e+04 -5.910165e+03 -2.304485e+03 -1.079613e+04 -4.298527e+03 -1.143570e+05 -5.240106e+03 1.534992e+03
-4.747475e-03 1.458267e+04 8.004101e+03 2.826757e+03 1.478478e+04 -4.954353e+03 -1.348824e+05 -4.885466e+03 1.941869e+03 2.758695e+03 -1.487688e+04 -1.122958e+04 5.462573e+03 4.972721e+03 1.867770e+03 -3.389540e+03 1.038501e+05 3.381177e+03 -1.684048e+04 -1.278862e+04 7.074602e+03 -5.675913e+03 -2.374137e+03 3.785955e+03 -1.183591e+05 -1.280385e+04 -6.174297e+03 -2.298360e+03 -1.306079e+04 -4.424405e+03 -1.183479e+05 -4.279966e+03 1.514794e+03
-4.545455e-03 1.512929e+04 8.359314e+03 2.815776e+03 1.762547e+04 -5.103174e+03 -1.393210e+05 -3.651946e+03 1.915772e+03 2.745360e+03 -1.771766e+04 -1.164828e+04 5.703734e+03 3.738753e+03 1.839244e+03 -3.490300e+03 1.072653e+05 3.366600e+03 -2.007794e+04 -1.326676e+04 7.383925e+03 -4.269590e+03 -2.342091e+03 3.903174e+03 -1.222527e+05 -1.328256e+04 -6.451492e+03 -2.288248e+03 -1.555342e+04 -4.552597e+03 -1.222410e+05 -3.197609e+03 1.491543e+03
-4.343434e-03 1.565810e+04 8.731793e+03 2.799366e+03 2.074202e+04 -5.254413e+03 -1.435841e+05 -2.270050e+03 1.885624e+03 2.726667e+03 -2.083405e+04 -1.205322e+04 5.956563e+03 2.356117e+03 1.806748e+03 -3.592628e+03 1.105453e+05 3.345497e+03 -2.362984e+04 -1.372925e+04 7.708360e+03 -2.693796e+03 -2.305096e+03 4.022291e+03 -1.259923e+05 -1.374561e+04 -6.742022e+03 -2.273694e+03 -1.828786e+04 -4.682797e+03 -1.259802e+05 -1.985092e+03 1.465063e+03
-4.141414e-03 1.616038e+04 9.121760e+03 2.776911e+03 2.414879e+04 -5.407656e+03 -1.475968e+05 -7.315233e+02 1.851171e+03 2.702036e+03 -2.424040e+04 -1.243771e+04 6.221206e+03 8.165331e+02 1.770067e+03 -3.696235e+03 1.136325e+05 3.317143e+03 -2.751253e+04 -1.416846e+04 8.048108e+03 -9.390907e+02 -2.262843e+03 4.142980e+03 -1.295121e+05 -1.418537e+04 -7.046048e+03 -2.254207e+03 -2.127667e+04 -4.814643e+03 -1.294997e+05 -6.351726e+02 1.435185e+03
-3.939394e-03 1.662608e+04 9.529248e+03 2.747747e+03 2.785792e+04 -5.562422e+03 -1.512728e+05 9.706484e+02 1.812166e+03 2.670850e+03 -2.794882e+04 -1.279403e+04 6.497682e+03 -8.870362e+02 1.728999e+03 -3.800791e+03 1.164605e+05 3.280761e+03 -3.173988e+04 -1.457559e+04 8.403207e+03 1.002551e+03 -2.215024e+03 4.264863e+03 -1.327365e+05 -1.459300e+04 -7.363584e+03 -2.229260e+03 -2.453051e+04 -4.947711e+03 -1.327238e+05 8.583002e+02 1.401746e+03
-3.737374e-03 1.704369e+04 9.954049e+03 2.711169e+03 3.187839e+04 -5.718154e+03 -1.545139e+05 2.841714e+03 1.768364e+03 2.632451e+03 -3.196828e+04 -1.311336e+04 6.785844e+03 -2.759860e+03 1.683353e+03 -3.905914e+03 1.189537e+05 3.235524e+03 -3.632210e+04 -1.494056e+04 8.773479e+03 3.137136e+03 -2.161345e+03 4.387500e+03 -1.355794e+05 -1.495843e+04 -7.694452e+03 -2.198295e+03 -2.805722e+04 -5.081517e+03 -1.355662e+05 2.499930e+03 1.364594e+03
-3.535354e-03 1.740029e+04 1.039565e+04 2.666430e+03 3.621487e+04 -5.874222e+03 -1.572097e+05 4.884542e+03 1.719533e+03 2.586150e+03 -3.630343e+04 -1.338576e+04 7.085339e+03 -4.804823e+03 1.632956e+03 -4.011169e+03 1.210271e+05 3.180559e+03 -4.126452e+04 -1.525206e+04 9.158484e+03 5.467955e+03 -2.101519e+03 4.510396e+03 -1.379437e+05 -1.527033e+04 -8.038242e+03 -2.160723e+03 -3.186089e+04 -5.215511e+03 -1.379304e+05 4.292231e+03 1.323593e+03
-3.333333e-03 1.768150e+04 1.085315e+04 2.612749e+03 4.086642e+04 -6.029913e+03 -1.592382e+05 7.098913e+03 1.665456e+03 2.531232e+03 -4.095331e+04 -1.360023e+04 7.395560e+03 -7.021718e+03 1.577660e+03 -4.116074e+03 1.225868e+05 3.114959e+03 -4.656608e+04 -1.549750e+04 9.557451e+03 7.994775e+03 -2.035282e+03 4.632991e+03 -1.397225e+05 -1.551610e+04 -8.394249e+03 -2.115929e+03 -3.594067e+04 -5.349075e+03 -1.397089e+05 6.235010e+03 1.278626e+03
-3.131313e-03 1.787168e+04 1.132520e+04 2.549321e+03 4.582500e+04 -6.184439e+03 -1.604661e+05 9.480750e+03 1.605937e+03 2.466961e+03 -4.590988e+04 -1.374474e+04 7.715589e+03 -9.406470e+03 1.517342e+03 -4.220092e+03 1.235303e+05 3.037789e+03 -5.221760e+04 -1.566319e+04 9.969207e+03 1.071295e+04 -1.962394e+03 4.754663e+03 -1.407990e+05 -1.568202e+04 -8.761416e+03 -2.063283e+03 -4.028952e+04 -5.481528e+03 -1.407852e+05 8.324689e+03 1.229596e+03
-2.929293e-03 1.795404e+04 1.180992e+04 2.475333e+03 5.107386e+04 -6.336933e+03 -1.607514e+05 1.202128e+04 1.540802e+03 2.392601e+03 -5.115640e+04 -1.380642e+04 8.044142e+03 -1.195030e+04 1.451911e+03 -4.322637e+03 1.237483e+05 2.948106e+03 -5.820001e+04 -1.573443e+04 1.039210e+04 1.361247e+04 -1.882646e+03 4.874731e+03 -1.410484e+05 -1.575339e+04 -9.138265e+03 -2.002148e+03 -4.489273e+04 -5.612122e+03 -1.410346e+05 1.055357e+04 1.176435e+03
-2.727273e-03 1.791104e+04 1.230477e+04 2.389977e+03 5.658584e+04 -6.486454e+03 -1.599455e+05 1.470617e+04 1.469912e+03 2.307427e+03 -5.666572e+04 -1.377181e+04 8.379503e+03 -1.463886e+04 1.381313e+03 -4.423076e+03 1.231263e+05 2.844979e+03 -6.448235e+04 -1.569587e+04 1.082394e+04 1.667700e+04 -1.795870e+03 4.992457e+03 -1.403404e+05 -1.571482e+04 -9.522826e+03 -1.931898e+03 -4.972649e+04 -5.740051e+03 -1.403266e+05 1.290908e+04 1.119101e+03
-2.525253e-03 1.772482e+04 1.280649e+04 2.292482e+03 6.232173e+04 -6.631996e+03 -1.578975e+05 1.751475e+04 1.393164e+03 2.210752e+03 -6.239865e+04 -1.362721e+04 8.719464e+03 -1.745145e+04 1.305535e+03 -4.520733e+03 1.215483e+05 2.727522e+03 -7.101992e+04 -1.553188e+04 1.126186e+04 1.988293e+04 -1.701943e+03 5.107048e+03 -1.385426e+05 -1.555067e+04 -9.912567e+03 -1.851936e+03 -5.475641e+04 -5.864453e+03 -1.385289e+05 1.537308e+04 1.057588e+03
-2.323232e-03 1.737784e+04 1.331101e+04 2.182141e+03 6.822870e+04 -6.772493e+03 -1.544594e+05 2.041926e+04 1.310504e+03 2.101954e+03 -6.830240e+04 -1.335917e+04 9.061268e+03 -2.036026e+04 1.224610e+03 -4.614898e+03 1.189003e+05 2.594926e+03 -7.775251e+04 -1.522709e+04 1.170232e+04 2.319856e+04 -1.600802e+03 5.217666e+03 -1.355252e+05 -1.524556e+04 -1.030433e+04 -1.761716e+03 -5.993619e+04 -5.984420e+03 -1.355118e+05 1.792122e+04 9.919233e+02
-2.121212e-03 1.685366e+04 1.381337e+04 2.058351e+03 7.423915e+04 -6.906834e+03 -1.494929e+05 2.338436e+04 1.221927e+03 1.980512e+03 -7.430943e+04 -1.295508e+04 9.401567e+03 -2.332989e+04 1.138619e+03 -4.704832e+03 1.150760e+05 2.446508e+03 -8.460309e+04 -1.476714e+04 1.214099e+04 2.658354e+04 -1.492447e+03 5.323437e+03 -1.311669e+05 -1.478509e+04 -1.069428e+04 -1.660780e+03 -6.520655e+04 -6.099010e+03 -1.311538e+05 2.052250e+04 9.221771e+02
-1.919192e-03 1.613795e+04 1.430773e+04 1.920660e+03 8.027011e+04 -7.033875e+03 -1.428778e+05 2.636692e+04 1.127493e+03 1.846046e+03 -8.033681e+04 -1.240395e+04 9.736400e+03 -2.631714e+04 1.047700e+03 -4.789779e+03 1.099828e+05 2.281759e+03 -9.147705e+04 -1.413946e+04 1.257275e+04 2.998862e+04 -1.376957e+03 5.423462e+03 -1.253622e+05 -1.415670e+04 -1.107788e+04 -1.548787e+03 -7.049475e+04 -6.207259e+03 -1.253496e+05 2.313908e+04 8.484601e+02
-1.717172e-03 1.521953e+04 1.478734e+04 1.768814e+03 8.622336e+04 -7.152461e+03 -1.345209e+05 2.931625e+04 1.027333e+03 1.698362e+03 -8.628641e+04 -1.169720e+04 1.006120e+04 -2.927122e+04 9.520440e+02 -4.868981e+03 1.035491e+05 2.100408e+03 -9.826247e+04 -1.333429e+04 1.299169e+04 3.335591e+04 -1.254496e+03 5.516831e+03 -1.180293e+05 -1.335059e+04 -1.144992e+04 -1.425555e+03 -7.571469e+04 -6.308196e+03 -1.180174e+05 2.572649e+04 7.709290e+02
-1.515152e-03 1.409161e+04 1.524462e+04 1.602816e+03 9.198680e+04 -7.261442e+03 -1.243663e+05 3.217491e+04 9.216587e+02 1.537504e+03 -9.204621e+04 -1.082964e+04 1.037085e+04 -3.213457e+04 8.519051e+02 -4.941684e+03 9.573178e+04 1.902479e+03 -1.048316e+05 -1.234569e+04 1.339121e+04 3.661980e+04 -1.125330e+03 5.602642e+03 -1.091192e+05 -1.236082e+04 -1.180455e+04 -1.291105e+03 -8.076810e+04 -6.400860e+03 -1.091082e+05 2.823434e+04 6.897882e+02
-1.313131e-03 1.275296e+04 1.567138e+04 1.422978e+03 9.743698e+04 -7.359704e+03 -1.124056e+05 3.488007e+04 8.107718e+02 1.363795e+03 -9.749288e+04 -9.800322e+03 1.065981e+04 -3.484425e+04 7.475987e+02 -5.007165e+03 8.652439e+04 1.688357e+03 -1.110436e+05 -1.117258e+04 1.376410e+04 3.970853e+04 -9.898318e+02 5.680014e+03 -9.862457e+04 -1.118630e+04 -1.213541e+04 -1.145700e+03 -8.554678e+04 -6.484325e+03 -9.861459e+04 3.060753e+04 6.052920e+02
-1.111111e-03 1.120896e+04 1.605899e+04 1.229968e+03 1.024433e+05 -7.446184e+03 -9.868661e+04 3.736569e+04 6.950716e+02 1.177886e+03 -1.024959e+05 -8.613390e+03 1.092224e+04 -3.733409e+04 6.395047e+02 -5.064736e+03 7.596376e+04 1.458840e+03 -1.167497e+05 -9.819674e+03 1.410283e+04 4.254668e+04 -8.484922e+02 5.748113e+03 -8.658732e+04 -9.831758e+03 -1.243586e+04 -9.898808e+02 -8.993616e+04 -6.557712e+03 -8.657854e+04 3.278811e+04 5.177458e+02
-9.090909e-04 9.472436e+03 1.639878e+04 1.024846e+03 1.068732e+05 -7.519908e+03 -8.332048e+04 3.956529e+04 5.750596e+02 9.807823e+02 -1.069229e+05 -7.278695e+03 1.115228e+04 -3.953747e+04 5.280666e+02 -5.113769e+03 6.413542e+04 1.215180e+03 -1.217990e+05 -8.298215e+03 1.439981e+04 4.505830e+04 -7.019252e+02 5.806168e+03 -7.310496e+04 -8.308446e+03 -1.269919e+04 -8.244970e+02 -9.382021e+04 -6.620220e+03 -7.309753e+04 3.471776e+04 4.275064e+02
-7.070707e-04 7.564071e+03 1.668246e+04 8.090797e+02 1.105996e+05 -7.580009e+03 -6.648497e+04 4.141532e+04 4.513403e+02 7.738590e+02 -1.106467e+05 -5.812110e+03 1.134432e+04 -4.139070e+04 4.137898e+02 -5.153710e+03 5.117620e+04 9.591019e+02 -1.260462e+05 -6.626307e+03 1.464777e+04 4.717080e+04 -5.508680e+02 5.853499e+03 -5.833347e+04 -6.634489e+03 -1.291900e+04 -6.507154e+02 -9.708732e+04 -6.671139e+03 -5.832753e+04 3.634074e+04 3.349802e+02
-5.050505e-04 5.512244e+03 1.690257e+04 5.845344e+02 1.135076e+05 -7.625758e+03 -4.842334e+04 4.285880e+04 3.246163e+02 5.588476e+02 -1.135527e+05 -4.235420e+03 1.149332e+04 -4.283671e+04 2.972368e+02 -5.184093e+03 3.727333e+04 6.927874e+02 -1.293608e+05 -4.828798e+03 1.484018e+04 4.881910e+04 -3.961742e+02 5.889528e+03 -4.248627e+04 -4.834768e+03 -1.308954e+04 -4.700125e+02 -9.963694e+04 -6.709875e+03 -4.248193e+04 3.760707e+04 2.406198e+02
-3.030303e-04 3.352279e+03 1.705297e+04 3.534297e+02 1.155029e+05 -7.656585e+03 -2.943782e+04 4.384902e+04 1.956765e+02 3.377998e+02 -1.155467e+05 -2.575737e+03 1.159513e+04 -4.382867e+04 1.790192e+02 -5.204556e+03 2.265939e+04 4.188286e+02 -1.316350e+05 -2.936617e+03 1.497166e+04 4.994983e+04 -2.388007e+02 5.913806e+03 -2.582849e+04 -2.940250e+03 -1.320606e+04 -2.841412e+02 -1.013863e+05 -6.735964e+03 -2.582585e+04 3.847576e+04 1.449178e+02
-1.010101e-04 1.125039e+03 1.712931e+04 1.182677e+02 1.165180e+05 -7.672098e+03 -9.877625e+03 4.435277e+04 6.537813e+01 1.130208e+02 -1.165611e+05 -8.644212e+02 1.164681e+04 -4.433329e+04 5.978677e+01 -5.214851e+03 7.603170e+03 1.401428e+02 -1.327921e+05 -9.855369e+02 1.503840e+04 5.052506e+04 -7.978471e+01 5.926023e+03 -8.666540e+03 -9.867568e+02 -1.326519e+04 -9.507426e+01 -1.022764e+05 -6.749089e+03 -8.665654e+03 3.891767e+04 4.839759e+01
1.010101e-04 -1.125039e+03 1.712931e+04 -1.182677e+02 1.165180e+05 -7.672098e+03 9.877625e+03 4.435277e+04 -6.537813e+01 -1.130208e+02 -1.165611e+05 8.644212e+02 1.164681e+04 -4.433329e+04 -5.978677e+01 -5.214851e+03 -7.603170e+03 -1.401428e+02 -1.327921e+05 9.855369e+02 1.503840e+04 5.052506e+04 7.978471e+01 5.926023e+03 8.666540e+03 9.867568e+02 -1.326519e+04 9.507426e+01 -1.022764e+05 -6.749089e+03 8.665654e+03 3.891767e+04 -4.839759e+01
3.030303e-04 -3.352279e+03 1.705297e+04 -3.534297e+02 1.155029e+05 -7.656585e+03 2.943782e+04 4.384902e+04 -1.956765e+02 -3.377998e+02 -1.155467e+05 2.575737e+03 1.159513e+04 -4.382867e+04 -1.790192e+02 -5.204556e+03 -2.265939e+04 -4.188286e+02 -1.316350e+05 2.936617e+03 1.497166e+04 4.994983e+04 2.388007e+02 5.913806e+03 2.582849e+04 2.940250e+03 -1.320606e+04 2.841412e+02 -1.013863e+05 -6.735964e+03 2.582585e+04 3.847576e+04 -1.449178e+02
5.050505e-04 -5.512244e+03 1.690257e+04 -5.845344e+02 1.135076e+05 -7.625758e+03 4.842334e+04 4.285880e+04 -3.246163e+02 -5.588476e+02 -1.135527e+05 4.235420e+03 1.149332e+04 -4.283671e+04 -2.972368e+02 -5.184093e+03 -3.727333e+04 -6.927874e+02 -1.293608e+05 4.828798e+03 1.484018e+04 4.881910e+04 3.961742e+02 5.889528e+03 4.248627e+04 4.834768e+03 -1.308954e+04 4.700125e+02 -9.963694e+04 -6.709875e+03 4.248193e+04 3.760707e+04 -2.406198e+02
7.070707e-04 -7.564071e+03 1.668246e+04 -8.090797e+02 1.105996e+05 -7.580009e+03 6.648497e+04 4.141532e+04 -4.513403e+02 -7.738590e+02 -1.106467e+05 5.812110e+03 1.134432e+04 -4.139070e+04 -4.137898e+02 -5.153710e+03 -5.117620e+04 -9.591019e+02 -1.260462e+05 6.626307e+03 1.464777e+04 4.717080e+04 5.508680e+02 5.853499e+03 5.833347e+04 6.634489e+03 -1.291900e+04 6.507154e+02 -9.708732e+04 -6.671139e+03 5.832753e+04 3.634074e+04 -3.349802e+02
9.090909e-04 -9.472436e+03 1.639878e+04 -1.024846e+03 1.068732e+05 -7.519908e+03 8.332048e+04 3.956529e+04 -5.750596e+02 -9.807823e+02 -1.069229e+05 7.278695e+03 1.115228e+04 -3.953747e+04 -5.280666e+02 -5.113769e+03 -6.413542e+04 -1.215180e+03 -1.217990e+05 8.298215e+03 1.439981e+04 4.505830e+04 7.019252e+02 5.806168e+03 7.310496e+04 8.308446e+03 -1.269919e+04 8.244970e+02 -9.382021e+04 -6.620220e+03 7.309753e+04 3.471776e+04 -4.275064e+02
1.111111e-03 -1.120896e+04 1.605899e+04 -1.229968e+03 1.024433e+05 -7.446184e+03 9.868661e+04 3.736569e+04 -6.950716e+02 -1.177886e+03 -1.024959e+05 8.613390e+03 1.092224e+04 -3.733409e+04 -6.395047e+02 -5.064736e+03 -7.596376e+04 -1.458840e+03 -1.167497e+05 9.819674e+03 1.410283e+04 4.254668e+04 8.484922e+02 5.748113e+03 8.658732e+04 9.831758e+03 -1.243586e+04 9.898808e+02 -8.993616e+04 -6.557712e+03 8.657854e+04 3.278811e+04 -5.177458e+02
1.313131e-03 -1.275296e+04 1.567138e+04 -1.422978e+03 9.743698e+04 -7.359704e+03 1.124056e+05 3.488007e+04 -8.107718e+02 -1.363795e+03 -9.749288e+04 9.800322e+03 1.065981e+04 -3.484425e+04 -7.475987e+02 -5.007165e+03 -8.652439e+04 -1.688357e+03 -1.110436e+05 1.117258e+04 1.376410e+04 3.970853e+04 9.898318e+02 5.680014e+03 9.862457e+04 1.118630e+04 -1.213541e+04 1.145700e+03 -8.554678e+04 -6.484325e+03 9.861459e+04 3.060753e+04 -6.052920e+02
1.515152e-03 -1.409161e+04 1.524462e+04 -1.602816e+03 9.198680e+04 -7.261442e+03 1.243663e+05 3.217491e+04 -9.216587e+02 -1.537504e+03 -9.204621e+04 1.082964e+04 1.037085e+04 -3.213457e+04 -8.519051e+02 -4.941684e+03 -9.573178e+04 -1.902479e+03 -1.048316e+05 1.234569e+04 1.339121e+04 3.661980e+04 1.125330e+03 5.602642e+03 1.091192e+05 1.236082e+04 -1.180455e+04 1.291105e+03 -8.076810e+04 -6.400860e+03 1.091082e+05 2.823434e+04 -6.897882e+02
1.717172e-03 -1.521953e+04 1.478734e+04 -1.768814e+03 8.622336e+04 -7.152461e+03 1.345209e+05 2.931625e+04 -1.027333e+03 -1.698362e+03 -8.628641e+04 1.169720e+04 1.006120e+04 -2.927122e+04 -9.520440e+02 -4.868981e+03 -1.035491e+05 -2.100408e+03 -9.826247e+04 1.333429e+04 1.299169e+04 3.335591e+04 1.254496e+03 5.516831e+03 1.180293e+05 1.335059e+04 -1.144992e+04 1.425555e+03 -7.571469e+04 -6.308196e+03 1.180174e+05 2.572649e+04 -7.709290e+02
1.919192e-03 -1.613795e+04 1.430773e+04 -1.920660e+03 8.027011e+04 -7.033875e+03 1.428778e+05 2.636692e+04 -1.127493e+03 -1.846046e+03 -8.033681e+04 1.240395e+04 9.736400e+03 -2.631714e+04 -1.047700e+03 -4.789779e+03 -1.099828e+05 -2.281759e+03 -9.147705e+04 1.413946e+04 1.257275e+04 2.998862e+04 1.376957e+03 5.423462e+03 1.253622e+05 1.415670e+04 -1.107788e+04 1.548787e+03 -7.049475e+04 -6.207259e+03 1.253496e+05 2.313908e+04 -8.484601e+02
2.121212e-03 -1.685366e+04 1.381337e+04 -2.058351e+03 7.423915e+04 -6.906834e+03 1.494929e+05 2.338436e+04 -1.221927e+03 -1.980512e+03 -7.430943e+04 1.295508e+04 9.401567e+03 -2.332989e+04 -1.138619e+03 -4.704832e+03 -1.150760e+05 -2.446508e+03 -8.460309e+04 1.476714e+04 1.214099e+04 2.658354e+04 1.492447e+03 5.323437e+03 1.311669e+05 1.478509e+04 -1.069428e+04 1.660780e+03 -6.520655e+04 -6.099010e+03 1.311538e+05 2.052250e+04 -9.221771e+02
2.323232e-03 -1.737784e+04 1.331101e+04 -2.182141e+03 6.822870e+04 -6.772493e+03 1.544594e+05 2.041926e+04 -1.310504e+03 -2.101954e+03 -6.830240e+04 1.335917e+04 9.061268e+03 -2.036026e+04 -1.224610e+03 -4.614898e+03 -1.189003e+05 -2.594926e+03 -7.775251e+04 1.522709e+04 1.170232e+04 2.319856e+04 1.600802e+03 5.217666e+03 1.355252e+05 1.524556e+04 -1.030433e+04 1.761716e+03 -5.993619e+04 -5.984420e+03 1.355118e+05 1.792122e+04 -9.919233e+02
2.525253e-03 -1.772482e+04 1.280649e+04 -2.292482e+03 6.232173e+04 -6.631996e+03 1.578975e+05 1.751475e+04 -1.393164e+03 -2.210752e+03 -6.239865e+04 1.362721e+04 8.719464e+03 -1.745145e+04 -1.305535e+03 -4.520733e+03 -1.215483e+05 -2.727522e+03 -7.101992e+04 1.553188e+04 1.126186e+04 1.988293e+04 1.701943e+03 5.107048e+03 1.385426e+05 1.555067e+04 -9.912567e+03 1.851936e+03 -5.475641e+04 -5.864453e+03 1.385289e+05 1.537308e+04 -1.057588e+03
2.727273e-03 -1.791104e+04 1.230477e+04 -2.389977e+03 5.658584e+04 -6.486454e+03 1.599455e+05 1.470617e+04 -1.469912e+03 -2.307427e+03 -5.666572e+04 1.377181e+04 8.379503e+03 -1.463886e+04 -1.381313e+03 -4.423076e+03 -1.231263e+05 -2.844979e+03 -6.448235e+04 1.569587e+04 1.082394e+04 1.667700e+04 1.795870e+03 4.992457e+03 1.403404e+05 1.571482e+04 -9.522826e+03 1.931898e+03 -4.972649e+04 -5.740051e+03 1.403266e+05 1.290908e+04 -1.119101e+03
2.929293e-03 -1.795404e+04 1.180992e+04 -2.475333e+03 5.107386e+04 -6.336933e+03 1.607514e+05 1.202128e+04 -1.540802e+03 -2.392601e+03 -5.115640e+04 1.380642e+04 8.044142e+03 -1.195030e+04 -1.451911e+03 -4.322637e+03 -1.237483e+05 -2.948106e+03 -5.820001e+04 1.573443e+04 1.039210e+04 1.361247e+04 1.882646e+03 4.874731e+03 1.410484e+05 1.575339e+04 -9.138265e+03 2.002148e+03 -4.489273e+04 -5.612122e+03 1.410346e+05 1.055357e+04 -1.176435e+03
3.131313e-03 -1.787168e+04 1.132520e+04 -2.549321e+03 4.582500e+04 -6.184439e+03 1.604661e+05 9.480750e+03 -1.605937e+03 -2.466961e+03 -4.590988e+04 1.374474e+04 7.715589e+03 -9.406470e+03 -1.517342e+03 -4.220092e+03 -1.235303e+05 -3.037789e+03 -5.221760e+04 1.566319e+04 9.969207e+03 1.071295e+04 1.962394e+03 4.754663e+03 1.407990e+05 1.568202e+04 -8.761416e+03 2.063283e+03 -4.028952e+04 -5.481528e+03 1.407852e+05 8.324689e+03 -1.229596e+03
3.333333e-03 -1.768150e+04 1.085315e+04 -2.612749e+03 4.086642e+04 -6.029913e+03 1.592382e+05 7.098913e+03 -1.665456e+03 -2.531232e+03 -4.095331e+04 1.360023e+04 7.395560e+03 -7.021718e+03 -1.577660e+03 -4.116074e+03 -1.225868e+05 -3.114959e+03 -4.656608e+04 1.549750e+04 9.557451e+03 7.994775e+03 2.035282e+03 4.632991e+03 1.397225e+05 1.551610e+04 -8.394249e+03 2.115929e+03 -3.594067e+04 -5.349075e+03 1.397089e+05 6.235010e+03 -1.278626e+03
3.535354e-03 -1.740029e+04 1.039565e+04 -2.666430e+03 3.621487e+04 -5.874222e+03 1.572097e+05 4.884542e+03 -1.719533e+03 -2.586150e+03 -3.630343e+04 1.338576e+04 7.085339e+03 -4.804823e+03 -1.632956e+03 -4.011169e+03 -1.210271e+05 -3.180559e+03 -4.126452e+04 1.525206e+04 9.158484e+03 5.467955e+03 2.101519e+03 4.510396e+03 1.379437e+05 1.527033e+04 -8.038242e+03 2.160723e+03 -3.186089e+04 -5.215511e+03 1.379304e+05 4.292231e+03 -1.323593e+03
3.737374e-03 -1.704369e+04 9.954049e+03 -2.711169e+03 3.187839e+04 -5.718154e+03 1.545139e+05 2.841714e+03 -1.768364e+03 -2.632451e+03 -3.196828e+04 1.311336e+04 6.785844e+03 -2.759860e+03 -1.683353e+03 -3.905914e+03 -1.189537e+05 -3.235524e+03 -3.632210e+04 1.494056e+04 8.773479e+03 3.137136e+03 2.161345e+03 4.387500e+03 1.355794e+05 1.495843e+04 -7.694452e+03 2.198295e+03 -2.805722e+04 -5.081517e+03 1.355662e+05 2.499930e+03 -1.364594e+03
3.939394e-03 -1.662608e+04 9.529248e+03 -2.747747e+03 2.785792e+04 -5.562422e+03 1.512728e+05 9.706484e+02 -1.812166e+03 -2.670850e+03 -2.794882e+04 1.279403e+04 6.497682e+03 -8.870362e+02 -1.728999e+03 -3.800791e+03 -1.164605e+05 -3.280761e+03 -3.173988e+04 1.457559e+04 8.403207e+03 1.002551e+03 2.215024e+03 4.264863e+03 1.327365e+05 1.459300e+04 -7.363584e+03 2.229260e+03 -2.453051e+04 -4.947711e+03 1.327238e+05 8.583002e+02 -1.401746e+03
4.141414e-03 -1.616038e+04 9.121760e+03 -2.776911e+03 2.414879e+04 -5.407656e+03 1.475968e+05 -7.315233e+02 -1.851171e+03 -2.702036e+03 -2.424040e+04 1.243771e+04 6.221206e+03 8.165331e+02 -1.770067e+03 -3.696235e+03 -1.136325e+05 -3.317143e+03 -2.751253e+04 1.416846e+04 8.048108e+03 -9.390907e+02 2.262843e+03 4.142980e+03 1.295121e+05 1.418537e+04 -7.046048e+03 2.254207e+03 -2.127667e+04 -4.814643e+03 1.294997e+05 -6.351726e+02 -1.435185e+03
4.343434e-03 -1.565810e+04 8.731793e+03 -2.799366e+03 2.074202e+04 -5.254413e+03 1.435841e+05 -2.270050e+03 -1.885624e+03 -2.726667e+03 -2.083405e+04 1.205322e+04 5.956563e+03 2.356117e+03 -1.806748e+03 -3.592628e+03 -1.105453e+05 -3.345497e+03 -2.362984e+04 1.372925e+04 7.708360e+03 -2.693796e+03 2.305096e+03 4.022291e+03 1.259923e+05 1.374561e+04 -6.742022e+03 2.273694e+03 -1.828786e+04 -4.682797e+03 1.259802e+05 -1.985092e+03 -1.465063e+03
4.545455e-03 -1.512929e+04 8.359314e+03 -2.815776e+03 1.762547e+04 -5.103174e+03 1.393210e+05 -3.651946e+03 -1.915772e+03 -2.745360e+03 -1.771766e+04 1.164828e+04 5.703734e+03 3.738753e+03 -1.839244e+03 -3.490300e+03 -1.072653e+05 -3.366600e+03 -2.007794e+04 1.326676e+04 7.383925e+03 -4.269590e+03 2.342091e+03 3.903174e+03 1.222527e+05 1.328256e+04 -6.451492e+03 2.288248e+03 -1.555342e+04 -4.552597e+03 1.222410e+05 -3.197609e+03 -1.491543e+03
4.747475e-03 -1.458267e+04 8.004101e+03 -2.826757e+03 1.478478e+04 -4.954353e+03 1.348824e+05 -4.885466e+03 -1.941869e+03 -2.758695e+03 -1.487688e+04 1.122958e+04 5.462573e+03 4.972721e+03 -1.867770e+03 -3.389540e+03 -1.038501e+05 -3.381177e+03 -1.684048e+04 1.278862e+04 7.074602e+03 -5.675913e+03 2.374137e+03 3.785955e+03 1.183591e+05 1.280385e+04 -6.174297e+03 2.298360e+03 -1.306079e+04 -4.424405e+03 1.183479e+05 -4.279966e+03 -1.514794e+03
4.949495e-03 -1.402569e+04 7.665787e+03 -2.832878e+03 1.220416e+04 -4.808296e+03 1.303326e+05 -5.979668e+03 -1.964168e+03 -2.767211e+03 -1.229596e+04 1.080284e+04 5.232836e+03 6.067104e+03 -1.892544e+03 -3.290587e+03 -1.003492e+05 -3.389901e+03 -1.389945e+04 1.230135e+04 6.780062e+03 -6.923120e+03 2.401543e+03 3.670907e+03 1.143678e+05 1.231600e+04 -5.910165e+03 2.304485e+03 -1.079613e+04 -4.298527e+03 1.143570e+05 -5.240106e+03 -1.534992e+03
5.151515e-03 -1.346462e+04 7.343896e+03 -2.834665e+03 9.867035e+03 -4.665291e+03 1.257260e+05 -6.944052e+03 -1.982919e+03 -2.771406e+03 -9.958318e+03 1.037289e+04 5.014206e+03 7.031428e+03 -1.913789e+03 -3.193644e+03 -9.680455e+04 -3.393392e+03 -1.123595e+04 1.181047e+04 6.499885e+03 -8.022071e+03 2.424616e+03 3.558258e+03 1.103267e+05 1.182453e+04 -5.658738e+03 2.307044e+03 -8.744922e+03 -4.175219e+03 1.103163e+05 -6.086361e+03 -1.552317e+03
5.353535e-03 -1.290471e+04 7.037877e+03 -2.832599e+03 7.756522e+03 -4.525570e+03 1.211082e+05 -7.788274e+03 -1.998368e+03 -2.771739e+03 -7.847122e+03 9.943744e+03 4.806312e+03 7.875374e+03 -1.931727e+03 -3.098875e+03 -9.325118e+04 -3.392219e+03 -8.830749e+03 1.132054e+04 6.233583e+03 -8.983803e+03 2.443657e+03 3.448189e+03 1.062757e+05 1.133403e+04 -5.419597e+03 2.306422e+03 -6.892378e+03 -4.054688e+03 1.062657e+05 -6.827204e+03 -1.566946e+03
5.555556e-03 -1.235026e+04 6.747123e+03 -2.827118e+03 5.855851e+03 -4.389317e+03 1.165170e+05 -8.521927e+03 -2.010752e+03 -2.768632e+03 -5.945611e+03 9.518714e+03 4.608747e+03 8.608560e+03 -1.946578e+03 -3.006409e+03 -8.971817e+04 -3.386904e+03 -6.664724e+03 1.083536e+04 5.980621e+03 -9.819280e+03 2.458958e+03 3.340847e+03 1.022480e+05 1.084827e+04 -5.192284e+03 2.302974e+03 -5.223801e+03 -3.937098e+03 1.022384e+05 -7.471047e+03 -1.579059e+03
5.757576e-03 -1.180476e+04 6.470997e+03 -2.818623e+03 4.148633e+03 -4.256670e+03 1.119831e+05 -9.154372e+03 -2.020303e+03 -2.762469e+03 -4.237419e+03 9.100481e+03 4.421084e+03 9.240367e+03 -1.958558e+03 -2.916345e+03 -8.622925e+04 -3.377923e+03 -4.719194e+03 1.035797e+04 5.740437e+03 -1.053920e+04 2.470801e+03 3.236340e+03 9.827060e+04 1.037032e+04 -4.976310e+03 2.297022e+03 -3.724833e+03 -3.822574e+03 9.826140e+04 -8.026101e+03 -1.588827e+03
5.959596e-03 -1.127099e+04 6.208844e+03 -2.807476e+03 2.619079e+03 -4.127728e+03 1.075314e+05 -9.694610e+03 -2.027242e+03 -2.753604e+03 -2.706774e+03 8.691178e+03 4.242882e+03 9.779822e+03 -1.967876e+03 -2.828757e+03 -8.280345e+04 -3.365708e+03 -2.976163e+03 9.890804e+03 5.512456e+03 -1.115385e+04 2.479458e+03 3.134747e+03 9.436518e+04 9.902607e+03 -4.771176e+03 2.288860e+03 -2.381638e+03 -3.711208e+03 9.435637e+04 -8.500264e+03 -1.596422e+03
6.161616e-03 -1.075109e+04 5.960003e+03 -2.794004e+03 1.252146e+03 -4.002555e+03 1.031812e+05 -1.015121e+04 -2.031781e+03 -2.742354e+03 -1.338652e+03 8.292464e+03 4.073695e+03 1.023551e+04 -1.974733e+03 -2.743693e+03 -7.945578e+04 -3.350651e+03 -1.418481e+03 9.435754e+03 5.296096e+03 -1.167301e+04 2.485187e+03 3.036119e+03 9.054887e+04 9.447026e+03 -4.576376e+03 2.278755e+03 -1.181034e+03 -3.603060e+03 9.054044e+04 -8.901047e+03 -1.602006e+03
6.363636e-03 -1.024671e+04 5.723817e+03 -2.778506e+03 3.362849e+01 -3.881186e+03 9.894773e+04 -1.053222e+04 -2.034121e+03 -2.729010e+03 -1.188624e+02 7.905596e+03 3.913082e+03 1.061550e+04 -1.979325e+03 -2.661181e+03 -7.619779e+04 -3.333107e+03 -2.995920e+01 8.994251e+03 5.090781e+03 -1.210590e+04 2.488233e+03 2.940483e+03 8.683482e+04 9.005010e+03 -4.391406e+03 2.266949e+03 -1.105738e+02 -3.498164e+03 8.682675e+04 -9.235524e+03 -1.605736e+03
6.565657e-03 -9.759030e+03 5.499644e+03 -2.761247e+03 -1.049784e+03 -3.763628e+03 9.484198e+04 -1.084520e+04 -2.034451e+03 -2.713835e+03 9.658903e+02 7.531487e+03 3.760609e+03 1.092737e+04 -1.981835e+03 -2.581229e+03 -7.303808e+04 -3.313397e+03 1.204577e+03 8.567336e+03 4.895946e+03 -1.246114e+04 2.488830e+03 2.847847e+03 8.323284e+04 8.577599e+03 -4.215772e+03 2.253659e+03 8.414081e+02 -3.396532e+03 8.322513e+04 -9.510308e+03 -1.607764e+03
6.767677e-03 -9.288855e+03 5.286853e+03 -2.742470e+03 -2.010489e+03 -3.649867e+03 9.087197e+04 -1.109714e+04 -2.032950e+03 -2.697067e+03 1.927991e+03 7.170763e+03 3.615852e+03 1.117811e+04 -1.982439e+03 -2.503833e+03 -6.998278e+04 -3.291811e+03 2.299260e+03 8.155720e+03 4.711040e+03 -1.274671e+04 2.487196e+03 2.758198e+03 7.974991e+04 8.165506e+03 -4.048991e+03 2.239082e+03 1.685776e+03 -3.298155e+03 7.974254e+04 -9.731537e+03 -1.608230e+03
6.969697e-03 -8.836687e+03 5.084838e+03 -2.722389e+03 -2.859971e+03 -3.539869e+03 8.704294e+04 -1.129449e+04 -2.029786e+03 -2.678920e+03 2.778911e+03 6.823811e+03 3.478401e+03 1.137421e+04 -1.981303e+03 -2.428973e+03 -6.703593e+04 -3.268608e+03 3.267178e+03 7.759841e+03 4.535529e+03 -1.297000e+04 2.483535e+03 2.671511e+03 7.639065e+04 7.769171e+03 -3.890595e+03 2.223396e+03 2.432596e+03 -3.203007e+03 7.638360e+04 -9.904875e+03 -1.607271e+03
7.171717e-03 -8.402767e+03 4.893015e+03 -2.701199e+03 -3.608822e+03 -3.433586e+03 8.335791e+04 -1.144318e+04 -2.025116e+03 -2.659588e+03 3.529234e+03 6.490818e+03 3.347862e+03 1.152160e+04 -1.978583e+03 -2.356618e+03 -6.419986e+04 -3.244024e+03 4.120406e+03 7.379913e+03 4.368904e+03 -1.313777e+04 2.478040e+03 2.587748e+03 7.315769e+04 7.388805e+03 -3.740133e+03 2.206760e+03 3.091150e+03 -3.111050e+03 7.315096e+04 -1.003553e+04 -1.605013e+03
7.373737e-03 -7.987125e+03 4.710824e+03 -2.679074e+03 -4.266774e+03 -3.330954e+03 7.981807e+04 -1.154865e+04 -2.019086e+03 -2.639243e+03 4.188680e+03 6.171812e+03 3.223857e+03 1.162572e+04 -1.974425e+03 -2.286729e+03 -6.147549e+04 -3.218267e+03 4.870035e+03 7.015964e+03 4.210672e+03 -1.325623e+04 2.470890e+03 2.506859e+03 7.005208e+04 7.024437e+03 -3.597176e+03 2.189318e+03 3.669968e+03 -3.022233e+03 7.004565e+04 -1.012824e+04 -1.601575e+03
7.575758e-03 -7.589620e+03 4.537731e+03 -2.656168e+03 -4.842738e+03 -3.231901e+03 7.642310e+04 -1.161582e+04 -2.011833e+03 -2.618042e+03 4.766153e+03 5.866688e+03 3.106025e+03 1.169152e+04 -1.968965e+03 -2.219258e+03 -5.886257e+04 -3.191526e+03 5.526224e+03 6.667874e+03 4.060367e+03 -1.333100e+04 2.462249e+03 2.428787e+03 6.707355e+04 6.675948e+03 -3.461309e+03 2.171198e+03 4.176860e+03 -2.936493e+03 6.706740e+04 -1.018736e+04 -1.597067e+03
7.777778e-03 -7.209979e+03 4.373228e+03 -2.632621e+03 -5.344852e+03 -3.136344e+03 7.317147e+04 -1.164918e+04 -2.003481e+03 -2.596125e+03 5.269785e+03 5.575240e+03 2.994024e+03 1.172349e+04 -1.962330e+03 -2.154153e+03 -5.635994e+04 -3.163970e+03 6.098248e+03 6.335404e+03 3.917546e+03 -1.336723e+04 2.452273e+03 2.353469e+03 6.422076e+04 6.343097e+03 -3.332142e+03 2.152514e+03 4.618961e+03 -2.853765e+03 6.421489e+04 -1.021682e+04 -1.591595e+03
7.979798e-03 -6.847821e+03 4.216834e+03 -2.608556e+03 -5.780530e+03 -3.044195e+03 7.006074e+04 -1.165279e+04 -1.994149e+03 -2.573617e+03 5.706982e+03 5.297177e+03 2.887529e+03 1.172569e+04 -1.954640e+03 -2.091355e+03 -5.396571e+04 -3.135748e+03 6.594558e+03 6.018223e+03 3.781786e+03 -1.336953e+04 2.441103e+03 2.280834e+03 6.149156e+04 6.025552e+03 -3.209301e+03 2.133370e+03 5.002770e+03 -2.773971e+03 6.148595e+04 -1.022017e+04 -1.585254e+03
8.181818e-03 -6.502684e+03 4.068093e+03 -2.584083e+03 -6.156512e+03 -2.955361e+03 6.708769e+04 -1.163032e+04 -1.983943e+03 -2.550630e+03 6.084478e+03 5.032149e+03 2.786229e+03 1.170181e+04 -1.946003e+03 -2.030803e+03 -5.167741e+04 -3.106995e+03 7.022837e+03 5.715927e+03 3.652689e+03 -1.334211e+04 2.428870e+03 2.210809e+03 5.888314e+04 5.722911e+03 -3.092435e+03 2.113856e+03 5.334193e+03 -2.697035e+03 5.887777e+04 -1.020063e+04 -1.578135e+03
8.383838e-03 -6.174044e+03 3.926575e+03 -2.559300e+03 -6.478915e+03 -2.869744e+03 6.424855e+04 -1.158506e+04 -1.972962e+03 -2.527265e+03 6.408387e+03 4.779755e+03 2.689836e+03 1.165513e+04 -1.936520e+03 -1.972431e+03 -4.949214e+04 -3.077831e+03 7.390055e+03 5.428061e+03 3.529879e+03 -1.328871e+04 2.415696e+03 2.143318e+03 5.639218e+04 5.434717e+03 -2.981209e+03 2.094056e+03 5.618595e+03 -2.622873e+03 5.638705e+04 -1.016110e+04 -1.570319e+03
8.585859e-03 -5.861337e+03 3.791872e+03 -2.534294e+03 -6.753281e+03 -2.787246e+03 6.153914e+04 -1.151998e+04 -1.961298e+03 -2.503610e+03 6.684245e+03 4.539565e+03 2.598072e+03 1.158864e+04 -1.926286e+03 -1.916174e+03 -4.740669e+04 -3.048361e+03 7.702531e+03 5.154131e+03 3.413001e+03 -1.321273e+04 2.401692e+03 2.078283e+03 5.401502e+04 5.160474e+03 -2.875308e+03 2.074041e+03 5.860832e+03 -2.551401e+03 5.401012e+04 -1.010417e+04 -1.561883e+03
8.787879e-03 -5.563967e+03 3.663601e+03 -2.509141e+03 -6.984623e+03 -2.707763e+03 5.895497e+04 -1.143774e+04 -1.949034e+03 -2.479744e+03 6.917064e+03 4.311124e+03 2.510679e+03 1.150499e+04 -1.915385e+03 -1.861965e+03 -4.541761e+04 -3.018679e+03 7.965979e+03 4.893616e+03 3.301719e+03 -1.311721e+04 2.386960e+03 2.015623e+03 5.174773e+04 4.899662e+03 -2.774435e+03 2.053876e+03 6.065303e+03 -2.482533e+03 5.174304e+04 -1.003219e+04 -1.552897e+03
8.989899e-03 -5.281320e+03 3.541402e+03 -2.483910e+03 -7.177475e+03 -2.631196e+03 5.649137e+04 -1.134071e+04 -1.936247e+03 -2.455739e+03 7.111373e+03 4.093964e+03 2.427413e+03 1.140657e+04 -1.903899e+03 -1.809734e+03 -4.352130e+04 -2.988870e+03 8.185564e+03 4.645981e+03 3.195719e+03 -1.300485e+04 2.371592e+03 1.955260e+03 4.958621e+04 4.651746e+03 -2.678310e+03 2.033617e+03 6.235980e+03 -2.416181e+03 4.958172e+04 -9.947223e+03 -1.543427e+03
9.191919e-03 -5.012776e+03 3.424934e+03 -2.458660e+03 -7.335929e+03 -2.557442e+03 5.414356e+04 -1.123103e+04 -1.923007e+03 -2.431657e+03 7.271262e+03 3.887609e+03 2.348043e+03 1.129551e+04 -1.891898e+03 -1.759415e+03 -4.171409e+04 -2.959007e+03 8.365952e+03 4.410684e+03 3.094705e+03 -1.287810e+04 2.355675e+03 1.897113e+03 4.752626e+04 4.416182e+03 -2.586669e+03 2.013317e+03 6.376452e+03 -2.352260e+03 4.752196e+04 -9.851151e+03 -1.533532e+03
9.393939e-03 -4.757713e+03 3.313879e+03 -2.433444e+03 -7.463674e+03 -2.486402e+03 5.190672e+04 -1.111059e+04 -1.909377e+03 -2.407553e+03 7.400419e+03 3.691586e+03 2.272352e+03 1.117371e+04 -1.879450e+03 -1.710940e+03 -3.999227e+04 -2.929155e+03 8.511349e+03 4.187181e+03 2.998397e+03 -1.273910e+04 2.339286e+03 1.841103e+03 4.556366e+04 4.192425e+03 -2.499264e+03 1.993019e+03 6.489955e+03 -2.290683e+03 4.555954e+04 -9.745633e+03 -1.523266e+03
9.595960e-03 -4.515515e+03 3.207937e+03 -2.408309e+03 -7.564039e+03 -2.417975e+03 4.977603e+04 -1.098107e+04 -1.895417e+03 -2.383477e+03 7.502170e+03 3.505421e+03 2.200139e+03 1.104285e+04 -1.866615e+03 -1.664241e+03 -3.835212e+04 -2.899372e+03 8.625546e+03 3.974934e+03 2.906534e+03 -1.258980e+04 2.322496e+03 1.787152e+03 4.369417e+04 3.979938e+03 -2.415862e+03 1.972763e+03 6.579406e+03 -2.231365e+03 4.369023e+04 -9.632150e+03 -1.512680e+03
9.797980e-03 -4.285577e+03 3.106824e+03 -2.383294e+03 -7.640020e+03 -2.352064e+03 4.774672e+04 -1.084398e+04 -1.881178e+03 -2.359470e+03 7.579511e+03 3.328653e+03 2.131210e+03 1.090444e+04 -1.853450e+03 -1.619254e+03 -3.678999e+04 -2.869708e+03 8.711960e+03 3.773413e+03 2.818869e+03 -1.243189e+04 2.305370e+03 1.735183e+03 4.191363e+04 3.778189e+03 -2.336242e+03 1.952583e+03 6.647435e+03 -2.174222e+03 4.190985e+04 -9.512018e+03 -1.501818e+03
1.000000e-02 -4.067306e+03 3.010275e+03 -2.358436e+03 -7.694314e+03 -2.288574e+03 4.581413e+04 -1.070065e+04 -1.866711e+03 -2.335571e+03 7.635137e+03 3.160828e+03 2.065387e+03 1.075982e+04 -1.840005e+03 -1.575913e+03 -3.530229e+04 -2.840206e+03 8.773664e+03 3.582101e+03 2.735172e+03 -1.226690e+04 2.287967e+03 1.685121e+03 4.021794e+04 3.586661e+03 -2.260200e+03 1.932509e+03 6.696407e+03 -2.119172e+03 4.021431e+04 -9.386406e+03 -1.490723e+03
