-1.000000e-02 -6.574032e+04 4.036626e+03 5.713261e+03 -9.659040e+04 -1.111219e+03 -1.717521e+05 -1.031243e+05 5.049544e+03 5.577116e+03 9.647128e+04 5.051253e+04 2.775615e+03 1.032446e+05 4.908863e+03 -7.918669e+02 1.323362e+05 6.826260e+03 1.100424e+05 5.762816e+04 3.758189e+03 -1.176246e+05 -6.071079e+03 5.791223e+02 -1.507626e+05 5.762465e+04 -2.947290e+03 -4.651477e+03 8.467923e+04 -1.298632e+03 -1.507610e+05 -9.051801e+04 4.063614e+03
-9.797980e-03 -7.502340e+04 4.474290e+03 6.088973e+03 -1.094881e+05 -1.129069e+03 -1.964343e+05 -1.171609e+05 5.352970e+03 5.932876e+03 1.093547e+05 5.764844e+04 3.076501e+03 1.172955e+05 5.191892e+03 -8.077569e+02 1.513506e+05 7.267534e+03 1.247371e+05 6.576745e+04 4.148053e+03 -1.336333e+05 -6.429653e+03 5.774992e+02 -1.724264e+05 6.576332e+04 -3.284383e+03 -4.953581e+03 9.598712e+04 -1.334047e+03 -1.724245e+05 -1.028378e+05 4.302113e+03
-9.595960e-03 -8.650137e+04 5.005527e+03 6.530668e+03 -1.253914e+05 -1.136294e+03 -2.269757e+05 -1.345060e+05 5.706384e+03 6.349687e+03 1.252405e+05 6.647176e+04 3.441737e+03 1.346581e+05 5.519879e+03 -8.172472e+02 1.748786e+05 7.785400e+03 1.428562e+05 7.583132e+04 4.620709e+03 -1.534153e+05 -6.846540e+03 5.645802e+02 -1.992329e+05 7.582639e+04 -3.694129e+03 -5.308187e+03 1.099302e+05 -1.364145e+03 -1.992307e+05 -1.180615e+05 4.579025e+03
-9.393939e-03 -1.009652e+05 5.663352e+03 7.059359e+03 -1.453774e+05 -1.126093e+03 -2.654907e+05 -1.563557e+05 6.125172e+03 6.846683e+03 1.452048e+05 7.759059e+04 3.894023e+03 1.565296e+05 5.906294e+03 -8.160031e+02 2.045489e+05 8.404051e+03 1.656270e+05 8.851333e+04 5.205252e+03 -1.783346e+05 -7.339503e+03 5.340517e+02 -2.330378e+05 8.850739e+04 -4.202276e+03 -5.731894e+03 1.274529e+05 -1.384331e+03 -2.330350e+05 -1.372388e+05 4.905993e+03
-9.191919e-03 -1.196239e+05 6.498577e+03 7.706778e+03 -1.710902e+05 -1.087050e+03 -3.152112e+05 -1.845407e+05 6.632485e+03 7.452665e+03 1.708900e+05 9.193442e+04 4.468294e+03 1.847423e+05 6.371302e+03 -7.967045e+02 2.428512e+05 9.159968e+03 1.949227e+05 1.048736e+05 5.946427e+03 -2.104789e+05 -7.935215e+03 4.754656e+02 -2.766776e+05 1.048663e+05 -4.848477e+03 -6.249734e+03 1.499968e+05 -1.386697e+03 -2.766742e+05 -1.619764e+05 5.300488e+03
-8.989899e-03 -1.444250e+05 7.594018e+03 8.523705e+03 -2.051742e+05 -9.990169e+02 -3.813443e+05 -2.220145e+05 7.265303e+03 8.213566e+03 2.049376e+05 1.110006e+05 5.221480e+03 2.222525e+05 6.946940e+03 -7.463638e+02 2.937965e+05 1.011143e+04 2.337560e+05 1.266199e+05 6.917113e+03 -2.532166e+05 -8.676182e+03 3.705984e+02 -3.347226e+05 1.266108e+05 -5.697406e+03 -6.901699e+03 1.798803e+05 -1.356989e+03 -3.347184e+05 -1.948667e+05 5.790341e+03
-8.787879e-03 -1.787369e+05 9.095465e+03 9.598005e+03 -2.521933e+05 -8.238501e+02 -4.728950e+05 -2.738948e+05 8.087624e+03 9.208591e+03 2.519068e+05 1.373787e+05 6.253777e+03 2.741827e+05 7.688386e+03 -6.402788e+02 3.643218e+05 1.135912e+04 2.873270e+05 1.567058e+05 8.245511e+03 -3.123840e+05 -9.635804e+03 1.852836e+02 -4.150765e+05 1.566941e+05 -6.862976e+03 -7.756874e+03 2.211050e+05 -1.267754e+03 -4.150709e+05 -2.404011e+05 6.423608e+03
-8.585859e-03 -2.290104e+05 1.128937e+04 1.109965e+04 -3.208665e+05 -4.814869e+02 -6.071078e+05 -3.500049e+05 9.223654e+03 1.059046e+04 3.205077e+05 1.760284e+05 7.761996e+03 3.503652e+05 8.702262e+03 -4.263866e+02 4.677108e+05 1.309750e+04 3.655697e+05 2.007878e+05 1.018336e+04 -3.991837e+05 -1.095623e+04 -1.516296e+02 -5.328744e+05 2.007721e+05 -8.569102e+03 -8.948691e+03 2.813156e+05 -1.060567e+03 -5.328670e+05 -3.072015e+05 7.293382e+03
-8.383838e-03 -3.097693e+05 1.484408e+04 1.342010e+04 -4.307633e+05 2.262353e+02 -8.227987e+05 -4.725230e+05 1.096145e+04 1.270985e+04 4.302892e+05 2.381155e+05 1.020519e+04 4.729984e+05 1.023506e+04 2.465839e+01 6.338647e+05 1.577385e+04 4.907807e+05 2.716014e+05 1.331771e+04 -5.389082e+05 -1.296652e+04 -8.151786e+02 -7.221849e+05 2.715790e+05 -1.133836e+04 -1.078399e+04 3.776700e+05 -5.891943e+02 -7.221743e+05 -4.147329e+05 8.615342e+03
-8.181818e-03 -4.653739e+05 2.190283e+04 1.780312e+04 -6.414144e+05 1.968413e+03 -1.238474e+06 -7.094254e+05 1.422684e+04 1.667807e+04 6.407192e+05 3.577449e+05 1.505474e+04 7.101217e+05 1.307758e+04 1.151096e+03 9.540726e+05 2.080779e+04 7.307863e+05 4.080447e+05 1.953026e+04 -8.090797e+05 -1.672269e+04 -2.393837e+03 -1.087021e+06 4.080084e+05 -1.684658e+04 -1.423635e+04 5.623629e+05 6.443764e+02 -1.087003e+06 -6.226567e+05 1.108267e+04
-7.979798e-03 -1.049891e+06 5.081922e+04 3.485977e+04 -1.425285e+06 1.074592e+04 -2.799289e+06 -1.605869e+06 2.706275e+04 3.195765e+04 1.423756e+06 8.071206e+05 3.490361e+04 1.607398e+06 2.410175e+04 6.896638e+03 2.156422e+06 4.030212e+04 1.623887e+06 9.205855e+05 4.493083e+04 -1.831410e+06 -3.139012e+04 -1.015207e+04 -2.456942e+06 9.204898e+05 -3.944057e+04 -2.760180e+04 1.249631e+06 7.135142e+03 -2.456896e+06 -1.409445e+06 2.072550e+04
-7.777778e-03 4.714400e+05 -3.274143e+04 -1.299140e+04 5.935500e+05 -1.787060e+04 1.259458e+06 7.471101e+05 -9.657925e+03 -1.060070e+04 -5.928830e+05 -3.624567e+05 -2.240330e+04 -7.477744e+05 -7.221923e+03 -1.196372e+04 -9.701941e+05 -1.421673e+04 -6.762547e+05 -4.134126e+05 -2.838463e+04 8.519964e+05 1.039473e+04 1.486480e+04 1.105422e+06 -4.133305e+05 2.587725e+04 9.756032e+03 -5.203738e+05 -1.444971e+04 1.105386e+06 6.557180e+05 -6.807752e+03
-7.575758e-03 -4.999259e+05 1.022275e+04 1.224293e+04 -7.192746e+05 -5.470236e+03 -1.337575e+06 -7.327983e+05 8.703668e+03 1.202917e+04 7.185818e+05 3.843496e+05 7.116331e+03 7.334902e+05 8.485594e+03 -3.888644e+03 1.030363e+06 1.462663e+04 8.195201e+05 4.383487e+05 9.357331e+03 -8.357212e+05 -1.059187e+04 3.895150e+03 -1.173966e+06 4.383424e+05 -7.723373e+03 -1.003695e+04 6.306840e+05 -5.336968e+03 -1.173960e+06 -6.431581e+05 6.927554e+03
-7.373737e-03 -4.953692e+06 1.586345e+05 9.640664e+04 -6.830254e+06 3.230086e+04 -1.327793e+07 -7.431180e+06 6.274050e+04 8.751822e+04 6.823551e+06 3.808690e+06 1.093855e+05 7.437846e+06 5.369836e+04 2.029430e+04 1.022811e+07 1.106934e+05 7.782167e+06 4.343770e+06 1.396588e+05 -8.474594e+06 -7.224647e+04 -2.935216e+04 -1.165379e+07 4.343481e+06 -1.242022e+05 -7.616572e+04 5.988897e+06 2.211473e+04 -1.165357e+07 -6.522079e+06 4.654303e+04
-7.171717e-03 1.181094e+06 -4.656241e+04 -1.754805e+04 1.578326e+06 -2.289443e+04 3.171377e+06 1.804132e+06 -9.834937e+03 -1.431962e+04 -1.576783e+06 -9.081493e+05 -3.200022e+04 -1.805658e+06 -6.554733e+03 -1.517796e+04 -2.442877e+06 -1.914140e+04 -1.798312e+06 -1.035727e+06 -4.037746e+04 2.057367e+06 1.032316e+04 1.887153e+04 2.783419e+06 -1.035609e+06 3.694900e+04 1.322600e+04 -1.383896e+06 -1.851422e+04 2.783369e+06 1.583405e+06 -6.432708e+03
-6.969697e-03 7.716758e+03 -1.845110e+04 -1.197805e+02 -6.040413e+04 -1.934122e+04 2.091144e+04 6.669800e+04 -1.253079e+02 1.631081e+03 6.041650e+04 -5.944764e+03 -1.253608e+04 -6.669915e+04 1.651740e+03 -1.313655e+04 -1.610208e+04 9.160315e+02 6.883503e+04 -6.804998e+03 -1.561127e+04 7.600556e+04 -9.240578e+02 1.548640e+04 1.836365e+04 -6.740029e+03 1.486560e+04 -6.207844e+02 5.301731e+04 -1.645579e+04 1.833568e+04 5.853069e+04 6.279350e+02
-6.767677e-03 -2.287877e+06 7.919857e+02 1.360567e+04 -3.347880e+06 -2.614161e+04 -6.162836e+06 -3.257405e+06 -5.899888e+02 1.477611e+04 3.345078e+06 1.759268e+06 1.194905e+03 3.260215e+06 5.966841e+02 -1.841663e+04 4.747033e+06 1.691053e+04 3.814608e+06 2.006215e+06 1.456046e+03 -3.714714e+06 -7.406234e+02 2.094538e+04 -5.408801e+06 2.006261e+06 -6.011075e+02 -1.188446e+04 2.935800e+06 -2.298179e+04 -5.408812e+06 -2.858859e+06 -5.645696e+02
-6.565657e-03 -1.047056e+09 3.165169e+06 1.758905e+06 -1.509604e+09 -3.265742e+06 -2.824965e+09 -1.508002e+09 -4.510466e+06 1.763490e+06 1.508357e+09 8.051714e+08 2.436810e+06 1.509249e+09 -4.505820e+06 -2.505142e+06 2.175951e+09 2.013088e+06 1.720066e+09 9.181828e+08 2.781838e+06 -1.719661e+09 5.131893e+06 2.853267e+06 -2.479311e+09 9.181830e+08 -2.772592e+06 -1.540816e+06 1.323799e+09 -2.867286e+06 -2.479311e+09 -1.323488e+09 -3.960203e+06
-6.363636e-03 -2.835729e+07 1.391610e+05 -6.333223e+04 -4.045551e+07 1.199988e+05 -7.662743e+07 -4.135870e+07 -2.267140e+05 -7.502888e+04 4.042336e+07 2.180752e+07 1.019028e+05 4.139067e+07 -2.385522e+05 7.419576e+04 5.902108e+07 -8.683610e+04 4.609605e+07 2.486783e+07 1.143389e+05 -4.716216e+07 2.731090e+05 -8.386468e+04 -6.725093e+07 2.486756e+07 -1.238981e+05 5.455551e+04 3.547696e+07 1.059914e+05 -6.725013e+07 -3.629742e+07 -1.979737e+05
-6.161616e-03 -3.294251e+06 9.650618e+03 -2.012043e+04 -4.702048e+06 2.552676e+04 -8.915000e+06 -4.828081e+06 -3.850755e+04 -2.168722e+04 4.698420e+06 2.533453e+06 7.369982e+03 4.831686e+06 -4.009233e+04 1.653502e+04 6.866577e+06 -2.565001e+04 5.357677e+06 2.888943e+06 7.042241e+03 -5.505426e+06 4.661255e+04 -1.836135e+04 -7.824061e+06 2.888888e+06 -9.823868e+03 1.693743e+04 4.123467e+06 2.288263e+04 -7.824012e+06 -4.237234e+06 -3.307902e+04
-5.959596e-03 -1.568296e+06 2.640588e+03 -1.548855e+04 -2.235918e+06 1.924280e+04 -4.250334e+06 -2.316762e+06 -2.395055e+04 -1.645115e+04 2.234253e+06 1.206148e+06 2.161504e+03 2.318412e+06 -2.492345e+04 1.271070e+04 3.273676e+06 -1.948923e+04 2.547702e+06 1.375372e+06 1.365473e+03 -2.641717e+06 2.913630e+04 -1.410857e+04 -3.730190e+06 1.375336e+06 -3.414111e+03 1.302159e+04 1.960829e+06 1.726276e+04 -3.730164e+06 -2.033226e+06 -2.045151e+04
-5.757576e-03 -1.275735e+06 4.919867e+03 -1.736725e+04 -1.796147e+06 2.653242e+04 -3.462378e+06 -1.917034e+06 -2.400336e+04 -1.874248e+04 1.794841e+06 9.811857e+05 3.626887e+03 1.918317e+06 -2.539187e+04 1.774992e+04 2.666741e+06 -2.197793e+04 2.046619e+06 1.118836e+06 3.206193e+03 -2.185850e+06 2.954465e+04 -1.991891e+04 -3.038646e+06 1.118783e+06 -5.243355e+03 1.476457e+04 1.575182e+06 2.359176e+04 -3.038612e+06 -1.682403e+06 -2.059446e+04
-5.555556e-03 -1.721457e+06 1.677527e+04 -3.000065e+04 -2.357444e+06 5.831841e+04 -4.678655e+06 -2.656836e+06 -3.859869e+04 -3.326596e+04 2.355743e+06 1.324058e+06 1.176408e+04 2.658476e+06 -4.189200e+04 3.927714e+04 3.603468e+06 -3.844956e+04 2.686199e+06 1.509804e+06 1.260589e+04 -3.029267e+06 4.825599e+04 -4.449771e+04 -4.106057e+06 1.509673e+06 -1.551936e+04 2.591238e+04 2.067432e+06 5.143790e+04 -4.105980e+06 -2.331632e+06 -3.347274e+04
-5.353535e-03 -9.799927e+06 1.693040e+05 -2.091963e+05 -1.291558e+07 4.844095e+05 -2.667172e+07 -1.560857e+07 -2.559257e+05 -2.374003e+05 1.290629e+07 7.538034e+06 1.170305e+05 1.561725e+07 -2.843397e+05 3.273252e+05 2.054193e+07 -2.711510e+05 1.471673e+07 8.595448e+06 1.327300e+05 -1.779578e+07 3.244558e+05 -3.727649e+05 -2.340743e+07 8.594339e+06 -1.491929e+05 1.831159e+05 1.132672e+07 4.253296e+05 -2.340661e+07 -1.369779e+07 -2.242475e+05
-5.151515e-03 1.468367e+06 -3.835897e+04 3.727883e+04 1.840310e+06 -9.867349e+04 4.001732e+06 2.422856e+06 4.398311e+04 4.313506e+04 -1.838944e+06 -1.129507e+06 -2.635303e+04 -2.424096e+06 4.987831e+04 -6.679910e+04 -3.082032e+06 4.879168e+04 -2.096951e+06 -1.287965e+06 -3.069568e+04 2.762242e+06 -5.643869e+04 7.630874e+04 3.511962e+06 -1.287713e+06 3.299458e+04 -3.299592e+04 -1.613879e+06 -8.640240e+04 3.511845e+06 2.126256e+06 3.890484e+04
-4.949495e-03 -5.043047e+05 3.606420e+03 -1.413463e+04 -6.824358e+05 2.688766e+04 -1.375945e+06 -8.143542e+05 -1.638988e+04 -1.540804e+04 6.819961e+05 3.879300e+05 2.541350e+03 8.147623e+05 -1.767099e+04 1.818939e+04 1.059703e+06 -1.791946e+04 7.776197e+05 4.423340e+05 2.309620e+03 -9.284241e+05 2.048871e+04 -2.055877e+04 -1.207529e+06 4.422795e+05 -3.750565e+03 1.212665e+04 5.985174e+05 2.376420e+04 -1.207501e+06 -7.146577e+05 -1.411182e+04
-4.747475e-03 -3.156907e+05 6.632773e+02 -9.833101e+03 -4.341068e+05 1.760991e+04 -8.623442e+05 -5.149979e+05 -1.119894e+04 -1.058096e+04 4.338454e+05 2.428484e+05 5.037810e+02 5.152389e+05 -1.195079e+04 1.191959e+04 6.641381e+05 -1.237826e+04 4.946592e+05 2.769010e+05 3.370429e+01 -5.871209e+05 1.393324e+04 -1.343377e+04 -7.567883e+05 2.768685e+05 -1.122052e+03 8.382737e+03 3.807379e+05 1.560277e+04 -7.567715e+05 -4.519464e+05 -9.585096e+03
-4.545455e-03 -2.267165e+05 -5.192993e+02 -7.747448e+03 -3.163925e+05 1.348002e+04 -6.200043e+05 -3.750991e+05 -8.695949e+03 -8.266318e+03 3.162146e+05 1.744093e+05 -3.173906e+02 3.752614e+05 -9.217240e+03 9.129477e+03 4.774934e+05 -9.707442e+03 3.605283e+05 1.988621e+05 -8.629316e+02 -4.276183e+05 1.078659e+04 -1.027071e+04 -5.441090e+05 1.988393e+05 -4.526323e+01 6.577871e+03 2.775041e+05 1.196218e+04 -5.440971e+05 -3.291730e+05 -7.413007e+03
-4.343434e-03 -1.732919e+05 -1.131208e+03 -6.426251e+03 -2.456622e+05 1.106245e+04 -4.744201e+05 -2.916754e+05 -7.127307e+03 -6.814275e+03 2.455339e+05 1.333146e+05 -7.435597e+02 2.917910e+05 -7.516886e+03 7.496235e+03 3.653683e+05 -8.024501e+03 2.799337e+05 1.520035e+05 -1.315210e+03 -3.325046e+05 8.821569e+03 -8.423424e+03 -4.163435e+05 1.519863e+05 5.250116e+02 5.440130e+03 2.154743e+05 9.826757e+03 -4.163345e+05 -2.559614e+05 -6.057556e+03
-4.141414e-03 -1.374957e+05 -1.484076e+03 -5.482590e+03 -1.983658e+05 9.458452e+03 -3.768141e+05 -2.361397e+05 -6.020583e+03 -5.785875e+03 1.982701e+05 1.057794e+05 -9.901233e+02 2.362245e+05 -6.324892e+03 6.412512e+03 2.901952e+05 -6.828017e+03 2.260411e+05 1.206065e+05 -1.567520e+03 -2.691871e+05 7.439250e+03 -7.200345e+03 -3.306843e+05 1.205929e+05 8.632856e+02 4.630876e+03 1.739954e+05 8.407290e+03 -3.306771e+05 -2.072241e+05 -5.104838e+03
-3.939394e-03 -1.118907e+05 -1.699463e+03 -4.760153e+03 -1.646805e+05 8.313252e+03 -3.069479e+05 -1.966928e+05 -5.183749e+03 -5.004299e+03 1.646076e+05 8.608304e+04 -1.141203e+03 1.967561e+05 -5.428572e+03 5.638633e+03 2.363869e+05 -5.915713e+03 1.876576e+05 9.814804e+04 -1.714881e+03 -2.242131e+05 6.396610e+03 -6.328728e+03 -2.693698e+05 9.813696e+04 1.077065e+03 4.013531e+03 1.444532e+05 7.392058e+03 -2.693640e+05 -1.726063e+05 -4.386844e+03
-3.737374e-03 -9.273865e+04 -1.834937e+03 -4.181218e+03 -1.396507e+05 7.455022e+03 -2.546500e+05 -1.674293e+05 -4.521079e+03 -4.381942e+03 1.395946e+05 7.135029e+04 -1.236683e+03 1.674768e+05 -4.722244e+03 5.058554e+03 1.961092e+05 -5.187194e+03 1.591368e+05 8.134940e+04 -1.802090e+03 -1.908495e+05 5.572723e+03 -5.676618e+03 -2.234734e+05 8.134020e+04 1.217518e+03 3.520319e+03 1.225017e+05 6.629992e+03 -2.234685e+05 -1.469252e+05 -3.819954e+03
-3.535354e-03 -7.792981e+04 -1.921156e+03 -3.701859e+03 -1.204728e+05 6.789390e+03 -2.141795e+05 -1.450279e+05 -3.978482e+03 -3.869485e+03 1.204292e+05 5.995831e+04 -1.297831e+03 1.450636e+05 -4.146386e+03 4.608548e+03 1.649409e+05 -4.585837e+03 1.372840e+05 6.836013e+04 -1.852869e+03 -1.653096e+05 4.899372e+03 -5.171616e+03 -1.879568e+05 6.835237e+04 1.312060e+03 3.113014e+03 1.056824e+05 6.038061e+03 -1.879527e+05 -1.272662e+05 -3.356999e+03
-3.333333e-03 -6.617616e+04 -1.975793e+03 -3.294968e+03 -1.054325e+05 6.259860e+03 -1.820314e+05 -1.274673e+05 -3.522659e+03 -3.436621e+03 1.053987e+05 5.091639e+04 -1.336916e+03 1.274938e+05 -3.664474e+03 4.250471e+03 1.401822e+05 -4.076778e+03 1.201459e+05 5.805054e+04 -1.880799e+03 -1.452888e+05 4.334633e+03 -4.770421e+03 -1.597440e+05 5.804393e+04 1.376600e+03 2.768077e+03 9.249169e+04 5.566514e+03 -1.597405e+05 -1.118554e+05 -2.968995e+03
-3.131313e-03 -5.664500e+04 -2.009633e+03 -2.942709e+03 -9.342136e+04 5.830408e+03 -1.559393e+05 -1.134447e+05 -3.131784e+03 -3.063492e+03 9.339519e+04 4.358402e+04 -1.361437e+03 1.134641e+05 -3.252646e+03 3.960002e+03 1.200877e+05 -3.637130e+03 1.064594e+05 4.969028e+04 -1.894100e+03 -1.293018e+05 3.851066e+03 -4.445454e+03 -1.368460e+05 4.968459e+04 1.420924e+03 2.470055e+03 8.195749e+04 5.183606e+03 -1.368430e+05 -9.954959e+04 -2.636977e+03
-2.929293e-03 -4.877371e+04 -2.029548e+03 -2.632753e+03 -8.369073e+04 5.476935e+03 -1.343717e+05 -1.020831e+05 -2.790844e+03 -2.736429e+03 8.367065e+04 3.752845e+04 -1.376176e+03 1.020968e+05 -2.894541e+03 3.720869e+03 1.034779e+05 -3.251107e+03 9.537142e+04 4.278588e+04 -1.897962e+03 -1.163486e+05 3.429827e+03 -4.178282e+03 -1.179187e+05 4.278096e+04 1.451320e+03 2.208288e+03 7.342335e+04 4.868080e+03 -1.179161e+05 -8.957900e+04 -2.347925e+03
-2.727273e-03 -4.216854e+04 -2.040064e+03 -2.356237e+03 -7.571796e+04 5.182695e+03 -1.162566e+05 -9.277139e+04 -2.489111e+03 -2.445645e+03 7.570278e+04 3.244681e+04 -1.384286e+03 9.278051e+04 -2.578500e+03 3.521766e+03 8.952695e+04 -2.907388e+03 8.628652e+04 3.699200e+04 -1.895770e+03 -1.057326e+05 3.057466e+03 -3.956108e+03 -1.020213e+05 3.698773e+04 1.471973e+03 1.975127e+03 6.643087e+04 4.605152e+03 -1.020190e+05 -8.140731e+04 -2.092550e+03
-2.525253e-03 -3.654574e+04 -2.044245e+03 -2.106581e+03 -6.912794e+04 4.935692e+03 -1.008210e+05 -8.507159e+04 -2.218668e+03 -2.183907e+03 6.911676e+04 2.812083e+04 -1.387905e+03 8.507700e+04 -2.295947e+03 3.354594e+03 7.763979e+04 -2.597588e+03 7.877722e+04 3.205976e+04 -1.889784e+03 -9.695430e+04 2.724074e+03 -3.769774e+03 -8.847548e+04 3.205604e+04 1.485742e+03 1.764908e+03 6.065109e+04 4.384224e+03 -8.847347e+04 -7.465023e+04 -1.864013e+03
-2.323232e-03 -3.169571e+04 -2.044207e+03 -1.878768e+03 -6.364537e+04 4.727119e+03 -8.749403e+04 -7.866281e+04 -1.973519e+03 -1.945717e+03 6.363746e+04 2.438930e+04 -1.388512e+03 7.866517e+04 -2.040402e+03 3.213405e+03 6.737660e+04 -2.315324e+03 7.252984e+04 2.780533e+04 -1.881549e+03 -8.964790e+04 2.422152e+03 -3.612561e+03 -7.678016e+04 2.780208e+04 1.494628e+03 1.573318e+03 5.584257e+04 4.197508e+03 -7.677842e+04 -6.902611e+04 -1.657137e+03
-2.121212e-03 -2.746019e+04 -2.041442e+03 -1.668877e+03 -5.906447e+04 4.550376e+03 -7.584442e+04 -7.330536e+04 -1.749009e+03 -1.726798e+03 5.905926e+04 2.113047e+04 -1.387150e+03 7.330521e+04 -1.806854e+03 3.093742e+03 5.840524e+04 -2.055621e+03 6.730991e+04 2.408989e+04 -1.872133e+03 -8.354012e+04 2.145889e+03 -3.479439e+03 -6.655690e+04 2.408707e+04 1.500058e+03 1.396995e+03 5.182483e+04 4.039163e+03 -6.655538e+04 -6.432461e+04 -1.467917e+03
-1.919192e-03 -2.371736e+04 -2.037012e+03 -1.473784e+03 -5.522910e+04 4.400436e+03 -6.554004e+04 -6.881753e+04 -1.541455e+03 -1.523752e+03 5.522612e+04 1.825064e+04 -1.384564e+03 6.881532e+04 -1.591342e+03 2.992211e+03 5.046992e+04 -1.814521e+03 6.293949e+04 2.080659e+04 -1.862289e+03 -7.842378e+04 1.890689e+03 -3.366582e+03 -5.751420e+04 2.080414e+04 1.503063e+03 1.233260e+03 4.846096e+04 3.904739e+03 -5.751287e+04 -6.038627e+04 -1.293184e+03
-1.717172e-03 -2.037167e+04 -2.031687e+03 -1.290947e+03 -5.201938e+04 4.273425e+03 -5.632038e+04 -6.505988e+04 -1.347881e+03 -1.333824e+03 5.201824e+04 1.567632e+04 -1.381293e+03 6.505597e+04 -1.390677e+03 2.906193e+03 4.337000e+04 -1.588811e+03 5.928200e+04 1.787163e+04 -1.852548e+03 -7.413990e+04 1.652843e+03 -3.271039e+03 -4.942344e+04 1.786952e+04 1.504399e+03 1.079943e+03 4.564581e+04 3.790799e+03 -4.942230e+04 -5.708871e+04 -1.130383e+03
-1.515152e-03 -1.734691e+04 -2.026025e+03 -1.118262e+03 -4.934246e+04 4.166323e+03 -4.797752e+04 -6.192445e+04 -1.165841e+03 -1.154743e+03 4.934284e+04 1.334887e+04 -1.377730e+03 6.191914e+04 -1.202244e+03 2.833650e+03 3.694535e+04 -1.375836e+03 5.623162e+04 1.521817e+04 -1.843290e+03 -7.056539e+04 1.429307e+03 -3.190514e+03 -4.210215e+04 1.521637e+04 1.504624e+03 9.352476e+02 4.329794e+04 3.694668e+03 -4.210117e+04 -5.433720e+04 -9.774173e+02
-1.313131e-03 -1.458120e+04 -2.020438e+03 -9.539558e+02 -4.712602e+04 4.076769e+03 -4.034258e+04 -5.932721e+04 -9.932846e+02 -9.846006e+02 4.712765e+04 1.122070e+04 -1.374165e+03 5.932076e+04 -1.023857e+03 2.772986e+03 3.106591e+04 -1.173363e+03 5.370597e+04 1.279192e+04 -1.834789e+03 -6.760445e+04 1.217532e+03 -3.123213e+03 -3.540212e+04 1.279040e+04 1.504156e+03 7.976619e+02 4.135396e+04 3.614249e+03 -3.540130e+04 -5.205797e+04 -8.325337e+02
-1.111111e-03 -1.202340e+04 -2.015225e+03 -7.965083e+02 -4.531373e+04 4.002910e+03 -3.327594e+04 -5.720267e+04 -8.284684e+02 -8.217640e+02 4.531636e+04 9.252471e+03 -1.370810e+03 5.719529e+04 -8.536602e+02 2.722949e+03 2.562414e+04 -9.794784e+02 5.164084e+04 1.054804e+04 -1.827240e+03 -6.518241e+04 1.015350e+03 -3.067729e+03 -2.920084e+04 1.054679e+04 1.503305e+03 6.658922e+02 3.976443e+04 3.547898e+03 -2.920016e+04 -5.019357e+04 -6.942407e+02
-9.090909e-04 -9.630441e+03 -2.010610e+03 -6.445918e+02 -4.386182e+04 3.943303e+03 -2.665998e+04 -5.549999e+04 -6.698773e+02 -6.648125e+02 4.386526e+04 7.411049e+03 -1.367822e+03 5.549188e+04 -6.900437e+02 2.682564e+03 2.052947e+04 -7.925167e+02 4.998637e+04 8.448750e+03 -1.820783e+03 -6.324132e+04 8.208824e+02 -3.022966e+03 -2.339507e+04 8.447741e+03 1.502304e+03 5.388104e+02 3.849098e+04 3.494331e+03 -2.339452e+04 -4.869939e+04 -5.612455e+02
-7.070707e-04 -7.365300e+03 -2.006754e+03 -4.970259e+02 -4.273676e+04 3.896835e+03 -2.039354e+04 -5.418022e+04 -5.161720e+02 -5.124854e+02 4.274082e+04 5.667956e+03 -1.365314e+03 5.417154e+04 -5.315881e+02 2.651079e+03 1.570398e+04 -6.109970e+02 4.870435e+04 6.461571e+03 -1.815519e+03 -6.173675e+04 6.324662e+02 -2.988079e+03 -1.789603e+04 6.460798e+03 1.501325e+03 4.154140e+02 3.750421e+04 3.452560e+03 -1.789561e+04 -4.754121e+04 -4.324062e+02
-5.050505e-04 -5.195424e+03 -2.003771e+03 -3.527397e+02 -4.191348e+04 3.862670e+03 -1.438765e+04 -5.321422e+04 -3.661436e+02 -3.636422e+02 4.191798e+04 3.998149e+03 -1.363370e+03 5.320513e+04 -3.770145e+02 2.627929e+03 1.107914e+04 -4.335782e+02 4.776620e+04 4.557951e+03 -1.811518e+03 -6.063548e+04 4.486035e+02 -2.962433e+03 -1.262564e+04 4.557405e+03 1.500491e+03 2.947951e+02 3.678211e+04 3.421842e+03 -1.262534e+04 -4.669349e+04 -3.066935e+02
-3.030303e-04 -3.091465e+03 -2.001742e+03 -2.107428e+02 -4.137413e+04 3.840211e+03 -8.562044e+03 -5.258126e+04 -2.186783e+02 -2.172291e+02 4.137893e+04 2.379050e+03 -1.362045e+03 5.257190e+04 -2.251454e+02 2.612710e+03 6.593155e+03 -2.590209e+02 4.715160e+04 2.712150e+03 -1.808826e+03 -5.991390e+04 2.679143e+02 -2.945578e+03 -7.513477e+03 2.711825e+03 1.499891e+03 1.761144e+02 3.630906e+04 3.401647e+03 -7.513300e+03 -4.613804e+04 -1.831594e+02
-1.010101e-04 -1.026231e+03 -2.000716e+03 -7.009845e+01 -4.110726e+04 3.829076e+03 -2.842368e+03 -5.226803e+04 -7.272598e+01 -7.225147e+01 4.111220e+04 7.897413e+02 -1.361373e+03 5.225854e+04 -7.487256e+01 2.605165e+03 2.188749e+03 -8.615392e+01 4.684750e+04 9.003156e+02 -1.807474e+03 -5.955681e+04 8.909831e+01 -2.937222e+03 -2.494271e+03 9.002076e+02 1.499577e+03 5.857855e+01 3.607498e+04 3.391633e+03 -2.494212e+03 -4.586317e+04 -6.091142e+01
1.010101e-04 1.026231e+03 -2.000716e+03 7.009845e+01 -4.110726e+04 3.829076e+03 2.842368e+03 -5.226803e+04 7.272598e+01 7.225147e+01 4.111220e+04 -7.897413e+02 -1.361373e+03 5.225854e+04 7.487256e+01 2.605165e+03 -2.188749e+03 8.615392e+01 4.684750e+04 -9.003156e+02 -1.807474e+03 -5.955681e+04 -8.909831e+01 -2.937222e+03 2.494271e+03 -9.002076e+02 1.499577e+03 -5.857855e+01 3.607498e+04 3.391633e+03 2.494212e+03 -4.586317e+04 6.091142e+01
3.030303e-04 3.091465e+03 -2.001742e+03 2.107428e+02 -4.137413e+04 3.840211e+03 8.562044e+03 -5.258126e+04 2.186783e+02 2.172291e+02 4.137893e+04 -2.379050e+03 -1.362045e+03 5.257190e+04 2.251454e+02 2.612710e+03 -6.593155e+03 2.590209e+02 4.715160e+04 -2.712150e+03 -1.808826e+03 -5.991390e+04 -2.679143e+02 -2.945578e+03 7.513477e+03 -2.711825e+03 1.499891e+03 -1.761144e+02 3.630906e+04 3.401647e+03 7.513300e+03 -4.613804e+04 1.831594e+02
5.050505e-04 5.195424e+03 -2.003771e+03 3.527397e+02 -4.191348e+04 3.862670e+03 1.438765e+04 -5.321422e+04 3.661436e+02 3.636422e+02 4.191798e+04 -3.998149e+03 -1.363370e+03 5.320513e+04 3.770145e+02 2.627929e+03 -1.107914e+04 4.335782e+02 4.776620e+04 -4.557951e+03 -1.811518e+03 -6.063548e+04 -4.486035e+02 -2.962433e+03 1.262564e+04 -4.557405e+03 1.500491e+03 -2.947951e+02 3.678211e+04 3.421842e+03 1.262534e+04 -4.669349e+04 3.066935e+02
7.070707e-04 7.365300e+03 -2.006754e+03 4.970259e+02 -4.273676e+04 3.896835e+03 2.039354e+04 -5.418022e+04 5.161720e+02 5.124854e+02 4.274082e+04 -5.667956e+03 -1.365314e+03 5.417154e+04 5.315881e+02 2.651079e+03 -1.570398e+04 6.109970e+02 4.870435e+04 -6.461571e+03 -1.815519e+03 -6.173675e+04 -6.324662e+02 -2.988079e+03 1.789603e+04 -6.460798e+03 1.501325e+03 -4.154140e+02 3.750421e+04 3.452560e+03 1.789561e+04 -4.754121e+04 4.324062e+02
9.090909e-04 9.630441e+03 -2.010610e+03 6.445918e+02 -4.386182e+04 3.943303e+03 2.665998e+04 -5.549999e+04 6.698773e+02 6.648125e+02 4.386526e+04 -7.411049e+03 -1.367822e+03 5.549188e+04 6.900437e+02 2.682564e+03 -2.052947e+04 7.925167e+02 4.998637e+04 -8.448750e+03 -1.820783e+03 -6.324132e+04 -8.208824e+02 -3.022966e+03 2.339507e+04 -8.447741e+03 1.502304e+03 -5.388104e+02 3.849098e+04 3.494331e+03 2.339452e+04 -4.869939e+04 5.612455e+02
1.111111e-03 1.202340e+04 -2.015225e+03 7.965083e+02 -4.531373e+04 4.002910e+03 3.327594e+04 -5.720267e+04 8.284684e+02 8.217640e+02 4.531636e+04 -9.252471e+03 -1.370810e+03 5.719529e+04 8.536602e+02 2.722949e+03 -2.562414e+04 9.794784e+02 5.164084e+04 -1.054804e+04 -1.827240e+03 -6.518241e+04 -1.015350e+03 -3.067729e+03 2.920084e+04 -1.054679e+04 1.503305e+03 -6.658922e+02 3.976443e+04 3.547898e+03 2.920016e+04 -5.019357e+04 6.942407e+02
1.313131e-03 1.458120e+04 -2.020438e+03 9.539558e+02 -4.712602e+04 4.076769e+03 4.034258e+04 -5.932721e+04 9.932846e+02 9.846006e+02 4.712765e+04 -1.122070e+04 -1.374165e+03 5.932076e+04 1.023857e+03 2.772986e+03 -3.106591e+04 1.173363e+03 5.370597e+04 -1.279192e+04 -1.834789e+03 -6.760445e+04 -1.217532e+03 -3.123213e+03 3.540212e+04 -1.279040e+04 1.504156e+03 -7.976619e+02 4.135396e+04 3.614249e+03 3.540130e+04 -5.205797e+04 8.325337e+02
1.515152e-03 1.734691e+04 -2.026025e+03 1.118262e+03 -4.934246e+04 4.166323e+03 4.797752e+04 -6.192445e+04 1.165841e+03 1.154743e+03 4.934284e+04 -1.334887e+04 -1.377730e+03 6.191914e+04 1.202244e+03 2.833650e+03 -3.694535e+04 1.375836e+03 5.623162e+04 -1.521817e+04 -1.843290e+03 -7.056539e+04 -1.429307e+03 -3.190514e+03 4.210215e+04 -1.521637e+04 1.504624e+03 -9.352476e+02 4.329794e+04 3.694668e+03 4.210117e+04 -5.433720e+04 9.774173e+02
1.717172e-03 2.037167e+04 -2.031687e+03 1.290947e+03 -5.201938e+04 4.273425e+03 5.632038e+04 -6.505988e+04 1.347881e+03 1.333824e+03 5.201824e+04 -1.567632e+04 -1.381293e+03 6.505597e+04 1.390677e+03 2.906193e+03 -4.337000e+04 1.588811e+03 5.928200e+04 -1.787163e+04 -1.852548e+03 -7.413990e+04 -1.652843e+03 -3.271039e+03 4.942344e+04 -1.786952e+04 1.504399e+03 -1.079943e+03 4.564581e+04 3.790799e+03 4.942230e+04 -5.708871e+04 1.130383e+03
1.919192e-03 2.371736e+04 -2.037012e+03 1.473784e+03 -5.522910e+04 4.400436e+03 6.554004e+04 -6.881753e+04 1.541455e+03 1.523752e+03 5.522612e+04 -1.825064e+04 -1.384564e+03 6.881532e+04 1.591342e+03 2.992211e+03 -5.046992e+04 1.814521e+03 6.293949e+04 -2.080659e+04 -1.862289e+03 -7.842378e+04 -1.890689e+03 -3.366582e+03 5.751420e+04 -2.080414e+04 1.503063e+03 -1.233260e+03 4.846096e+04 3.904739e+03 5.751287e+04 -6.038627e+04 1.293184e+03
2.121212e-03 2.746019e+04 -2.041442e+03 1.668877e+03 -5.906447e+04 4.550376e+03 7.584442e+04 -7.330536e+04 1.749009e+03 1.726798e+03 5.905926e+04 -2.113047e+04 -1.387150e+03 7.330521e+04 1.806854e+03 3.093742e+03 -5.840524e+04 2.055621e+03 6.730991e+04 -2.408989e+04 -1.872133e+03 -8.354012e+04 -2.145889e+03 -3.479439e+03 6.655690e+04 -2.408707e+04 1.500058e+03 -1.396995e+03 5.182483e+04 4.039163e+03 6.655538e+04 -6.432461e+04 1.467917e+03
2.323232e-03 3.169571e+04 -2.044207e+03 1.878768e+03 -6.364537e+04 4.727119e+03 8.749403e+04 -7.866281e+04 1.973519e+03 1.945717e+03 6.363746e+04 -2.438930e+04 -1.388512e+03 7.866517e+04 2.040402e+03 3.213405e+03 -6.737660e+04 2.315324e+03 7.252984e+04 -2.780533e+04 -1.881549e+03 -8.964790e+04 -2.422152e+03 -3.612561e+03 7.678016e+04 -2.780208e+04 1.494628e+03 -1.573318e+03 5.584257e+04 4.197508e+03 7.677842e+04 -6.902611e+04 1.657137e+03
2.525253e-03 3.654574e+04 -2.044245e+03 2.106581e+03 -6.912794e+04 4.935692e+03 1.008210e+05 -8.507159e+04 2.218668e+03 2.183907e+03 6.911676e+04 -2.812083e+04 -1.387905e+03 8.507700e+04 2.295947e+03 3.354594e+03 -7.763979e+04 2.597588e+03 7.877722e+04 -3.205976e+04 -1.889784e+03 -9.695430e+04 -2.724074e+03 -3.769774e+03 8.847548e+04 -3.205604e+04 1.485742e+03 -1.764908e+03 6.065109e+04 4.384224e+03 8.847347e+04 -7.465023e+04 1.864013e+03
2.727273e-03 4.216854e+04 -2.040064e+03 2.356237e+03 -7.571796e+04 5.182695e+03 1.162566e+05 -9.277139e+04 2.489111e+03 2.445645e+03 7.570278e+04 -3.244681e+04 -1.384286e+03 9.278051e+04 2.578500e+03 3.521766e+03 -8.952695e+04 2.907388e+03 8.628652e+04 -3.699200e+04 -1.895770e+03 -1.057326e+05 -3.057466e+03 -3.956108e+03 1.020213e+05 -3.698773e+04 1.471973e+03 -1.975127e+03 6.643087e+04 4.605152e+03 1.020190e+05 -8.140731e+04 2.092550e+03
2.929293e-03 4.877371e+04 -2.029548e+03 2.632753e+03 -8.369073e+04 5.476935e+03 1.343717e+05 -1.020831e+05 2.790844e+03 2.736429e+03 8.367065e+04 -3.752845e+04 -1.376176e+03 1.020968e+05 2.894541e+03 3.720869e+03 -1.034779e+05 3.251107e+03 9.537142e+04 -4.278588e+04 -1.897962e+03 -1.163486e+05 -3.429827e+03 -4.178282e+03 1.179187e+05 -4.278096e+04 1.451320e+03 -2.208288e+03 7.342335e+04 4.868080e+03 1.179161e+05 -8.957900e+04 2.347925e+03
3.131313e-03 5.664500e+04 -2.009633e+03 2.942709e+03 -9.342136e+04 5.830408e+03 1.559393e+05 -1.134447e+05 3.131784e+03 3.063492e+03 9.339519e+04 -4.358402e+04 -1.361437e+03 1.134641e+05 3.252646e+03 3.960002e+03 -1.200877e+05 3.637130e+03 1.064594e+05 -4.969028e+04 -1.894100e+03 -1.293018e+05 -3.851066e+03 -4.445454e+03 1.368460e+05 -4.968459e+04 1.420924e+03 -2.470055e+03 8.195749e+04 5.183606e+03 1.368430e+05 -9.954959e+04 2.636977e+03
3.333333e-03 6.617616e+04 -1.975793e+03 3.294968e+03 -1.054325e+05 6.259860e+03 1.820314e+05 -1.274673e+05 3.522659e+03 3.436621e+03 1.053987e+05 -5.091639e+04 -1.336916e+03 1.274938e+05 3.664474e+03 4.250471e+03 -1.401822e+05 4.076778e+03 1.201459e+05 -5.805054e+04 -1.880799e+03 -1.452888e+05 -4.334633e+03 -4.770421e+03 1.597440e+05 -5.804393e+04 1.376600e+03 -2.768077e+03 9.249169e+04 5.566514e+03 1.597405e+05 -1.118554e+05 2.968995e+03
3.535354e-03 7.792981e+04 -1.921156e+03 3.701859e+03 -1.204728e+05 6.789390e+03 2.141795e+05 -1.450279e+05 3.978482e+03 3.869485e+03 1.204292e+05 -5.995831e+04 -1.297831e+03 1.450636e+05 4.146386e+03 4.608548e+03 -1.649409e+05 4.585837e+03 1.372840e+05 -6.836013e+04 -1.852869e+03 -1.653096e+05 -4.899372e+03 -5.171616e+03 1.879568e+05 -6.835237e+04 1.312060e+03 -3.113014e+03 1.056824e+05 6.038061e+03 1.879527e+05 -1.272662e+05 3.356999e+03
3.737374e-03 9.273865e+04 -1.834937e+03 4.181218e+03 -1.396507e+05 7.455022e+03 2.546500e+05 -1.674293e+05 4.521079e+03 4.381942e+03 1.395946e+05 -7.135029e+04 -1.236683e+03 1.674768e+05 4.722244e+03 5.058554e+03 -1.961092e+05 5.187194e+03 1.591368e+05 -8.134940e+04 -1.802090e+03 -1.908495e+05 -5.572723e+03 -5.676618e+03 2.234734e+05 -8.134020e+04 1.217518e+03 -3.520319e+03 1.225017e+05 6.629992e+03 2.234685e+05 -1.469252e+05 3.819954e+03
3.939394e-03 1.118907e+05 -1.699463e+03 4.760153e+03 -1.646805e+05 8.313252e+03 3.069479e+05 -1.966928e+05 5.183749e+03 5.004299e+03 1.646076e+05 -8.608304e+04 -1.141203e+03 1.967561e+05 5.428572e+03 5.638633e+03 -2.363869e+05 5.915713e+03 1.876576e+05 -9.814804e+04 -1.714881e+03 -2.242131e+05 -6.396610e+03 -6.328728e+03 2.693698e+05 -9.813696e+04 1.077065e+03 -4.013531e+03 1.444532e+05 7.392058e+03 2.693640e+05 -1.726063e+05 4.386844e+03
4.141414e-03 1.374957e+05 -1.484076e+03 5.482590e+03 -1.983658e+05 9.458452e+03 3.768141e+05 -2.361397e+05 6.020583e+03 5.785875e+03 1.982701e+05 -1.057794e+05 -9.901233e+02 2.362245e+05 6.324892e+03 6.412512e+03 -2.901952e+05 6.828017e+03 2.260411e+05 -1.206065e+05 -1.567520e+03 -2.691871e+05 -7.439250e+03 -7.200345e+03 3.306843e+05 -1.205929e+05 8.632856e+02 -4.630876e+03 1.739954e+05 8.407290e+03 3.306771e+05 -2.072241e+05 5.104838e+03
4.343434e-03 1.732919e+05 -1.131208e+03 6.426251e+03 -2.456622e+05 1.106245e+04 4.744201e+05 -2.916754e+05 7.127307e+03 6.814275e+03 2.455339e+05 -1.333146e+05 -7.435597e+02 2.917910e+05 7.516886e+03 7.496235e+03 -3.653683e+05 8.024501e+03 2.799337e+05 -1.520035e+05 -1.315210e+03 -3.325046e+05 -8.821569e+03 -8.423424e+03 4.163435e+05 -1.519863e+05 5.250116e+02 -5.440130e+03 2.154743e+05 9.826757e+03 4.163345e+05 -2.559614e+05 6.057556e+03
4.545455e-03 2.267165e+05 -5.192993e+02 7.747448e+03 -3.163925e+05 1.348002e+04 6.200043e+05 -3.750991e+05 8.695949e+03 8.266318e+03 3.162146e+05 -1.744093e+05 -3.173906e+02 3.752614e+05 9.217240e+03 9.129477e+03 -4.774934e+05 9.707442e+03 3.605283e+05 -1.988621e+05 -8.629316e+02 -4.276183e+05 -1.078659e+04 -1.027071e+04 5.441090e+05 -1.988393e+05 -4.526323e+01 -6.577871e+03 2.775041e+05 1.196218e+04 5.440971e+05 -3.291730e+05 7.413007e+03
4.747475e-03 3.156907e+05 6.632773e+02 9.833101e+03 -4.341068e+05 1.760991e+04 8.623442e+05 -5.149979e+05 1.119894e+04 1.058096e+04 4.338454e+05 -2.428484e+05 5.037810e+02 5.152389e+05 1.195079e+04 1.191959e+04 -6.641381e+05 1.237826e+04 4.946592e+05 -2.769010e+05 3.370429e+01 -5.871209e+05 -1.393324e+04 -1.343377e+04 7.567883e+05 -2.768685e+05 -1.122052e+03 -8.382737e+03 3.807379e+05 1.560277e+04 7.567715e+05 -4.519464e+05 9.585096e+03
4.949495e-03 5.043047e+05 3.606420e+03 1.413463e+04 -6.824358e+05 2.688766e+04 1.375945e+06 -8.143542e+05 1.638988e+04 1.540804e+04 6.819961e+05 -3.879300e+05 2.541350e+03 8.147623e+05 1.767099e+04 1.818939e+04 -1.059703e+06 1.791946e+04 7.776197e+05 -4.423340e+05 2.309620e+03 -9.284241e+05 -2.048871e+04 -2.055877e+04 1.207529e+06 -4.422795e+05 -3.750565e+03 -1.212665e+04 5.985174e+05 2.376420e+04 1.207501e+06 -7.146577e+05 1.411182e+04
5.151515e-03 -1.468367e+06 -3.835897e+04 -3.727883e+04 1.840310e+06 -9.867349e+04 -4.001732e+06 2.422856e+06 -4.398311e+04 -4.313506e+04 -1.838944e+06 1.129507e+06 -2.635303e+04 -2.424096e+06 -4.987831e+04 -6.679910e+04 3.082032e+06 -4.879168e+04 -2.096951e+06 1.287965e+06 -3.069568e+04 2.762242e+06 5.643869e+04 7.630874e+04 -3.511962e+06 1.287713e+06 3.299458e+04 3.299592e+04 -1.613879e+06 -8.640240e+04 -3.511845e+06 2.126256e+06 -3.890484e+04
5.353535e-03 9.799927e+06 1.693040e+05 2.091963e+05 -1.291558e+07 4.844095e+05 2.667172e+07 -1.560857e+07 2.559257e+05 2.374003e+05 1.290629e+07 -7.538034e+06 1.170305e+05 1.561725e+07 2.843397e+05 3.273252e+05 -2.054193e+07 2.711510e+05 1.471673e+07 -8.595448e+06 1.327300e+05 -1.779578e+07 -3.244558e+05 -3.727649e+05 2.340743e+07 -8.594339e+06 -1.491929e+05 -1.831159e+05 1.132672e+07 4.253296e+05 2.340661e+07 -1.369779e+07 2.242475e+05
5.555556e-03 1.721457e+06 1.677527e+04 3.000065e+04 -2.357444e+06 5.831841e+04 4.678655e+06 -2.656836e+06 3.859869e+04 3.326596e+04 2.355743e+06 -1.324058e+06 1.176408e+04 2.658476e+06 4.189200e+04 3.927714e+04 -3.603468e+06 3.844956e+04 2.686199e+06 -1.509804e+06 1.260589e+04 -3.029267e+06 -4.825599e+04 -4.449771e+04 4.106057e+06 -1.509673e+06 -1.551936e+04 -2.591238e+04 2.067432e+06 5.143790e+04 4.105980e+06 -2.331632e+06 3.347274e+04
5.757576e-03 1.275735e+06 4.919867e+03 1.736725e+04 -1.796147e+06 2.653242e+04 3.462378e+06 -1.917034e+06 2.400336e+04 1.874248e+04 1.794841e+06 -9.811857e+05 3.626887e+03 1.918317e+06 2.539187e+04 1.774992e+04 -2.666741e+06 2.197793e+04 2.046619e+06 -1.118836e+06 3.206193e+03 -2.185850e+06 -2.954465e+04 -1.991891e+04 3.038646e+06 -1.118783e+06 -5.243355e+03 -1.476457e+04 1.575182e+06 2.359176e+04 3.038612e+06 -1.682403e+06 2.059446e+04
5.959596e-03 1.568296e+06 2.640588e+03 1.548855e+04 -2.235918e+06 1.924280e+04 4.250334e+06 -2.316762e+06 2.395055e+04 1.645115e+04 2.234253e+06 -1.206148e+06 2.161504e+03 2.318412e+06 2.492345e+04 1.271070e+04 -3.273676e+06 1.948923e+04 2.547702e+06 -1.375372e+06 1.365473e+03 -2.641717e+06 -2.913630e+04 -1.410857e+04 3.730190e+06 -1.375336e+06 -3.414111e+03 -1.302159e+04 1.960829e+06 1.726276e+04 3.730164e+06 -2.033226e+06 2.045151e+04
6.161616e-03 3.294251e+06 9.650618e+03 2.012043e+04 -4.702048e+06 2.552676e+04 8.915000e+06 -4.828081e+06 3.850755e+04 2.168722e+04 4.698420e+06 -2.533453e+06 7.369982e+03 4.831686e+06 4.009233e+04 1.653502e+04 -6.866577e+06 2.565001e+04 5.357677e+06 -2.888943e+06 7.042241e+03 -5.505426e+06 -4.661255e+04 -1.836135e+04 7.824061e+06 -2.888888e+06 -9.823868e+03 -1.693743e+04 4.123467e+06 2.288263e+04 7.824012e+06 -4.237234e+06 3.307902e+04
6.363636e-03 2.835729e+07 1.391610e+05 6.333223e+04 -4.045551e+07 1.199988e+05 7.662743e+07 -4.135870e+07 2.267140e+05 7.502888e+04 4.042336e+07 -2.180752e+07 1.019028e+05 4.139067e+07 2.385522e+05 7.419576e+04 -5.902108e+07 8.683609e+04 4.609605e+07 -2.486782e+07 1.143389e+05 -4.716215e+07 -2.731090e+05 -8.386468e+04 6.725093e+07 -2.486756e+07 -1.238981e+05 -5.455551e+04 3.547696e+07 1.059914e+05 6.725013e+07 -3.629742e+07 1.979737e+05
6.565657e-03 1.047056e+09 3.165169e+06 -1.758905e+06 -1.509604e+09 -3.265742e+06 2.824965e+09 -1.508002e+09 4.510466e+06 -1.763490e+06 1.508357e+09 -8.051714e+08 2.436810e+06 1.509249e+09 4.505820e+06 -2.505142e+06 -2.175951e+09 -2.013088e+06 1.720066e+09 -9.181828e+08 2.781838e+06 -1.719661e+09 -5.131893e+06 2.853267e+06 2.479311e+09 -9.181830e+08 -2.772592e+06 1.540816e+06 1.323799e+09 -2.867286e+06 2.479311e+09 -1.323488e+09 3.960203e+06
6.767677e-03 2.287877e+06 7.919857e+02 -1.360567e+04 -3.347880e+06 -2.614161e+04 6.162836e+06 -3.257405e+06 5.899888e+02 -1.477611e+04 3.345078e+06 -1.759268e+06 1.194905e+03 3.260215e+06 -5.966841e+02 -1.841663e+04 -4.747033e+06 -1.691053e+04 3.814608e+06 -2.006215e+06 1.456046e+03 -3.714714e+06 7.406234e+02 2.094538e+04 5.408801e+06 -2.006261e+06 -6.011075e+02 1.188446e+04 2.935800e+06 -2.298179e+04 5.408812e+06 -2.858859e+06 5.645696e+02
6.969697e-03 -7.716758e+03 -1.845110e+04 1.197805e+02 -6.040413e+04 -1.934122e+04 -2.091144e+04 6.669800e+04 1.253079e+02 -1.631081e+03 6.041650e+04 5.944764e+03 -1.253608e+04 -6.669915e+04 -1.651740e+03 -1.313655e+04 1.610208e+04 -9.160315e+02 6.883503e+04 6.804997e+03 -1.561127e+04 7.600556e+04 9.240578e+02 1.548640e+04 -1.836365e+04 6.740028e+03 1.486560e+04 6.207844e+02 5.301731e+04 -1.645579e+04 -1.833568e+04 5.853069e+04 -6.279350e+02
7.171717e-03 -1.181094e+06 -4.656241e+04 1.754805e+04 1.578326e+06 -2.289443e+04 -3.171377e+06 1.804132e+06 9.834937e+03 1.431962e+04 -1.576783e+06 9.081493e+05 -3.200022e+04 -1.805658e+06 6.554733e+03 -1.517796e+04 2.442877e+06 1.914140e+04 -1.798312e+06 1.035727e+06 -4.037746e+04 2.057367e+06 -1.032317e+04 1.887153e+04 -2.783419e+06 1.035609e+06 3.694900e+04 -1.322600e+04 -1.383896e+06 -1.851422e+04 -2.783369e+06 1.583405e+06 6.432708e+03
7.373737e-03 4.953692e+06 1.586345e+05 -9.640664e+04 -6.830254e+06 3.230086e+04 1.327793e+07 -7.431180e+06 -6.274050e+04 -8.751822e+04 6.823551e+06 -3.808690e+06 1.093855e+05 7.437846e+06 -5.369836e+04 2.029430e+04 -1.022811e+07 -1.106934e+05 7.782167e+06 -4.343770e+06 1.396588e+05 -8.474594e+06 7.224647e+04 -2.935216e+04 1.165379e+07 -4.343481e+06 -1.242022e+05 7.616572e+04 5.988897e+06 2.211473e+04 1.165357e+07 -6.522079e+06 -4.654303e+04
7.575758e-03 4.999259e+05 1.022275e+04 -1.224293e+04 -7.192746e+05 -5.470236e+03 1.337575e+06 -7.327983e+05 -8.703668e+03 -1.202917e+04 7.185818e+05 -3.843496e+05 7.116331e+03 7.334902e+05 -8.485594e+03 -3.888644e+03 -1.030363e+06 -1.462663e+04 8.195201e+05 -4.383487e+05 9.357331e+03 -8.357212e+05 1.059187e+04 3.895150e+03 1.173966e+06 -4.383424e+05 -7.723373e+03 1.003695e+04 6.306840e+05 -5.336968e+03 1.173960e+06 -6.431581e+05 -6.927554e+03
7.777778e-03 -4.714400e+05 -3.274143e+04 1.299140e+04 5.935500e+05 -1.787060e+04 -1.259458e+06 7.471101e+05 9.657925e+03 1.060070e+04 -5.928830e+05 3.624567e+05 -2.240330e+04 -7.477744e+05 7.221923e+03 -1.196372e+04 9.701941e+05 1.421673e+04 -6.762547e+05 4.134126e+05 -2.838463e+04 8.519964e+05 -1.039473e+04 1.486480e+04 -1.105422e+06 4.133305e+05 2.587725e+04 -9.756032e+03 -5.203738e+05 -1.444971e+04 -1.105386e+06 6.557180e+05 6.807752e+03
7.979798e-03 1.049891e+06 5.081922e+04 -3.485977e+04 -1.425285e+06 1.074592e+04 2.799289e+06 -1.605869e+06 -2.706275e+04 -3.195765e+04 1.423756e+06 -8.071206e+05 3.490361e+04 1.607398e+06 -2.410175e+04 6.896638e+03 -2.156422e+06 -4.030212e+04 1.623887e+06 -9.205855e+05 4.493083e+04 -1.831410e+06 3.139012e+04 -1.015207e+04 2.456942e+06 -9.204898e+05 -3.944057e+04 2.760180e+04 1.249631e+06 7.135142e+03 2.456896e+06 -1.409445e+06 -2.072550e+04
8.181818e-03 4.653739e+05 2.190283e+04 -1.780312e+04 -6.414144e+05 1.968413e+03 1.238474e+06 -7.094254e+05 -1.422684e+04 -1.667807e+04 6.407192e+05 -3.577449e+05 1.505474e+04 7.101217e+05 -1.307758e+04 1.151096e+03 -9.540726e+05 -2.080779e+04 7.307863e+05 -4.080447e+05 1.953026e+04 -8.090797e+05 1.672269e+04 -2.393837e+03 1.087021e+06 -4.080084e+05 -1.684658e+04 1.423635e+04 5.623629e+05 6.443764e+02 1.087003e+06 -6.226567e+05 -1.108267e+04
8.383838e-03 3.097693e+05 1.484408e+04 -1.342010e+04 -4.307633e+05 2.262353e+02 8.227987e+05 -4.725230e+05 -1.096145e+04 -1.270985e+04 4.302892e+05 -2.381155e+05 1.020519e+04 4.729984e+05 -1.023506e+04 2.465839e+01 -6.338647e+05 -1.577385e+04 4.907807e+05 -2.716014e+05 1.331771e+04 -5.389082e+05 1.296652e+04 -8.151786e+02 7.221849e+05 -2.715790e+05 -1.133836e+04 1.078399e+04 3.776700e+05 -5.891943e+02 7.221743e+05 -4.147329e+05 -8.615342e+03
8.585859e-03 2.290104e+05 1.128937e+04 -1.109965e+04 -3.208665e+05 -4.814869e+02 6.071078e+05 -3.500049e+05 -9.223654e+03 -1.059046e+04 3.205077e+05 -1.760284e+05 7.761996e+03 3.503652e+05 -8.702262e+03 -4.263866e+02 -4.677108e+05 -1.309750e+04 3.655697e+05 -2.007878e+05 1.018336e+04 -3.991837e+05 1.095623e+04 -1.516296e+02 5.328744e+05 -2.007721e+05 -8.569102e+03 8.948691e+03 2.813156e+05 -1.060567e+03 5.328670e+05 -3.072015e+05 -7.293382e+03
8.787879e-03 1.787369e+05 9.095465e+03 -9.598005e+03 -2.521933e+05 -8.238501e+02 4.728950e+05 -2.738948e+05 -8.087624e+03 -9.208591e+03 2.519068e+05 -1.373787e+05 6.253777e+03 2.741827e+05 -7.688386e+03 -6.402788e+02 -3.643218e+05 -1.135912e+04 2.873270e+05 -1.567058e+05 8.245511e+03 -3.123840e+05 9.635804e+03 1.852836e+02 4.150765e+05 -1.566941e+05 -6.862976e+03 7.756874e+03 2.211050e+05 -1.267754e+03 4.150709e+05 -2.404011e+05 -6.423608e+03
8.989899e-03 1.444250e+05 7.594018e+03 -8.523705e+03 -2.051742e+05 -9.990169e+02 3.813443e+05 -2.220145e+05 -7.265303e+03 -8.213566e+03 2.049376e+05 -1.110006e+05 5.221480e+03 2.222525e+05 -6.946940e+03 -7.463638e+02 -2.937965e+05 -1.011143e+04 2.337560e+05 -1.266199e+05 6.917113e+03 -2.532166e+05 8.676182e+03 3.705984e+02 3.347226e+05 -1.266108e+05 -5.697406e+03 6.901699e+03 1.798803e+05 -1.356989e+03 3.347184e+05 -1.948667e+05 -5.790341e+03
9.191919e-03 1.196239e+05 6.498577e+03 -7.706778e+03 -1.710902e+05 -1.087050e+03 3.152112e+05 -1.845407e+05 -6.632485e+03 -7.452665e+03 1.708900e+05 -9.193442e+04 4.468294e+03 1.847423e+05 -6.371302e+03 -7.967045e+02 -2.428512e+05 -9.159968e+03 1.949227e+05 -1.048736e+05 5.946427e+03 -2.104789e+05 7.935215e+03 4.754656e+02 2.766776e+05 -1.048663e+05 -4.848477e+03 6.249734e+03 1.499968e+05 -1.386697e+03 2.766742e+05 -1.619764e+05 -5.300488e+03
9.393939e-03 1.009652e+05 5.663352e+03 -7.059359e+03 -1.453774e+05 -1.126093e+03 2.654907e+05 -1.563557e+05 -6.125172e+03 -6.846683e+03 1.452048e+05 -7.759059e+04 3.894023e+03 1.565296e+05 -5.906294e+03 -8.160031e+02 -2.045489e+05 -8.404051e+03 1.656270e+05 -8.851333e+04 5.205252e+03 -1.783346e+05 7.339503e+03 5.340517e+02 2.330378e+05 -8.850739e+04 -4.202276e+03 5.731894e+03 1.274529e+05 -1.384331e+03 2.330350e+05 -1.372388e+05 -4.905993e+03
9.595960e-03 8.650137e+04 5.005527e+03 -6.530668e+03 -1.253914e+05 -1.136294e+03 2.269757e+05 -1.345060e+05 -5.706384e+03 -6.349687e+03 1.252405e+05 -6.647176e+04 3.441737e+03 1.346581e+05 -5.519879e+03 -8.172472e+02 -1.748786e+05 -7.785400e+03 1.428562e+05 -7.583132e+04 4.620709e+03 -1.534153e+05 6.846540e+03 5.645802e+02 1.992329e+05 -7.582639e+04 -3.694129e+03 5.308187e+03 1.099302e+05 -1.364145e+03 1.992307e+05 -1.180615e+05 -4.579025e+03
9.797980e-03 7.502340e+04 4.474290e+03 -6.088973e+03 -1.094881e+05 -1.129069e+03 1.964343e+05 -1.171609e+05 -5.352970e+03 -5.932876e+03 1.093547e+05 -5.764844e+04 3.076501e+03 1.172955e+05 -5.191892e+03 -8.077569e+02 -1.513506e+05 -7.267534e+03 1.247371e+05 -6.576745e+04 4.148053e+03 -1.336333e+05 6.429653e+03 5.774992e+02 1.724264e+05 -6.576332e+04 -3.284383e+03 4.953581e+03 9.598712e+04 -1.334047e+03 1.724245e+05 -1.028378e+05 -4.302113e+03
1.000000e-02 6.574032e+04 4.036626e+03 -5.713261e+03 -9.659040e+04 -1.111219e+03 1.717521e+05 -1.031243e+05 -5.049544e+03 -5.577116e+03 9.647128e+04 -5.051253e+04 2.775615e+03 1.032446e+05 -4.908863e+03 -7.918669e+02 -1.323362e+05 -6.826260e+03 1.100424e+05 -5.762816e+04 3.758189e+03 -1.176246e+05 6.071079e+03 5.791223e+02 1.507626e+05 -5.762465e+04 -2.947290e+03 4.651477e+03 8.467923e+04 -1.298632e+03 1.507610e+05 -9.051801e+04 -4.063614e+03
