-1.000000e-02 4.722388e+03 2.915139e+03 2.193544e+03 -5.634077e+03 -2.266839e+03 -4.082871e+04 -8.377018e+03 1.722666e+03 2.173870e+03 5.579683e+03 -3.660406e+03 1.999420e+03 8.431381e+03 1.699274e+03 -1.559700e+03 3.145917e+04 2.642815e+03 6.427141e+03 -4.154222e+03 2.647499e+03 -9.614756e+03 -2.115017e+03 1.672785e+03 -3.584069e+04 -4.158611e+03 -2.189198e+03 -1.797899e+03 4.891680e+03 -2.093948e+03 -3.583716e+04 -7.346329e+03 1.373993e+03
-9.797980e-03 4.941118e+03 3.000668e+03 2.211458e+03 -5.495913e+03 -2.325272e+03 -4.236327e+04 -8.406019e+03 1.732343e+03 2.191048e+03 5.440524e+03 -3.828403e+03 2.057660e+03 8.461343e+03 1.708166e+03 -1.599506e+03 3.264025e+04 2.664067e+03 6.269849e+03 -4.345849e+03 2.721473e+03 -9.649064e+03 -2.126620e+03 1.718973e+03 -3.718702e+04 -4.350424e+03 -2.256653e+03 -1.812333e+03 4.769415e+03 -2.144405e+03 -3.718336e+04 -7.371623e+03 1.381356e+03
-9.595960e-03 5.169441e+03 3.089753e+03 2.229193e+03 -5.334157e+03 -2.385694e+03 -4.396067e+04 -8.423238e+03 1.741623e+03 2.208018e+03 5.277766e+03 -4.003745e+03 2.118314e+03 8.479526e+03 1.716630e+03 -1.640662e+03 3.386965e+04 2.685087e+03 6.085673e+03 -4.545866e+03 2.798531e+03 -9.669950e+03 -2.137742e+03 1.766732e+03 -3.858847e+04 -4.550635e+03 -2.326896e+03 -1.826605e+03 4.626442e+03 -2.196575e+03 -3.858466e+04 -7.386576e+03 1.388364e+03
-9.393939e-03 5.407651e+03 3.182559e+03 2.246699e+03 -5.146432e+03 -2.448169e+03 -4.562260e+04 -8.427203e+03 1.750455e+03 2.224726e+03 5.089033e+03 -4.186653e+03 2.181495e+03 8.484457e+03 1.724614e+03 -1.683208e+03 3.514870e+04 2.705814e+03 5.871902e+03 -4.754528e+03 2.878817e+03 -9.675736e+03 -2.148323e+03 1.816112e+03 -4.004652e+04 -4.759499e+03 -2.400054e+03 -1.840673e+03 4.460677e+03 -2.250509e+03 -4.004257e+04 -7.389900e+03 1.394976e+03
-9.191919e-03 5.656019e+03 3.279262e+03 2.263919e+03 -4.930146e+03 -2.512756e+03 -4.735062e+04 -8.416304e+03 1.758786e+03 2.241118e+03 4.871739e+03 -4.377337e+03 2.247321e+03 8.474521e+03 1.732063e+03 -1.727185e+03 3.647860e+04 2.726179e+03 5.625586e+03 -4.972072e+03 2.962483e+03 -9.664581e+03 -2.158295e+03 1.867159e+03 -4.156254e+04 -4.977256e+03 -2.476265e+03 -1.854491e+03 4.269849e+03 -2.306260e+03 -4.155844e+04 -7.380180e+03 1.401146e+03
-8.989899e-03 5.914794e+03 3.380043e+03 2.280792e+03 -4.682485e+03 -2.579518e+03 -4.914612e+04 -8.388777e+03 1.766556e+03 2.257129e+03 4.623069e+03 -4.575984e+03 2.315914e+03 8.447950e+03 1.738917e+03 -1.772635e+03 3.786039e+04 2.746108e+03 5.343512e+03 -5.198715e+03 3.049689e+03 -9.634470e+03 -2.167588e+03 1.919923e+03 -4.313774e+04 -5.204119e+03 -2.555668e+03 -1.868006e+03 4.051490e+03 -2.363880e+03 -4.313348e+04 -7.355868e+03 1.406827e+03
-8.787879e-03 6.184187e+03 3.485090e+03 2.297249e+03 -4.400388e+03 -2.648513e+03 -5.101018e+04 -8.342695e+03 1.773703e+03 2.272690e+03 4.339968e+03 -4.782756e+03 2.387401e+03 8.402815e+03 1.745114e+03 -1.819595e+03 3.929492e+04 2.765517e+03 5.022196e+03 -5.434642e+03 3.140598e+03 -9.583202e+03 -2.176125e+03 1.974449e+03 -4.477308e+04 -5.440276e+03 -2.638409e+03 -1.881163e+03 3.802919e+03 -2.423418e+03 -4.476865e+04 -7.315275e+03 1.411965e+03
-8.585859e-03 6.464371e+03 3.594599e+03 2.313216e+03 -4.080542e+03 -2.719799e+03 -5.294362e+04 -8.275955e+03 1.780157e+03 2.287727e+03 4.019124e+03 -4.997782e+03 2.461915e+03 8.337009e+03 1.750584e+03 -1.868104e+03 4.078281e+04 2.784315e+03 4.657857e+03 -5.680001e+03 3.235379e+03 -9.508378e+03 -2.183822e+03 2.030783e+03 -4.646927e+04 -5.685875e+03 -2.724640e+03 -1.893899e+03 3.521232e+03 -2.484923e+03 -4.646466e+04 -7.256556e+03 1.416506e+03
-8.383838e-03 6.755462e+03 3.708770e+03 2.328607e+03 -3.719357e+03 -2.793432e+03 -5.494684e+04 -8.186271e+03 1.785847e+03 2.302155e+03 3.656953e+03 -5.221150e+03 2.539589e+03 8.248242e+03 1.755255e+03 -1.918199e+03 4.232438e+04 2.802400e+03 4.246405e+03 -5.934894e+03 3.334210e+03 -9.407385e+03 -2.190591e+03 2.088969e+03 -4.822666e+04 -5.941019e+03 -2.814517e+03 -1.906145e+03 3.203283e+03 -2.548441e+03 -4.822188e+04 -7.177707e+03 1.420389e+03
-8.181818e-03 7.057515e+03 3.827810e+03 2.343333e+03 -3.312959e+03 -2.869462e+03 -5.701980e+04 -8.071161e+03 1.790694e+03 2.315882e+03 3.249585e+03 -5.452901e+03 2.620565e+03 8.134026e+03 1.759047e+03 -1.969913e+03 4.391957e+04 2.819664e+03 3.783424e+03 -6.199368e+03 3.437270e+03 -9.277387e+03 -2.196335e+03 2.149047e+03 -5.004520e+04 -6.205752e+03 -2.908198e+03 -1.917825e+03 2.845678e+03 -2.614017e+03 -5.004024e+04 -7.076548e+03 1.423551e+03
-7.979798e-03 7.370503e+03 3.951934e+03 2.357294e+03 -2.857174e+03 -2.947937e+03 -5.916187e+04 -7.927936e+03 1.794614e+03 2.328810e+03 2.792849e+03 -5.693011e+03 2.704986e+03 7.991667e+03 1.761878e+03 -2.023277e+03 4.556793e+04 2.835984e+03 3.264154e+03 -6.473398e+03 3.544745e+03 -9.115313e+03 -2.200953e+03 2.211054e+03 -5.192437e+04 -6.480051e+03 -3.005849e+03 -1.928858e+03 2.444758e+03 -2.681688e+03 -5.191921e+04 -6.950723e+03 1.425923e+03
-7.777778e-03 7.694306e+03 4.081356e+03 2.370378e+03 -2.347515e+03 -3.028901e+03 -6.137178e+04 -7.753694e+03 1.797516e+03 2.340828e+03 2.282267e+03 -5.941386e+03 2.792996e+03 7.818256e+03 1.763658e+03 -2.078318e+03 4.726844e+04 2.851228e+03 2.683483e+03 -6.756878e+03 3.656824e+03 -8.917848e+03 -2.204334e+03 2.275024e+03 -5.386303e+04 -6.763810e+03 -3.107636e+03 -1.939153e+03 1.996594e+03 -2.751492e+03 -5.385767e+04 -6.797684e+03 1.427432e+03
-7.575758e-03 8.028692e+03 4.216297e+03 2.382466e+03 -1.779179e+03 -3.112390e+03 -6.364745e+04 -7.545310e+03 1.799306e+03 2.351817e+03 1.713038e+03 -6.197846e+03 2.884745e+03 7.610663e+03 1.764292e+03 -2.135061e+03 4.901953e+04 2.865250e+03 2.035935e+03 -7.049603e+03 3.773701e+03 -8.681422e+03 -2.206362e+03 2.340986e+03 -5.585935e+04 -7.056823e+03 -3.213728e+03 -1.948611e+03 1.496976e+03 -2.823458e+03 -5.585378e+04 -6.614693e+03 1.428002e+03
-7.373737e-03 8.373295e+03 4.356980e+03 2.393426e+03 -1.147038e+03 -3.198433e+03 -6.598587e+04 -7.299437e+03 1.799882e+03 2.361646e+03 1.080043e+03 -6.462108e+03 2.980381e+03 7.365532e+03 1.763680e+03 -2.193522e+03 5.081886e+04 2.877893e+03 1.315663e+03 -7.351251e+03 3.895568e+03 -8.402208e+03 -2.206913e+03 2.408963e+03 -5.791070e+04 -7.358769e+03 -3.324297e+03 -1.957123e+03 9.414116e+02 -2.897608e+03 -5.790492e+04 -6.398811e+03 1.427551e+03
-7.171717e-03 8.727595e+03 4.503626e+03 2.403115e+03 -4.456397e+02 -3.287051e+03 -6.838295e+04 -7.012496e+03 1.799135e+03 2.370173e+03 3.778368e+02 -6.733770e+03 3.080053e+03 7.079277e+03 1.761717e+03 -2.253714e+03 5.266329e+04 2.888983e+03 5.164527e+02 -7.661366e+03 4.022622e+03 -8.076120e+03 -2.205855e+03 2.478969e+03 -6.001349e+04 -7.669190e+03 -3.439513e+03 -1.964573e+03 3.251247e+02 -2.973959e+03 -6.000748e+04 -6.146902e+03 1.425993e+03
-6.969697e-03 9.090888e+03 4.656455e+03 2.411375e+03 3.307834e+02 -3.378253e+03 -7.083333e+04 -6.680688e+03 1.796952e+03 2.377245e+03 -3.993411e+02 -7.012290e+03 3.183910e+03 6.748091e+03 1.758290e+03 -2.315641e+03 5.454869e+04 2.898333e+03 -3.682707e+02 -7.979330e+03 4.155054e+03 -7.698816e+03 -2.203047e+03 2.551013e+03 -6.216301e+04 -7.987469e+03 -3.559543e+03 -1.970833e+03 -3.569376e+02 -3.052517e+03 -6.215678e+04 -5.855631e+03 1.423237e+03
-6.767677e-03 9.462264e+03 4.815684e+03 2.418037e+03 1.188301e+03 -3.472039e+03 -7.333022e+04 -6.299996e+03 1.793213e+03 2.382694e+03 -1.257552e+03 -7.296967e+03 3.292095e+03 6.367945e+03 1.753283e+03 -2.379300e+03 5.646983e+04 2.905737e+03 -1.345427e+03 -8.304344e+03 4.293055e+03 -7.265704e+03 -2.198344e+03 2.625094e+03 -6.435330e+04 -8.312806e+03 -3.684554e+03 -1.975763e+03 -1.110093e+03 -3.133279e+03 -6.434684e+04 -5.521476e+03 1.419189e+03
-6.565657e-03 9.840568e+03 4.981521e+03 2.422916e+03 2.133261e+03 -3.568392e+03 -7.586514e+04 -5.866200e+03 1.787790e+03 2.386338e+03 -2.203134e+03 -7.586913e+03 3.404749e+03 5.934613e+03 1.746574e+03 -2.444678e+03 5.842019e+04 2.910975e+03 -2.422252e+03 -8.635397e+03 4.436805e+03 -6.771963e+03 -2.191590e+03 2.701199e+03 -6.657694e+04 -8.644188e+03 -3.814703e+03 -1.979213e+03 -1.939900e+03 -3.216229e+03 -6.657024e+04 -5.140736e+03 1.413749e+03
-6.363636e-03 1.022438e+04 5.154161e+03 2.425811e+03 3.172250e+03 -3.667282e+03 -7.842776e+04 -5.374903e+03 1.780552e+03 2.387983e+03 -3.242664e+03 -7.881031e+03 3.522001e+03 5.443684e+03 1.738035e+03 -2.511752e+03 6.039180e+04 2.913806e+03 -3.606254e+03 -8.971239e+03 4.586480e+03 -6.212566e+03 -2.182623e+03 2.779302e+03 -6.882483e+04 -8.980365e+03 -3.950138e+03 -1.981020e+03 -2.852129e+03 -3.301338e+03 -6.881790e+04 -4.709553e+03 1.406814e+03
-6.161616e-03 1.061195e+04 5.333784e+03 2.426507e+03 4.312042e+03 -3.768661e+03 -8.100557e+04 -4.821559e+03 1.771361e+03 2.387418e+03 -4.382907e+03 -8.177985e+03 3.643971e+03 4.890602e+03 1.727535e+03 -2.580485e+03 6.237506e+04 2.913974e+03 -4.905157e+03 -9.310346e+03 4.742237e+03 -5.582320e+03 -2.171275e+03 2.859366e+03 -7.108603e+04 -9.319810e+03 -4.090997e+03 -1.981009e+03 -3.852713e+03 -3.388561e+03 -7.107886e+04 -4.223941e+03 1.398279e+03
-5.959596e-03 1.100119e+04 5.520551e+03 2.424770e+03 5.559530e+03 -3.872460e+03 -8.358371e+04 -4.201521e+03 1.760074e+03 2.384418e+03 -5.630744e+03 -8.476171e+03 3.770767e+03 4.270708e+03 1.714938e+03 -2.650829e+03 6.435851e+04 2.911199e+03 -6.326819e+03 -9.650890e+03 4.904217e+03 -4.875911e+03 -2.157369e+03 2.941335e+03 -7.334749e+04 -9.660695e+03 -4.237397e+03 -1.978991e+03 -4.947690e+03 -3.477837e+03 -7.334007e+04 -3.679823e+03 1.388033e+03
-5.757576e-03 1.138964e+04 5.714593e+03 2.420351e+03 6.921634e+03 -3.978587e+03 -8.614464e+04 -3.510096e+03 1.746543e+03 2.378739e+03 -6.993084e+03 -8.773687e+03 3.902473e+03 3.579297e+03 1.700106e+03 -2.722718e+03 6.632865e+04 2.905183e+03 -7.879127e+03 -9.990700e+03 5.072537e+03 -4.087974e+03 -2.140727e+03 3.025137e+03 -7.559381e+04 -1.000085e+04 -4.389437e+03 -1.974765e+03 -6.143119e+03 -3.569083e+03 -7.558615e+04 -3.073084e+03 1.375965e+03
-5.555556e-03 1.177438e+04 5.916006e+03 2.412982e+03 8.405186e+03 -4.086928e+03 -8.866789e+04 -2.742620e+03 1.730617e+03 2.370126e+03 -8.476746e+03 -9.068299e+03 4.039154e+03 2.811691e+03 1.682898e+03 -2.796072e+03 6.826974e+04 2.895609e+03 -9.569871e+03 -1.032723e+04 5.247285e+03 -3.213176e+03 -2.121161e+03 3.110682e+03 -7.780704e+04 -1.033771e+04 -4.547187e+03 -1.968113e+03 -7.444981e+03 -3.662198e+03 -7.779914e+04 -2.399633e+03 1.361961e+03
-5.353535e-03 1.215203e+04 6.124844e+03 2.402377e+03 1.001678e+04 -4.197339e+03 -9.112978e+04 -1.894549e+03 1.712142e+03 2.358302e+03 -1.008832e+04 -9.357413e+03 4.180843e+03 1.963335e+03 1.663172e+03 -2.870791e+03 7.016354e+04 2.882136e+03 -1.140657e+04 -1.065752e+04 5.428509e+03 -2.246325e+03 -2.098483e+03 3.197855e+03 -7.996640e+04 -1.066834e+04 -4.710682e+03 -1.958807e+03 -8.859056e+03 -3.757056e+03 -7.995827e+04 -1.655485e+03 1.345908e+03
-5.151515e-03 1.251870e+04 6.341109e+03 2.388236e+03 1.176262e+04 -4.309647e+03 -9.350318e+04 -9.615740e+02 1.690963e+03 2.342980e+03 -1.183398e+04 -9.638043e+03 4.327538e+03 1.029908e+03 1.640785e+03 -2.946753e+03 7.198918e+04 2.864407e+03 -1.339629e+04 -1.097816e+04 5.616215e+03 -1.182490e+03 -2.072501e+03 3.286520e+03 -8.204810e+04 -1.098931e+04 -4.879917e+03 -1.946604e+03 -1.039076e+04 -3.853505e+03 -8.203973e+04 -8.368617e+02 1.327690e+03
-4.949495e-03 1.286997e+04 6.564737e+03 2.370237e+03 1.364826e+04 -4.423649e+03 -9.575726e+04 6.024413e+01 1.666924e+03 2.323854e+03 -1.371929e+04 -9.906786e+03 4.479195e+03 7.456008e+00 1.615599e+03 -3.023818e+03 7.372293e+04 2.842043e+03 -1.554538e+04 -1.128528e+04 5.810350e+03 -1.716693e+01 -2.043025e+03 3.376514e+03 -8.402508e+04 -1.129673e+04 -5.054838e+03 -1.931246e+03 -1.204498e+04 -3.951364e+03 -8.401649e+04 5.969263e+01 1.307197e+03
-4.747475e-03 1.320081e+04 6.795592e+03 2.348046e+03 1.567843e+04 -4.539103e+03 -9.785733e+04 1.174316e+03 1.639870e+03 2.300606e+03 -1.574895e+04 -1.015980e+04 4.635717e+03 -1.107441e+03 1.587476e+03 -3.101819e+03 7.533810e+04 2.814646e+03 -1.785921e+04 -1.157448e+04 6.010799e+03 1.253548e+03 -2.009863e+03 3.467648e+03 -8.586692e+04 -1.158623e+04 -5.235330e+03 -1.912467e+03 -1.382583e+04 -4.050426e+03 -8.585812e+04 1.037168e+03 1.284319e+03
-4.545455e-03 1.350564e+04 7.033446e+03 2.321315e+03 1.785667e+04 -4.655733e+03 -9.976472e+04 2.383336e+03 1.609650e+03 2.272905e+03 -1.792651e+04 -1.039279e+04 4.796948e+03 -2.317490e+03 1.556285e+03 -3.180567e+03 7.680492e+04 2.781805e+03 -2.034183e+04 -1.184086e+04 6.217366e+03 2.632739e+03 -1.972831e+03 3.559703e+03 -8.753968e+04 -1.185289e+04 -5.421212e+03 -1.889986e+03 -1.573641e+04 -4.150449e+03 -8.753069e+04 2.097928e+03 1.258952e+03
-4.343434e-03 1.377825e+04 7.277968e+03 2.289681e+03 2.018505e+04 -4.773223e+03 -1.014367e+05 3.689073e+03 1.576118e+03 2.240412e+03 -2.025402e+04 -1.060099e+04 4.962663e+03 -3.624467e+03 1.521903e+03 -3.259846e+03 7.809053e+04 2.743095e+03 -2.299561e+04 -1.207901e+04 6.429768e+03 4.122434e+03 -1.931747e+03 3.652429e+03 -8.900590e+04 -1.209128e+04 -5.612218e+03 -1.863517e+03 -1.777854e+04 -4.251159e+03 -8.899674e+04 3.243523e+03 1.230997e+03
-4.141414e-03 1.401186e+04 7.528707e+03 2.252775e+03 2.266379e+04 -4.891216e+03 -1.028267e+05 5.092131e+03 1.539137e+03 2.202780e+03 -2.273169e+04 -1.077922e+04 5.132552e+03 -5.028984e+03 1.484215e+03 -3.339411e+03 7.915906e+04 2.698079e+03 -2.582080e+04 -1.228297e+04 6.647615e+03 5.723332e+03 -1.886442e+03 3.745546e+03 -9.022468e+04 -1.229546e+04 -5.807993e+03 -1.832766e+03 -1.995241e+04 -4.352248e+03 -9.021537e+04 4.474481e+03 1.200365e+03
-3.939394e-03 1.419914e+04 7.785078e+03 2.210223e+03 2.529088e+04 -5.009314e+03 -1.038843e+05 6.591694e+03 1.498578e+03 2.159658e+03 -2.535751e+04 -1.092183e+04 5.306218e+03 -6.530228e+03 1.443120e+03 -3.418993e+03 7.997179e+04 2.646318e+03 -2.881508e+04 -1.244634e+04 6.870400e+03 7.434506e+03 -1.836757e+03 3.838737e+03 -9.115188e+04 -1.245900e+04 -6.008075e+03 -1.797436e+03 -2.225622e+04 -4.453371e+03 -9.114245e+04 5.790085e+03 1.166976e+03
-3.737374e-03 1.433225e+04 8.046338e+03 2.161652e+03 2.806158e+04 -5.127076e+03 -1.045561e+05 8.185248e+03 1.454326e+03 2.110702e+03 -2.812673e+04 -1.102282e+04 5.483158e+03 -8.125687e+03 1.398532e+03 -3.498292e+03 8.048750e+04 2.587375e+03 -3.197308e+04 -1.256225e+04 7.097481e+03 9.253096e+03 -1.782551e+03 3.931656e+03 -9.174051e+04 -1.257504e+04 -6.211881e+03 -1.757232e+03 -2.468583e+04 -4.554150e+03 -9.173100e+04 7.188129e+03 1.130763e+03
-3.535354e-03 1.440298e+04 8.311577e+03 2.106694e+03 3.096805e+04 -5.244019e+03 -1.047858e+05 9.868299e+03 1.406283e+03 2.055570e+03 -3.103154e+04 -1.107590e+04 5.662752e+03 -9.810864e+03 1.350381e+03 -3.576981e+03 8.066297e+04 2.520821e+03 -3.528586e+04 -1.262351e+04 7.328066e+03 1.117397e+04 -1.723701e+03 4.023921e+03 -9.194129e+04 -1.263637e+04 -6.418700e+03 -1.711865e+03 -2.723438e+04 -4.654168e+03 -9.193174e+04 8.664671e+03 1.091673e+03
-3.333333e-03 1.440283e+04 8.579697e+03 2.044997e+03 3.399889e+04 -5.359619e+03 -1.045155e+05 1.163409e+04 1.354369e+03 1.993942e+03 -3.406051e+04 -1.107454e+04 5.844259e+03 -1.157900e+04 1.298620e+03 -3.654707e+03 8.045363e+04 2.446244e+03 -3.874041e+04 -1.262269e+04 7.561203e+03 1.318943e+04 -1.660107e+03 4.115118e+03 -9.170343e+04 -1.263556e+04 -6.627674e+03 -1.661059e+03 -2.989184e+04 -4.752978e+03 -9.169388e+04 1.021378e+04 1.049670e+03
-3.131313e-03 1.432320e+04 8.849397e+03 1.976232e+03 3.713867e+04 -5.473312e+03 -1.036868e+05 1.347334e+04 1.298527e+03 1.925517e+03 -3.719824e+04 -1.101215e+04 6.026798e+03 -1.342079e+04 1.243221e+03 -3.731092e+03 7.981454e+04 2.363262e+03 -4.231917e+04 -1.255226e+04 7.795760e+03 1.528888e+04 -1.591698e+03 4.204804e+03 -9.097567e+04 -1.256507e+04 -6.837791e+03 -1.604556e+03 -3.264470e+04 -4.850097e+03 -9.096617e+04 1.182732e+04 1.004735e+03
-2.929293e-03 1.415563e+04 9.119166e+03 1.900105e+03 4.036763e+04 -5.584497e+03 -1.022423e+05 1.537401e+04 1.238725e+03 1.850031e+03 -4.042498e+04 -1.088224e+04 6.209346e+03 -1.532417e+04 1.184185e+03 -3.805734e+03 7.870146e+04 2.271536e+03 -4.599960e+04 -1.240481e+04 8.030422e+03 1.745855e+04 -1.518433e+03 4.292506e+03 -8.970758e+04 -1.241748e+04 -7.047873e+03 -1.542128e+03 -3.547564e+04 -4.945014e+03 -8.969819e+04 1.349472e+04 9.568728e+02
-2.727273e-03 1.389202e+04 9.387271e+03 1.816365e+03 4.366135e+04 -5.692545e+03 -1.001270e+05 1.732112e+04 1.174959e+03 1.767263e+03 -4.371633e+04 -1.067861e+04 6.390733e+03 -1.727416e+04 1.121537e+03 -3.878211e+03 7.707224e+04 2.170777e+03 -4.975386e+04 -1.217325e+04 8.263680e+03 1.968137e+04 -1.440306e+03 4.377725e+03 -8.785111e+04 -1.218570e+04 -7.256576e+03 -1.473583e+03 -3.836324e+04 -5.037192e+03 -8.784189e+04 1.520285e+04 9.061068e+02
-2.525253e-03 1.352497e+04 9.651761e+03 1.724823e+03 4.699059e+04 -5.796797e+03 -9.729118e+04 1.929667e+04 1.107258e+03 1.677048e+03 -4.704309e+04 -1.039558e+04 6.569641e+03 -1.925271e+04 1.055336e+03 -3.948086e+03 7.488843e+04 2.060769e+03 -5.354864e+04 -1.185112e+04 8.493835e+03 2.193677e+04 -1.357352e+03 4.459945e+03 -8.536242e+04 -1.186325e+04 -7.462384e+03 -1.398776e+03 -4.128189e+04 -5.126073e+03 -8.535345e+04 1.693592e+04 8.524858e+02
-2.323232e-03 1.304809e+04 9.910470e+03 1.625358e+03 5.032135e+04 -5.896576e+03 -9.369181e+04 2.127965e+04 1.035686e+03 1.579289e+03 -5.037127e+04 -1.002825e+04 6.744607e+03 -2.123879e+04 9.856670e+02 -4.014909e+03 7.211706e+04 1.941380e+03 -5.734515e+04 -1.143282e+04 8.718999e+03 2.420075e+04 -1.269647e+03 4.538632e+03 -8.220392e+04 -1.144454e+04 -7.663620e+03 -1.317619e+03 -4.420177e+04 -5.211086e+03 -8.219526e+04 1.867549e+04 7.960830e+02
-2.121212e-03 1.245639e+04 1.016104e+04 1.517938e+03 5.361501e+04 -5.991194e+03 -8.929569e+04 2.324619e+04 9.603408e+02 1.473974e+03 -5.366232e+04 -9.572811e+03 6.914040e+03 -2.320845e+04 9.126501e+02 -4.078227e+03 6.873253e+04 1.812579e+03 -6.109940e+04 -1.091398e+04 8.937113e+03 2.644605e+04 -1.177312e+03 4.613244e+03 -7.834642e+04 -1.092518e+04 -7.858455e+03 -1.230095e+03 -4.708906e+04 -5.291649e+03 -7.833815e+04 2.040063e+04 7.369971e+02
-1.919192e-03 1.174665e+04 1.040094e+04 1.402630e+03 5.682886e+04 -6.079962e+03 -8.408171e+04 2.516983e+04 8.813628e+02 1.361180e+03 -5.687355e+04 -9.026780e+03 7.076234e+03 -2.513522e+04 8.364370e+02 -4.137583e+03 6.471863e+04 1.674455e+03 -6.476270e+04 -1.029179e+04 9.145973e+03 2.864245e+04 -1.080517e+03 4.683238e+03 -7.377143e+04 -1.030236e+04 -8.044933e+03 -1.136263e+03 -4.990632e+04 -5.367183e+03 -7.376363e+04 2.208812e+04 6.753523e+02
-1.717172e-03 1.091776e+04 1.062751e+04 1.279612e+03 5.991682e+04 -6.162199e+03 -7.804343e+04 2.702203e+04 7.989306e+02 1.241093e+03 -5.995894e+04 -8.389330e+03 7.229396e+03 -2.699047e+04 7.572117e+02 -4.192532e+03 6.007038e+04 1.527226e+03 -6.828251e+04 -9.565290e+03 9.343260e+03 3.075734e+04 -9.794802e+02 4.748079e+03 -6.847329e+04 -9.575125e+03 -8.221000e+03 -1.036275e+03 -5.261316e+04 -5.437117e+03 -6.846604e+04 2.371293e+04 6.112988e+02
-1.515152e-03 9.971118e+03 1.083803e+04 1.149187e+03 6.283044e+04 -6.237243e+03 -7.119131e+04 2.877278e+04 7.132644e+02 1.114011e+03 -6.287008e+04 -7.661519e+03 7.371689e+03 -2.874415e+04 6.751904e+02 -4.242640e+03 5.479586e+04 1.371256e+03 -7.160361e+04 -8.735688e+03 9.526593e+03 3.275646e+04 -8.744726e+02 4.807246e+03 -6.246119e+04 -8.744679e+03 -8.384547e+03 -9.303778e+02 -5.516713e+04 -5.500898e+03 -6.245456e+04 2.524874e+04 5.450114e+02
-1.313131e-03 8.910817e+03 1.102976e+04 1.011790e+03 6.552023e+04 -6.304468e+03 -6.355452e+04 3.039145e+04 6.246251e+02 9.803543e+02 -6.555755e+04 -6.846504e+03 7.501266e+03 -3.036556e+04 5.906196e+02 -4.287497e+03 4.891751e+04 1.207063e+03 -7.466958e+04 -7.806583e+03 9.693583e+03 3.460480e+04 -7.658138e+02 4.860245e+03 -5.576071e+04 -7.814626e+03 -8.533459e+03 -8.189227e+02 -5.752485e+04 -5.558001e+03 -5.575478e+04 2.666869e+04 4.766892e+02
-1.111111e-03 7.743879e+03 1.120003e+04 8.679898e+02 6.793720e+04 -6.363287e+03 -5.518213e+04 3.184774e+04 5.333134e+02 8.406696e+02 -6.797240e+04 -5.949672e+03 7.616330e+03 -3.182434e+04 5.037747e+02 -4.326723e+03 4.247309e+04 1.035324e+03 -7.742459e+04 -6.784122e+03 9.841900e+03 3.626775e+04 -6.538728e+02 4.906616e+03 -4.841491e+04 -6.791117e+03 -8.665676e+03 -7.023677e+02 -5.964341e+04 -5.607940e+03 -4.840975e+04 2.794617e+04 4.065535e+02
-9.090909e-04 6.480288e+03 1.134633e+04 7.184898e+02 7.003462e+04 -6.413174e+03 -4.614346e+04 3.311273e+04 4.396675e+02 6.956262e+02 -7.006796e+04 -4.978686e+03 7.715185e+03 -3.309151e+04 4.149574e+02 -4.359973e+03 3.551595e+04 8.568719e+02 -7.981535e+04 -5.677046e+03 9.969347e+03 3.771229e+04 -5.390649e+02 4.945943e+03 -4.048459e+04 -5.682903e+03 -8.779258e+03 -5.812768e+02 -6.148185e+04 -5.650275e+03 -4.048028e+04 2.905585e+04 3.348461e+02
-7.070707e-04 5.132907e+03 1.146639e+04 5.641222e+02 7.176979e+04 -6.453667e+03 -3.652752e+04 3.416005e+04 3.440598e+02 5.460112e+02 -7.180158e+04 -3.943417e+03 7.796301e+03 -3.414066e+04 3.244926e+02 -4.386951e+03 2.811460e+04 6.726888e+02 -8.179321e+04 -4.496617e+03 1.007394e+04 3.890828e+04 -4.218474e+02 4.977863e+03 -3.204786e+04 -4.501260e+03 -8.872448e+03 -4.563143e+02 -6.300275e+04 -5.684627e+03 -3.204444e+04 2.997458e+04 2.618267e+02
-5.050505e-04 3.717245e+03 1.155825e+04 4.058347e+02 7.310591e+04 -6.484384e+03 -2.644135e+04 3.496698e+04 2.468929e+02 3.927179e+02 -7.313650e+04 -2.855762e+03 7.858365e+03 -3.494900e+04 2.327250e+02 -4.407408e+03 2.035139e+04 4.838924e+02 -8.331621e+04 -3.256413e+03 1.015397e+04 3.982977e+04 -3.027148e+02 5.002077e+03 -2.319861e+04 -3.259777e+03 -8.943748e+03 -3.282355e+02 -6.417388e+04 -5.710677e+03 -2.319613e+04 3.068244e+04 1.877705e+02
-3.030303e-04 2.251062e+03 1.162038e+04 2.446724e+02 7.401371e+04 -6.505030e+03 -1.600739e+04 3.551546e+04 1.485939e+02 2.367288e+02 -7.404348e+04 -1.729349e+03 7.900343e+03 -3.549843e+04 1.400152e+02 -4.421155e+03 1.232055e+04 2.917135e+02 -8.435097e+04 -1.971982e+03 1.020811e+04 4.045611e+04 -1.821916e+02 5.018352e+03 -1.404424e+04 -1.974020e+03 -8.991968e+03 -1.978721e+02 -6.496956e+04 -5.728182e+03 -1.404274e+04 3.116357e+04 1.129647e+02
-1.010101e-04 7.538435e+02 1.165172e+04 8.175428e+01 7.447282e+04 -6.515403e+03 -5.359811e+03 3.579291e+04 4.960803e+01 7.909406e+01 -7.450218e+04 -5.791268e+02 7.921515e+03 -3.577638e+04 4.673533e+01 -4.428061e+03 4.125330e+03 9.746936e+01 -8.487431e+04 -6.603822e+02 1.023542e+04 4.077296e+04 -6.082480e+01 5.026529e+03 -4.702482e+03 -6.610646e+02 -9.016289e+03 -6.611371e+01 -6.537198e+04 -5.736977e+03 -4.701979e+03 3.140695e+04 3.770547e+01
1.010101e-04 -7.538435e+02 1.165172e+04 -8.175428e+01 7.447282e+04 -6.515403e+03 5.359811e+03 3.579291e+04 -4.960803e+01 -7.909406e+01 -7.450218e+04 5.791268e+02 7.921515e+03 -3.577638e+04 -4.673533e+01 -4.428061e+03 -4.125330e+03 -9.746936e+01 -8.487431e+04 6.603822e+02 1.023542e+04 4.077296e+04 6.082480e+01 5.026529e+03 4.702482e+03 6.610646e+02 -9.016289e+03 6.611371e+01 -6.537198e+04 -5.736977e+03 4.701979e+03 3.140695e+04 -3.770547e+01
3.030303e-04 -2.251062e+03 1.162038e+04 -2.446724e+02 7.401371e+04 -6.505030e+03 1.600739e+04 3.551546e+04 -1.485939e+02 -2.367288e+02 -7.404348e+04 1.729349e+03 7.900343e+03 -3.549843e+04 -1.400152e+02 -4.421155e+03 -1.232055e+04 -2.917135e+02 -8.435097e+04 1.971982e+03 1.020811e+04 4.045611e+04 1.821916e+02 5.018352e+03 1.404424e+04 1.974020e+03 -8.991968e+03 1.978721e+02 -6.496956e+04 -5.728182e+03 1.404274e+04 3.116357e+04 -1.129647e+02
5.050505e-04 -3.717245e+03 1.155825e+04 -4.058347e+02 7.310591e+04 -6.484384e+03 2.644135e+04 3.496698e+04 -2.468929e+02 -3.927179e+02 -7.313650e+04 2.855762e+03 7.858365e+03 -3.494900e+04 -2.327250e+02 -4.407408e+03 -2.035139e+04 -4.838924e+02 -8.331621e+04 3.256413e+03 1.015397e+04 3.982977e+04 3.027148e+02 5.002077e+03 2.319861e+04 3.259777e+03 -8.943748e+03 3.282355e+02 -6.417388e+04 -5.710677e+03 2.319613e+04 3.068244e+04 -1.877705e+02
7.070707e-04 -5.132907e+03 1.146639e+04 -5.641222e+02 7.176979e+04 -6.453667e+03 3.652752e+04 3.416005e+04 -3.440598e+02 -5.460112e+02 -7.180158e+04 3.943417e+03 7.796301e+03 -3.414066e+04 -3.244926e+02 -4.386951e+03 -2.811460e+04 -6.726888e+02 -8.179321e+04 4.496617e+03 1.007394e+04 3.890828e+04 4.218474e+02 4.977863e+03 3.204786e+04 4.501260e+03 -8.872448e+03 4.563143e+02 -6.300275e+04 -5.684627e+03 3.204444e+04 2.997458e+04 -2.618267e+02
9.090909e-04 -6.480288e+03 1.134633e+04 -7.184898e+02 7.003462e+04 -6.413174e+03 4.614346e+04 3.311273e+04 -4.396675e+02 -6.956262e+02 -7.006796e+04 4.978686e+03 7.715185e+03 -3.309151e+04 -4.149574e+02 -4.359973e+03 -3.551595e+04 -8.568719e+02 -7.981535e+04 5.677046e+03 9.969347e+03 3.771229e+04 5.390649e+02 4.945943e+03 4.048459e+04 5.682903e+03 -8.779258e+03 5.812768e+02 -6.148185e+04 -5.650275e+03 4.048028e+04 2.905585e+04 -3.348461e+02
1.111111e-03 -7.743879e+03 1.120003e+04 -8.679898e+02 6.793720e+04 -6.363287e+03 5.518213e+04 3.184774e+04 -5.333134e+02 -8.406696e+02 -6.797240e+04 5.949672e+03 7.616330e+03 -3.182434e+04 -5.037747e+02 -4.326723e+03 -4.247309e+04 -1.035324e+03 -7.742459e+04 6.784122e+03 9.841900e+03 3.626775e+04 6.538728e+02 4.906616e+03 4.841491e+04 6.791117e+03 -8.665676e+03 7.023677e+02 -5.964341e+04 -5.607940e+03 4.840975e+04 2.794617e+04 -4.065535e+02
1.313131e-03 -8.910817e+03 1.102976e+04 -1.011790e+03 6.552023e+04 -6.304468e+03 6.355452e+04 3.039145e+04 -6.246251e+02 -9.803543e+02 -6.555755e+04 6.846504e+03 7.501266e+03 -3.036556e+04 -5.906196e+02 -4.287497e+03 -4.891751e+04 -1.207063e+03 -7.466958e+04 7.806583e+03 9.693583e+03 3.460480e+04 7.658138e+02 4.860245e+03 5.576071e+04 7.814626e+03 -8.533459e+03 8.189227e+02 -5.752485e+04 -5.558001e+03 5.575478e+04 2.666869e+04 -4.766892e+02
1.515152e-03 -9.971118e+03 1.083803e+04 -1.149187e+03 6.283044e+04 -6.237243e+03 7.119131e+04 2.877278e+04 -7.132644e+02 -1.114011e+03 -6.287008e+04 7.661519e+03 7.371689e+03 -2.874415e+04 -6.751904e+02 -4.242640e+03 -5.479586e+04 -1.371256e+03 -7.160361e+04 8.735688e+03 9.526593e+03 3.275646e+04 8.744726e+02 4.807246e+03 6.246119e+04 8.744679e+03 -8.384547e+03 9.303778e+02 -5.516713e+04 -5.500898e+03 6.245456e+04 2.524874e+04 -5.450114e+02
1.717172e-03 -1.091776e+04 1.062751e+04 -1.279612e+03 5.991682e+04 -6.162199e+03 7.804343e+04 2.702203e+04 -7.989306e+02 -1.241093e+03 -5.995894e+04 8.389330e+03 7.229396e+03 -2.699047e+04 -7.572117e+02 -4.192532e+03 -6.007038e+04 -1.527226e+03 -6.828251e+04 9.565290e+03 9.343260e+03 3.075734e+04 9.794802e+02 4.748079e+03 6.847329e+04 9.575125e+03 -8.221000e+03 1.036275e+03 -5.261316e+04 -5.437117e+03 6.846604e+04 2.371293e+04 -6.112988e+02
1.919192e-03 -1.174665e+04 1.040094e+04 -1.402630e+03 5.682886e+04 -6.079962e+03 8.408171e+04 2.516983e+04 -8.813628e+02 -1.361180e+03 -5.687355e+04 9.026780e+03 7.076234e+03 -2.513522e+04 -8.364370e+02 -4.137583e+03 -6.471863e+04 -1.674455e+03 -6.476270e+04 1.029179e+04 9.145973e+03 2.864245e+04 1.080517e+03 4.683238e+03 7.377143e+04 1.030236e+04 -8.044933e+03 1.136263e+03 -4.990632e+04 -5.367183e+03 7.376363e+04 2.208812e+04 -6.753523e+02
2.121212e-03 -1.245639e+04 1.016104e+04 -1.517938e+03 5.361501e+04 -5.991194e+03 8.929569e+04 2.324619e+04 -9.603408e+02 -1.473974e+03 -5.366232e+04 9.572811e+03 6.914040e+03 -2.320845e+04 -9.126501e+02 -4.078227e+03 -6.873253e+04 -1.812579e+03 -6.109940e+04 1.091398e+04 8.937113e+03 2.644605e+04 1.177312e+03 4.613244e+03 7.834642e+04 1.092518e+04 -7.858455e+03 1.230095e+03 -4.708906e+04 -5.291649e+03 7.833815e+04 2.040063e+04 -7.369971e+02
2.323232e-03 -1.304809e+04 9.910470e+03 -1.625358e+03 5.032135e+04 -5.896576e+03 9.369181e+04 2.127965e+04 -1.035686e+03 -1.579289e+03 -5.037127e+04 1.002825e+04 6.744607e+03 -2.123879e+04 -9.856670e+02 -4.014909e+03 -7.211706e+04 -1.941380e+03 -5.734515e+04 1.143282e+04 8.718999e+03 2.420075e+04 1.269647e+03 4.538632e+03 8.220392e+04 1.144454e+04 -7.663620e+03 1.317619e+03 -4.420177e+04 -5.211086e+03 8.219526e+04 1.867549e+04 -7.960830e+02
2.525253e-03 -1.352497e+04 9.651761e+03 -1.724823e+03 4.699059e+04 -5.796797e+03 9.729118e+04 1.929667e+04 -1.107258e+03 -1.677048e+03 -4.704309e+04 1.039558e+04 6.569641e+03 -1.925271e+04 -1.055336e+03 -3.948086e+03 -7.488843e+04 -2.060769e+03 -5.354864e+04 1.185112e+04 8.493835e+03 2.193677e+04 1.357352e+03 4.459945e+03 8.536242e+04 1.186325e+04 -7.462384e+03 1.398776e+03 -4.128189e+04 -5.126073e+03 8.535345e+04 1.693592e+04 -8.524858e+02
2.727273e-03 -1.389202e+04 9.387271e+03 -1.816365e+03 4.366135e+04 -5.692545e+03 1.001270e+05 1.732112e+04 -1.174959e+03 -1.767263e+03 -4.371633e+04 1.067861e+04 6.390733e+03 -1.727416e+04 -1.121537e+03 -3.878211e+03 -7.707224e+04 -2.170777e+03 -4.975386e+04 1.217325e+04 8.263680e+03 1.968137e+04 1.440306e+03 4.377725e+03 8.785111e+04 1.218570e+04 -7.256576e+03 1.473583e+03 -3.836324e+04 -5.037192e+03 8.784189e+04 1.520285e+04 -9.061068e+02
2.929293e-03 -1.415563e+04 9.119166e+03 -1.900105e+03 4.036763e+04 -5.584497e+03 1.022423e+05 1.537401e+04 -1.238725e+03 -1.850031e+03 -4.042498e+04 1.088224e+04 6.209346e+03 -1.532417e+04 -1.184185e+03 -3.805734e+03 -7.870146e+04 -2.271536e+03 -4.599960e+04 1.240481e+04 8.030422e+03 1.745855e+04 1.518433e+03 4.292506e+03 8.970758e+04 1.241748e+04 -7.047873e+03 1.542128e+03 -3.547564e+04 -4.945014e+03 8.969819e+04 1.349472e+04 -9.568728e+02
3.131313e-03 -1.432320e+04 8.849397e+03 -1.976232e+03 3.713867e+04 -5.473312e+03 1.036868e+05 1.347334e+04 -1.298527e+03 -1.925517e+03 -3.719824e+04 1.101215e+04 6.026798e+03 -1.342079e+04 -1.243221e+03 -3.731092e+03 -7.981454e+04 -2.363262e+03 -4.231917e+04 1.255226e+04 7.795760e+03 1.528888e+04 1.591698e+03 4.204804e+03 9.097567e+04 1.256507e+04 -6.837791e+03 1.604556e+03 -3.264470e+04 -4.850097e+03 9.096617e+04 1.182732e+04 -1.004735e+03
3.333333e-03 -1.440283e+04 8.579697e+03 -2.044997e+03 3.399889e+04 -5.359619e+03 1.045155e+05 1.163409e+04 -1.354369e+03 -1.993942e+03 -3.406051e+04 1.107454e+04 5.844259e+03 -1.157900e+04 -1.298620e+03 -3.654707e+03 -8.045363e+04 -2.446244e+03 -3.874041e+04 1.262269e+04 7.561203e+03 1.318943e+04 1.660107e+03 4.115118e+03 9.170343e+04 1.263556e+04 -6.627674e+03 1.661059e+03 -2.989184e+04 -4.752978e+03 9.169388e+04 1.021378e+04 -1.049670e+03
3.535354e-03 -1.440298e+04 8.311577e+03 -2.106694e+03 3.096805e+04 -5.244019e+03 1.047858e+05 9.868299e+03 -1.406283e+03 -2.055570e+03 -3.103154e+04 1.107590e+04 5.662752e+03 -9.810864e+03 -1.350381e+03 -3.576981e+03 -8.066297e+04 -2.520821e+03 -3.528586e+04 1.262351e+04 7.328066e+03 1.117397e+04 1.723701e+03 4.023921e+03 9.194129e+04 1.263637e+04 -6.418700e+03 1.711865e+03 -2.723438e+04 -4.654168e+03 9.193174e+04 8.664671e+03 -1.091673e+03
3.737374e-03 -1.433225e+04 8.046338e+03 -2.161652e+03 2.806158e+04 -5.127076e+03 1.045561e+05 8.185248e+03 -1.454326e+03 -2.110702e+03 -2.812673e+04 1.102282e+04 5.483158e+03 -8.125687e+03 -1.398532e+03 -3.498292e+03 -8.048750e+04 -2.587375e+03 -3.197308e+04 1.256225e+04 7.097481e+03 9.253096e+03 1.782551e+03 3.931656e+03 9.174051e+04 1.257504e+04 -6.211881e+03 1.757232e+03 -2.468583e+04 -4.554150e+03 9.173100e+04 7.188129e+03 -1.130763e+03
3.939394e-03 -1.419914e+04 7.785078e+03 -2.210223e+03 2.529088e+04 -5.009314e+03 1.038843e+05 6.591694e+03 -1.498578e+03 -2.159658e+03 -2.535751e+04 1.092183e+04 5.306218e+03 -6.530228e+03 -1.443120e+03 -3.418993e+03 -7.997179e+04 -2.646318e+03 -2.881508e+04 1.244634e+04 6.870400e+03 7.434506e+03 1.836757e+03 3.838737e+03 9.115188e+04 1.245900e+04 -6.008075e+03 1.797436e+03 -2.225622e+04 -4.453371e+03 9.114245e+04 5.790085e+03 -1.166976e+03
4.141414e-03 -1.401186e+04 7.528707e+03 -2.252775e+03 2.266379e+04 -4.891216e+03 1.028267e+05 5.092131e+03 -1.539137e+03 -2.202780e+03 -2.273169e+04 1.077922e+04 5.132552e+03 -5.028984e+03 -1.484215e+03 -3.339411e+03 -7.915906e+04 -2.698079e+03 -2.582080e+04 1.228297e+04 6.647615e+03 5.723332e+03 1.886442e+03 3.745546e+03 9.022468e+04 1.229546e+04 -5.807993e+03 1.832766e+03 -1.995241e+04 -4.352248e+03 9.021537e+04 4.474481e+03 -1.200365e+03
4.343434e-03 -1.377825e+04 7.277968e+03 -2.289681e+03 2.018505e+04 -4.773223e+03 1.014367e+05 3.689073e+03 -1.576118e+03 -2.240412e+03 -2.025402e+04 1.060099e+04 4.962663e+03 -3.624467e+03 -1.521903e+03 -3.259846e+03 -7.809053e+04 -2.743095e+03 -2.299561e+04 1.207901e+04 6.429768e+03 4.122434e+03 1.931747e+03 3.652429e+03 8.900590e+04 1.209128e+04 -5.612218e+03 1.863517e+03 -1.777854e+04 -4.251159e+03 8.899674e+04 3.243523e+03 -1.230997e+03
4.545455e-03 -1.350564e+04 7.033446e+03 -2.321315e+03 1.785667e+04 -4.655733e+03 9.976472e+04 2.383336e+03 -1.609650e+03 -2.272905e+03 -1.792651e+04 1.039279e+04 4.796948e+03 -2.317490e+03 -1.556285e+03 -3.180567e+03 -7.680492e+04 -2.781805e+03 -2.034183e+04 1.184086e+04 6.217366e+03 2.632739e+03 1.972831e+03 3.559703e+03 8.753968e+04 1.185289e+04 -5.421212e+03 1.889986e+03 -1.573641e+04 -4.150449e+03 8.753069e+04 2.097928e+03 -1.258952e+03
4.747475e-03 -1.320081e+04 6.795592e+03 -2.348046e+03 1.567843e+04 -4.539103e+03 9.785733e+04 1.174316e+03 -1.639870e+03 -2.300606e+03 -1.574895e+04 1.015980e+04 4.635717e+03 -1.107441e+03 -1.587476e+03 -3.101819e+03 -7.533810e+04 -2.814646e+03 -1.785921e+04 1.157448e+04 6.010799e+03 1.253548e+03 2.009863e+03 3.467648e+03 8.586692e+04 1.158623e+04 -5.235330e+03 1.912467e+03 -1.382583e+04 -4.050426e+03 8.585812e+04 1.037168e+03 -1.284319e+03
4.949495e-03 -1.286997e+04 6.564737e+03 -2.370237e+03 1.364826e+04 -4.423649e+03 9.575726e+04 6.024413e+01 -1.666924e+03 -2.323854e+03 -1.371929e+04 9.906786e+03 4.479195e+03 7.456008e+00 -1.615599e+03 -3.023818e+03 -7.372293e+04 -2.842043e+03 -1.554538e+04 1.128528e+04 5.810350e+03 -1.716693e+01 2.043025e+03 3.376514e+03 8.402508e+04 1.129673e+04 -5.054838e+03 1.931246e+03 -1.204498e+04 -3.951364e+03 8.401649e+04 5.969263e+01 -1.307197e+03
5.151515e-03 -1.251870e+04 6.341109e+03 -2.388236e+03 1.176262e+04 -4.309647e+03 9.350318e+04 -9.615740e+02 -1.690963e+03 -2.342980e+03 -1.183398e+04 9.638043e+03 4.327538e+03 1.029908e+03 -1.640785e+03 -2.946753e+03 -7.198918e+04 -2.864407e+03 -1.339629e+04 1.097816e+04 5.616215e+03 -1.182490e+03 2.072501e+03 3.286520e+03 8.204810e+04 1.098931e+04 -4.879917e+03 1.946604e+03 -1.039076e+04 -3.853505e+03 8.203973e+04 -8.368617e+02 -1.327690e+03
5.353535e-03 -1.215203e+04 6.124844e+03 -2.402377e+03 1.001678e+04 -4.197339e+03 9.112978e+04 -1.894549e+03 -1.712142e+03 -2.358302e+03 -1.008832e+04 9.357413e+03 4.180843e+03 1.963335e+03 -1.663172e+03 -2.870791e+03 -7.016354e+04 -2.882136e+03 -1.140657e+04 1.065752e+04 5.428509e+03 -2.246325e+03 2.098483e+03 3.197855e+03 7.996640e+04 1.066834e+04 -4.710682e+03 1.958807e+03 -8.859056e+03 -3.757056e+03 7.995827e+04 -1.655485e+03 -1.345908e+03
5.555556e-03 -1.177438e+04 5.916006e+03 -2.412982e+03 8.405186e+03 -4.086928e+03 8.866789e+04 -2.742620e+03 -1.730617e+03 -2.370126e+03 -8.476746e+03 9.068299e+03 4.039154e+03 2.811691e+03 -1.682898e+03 -2.796072e+03 -6.826974e+04 -2.895609e+03 -9.569871e+03 1.032723e+04 5.247285e+03 -3.213176e+03 2.121161e+03 3.110682e+03 7.780704e+04 1.033771e+04 -4.547187e+03 1.968113e+03 -7.444981e+03 -3.662198e+03 7.779914e+04 -2.399633e+03 -1.361961e+03
5.757576e-03 -1.138964e+04 5.714593e+03 -2.420351e+03 6.921634e+03 -3.978587e+03 8.614464e+04 -3.510096e+03 -1.746543e+03 -2.378739e+03 -6.993084e+03 8.773687e+03 3.902473e+03 3.579297e+03 -1.700106e+03 -2.722718e+03 -6.632865e+04 -2.905183e+03 -7.879127e+03 9.990700e+03 5.072537e+03 -4.087974e+03 2.140727e+03 3.025137e+03 7.559381e+04 1.000085e+04 -4.389437e+03 1.974765e+03 -6.143119e+03 -3.569083e+03 7.558615e+04 -3.073084e+03 -1.375965e+03
5.959596e-03 -1.100119e+04 5.520551e+03 -2.424770e+03 5.559530e+03 -3.872460e+03 8.358371e+04 -4.201521e+03 -1.760074e+03 -2.384418e+03 -5.630744e+03 8.476171e+03 3.770767e+03 4.270708e+03 -1.714938e+03 -2.650829e+03 -6.435851e+04 -2.911199e+03 -6.326819e+03 9.650890e+03 4.904217e+03 -4.875911e+03 2.157369e+03 2.941335e+03 7.334749e+04 9.660695e+03 -4.237397e+03 1.978991e+03 -4.947690e+03 -3.477837e+03 7.334007e+04 -3.679823e+03 -1.388033e+03
6.161616e-03 -1.061195e+04 5.333784e+03 -2.426507e+03 4.312042e+03 -3.768661e+03 8.100557e+04 -4.821559e+03 -1.771361e+03 -2.387418e+03 -4.382907e+03 8.177985e+03 3.643971e+03 4.890602e+03 -1.727535e+03 -2.580485e+03 -6.237506e+04 -2.913974e+03 -4.905157e+03 9.310346e+03 4.742237e+03 -5.582320e+03 2.171275e+03 2.859366e+03 7.108603e+04 9.319810e+03 -4.090997e+03 1.981009e+03 -3.852713e+03 -3.388561e+03 7.107886e+04 -4.223941e+03 -1.398279e+03
6.363636e-03 -1.022438e+04 5.154161e+03 -2.425811e+03 3.172250e+03 -3.667282e+03 7.842776e+04 -5.374903e+03 -1.780552e+03 -2.387983e+03 -3.242664e+03 7.881031e+03 3.522001e+03 5.443684e+03 -1.738035e+03 -2.511752e+03 -6.039180e+04 -2.913806e+03 -3.606254e+03 8.971239e+03 4.586480e+03 -6.212566e+03 2.182623e+03 2.779302e+03 6.882483e+04 8.980365e+03 -3.950138e+03 1.981020e+03 -2.852129e+03 -3.301338e+03 6.881790e+04 -4.709553e+03 -1.406814e+03
6.565657e-03 -9.840568e+03 4.981521e+03 -2.422916e+03 2.133261e+03 -3.568392e+03 7.586514e+04 -5.866200e+03 -1.787790e+03 -2.386338e+03 -2.203134e+03 7.586913e+03 3.404749e+03 5.934613e+03 -1.746574e+03 -2.444678e+03 -5.842019e+04 -2.910975e+03 -2.422252e+03 8.635397e+03 4.436805e+03 -6.771963e+03 2.191590e+03 2.701199e+03 6.657694e+04 8.644188e+03 -3.814703e+03 1.979213e+03 -1.939900e+03 -3.216229e+03 6.657024e+04 -5.140736e+03 -1.413749e+03
6.767677e-03 -9.462264e+03 4.815684e+03 -2.418037e+03 1.188301e+03 -3.472039e+03 7.333022e+04 -6.299996e+03 -1.793213e+03 -2.382694e+03 -1.257552e+03 7.296967e+03 3.292095e+03 6.367945e+03 -1.753283e+03 -2.379300e+03 -5.646983e+04 -2.905737e+03 -1.345427e+03 8.304344e+03 4.293055e+03 -7.265704e+03 2.198344e+03 2.625094e+03 6.435330e+04 8.312806e+03 -3.684554e+03 1.975763e+03 -1.110093e+03 -3.133279e+03 6.434684e+04 -5.521476e+03 -1.419189e+03
6.969697e-03 -9.090888e+03 4.656455e+03 -2.411375e+03 3.307834e+02 -3.378253e+03 7.083333e+04 -6.680688e+03 -1.796952e+03 -2.377245e+03 -3.993411e+02 7.012290e+03 3.183910e+03 6.748091e+03 -1.758290e+03 -2.315641e+03 -5.454869e+04 -2.898333e+03 -3.682707e+02 7.979330e+03 4.155054e+03 -7.698816e+03 2.203047e+03 2.551013e+03 6.216301e+04 7.987469e+03 -3.559543e+03 1.970833e+03 -3.569376e+02 -3.052517e+03 6.215678e+04 -5.855631e+03 -1.423237e+03
7.171717e-03 -8.727595e+03 4.503626e+03 -2.403115e+03 -4.456397e+02 -3.287051e+03 6.838295e+04 -7.012496e+03 -1.799135e+03 -2.370173e+03 3.778368e+02 6.733770e+03 3.080053e+03 7.079277e+03 -1.761717e+03 -2.253714e+03 -5.266329e+04 -2.888983e+03 5.164527e+02 7.661366e+03 4.022622e+03 -8.076120e+03 2.205855e+03 2.478969e+03 6.001349e+04 7.669190e+03 -3.439513e+03 1.964573e+03 3.251247e+02 -2.973959e+03 6.000748e+04 -6.146902e+03 -1.425993e+03
7.373737e-03 -8.373295e+03 4.356980e+03 -2.393426e+03 -1.147038e+03 -3.198433e+03 6.598587e+04 -7.299437e+03 -1.799882e+03 -2.361646e+03 1.080043e+03 6.462108e+03 2.980381e+03 7.365532e+03 -1.763680e+03 -2.193522e+03 -5.081886e+04 -2.877893e+03 1.315663e+03 7.351251e+03 3.895568e+03 -8.402208e+03 2.206913e+03 2.408963e+03 5.791070e+04 7.358769e+03 -3.324297e+03 1.957123e+03 9.414116e+02 -2.897608e+03 5.790492e+04 -6.398811e+03 -1.427551e+03
7.575758e-03 -8.028692e+03 4.216297e+03 -2.382466e+03 -1.779179e+03 -3.112390e+03 6.364745e+04 -7.545310e+03 -1.799306e+03 -2.351817e+03 1.713038e+03 6.197846e+03 2.884745e+03 7.610663e+03 -1.764292e+03 -2.135061e+03 -4.901953e+04 -2.865250e+03 2.035935e+03 7.049603e+03 3.773701e+03 -8.681422e+03 2.206362e+03 2.340986e+03 5.585935e+04 7.056823e+03 -3.213728e+03 1.948611e+03 1.496976e+03 -2.823458e+03 5.585378e+04 -6.614693e+03 -1.428002e+03
7.777778e-03 -7.694306e+03 4.081356e+03 -2.370378e+03 -2.347515e+03 -3.028901e+03 6.137178e+04 -7.753694e+03 -1.797516e+03 -2.340828e+03 2.282267e+03 5.941386e+03 2.792996e+03 7.818256e+03 -1.763658e+03 -2.078318e+03 -4.726844e+04 -2.851228e+03 2.683483e+03 6.756878e+03 3.656824e+03 -8.917848e+03 2.204334e+03 2.275024e+03 5.386303e+04 6.763810e+03 -3.107636e+03 1.939153e+03 1.996594e+03 -2.751492e+03 5.385767e+04 -6.797684e+03 -1.427432e+03
7.979798e-03 -7.370503e+03 3.951934e+03 -2.357294e+03 -2.857174e+03 -2.947937e+03 5.916187e+04 -7.927936e+03 -1.794614e+03 -2.328810e+03 2.792849e+03 5.693011e+03 2.704986e+03 7.991667e+03 -1.761878e+03 -2.023277e+03 -4.556793e+04 -2.835984e+03 3.264154e+03 6.473398e+03 3.544745e+03 -9.115313e+03 2.200953e+03 2.211054e+03 5.192437e+04 6.480051e+03 -3.005849e+03 1.928858e+03 2.444758e+03 -2.681688e+03 5.191921e+04 -6.950723e+03 -1.425923e+03
8.181818e-03 -7.057515e+03 3.827810e+03 -2.343333e+03 -3.312959e+03 -2.869462e+03 5.701980e+04 -8.071161e+03 -1.790694e+03 -2.315882e+03 3.249585e+03 5.452901e+03 2.620565e+03 8.134026e+03 -1.759047e+03 -1.969913e+03 -4.391957e+04 -2.819664e+03 3.783424e+03 6.199368e+03 3.437270e+03 -9.277387e+03 2.196335e+03 2.149047e+03 5.004520e+04 6.205752e+03 -2.908198e+03 1.917825e+03 2.845678e+03 -2.614017e+03 5.004024e+04 -7.076548e+03 -1.423551e+03
8.383838e-03 -6.755462e+03 3.708770e+03 -2.328607e+03 -3.719357e+03 -2.793432e+03 5.494684e+04 -8.186271e+03 -1.785847e+03 -2.302155e+03 3.656953e+03 5.221150e+03 2.539589e+03 8.248242e+03 -1.755255e+03 -1.918199e+03 -4.232438e+04 -2.802400e+03 4.246405e+03 5.934894e+03 3.334210e+03 -9.407385e+03 2.190591e+03 2.088969e+03 4.822666e+04 5.941019e+03 -2.814517e+03 1.906145e+03 3.203283e+03 -2.548441e+03 4.822188e+04 -7.177707e+03 -1.420389e+03
8.585859e-03 -6.464371e+03 3.594599e+03 -2.313216e+03 -4.080542e+03 -2.719799e+03 5.294362e+04 -8.275955e+03 -1.780157e+03 -2.287727e+03 4.019124e+03 4.997782e+03 2.461915e+03 8.337009e+03 -1.750584e+03 -1.868104e+03 -4.078281e+04 -2.784315e+03 4.657857e+03 5.680001e+03 3.235379e+03 -9.508378e+03 2.183822e+03 2.030783e+03 4.646927e+04 5.685875e+03 -2.724640e+03 1.893899e+03 3.521232e+03 -2.484923e+03 4.646466e+04 -7.256556e+03 -1.416506e+03
8.787879e-03 -6.184187e+03 3.485090e+03 -2.297249e+03 -4.400388e+03 -2.648513e+03 5.101018e+04 -8.342695e+03 -1.773703e+03 -2.272690e+03 4.339968e+03 4.782756e+03 2.387401e+03 8.402815e+03 -1.745114e+03 -1.819595e+03 -3.929492e+04 -2.765517e+03 5.022196e+03 5.434642e+03 3.140598e+03 -9.583202e+03 2.176125e+03 1.974449e+03 4.477308e+04 5.440276e+03 -2.638409e+03 1.881163e+03 3.802919e+03 -2.423418e+03 4.476865e+04 -7.315275e+03 -1.411965e+03
8.989899e-03 -5.914794e+03 3.380043e+03 -2.280792e+03 -4.682485e+03 -2.579518e+03 4.914612e+04 -8.388777e+03 -1.766556e+03 -2.257129e+03 4.623069e+03 4.575984e+03 2.315914e+03 8.447950e+03 -1.738917e+03 -1.772635e+03 -3.786039e+04 -2.746108e+03 5.343512e+03 5.198715e+03 3.049689e+03 -9.634470e+03 2.167588e+03 1.919923e+03 4.313774e+04 5.204119e+03 -2.555668e+03 1.868006e+03 4.051490e+03 -2.363880e+03 4.313348e+04 -7.355868e+03 -1.406827e+03
9.191919e-03 -5.656019e+03 3.279262e+03 -2.263919e+03 -4.930146e+03 -2.512756e+03 4.735062e+04 -8.416304e+03 -1.758786e+03 -2.241118e+03 4.871739e+03 4.377337e+03 2.247321e+03 8.474521e+03 -1.732063e+03 -1.727185e+03 -3.647860e+04 -2.726179e+03 5.625586e+03 4.972072e+03 2.962483e+03 -9.664581e+03 2.158295e+03 1.867159e+03 4.156254e+04 4.977256e+03 -2.476265e+03 1.854491e+03 4.269849e+03 -2.306260e+03 4.155844e+04 -7.380180e+03 -1.401146e+03
9.393939e-03 -5.407651e+03 3.182559e+03 -2.246699e+03 -5.146432e+03 -2.448169e+03 4.562260e+04 -8.427203e+03 -1.750455e+03 -2.224726e+03 5.089033e+03 4.186653e+03 2.181495e+03 8.484457e+03 -1.724614e+03 -1.683208e+03 -3.514870e+04 -2.705814e+03 5.871902e+03 4.754528e+03 2.878817e+03 -9.675736e+03 2.148323e+03 1.816112e+03 4.004652e+04 4.759499e+03 -2.400054e+03 1.840673e+03 4.460677e+03 -2.250509e+03 4.004257e+04 -7.389900e+03 -1.394976e+03
9.595960e-03 -5.169441e+03 3.089753e+03 -2.229193e+03 -5.334157e+03 -2.385694e+03 4.396067e+04 -8.423238e+03 -1.741623e+03 -2.208018e+03 5.277766e+03 4.003745e+03 2.118314e+03 8.479526e+03 -1.716630e+03 -1.640662e+03 -3.386965e+04 -2.685087e+03 6.085673e+03 4.545866e+03 2.798531e+03 -9.669950e+03 2.137742e+03 1.766732e+03 3.858847e+04 4.550635e+03 -2.326896e+03 1.826605e+03 4.626442e+03 -2.196575e+03 3.858466e+04 -7.386576e+03 -1.388364e+03
9.797980e-03 -4.941118e+03 3.000668e+03 -2.211458e+03 -5.495913e+03 -2.325272e+03 4.236327e+04 -8.406019e+03 -1.732343e+03 -2.191048e+03 5.440524e+03 3.828403e+03 2.057660e+03 8.461343e+03 -1.708166e+03 -1.599506e+03 -3.264025e+04 -2.664067e+03 6.269849e+03 4.345849e+03 2.721473e+03 -9.649064e+03 2.126620e+03 1.718973e+03 3.718702e+04 4.350424e+03 -2.256653e+03 1.812333e+03 4.769415e+03 -2.144405e+03 3.718336e+04 -7.371623e+03 -1.381356e+03
1.000000e-02 -4.722388e+03 2.915139e+03 -2.193544e+03 -5.634077e+03 -2.266839e+03 4.082871e+04 -8.377018e+03 -1.722666e+03 -2.173870e+03 5.579683e+03 3.660406e+03 1.999420e+03 8.431381e+03 -1.699274e+03 -1.559700e+03 -3.145917e+04 -2.642815e+03 6.427141e+03 4.154222e+03 2.647499e+03 -9.614756e+03 2.115017e+03 1.672785e+03 3.584069e+04 4.158611e+03 -2.189198e+03 1.797899e+03 4.891680e+03 -2.093948e+03 3.583716e+04 -7.346329e+03 -1.373993e+03
