-1.000000e-02 -9.814226e+04 3.957781e+03 6.377584e+03 -1.252110e+05 -4.195773e+02 -1.967922e+05 -1.313264e+05 5.785228e+03 6.207219e+03 1.251008e+05 7.546365e+04 2.718544e+03 1.314381e+05 5.610870e+03 -3.192001e+02 1.516104e+05 7.610509e+03 1.426562e+05 8.606097e+04 3.722320e+03 -1.497515e+05 -6.936022e+03 -2.781800e+01 -1.727308e+05 8.605876e+04 -2.848902e+03 -5.183389e+03 1.098034e+05 -7.599753e+02 -1.727304e+05 -1.152672e+05 4.659198e+03
-9.797980e-03 -1.143499e+05 4.479797e+03 6.881406e+03 -1.450126e+05 -3.487497e+02 -2.296304e+05 -1.523512e+05 6.212029e+03 6.681836e+03 1.448868e+05 8.792911e+04 3.077038e+03 1.524788e+05 6.007991e+03 -2.752755e+02 1.769060e+05 8.200961e+03 1.652177e+05 1.002752e+05 4.189139e+03 -1.737247e+05 -7.438384e+03 -1.089531e+02 -2.015521e+05 1.002724e+05 -3.248710e+03 -5.587340e+03 1.271690e+05 -7.289240e+02 -2.015516e+05 -1.337201e+05 4.995355e+03
-9.595960e-03 -1.351529e+05 5.140478e+03 7.493969e+03 -1.703756e+05 -2.394589e+02 -2.718006e+05 -1.793253e+05 6.726989e+03 7.256472e+03 1.702298e+05 1.039291e+05 3.530761e+03 1.794729e+05 6.484421e+03 -2.063269e+02 2.093900e+05 8.917324e+03 1.941157e+05 1.185195e+05 4.778784e+03 -2.044814e+05 -8.043137e+03 -2.262749e+02 -2.385638e+05 1.185162e+05 -3.755895e+03 -6.077529e+03 1.494119e+05 -6.717950e+02 -2.385630e+05 -1.573943e+05 5.399622e+03
-9.393939e-03 -1.626088e+05 6.002322e+03 8.259350e+03 -2.037809e+05 -6.949970e+01 -3.274842e+05 -2.149191e+05 7.365147e+03 7.971039e+03 2.036091e+05 1.250461e+05 4.122620e+03 2.150930e+05 7.070972e+03 -9.775285e+01 2.522832e+05 9.810240e+03 2.321770e+05 1.425988e+05 5.546339e+03 -2.450664e+05 -8.790592e+03 -3.997559e+02 -2.874357e+05 1.425945e+05 -4.419117e+03 -6.688667e+03 1.787079e+05 -5.724372e+02 -2.874346e+05 -1.886338e+05 5.898744e+03
-9.191919e-03 -2.001954e+05 7.172763e+03 9.251685e+03 -2.494170e+05 2.011921e+02 -4.037491e+05 -2.636518e+05 8.185378e+03 8.892424e+03 2.492100e+05 1.539554e+05 4.926358e+03 2.638611e+05 7.819169e+03 7.684719e+01 3.110298e+05 1.096474e+04 2.841739e+05 1.755630e+05 6.586390e+03 -3.006323e+05 -9.748334e+03 -6.651777e+02 -3.543710e+05 1.755575e+05 -5.322097e+03 -7.479031e+03 2.187303e+05 -4.013931e+02 -3.543695e+05 -2.314046e+05 6.537553e+03
-8.989899e-03 -2.543419e+05 8.855276e+03 1.060856e+04 -3.150143e+05 6.520185e+02 -5.136603e+05 -3.338892e+05 9.297052e+03 1.014431e+04 3.147571e+05 1.956019e+05 6.081603e+03 3.341490e+05 8.824278e+03 3.699012e+02 3.956937e+05 1.253835e+04 3.589146e+05 2.230510e+05 8.077916e+03 -3.807179e+05 -1.104164e+04 -1.093029e+03 -4.508363e+05 2.230435e+05 -6.623537e+03 -8.556593e+03 2.762587e+05 -9.973429e+01 -4.508342e+05 -2.930491e+05 7.399151e+03
-8.787879e-03 -3.386726e+05 1.149596e+04 1.262626e+04 -4.169232e+05 1.464510e+03 -6.849017e+05 -4.433911e+05 1.093651e+04 1.199213e+04 4.165884e+05 2.604651e+05 7.894382e+03 4.437290e+05 1.029135e+04 9.015059e+02 5.275992e+05 1.486978e+04 4.750284e+05 2.970117e+05 1.041297e+04 -5.055728e+05 -1.294069e+04 -1.843665e+03 -6.011289e+05 2.970010e+05 -8.671585e+03 -1.015347e+04 3.656324e+05 4.683265e+02 -6.011257e+05 -3.891544e+05 8.662812e+03
-8.585859e-03 -4.898846e+05 1.635381e+04 1.612907e+04 -5.990720e+05 3.170800e+03 -9.920234e+05 -6.401022e+05 1.376572e+04 1.517214e+04 5.985990e+05 3.767710e+05 1.122802e+04 6.405790e+05 1.279305e+04 2.024385e+03 7.641713e+05 1.890012e+04 6.825667e+05 4.296301e+05 1.469727e+04 -7.298632e+05 -1.620097e+04 -3.385378e+03 -8.706784e+05 4.296133e+05 -1.244917e+04 -1.291442e+04 5.253764e+05 1.703373e+03 -8.706732e+05 -5.617992e+05 1.083019e+04
-8.383838e-03 -8.843685e+05 2.988514e+04 2.530614e+04 -1.071882e+06 8.593763e+03 -1.793215e+06 -1.155160e+06 2.118599e+04 2.341708e+04 1.071049e+06 6.801917e+05 2.050754e+04 1.155999e+06 1.926762e+04 5.613287e+03 1.381319e+06 2.940760e+04 1.221281e+06 7.756080e+05 2.659837e+04 -1.317132e+06 -2.469966e+04 -8.196224e+03 -1.573855e+06 7.755736e+05 -2.299702e+04 -2.011187e+04 9.400283e+05 5.740709e+03 -1.573844e+06 -1.013843e+06 1.647870e+04
-8.181818e-03 -1.689597e+08 6.336885e+06 4.101611e+06 -2.012761e+08 2.803468e+06 -3.430602e+08 -2.216882e+08 3.351432e+06 3.651931e+06 2.011283e+08 1.299605e+08 4.341885e+06 2.218369e+08 2.895447e+06 1.863556e+06 2.642464e+08 4.677101e+06 2.293395e+08 1.481894e+08 5.561865e+06 -2.527601e+08 -3.819329e+06 -2.459564e+06 -3.010813e+08 1.481759e+08 -4.946863e+06 -3.202531e+06 1.765170e+08 2.124026e+06 -3.010895e+08 -1.945664e+08 2.540668e+06
-7.979798e-03 -8.261075e+05 1.581986e+04 1.722887e+04 -1.024095e+06 -1.449158e+02 -1.679227e+06 -1.059078e+06 1.359334e+04 1.646920e+04 1.023351e+06 6.354106e+05 1.092983e+04 1.059822e+06 1.282285e+04 -2.864445e+02 1.293476e+06 2.031951e+04 1.166851e+06 7.245193e+05 1.432420e+04 -1.207565e+06 -1.617170e+04 -6.855319e+02 -1.473788e+06 7.245056e+05 -1.201388e+04 -1.392474e+04 8.981519e+05 -1.139722e+03 -1.473781e+06 -9.295030e+05 1.072763e+04
-7.777778e-03 6.183111e+05 -2.830281e+04 -1.002157e+04 7.107418e+05 -1.920825e+04 1.258534e+06 8.229571e+05 -7.452463e+03 -7.688980e+03 -7.102042e+05 -4.756102e+05 -1.935335e+04 -8.234951e+05 -5.089851e+03 -1.290986e+04 -9.694046e+05 -1.066159e+04 -8.098179e+05 -5.423105e+05 -2.434778e+04 9.383012e+05 7.717792e+03 1.592074e+04 1.104556e+06 -5.422622e+05 2.254324e+04 7.332026e+03 -6.233145e+05 -1.564606e+04 1.104541e+06 7.222633e+05 -5.062940e+03
-7.575758e-03 -8.684885e+06 1.616657e+05 1.112435e+05 -1.063959e+07 4.674882e+04 -1.769685e+07 -1.113712e+07 7.563328e+04 1.010942e+05 1.063215e+07 6.680480e+06 1.115958e+05 1.114454e+07 6.535849e+04 2.994871e+04 1.363118e+07 1.277265e+05 1.212283e+07 7.617121e+06 1.424518e+05 -1.269831e+07 -8.707604e+04 -4.208549e+04 -1.553163e+07 7.616947e+06 -1.265874e+05 -8.798121e+04 9.331302e+06 3.306205e+04 -1.553147e+07 -9.774385e+06 5.666945e+04
-7.373737e-03 -5.478724e+05 -1.004942e+04 4.888293e+03 -7.279991e+05 -1.643079e+04 -1.117587e+06 -6.611595e+05 2.677146e+03 6.184513e+03 7.275461e+05 4.214311e+05 -6.717314e+03 6.616151e+05 3.987912e+03 -1.126835e+04 8.608194e+05 6.653418e+03 8.295038e+05 4.804966e+05 -8.140131e+03 -7.538584e+05 -4.141372e+03 1.308409e+04 -9.808330e+05 4.805258e+05 8.333088e+03 -4.593410e+03 6.385184e+05 -1.417537e+04 -9.808407e+05 -5.802596e+05 2.659659e+03
-7.171717e-03 4.940196e+06 -6.540700e+04 -2.572372e+04 6.065613e+06 -3.044037e+04 1.008987e+07 6.307110e+06 -6.879776e+03 -2.107365e+04 -6.061665e+06 -3.800273e+06 -4.535747e+04 -6.311041e+06 -2.180271e+03 -1.975031e+04 -7.771547e+06 -2.789144e+04 -6.911350e+06 -4.332963e+06 -5.650794e+04 7.191018e+06 6.387763e+03 2.491684e+04 8.855172e+06 -4.332853e+06 5.257646e+04 1.958908e+04 -5.319902e+06 -2.430109e+04 8.855149e+06 5.535297e+06 -3.031262e+03
-6.969697e-03 -3.331735e+08 6.238252e+05 4.364471e+05 -4.182506e+08 -7.253798e+05 -6.812238e+08 -4.177244e+08 -7.954921e+05 4.413552e+05 4.179915e+08 2.563008e+08 4.834223e+05 4.179834e+08 -7.905355e+05 -5.524137e+05 5.246960e+08 5.028439e+05 4.765709e+08 2.922201e+08 5.507196e+05 -4.762666e+08 9.011354e+05 6.296632e+05 -5.978590e+08 2.922203e+08 -5.475971e+05 -3.830804e+05 3.668398e+08 -6.363897e+05 -5.978591e+08 -3.666054e+08 -6.978598e+05
-6.767677e-03 -1.868769e+06 -1.605580e+04 -4.223356e+03 -2.401509e+06 -1.812085e+04 -3.825079e+06 -2.307336e+06 -1.091130e+04 -2.571267e+03 2.400117e+06 1.437627e+06 -1.059090e+04 2.308738e+06 -9.244324e+03 -1.262918e+04 2.946122e+06 -4.266593e+03 2.736403e+06 1.639063e+06 -1.376270e+04 -2.630687e+06 1.188027e+04 1.520476e+04 -3.356951e+06 1.639104e+06 1.239578e+04 2.677327e+03 2.106380e+06 -1.508817e+04 -3.356960e+06 -2.024959e+06 -8.538561e+03
-6.565657e-03 7.367206e+06 -7.407263e+04 4.001084e+04 9.011683e+06 -9.622003e+04 1.509605e+07 9.479408e+06 6.523161e+04 4.816642e+04 -9.006296e+06 -5.667701e+06 -5.152265e+04 -9.484736e+06 7.345590e+04 -6.418768e+04 -1.162706e+07 5.396082e+04 -1.026838e+07 -6.461927e+06 -5.996314e+04 1.080743e+07 -8.273670e+04 7.371530e+04 1.324852e+07 -6.461712e+06 6.374872e+04 -3.582794e+04 -7.904059e+06 -8.386719e+04 1.324848e+07 8.319246e+06 5.798980e+04
-6.363636e-03 -2.654694e+05 -1.176160e+04 -2.192792e+03 -3.754822e+05 -1.084789e+04 -5.444403e+05 -3.101221e+05 -3.100987e+03 -1.105532e+03 3.753020e+05 2.042274e+05 -7.951686e+03 3.103115e+05 -2.005683e+03 -7.412152e+03 4.193233e+05 -2.016280e+03 4.278543e+05 2.328302e+05 -1.004385e+04 -3.535876e+05 3.047022e+03 8.897299e+03 -4.777993e+05 2.328579e+05 9.338727e+03 1.341892e+03 3.293631e+05 -9.068440e+03 -4.778089e+05 -2.721664e+05 -2.134826e+03
-6.161616e-03 1.282975e+07 -1.789966e+05 1.561312e+05 1.541057e+07 -3.168771e+05 2.634343e+07 1.685989e+07 1.967519e+05 1.796321e+05 -1.540173e+07 -9.870634e+06 -1.235190e+05 -1.686851e+07 2.204178e+05 -2.134741e+05 -2.028943e+07 2.041750e+05 -1.755979e+07 -1.125368e+07 -1.416477e+05 1.922111e+07 -2.505279e+05 2.436173e+05 2.311914e+07 -1.125301e+07 1.561774e+05 -1.374251e+05 -1.351664e+07 -2.777215e+05 2.311908e+07 1.479629e+07 1.731561e+05
-5.959596e-03 -3.259870e+05 -5.409758e+03 -4.722172e+03 -4.310823e+05 -1.441129e+03 -6.699249e+05 -4.094239e+05 -5.740979e+03 -4.388059e+03 4.308739e+05 2.508005e+05 -3.631722e+03 4.096356e+05 -5.405085e+03 -1.024274e+03 5.159581e+05 -5.536557e+03 4.912119e+05 2.859287e+05 -4.851143e+03 -4.667722e+05 6.696187e+03 1.480038e+03 -5.879217e+05 2.859382e+05 4.034782e+03 3.731340e+03 3.781309e+05 -9.516170e+02 -5.879243e+05 -3.593076e+05 -4.624489e+03
-5.757576e-03 3.743338e+06 -7.679917e+04 7.087854e+04 4.358012e+06 -1.507166e+05 7.701471e+06 5.066395e+06 8.169815e+04 8.154741e+04 -4.355620e+06 -2.880149e+06 -5.269054e+04 -5.068646e+06 9.242486e+04 -1.019512e+05 -5.931414e+06 9.250838e+04 -4.965837e+06 -3.283646e+06 -6.069910e+04 5.775676e+06 -1.048513e+05 1.164418e+05 6.758796e+06 -3.283353e+06 6.673558e+04 -6.252542e+04 -3.822485e+06 -1.319970e+05 6.758690e+06 4.446191e+06 7.205597e+04
-5.555556e-03 -9.826649e+05 1.188577e+04 -2.133958e+04 -1.177143e+06 3.485860e+04 -2.023511e+06 -1.326208e+06 -2.408869e+04 -2.350348e+04 1.176547e+06 7.560828e+05 8.201006e+03 1.326772e+06 -2.626297e+04 2.357342e+04 1.558418e+06 -2.720341e+04 1.341336e+06 8.619904e+05 8.788324e+03 -1.511858e+06 3.033638e+04 -2.662671e+04 -1.775817e+06 8.619316e+05 -1.098655e+04 1.840411e+04 1.032526e+06 3.082648e+04 -1.775790e+06 -1.163850e+06 -2.082414e+04
-5.353535e-03 -4.979513e+05 3.938898e+03 -1.221476e+04 -6.054192e+05 1.766570e+04 -1.026282e+06 -6.760547e+05 -1.355869e+04 -1.320130e+04 6.051301e+05 3.831417e+05 2.735935e+03 6.763265e+05 -1.454939e+04 1.195083e+04 7.903882e+05 -1.541255e+04 6.898709e+05 4.368045e+05 2.610404e+03 -7.706800e+05 1.694299e+04 -1.341037e+04 -9.006512e+05 4.367772e+05 -3.963440e+03 1.043548e+04 5.310525e+05 1.571074e+04 -9.006388e+05 -5.932865e+05 -1.161850e+04
-5.151515e-03 -3.356374e+05 1.667452e+03 -9.160716e+03 -4.128694e+05 1.243990e+04 -6.923399e+05 -4.601848e+05 -1.003322e+04 -9.795503e+03 4.126834e+05 2.582568e+05 1.170698e+03 4.603584e+05 -1.067032e+04 8.420105e+03 5.331979e+05 -1.149176e+04 4.704651e+05 2.944251e+05 8.692889e+02 -5.245861e+05 1.248462e+04 -9.409817e+03 -6.075849e+05 2.944072e+05 -1.927733e+03 7.785851e+03 3.621620e+05 1.110197e+04 -6.075767e+05 -4.038425e+05 -8.554024e+03
-4.949495e-03 -2.479775e+05 5.793456e+02 -7.431818e+03 -3.087338e+05 9.729902e+03 -5.119387e+05 -3.442006e+05 -8.052416e+03 -7.888177e+03 3.086030e+05 1.908106e+05 4.197297e+02 3.443215e+05 -8.510185e+03 6.589411e+03 3.942598e+05 -9.285077e+03 3.518049e+05 2.175310e+05 4.941853e+01 -3.923628e+05 9.990747e+03 -7.342744e+03 -4.492658e+05 2.175179e+05 -9.370523e+02 6.294132e+03 2.708215e+05 8.704718e+03 -4.492597e+05 -3.020567e+05 -6.840673e+03
-4.747475e-03 -1.925102e+05 -3.929316e+01 -6.266349e+03 -2.428912e+05 8.044850e+03 -3.977434e+05 -2.711333e+05 -6.730095e+03 -6.614310e+03 2.427948e+05 1.481333e+05 -7.829932e+00 2.712214e+05 -7.078944e+03 5.451052e+03 3.063115e+05 -7.805038e+03 2.767785e+05 1.688757e+05 -4.072636e+02 -3.090656e+05 8.331925e+03 -6.061702e+03 -3.490489e+05 1.688655e+05 -3.636757e+02 5.293191e+03 2.130687e+05 7.209822e+03 -3.490441e+05 -2.379343e+05 -5.701740e+03
-4.545455e-03 -1.543161e+05 -4.237352e+02 -5.406177e+03 -1.976621e+05 6.891074e+03 -3.190736e+05 -2.210489e+05 -5.763994e+03 -5.681591e+03 1.975889e+05 1.187459e+05 -2.738968e+02 2.211148e+05 -6.039968e+03 4.671494e+03 2.457237e+05 -6.717458e+03 2.252406e+05 1.353721e+05 -6.842305e+02 -2.519691e+05 7.123638e+03 -5.187214e+03 -2.800091e+05 1.353639e+05 -1.166367e-01 4.557327e+03 1.733965e+05 6.183463e+03 -2.800052e+05 -1.939812e+05 -4.872685e+03
-4.343434e-03 -1.265452e+05 -6.759986e+02 -4.734680e+03 -1.649063e+05 6.051621e+03 -2.618436e+05 -1.848226e+05 -5.017145e+03 -4.958435e+03 1.648497e+05 9.737803e+04 -4.487362e+02 1.848727e+05 -5.241245e+03 4.104200e+03 2.016481e+05 -5.871633e+03 1.879159e+05 1.110115e+05 -8.607594e+02 -2.106712e+05 6.191978e+03 -4.552737e+03 -2.297848e+05 1.110047e+05 2.439380e+02 3.984775e+03 1.446650e+05 5.434814e+03 -2.297816e+05 -1.621899e+05 -4.233839e+03
-4.141414e-03 -1.055525e+05 -8.476060e+02 -4.189881e+03 -1.402841e+05 5.414682e+03 -2.185584e+05 -1.576110e+05 -4.416738e+03 -4.375200e+03 1.402398e+05 8.122530e+04 -5.678600e+02 1.576494e+05 -4.602254e+03 3.673667e+03 1.683123e+05 -5.187646e+03 1.598591e+05 9.259650e+04 -9.767094e+02 -1.796502e+05 5.444670e+03 -4.072561e+03 -1.917985e+05 9.259080e+04 4.143075e+02 3.521571e+03 1.230677e+05 4.865425e+03 -1.917957e+05 -1.383096e+05 -3.721705e+03
-3.939394e-03 -8.920518e+04 -9.672726e+02 -3.735162e+03 -1.212531e+05 4.916316e+03 -1.848326e+05 -1.365857e+05 -3.919825e+03 -3.890918e+03 1.212181e+05 6.864682e+04 -6.510731e+02 1.366152e+05 -4.075677e+03 3.336722e+03 1.423388e+05 -4.618389e+03 1.381734e+05 7.825647e+04 -1.054176e+03 -1.556815e+05 4.827390e+03 -3.697742e+03 -1.622013e+05 7.825161e+04 5.366618e+02 3.135904e+03 1.063745e+05 4.418933e+03 -1.621990e+05 -1.198584e+05 -3.298907e+03
-3.737374e-03 -7.616900e+04 -1.052153e+03 -3.347202e+03 -1.062213e+05 4.517157e+03 -1.579218e+05 -1.199803e+05 -3.499141e+03 -3.479615e+03 1.061937e+05 5.861593e+04 -7.102138e+02 1.200028e+05 -3.631578e+03 3.066788e+03 1.216139e+05 -4.133936e+03 1.210447e+05 6.682089e+04 -1.106278e+03 -1.367516e+05 4.305710e+03 -3.398192e+03 -1.385850e+05 6.681670e+04 6.264256e+02 2.807563e+03 9.318935e+04 4.060592e+03 -1.385830e+05 -1.052859e+05 -2.941763e+03
-3.535354e-03 -6.556599e+04 -1.113037e+03 -3.010297e+03 -9.414163e+04 4.191589e+03 -1.360203e+05 -1.066348e+05 -3.136397e+03 -3.123875e+03 9.411971e+04 5.045715e+04 -7.527339e+02 1.066519e+05 -3.249950e+03 2.846568e+03 1.047470e+05 -3.714177e+03 1.072799e+05 5.751966e+04 -1.141210e+03 -1.215381e+05 3.856575e+03 -3.154361e+03 -1.193649e+05 5.751602e+04 6.933646e+02 2.522966e+03 8.259350e+04 3.767765e+03 -1.193631e+05 -9.357438e+04 -2.634417e+03
-3.333333e-03 -5.679527e+04 -1.156994e+03 -2.713395e+03 -8.429768e+04 3.922206e+03 -1.178921e+05 -9.575711e+04 -2.818785e+03 -2.811496e+03 8.428038e+04 4.370817e+04 -7.835163e+02 9.576986e+04 -2.916826e+03 2.664312e+03 9.078614e+04 -3.344997e+03 9.606272e+04 4.982569e+04 -1.164297e+03 -1.091378e+05 3.463866e+03 -2.952984e+03 -1.034561e+05 4.982251e+04 7.439186e+02 2.272576e+03 7.395873e+04 3.525052e+03 -1.034545e+05 -8.402848e+04 -2.365788e+03
-3.131313e-03 -4.943221e+04 -1.188800e+03 -2.448445e+03 -7.618415e+04 3.696769e+03 -1.026634e+05 -8.678894e+04 -2.537020e+03 -2.533624e+03 7.617060e+04 3.804227e+04 -8.058643e+02 8.679816e+04 -2.622117e+03 2.511755e+03 7.905832e+04 -3.016136e+03 8.681731e+04 4.336651e+04 -1.179110e+03 -9.891435e+04 3.115916e+03 -2.784746e+03 -9.009185e+04 4.336371e+04 7.824751e+02 2.049461e+03 6.684179e+04 3.321608e+03 -9.009045e+04 -7.615833e+04 -2.127857e+03
-2.929293e-03 -4.316857e+04 -1.211773e+03 -2.209407e+03 -6.943526e+04 3.506423e+03 -8.969997e+04 -7.932655e+04 -2.284175e+03 -2.283645e+03 6.942478e+04 3.322230e+04 -8.220720e+02 7.933289e+04 -2.358315e+03 2.382919e+03 6.907509e+04 -2.719912e+03 7.912689e+04 3.787174e+04 -1.188103e+03 -9.040751e+04 2.804032e+03 -2.642918e+03 -7.871560e+04 3.786927e+04 8.121038e+02 1.848429e+03 6.092184e+04 3.149578e+03 -7.871437e+04 -6.960963e+04 -1.914654e+03
-2.727273e-03 -3.777547e+04 -1.228265e+03 -1.991638e+03 -6.378058e+04 3.344612e+03 -7.853064e+04 -7.307166e+04 -2.054952e+03 -2.056493e+03 6.377263e+04 2.907215e+04 -8.337679e+02 7.307561e+04 -2.119701e+03 2.273375e+03 6.047359e+04 -2.450435e+03 7.268332e+04 3.314060e+04 -1.193000e+03 -8.327719e+04 2.521577e+03 -2.522525e+03 -6.891384e+04 3.313842e+04 8.350009e+02 1.665498e+03 5.596169e+04 3.003140e+03 -6.891274e+04 -6.412058e+04 -1.721621e+03
-2.525253e-03 -3.307947e+04 -1.239976e+03 -1.791494e+03 -5.901653e+04 3.206384e+03 -6.879838e+04 -6.779980e+04 -1.845217e+03 -1.848207e+03 5.901068e+04 2.545839e+04 -8.421287e+02 6.780178e+04 -1.901820e+03 2.179780e+03 5.297883e+04 -2.203090e+03 6.725461e+04 2.902096e+04 -1.195033e+03 -7.726752e+04 2.263377e+03 -2.419813e+03 -6.037323e+04 2.901904e+04 8.527672e+02 1.497547e+03 5.178275e+04 2.877891e+03 -6.037226e+04 -5.949422e+04 -1.545205e+03
-2.323232e-03 -2.894683e+04 -1.248153e+03 -1.606058e+03 -5.498754e+04 3.087940e+03 -6.022773e+04 -6.333953e+04 -1.651679e+03 -1.655627e+03 5.498345e+04 2.227808e+04 -8.480181e+02 6.333988e+04 -1.701138e+03 2.099569e+03 4.637869e+04 -1.974189e+03 6.266351e+04 2.539550e+04 -1.195094e+03 -7.218304e+04 2.025319e+03 -2.331908e+03 -5.285203e+04 2.539380e+04 8.665879e+02 1.342084e+03 4.824858e+04 2.770449e+03 -5.285117e+04 -5.558009e+04 -1.382585e+03
-2.121212e-03 -2.527266e+04 -1.253721e+03 -1.432959e+03 -5.157325e+04 2.986327e+03 -5.260268e+04 -5.955822e+04 -1.471674e+03 -1.476192e+03 5.157062e+04 1.945055e+04 -8.520785e+02 5.955720e+04 -1.514802e+03 2.030745e+03 4.050679e+04 -1.760740e+03 5.877286e+04 2.217221e+04 -1.193838e+03 -6.787256e+04 1.804076e+03 -2.256576e+03 -4.616067e+04 2.217072e+04 8.773527e+02 1.197082e+03 4.525361e+04 2.678181e+03 -4.615991e+04 -5.226178e+04 -1.231480e+03
-1.919192e-03 -2.197347e+04 -1.257376e+03 -1.270233e+03 -4.867956e+04 2.899222e+03 -4.575120e+04 -5.635222e+04 -1.303013e+03 -1.307790e+03 4.867816e+04 1.691155e+04 -8.547923e+02 5.635006e+04 -1.340469e+03 1.971739e+03 3.523064e+04 -1.560272e+03 5.547544e+04 1.927786e+04 -1.191750e+03 -6.421790e+04 1.596919e+03 -2.192062e+03 -4.014818e+04 1.927655e+04 8.857364e+02 1.060870e+03 4.271529e+04 2.599014e+03 -4.014751e+04 -4.944835e+04 -1.090016e+03
-1.717172e-03 -1.898180e+04 -1.259645e+03 -1.116234e+03 -4.623233e+04 2.824786e+03 -3.953426e+04 -5.363986e+04 -1.143865e+03 -1.148655e+03 4.623197e+04 1.460917e+04 -8.565255e+02 5.363674e+04 -1.176192e+03 1.921309e+03 3.044318e+04 -1.370713e+03 5.268677e+04 1.665326e+04 -1.189194e+03 -6.112598e+04 1.401567e+03 -2.136978e+03 -3.469254e+04 1.665213e+04 8.922557e+02 9.320473e+02 4.056861e+04 2.531307e+03 -3.469196e+04 -4.706811e+04 -9.566329e+02
-1.515152e-03 -1.624233e+04 -1.260931e+03 -9.695603e+02 -4.417287e+04 2.761551e+03 -3.383783e+04 -5.135648e+04 -9.926818e+02 -9.972851e+02 4.417336e+04 1.250086e+04 -8.575571e+02 5.135257e+04 -1.020321e+03 1.878464e+03 2.605658e+04 -1.190304e+03 5.033996e+04 1.424991e+04 -1.186442e+03 -5.852308e+04 1.216094e+03 -2.090220e+03 -2.969370e+04 1.424894e+04 8.973087e+02 8.094220e+02 3.876205e+04 2.473747e+03 -2.969320e+04 -4.506433e+04 -8.300088e+02
-1.313131e-03 -1.370905e+04 -1.261540e+03 -8.290000e+02 -4.245457e+04 2.708348e+03 -2.856699e+04 -4.945075e+04 -8.481294e+02 -8.523887e+02 4.245577e+04 1.055119e+04 -8.581009e+02 4.944618e+04 -8.714424e+02 1.842411e+03 2.199774e+04 -1.017526e+03 4.838191e+04 1.202742e+04 -1.183699e+03 -5.635068e+04 1.038842e+03 -2.050906e+03 -2.506835e+04 1.202660e+04 9.012031e+02 6.919658e+02 3.725477e+04 2.425288e+03 -2.506793e+04 -4.339196e+04 -7.090089e+02
-1.111111e-03 -1.134303e+04 -1.261708e+03 -6.934902e+02 -4.104051e+04 2.664243e+03 -2.364148e+04 -4.788200e+04 -7.090444e+02 -7.128343e+02 4.104228e+04 8.730226e+03 -8.583208e+02 4.787690e+04 -7.283231e+02 1.812522e+03 1.820486e+04 -8.510482e+02 4.677055e+04 9.951663e+03 -1.181122e+03 -5.456241e+04 8.683644e+02 -2.018334e+03 -2.074605e+04 9.950979e+03 9.041772e+02 5.787780e+02 3.601435e+04 2.385095e+03 -2.074570e+04 -4.201531e+04 -5.926435e+02
-9.090909e-04 -9.110826e+03 -1.261615e+03 -5.620849e+02 -3.990161e+04 2.628500e+03 -1.899228e+04 -4.661821e+04 -5.743948e+02 -5.776170e+02 3.990385e+04 7.012227e+03 -8.583418e+02 4.661268e+04 -5.898727e+02 1.788298e+03 1.462476e+04 -6.896881e+02 4.547274e+04 7.993285e+03 -1.178825e+03 -5.312178e+04 7.033817e+02 -1.991949e+03 -1.666623e+04 7.992734e+03 9.064143e+02 4.690574e+02 3.501531e+04 2.352506e+03 -1.666594e+04 -4.090627e+04 -4.800361e+02
-7.070707e-04 -6.983141e+03 -1.261397e+03 -4.339278e+02 -3.901534e+04 2.600542e+03 -1.455892e+04 -4.563454e+04 -4.432505e+02 -4.458296e+02 3.901793e+04 5.374655e+03 -8.582581e+02 4.562868e+04 -4.551096e+02 1.769349e+03 1.121089e+04 -5.323762e+02 4.446280e+04 6.126596e+03 -1.176898e+03 -5.200047e+04 5.427402e+02 -1.971320e+03 -1.277583e+04 6.126172e+03 9.080538e+02 3.620796e+02 3.423786e+04 2.327007e+03 -1.277561e+04 -4.004306e+04 -3.703975e+02
-5.050505e-04 -4.933808e+03 -1.261153e+03 -3.082316e+02 -3.836467e+04 2.579935e+03 -1.028738e+04 -4.491226e+04 -3.147587e+02 -3.166389e+02 3.836753e+04 3.797372e+03 -8.581394e+02 4.490616e+04 -3.231354e+02 1.755381e+03 7.921641e+03 -3.781303e+02 4.372135e+04 4.328638e+03 -1.175401e+03 -5.117713e+04 3.853829e+02 -1.956119e+03 -9.027439e+03 4.328338e+03 9.091995e+02 2.571793e+02 3.366710e+04 2.308207e+03 -9.027283e+03 -3.940922e+04 -2.630048e+02
-3.030303e-04 -2.938920e+03 -1.260953e+03 -1.842588e+02 -3.793743e+04 2.566365e+03 -6.128300e+03 -4.443794e+04 -1.881232e+02 -1.892662e+02 3.794046e+04 2.261984e+03 -8.580344e+02 4.443168e+04 -1.931121e+02 1.746183e+03 4.718999e+03 -2.260312e+02 4.323450e+04 2.578442e+03 -1.174381e+03 -5.063644e+04 2.303236e+02 -1.946112e+03 -5.377737e+03 2.578263e+03 9.099244e+02 1.537337e+02 3.329232e+04 2.295824e+03 -5.377643e+03 -3.899299e+04 -1.571833e+02
-1.010101e-04 -9.761085e+02 -1.260842e+03 -6.130693e+01 -3.772574e+04 2.559630e+03 -2.035472e+03 -4.420291e+04 -6.258647e+01 -6.296993e+01 3.772886e+04 7.512772e+02 -8.579744e+02 4.419657e+04 -6.424329e+01 1.741618e+03 1.567382e+03 -7.520341e+01 4.299327e+04 8.563826e+02 -1.173864e+03 -5.036852e+04 7.662444e+01 -1.941145e+03 -1.786177e+03 8.563232e+02 9.102755e+02 5.114946e+01 3.310663e+04 2.289678e+03 -1.786146e+03 -3.878673e+04 -5.229181e+01
1.010101e-04 9.761085e+02 -1.260842e+03 6.130693e+01 -3.772574e+04 2.559630e+03 2.035472e+03 -4.420291e+04 6.258647e+01 6.296993e+01 3.772886e+04 -7.512772e+02 -8.579744e+02 4.419657e+04 6.424329e+01 1.741618e+03 -1.567382e+03 7.520341e+01 4.299327e+04 -8.563826e+02 -1.173864e+03 -5.036852e+04 -7.662444e+01 -1.941145e+03 1.786177e+03 -8.563232e+02 9.102755e+02 -5.114946e+01 3.310663e+04 2.289678e+03 1.786146e+03 -3.878673e+04 5.229181e+01
3.030303e-04 2.938920e+03 -1.260953e+03 1.842588e+02 -3.793743e+04 2.566365e+03 6.128300e+03 -4.443794e+04 1.881232e+02 1.892662e+02 3.794046e+04 -2.261984e+03 -8.580344e+02 4.443168e+04 1.931121e+02 1.746183e+03 -4.718999e+03 2.260312e+02 4.323450e+04 -2.578442e+03 -1.174381e+03 -5.063644e+04 -2.303236e+02 -1.946112e+03 5.377737e+03 -2.578263e+03 9.099244e+02 -1.537337e+02 3.329232e+04 2.295824e+03 5.377643e+03 -3.899299e+04 1.571833e+02
5.050505e-04 4.933808e+03 -1.261153e+03 3.082316e+02 -3.836467e+04 2.579935e+03 1.028738e+04 -4.491226e+04 3.147587e+02 3.166389e+02 3.836753e+04 -3.797372e+03 -8.581394e+02 4.490616e+04 3.231354e+02 1.755381e+03 -7.921641e+03 3.781303e+02 4.372135e+04 -4.328638e+03 -1.175401e+03 -5.117713e+04 -3.853829e+02 -1.956119e+03 9.027439e+03 -4.328338e+03 9.091995e+02 -2.571793e+02 3.366710e+04 2.308207e+03 9.027283e+03 -3.940922e+04 2.630048e+02
7.070707e-04 6.983141e+03 -1.261397e+03 4.339278e+02 -3.901534e+04 2.600542e+03 1.455892e+04 -4.563454e+04 4.432505e+02 4.458296e+02 3.901793e+04 -5.374655e+03 -8.582581e+02 4.562868e+04 4.551096e+02 1.769349e+03 -1.121089e+04 5.323762e+02 4.446280e+04 -6.126596e+03 -1.176898e+03 -5.200047e+04 -5.427402e+02 -1.971320e+03 1.277583e+04 -6.126172e+03 9.080538e+02 -3.620796e+02 3.423786e+04 2.327007e+03 1.277561e+04 -4.004306e+04 3.703975e+02
9.090909e-04 9.110826e+03 -1.261615e+03 5.620849e+02 -3.990161e+04 2.628500e+03 1.899228e+04 -4.661821e+04 5.743948e+02 5.776170e+02 3.990385e+04 -7.012227e+03 -8.583418e+02 4.661268e+04 5.898727e+02 1.788298e+03 -1.462476e+04 6.896881e+02 4.547274e+04 -7.993285e+03 -1.178825e+03 -5.312178e+04 -7.033817e+02 -1.991949e+03 1.666623e+04 -7.992734e+03 9.064143e+02 -4.690574e+02 3.501531e+04 2.352506e+03 1.666594e+04 -4.090627e+04 4.800361e+02
1.111111e-03 1.134303e+04 -1.261708e+03 6.934902e+02 -4.104051e+04 2.664243e+03 2.364148e+04 -4.788200e+04 7.090444e+02 7.128343e+02 4.104228e+04 -8.730226e+03 -8.583208e+02 4.787690e+04 7.283231e+02 1.812522e+03 -1.820486e+04 8.510482e+02 4.677055e+04 -9.951663e+03 -1.181122e+03 -5.456241e+04 -8.683644e+02 -2.018334e+03 2.074605e+04 -9.950979e+03 9.041772e+02 -5.787780e+02 3.601435e+04 2.385095e+03 2.074570e+04 -4.201531e+04 5.926435e+02
1.313131e-03 1.370905e+04 -1.261540e+03 8.290000e+02 -4.245457e+04 2.708348e+03 2.856699e+04 -4.945075e+04 8.481294e+02 8.523887e+02 4.245577e+04 -1.055119e+04 -8.581009e+02 4.944618e+04 8.714424e+02 1.842411e+03 -2.199774e+04 1.017526e+03 4.838191e+04 -1.202742e+04 -1.183699e+03 -5.635068e+04 -1.038842e+03 -2.050906e+03 2.506835e+04 -1.202660e+04 9.012031e+02 -6.919658e+02 3.725477e+04 2.425288e+03 2.506793e+04 -4.339196e+04 7.090089e+02
1.515152e-03 1.624233e+04 -1.260931e+03 9.695603e+02 -4.417287e+04 2.761551e+03 3.383783e+04 -5.135648e+04 9.926818e+02 9.972851e+02 4.417336e+04 -1.250086e+04 -8.575571e+02 5.135257e+04 1.020321e+03 1.878464e+03 -2.605658e+04 1.190304e+03 5.033996e+04 -1.424991e+04 -1.186442e+03 -5.852308e+04 -1.216094e+03 -2.090220e+03 2.969370e+04 -1.424894e+04 8.973087e+02 -8.094220e+02 3.876205e+04 2.473747e+03 2.969320e+04 -4.506433e+04 8.300088e+02
1.717172e-03 1.898180e+04 -1.259645e+03 1.116234e+03 -4.623233e+04 2.824786e+03 3.953426e+04 -5.363986e+04 1.143865e+03 1.148655e+03 4.623197e+04 -1.460917e+04 -8.565255e+02 5.363674e+04 1.176192e+03 1.921309e+03 -3.044318e+04 1.370713e+03 5.268677e+04 -1.665326e+04 -1.189194e+03 -6.112598e+04 -1.401567e+03 -2.136978e+03 3.469254e+04 -1.665213e+04 8.922557e+02 -9.320473e+02 4.056861e+04 2.531307e+03 3.469196e+04 -4.706811e+04 9.566329e+02
1.919192e-03 2.197347e+04 -1.257376e+03 1.270233e+03 -4.867956e+04 2.899222e+03 4.575120e+04 -5.635222e+04 1.303013e+03 1.307790e+03 4.867816e+04 -1.691155e+04 -8.547923e+02 5.635006e+04 1.340469e+03 1.971739e+03 -3.523064e+04 1.560272e+03 5.547544e+04 -1.927786e+04 -1.191750e+03 -6.421790e+04 -1.596919e+03 -2.192062e+03 4.014818e+04 -1.927655e+04 8.857364e+02 -1.060870e+03 4.271529e+04 2.599014e+03 4.014751e+04 -4.944835e+04 1.090016e+03
2.121212e-03 2.527266e+04 -1.253721e+03 1.432959e+03 -5.157325e+04 2.986327e+03 5.260268e+04 -5.955822e+04 1.471674e+03 1.476192e+03 5.157062e+04 -1.945055e+04 -8.520785e+02 5.955720e+04 1.514802e+03 2.030745e+03 -4.050679e+04 1.760740e+03 5.877286e+04 -2.217221e+04 -1.193838e+03 -6.787256e+04 -1.804076e+03 -2.256576e+03 4.616067e+04 -2.217072e+04 8.773527e+02 -1.197082e+03 4.525361e+04 2.678181e+03 4.615991e+04 -5.226178e+04 1.231480e+03
2.323232e-03 2.894683e+04 -1.248153e+03 1.606058e+03 -5.498754e+04 3.087940e+03 6.022773e+04 -6.333953e+04 1.651679e+03 1.655627e+03 5.498345e+04 -2.227808e+04 -8.480181e+02 6.333988e+04 1.701138e+03 2.099569e+03 -4.637869e+04 1.974189e+03 6.266351e+04 -2.539550e+04 -1.195094e+03 -7.218304e+04 -2.025319e+03 -2.331908e+03 5.285203e+04 -2.539380e+04 8.665879e+02 -1.342084e+03 4.824858e+04 2.770449e+03 5.285117e+04 -5.558009e+04 1.382585e+03
2.525253e-03 3.307947e+04 -1.239976e+03 1.791494e+03 -5.901653e+04 3.206384e+03 6.879838e+04 -6.779980e+04 1.845217e+03 1.848207e+03 5.901068e+04 -2.545839e+04 -8.421287e+02 6.780178e+04 1.901820e+03 2.179780e+03 -5.297883e+04 2.203090e+03 6.725461e+04 -2.902096e+04 -1.195033e+03 -7.726752e+04 -2.263377e+03 -2.419813e+03 6.037323e+04 -2.901904e+04 8.527672e+02 -1.497547e+03 5.178275e+04 2.877891e+03 6.037226e+04 -5.949422e+04 1.545205e+03
2.727273e-03 3.777547e+04 -1.228265e+03 1.991638e+03 -6.378058e+04 3.344612e+03 7.853064e+04 -7.307166e+04 2.054952e+03 2.056493e+03 6.377263e+04 -2.907215e+04 -8.337679e+02 7.307561e+04 2.119701e+03 2.273375e+03 -6.047359e+04 2.450435e+03 7.268332e+04 -3.314060e+04 -1.193000e+03 -8.327719e+04 -2.521577e+03 -2.522525e+03 6.891384e+04 -3.313842e+04 8.350009e+02 -1.665498e+03 5.596169e+04 3.003140e+03 6.891274e+04 -6.412058e+04 1.721621e+03
2.929293e-03 4.316857e+04 -1.211773e+03 2.209407e+03 -6.943526e+04 3.506423e+03 8.969997e+04 -7.932655e+04 2.284175e+03 2.283645e+03 6.942478e+04 -3.322230e+04 -8.220720e+02 7.933289e+04 2.358315e+03 2.382919e+03 -6.907509e+04 2.719912e+03 7.912689e+04 -3.787174e+04 -1.188103e+03 -9.040751e+04 -2.804032e+03 -2.642918e+03 7.871560e+04 -3.786927e+04 8.121038e+02 -1.848429e+03 6.092184e+04 3.149578e+03 7.871437e+04 -6.960963e+04 1.914654e+03
3.131313e-03 4.943221e+04 -1.188800e+03 2.448445e+03 -7.618415e+04 3.696769e+03 1.026634e+05 -8.678894e+04 2.537020e+03 2.533624e+03 7.617060e+04 -3.804227e+04 -8.058643e+02 8.679816e+04 2.622117e+03 2.511755e+03 -7.905832e+04 3.016136e+03 8.681731e+04 -4.336651e+04 -1.179110e+03 -9.891435e+04 -3.115916e+03 -2.784746e+03 9.009185e+04 -4.336371e+04 7.824751e+02 -2.049461e+03 6.684179e+04 3.321608e+03 9.009045e+04 -7.615833e+04 2.127857e+03
3.333333e-03 5.679527e+04 -1.156994e+03 2.713395e+03 -8.429768e+04 3.922206e+03 1.178921e+05 -9.575711e+04 2.818785e+03 2.811496e+03 8.428038e+04 -4.370817e+04 -7.835163e+02 9.576986e+04 2.916826e+03 2.664312e+03 -9.078614e+04 3.344997e+03 9.606272e+04 -4.982569e+04 -1.164297e+03 -1.091378e+05 -3.463866e+03 -2.952984e+03 1.034561e+05 -4.982251e+04 7.439186e+02 -2.272576e+03 7.395873e+04 3.525052e+03 1.034545e+05 -8.402848e+04 2.365788e+03
3.535354e-03 6.556599e+04 -1.113037e+03 3.010297e+03 -9.414163e+04 4.191589e+03 1.360203e+05 -1.066348e+05 3.136397e+03 3.123875e+03 9.411971e+04 -5.045715e+04 -7.527339e+02 1.066519e+05 3.249950e+03 2.846568e+03 -1.047470e+05 3.714177e+03 1.072799e+05 -5.751966e+04 -1.141210e+03 -1.215381e+05 -3.856575e+03 -3.154361e+03 1.193649e+05 -5.751602e+04 6.933646e+02 -2.522966e+03 8.259350e+04 3.767765e+03 1.193631e+05 -9.357438e+04 2.634417e+03
3.737374e-03 7.616900e+04 -1.052153e+03 3.347202e+03 -1.062213e+05 4.517157e+03 1.579218e+05 -1.199803e+05 3.499141e+03 3.479615e+03 1.061937e+05 -5.861593e+04 -7.102138e+02 1.200028e+05 3.631578e+03 3.066788e+03 -1.216139e+05 4.133936e+03 1.210447e+05 -6.682089e+04 -1.106278e+03 -1.367516e+05 -4.305710e+03 -3.398192e+03 1.385850e+05 -6.681670e+04 6.264256e+02 -2.807563e+03 9.318935e+04 4.060592e+03 1.385830e+05 -1.052859e+05 2.941763e+03
3.939394e-03 8.920518e+04 -9.672726e+02 3.735162e+03 -1.212531e+05 4.916316e+03 1.848326e+05 -1.365857e+05 3.919825e+03 3.890918e+03 1.212181e+05 -6.864682e+04 -6.510731e+02 1.366152e+05 4.075677e+03 3.336722e+03 -1.423388e+05 4.618389e+03 1.381734e+05 -7.825647e+04 -1.054176e+03 -1.556815e+05 -4.827390e+03 -3.697742e+03 1.622013e+05 -7.825161e+04 5.366618e+02 -3.135904e+03 1.063745e+05 4.418933e+03 1.621990e+05 -1.198584e+05 3.298907e+03
4.141414e-03 1.055525e+05 -8.476060e+02 4.189881e+03 -1.402841e+05 5.414682e+03 2.185584e+05 -1.576110e+05 4.416738e+03 4.375200e+03 1.402398e+05 -8.122530e+04 -5.678600e+02 1.576494e+05 4.602254e+03 3.673667e+03 -1.683123e+05 5.187646e+03 1.598591e+05 -9.259650e+04 -9.767094e+02 -1.796502e+05 -5.444670e+03 -4.072561e+03 1.917985e+05 -9.259080e+04 4.143075e+02 -3.521571e+03 1.230677e+05 4.865425e+03 1.917957e+05 -1.383096e+05 3.721705e+03
4.343434e-03 1.265452e+05 -6.759986e+02 4.734680e+03 -1.649063e+05 6.051621e+03 2.618436e+05 -1.848226e+05 5.017145e+03 4.958435e+03 1.648497e+05 -9.737803e+04 -4.487362e+02 1.848727e+05 5.241245e+03 4.104200e+03 -2.016481e+05 5.871633e+03 1.879159e+05 -1.110115e+05 -8.607594e+02 -2.106712e+05 -6.191978e+03 -4.552737e+03 2.297848e+05 -1.110047e+05 2.439380e+02 -3.984775e+03 1.446650e+05 5.434814e+03 2.297816e+05 -1.621899e+05 4.233839e+03
4.545455e-03 1.543161e+05 -4.237352e+02 5.406177e+03 -1.976621e+05 6.891074e+03 3.190736e+05 -2.210489e+05 5.763994e+03 5.681591e+03 1.975889e+05 -1.187459e+05 -2.738968e+02 2.211148e+05 6.039968e+03 4.671494e+03 -2.457237e+05 6.717458e+03 2.252406e+05 -1.353721e+05 -6.842305e+02 -2.519691e+05 -7.123638e+03 -5.187214e+03 2.800091e+05 -1.353639e+05 -1.166367e-01 -4.557327e+03 1.733965e+05 6.183463e+03 2.800052e+05 -1.939812e+05 4.872685e+03
4.747475e-03 1.925102e+05 -3.929316e+01 6.266349e+03 -2.428912e+05 8.044850e+03 3.977434e+05 -2.711333e+05 6.730095e+03 6.614310e+03 2.427948e+05 -1.481333e+05 -7.829932e+00 2.712214e+05 7.078944e+03 5.451052e+03 -3.063115e+05 7.805038e+03 2.767785e+05 -1.688757e+05 -4.072636e+02 -3.090656e+05 -8.331925e+03 -6.061702e+03 3.490489e+05 -1.688655e+05 -3.636757e+02 -5.293191e+03 2.130687e+05 7.209822e+03 3.490441e+05 -2.379343e+05 5.701740e+03
4.949495e-03 2.479775e+05 5.793456e+02 7.431818e+03 -3.087338e+05 9.729902e+03 5.119387e+05 -3.442006e+05 8.052416e+03 7.888177e+03 3.086030e+05 -1.908106e+05 4.197297e+02 3.443215e+05 8.510185e+03 6.589411e+03 -3.942598e+05 9.285077e+03 3.518049e+05 -2.175310e+05 4.941853e+01 -3.923628e+05 -9.990747e+03 -7.342744e+03 4.492658e+05 -2.175179e+05 -9.370523e+02 -6.294132e+03 2.708215e+05 8.704718e+03 4.492597e+05 -3.020567e+05 6.840673e+03
5.151515e-03 3.356374e+05 1.667452e+03 9.160716e+03 -4.128694e+05 1.243990e+04 6.923399e+05 -4.601848e+05 1.003322e+04 9.795503e+03 4.126834e+05 -2.582568e+05 1.170698e+03 4.603584e+05 1.067032e+04 8.420105e+03 -5.331979e+05 1.149176e+04 4.704651e+05 -2.944251e+05 8.692889e+02 -5.245861e+05 -1.248462e+04 -9.409817e+03 6.075849e+05 -2.944072e+05 -1.927733e+03 -7.785851e+03 3.621620e+05 1.110197e+04 6.075767e+05 -4.038425e+05 8.554024e+03
5.353535e-03 4.979513e+05 3.938898e+03 1.221476e+04 -6.054192e+05 1.766570e+04 1.026282e+06 -6.760547e+05 1.355869e+04 1.320130e+04 6.051301e+05 -3.831417e+05 2.735935e+03 6.763265e+05 1.454939e+04 1.195083e+04 -7.903882e+05 1.541255e+04 6.898709e+05 -4.368045e+05 2.610404e+03 -7.706800e+05 -1.694299e+04 -1.341037e+04 9.006512e+05 -4.367772e+05 -3.963440e+03 -1.043548e+04 5.310525e+05 1.571074e+04 9.006388e+05 -5.932865e+05 1.161850e+04
5.555556e-03 9.826649e+05 1.188577e+04 2.133958e+04 -1.177143e+06 3.485860e+04 2.023511e+06 -1.326208e+06 2.408869e+04 2.350348e+04 1.176547e+06 -7.560828e+05 8.201006e+03 1.326772e+06 2.626297e+04 2.357342e+04 -1.558418e+06 2.720341e+04 1.341336e+06 -8.619904e+05 8.788324e+03 -1.511858e+06 -3.033638e+04 -2.662671e+04 1.775817e+06 -8.619316e+05 -1.098655e+04 -1.840411e+04 1.032526e+06 3.082648e+04 1.775790e+06 -1.163850e+06 2.082414e+04
5.757576e-03 -3.743338e+06 -7.679917e+04 -7.087854e+04 4.358012e+06 -1.507166e+05 -7.701471e+06 5.066395e+06 -8.169815e+04 -8.154741e+04 -4.355620e+06 2.880149e+06 -5.269054e+04 -5.068646e+06 -9.242486e+04 -1.019512e+05 5.931414e+06 -9.250838e+04 -4.965837e+06 3.283646e+06 -6.069910e+04 5.775676e+06 1.048513e+05 1.164418e+05 -6.758796e+06 3.283353e+06 6.673558e+04 6.252542e+04 -3.822485e+06 -1.319970e+05 -6.758690e+06 4.446191e+06 -7.205597e+04
5.959596e-03 3.259870e+05 -5.409758e+03 4.722172e+03 -4.310823e+05 -1.441129e+03 6.699249e+05 -4.094239e+05 5.740979e+03 4.388059e+03 4.308739e+05 -2.508005e+05 -3.631722e+03 4.096356e+05 5.405085e+03 -1.024274e+03 -5.159581e+05 5.536557e+03 4.912119e+05 -2.859287e+05 -4.851143e+03 -4.667722e+05 -6.696187e+03 1.480038e+03 5.879217e+05 -2.859382e+05 4.034782e+03 -3.731340e+03 3.781309e+05 -9.516170e+02 5.879243e+05 -3.593076e+05 4.624489e+03
6.161616e-03 -1.282975e+07 -1.789966e+05 -1.561312e+05 1.541057e+07 -3.168771e+05 -2.634343e+07 1.685989e+07 -1.967519e+05 -1.796321e+05 -1.540173e+07 9.870634e+06 -1.235190e+05 -1.686851e+07 -2.204178e+05 -2.134741e+05 2.028943e+07 -2.041750e+05 -1.755979e+07 1.125368e+07 -1.416477e+05 1.922111e+07 2.505279e+05 2.436173e+05 -2.311914e+07 1.125301e+07 1.561774e+05 1.374251e+05 -1.351664e+07 -2.777215e+05 -2.311908e+07 1.479629e+07 -1.731561e+05
6.363636e-03 2.654694e+05 -1.176160e+04 2.192792e+03 -3.754822e+05 -1.084789e+04 5.444403e+05 -3.101221e+05 3.100987e+03 1.105532e+03 3.753020e+05 -2.042274e+05 -7.951686e+03 3.103115e+05 2.005683e+03 -7.412152e+03 -4.193233e+05 2.016280e+03 4.278543e+05 -2.328302e+05 -1.004385e+04 -3.535876e+05 -3.047022e+03 8.897299e+03 4.777993e+05 -2.328579e+05 9.338727e+03 -1.341892e+03 3.293631e+05 -9.068440e+03 4.778089e+05 -2.721664e+05 2.134826e+03
6.565657e-03 -7.367206e+06 -7.407263e+04 -4.001084e+04 9.011683e+06 -9.622003e+04 -1.509605e+07 9.479408e+06 -6.523161e+04 -4.816642e+04 -9.006296e+06 5.667701e+06 -5.152265e+04 -9.484736e+06 -7.345590e+04 -6.418768e+04 1.162706e+07 -5.396082e+04 -1.026838e+07 6.461927e+06 -5.996314e+04 1.080743e+07 8.273670e+04 7.371530e+04 -1.324852e+07 6.461712e+06 6.374872e+04 3.582794e+04 -7.904059e+06 -8.386719e+04 -1.324848e+07 8.319246e+06 -5.798980e+04
6.767677e-03 1.868769e+06 -1.605580e+04 4.223356e+03 -2.401509e+06 -1.812085e+04 3.825079e+06 -2.307336e+06 1.091130e+04 2.571267e+03 2.400117e+06 -1.437627e+06 -1.059090e+04 2.308738e+06 9.244324e+03 -1.262918e+04 -2.946122e+06 4.266593e+03 2.736403e+06 -1.639063e+06 -1.376270e+04 -2.630687e+06 -1.188027e+04 1.520476e+04 3.356951e+06 -1.639104e+06 1.239578e+04 -2.677327e+03 2.106380e+06 -1.508817e+04 3.356960e+06 -2.024959e+06 8.538561e+03
6.969697e-03 3.331735e+08 6.238252e+05 -4.364471e+05 -4.182506e+08 -7.253798e+05 6.812238e+08 -4.177244e+08 7.954921e+05 -4.413552e+05 4.179915e+08 -2.563008e+08 4.834223e+05 4.179834e+08 7.905355e+05 -5.524137e+05 -5.246960e+08 -5.028439e+05 4.765709e+08 -2.922201e+08 5.507196e+05 -4.762666e+08 -9.011354e+05 6.296632e+05 5.978590e+08 -2.922203e+08 -5.475971e+05 3.830804e+05 3.668398e+08 -6.363897e+05 5.978591e+08 -3.666054e+08 6.978598e+05
7.171717e-03 -4.940196e+06 -6.540700e+04 2.572372e+04 6.065613e+06 -3.044037e+04 -1.008987e+07 6.307110e+06 6.879776e+03 2.107365e+04 -6.061665e+06 3.800273e+06 -4.535747e+04 -6.311041e+06 2.180271e+03 -1.975031e+04 7.771547e+06 2.789144e+04 -6.911350e+06 4.332963e+06 -5.650794e+04 7.191018e+06 -6.387763e+03 2.491684e+04 -8.855172e+06 4.332853e+06 5.257646e+04 -1.958908e+04 -5.319902e+06 -2.430109e+04 -8.855149e+06 5.535297e+06 3.031262e+03
7.373737e-03 5.478724e+05 -1.004942e+04 -4.888293e+03 -7.279991e+05 -1.643079e+04 1.117587e+06 -6.611595e+05 -2.677146e+03 -6.184513e+03 7.275461e+05 -4.214311e+05 -6.717314e+03 6.616151e+05 -3.987912e+03 -1.126835e+04 -8.608194e+05 -6.653418e+03 8.295038e+05 -4.804966e+05 -8.140131e+03 -7.538584e+05 4.141372e+03 1.308409e+04 9.808330e+05 -4.805258e+05 8.333088e+03 4.593410e+03 6.385184e+05 -1.417537e+04 9.808407e+05 -5.802596e+05 -2.659659e+03
7.575758e-03 8.684885e+06 1.616657e+05 -1.112435e+05 -1.063959e+07 4.674882e+04 1.769685e+07 -1.113712e+07 -7.563328e+04 -1.010942e+05 1.063215e+07 -6.680480e+06 1.115958e+05 1.114454e+07 -6.535849e+04 2.994871e+04 -1.363118e+07 -1.277265e+05 1.212283e+07 -7.617121e+06 1.424518e+05 -1.269831e+07 8.707604e+04 -4.208549e+04 1.553163e+07 -7.616947e+06 -1.265874e+05 8.798121e+04 9.331302e+06 3.306205e+04 1.553147e+07 -9.774385e+06 -5.666945e+04
7.777778e-03 -6.183111e+05 -2.830281e+04 1.002157e+04 7.107418e+05 -1.920825e+04 -1.258534e+06 8.229571e+05 7.452463e+03 7.688980e+03 -7.102042e+05 4.756102e+05 -1.935335e+04 -8.234951e+05 5.089851e+03 -1.290986e+04 9.694046e+05 1.066159e+04 -8.098179e+05 5.423105e+05 -2.434778e+04 9.383012e+05 -7.717792e+03 1.592074e+04 -1.104556e+06 5.422622e+05 2.254324e+04 -7.332026e+03 -6.233145e+05 -1.564606e+04 -1.104541e+06 7.222633e+05 5.062940e+03
7.979798e-03 8.261075e+05 1.581986e+04 -1.722887e+04 -1.024095e+06 -1.449158e+02 1.679227e+06 -1.059078e+06 -1.359334e+04 -1.646920e+04 1.023351e+06 -6.354106e+05 1.092983e+04 1.059822e+06 -1.282285e+04 -2.864445e+02 -1.293476e+06 -2.031951e+04 1.166851e+06 -7.245193e+05 1.432420e+04 -1.207565e+06 1.617170e+04 -6.855319e+02 1.473788e+06 -7.245056e+05 -1.201388e+04 1.392474e+04 8.981519e+05 -1.139722e+03 1.473781e+06 -9.295030e+05 -1.072763e+04
8.181818e-03 1.689595e+08 6.336881e+06 -4.101608e+06 -2.012759e+08 2.803466e+06 3.430600e+08 -2.216880e+08 -3.351430e+06 -3.651928e+06 2.011282e+08 -1.299604e+08 4.341882e+06 2.218367e+08 -2.895445e+06 1.863555e+06 -2.642462e+08 -4.677098e+06 2.293393e+08 -1.481893e+08 5.561860e+06 -2.527599e+08 3.819326e+06 -2.459562e+06 3.010810e+08 -1.481758e+08 -4.946860e+06 3.202528e+06 1.765169e+08 2.124024e+06 3.010893e+08 -1.945662e+08 -2.540666e+06
8.383838e-03 8.843685e+05 2.988514e+04 -2.530614e+04 -1.071882e+06 8.593763e+03 1.793215e+06 -1.155160e+06 -2.118599e+04 -2.341708e+04 1.071049e+06 -6.801917e+05 2.050754e+04 1.155999e+06 -1.926762e+04 5.613287e+03 -1.381319e+06 -2.940760e+04 1.221281e+06 -7.756080e+05 2.659837e+04 -1.317132e+06 2.469966e+04 -8.196224e+03 1.573855e+06 -7.755736e+05 -2.299702e+04 2.011187e+04 9.400283e+05 5.740709e+03 1.573844e+06 -1.013843e+06 -1.647870e+04
8.585859e-03 4.898846e+05 1.635381e+04 -1.612907e+04 -5.990720e+05 3.170800e+03 9.920234e+05 -6.401022e+05 -1.376572e+04 -1.517214e+04 5.985990e+05 -3.767710e+05 1.122802e+04 6.405790e+05 -1.279305e+04 2.024385e+03 -7.641713e+05 -1.890012e+04 6.825667e+05 -4.296301e+05 1.469727e+04 -7.298632e+05 1.620097e+04 -3.385378e+03 8.706784e+05 -4.296133e+05 -1.244917e+04 1.291442e+04 5.253764e+05 1.703373e+03 8.706732e+05 -5.617992e+05 -1.083019e+04
8.787879e-03 3.386726e+05 1.149596e+04 -1.262626e+04 -4.169232e+05 1.464510e+03 6.849017e+05 -4.433911e+05 -1.093651e+04 -1.199213e+04 4.165884e+05 -2.604651e+05 7.894382e+03 4.437290e+05 -1.029135e+04 9.015059e+02 -5.275992e+05 -1.486978e+04 4.750284e+05 -2.970117e+05 1.041297e+04 -5.055728e+05 1.294069e+04 -1.843665e+03 6.011289e+05 -2.970010e+05 -8.671585e+03 1.015347e+04 3.656324e+05 4.683265e+02 6.011257e+05 -3.891544e+05 -8.662812e+03
8.989899e-03 2.543419e+05 8.855276e+03 -1.060856e+04 -3.150143e+05 6.520185e+02 5.136603e+05 -3.338892e+05 -9.297052e+03 -1.014431e+04 3.147571e+05 -1.956019e+05 6.081603e+03 3.341490e+05 -8.824278e+03 3.699012e+02 -3.956937e+05 -1.253835e+04 3.589146e+05 -2.230510e+05 8.077916e+03 -3.807179e+05 1.104164e+04 -1.093029e+03 4.508363e+05 -2.230435e+05 -6.623537e+03 8.556593e+03 2.762587e+05 -9.973429e+01 4.508342e+05 -2.930491e+05 -7.399151e+03
9.191919e-03 2.001954e+05 7.172763e+03 -9.251685e+03 -2.494170e+05 2.011921e+02 4.037491e+05 -2.636518e+05 -8.185378e+03 -8.892424e+03 2.492100e+05 -1.539554e+05 4.926358e+03 2.638611e+05 -7.819169e+03 7.684719e+01 -3.110298e+05 -1.096474e+04 2.841739e+05 -1.755630e+05 6.586390e+03 -3.006323e+05 9.748334e+03 -6.651777e+02 3.543710e+05 -1.755575e+05 -5.322097e+03 7.479031e+03 2.187303e+05 -4.013931e+02 3.543695e+05 -2.314046e+05 -6.537553e+03
9.393939e-03 1.626088e+05 6.002322e+03 -8.259350e+03 -2.037809e+05 -6.949970e+01 3.274842e+05 -2.149191e+05 -7.365147e+03 -7.971039e+03 2.036091e+05 -1.250461e+05 4.122620e+03 2.150930e+05 -7.070972e+03 -9.775285e+01 -2.522832e+05 -9.810240e+03 2.321770e+05 -1.425988e+05 5.546339e+03 -2.450664e+05 8.790592e+03 -3.997559e+02 2.874357e+05 -1.425945e+05 -4.419117e+03 6.688667e+03 1.787079e+05 -5.724372e+02 2.874346e+05 -1.886338e+05 -5.898744e+03
9.595960e-03 1.351529e+05 5.140478e+03 -7.493969e+03 -1.703756e+05 -2.394589e+02 2.718006e+05 -1.793253e+05 -6.726989e+03 -7.256472e+03 1.702298e+05 -1.039291e+05 3.530761e+03 1.794729e+05 -6.484421e+03 -2.063269e+02 -2.093900e+05 -8.917324e+03 1.941157e+05 -1.185195e+05 4.778784e+03 -2.044814e+05 8.043137e+03 -2.262749e+02 2.385638e+05 -1.185162e+05 -3.755895e+03 6.077529e+03 1.494119e+05 -6.717950e+02 2.385630e+05 -1.573943e+05 -5.399622e+03
9.797980e-03 1.143499e+05 4.479797e+03 -6.881406e+03 -1.450126e+05 -3.487497e+02 2.296304e+05 -1.523512e+05 -6.212029e+03 -6.681836e+03 1.448868e+05 -8.792911e+04 3.077038e+03 1.524788e+05 -6.007991e+03 -2.752755e+02 -1.769060e+05 -8.200961e+03 1.652177e+05 -1.002752e+05 4.189139e+03 -1.737247e+05 7.438384e+03 -1.089531e+02 2.015521e+05 -1.002724e+05 -3.248710e+03 5.587340e+03 1.271690e+05 -7.289240e+02 2.015516e+05 -1.337201e+05 -4.995355e+03
1.000000e-02 9.814226e+04 3.957781e+03 -6.377584e+03 -1.252110e+05 -4.195773e+02 1.967922e+05 -1.313264e+05 -5.785228e+03 -6.207219e+03 1.251008e+05 -7.546365e+04 2.718544e+03 1.314381e+05 -5.610870e+03 -3.192001e+02 -1.516104e+05 -7.610509e+03 1.426562e+05 -8.606097e+04 3.722320e+03 -1.497515e+05 6.936022e+03 -2.781800e+01 1.727308e+05 -8.605876e+04 -2.848902e+03 5.183389e+03 1.098034e+05 -7.599753e+02 1.727304e+05 -1.152672e+05 -4.659198e+03
