-1.000000e-02 -1.455161e+04 3.721963e+03 3.979966e+03 -3.960515e+04 -2.105933e+03 -1.028659e+05 -4.497899e+04 3.332227e+03 3.913891e+03 3.950411e+04 1.112853e+04 2.559298e+03 4.508041e+04 3.261488e+03 -1.463484e+03 7.927278e+04 4.773206e+03 4.512111e+04 1.272906e+04 3.411213e+03 -5.136020e+04 -4.038760e+03 1.475566e+03 -9.030398e+04 1.272392e+04 -2.771626e+03 -3.251990e+03 3.467567e+04 -2.040421e+03 -9.030044e+04 -3.948018e+04 2.675979e+03
-9.797980e-03 -1.573892e+04 3.956874e+03 4.120682e+03 -4.245908e+04 -2.196934e+03 -1.120209e+05 -4.845119e+04 3.433892e+03 4.048707e+03 4.235129e+04 1.203868e+04 2.720573e+03 4.855933e+04 3.357011e+03 -1.527018e+03 8.632532e+04 4.939487e+03 4.837276e+04 1.376883e+04 3.618210e+03 -5.532406e+04 -4.160266e+03 1.543911e+03 -9.833945e+04 1.376318e+04 -2.954564e+03 -3.365748e+03 3.717457e+04 -2.124346e+03 -9.833556e+04 -4.252756e+04 2.755449e+03
-9.595960e-03 -1.708338e+04 4.218515e+03 4.274119e+03 -4.566544e+04 -2.294119e+03 -1.224133e+05 -5.237401e+04 3.543516e+03 4.195429e+03 4.555011e+04 1.306939e+04 2.900207e+03 5.248964e+04 3.459650e+03 -1.594954e+03 9.433101e+04 5.120627e+03 5.202597e+04 1.494629e+04 3.848734e+03 -5.980226e+04 -4.291189e+03 1.616806e+03 -1.074610e+05 1.494003e+04 -3.158354e+03 -3.489676e+03 3.998209e+04 -2.214163e+03 -1.074567e+05 -4.597042e+04 2.840894e+03
-9.393939e-03 -1.861463e+04 4.511560e+03 4.442270e+03 -4.928855e+04 -2.398009e+03 -1.342783e+05 -5.683258e+04 3.662224e+03 4.355890e+03 4.916474e+04 1.424338e+04 3.101410e+03 5.695663e+04 3.570365e+03 -1.667679e+03 1.034710e+05 5.318934e+03 5.615403e+04 1.628739e+04 4.106894e+03 -6.489197e+04 -4.432846e+03 1.694613e+03 -1.178749e+05 1.628045e+04 -3.386644e+03 -3.625355e+03 4.315455e+04 -2.310412e+03 -1.178702e+05 -4.988346e+04 2.933131e+03
-9.191919e-03 -2.036988e+04 4.841838e+03 4.627595e+03 -5.340881e+04 -2.509159e+03 -1.479111e+05 -6.193392e+04 3.791389e+03 4.532348e+03 5.327542e+04 1.558922e+04 3.328186e+03 6.206748e+04 3.690318e+03 -1.745614e+03 1.139726e+05 5.537254e+03 6.084854e+04 1.782473e+04 4.397814e+03 -7.071532e+04 -4.586841e+03 1.777709e+03 -1.298404e+05 1.781700e+04 -3.643989e+03 -3.774733e+03 4.676237e+04 -2.413680e+03 -1.298352e+05 -5.436060e+04 3.033152e+03
-8.989899e-03 -2.239639e+04 5.216724e+03 4.833173e+03 -5.812804e+04 -2.628145e+03 -1.636870e+05 -6.781424e+04 3.932712e+03 4.727622e+03 5.798372e+04 1.714315e+04 3.585600e+03 6.795863e+04 3.820944e+03 -1.829208e+03 1.261251e+05 5.779145e+03 6.622552e+04 1.959974e+04 4.727977e+03 -7.742778e+04 -4.755155e+03 1.866475e+03 -1.436869e+05 1.959107e+04 -3.936151e+03 -3.940248e+03 5.089470e+04 -2.524604e+03 -1.436810e+05 -5.952141e+04 3.142180e+03
-8.787879e-03 -2.475510e+04 5.645690e+03 5.062919e+03 -6.357701e+04 -2.755552e+03 -1.820904e+05 -7.464956e+04 4.088335e+03 4.945289e+03 6.342013e+04 1.895195e+04 3.880160e+03 7.480637e+04 3.964035e+03 -1.918927e+03 1.403013e+05 6.049123e+03 7.243395e+04 2.166580e+04 5.105710e+03 -8.523023e+04 -4.940281e+03 1.961277e+03 -1.598393e+05 2.165604e+04 -4.270532e+03 -4.124996e+03 5.566605e+04 -2.643861e+03 -1.598327e+05 -6.552034e+04 3.261750e+03
-8.585859e-03 -2.752588e+04 6.141128e+03 5.321901e+03 -6.992644e+04 -2.891928e+03 -2.037559e+05 -8.267109e+04 4.261009e+03 5.189967e+03 6.975501e+04 2.107690e+04 4.220376e+03 8.284228e+04 4.121877e+03 -2.015237e+03 1.569902e+05 6.353031e+03 7.966838e+04 2.409290e+04 5.541900e+03 -9.438652e+04 -5.145412e+03 2.062428e+03 -1.788548e+05 2.408184e+04 -4.656815e+03 -4.332979e+03 6.122595e+04 -2.772154e+03 -1.788474e+05 -7.256030e+04 3.393822e+03
-8.383838e-03 -3.081544e+04 6.719583e+03 5.616819e+03 -7.740353e+04 -3.037726e+03 -2.295320e+05 -9.218852e+04 4.454342e+03 5.467750e+03 7.721506e+04 2.359988e+04 4.617614e+03 9.237654e+04 4.297454e+03 -2.118567e+03 1.768453e+05 6.698583e+03 8.818767e+04 2.697454e+04 6.051086e+03 -1.052501e+05 -5.374730e+03 2.170125e+03 -2.014780e+05 2.696192e+04 -5.107933e+03 -4.569483e+03 6.777336e+04 -2.910171e+03 -2.014696e+05 -8.091311e+04 3.540959e+03
-8.181818e-03 -3.476960e+04 7.403702e+03 5.956759e+03 -8.631748e+04 -3.193174e+03 -2.605786e+05 -1.036263e+05 4.673200e+03 5.786877e+03 8.610878e+04 2.663278e+04 5.087426e+03 1.038343e+05 4.494757e+03 -2.229240e+03 2.007599e+05 7.096228e+03 9.834411e+04 3.043851e+04 6.653162e+03 -1.183054e+05 -5.633861e+03 2.284333e+03 -2.287269e+05 3.042398e+04 -5.641589e+03 -4.841669e+03 7.557904e+04 -3.058513e+03 -2.287173e+05 -9.095128e+04 3.706604e+03
-7.979798e-03 -3.959314e+04 8.225409e+03 6.354413e+03 -9.710050e+04 -3.358046e+03 -2.985244e+05 -1.175826e+05 4.924359e+03 6.158834e+03 9.686744e+04 3.033273e+04 5.651738e+03 1.178145e+05 4.719317e+03 -2.347336e+03 2.299887e+05 7.560545e+03 1.106302e+05 3.466423e+04 7.376170e+03 -1.342350e+05 -5.930620e+03 2.404579e+03 -2.620309e+05 3.464733e+04 -6.282739e+03 -5.159526e+03 8.502150e+04 -3.217552e+03 -2.620198e+05 -1.031996e+05 3.895534e+03
-7.777778e-03 -4.558332e+04 9.231371e+03 6.828183e+03 -1.103770e+05 -3.531226e+03 -3.457341e+05 -1.349287e+05 5.217631e+03 6.600233e+03 1.101141e+05 3.492786e+04 6.342595e+03 1.351900e+05 4.979098e+03 -2.472438e+03 2.663530e+05 8.112648e+03 1.257574e+05 3.991220e+04 8.261096e+03 -1.540332e+05 -6.276306e+03 2.529549e+03 -3.034656e+05 3.989231e+04 -7.067870e+03 -5.537525e+03 9.664756e+04 -3.387144e+03 -3.034525e+05 -1.184230e+05 4.114651e+03
-7.575758e-03 -5.319028e+04 1.049298e+04 7.406018e+03 -1.270875e+05 -3.709832e+03 -4.057881e+05 -1.569897e+05 5.567957e+03 7.136242e+03 1.267871e+05 4.076354e+04 7.209018e+03 1.572876e+05 5.286174e+03 -2.603100e+03 3.126104e+05 8.784568e+03 1.447972e+05 4.657683e+04 9.370634e+03 -1.792123e+05 -6.688082e+03 2.656315e+03 -3.561730e+05 4.655306e+04 -8.052801e+03 -5.997616e+03 1.112808e+05 -3.566044e+03 -3.561574e+05 -1.377842e+05 4.374443e+03
-7.373737e-03 -6.313398e+04 1.212611e+04 8.132994e+03 -1.487271e+05 -3.887341e+03 -4.844112e+05 -1.858950e+05 5.999589e+03 7.807368e+03 1.483784e+05 4.839225e+04 8.330558e+03 1.862404e+05 5.660078e+03 -2.735713e+03 3.731706e+05 9.627914e+03 1.694532e+05 5.528904e+04 1.080652e+04 -2.122023e+05 -7.193751e+03 2.778666e+03 -4.251778e+05 5.526008e+04 -9.328129e+03 -6.575163e+03 1.302305e+05 -3.750630e+03 -4.251589e+05 -1.631521e+05 4.691922e+03
-7.171717e-03 -7.665593e+04 1.433450e+04 9.088001e+03 -1.778565e+05 -4.049222e+03 -5.914703e+05 -2.253369e+05 6.555435e+03 8.684349e+03 1.774427e+05 5.876664e+04 9.847075e+03 2.257459e+05 6.135307e+03 -2.861833e+03 4.556334e+05 1.073292e+04 2.026432e+05 6.713672e+04 1.274763e+04 -2.572169e+05 -7.842417e+03 2.883258e+03 -5.191397e+05 6.710049e+04 -1.105315e+04 -7.331994e+03 1.557390e+05 -3.931874e+03 -5.191160e+05 -1.977670e+05 5.097200e+03
-6.969697e-03 -9.614495e+04 1.752031e+04 1.042627e+04 -2.193642e+05 -4.161211e+03 -7.459353e+05 -2.824642e+05 7.321287e+03 9.906120e+03 2.188574e+05 7.371966e+04 1.203456e+04 2.829639e+05 6.780826e+03 -2.960940e+03 5.746102e+05 1.227700e+04 2.499369e+05 8.421317e+04 1.554698e+04 -3.224140e+05 -8.732094e+03 2.939299e+03 -6.547078e+05 8.416605e+04 -1.354227e+04 -8.389657e+03 1.920868e+05 -4.087130e+03 -6.546771e+05 -2.479027e+05 5.650601e+03
-6.767677e-03 -1.270854e+05 2.263687e+04 1.251555e+04 -2.843710e+05 -4.130266e+03 -9.913086e+05 -3.738072e+05 8.504721e+03 1.180128e+04 2.837175e+05 9.745938e+04 1.554714e+04 3.744495e+05 7.763804e+03 -2.976228e+03 7.636086e+05 1.468014e+04 3.240054e+05 1.113242e+05 2.004138e+04 -4.266577e+05 -1.009963e+04 2.864282e+03 -8.700626e+05 1.112589e+05 -1.754070e+04 -1.003584e+04 2.490118e+05 -4.152549e+03 -8.700201e+05 -3.280665e+05 6.498580e+03
-6.565657e-03 -1.871893e+05 3.288731e+04 1.659382e+04 -4.084146e+05 -3.609821e+03 -1.467864e+06 -5.531903e+05 1.082323e+04 1.547469e+04 4.074763e+05 1.435756e+05 2.258203e+04 5.541089e+05 9.664243e+03 -2.693225e+03 1.130675e+06 1.935556e+04 4.653395e+05 1.639907e+05 2.904222e+04 -6.313716e+05 -1.276297e+04 2.353249e+03 -1.288318e+06 1.638875e+05 -2.555178e+04 -1.323838e+04 3.576301e+05 -3.884647e+03 -1.288251e+06 -4.854952e+05 8.149848e+03
-6.363636e-03 -4.789562e+05 8.692012e+04 3.770234e+04 -9.922549e+05 1.953556e+03 -3.775413e+06 -1.442448e+06 2.330904e+04 3.433831e+04 9.899145e+05 3.674278e+05 5.964198e+04 1.444723e+06 1.983102e+04 7.363049e+02 2.908080e+06 4.346871e+04 1.130555e+06 4.196590e+05 7.647052e+04 -1.646186e+06 -2.701377e+04 -2.585560e+03 -3.313589e+06 4.193462e+05 -6.777186e+04 -2.974948e+04 8.688195e+05 -3.473590e+01 -3.313386e+06 -1.265920e+06 1.705389e+04
-6.161616e-03 -7.824619e+05 1.323320e+05 5.460288e+04 -1.626240e+06 5.007404e+03 -6.198310e+06 -2.335671e+06 3.156243e+04 4.947767e+04 1.622521e+06 6.003417e+05 9.083372e+04 2.339280e+06 2.627066e+04 2.478321e+03 4.774275e+06 6.278312e+04 1.852918e+06 6.856191e+05 1.163325e+05 -2.665503e+06 -3.644645e+04 -5.336468e+03 -5.440056e+06 6.851403e+05 -1.033057e+05 -4.299446e+04 1.424030e+06 1.878263e+03 -5.439730e+06 -2.049815e+06 2.268352e+04
-5.959596e-03 -2.252237e+05 2.648643e+04 1.397052e+04 -5.268289e+05 -8.090174e+03 -1.792288e+06 -6.223096e+05 7.420493e+03 1.330102e+04 5.257979e+05 1.728157e+05 1.825084e+04 6.233242e+05 6.729653e+03 -5.750720e+03 1.380493e+06 1.644739e+04 6.002808e+05 1.973190e+05 2.344199e+04 -7.102486e+05 -8.973437e+03 6.051708e+03 -1.572994e+06 1.972563e+05 -2.059919e+04 -1.126792e+04 4.614603e+05 -7.601727e+03 -1.572950e+06 -5.461479e+05 5.506920e+03
-5.757576e-03 4.628593e+04 -1.779270e+04 -2.196120e+03 2.442272e+04 -1.332803e+04 3.706745e+05 1.932473e+05 -9.545486e+02 -1.063771e+03 -2.420729e+04 -3.553439e+04 -1.214068e+04 -1.934330e+05 2.108564e+02 -9.006333e+03 -2.854939e+05 -1.961336e+03 -2.781390e+04 -4.060893e+04 -1.541050e+04 2.204186e+05 5.286175e+02 1.053364e+04 3.253414e+05 -4.050080e+04 1.403819e+04 1.350674e+03 -2.125553e+04 -1.142507e+04 3.252745e+05 1.695880e+05 -2.455046e+02
-5.555556e-03 2.279520e+06 -2.929325e+05 -9.990337e+04 4.828454e+06 -3.147841e+04 1.831349e+07 6.604723e+06 -3.696966e+04 -8.837823e+04 -4.818680e+06 -1.749678e+06 -2.014053e+05 -6.614159e+06 -2.511903e+04 -1.905395e+04 -1.410504e+07 -1.134080e+05 -5.501719e+06 -1.997663e+06 -2.568679e+05 7.536682e+06 4.151580e+04 2.630503e+04 1.607239e+07 -1.996545e+06 2.297057e+05 7.790480e+04 -4.229001e+06 -2.302516e+04 1.607182e+07 5.796276e+06 -2.251404e+04
-5.353535e-03 -1.063954e+05 -3.585425e+03 3.888760e+03 -3.297057e+05 -1.574882e+04 -8.580033e+05 -2.198053e+05 9.374555e+02 4.568943e+03 3.292795e+05 8.166287e+04 -2.333039e+03 2.202528e+05 1.635552e+03 -1.080653e+04 6.608358e+05 5.094539e+03 3.756970e+05 9.317990e+04 -2.914423e+03 -2.509637e+05 -1.740947e+03 1.234785e+04 -7.529739e+05 9.324595e+04 2.890310e+03 -3.499222e+03 2.889708e+05 -1.378695e+04 -7.530133e+05 -1.929076e+05 9.172339e+02
-5.151515e-03 -6.839067e+06 5.360528e+05 1.868271e+05 -1.568197e+07 -1.557867e+04 -5.542843e+07 -1.862845e+07 7.071589e+03 1.690856e+05 1.565587e+07 5.250941e+06 3.706042e+05 1.865400e+07 -1.111838e+04 -1.687603e+04 4.268691e+07 2.139194e+05 1.787020e+07 5.993646e+06 4.706654e+05 -2.125598e+07 -8.817350e+03 1.196445e+04 -4.864113e+07 5.991603e+06 -4.220648e+05 -1.476154e+05 1.373879e+07 -2.094709e+04 -4.864337e+07 -1.634811e+07 -1.034142e+04
-4.949495e-03 3.371576e+05 -4.048714e+04 -6.581874e+03 6.567746e+05 -2.149321e+04 2.744062e+06 1.017279e+06 2.129546e+03 -4.509412e+03 -6.554690e+05 -2.588956e+05 -2.781735e+04 -1.018506e+06 4.252574e+03 -1.431025e+04 -2.113373e+06 -6.642166e+03 -7.483590e+05 -2.955477e+05 -3.524414e+04 1.160596e+06 -3.313968e+03 1.680161e+04 2.408220e+06 -2.953444e+05 3.198408e+04 4.618865e+03 -5.752522e+05 -1.836619e+04 2.408096e+06 8.927353e+05 3.048606e+03
-4.747475e-03 -1.283925e+05 -2.291212e+04 1.116899e+03 -4.878922e+05 -2.998143e+04 -1.048487e+06 -1.727747e+05 -2.231422e+03 2.843949e+03 4.874598e+05 9.858607e+04 -1.546700e+04 1.732773e+05 -4.643481e+02 -2.048628e+04 8.075076e+05 2.371749e+03 5.559694e+05 1.124216e+05 -1.975621e+04 -1.974280e+05 1.422257e+03 2.362166e+04 -9.200916e+05 1.125924e+05 1.797520e+04 -1.649479e+03 4.277718e+05 -2.603308e+04 -9.201925e+05 -1.516400e+05 -1.270393e+03
-4.545455e-03 -1.428780e+07 8.831033e+04 4.632167e+04 -3.623446e+07 -1.930384e+05 -1.171857e+08 -3.555196e+07 -3.109557e+05 4.964563e+04 3.618528e+07 1.097347e+07 7.137694e+04 3.560129e+07 -3.075581e+05 -1.425675e+05 9.024966e+07 5.538505e+04 4.128922e+07 1.252129e+07 7.828636e+04 -4.056764e+07 3.517529e+05 1.628469e+05 -1.028394e+08 1.252162e+07 -8.054789e+04 -4.156566e+04 3.175536e+07 -1.690145e+05 -1.028396e+08 -3.119963e+07 -2.718940e+05
-4.343434e-03 -2.138514e+04 -2.923213e+04 -4.430685e+02 -2.481465e+05 -3.099188e+04 -1.756205e+05 1.232269e+05 -1.023873e+03 1.417574e+03 2.481216e+05 1.641696e+04 -1.985692e+04 -1.231133e+05 8.757237e+02 -2.108317e+04 1.352470e+05 5.861258e+02 2.827903e+05 1.864441e+04 -2.533049e+04 1.403074e+05 5.444734e+01 2.433198e+04 -1.540624e+05 1.883063e+04 2.294951e+04 -4.037468e+02 2.177252e+05 -2.688958e+04 -1.541723e+05 1.081257e+05 -8.806528e+01
-4.141414e-03 -4.176352e+05 -1.641489e+04 -4.403399e+03 -1.136799e+06 -6.426506e+03 -3.450203e+06 -9.913233e+05 -1.445353e+04 -3.714970e+03 1.135521e+06 3.208253e+05 -1.086444e+04 9.926363e+05 -1.375169e+04 -4.663565e+03 2.657058e+06 -4.983698e+03 1.295415e+06 3.660092e+05 -1.440145e+04 -1.131124e+06 1.642970e+04 5.527244e+03 -3.027750e+06 3.660788e+05 1.238390e+04 3.287192e+03 9.964831e+05 -5.426318e+03 -3.027789e+06 -8.699521e+05 -1.209906e+04
-3.939394e-03 3.236024e+06 -6.722047e+04 5.413928e+04 7.213966e+06 -2.472441e+05 2.682967e+07 9.206863e+06 1.300366e+05 6.322149e+04 -7.204199e+06 -2.486259e+06 -4.786334e+04 -9.216141e+06 1.392925e+05 -1.659285e+05 -2.066183e+07 7.154435e+04 -8.220408e+06 -2.836941e+06 -5.627646e+04 1.050210e+07 -1.581240e+05 1.892435e+05 2.354484e+07 -2.836009e+06 5.725136e+04 -4.790328e+04 -6.322174e+06 -2.168069e+05 2.354443e+07 8.079507e+06 1.145794e+05
-3.737374e-03 -6.510106e+04 -1.447048e+04 -1.445924e+03 -2.586826e+05 -1.094717e+04 -5.411227e+05 -9.256060e+04 -2.986235e+03 -7.321493e+02 2.585237e+05 5.001425e+04 -9.798385e+03 9.276243e+04 -2.260016e+03 -7.482385e+03 4.167180e+05 -1.327817e+03 2.947886e+05 5.702526e+04 -1.262282e+04 -1.056994e+05 3.076562e+03 8.656013e+03 -4.748417e+05 5.709785e+04 1.124128e+04 8.891020e+02 2.268597e+05 -9.476908e+03 -4.748859e+05 -8.123189e+04 -2.234596e+03
-3.535354e-03 2.550437e+05 -1.837091e+04 7.545200e+03 4.250236e+05 -4.966855e+04 2.128649e+06 8.735901e+05 1.323371e+04 9.371098e+03 -4.243113e+05 -1.960054e+05 -1.264143e+04 -8.741822e+05 1.509029e+04 -3.361889e+04 -1.639238e+06 1.027389e+04 -4.843108e+05 -2.236771e+05 -1.570945e+04 9.961921e+05 -1.677072e+04 3.841617e+04 1.868041e+06 -2.234908e+05 1.481677e+04 -6.934176e+03 -3.723688e+05 -4.348012e+04 1.867926e+06 7.665959e+05 1.194073e+04
-3.333333e-03 8.167315e+05 -2.800212e+04 2.879460e+04 1.524763e+06 -1.516445e+05 6.836179e+06 2.725790e+06 4.674694e+04 3.340088e+04 -1.522657e+06 -6.277194e+05 -1.948944e+04 -2.727569e+06 5.142708e+04 -1.026576e+05 -5.264383e+06 3.774907e+04 -1.737495e+06 -7.162519e+05 -2.340415e+04 3.108265e+06 -5.823796e+04 1.170725e+05 5.999161e+06 -7.157786e+05 2.337653e+04 -2.551371e+04 -1.336228e+06 -1.329845e+05 5.998883e+06 2.391940e+06 4.130403e+04
-3.131313e-03 4.900277e+05 -2.102213e+04 2.013136e+04 8.315379e+05 -1.142492e+05 4.113439e+06 1.750975e+06 3.067137e+04 2.344029e+04 -8.303415e+05 -3.766662e+05 -1.454595e+04 -1.751915e+06 3.403021e+04 -7.743151e+04 -3.167620e+06 2.643043e+04 -9.475507e+05 -4.297943e+05 -1.767053e+04 1.996457e+06 -3.846095e+04 8.831196e+04 3.609786e+06 -4.294533e+05 1.735206e+04 -1.788539e+04 -7.286790e+05 -1.001828e+05 3.609580e+06 1.536501e+06 2.716044e+04
-2.929293e-03 7.329267e+04 -1.190039e+04 3.550872e+03 4.143103e+04 -3.060054e+04 6.171902e+05 3.360153e+05 5.065624e+03 4.541531e+03 -4.124627e+04 -5.634970e+04 -8.127794e+03 -3.361164e+05 6.070122e+03 -2.077112e+04 -4.752688e+05 4.906116e+03 -4.720115e+04 -6.431620e+04 -1.027275e+04 3.830403e+05 -6.637797e+03 2.373118e+04 5.416325e+05 -6.421372e+04 9.432099e+03 -3.323795e+03 -3.620390e+04 -2.679152e+04 5.415686e+05 2.948520e+05 4.660479e+03
-2.727273e-03 -1.873481e+05 -5.863158e+03 -9.451664e+03 -4.001552e+05 4.313402e+04 -1.580395e+06 -6.589276e+05 -1.337430e+04 -1.026164e+04 3.997832e+05 1.440260e+05 -3.905739e+03 6.592228e+05 -1.419548e+04 2.924963e+04 1.216981e+06 -1.195059e+04 4.560014e+05 1.643071e+05 -5.394348e+03 -7.512514e+05 1.642319e+04 -3.328227e+04 -1.386863e+06 1.642235e+05 4.201861e+03 8.097778e+03 3.508222e+05 3.790080e+04 -1.386808e+06 -5.782089e+05 -1.154653e+04
-2.525253e-03 2.205445e+04 -9.532506e+03 1.413077e+03 -4.815499e+04 -1.878375e+04 1.868315e+05 1.544001e+05 1.831389e+03 1.999522e+03 4.821658e+04 -1.696392e+04 -6.492158e+03 -1.544026e+05 2.425010e+03 -1.276249e+04 -1.438656e+05 2.067626e+03 5.488430e+04 -1.937281e+04 -8.294598e+03 1.759617e+05 -2.546961e+03 1.458700e+04 1.639659e+05 -1.931160e+04 7.468562e+03 -1.402616e+03 4.230501e+04 -1.643980e+04 1.639280e+05 1.354826e+05 1.773824e+03
-2.323232e-03 1.256893e+05 -1.107128e+04 7.815501e+03 1.026618e+05 -6.119773e+04 1.065600e+06 6.236476e+05 1.030523e+04 9.202446e+03 -1.024190e+05 -9.665363e+04 -7.576199e+03 -6.237353e+05 1.170858e+04 -4.156712e+04 -8.205454e+05 1.031114e+04 -1.169778e+05 -1.102918e+05 -9.488971e+03 7.108240e+05 -1.315260e+04 4.740668e+04 9.351242e+05 -1.101467e+05 8.859649e+03 -6.994638e+03 -8.988454e+04 -5.366410e+04 9.350340e+05 5.472395e+05 9.189557e+03
-2.121212e-03 2.821943e+04 -8.685313e+03 2.001579e+03 -4.040582e+04 -2.350648e+04 2.399311e+05 1.955715e+05 2.531526e+03 2.574895e+03 4.046974e+04 -2.170666e+04 -5.916895e+03 -1.955650e+05 3.111115e+03 -1.597386e+04 -1.847518e+05 2.772240e+03 4.605330e+04 -2.477968e+04 -7.560084e+03 2.228727e+05 -3.377905e+03 1.823443e+04 2.105599e+05 -2.471940e+04 6.804090e+03 -1.881443e+03 3.550717e+04 -2.059624e+04 2.105230e+05 1.716088e+05 2.350422e+03
-1.919192e-03 -1.659351e+05 -4.758710e+03 -1.129875e+04 -2.791073e+05 8.049484e+04 -1.411605e+06 -8.344201e+05 -1.454291e+04 -1.251855e+04 2.788796e+05 1.276084e+05 -3.187281e+03 8.344765e+05 -1.577603e+04 5.469053e+04 1.086966e+06 -1.442764e+04 3.180642e+05 1.455796e+05 -4.415654e+03 -9.509995e+05 1.812560e+04 -6.230206e+04 -1.238736e+06 1.454515e+05 3.392598e+03 9.791887e+03 2.447223e+05 7.065732e+04 -1.238655e+06 -7.321814e+05 -1.264809e+04
-1.717172e-03 -9.148867e+04 -5.912048e+03 -6.498921e+03 -1.756930e+05 4.865922e+04 -7.794990e+05 -4.916081e+05 -8.270942e+03 -7.119477e+03 1.755890e+05 7.036008e+04 -3.997138e+03 4.916135e+05 -8.898023e+03 3.306725e+04 6.002271e+05 -8.248725e+03 2.002190e+05 8.026469e+04 -5.314221e+03 -5.602632e+05 1.026800e+04 -3.766367e+04 -6.840358e+05 8.019937e+04 4.428861e+03 5.599489e+03 1.540803e+05 4.271811e+04 -6.839942e+05 -4.313708e+05 -7.159361e+03
-1.515152e-03 -6.367690e+04 -6.212492e+03 -4.697694e+03 -1.360495e+05 3.840379e+04 -5.433001e+05 -3.757472e+05 -5.919457e+03 -5.112942e+03 1.359919e+05 4.897332e+04 -4.211065e+03 3.757292e+05 -6.338911e+03 2.610300e+04 4.183477e+05 -5.941856e+03 1.550434e+05 5.586531e+04 -5.536927e+03 -4.281988e+05 7.333776e+03 -2.973051e+04 -4.767616e+05 5.582151e+04 4.713533e+03 4.034231e+03 1.193321e+05 3.371568e+04 -4.767338e+05 -3.297048e+05 -5.109683e+03
-1.313131e-03 -4.711045e+04 -6.326703e+03 -3.590179e+03 -1.129729e+05 3.296894e+04 -4.024502e+05 -3.126948e+05 -4.486310e+03 -3.889914e+03 1.129416e+05 3.623362e+04 -4.294220e+03 3.126624e+05 -4.788978e+03 2.241270e+04 3.098900e+05 -4.530040e+03 1.287465e+05 4.133161e+04 -5.613977e+03 -3.563266e+05 5.550779e+03 -2.552787e+04 -3.531606e+05 4.129993e+04 4.831437e+03 3.076131e+03 9.910460e+04 2.894378e+04 -3.531405e+05 -2.743773e+05 -3.864946e+03
-1.111111e-03 -3.553321e+04 -6.370086e+03 -2.782665e+03 -9.779031e+04 2.959570e+04 -3.038726e+05 -2.729252e+05 -3.453455e+03 -3.004984e+03 9.777613e+04 2.733027e+04 -4.327265e+03 2.728832e+05 -3.677884e+03 2.012239e+04 2.339834e+05 -3.504877e+03 1.114451e+05 3.117487e+04 -5.637006e+03 -3.109935e+05 4.268815e+03 -2.292016e+04 -2.666555e+05 3.115133e+04 4.884114e+03 2.380280e+03 8.579627e+04 2.598142e+04 -2.666405e+05 -2.394801e+05 -2.970748e+03
-9.090909e-04 -2.668356e+04 -6.382353e+03 -2.136679e+03 -8.730257e+04 2.735231e+04 -2.283953e+05 -2.462126e+05 -2.637167e+03 -2.301674e+03 8.729998e+04 2.052418e+04 -4.338013e+03 2.461640e+05 -2.803687e+03 1.859925e+04 1.758649e+05 -2.687651e+03 9.949381e+04 2.341094e+04 -5.637444e+03 -2.805437e+05 3.257560e+03 -2.118629e+04 -2.004219e+05 2.339345e+04 4.906674e+03 1.825451e+03 7.660306e+04 2.401095e+04 -2.004108e+05 -2.160402e+05 -2.266018e+03
-7.070707e-04 -1.947711e+04 -6.381080e+03 -1.587200e+03 -7.998365e+04 2.582556e+04 -1.668312e+05 -2.279225e+05 -1.950615e+03 -1.706641e+03 7.998903e+04 1.498154e+04 -4.338802e+03 2.278691e+05 -2.071136e+03 1.756268e+04 1.284601e+05 -1.994520e+03 9.115349e+04 1.708848e+04 -5.629136e+03 -2.596945e+05 2.408297e+03 -2.000650e+04 -1.463978e+05 1.707580e+04 4.914754e+03 1.354779e+03 7.018743e+04 2.266974e+04 -1.463898e+05 -1.999908e+05 -1.674691e+03
-5.050505e-04 -1.329834e+04 -6.375096e+03 -1.097848e+03 -7.500762e+04 2.480449e+04 -1.139680e+05 -2.156458e+05 -1.344996e+03 -1.178938e+03 7.501836e+04 1.022910e+04 -4.335844e+03 2.155893e+05 -1.426807e+03 1.686944e+04 8.775519e+04 -1.378628e+03 8.548303e+04 1.166755e+04 -5.618996e+03 -2.457002e+05 1.660001e+03 -1.921758e+04 -1.000092e+05 1.165894e+04 4.916264e+03 9.364850e+02 6.582550e+04 2.177266e+04 -1.000037e+05 -1.892182e+05 -1.154051e+03
-3.030303e-04 -7.750668e+03 -6.369102e+03 -6.453701e+02 -7.190367e+04 2.417412e+04 -6.644766e+04 -2.080509e+05 -7.890328e+02 -6.924647e+02 7.191773e+04 5.961892e+03 -4.332456e+03 2.079924e+05 -8.365413e+02 1.644146e+04 5.116453e+04 -8.100650e+02 8.194590e+04 6.800226e+03 -5.610686e+03 -2.370426e+05 9.736135e+02 -1.873057e+04 -5.830908e+04 6.795222e+03 4.915450e+03 5.502870e+02 6.310459e+04 2.121878e+04 -5.830591e+04 -1.825537e+05 -6.767562e+02
-1.010101e-04 -2.547065e+03 -6.365570e+03 -2.129914e+02 -7.041048e+04 2.387258e+04 -2.184028e+04 -2.044141e+05 -2.601396e+02 -2.284415e+02 7.042612e+04 1.959239e+03 -4.330383e+03 2.043547e+05 -2.757248e+02 1.623674e+04 1.681694e+04 -2.672874e+02 8.024432e+04 2.234731e+03 -5.606117e+03 -2.328970e+05 3.209604e+02 -1.849763e+04 -1.916525e+04 2.233089e+03 4.914554e+03 1.815748e+02 6.179566e+04 2.095383e+04 -1.916421e+04 -1.793625e+05 -2.230806e+02
1.010101e-04 2.547065e+03 -6.365570e+03 2.129914e+02 -7.041048e+04 2.387258e+04 2.184028e+04 -2.044141e+05 2.601396e+02 2.284415e+02 7.042612e+04 -1.959239e+03 -4.330383e+03 2.043547e+05 2.757248e+02 1.623674e+04 -1.681694e+04 2.672874e+02 8.024432e+04 -2.234731e+03 -5.606117e+03 -2.328970e+05 -3.209604e+02 -1.849763e+04 1.916525e+04 -2.233089e+03 4.914554e+03 -1.815748e+02 6.179566e+04 2.095383e+04 1.916421e+04 -1.793625e+05 2.230806e+02
3.030303e-04 7.750668e+03 -6.369102e+03 6.453701e+02 -7.190367e+04 2.417412e+04 6.644766e+04 -2.080509e+05 7.890328e+02 6.924647e+02 7.191773e+04 -5.961892e+03 -4.332456e+03 2.079924e+05 8.365413e+02 1.644146e+04 -5.116453e+04 8.100650e+02 8.194590e+04 -6.800226e+03 -5.610686e+03 -2.370426e+05 -9.736135e+02 -1.873057e+04 5.830908e+04 -6.795222e+03 4.915450e+03 -5.502870e+02 6.310459e+04 2.121878e+04 5.830591e+04 -1.825537e+05 6.767562e+02
5.050505e-04 1.329834e+04 -6.375096e+03 1.097848e+03 -7.500762e+04 2.480449e+04 1.139680e+05 -2.156458e+05 1.344996e+03 1.178938e+03 7.501836e+04 -1.022910e+04 -4.335844e+03 2.155893e+05 1.426807e+03 1.686944e+04 -8.775519e+04 1.378628e+03 8.548303e+04 -1.166755e+04 -5.618996e+03 -2.457002e+05 -1.660001e+03 -1.921758e+04 1.000092e+05 -1.165894e+04 4.916264e+03 -9.364850e+02 6.582550e+04 2.177266e+04 1.000037e+05 -1.892182e+05 1.154051e+03
7.070707e-04 1.947711e+04 -6.381080e+03 1.587200e+03 -7.998365e+04 2.582556e+04 1.668312e+05 -2.279225e+05 1.950615e+03 1.706641e+03 7.998903e+04 -1.498154e+04 -4.338802e+03 2.278691e+05 2.071136e+03 1.756268e+04 -1.284601e+05 1.994520e+03 9.115349e+04 -1.708848e+04 -5.629136e+03 -2.596945e+05 -2.408297e+03 -2.000650e+04 1.463978e+05 -1.707580e+04 4.914754e+03 -1.354779e+03 7.018743e+04 2.266974e+04 1.463898e+05 -1.999908e+05 1.674691e+03
9.090909e-04 2.668356e+04 -6.382353e+03 2.136679e+03 -8.730257e+04 2.735231e+04 2.283953e+05 -2.462126e+05 2.637167e+03 2.301674e+03 8.729998e+04 -2.052418e+04 -4.338013e+03 2.461640e+05 2.803687e+03 1.859925e+04 -1.758649e+05 2.687651e+03 9.949381e+04 -2.341094e+04 -5.637444e+03 -2.805437e+05 -3.257560e+03 -2.118629e+04 2.004219e+05 -2.339345e+04 4.906674e+03 -1.825451e+03 7.660306e+04 2.401095e+04 2.004108e+05 -2.160402e+05 2.266018e+03
1.111111e-03 3.553321e+04 -6.370086e+03 2.782665e+03 -9.779031e+04 2.959570e+04 3.038726e+05 -2.729252e+05 3.453455e+03 3.004984e+03 9.777613e+04 -2.733027e+04 -4.327265e+03 2.728832e+05 3.677884e+03 2.012239e+04 -2.339834e+05 3.504877e+03 1.114451e+05 -3.117487e+04 -5.637006e+03 -3.109935e+05 -4.268815e+03 -2.292016e+04 2.666555e+05 -3.115133e+04 4.884114e+03 -2.380280e+03 8.579627e+04 2.598142e+04 2.666405e+05 -2.394801e+05 2.970748e+03
1.313131e-03 4.711045e+04 -6.326703e+03 3.590179e+03 -1.129729e+05 3.296894e+04 4.024502e+05 -3.126948e+05 4.486310e+03 3.889914e+03 1.129416e+05 -3.623362e+04 -4.294220e+03 3.126624e+05 4.788978e+03 2.241270e+04 -3.098900e+05 4.530040e+03 1.287465e+05 -4.133161e+04 -5.613977e+03 -3.563266e+05 -5.550779e+03 -2.552787e+04 3.531606e+05 -4.129993e+04 4.831437e+03 -3.076131e+03 9.910460e+04 2.894378e+04 3.531405e+05 -2.743773e+05 3.864946e+03
1.515152e-03 6.367690e+04 -6.212492e+03 4.697694e+03 -1.360495e+05 3.840379e+04 5.433001e+05 -3.757472e+05 5.919457e+03 5.112942e+03 1.359919e+05 -4.897332e+04 -4.211065e+03 3.757292e+05 6.338911e+03 2.610300e+04 -4.183477e+05 5.941856e+03 1.550434e+05 -5.586531e+04 -5.536927e+03 -4.281988e+05 -7.333776e+03 -2.973051e+04 4.767616e+05 -5.582151e+04 4.713533e+03 -4.034231e+03 1.193321e+05 3.371568e+04 4.767338e+05 -3.297048e+05 5.109683e+03
1.717172e-03 9.148867e+04 -5.912048e+03 6.498921e+03 -1.756930e+05 4.865922e+04 7.794990e+05 -4.916081e+05 8.270942e+03 7.119477e+03 1.755890e+05 -7.036008e+04 -3.997138e+03 4.916135e+05 8.898023e+03 3.306725e+04 -6.002271e+05 8.248725e+03 2.002190e+05 -8.026469e+04 -5.314221e+03 -5.602632e+05 -1.026800e+04 -3.766367e+04 6.840358e+05 -8.019937e+04 4.428861e+03 -5.599489e+03 1.540803e+05 4.271811e+04 6.839942e+05 -4.313708e+05 7.159361e+03
1.919192e-03 1.659351e+05 -4.758710e+03 1.129875e+04 -2.791073e+05 8.049484e+04 1.411605e+06 -8.344201e+05 1.454291e+04 1.251855e+04 2.788796e+05 -1.276084e+05 -3.187281e+03 8.344765e+05 1.577603e+04 5.469053e+04 -1.086966e+06 1.442764e+04 3.180642e+05 -1.455796e+05 -4.415654e+03 -9.509995e+05 -1.812560e+04 -6.230206e+04 1.238736e+06 -1.454515e+05 3.392598e+03 -9.791887e+03 2.447223e+05 7.065732e+04 1.238655e+06 -7.321814e+05 1.264809e+04
2.121212e-03 -2.821943e+04 -8.685313e+03 -2.001579e+03 -4.040582e+04 -2.350648e+04 -2.399311e+05 1.955715e+05 -2.531526e+03 -2.574895e+03 4.046974e+04 2.170666e+04 -5.916895e+03 -1.955650e+05 -3.111115e+03 -1.597386e+04 1.847518e+05 -2.772240e+03 4.605330e+04 2.477968e+04 -7.560084e+03 2.228727e+05 3.377905e+03 1.823443e+04 -2.105599e+05 2.471940e+04 6.804090e+03 1.881443e+03 3.550717e+04 -2.059624e+04 -2.105230e+05 1.716088e+05 -2.350422e+03
2.323232e-03 -1.256893e+05 -1.107128e+04 -7.815501e+03 1.026618e+05 -6.119773e+04 -1.065600e+06 6.236476e+05 -1.030523e+04 -9.202446e+03 -1.024190e+05 9.665363e+04 -7.576199e+03 -6.237353e+05 -1.170858e+04 -4.156712e+04 8.205454e+05 -1.031114e+04 -1.169778e+05 1.102918e+05 -9.488971e+03 7.108240e+05 1.315260e+04 4.740668e+04 -9.351242e+05 1.101467e+05 8.859649e+03 6.994638e+03 -8.988454e+04 -5.366410e+04 -9.350340e+05 5.472395e+05 -9.189557e+03
2.525253e-03 -2.205445e+04 -9.532506e+03 -1.413077e+03 -4.815499e+04 -1.878375e+04 -1.868315e+05 1.544001e+05 -1.831389e+03 -1.999522e+03 4.821658e+04 1.696392e+04 -6.492158e+03 -1.544026e+05 -2.425010e+03 -1.276249e+04 1.438656e+05 -2.067626e+03 5.488430e+04 1.937281e+04 -8.294598e+03 1.759617e+05 2.546961e+03 1.458700e+04 -1.639659e+05 1.931160e+04 7.468562e+03 1.402616e+03 4.230501e+04 -1.643980e+04 -1.639280e+05 1.354826e+05 -1.773824e+03
2.727273e-03 1.873481e+05 -5.863158e+03 9.451664e+03 -4.001552e+05 4.313402e+04 1.580395e+06 -6.589276e+05 1.337430e+04 1.026164e+04 3.997832e+05 -1.440260e+05 -3.905739e+03 6.592228e+05 1.419548e+04 2.924963e+04 -1.216981e+06 1.195059e+04 4.560014e+05 -1.643071e+05 -5.394348e+03 -7.512514e+05 -1.642319e+04 -3.328227e+04 1.386863e+06 -1.642235e+05 4.201861e+03 -8.097778e+03 3.508222e+05 3.790080e+04 1.386808e+06 -5.782089e+05 1.154653e+04
2.929293e-03 -7.329267e+04 -1.190039e+04 -3.550872e+03 4.143103e+04 -3.060054e+04 -6.171902e+05 3.360153e+05 -5.065624e+03 -4.541531e+03 -4.124627e+04 5.634970e+04 -8.127794e+03 -3.361164e+05 -6.070122e+03 -2.077112e+04 4.752688e+05 -4.906116e+03 -4.720115e+04 6.431620e+04 -1.027275e+04 3.830403e+05 6.637797e+03 2.373118e+04 -5.416325e+05 6.421372e+04 9.432099e+03 3.323795e+03 -3.620390e+04 -2.679152e+04 -5.415686e+05 2.948520e+05 -4.660479e+03
3.131313e-03 -4.900277e+05 -2.102213e+04 -2.013136e+04 8.315379e+05 -1.142492e+05 -4.113439e+06 1.750975e+06 -3.067137e+04 -2.344029e+04 -8.303415e+05 3.766662e+05 -1.454595e+04 -1.751915e+06 -3.403021e+04 -7.743151e+04 3.167620e+06 -2.643043e+04 -9.475507e+05 4.297943e+05 -1.767053e+04 1.996457e+06 3.846095e+04 8.831196e+04 -3.609786e+06 4.294533e+05 1.735206e+04 1.788539e+04 -7.286790e+05 -1.001828e+05 -3.609580e+06 1.536501e+06 -2.716044e+04
3.333333e-03 -8.167315e+05 -2.800212e+04 -2.879460e+04 1.524763e+06 -1.516445e+05 -6.836179e+06 2.725790e+06 -4.674694e+04 -3.340088e+04 -1.522657e+06 6.277194e+05 -1.948944e+04 -2.727569e+06 -5.142708e+04 -1.026576e+05 5.264383e+06 -3.774907e+04 -1.737495e+06 7.162519e+05 -2.340415e+04 3.108265e+06 5.823796e+04 1.170725e+05 -5.999161e+06 7.157786e+05 2.337653e+04 2.551371e+04 -1.336228e+06 -1.329845e+05 -5.998883e+06 2.391940e+06 -4.130403e+04
3.535354e-03 -2.550437e+05 -1.837091e+04 -7.545200e+03 4.250236e+05 -4.966855e+04 -2.128649e+06 8.735901e+05 -1.323371e+04 -9.371098e+03 -4.243113e+05 1.960054e+05 -1.264143e+04 -8.741822e+05 -1.509029e+04 -3.361889e+04 1.639238e+06 -1.027389e+04 -4.843108e+05 2.236771e+05 -1.570945e+04 9.961921e+05 1.677072e+04 3.841617e+04 -1.868041e+06 2.234908e+05 1.481677e+04 6.934176e+03 -3.723688e+05 -4.348012e+04 -1.867926e+06 7.665959e+05 -1.194073e+04
3.737374e-03 6.510106e+04 -1.447048e+04 1.445924e+03 -2.586826e+05 -1.094717e+04 5.411227e+05 -9.256060e+04 2.986235e+03 7.321493e+02 2.585237e+05 -5.001425e+04 -9.798385e+03 9.276243e+04 2.260016e+03 -7.482385e+03 -4.167180e+05 1.327817e+03 2.947886e+05 -5.702526e+04 -1.262282e+04 -1.056994e+05 -3.076562e+03 8.656013e+03 4.748417e+05 -5.709785e+04 1.124128e+04 -8.891020e+02 2.268597e+05 -9.476908e+03 4.748859e+05 -8.123189e+04 2.234596e+03
3.939394e-03 -3.236024e+06 -6.722047e+04 -5.413928e+04 7.213966e+06 -2.472441e+05 -2.682967e+07 9.206863e+06 -1.300366e+05 -6.322149e+04 -7.204199e+06 2.486259e+06 -4.786334e+04 -9.216141e+06 -1.392925e+05 -1.659285e+05 2.066183e+07 -7.154435e+04 -8.220408e+06 2.836941e+06 -5.627646e+04 1.050210e+07 1.581240e+05 1.892435e+05 -2.354484e+07 2.836009e+06 5.725136e+04 4.790328e+04 -6.322174e+06 -2.168069e+05 -2.354443e+07 8.079507e+06 -1.145794e+05
4.141414e-03 4.176352e+05 -1.641489e+04 4.403399e+03 -1.136799e+06 -6.426506e+03 3.450203e+06 -9.913233e+05 1.445353e+04 3.714970e+03 1.135521e+06 -3.208253e+05 -1.086444e+04 9.926363e+05 1.375169e+04 -4.663565e+03 -2.657058e+06 4.983698e+03 1.295415e+06 -3.660092e+05 -1.440145e+04 -1.131124e+06 -1.642970e+04 5.527244e+03 3.027750e+06 -3.660788e+05 1.238390e+04 -3.287192e+03 9.964831e+05 -5.426318e+03 3.027789e+06 -8.699521e+05 1.209906e+04
4.343434e-03 2.138514e+04 -2.923213e+04 4.430685e+02 -2.481465e+05 -3.099188e+04 1.756205e+05 1.232269e+05 1.023873e+03 -1.417574e+03 2.481216e+05 -1.641696e+04 -1.985692e+04 -1.231133e+05 -8.757237e+02 -2.108317e+04 -1.352470e+05 -5.861258e+02 2.827903e+05 -1.864441e+04 -2.533049e+04 1.403074e+05 -5.444734e+01 2.433198e+04 1.540624e+05 -1.883063e+04 2.294951e+04 4.037468e+02 2.177252e+05 -2.688958e+04 1.541723e+05 1.081257e+05 8.806528e+01
4.545455e-03 1.428780e+07 8.831033e+04 -4.632167e+04 -3.623446e+07 -1.930384e+05 1.171857e+08 -3.555196e+07 3.109557e+05 -4.964563e+04 3.618528e+07 -1.097347e+07 7.137694e+04 3.560129e+07 3.075581e+05 -1.425675e+05 -9.024966e+07 -5.538505e+04 4.128922e+07 -1.252129e+07 7.828636e+04 -4.056764e+07 -3.517529e+05 1.628469e+05 1.028394e+08 -1.252162e+07 -8.054789e+04 4.156566e+04 3.175536e+07 -1.690145e+05 1.028396e+08 -3.119963e+07 2.718940e+05
4.747475e-03 1.283925e+05 -2.291212e+04 -1.116899e+03 -4.878922e+05 -2.998143e+04 1.048487e+06 -1.727747e+05 2.231422e+03 -2.843949e+03 4.874598e+05 -9.858607e+04 -1.546700e+04 1.732773e+05 4.643481e+02 -2.048628e+04 -8.075076e+05 -2.371749e+03 5.559694e+05 -1.124216e+05 -1.975621e+04 -1.974280e+05 -1.422257e+03 2.362166e+04 9.200916e+05 -1.125924e+05 1.797520e+04 1.649479e+03 4.277718e+05 -2.603308e+04 9.201925e+05 -1.516400e+05 1.270393e+03
4.949495e-03 -3.371576e+05 -4.048714e+04 6.581874e+03 6.567746e+05 -2.149321e+04 -2.744062e+06 1.017279e+06 -2.129546e+03 4.509412e+03 -6.554690e+05 2.588956e+05 -2.781735e+04 -1.018506e+06 -4.252574e+03 -1.431025e+04 2.113373e+06 6.642166e+03 -7.483590e+05 2.955477e+05 -3.524414e+04 1.160596e+06 3.313968e+03 1.680161e+04 -2.408220e+06 2.953444e+05 3.198408e+04 -4.618865e+03 -5.752522e+05 -1.836619e+04 -2.408096e+06 8.927353e+05 -3.048606e+03
5.151515e-03 6.839067e+06 5.360528e+05 -1.868271e+05 -1.568197e+07 -1.557867e+04 5.542843e+07 -1.862845e+07 -7.071589e+03 -1.690856e+05 1.565587e+07 -5.250941e+06 3.706042e+05 1.865400e+07 1.111838e+04 -1.687603e+04 -4.268691e+07 -2.139194e+05 1.787020e+07 -5.993646e+06 4.706654e+05 -2.125598e+07 8.817350e+03 1.196445e+04 4.864113e+07 -5.991603e+06 -4.220648e+05 1.476154e+05 1.373879e+07 -2.094709e+04 4.864337e+07 -1.634811e+07 1.034142e+04
5.353535e-03 1.063954e+05 -3.585425e+03 -3.888760e+03 -3.297057e+05 -1.574882e+04 8.580033e+05 -2.198053e+05 -9.374555e+02 -4.568943e+03 3.292795e+05 -8.166287e+04 -2.333039e+03 2.202528e+05 -1.635552e+03 -1.080653e+04 -6.608358e+05 -5.094539e+03 3.756970e+05 -9.317990e+04 -2.914423e+03 -2.509637e+05 1.740947e+03 1.234785e+04 7.529739e+05 -9.324595e+04 2.890310e+03 3.499222e+03 2.889708e+05 -1.378695e+04 7.530133e+05 -1.929076e+05 -9.172339e+02
5.555556e-03 -2.279520e+06 -2.929325e+05 9.990337e+04 4.828454e+06 -3.147841e+04 -1.831349e+07 6.604723e+06 3.696966e+04 8.837823e+04 -4.818681e+06 1.749678e+06 -2.014053e+05 -6.614159e+06 2.511903e+04 -1.905395e+04 1.410505e+07 1.134080e+05 -5.501719e+06 1.997663e+06 -2.568680e+05 7.536682e+06 -4.151580e+04 2.630503e+04 -1.607239e+07 1.996545e+06 2.297057e+05 -7.790480e+04 -4.229001e+06 -2.302516e+04 -1.607182e+07 5.796276e+06 2.251404e+04
5.757576e-03 -4.628593e+04 -1.779270e+04 2.196120e+03 2.442272e+04 -1.332803e+04 -3.706745e+05 1.932473e+05 9.545486e+02 1.063771e+03 -2.420729e+04 3.553439e+04 -1.214068e+04 -1.934330e+05 -2.108564e+02 -9.006333e+03 2.854939e+05 1.961336e+03 -2.781390e+04 4.060893e+04 -1.541050e+04 2.204186e+05 -5.286175e+02 1.053364e+04 -3.253414e+05 4.050080e+04 1.403819e+04 -1.350674e+03 -2.125553e+04 -1.142507e+04 -3.252745e+05 1.695880e+05 2.455046e+02
5.959596e-03 2.252237e+05 2.648643e+04 -1.397052e+04 -5.268289e+05 -8.090174e+03 1.792288e+06 -6.223096e+05 -7.420493e+03 -1.330102e+04 5.257979e+05 -1.728157e+05 1.825084e+04 6.233242e+05 -6.729653e+03 -5.750720e+03 -1.380493e+06 -1.644739e+04 6.002808e+05 -1.973190e+05 2.344199e+04 -7.102486e+05 8.973437e+03 6.051708e+03 1.572994e+06 -1.972563e+05 -2.059919e+04 1.126792e+04 4.614603e+05 -7.601727e+03 1.572950e+06 -5.461479e+05 -5.506920e+03
6.161616e-03 7.824619e+05 1.323320e+05 -5.460288e+04 -1.626240e+06 5.007404e+03 6.198310e+06 -2.335671e+06 -3.156243e+04 -4.947767e+04 1.622521e+06 -6.003417e+05 9.083372e+04 2.339280e+06 -2.627066e+04 2.478321e+03 -4.774275e+06 -6.278312e+04 1.852918e+06 -6.856191e+05 1.163325e+05 -2.665503e+06 3.644645e+04 -5.336468e+03 5.440056e+06 -6.851403e+05 -1.033057e+05 4.299446e+04 1.424030e+06 1.878263e+03 5.439730e+06 -2.049815e+06 -2.268352e+04
6.363636e-03 4.789562e+05 8.692012e+04 -3.770234e+04 -9.922549e+05 1.953556e+03 3.775413e+06 -1.442448e+06 -2.330904e+04 -3.433831e+04 9.899145e+05 -3.674278e+05 5.964198e+04 1.444723e+06 -1.983102e+04 7.363049e+02 -2.908080e+06 -4.346871e+04 1.130555e+06 -4.196590e+05 7.647052e+04 -1.646186e+06 2.701377e+04 -2.585560e+03 3.313589e+06 -4.193462e+05 -6.777186e+04 2.974948e+04 8.688195e+05 -3.473590e+01 3.313386e+06 -1.265920e+06 -1.705389e+04
6.565657e-03 1.871893e+05 3.288731e+04 -1.659382e+04 -4.084146e+05 -3.609821e+03 1.467864e+06 -5.531903e+05 -1.082323e+04 -1.547469e+04 4.074763e+05 -1.435756e+05 2.258203e+04 5.541089e+05 -9.664243e+03 -2.693225e+03 -1.130675e+06 -1.935556e+04 4.653395e+05 -1.639907e+05 2.904222e+04 -6.313716e+05 1.276297e+04 2.353249e+03 1.288318e+06 -1.638875e+05 -2.555178e+04 1.323838e+04 3.576301e+05 -3.884647e+03 1.288251e+06 -4.854952e+05 -8.149848e+03
6.767677e-03 1.270854e+05 2.263687e+04 -1.251555e+04 -2.843710e+05 -4.130266e+03 9.913086e+05 -3.738072e+05 -8.504721e+03 -1.180128e+04 2.837175e+05 -9.745938e+04 1.554714e+04 3.744495e+05 -7.763804e+03 -2.976228e+03 -7.636086e+05 -1.468014e+04 3.240054e+05 -1.113242e+05 2.004138e+04 -4.266577e+05 1.009963e+04 2.864282e+03 8.700626e+05 -1.112589e+05 -1.754070e+04 1.003584e+04 2.490118e+05 -4.152549e+03 8.700201e+05 -3.280665e+05 -6.498580e+03
6.969697e-03 9.614495e+04 1.752031e+04 -1.042627e+04 -2.193642e+05 -4.161211e+03 7.459353e+05 -2.824642e+05 -7.321287e+03 -9.906120e+03 2.188574e+05 -7.371966e+04 1.203456e+04 2.829639e+05 -6.780826e+03 -2.960940e+03 -5.746102e+05 -1.227700e+04 2.499369e+05 -8.421317e+04 1.554698e+04 -3.224140e+05 8.732094e+03 2.939299e+03 6.547078e+05 -8.416605e+04 -1.354227e+04 8.389657e+03 1.920868e+05 -4.087130e+03 6.546771e+05 -2.479027e+05 -5.650601e+03
7.171717e-03 7.665593e+04 1.433450e+04 -9.088001e+03 -1.778565e+05 -4.049222e+03 5.914703e+05 -2.253369e+05 -6.555435e+03 -8.684349e+03 1.774427e+05 -5.876664e+04 9.847075e+03 2.257459e+05 -6.135307e+03 -2.861833e+03 -4.556334e+05 -1.073292e+04 2.026432e+05 -6.713672e+04 1.274763e+04 -2.572169e+05 7.842417e+03 2.883258e+03 5.191397e+05 -6.710049e+04 -1.105315e+04 7.331994e+03 1.557390e+05 -3.931874e+03 5.191160e+05 -1.977670e+05 -5.097200e+03
7.373737e-03 6.313398e+04 1.212611e+04 -8.132994e+03 -1.487271e+05 -3.887341e+03 4.844112e+05 -1.858950e+05 -5.999589e+03 -7.807368e+03 1.483784e+05 -4.839225e+04 8.330558e+03 1.862404e+05 -5.660078e+03 -2.735713e+03 -3.731706e+05 -9.627914e+03 1.694532e+05 -5.528904e+04 1.080652e+04 -2.122023e+05 7.193751e+03 2.778666e+03 4.251778e+05 -5.526008e+04 -9.328129e+03 6.575163e+03 1.302305e+05 -3.750630e+03 4.251589e+05 -1.631521e+05 -4.691922e+03
7.575758e-03 5.319028e+04 1.049298e+04 -7.406018e+03 -1.270875e+05 -3.709832e+03 4.057881e+05 -1.569897e+05 -5.567957e+03 -7.136242e+03 1.267871e+05 -4.076354e+04 7.209018e+03 1.572876e+05 -5.286174e+03 -2.603100e+03 -3.126104e+05 -8.784568e+03 1.447972e+05 -4.657683e+04 9.370634e+03 -1.792123e+05 6.688082e+03 2.656315e+03 3.561730e+05 -4.655306e+04 -8.052801e+03 5.997616e+03 1.112808e+05 -3.566044e+03 3.561574e+05 -1.377842e+05 -4.374443e+03
7.777778e-03 4.558332e+04 9.231371e+03 -6.828183e+03 -1.103770e+05 -3.531226e+03 3.457341e+05 -1.349287e+05 -5.217631e+03 -6.600233e+03 1.101141e+05 -3.492786e+04 6.342595e+03 1.351900e+05 -4.979098e+03 -2.472438e+03 -2.663530e+05 -8.112648e+03 1.257574e+05 -3.991220e+04 8.261096e+03 -1.540332e+05 6.276306e+03 2.529549e+03 3.034656e+05 -3.989231e+04 -7.067870e+03 5.537525e+03 9.664756e+04 -3.387144e+03 3.034525e+05 -1.184230e+05 -4.114651e+03
7.979798e-03 3.959314e+04 8.225409e+03 -6.354413e+03 -9.710050e+04 -3.358046e+03 2.985244e+05 -1.175826e+05 -4.924359e+03 -6.158834e+03 9.686744e+04 -3.033273e+04 5.651738e+03 1.178145e+05 -4.719317e+03 -2.347336e+03 -2.299887e+05 -7.560545e+03 1.106302e+05 -3.466423e+04 7.376170e+03 -1.342350e+05 5.930620e+03 2.404579e+03 2.620309e+05 -3.464733e+04 -6.282739e+03 5.159526e+03 8.502150e+04 -3.217552e+03 2.620198e+05 -1.031996e+05 -3.895534e+03
8.181818e-03 3.476960e+04 7.403702e+03 -5.956759e+03 -8.631748e+04 -3.193174e+03 2.605786e+05 -1.036263e+05 -4.673200e+03 -5.786877e+03 8.610878e+04 -2.663278e+04 5.087426e+03 1.038343e+05 -4.494757e+03 -2.229240e+03 -2.007599e+05 -7.096228e+03 9.834411e+04 -3.043851e+04 6.653162e+03 -1.183054e+05 5.633861e+03 2.284333e+03 2.287269e+05 -3.042398e+04 -5.641589e+03 4.841669e+03 7.557904e+04 -3.058513e+03 2.287173e+05 -9.095128e+04 -3.706604e+03
8.383838e-03 3.081544e+04 6.719583e+03 -5.616819e+03 -7.740353e+04 -3.037726e+03 2.295320e+05 -9.218852e+04 -4.454342e+03 -5.467750e+03 7.721506e+04 -2.359988e+04 4.617614e+03 9.237654e+04 -4.297454e+03 -2.118567e+03 -1.768453e+05 -6.698583e+03 8.818767e+04 -2.697454e+04 6.051086e+03 -1.052501e+05 5.374730e+03 2.170125e+03 2.014780e+05 -2.696192e+04 -5.107933e+03 4.569483e+03 6.777336e+04 -2.910171e+03 2.014696e+05 -8.091311e+04 -3.540959e+03
8.585859e-03 2.752588e+04 6.141128e+03 -5.321901e+03 -6.992644e+04 -2.891928e+03 2.037559e+05 -8.267109e+04 -4.261009e+03 -5.189967e+03 6.975501e+04 -2.107690e+04 4.220376e+03 8.284228e+04 -4.121877e+03 -2.015237e+03 -1.569902e+05 -6.353031e+03 7.966838e+04 -2.409290e+04 5.541900e+03 -9.438652e+04 5.145412e+03 2.062428e+03 1.788548e+05 -2.408184e+04 -4.656815e+03 4.332979e+03 6.122595e+04 -2.772154e+03 1.788474e+05 -7.256030e+04 -3.393822e+03
8.787879e-03 2.475510e+04 5.645690e+03 -5.062919e+03 -6.357701e+04 -2.755552e+03 1.820904e+05 -7.464956e+04 -4.088335e+03 -4.945289e+03 6.342013e+04 -1.895195e+04 3.880160e+03 7.480637e+04 -3.964035e+03 -1.918927e+03 -1.403013e+05 -6.049123e+03 7.243395e+04 -2.166580e+04 5.105710e+03 -8.523023e+04 4.940281e+03 1.961277e+03 1.598393e+05 -2.165604e+04 -4.270532e+03 4.124996e+03 5.566605e+04 -2.643861e+03 1.598327e+05 -6.552034e+04 -3.261750e+03
8.989899e-03 2.239639e+04 5.216724e+03 -4.833173e+03 -5.812804e+04 -2.628145e+03 1.636870e+05 -6.781424e+04 -3.932712e+03 -4.727622e+03 5.798372e+04 -1.714315e+04 3.585600e+03 6.795863e+04 -3.820944e+03 -1.829208e+03 -1.261251e+05 -5.779145e+03 6.622552e+04 -1.959974e+04 4.727977e+03 -7.742778e+04 4.755155e+03 1.866475e+03 1.436869e+05 -1.959107e+04 -3.936151e+03 3.940248e+03 5.089470e+04 -2.524604e+03 1.436810e+05 -5.952141e+04 -3.142180e+03
9.191919e-03 2.036988e+04 4.841838e+03 -4.627595e+03 -5.340881e+04 -2.509159e+03 1.479111e+05 -6.193392e+04 -3.791389e+03 -4.532348e+03 5.327542e+04 -1.558922e+04 3.328186e+03 6.206748e+04 -3.690318e+03 -1.745614e+03 -1.139726e+05 -5.537254e+03 6.084854e+04 -1.782473e+04 4.397814e+03 -7.071532e+04 4.586841e+03 1.777709e+03 1.298404e+05 -1.781700e+04 -3.643989e+03 3.774733e+03 4.676237e+04 -2.413680e+03 1.298352e+05 -5.436060e+04 -3.033152e+03
9.393939e-03 1.861463e+04 4.511560e+03 -4.442270e+03 -4.928855e+04 -2.398009e+03 1.342783e+05 -5.683258e+04 -3.662224e+03 -4.355890e+03 4.916474e+04 -1.424338e+04 3.101410e+03 5.695663e+04 -3.570365e+03 -1.667679e+03 -1.034710e+05 -5.318934e+03 5.615403e+04 -1.628739e+04 4.106894e+03 -6.489197e+04 4.432846e+03 1.694613e+03 1.178749e+05 -1.628045e+04 -3.386644e+03 3.625355e+03 4.315455e+04 -2.310412e+03 1.178702e+05 -4.988346e+04 -2.933131e+03
9.595960e-03 1.708338e+04 4.218515e+03 -4.274119e+03 -4.566544e+04 -2.294119e+03 1.224133e+05 -5.237401e+04 -3.543516e+03 -4.195429e+03 4.555011e+04 -1.306939e+04 2.900207e+03 5.248964e+04 -3.459650e+03 -1.594954e+03 -9.433101e+04 -5.120627e+03 5.202597e+04 -1.494629e+04 3.848734e+03 -5.980226e+04 4.291189e+03 1.616806e+03 1.074610e+05 -1.494003e+04 -3.158354e+03 3.489676e+03 3.998209e+04 -2.214163e+03 1.074567e+05 -4.597042e+04 -2.840894e+03
9.797980e-03 1.573892e+04 3.956874e+03 -4.120682e+03 -4.245908e+04 -2.196934e+03 1.120209e+05 -4.845119e+04 -3.433892e+03 -4.048707e+03 4.235129e+04 -1.203868e+04 2.720573e+03 4.855933e+04 -3.357011e+03 -1.527018e+03 -8.632532e+04 -4.939487e+03 4.837276e+04 -1.376883e+04 3.618210e+03 -5.532406e+04 4.160266e+03 1.543911e+03 9.833945e+04 -1.376318e+04 -2.954564e+03 3.365748e+03 3.717457e+04 -2.124346e+03 9.833556e+04 -4.252756e+04 -2.755449e+03
1.000000e-02 1.455161e+04 3.721963e+03 -3.979966e+03 -3.960515e+04 -2.105933e+03 1.028659e+05 -4.497899e+04 -3.332227e+03 -3.913891e+03 3.950411e+04 -1.112853e+04 2.559298e+03 4.508041e+04 -3.261488e+03 -1.463484e+03 -7.927278e+04 -4.773206e+03 4.512111e+04 -1.272906e+04 3.411213e+03 -5.136020e+04 4.038760e+03 1.475566e+03 9.030398e+04 -1.272392e+04 -2.771626e+03 3.251990e+03 3.467567e+04 -2.040421e+03 9.030044e+04 -3.948018e+04 -2.675979e+03
