-1.000000e-02 -1.360724e+05 3.677208e+03 6.937572e+03 -1.534691e+05 4.478050e+02 -2.141076e+05 -1.583328e+05 6.483238e+03 6.733779e+03 1.533825e+05 1.046855e+05 2.520509e+03 1.584213e+05 6.276413e+03 2.768190e+02 1.649229e+05 8.271194e+03 1.748645e+05 1.193526e+05 3.511208e+03 -1.805067e+05 -7.753605e+03 -7.816169e+02 -1.879130e+05 1.193519e+05 -2.588077e+03 -5.628019e+03 1.346165e+05 -7.336987e+01 -1.879137e+05 -1.389614e+05 5.226212e+03
-9.797980e-03 -1.615409e+05 4.258501e+03 7.570884e+03 -1.811967e+05 6.513662e+02 -2.544156e+05 -1.871507e+05 7.048517e+03 7.327402e+03 1.810960e+05 1.242817e+05 2.918810e+03 1.872536e+05 6.801581e+03 4.112346e+02 1.959688e+05 9.012108e+03 2.064586e+05 1.416930e+05 4.033363e+03 -2.133595e+05 -8.416723e+03 -9.801104e+02 -2.232880e+05 1.416920e+05 -3.029924e+03 -6.134163e+03 1.589384e+05 5.992239e+01 -2.232888e+05 -1.642526e+05 5.672463e+03
-9.595960e-03 -1.954042e+05 5.026508e+03 8.366345e+03 -2.180041e+05 9.424431e+02 -3.080265e+05 -2.254498e+05 7.754683e+03 8.069287e+03 2.178848e+05 1.503375e+05 3.445016e+03 2.255716e+05 7.453616e+03 6.039058e+02 2.372607e+05 9.940399e+03 2.483987e+05 1.713973e+05 4.721087e+03 -2.570208e+05 -9.242922e+03 -1.258192e+03 -2.703379e+05 1.713960e+05 -3.615808e+03 -6.768416e+03 1.912249e+05 2.568057e+02 -2.703387e+05 -1.978645e+05 6.228094e+03
-9.393939e-03 -2.422027e+05 6.085684e+03 9.405108e+03 -2.687898e+05 1.376267e+03 -3.821376e+05 -2.783663e+05 8.671568e+03 9.032505e+03 2.686451e+05 1.863464e+05 4.170649e+03 2.785140e+05 8.294188e+03 8.917159e+02 2.943418e+05 1.114915e+04 3.062665e+05 2.124483e+05 5.666436e+03 -3.173460e+05 -1.031234e+04 -1.664945e+03 -3.353790e+05 2.124464e+05 -4.426838e+03 -7.594440e+03 2.357729e+05 5.586903e+02 -3.353798e+05 -2.443049e+05 6.946789e+03
-9.191919e-03 -3.104906e+05 7.638451e+03 1.084066e+04 -3.427740e+05 2.062869e+03 -4.903084e+05 -3.555863e+05 9.931308e+03 1.035473e+04 3.425925e+05 2.388906e+05 5.234282e+03 3.557713e+05 9.439469e+03 1.348209e+03 3.776558e+05 1.281408e+04 3.905681e+05 2.723497e+05 7.047574e+03 -4.053771e+05 -1.177629e+04 -2.297736e+03 -4.303112e+05 2.723469e+05 -5.620400e+03 -8.732420e+03 3.006702e+05 1.048569e+03 -4.303121e+05 -3.120743e+05 7.929921e+03
-8.989899e-03 -4.189348e+05 1.014390e+04 1.301364e+04 -4.600514e+05 3.258340e+03 -6.621264e+05 -4.782708e+05 1.182786e+04 1.234040e+04 4.598119e+05 3.223334e+05 6.950107e+03 4.785145e+05 1.114687e+04 2.144712e+03 5.099908e+05 1.532455e+04 5.242003e+05 3.674761e+05 9.268110e+03 -5.452373e+05 -1.397076e+04 -3.382363e+03 -5.811009e+05 3.674718e+05 -7.553794e+03 -1.044863e+04 4.035434e+05 1.920598e+03 -5.811019e+05 -4.197438e+05 9.402602e+03
-8.787879e-03 -6.206805e+05 1.497929e+04 1.692844e+04 -6.777366e+05 5.749423e+03 -9.818153e+05 -7.067552e+05 1.523190e+04 1.588437e+04 6.773900e+05 4.775681e+05 1.026034e+04 7.071076e+05 1.417648e+04 3.808057e+03 7.562163e+05 1.982701e+04 7.722429e+05 5.444463e+05 1.353773e+04 -8.057089e+05 -1.788931e+04 -5.610576e+03 -8.616638e+05 5.444391e+05 -1.129964e+04 -1.352691e+04 5.944926e+05 3.773742e+03 -8.616648e+05 -6.202645e+05 1.203078e+04
-8.585859e-03 -1.223683e+06 3.073329e+04 2.877954e+04 -1.326014e+06 1.455032e+04 -1.937281e+06 -1.391369e+06 2.555454e+04 2.649222e+04 1.325347e+06 9.415532e+05 2.103804e+04 1.392047e+06 2.324383e+04 9.699378e+03 1.492120e+06 3.338522e+04 1.510925e+06 1.073398e+06 2.739542e+04 -1.586166e+06 -2.969974e+04 -1.338317e+04 -1.700193e+06 1.073380e+06 -2.354858e+04 -2.279513e+04 1.163148e+06 1.043731e+04 -1.700194e+06 -1.221090e+06 1.995124e+04
-8.383838e-03 5.754299e+05 -2.548427e+04 -1.101594e+04 5.950410e+05 -1.933082e+04 9.118034e+05 6.622424e+05 -9.583729e+03 -8.738017e+03 -5.947396e+05 -4.427774e+05 -1.737923e+04 -6.625534e+05 -7.284181e+03 -1.304368e+04 -7.022740e+05 -1.192192e+04 -6.780220e+05 -5.047741e+05 -2.190225e+04 7.549474e+05 1.027867e+04 1.627164e+04 8.002086e+05 -5.047541e+05 2.026574e+04 8.154533e+03 -5.219504e+05 -1.555529e+04 8.002104e+05 5.811933e+05 -6.886781e+03
-8.181818e-03 1.887078e+06 -5.444392e+04 -3.075733e+04 2.009064e+06 -3.593974e+04 2.992387e+06 2.147464e+06 -2.614697e+04 -2.617997e+04 -2.008090e+06 -1.452056e+06 -3.721252e+04 -2.148452e+06 -2.152835e+04 -2.415256e+04 -2.304721e+06 -3.435027e+04 -2.289251e+06 -1.655358e+06 -4.726605e+04 2.448076e+06 2.907507e+04 3.075667e+04 2.626140e+06 -1.655316e+06 4.291637e+04 2.351359e+04 -1.762314e+06 -2.830368e+04 2.626141e+06 1.884631e+06 -1.944671e+04
-7.979798e-03 8.562481e+06 -1.708250e+05 -1.121110e+05 9.248018e+06 -9.812555e+04 1.358798e+07 9.668760e+06 -9.178731e+04 -9.853194e+04 -9.243719e+06 -6.588683e+06 -1.170687e+05 -9.673087e+06 -7.809306e+04 -6.555470e+04 -1.046525e+07 -1.269889e+05 -1.053785e+07 -7.511099e+06 -1.493326e+05 1.102217e+07 1.037676e+05 8.519321e+04 1.192481e+07 -7.510946e+06 1.339796e+05 8.706053e+04 -8.112288e+06 -7.561474e+04 1.192485e+07 8.485328e+06 -6.916708e+04
-7.777778e-03 -7.292829e+06 8.555421e+04 7.138529e+04 -7.977223e+06 3.420320e+04 -1.158166e+07 -8.167487e+06 5.454490e+04 6.536401e+04 7.973604e+06 5.611742e+06 5.897596e+04 8.171112e+06 4.847483e+04 2.235175e+04 8.919962e+06 8.234010e+04 9.089814e+06 6.397325e+06 7.576580e+04 -9.310774e+06 -6.312153e+04 -3.105030e+04 -1.016407e+07 6.397280e+06 -6.651827e+04 -5.659732e+04 6.997638e+06 2.443317e+04 -1.016404e+07 -7.167767e+06 4.179509e+04
-7.575758e-03 -3.643034e+06 1.383165e+04 2.330059e+04 -4.032288e+06 -6.021840e+03 -5.789715e+06 -4.043220e+06 1.516244e+04 2.291808e+04 4.030535e+06 2.803312e+06 9.810874e+03 4.044973e+06 1.477681e+04 -4.506443e+03 4.459068e+06 2.776218e+04 4.594708e+06 3.195711e+06 1.298450e+04 -4.609168e+06 -1.848545e+04 3.970516e+03 -5.081020e+06 3.195710e+06 -1.033369e+04 -1.918051e+04 3.537173e+06 -6.449666e+03 -5.081014e+06 -3.548302e+06 1.203757e+04
-7.373737e-03 -4.143464e+06 -1.033159e+04 1.218139e+04 -4.624922e+06 -2.560879e+04 -6.589805e+06 -4.561111e+06 3.249644e+03 1.399493e+04 4.622988e+06 3.188442e+06 -6.566509e+03 4.563046e+06 5.075583e+03 -1.784584e+04 5.075220e+06 1.560513e+04 5.270032e+06 3.634709e+06 -7.863368e+03 -5.199528e+06 -5.432460e+03 2.057476e+04 -5.783141e+06 3.634733e+06 8.685493e+03 -1.095397e+04 4.057084e+06 -2.223416e+04 -5.783139e+06 -4.002779e+06 3.122278e+03
-7.171717e-03 2.226586e+05 -3.740639e+04 -9.431868e+02 1.719229e+05 -3.754955e+04 3.544192e+05 3.041617e+05 -5.081644e+02 2.820553e+03 -1.718110e+05 -1.713439e+05 -2.543418e+04 -3.042651e+05 3.279609e+03 -2.548477e+04 -2.729667e+05 1.149881e+03 -1.958982e+05 -1.953476e+05 -3.128004e+04 3.467018e+05 -1.658950e+03 3.047759e+04 3.110383e+05 -1.952981e+05 3.052866e+04 -7.619696e+02 -1.507830e+05 -3.151436e+04 3.110371e+05 2.669314e+05 1.154554e+03
-6.969697e-03 -1.011011e+06 -1.658433e+04 -3.354554e+03 -1.158930e+06 -1.689678e+04 -1.610145e+06 -1.097438e+06 -5.389965e+03 -1.670792e+03 1.158493e+06 7.780059e+05 -1.116764e+04 1.097881e+06 -3.696447e+03 -1.157887e+04 1.240044e+06 -3.096772e+03 1.320602e+06 8.868785e+05 -1.405827e+04 -1.251034e+06 5.411088e+03 1.401762e+04 -1.413028e+06 8.869009e+05 1.322113e+04 2.025360e+03 1.016667e+06 -1.400438e+04 -1.413031e+06 -9.630884e+05 -3.806700e+03
-6.767677e-03 -1.642337e+06 -3.458410e+03 -9.920206e+03 -1.832309e+06 -2.579801e+02 -2.617418e+06 -1.824276e+06 -1.307762e+04 -9.723818e+03 1.831617e+06 1.263857e+06 -2.196220e+03 1.824968e+06 -1.288036e+04 -3.287219e+02 2.015771e+06 -1.197721e+04 2.087924e+06 1.440720e+06 -3.505252e+03 -2.079561e+06 1.557457e+04 9.871151e+02 -2.296981e+06 1.440724e+06 2.032568e+03 8.015514e+03 1.607381e+06 3.864125e+02 -2.296979e+06 -1.600938e+06 -1.078549e+04
-6.565657e-03 -3.045059e+06 1.925412e+04 -2.730435e+04 -3.335361e+06 3.229796e+04 -4.856247e+06 -3.432818e+06 -3.289263e+04 -2.985713e+04 3.334117e+06 2.343367e+06 1.335371e+04 3.434046e+06 -3.545795e+04 2.167689e+04 3.739941e+06 -3.475471e+04 3.800670e+06 2.671287e+06 1.440790e+04 -3.913137e+06 4.112772e+04 -2.421022e+04 -4.261707e+06 2.671256e+06 -1.770467e+04 2.339889e+04 2.925928e+06 2.883475e+04 -4.261691e+06 -3.012534e+06 -2.830875e+04
-6.363636e-03 6.595141e+07 -8.994454e+05 7.927221e+05 7.090612e+07 -1.352211e+06 1.052542e+08 7.534825e+07 9.040244e+05 9.044877e+05 -7.088350e+07 -5.075745e+07 -6.166266e+05 -7.536955e+07 1.016177e+06 -9.135341e+05 -8.105437e+07 1.030400e+06 -8.079829e+07 -5.785711e+07 -7.035661e+05 8.588960e+07 -1.157409e+06 1.041453e+06 9.236790e+07 -5.785849e+07 7.883851e+05 -6.959105e+05 -6.220520e+07 -1.186179e+06 9.236233e+07 6.611934e+07 7.937625e+05
-6.161616e-03 2.394739e+06 -4.870359e+04 3.618157e+04 2.524723e+06 -7.146215e+04 3.824143e+06 2.770194e+06 4.016382e+04 4.213974e+04 -2.523793e+06 -1.842981e+06 -3.329181e+04 -2.771073e+06 4.614460e+04 -4.837643e+04 -2.945044e+06 4.751934e+04 -2.876955e+06 -2.100869e+06 -3.854796e+04 3.157698e+06 -5.206376e+04 5.547547e+04 3.355944e+06 -2.100777e+06 4.212768e+04 -3.213799e+04 -2.214799e+06 -6.236277e+04 3.355917e+06 2.431014e+06 3.564592e+04
-5.959596e-03 -2.613072e+06 4.063863e+04 -4.636070e+04 -2.794188e+06 7.102938e+04 -4.175281e+06 -3.028729e+06 -5.054485e+04 -5.185836e+04 2.793216e+06 2.011034e+06 2.781928e+04 3.029645e+06 -5.606079e+04 4.807997e+04 3.215427e+06 -5.956538e+04 3.184032e+06 2.292416e+06 3.118377e+04 -3.452370e+06 6.433555e+04 -5.448465e+04 -3.664073e+06 2.292332e+06 -3.617821e+04 4.032311e+04 2.451223e+06 6.263622e+04 -3.664041e+06 -2.657878e+06 -4.400732e+04
-5.757576e-03 -7.246541e+05 7.793868e+03 -1.464116e+04 -7.880554e+05 1.777563e+04 -1.158545e+06 -8.431151e+05 -1.576107e+04 -1.588631e+04 7.877971e+05 5.577031e+05 5.349748e+03 8.433586e+05 -1.700987e+04 1.203094e+04 8.922002e+05 -1.850735e+04 8.980096e+05 6.357318e+05 5.625398e+03 -9.610365e+05 1.978295e+04 -1.344188e+04 -1.016692e+06 6.357119e+05 -7.309922e+03 1.253760e+04 6.913380e+05 1.586693e+04 -1.016684e+06 -7.398771e+05 -1.352339e+04
-5.555556e-03 -4.577677e+05 3.982585e+03 -1.039037e+04 -5.027820e+05 1.140059e+04 -7.322715e+05 -5.368150e+05 -1.107016e+04 -1.113159e+04 5.026255e+05 3.523082e+05 2.738369e+03 5.369613e+05 -1.181324e+04 7.719046e+03 5.639203e+05 -1.304411e+04 5.729359e+05 4.015975e+05 2.693384e+03 -6.118892e+05 1.381780e+04 -8.557692e+03 -6.426089e+05 4.015853e+05 -3.921731e+03 8.841848e+03 4.410814e+05 1.024313e+04 -6.426040e+05 -4.710806e+05 -9.440318e+03
-5.353535e-03 -3.282280e+05 2.320371e+03 -8.246002e+03 -3.641600e+05 8.484121e+03 -5.253391e+05 -3.887217e+05 -8.713952e+03 -8.760469e+03 3.640526e+05 2.526147e+05 1.598517e+03 3.888211e+05 -9.229512e+03 5.746872e+03 4.045590e+05 -1.030500e+04 4.149737e+05 2.879548e+05 1.431085e+03 -4.430796e+05 1.083717e+04 -6.334634e+03 -4.610125e+05 2.879460e+05 -2.426521e+03 6.988559e+03 3.194748e+05 7.659458e+03 -4.610089e+05 -3.411202e+05 -7.400647e+03
-5.151515e-03 -2.501970e+05 1.399150e+03 -6.872604e+03 -2.807059e+05 6.776930e+03 -4.006594e+05 -2.998016e+05 -7.214901e+03 -7.256734e+03 2.806277e+05 1.925619e+05 9.663999e+02 2.998731e+05 -7.599698e+03 4.592465e+03 3.085419e+05 -8.559995e+03 3.198761e+05 2.194995e+05 7.416661e+02 -3.417209e+05 8.948927e+03 -5.039584e+03 -3.515983e+05 2.194928e+05 -1.587245e+03 5.807493e+03 2.462642e+05 6.140861e+03 -3.515955e+05 -2.630877e+05 -6.109038e+03
-4.949495e-03 -1.980705e+05 8.266192e+02 -5.889095e+03 -2.250580e+05 5.651828e+03 -3.173468e+05 -2.405990e+05 -6.149059e+03 -6.188884e+03 2.249990e+05 1.524450e+05 5.733423e+02 2.406521e+05 -6.449257e+03 3.831609e+03 2.443823e+05 -7.316045e+03 2.564640e+05 1.737697e+05 3.201275e+02 -2.742369e+05 7.611150e+03 -4.189967e+03 -2.784864e+05 1.737643e+05 -1.058487e+03 4.965240e+03 1.974466e+05 5.136113e+03 -2.784841e+05 -2.111342e+05 -5.194356e+03
-4.747475e-03 -1.609748e+05 4.454145e+02 -5.136958e+03 -1.855742e+05 4.855400e+03 -2.580387e+05 -1.986303e+05 -5.339610e+03 -5.378085e+03 1.855286e+05 1.238957e+05 3.115156e+02 1.986706e+05 -5.580978e+03 3.292947e+03 1.987089e+05 -6.368444e+03 2.114713e+05 1.412260e+05 4.447531e+01 -2.263977e+05 6.598254e+03 -3.591118e+03 -2.264401e+05 1.412216e+05 -7.012745e+02 4.323397e+03 1.628090e+05 4.422222e+03 -2.264381e+05 -1.743044e+05 -4.502092e+03
-4.545455e-03 -1.333929e+05 1.795102e+02 -4.536073e+03 -1.563401e+05 4.263718e+03 -2.139263e+05 -1.675720e+05 -4.697135e+03 -4.734324e+03 1.563043e+05 1.026682e+05 1.288045e+02 1.676030e+05 -4.895516e+03 2.892697e+03 1.647379e+05 -5.613949e+03 1.781583e+05 1.170287e+05 -1.440116e+02 -1.909950e+05 5.796395e+03 -3.148015e+03 -1.877290e+05 1.170249e+05 -4.482288e+02 3.812165e+03 1.371630e+05 3.889988e+03 -1.877273e+05 -1.470491e+05 -3.954269e+03
-4.343434e-03 -1.122018e+05 -1.232306e+01 -4.040695e+03 -1.340048e+05 3.808493e+03 -1.800227e+05 -1.438487e+05 -4.170633e+03 -4.206438e+03 1.339764e+05 8.635895e+04 -3.063552e+00 1.438726e+05 -4.336431e+03 2.584698e+03 1.386288e+05 -4.993755e+03 1.527065e+05 9.843780e+04 -2.770401e+02 -1.639534e+05 5.140772e+03 -2.808396e+03 -1.579766e+05 9.843458e+04 -2.626597e+02 3.391787e+03 1.175689e+05 3.479142e+03 -1.579752e+05 -1.262307e+05 -3.506505e+03
-4.141414e-03 -9.549498e+04 -1.542988e+02 -3.622414e+03 -1.165217e+05 3.448849e+03 -1.532835e+05 -1.252806e+05 -3.728498e+03 -3.762797e+03 1.164990e+05 7.350087e+04 -1.006982e+02 1.252992e+05 -3.868883e+03 2.341321e+03 1.180372e+05 -4.471429e+03 1.327840e+05 8.378093e+04 -3.731396e+02 -1.427882e+05 4.591306e+03 -2.541043e+03 -1.345116e+05 8.377813e+04 -1.229217e+02 3.037630e+03 1.022316e+05 3.153547e+03 -1.345103e+05 -1.099363e+05 -3.131354e+03
-3.939394e-03 -8.204250e+04 -2.614955e+02 -3.262465e+03 -1.025706e+05 3.158782e+03 -1.317445e+05 -1.104630e+05 -3.349912e+03 -3.382600e+03 1.025523e+05 6.314733e+04 -1.744456e+02 1.104774e+05 -3.470012e+03 2.144989e+03 1.014504e+05 -4.022966e+03 1.168862e+05 7.197901e+04 -4.437860e+02 -1.258981e+05 4.121650e+03 -2.326134e+03 -1.156101e+05 7.197657e+04 -1.546933e+01 2.733460e+03 8.999269e+04 2.890175e+03 -1.156090e+05 -9.693320e+04 -2.810777e+03
-3.737374e-03 -7.101593e+04 -3.437366e+02 -2.947852e+03 -9.126245e+04 2.920949e+03 -1.140827e+05 -9.845104e+04 -3.020505e+03 -3.051506e+03 9.124778e+04 5.466079e+04 -2.310477e+02 9.846203e+04 -3.124099e+03 1.983981e+03 8.784928e+04 -3.631777e+03 1.040002e+05 6.230530e+04 -4.964108e+02 -1.122061e+05 3.713651e+03 -2.150478e+03 -1.001110e+05 6.230315e+04 6.856846e+01 2.468058e+03 8.007236e+04 2.673642e+03 -1.001100e+05 -8.639217e+04 -2.532348e+03
-3.535354e-03 -6.183774e+04 -4.076556e+02 -2.669229e+03 -8.197824e+04 2.723346e+03 -9.937546e+04 -8.858716e+04 -2.729980e+03 -2.759245e+03 8.196645e+04 4.759677e+04 -2.750584e+02 8.859544e+04 -2.819919e+03 1.850184e+03 7.652357e+04 -3.285963e+03 9.342044e+04 5.425315e+04 -5.360006e+02 -1.009627e+05 3.354323e+03 -2.004964e+03 -8.720476e+04 5.425125e+04 1.352156e+02 2.233376e+03 7.192754e+04 2.493279e+03 -8.720383e+04 -7.773620e+04 -2.287181e+03
-3.333333e-03 -5.409371e+04 -4.578654e+02 -2.419666e+03 -7.427468e+04 2.557404e+03 -8.696114e+04 -8.040080e+04 -2.470732e+03 -2.498232e+03 7.426525e+04 4.163651e+04 -3.096449e+02 8.040686e+04 -2.549210e+03 1.737804e+03 6.696364e+04 -2.976720e+03 8.464192e+04 4.745918e+04 -5.659988e+02 -9.163141e+04 3.034091e+03 -1.883100e+03 -7.631067e+04 4.745749e+04 1.886855e+02 2.023457e+03 6.516938e+04 2.341456e+03 -7.630984e+04 -7.055233e+04 -2.068726e+03
-3.131313e-03 -4.747951e+04 -4.976524e+02 -2.193893e+03 -6.782696e+04 2.416851e+03 -7.635347e+04 -7.354728e+04 -2.236997e+03 -2.262720e+03 6.781948e+04 3.654577e+04 -3.370644e+02 7.355152e+04 -2.305731e+03 1.642602e+03 5.879501e+04 -2.697363e+03 7.729446e+04 4.165639e+04 -5.888413e+02 -8.381939e+04 2.745711e+03 -1.780145e+03 -6.700201e+04 4.165488e+04 2.319985e+02 1.833778e+03 5.951292e+04 2.212580e+03 -6.700126e+04 -6.453809e+04 -1.872026e+03
-2.929293e-03 -4.176680e+04 -5.294071e+02 -1.987811e+03 -6.239237e+04 2.296998e+03 -6.718760e+04 -6.776911e+04 -2.024310e+03 -2.048258e+03 6.238651e+04 3.214885e+04 -3.589588e+02 6.777184e+04 -2.084661e+03 1.561408e+03 5.173671e+04 -2.442706e+03 7.110150e+04 3.664447e+04 -6.062859e+02 -7.723314e+04 2.483578e+03 -1.692561e+03 -5.895862e+04 3.664313e+04 2.673650e+02 1.660830e+03 5.474524e+04 2.102461e+03 -5.895794e+04 -5.946754e+04 -1.693250e+03
-2.727273e-03 -3.678116e+04 -5.548984e+02 -1.798171e+03 -5.778651e+04 2.194276e+03 -5.918475e+04 -6.287074e+04 -1.829146e+03 -1.851328e+03 5.778200e+04 2.831148e+04 -3.765435e+02 6.287221e+04 -1.882208e+03 1.491809e+03 4.557404e+04 -2.208646e+03 6.585290e+04 3.227040e+04 -6.196233e+02 -7.164973e+04 2.243274e+03 -1.617660e+03 -5.193584e+04 3.226921e+04 2.964318e+02 1.501836e+03 5.070459e+04 2.007904e+03 -5.193523e+04 -5.516903e+04 -1.529377e+03
-2.525253e-03 -3.238708e+04 -5.754552e+02 -1.622355e+03 -5.386730e+04 2.105927e+03 -5.212832e+04 -5.870148e+04 -1.648675e+03 -1.669105e+03 5.386393e+04 2.492939e+04 -3.907315e+02 5.870189e+04 -1.695332e+03 1.431940e+03 4.014022e+04 -1.991882e+03 6.138677e+04 2.841531e+04 -6.298148e+02 -6.689741e+04 2.021255e+03 -1.553369e+03 -4.574359e+04 2.841424e+04 3.204441e+02 1.354560e+03 4.726632e+04 1.926438e+03 -4.574305e+04 -5.151036e+04 -1.377986e+03
-2.323232e-03 -2.847772e+04 -5.920887e+02 -1.458220e+03 -5.052393e+04 2.029790e+03 -4.584752e+04 -5.514383e+04 -1.480587e+03 -1.499284e+03 5.052152e+04 2.192036e+04 -4.022177e+02 5.514336e+04 -1.521562e+03 1.380340e+03 3.530370e+04 -1.789717e+03 5.757683e+04 2.498546e+04 -6.375858e+02 -6.284226e+04 1.814636e+03 -1.498069e+03 -4.023201e+04 2.498451e+04 3.403557e+02 1.217175e+03 4.433322e+04 1.856123e+03 -4.023152e+04 -4.838841e+04 -1.237105e+03
-2.121212e-03 -2.496765e+04 -6.055764e+02 -1.303984e+03 -4.766913e+04 1.964161e+03 -4.020574e+04 -5.210528e+04 -1.322970e+03 -1.339955e+03 4.766752e+04 1.921863e+04 -4.115368e+02 5.210406e+04 -1.358857e+03 1.335855e+03 3.095929e+04 -1.599912e+03 5.432363e+04 2.190590e+04 -6.434891e+02 -5.937878e+04 1.621028e+03 -1.450481e+03 -3.528119e+04 2.190506e+04 3.569052e+02 1.088167e+03 4.182873e+04 1.795424e+03 -3.528075e+04 -4.572198e+04 -1.105102e+03
-1.919192e-03 -2.178762e+04 -6.165217e+02 -1.158150e+03 -4.523361e+04 1.907675e+03 -3.509223e+04 -4.951234e+04 -1.174223e+03 -1.189515e+03 4.523268e+04 1.677092e+04 -4.191035e+02 4.951050e+04 -1.205510e+03 1.297565e+03 2.702169e+04 -1.420587e+03 5.154821e+04 1.911589e+04 -6.479498e+02 -5.642325e+04 1.438434e+03 -1.409586e+03 -3.079396e+04 1.911515e+04 3.706697e+02 9.662623e+02 3.969207e+04 1.743115e+03 -3.079357e+04 -4.344660e+04 -9.806134e+02
-1.717172e-03 -1.888077e+04 -6.253960e+02 -1.019439e+03 -4.316203e+04 1.859242e+03 -3.041603e+04 -4.730635e+04 -1.032981e+03 -1.046602e+03 4.316167e+04 1.453345e+04 -4.252418e+02 4.730398e+04 -1.060072e+03 1.264729e+03 2.342087e+04 -1.250142e+03 4.918753e+04 1.656554e+04 -6.512971e+02 -5.390879e+04 1.265154e+03 -1.374569e+03 -2.669049e+04 1.656489e+04 3.821029e+02 8.503755e+02 3.787468e+04 1.698211e+03 -2.669015e+04 -4.151078e+04 -8.624788e+02
-1.515152e-03 -1.619975e+04 -6.325694e+02 -8.867469e+02 -4.141004e+04 1.817982e+03 -2.610141e+04 -4.544029e+04 -8.980710e+02 -9.100389e+02 4.141016e+04 1.246979e+04 -4.302064e+02 4.543748e+04 -9.212988e+02 1.236755e+03 2.009849e+04 -1.087193e+03 4.719103e+04 1.421331e+04 -6.537872e+02 -5.178178e+04 1.099728e+03 -1.344775e+03 -2.290433e+04 1.421275e+04 3.915633e+02 7.395704e+02 3.633767e+04 1.659917e+03 -2.290404e+04 -3.987326e+04 -7.497009e+02
-1.313131e-03 -1.370464e+04 -6.383329e+02 -7.591057e+02 -3.994207e+04 1.783186e+03 -2.208447e+04 -4.387644e+04 -7.684672e+02 -7.788009e+02 3.994259e+04 1.054921e+04 -4.341973e+02 4.387326e+04 -7.881060e+02 1.213161e+03 1.700534e+04 -9.305330e+02 4.551819e+04 1.202418e+04 -6.556198e+02 -4.999925e+04 9.408809e+02 -1.319675e+03 -1.937939e+04 1.202370e+04 3.993347e+02 6.330281e+02 3.504982e+04 1.627594e+03 -1.937914e+04 -3.850093e+04 -6.414102e+02
-1.111111e-03 -1.136123e+04 -6.429151e+02 -6.356577e+02 -3.872968e+04 1.754285e+03 -1.831046e+04 -4.258464e+04 -6.432632e+02 -6.519786e+02 3.873053e+04 8.745384e+03 -4.373718e+02 4.258117e+04 -6.595359e+02 1.193563e+03 1.409928e+04 -7.790902e+02 4.413661e+04 9.968133e+03 -6.569504e+02 -4.852681e+04 7.874865e+02 -1.298848e+03 -1.606764e+04 9.967737e+03 4.056414e+02 5.300228e+02 3.398620e+04 1.600726e+03 -1.606743e+04 -3.736735e+04 -5.368379e+02
-9.090909e-04 -9.139787e+03 -6.464943e+02 -5.156307e+02 -3.775032e+04 1.730826e+03 -1.473179e+04 -4.154098e+04 -5.216450e+02 -5.287561e+02 3.775143e+04 7.035431e+03 -4.398526e+02 4.153726e+04 -5.347307e+02 1.177654e+03 1.134364e+04 -6.319022e+02 4.302056e+04 8.019092e+03 -6.578995e+02 -4.733721e+04 6.385346e+02 -1.281955e+03 -1.292731e+04 8.018772e+03 4.106592e+02 4.299022e+02 3.312701e+04 1.578904e+03 -1.292714e+04 -3.645150e+04 -4.352951e+02
-7.070707e-04 -7.013997e+03 -6.492079e+02 -3.983198e+02 -3.698638e+04 1.712455e+03 -1.130633e+04 -4.072678e+04 -4.028713e+02 -4.083899e+02 3.698769e+04 5.399097e+03 -4.417341e+02 4.072288e+04 -4.129103e+02 1.165195e+03 8.705984e+03 -4.880912e+02 4.215000e+04 6.153968e+03 -6.585592e+02 -4.640916e+04 4.931059e+02 -1.268734e+03 -9.921420e+03 6.153722e+03 4.145241e+02 3.320710e+02 3.245680e+04 1.561805e+03 -9.921288e+03 -3.573702e+04 -3.361546e+02
-5.050505e-04 -4.960142e+03 -6.511588e+02 -2.830717e+02 -3.642450e+04 1.698901e+03 -7.996086e+03 -4.012788e+04 -2.862566e+02 -2.901918e+02 3.642597e+04 3.818126e+03 -4.430873e+02 4.012384e+04 -2.933542e+02 1.156003e+03 6.157059e+03 -3.468442e+02 4.150971e+04 4.351953e+03 -6.589981e+02 -4.572652e+04 3.503507e+02 -1.258985e+03 -7.016645e+03 4.351778e+03 4.173385e+02 2.359783e+02 3.196387e+04 1.549184e+03 -7.016551e+03 -3.521147e+04 -2.388369e+02
-3.030303e-04 -2.956392e+03 -6.524203e+02 -1.692712e+02 -3.605508e+04 1.689970e+03 -4.766105e+03 -3.973409e+04 -1.711559e+02 -1.735144e+02 3.605665e+04 2.275719e+03 -4.439625e+02 3.972996e+04 -1.753857e+02 1.149946e+03 3.669942e+03 -2.073959e+02 4.108874e+04 2.593894e+03 -6.592648e+02 -4.527766e+04 2.094701e+02 -1.252563e+03 -4.182303e+03 2.593790e+03 4.191756e+02 1.411052e+02 3.163978e+04 1.540866e+03 -4.182247e+03 -3.486591e+04 -1.427974e+02
-1.010101e-04 -9.822064e+02 -6.530395e+02 -5.632891e+01 -3.587190e+04 1.685535e+03 -1.583483e+03 -3.953882e+04 -5.695285e+01 -5.773856e+01 3.587351e+04 7.560657e+02 -4.443921e+02 3.953465e+04 -5.835801e+01 1.146938e+03 1.219295e+03 -6.901419e+01 4.087999e+04 8.617735e+02 -6.593906e+02 -4.505509e+04 6.970065e+01 -1.249376e+03 -1.389522e+03 8.617388e+02 4.200827e+02 4.695520e+01 3.147907e+04 1.536735e+03 -1.389503e+03 -3.469455e+04 -4.751548e+01
1.010101e-04 9.822064e+02 -6.530395e+02 5.632891e+01 -3.587190e+04 1.685535e+03 1.583483e+03 -3.953882e+04 5.695285e+01 5.773856e+01 3.587351e+04 -7.560657e+02 -4.443921e+02 3.953465e+04 5.835801e+01 1.146938e+03 -1.219295e+03 6.901419e+01 4.087999e+04 -8.617735e+02 -6.593906e+02 -4.505509e+04 -6.970065e+01 -1.249376e+03 1.389522e+03 -8.617388e+02 4.200827e+02 -4.695520e+01 3.147907e+04 1.536735e+03 1.389503e+03 -3.469455e+04 4.751548e+01
3.030303e-04 2.956392e+03 -6.524203e+02 1.692712e+02 -3.605508e+04 1.689970e+03 4.766105e+03 -3.973409e+04 1.711559e+02 1.735144e+02 3.605665e+04 -2.275719e+03 -4.439625e+02 3.972996e+04 1.753857e+02 1.149946e+03 -3.669942e+03 2.073959e+02 4.108874e+04 -2.593894e+03 -6.592648e+02 -4.527766e+04 -2.094701e+02 -1.252563e+03 4.182303e+03 -2.593790e+03 4.191756e+02 -1.411052e+02 3.163978e+04 1.540866e+03 4.182247e+03 -3.486591e+04 1.427974e+02
5.050505e-04 4.960142e+03 -6.511588e+02 2.830717e+02 -3.642450e+04 1.698901e+03 7.996086e+03 -4.012788e+04 2.862566e+02 2.901918e+02 3.642597e+04 -3.818126e+03 -4.430873e+02 4.012384e+04 2.933542e+02 1.156003e+03 -6.157059e+03 3.468442e+02 4.150971e+04 -4.351953e+03 -6.589981e+02 -4.572652e+04 -3.503507e+02 -1.258985e+03 7.016645e+03 -4.351778e+03 4.173385e+02 -2.359783e+02 3.196387e+04 1.549184e+03 7.016551e+03 -3.521147e+04 2.388369e+02
7.070707e-04 7.013997e+03 -6.492079e+02 3.983198e+02 -3.698638e+04 1.712455e+03 1.130633e+04 -4.072678e+04 4.028713e+02 4.083899e+02 3.698769e+04 -5.399097e+03 -4.417341e+02 4.072288e+04 4.129103e+02 1.165195e+03 -8.705984e+03 4.880912e+02 4.215000e+04 -6.153968e+03 -6.585592e+02 -4.640916e+04 -4.931059e+02 -1.268734e+03 9.921420e+03 -6.153722e+03 4.145241e+02 -3.320710e+02 3.245680e+04 1.561805e+03 9.921288e+03 -3.573702e+04 3.361546e+02
9.090909e-04 9.139787e+03 -6.464943e+02 5.156307e+02 -3.775032e+04 1.730826e+03 1.473179e+04 -4.154098e+04 5.216450e+02 5.287561e+02 3.775143e+04 -7.035431e+03 -4.398526e+02 4.153726e+04 5.347307e+02 1.177654e+03 -1.134364e+04 6.319022e+02 4.302056e+04 -8.019092e+03 -6.578995e+02 -4.733721e+04 -6.385346e+02 -1.281955e+03 1.292731e+04 -8.018772e+03 4.106592e+02 -4.299022e+02 3.312701e+04 1.578904e+03 1.292714e+04 -3.645150e+04 4.352951e+02
1.111111e-03 1.136123e+04 -6.429151e+02 6.356577e+02 -3.872968e+04 1.754285e+03 1.831046e+04 -4.258464e+04 6.432632e+02 6.519786e+02 3.873053e+04 -8.745384e+03 -4.373718e+02 4.258117e+04 6.595359e+02 1.193563e+03 -1.409928e+04 7.790902e+02 4.413661e+04 -9.968133e+03 -6.569504e+02 -4.852681e+04 -7.874865e+02 -1.298848e+03 1.606764e+04 -9.967737e+03 4.056414e+02 -5.300228e+02 3.398620e+04 1.600726e+03 1.606743e+04 -3.736735e+04 5.368379e+02
1.313131e-03 1.370464e+04 -6.383329e+02 7.591057e+02 -3.994207e+04 1.783186e+03 2.208447e+04 -4.387644e+04 7.684672e+02 7.788009e+02 3.994259e+04 -1.054921e+04 -4.341973e+02 4.387326e+04 7.881060e+02 1.213161e+03 -1.700534e+04 9.305330e+02 4.551819e+04 -1.202418e+04 -6.556198e+02 -4.999925e+04 -9.408809e+02 -1.319675e+03 1.937939e+04 -1.202370e+04 3.993347e+02 -6.330281e+02 3.504982e+04 1.627594e+03 1.937914e+04 -3.850093e+04 6.414102e+02
1.515152e-03 1.619975e+04 -6.325694e+02 8.867469e+02 -4.141004e+04 1.817982e+03 2.610141e+04 -4.544029e+04 8.980710e+02 9.100389e+02 4.141016e+04 -1.246979e+04 -4.302064e+02 4.543748e+04 9.212988e+02 1.236755e+03 -2.009849e+04 1.087193e+03 4.719103e+04 -1.421331e+04 -6.537872e+02 -5.178178e+04 -1.099728e+03 -1.344775e+03 2.290433e+04 -1.421275e+04 3.915633e+02 -7.395704e+02 3.633767e+04 1.659917e+03 2.290404e+04 -3.987326e+04 7.497009e+02
1.717172e-03 1.888077e+04 -6.253960e+02 1.019439e+03 -4.316203e+04 1.859242e+03 3.041603e+04 -4.730635e+04 1.032981e+03 1.046602e+03 4.316167e+04 -1.453345e+04 -4.252418e+02 4.730398e+04 1.060072e+03 1.264729e+03 -2.342087e+04 1.250142e+03 4.918753e+04 -1.656554e+04 -6.512971e+02 -5.390879e+04 -1.265154e+03 -1.374569e+03 2.669049e+04 -1.656489e+04 3.821029e+02 -8.503755e+02 3.787468e+04 1.698211e+03 2.669015e+04 -4.151078e+04 8.624788e+02
1.919192e-03 2.178762e+04 -6.165217e+02 1.158150e+03 -4.523361e+04 1.907675e+03 3.509223e+04 -4.951234e+04 1.174223e+03 1.189515e+03 4.523268e+04 -1.677092e+04 -4.191035e+02 4.951050e+04 1.205510e+03 1.297565e+03 -2.702169e+04 1.420587e+03 5.154821e+04 -1.911589e+04 -6.479498e+02 -5.642325e+04 -1.438434e+03 -1.409586e+03 3.079396e+04 -1.911515e+04 3.706697e+02 -9.662623e+02 3.969207e+04 1.743115e+03 3.079357e+04 -4.344660e+04 9.806134e+02
2.121212e-03 2.496765e+04 -6.055764e+02 1.303984e+03 -4.766913e+04 1.964161e+03 4.020574e+04 -5.210528e+04 1.322970e+03 1.339955e+03 4.766752e+04 -1.921863e+04 -4.115368e+02 5.210406e+04 1.358857e+03 1.335855e+03 -3.095929e+04 1.599912e+03 5.432363e+04 -2.190590e+04 -6.434891e+02 -5.937878e+04 -1.621028e+03 -1.450481e+03 3.528119e+04 -2.190506e+04 3.569052e+02 -1.088167e+03 4.182873e+04 1.795424e+03 3.528075e+04 -4.572198e+04 1.105102e+03
2.323232e-03 2.847772e+04 -5.920887e+02 1.458220e+03 -5.052393e+04 2.029790e+03 4.584752e+04 -5.514383e+04 1.480587e+03 1.499284e+03 5.052152e+04 -2.192036e+04 -4.022177e+02 5.514336e+04 1.521562e+03 1.380340e+03 -3.530370e+04 1.789717e+03 5.757683e+04 -2.498546e+04 -6.375858e+02 -6.284226e+04 -1.814636e+03 -1.498069e+03 4.023201e+04 -2.498451e+04 3.403557e+02 -1.217175e+03 4.433322e+04 1.856123e+03 4.023152e+04 -4.838841e+04 1.237105e+03
2.525253e-03 3.238708e+04 -5.754552e+02 1.622355e+03 -5.386730e+04 2.105927e+03 5.212832e+04 -5.870148e+04 1.648675e+03 1.669105e+03 5.386393e+04 -2.492939e+04 -3.907315e+02 5.870189e+04 1.695332e+03 1.431940e+03 -4.014022e+04 1.991882e+03 6.138677e+04 -2.841531e+04 -6.298148e+02 -6.689741e+04 -2.021255e+03 -1.553369e+03 4.574359e+04 -2.841424e+04 3.204441e+02 -1.354560e+03 4.726632e+04 1.926438e+03 4.574305e+04 -5.151036e+04 1.377986e+03
2.727273e-03 3.678116e+04 -5.548984e+02 1.798171e+03 -5.778651e+04 2.194276e+03 5.918475e+04 -6.287074e+04 1.829146e+03 1.851328e+03 5.778200e+04 -2.831148e+04 -3.765435e+02 6.287221e+04 1.882208e+03 1.491809e+03 -4.557404e+04 2.208646e+03 6.585290e+04 -3.227040e+04 -6.196233e+02 -7.164973e+04 -2.243274e+03 -1.617660e+03 5.193584e+04 -3.226921e+04 2.964318e+02 -1.501836e+03 5.070459e+04 2.007904e+03 5.193523e+04 -5.516903e+04 1.529377e+03
2.929293e-03 4.176680e+04 -5.294071e+02 1.987811e+03 -6.239237e+04 2.296998e+03 6.718760e+04 -6.776911e+04 2.024310e+03 2.048258e+03 6.238651e+04 -3.214885e+04 -3.589588e+02 6.777184e+04 2.084661e+03 1.561408e+03 -5.173671e+04 2.442706e+03 7.110150e+04 -3.664447e+04 -6.062859e+02 -7.723314e+04 -2.483578e+03 -1.692561e+03 5.895862e+04 -3.664313e+04 2.673650e+02 -1.660830e+03 5.474524e+04 2.102461e+03 5.895794e+04 -5.946754e+04 1.693250e+03
3.131313e-03 4.747951e+04 -4.976524e+02 2.193893e+03 -6.782696e+04 2.416851e+03 7.635347e+04 -7.354728e+04 2.236997e+03 2.262720e+03 6.781948e+04 -3.654577e+04 -3.370644e+02 7.355152e+04 2.305731e+03 1.642602e+03 -5.879501e+04 2.697363e+03 7.729446e+04 -4.165639e+04 -5.888413e+02 -8.381939e+04 -2.745711e+03 -1.780145e+03 6.700201e+04 -4.165488e+04 2.319985e+02 -1.833778e+03 5.951292e+04 2.212580e+03 6.700126e+04 -6.453809e+04 1.872026e+03
3.333333e-03 5.409371e+04 -4.578654e+02 2.419666e+03 -7.427468e+04 2.557404e+03 8.696114e+04 -8.040080e+04 2.470732e+03 2.498232e+03 7.426525e+04 -4.163651e+04 -3.096449e+02 8.040686e+04 2.549210e+03 1.737804e+03 -6.696364e+04 2.976720e+03 8.464192e+04 -4.745918e+04 -5.659988e+02 -9.163141e+04 -3.034091e+03 -1.883100e+03 7.631067e+04 -4.745749e+04 1.886855e+02 -2.023457e+03 6.516938e+04 2.341456e+03 7.630984e+04 -7.055233e+04 2.068726e+03
3.535354e-03 6.183774e+04 -4.076556e+02 2.669229e+03 -8.197824e+04 2.723346e+03 9.937546e+04 -8.858716e+04 2.729980e+03 2.759245e+03 8.196645e+04 -4.759677e+04 -2.750584e+02 8.859544e+04 2.819919e+03 1.850184e+03 -7.652357e+04 3.285963e+03 9.342044e+04 -5.425315e+04 -5.360006e+02 -1.009627e+05 -3.354323e+03 -2.004964e+03 8.720476e+04 -5.425125e+04 1.352156e+02 -2.233376e+03 7.192754e+04 2.493279e+03 8.720383e+04 -7.773620e+04 2.287181e+03
3.737374e-03 7.101593e+04 -3.437366e+02 2.947852e+03 -9.126245e+04 2.920949e+03 1.140827e+05 -9.845104e+04 3.020505e+03 3.051506e+03 9.124778e+04 -5.466079e+04 -2.310477e+02 9.846203e+04 3.124099e+03 1.983981e+03 -8.784928e+04 3.631777e+03 1.040002e+05 -6.230530e+04 -4.964108e+02 -1.122061e+05 -3.713651e+03 -2.150478e+03 1.001110e+05 -6.230315e+04 6.856846e+01 -2.468058e+03 8.007236e+04 2.673642e+03 1.001100e+05 -8.639217e+04 2.532348e+03
3.939394e-03 8.204250e+04 -2.614955e+02 3.262465e+03 -1.025706e+05 3.158782e+03 1.317445e+05 -1.104630e+05 3.349912e+03 3.382600e+03 1.025523e+05 -6.314733e+04 -1.744456e+02 1.104774e+05 3.470012e+03 2.144989e+03 -1.014504e+05 4.022966e+03 1.168862e+05 -7.197901e+04 -4.437860e+02 -1.258981e+05 -4.121650e+03 -2.326134e+03 1.156101e+05 -7.197657e+04 -1.546933e+01 -2.733460e+03 8.999269e+04 2.890175e+03 1.156090e+05 -9.693320e+04 2.810777e+03
4.141414e-03 9.549498e+04 -1.542988e+02 3.622414e+03 -1.165217e+05 3.448849e+03 1.532835e+05 -1.252806e+05 3.728498e+03 3.762797e+03 1.164990e+05 -7.350087e+04 -1.006982e+02 1.252992e+05 3.868883e+03 2.341321e+03 -1.180372e+05 4.471429e+03 1.327840e+05 -8.378093e+04 -3.731396e+02 -1.427882e+05 -4.591306e+03 -2.541043e+03 1.345116e+05 -8.377813e+04 -1.229217e+02 -3.037630e+03 1.022316e+05 3.153547e+03 1.345103e+05 -1.099363e+05 3.131354e+03
4.343434e-03 1.122018e+05 -1.232306e+01 4.040695e+03 -1.340048e+05 3.808493e+03 1.800227e+05 -1.438487e+05 4.170633e+03 4.206438e+03 1.339764e+05 -8.635895e+04 -3.063552e+00 1.438726e+05 4.336431e+03 2.584698e+03 -1.386288e+05 4.993755e+03 1.527065e+05 -9.843780e+04 -2.770401e+02 -1.639534e+05 -5.140772e+03 -2.808396e+03 1.579766e+05 -9.843458e+04 -2.626597e+02 -3.391787e+03 1.175689e+05 3.479142e+03 1.579752e+05 -1.262307e+05 3.506505e+03
4.545455e-03 1.333929e+05 1.795102e+02 4.536073e+03 -1.563401e+05 4.263718e+03 2.139263e+05 -1.675720e+05 4.697135e+03 4.734324e+03 1.563043e+05 -1.026682e+05 1.288045e+02 1.676030e+05 4.895516e+03 2.892697e+03 -1.647379e+05 5.613949e+03 1.781583e+05 -1.170287e+05 -1.440116e+02 -1.909950e+05 -5.796395e+03 -3.148015e+03 1.877290e+05 -1.170249e+05 -4.482288e+02 -3.812165e+03 1.371630e+05 3.889988e+03 1.877273e+05 -1.470491e+05 3.954269e+03
4.747475e-03 1.609748e+05 4.454145e+02 5.136958e+03 -1.855742e+05 4.855400e+03 2.580387e+05 -1.986303e+05 5.339610e+03 5.378085e+03 1.855286e+05 -1.238957e+05 3.115156e+02 1.986706e+05 5.580978e+03 3.292947e+03 -1.987089e+05 6.368444e+03 2.114713e+05 -1.412260e+05 4.447531e+01 -2.263977e+05 -6.598254e+03 -3.591118e+03 2.264401e+05 -1.412216e+05 -7.012745e+02 -4.323397e+03 1.628090e+05 4.422222e+03 2.264381e+05 -1.743044e+05 4.502092e+03
4.949495e-03 1.980705e+05 8.266192e+02 5.889095e+03 -2.250580e+05 5.651828e+03 3.173468e+05 -2.405990e+05 6.149059e+03 6.188884e+03 2.249990e+05 -1.524450e+05 5.733423e+02 2.406521e+05 6.449257e+03 3.831609e+03 -2.443823e+05 7.316045e+03 2.564640e+05 -1.737697e+05 3.201275e+02 -2.742369e+05 -7.611150e+03 -4.189967e+03 2.784864e+05 -1.737643e+05 -1.058487e+03 -4.965240e+03 1.974466e+05 5.136113e+03 2.784841e+05 -2.111342e+05 5.194356e+03
5.151515e-03 2.501970e+05 1.399150e+03 6.872604e+03 -2.807059e+05 6.776930e+03 4.006594e+05 -2.998016e+05 7.214901e+03 7.256734e+03 2.806277e+05 -1.925619e+05 9.663999e+02 2.998731e+05 7.599698e+03 4.592465e+03 -3.085419e+05 8.559995e+03 3.198761e+05 -2.194995e+05 7.416661e+02 -3.417209e+05 -8.948927e+03 -5.039584e+03 3.515983e+05 -2.194928e+05 -1.587245e+03 -5.807493e+03 2.462642e+05 6.140861e+03 3.515955e+05 -2.630877e+05 6.109038e+03
5.353535e-03 3.282280e+05 2.320371e+03 8.246002e+03 -3.641600e+05 8.484121e+03 5.253391e+05 -3.887217e+05 8.713952e+03 8.760469e+03 3.640526e+05 -2.526147e+05 1.598517e+03 3.888211e+05 9.229512e+03 5.746872e+03 -4.045590e+05 1.030500e+04 4.149737e+05 -2.879548e+05 1.431085e+03 -4.430796e+05 -1.083717e+04 -6.334634e+03 4.610125e+05 -2.879460e+05 -2.426521e+03 -6.988559e+03 3.194748e+05 7.659458e+03 4.610089e+05 -3.411202e+05 7.400647e+03
5.555556e-03 4.577677e+05 3.982585e+03 1.039037e+04 -5.027820e+05 1.140059e+04 7.322715e+05 -5.368150e+05 1.107016e+04 1.113159e+04 5.026255e+05 -3.523082e+05 2.738369e+03 5.369613e+05 1.181324e+04 7.719046e+03 -5.639203e+05 1.304411e+04 5.729359e+05 -4.015975e+05 2.693384e+03 -6.118892e+05 -1.381780e+04 -8.557692e+03 6.426089e+05 -4.015853e+05 -3.921731e+03 -8.841848e+03 4.410814e+05 1.024313e+04 6.426040e+05 -4.710806e+05 9.440318e+03
5.757576e-03 7.246541e+05 7.793868e+03 1.464116e+04 -7.880554e+05 1.777563e+04 1.158545e+06 -8.431151e+05 1.576107e+04 1.588631e+04 7.877971e+05 -5.577031e+05 5.349748e+03 8.433586e+05 1.700987e+04 1.203094e+04 -8.922002e+05 1.850735e+04 8.980096e+05 -6.357318e+05 5.625398e+03 -9.610365e+05 -1.978295e+04 -1.344188e+04 1.016692e+06 -6.357119e+05 -7.309922e+03 -1.253760e+04 6.913380e+05 1.586693e+04 1.016684e+06 -7.398771e+05 1.352339e+04
5.959596e-03 2.613072e+06 4.063863e+04 4.636070e+04 -2.794188e+06 7.102938e+04 4.175281e+06 -3.028729e+06 5.054485e+04 5.185836e+04 2.793216e+06 -2.011034e+06 2.781928e+04 3.029645e+06 5.606079e+04 4.807997e+04 -3.215427e+06 5.956538e+04 3.184032e+06 -2.292416e+06 3.118377e+04 -3.452370e+06 -6.433555e+04 -5.448465e+04 3.664073e+06 -2.292332e+06 -3.617821e+04 -4.032311e+04 2.451223e+06 6.263622e+04 3.664041e+06 -2.657878e+06 4.400732e+04
6.161616e-03 -2.394739e+06 -4.870359e+04 -3.618157e+04 2.524723e+06 -7.146215e+04 -3.824143e+06 2.770194e+06 -4.016382e+04 -4.213974e+04 -2.523793e+06 1.842981e+06 -3.329181e+04 -2.771073e+06 -4.614460e+04 -4.837643e+04 2.945044e+06 -4.751934e+04 -2.876955e+06 2.100869e+06 -3.854796e+04 3.157698e+06 5.206376e+04 5.547547e+04 -3.355944e+06 2.100777e+06 4.212768e+04 3.213799e+04 -2.214799e+06 -6.236277e+04 -3.355917e+06 2.431014e+06 -3.564592e+04
6.363636e-03 -6.595150e+07 -8.994466e+05 -7.927232e+05 7.090622e+07 -1.352213e+06 -1.052544e+08 7.534836e+07 -9.040257e+05 -9.044890e+05 -7.088360e+07 5.075752e+07 -6.166275e+05 -7.536966e+07 -1.016179e+06 -9.135354e+05 8.105448e+07 -1.030401e+06 -8.079840e+07 5.785719e+07 -7.035671e+05 8.588972e+07 1.157411e+06 1.041455e+06 -9.236803e+07 5.785857e+07 7.883862e+05 6.959115e+05 -6.220529e+07 -1.186180e+06 -9.236245e+07 6.611944e+07 -7.937636e+05
6.565657e-03 3.045059e+06 1.925412e+04 2.730435e+04 -3.335361e+06 3.229796e+04 4.856247e+06 -3.432818e+06 3.289263e+04 2.985713e+04 3.334117e+06 -2.343367e+06 1.335371e+04 3.434046e+06 3.545795e+04 2.167689e+04 -3.739941e+06 3.475471e+04 3.800670e+06 -2.671287e+06 1.440790e+04 -3.913137e+06 -4.112772e+04 -2.421022e+04 4.261707e+06 -2.671256e+06 -1.770467e+04 -2.339889e+04 2.925928e+06 2.883475e+04 4.261691e+06 -3.012534e+06 2.830875e+04
6.767677e-03 1.642337e+06 -3.458410e+03 9.920206e+03 -1.832309e+06 -2.579801e+02 2.617418e+06 -1.824276e+06 1.307762e+04 9.723818e+03 1.831617e+06 -1.263857e+06 -2.196220e+03 1.824968e+06 1.288036e+04 -3.287219e+02 -2.015771e+06 1.197721e+04 2.087924e+06 -1.440720e+06 -3.505252e+03 -2.079561e+06 -1.557457e+04 9.871151e+02 2.296981e+06 -1.440724e+06 2.032568e+03 -8.015514e+03 1.607381e+06 3.864125e+02 2.296979e+06 -1.600938e+06 1.078549e+04
6.969697e-03 1.011011e+06 -1.658433e+04 3.354554e+03 -1.158930e+06 -1.689678e+04 1.610145e+06 -1.097438e+06 5.389965e+03 1.670792e+03 1.158493e+06 -7.780059e+05 -1.116764e+04 1.097881e+06 3.696447e+03 -1.157887e+04 -1.240044e+06 3.096772e+03 1.320602e+06 -8.868785e+05 -1.405827e+04 -1.251034e+06 -5.411088e+03 1.401762e+04 1.413028e+06 -8.869009e+05 1.322113e+04 -2.025360e+03 1.016667e+06 -1.400438e+04 1.413031e+06 -9.630884e+05 3.806700e+03
7.171717e-03 -2.226586e+05 -3.740639e+04 9.431868e+02 1.719229e+05 -3.754955e+04 -3.544192e+05 3.041617e+05 5.081644e+02 -2.820553e+03 -1.718110e+05 1.713439e+05 -2.543418e+04 -3.042651e+05 -3.279609e+03 -2.548477e+04 2.729667e+05 -1.149881e+03 -1.958982e+05 1.953476e+05 -3.128004e+04 3.467018e+05 1.658950e+03 3.047759e+04 -3.110383e+05 1.952981e+05 3.052866e+04 7.619696e+02 -1.507830e+05 -3.151436e+04 -3.110371e+05 2.669314e+05 -1.154554e+03
7.373737e-03 4.143464e+06 -1.033159e+04 -1.218139e+04 -4.624922e+06 -2.560879e+04 6.589805e+06 -4.561111e+06 -3.249644e+03 -1.399493e+04 4.622988e+06 -3.188442e+06 -6.566509e+03 4.563046e+06 -5.075583e+03 -1.784584e+04 -5.075220e+06 -1.560513e+04 5.270032e+06 -3.634709e+06 -7.863368e+03 -5.199528e+06 5.432460e+03 2.057476e+04 5.783141e+06 -3.634733e+06 8.685493e+03 1.095397e+04 4.057084e+06 -2.223416e+04 5.783139e+06 -4.002779e+06 -3.122278e+03
7.575758e-03 3.643034e+06 1.383165e+04 -2.330059e+04 -4.032288e+06 -6.021840e+03 5.789715e+06 -4.043220e+06 -1.516244e+04 -2.291808e+04 4.030535e+06 -2.803312e+06 9.810874e+03 4.044973e+06 -1.477681e+04 -4.506443e+03 -4.459068e+06 -2.776218e+04 4.594708e+06 -3.195711e+06 1.298450e+04 -4.609168e+06 1.848545e+04 3.970516e+03 5.081020e+06 -3.195710e+06 -1.033369e+04 1.918051e+04 3.537173e+06 -6.449666e+03 5.081014e+06 -3.548302e+06 -1.203757e+04
7.777778e-03 7.292829e+06 8.555421e+04 -7.138529e+04 -7.977223e+06 3.420320e+04 1.158166e+07 -8.167487e+06 -5.454490e+04 -6.536401e+04 7.973604e+06 -5.611742e+06 5.897596e+04 8.171112e+06 -4.847483e+04 2.235175e+04 -8.919962e+06 -8.234010e+04 9.089814e+06 -6.397325e+06 7.576580e+04 -9.310774e+06 6.312153e+04 -3.105030e+04 1.016407e+07 -6.397280e+06 -6.651827e+04 5.659732e+04 6.997638e+06 2.443317e+04 1.016404e+07 -7.167767e+06 -4.179509e+04
7.979798e-03 -8.562481e+06 -1.708250e+05 1.121110e+05 9.248018e+06 -9.812555e+04 -1.358798e+07 9.668760e+06 9.178731e+04 9.853194e+04 -9.243719e+06 6.588683e+06 -1.170687e+05 -9.673087e+06 7.809306e+04 -6.555470e+04 1.046525e+07 1.269889e+05 -1.053785e+07 7.511099e+06 -1.493326e+05 1.102217e+07 -1.037676e+05 8.519321e+04 -1.192481e+07 7.510946e+06 1.339796e+05 -8.706053e+04 -8.112288e+06 -7.561474e+04 -1.192485e+07 8.485328e+06 6.916708e+04
8.181818e-03 -1.887078e+06 -5.444392e+04 3.075733e+04 2.009064e+06 -3.593974e+04 -2.992387e+06 2.147464e+06 2.614697e+04 2.617997e+04 -2.008090e+06 1.452056e+06 -3.721252e+04 -2.148452e+06 2.152835e+04 -2.415256e+04 2.304721e+06 3.435027e+04 -2.289251e+06 1.655358e+06 -4.726605e+04 2.448076e+06 -2.907507e+04 3.075667e+04 -2.626140e+06 1.655316e+06 4.291637e+04 -2.351359e+04 -1.762314e+06 -2.830368e+04 -2.626141e+06 1.884631e+06 1.944671e+04
8.383838e-03 -5.754299e+05 -2.548427e+04 1.101594e+04 5.950410e+05 -1.933082e+04 -9.118034e+05 6.622424e+05 9.583729e+03 8.738017e+03 -5.947396e+05 4.427774e+05 -1.737923e+04 -6.625534e+05 7.284181e+03 -1.304368e+04 7.022740e+05 1.192192e+04 -6.780220e+05 5.047741e+05 -2.190225e+04 7.549474e+05 -1.027867e+04 1.627164e+04 -8.002086e+05 5.047541e+05 2.026574e+04 -8.154533e+03 -5.219504e+05 -1.555529e+04 -8.002104e+05 5.811933e+05 6.886781e+03
8.585859e-03 1.223683e+06 3.073329e+04 -2.877954e+04 -1.326014e+06 1.455032e+04 1.937281e+06 -1.391369e+06 -2.555454e+04 -2.649222e+04 1.325347e+06 -9.415532e+05 2.103804e+04 1.392047e+06 -2.324383e+04 9.699378e+03 -1.492120e+06 -3.338522e+04 1.510925e+06 -1.073398e+06 2.739542e+04 -1.586166e+06 2.969974e+04 -1.338317e+04 1.700193e+06 -1.073380e+06 -2.354858e+04 2.279513e+04 1.163148e+06 1.043731e+04 1.700194e+06 -1.221090e+06 -1.995124e+04
8.787879e-03 6.206805e+05 1.497929e+04 -1.692844e+04 -6.777366e+05 5.749423e+03 9.818153e+05 -7.067552e+05 -1.523190e+04 -1.588437e+04 6.773900e+05 -4.775681e+05 1.026034e+04 7.071076e+05 -1.417648e+04 3.808057e+03 -7.562163e+05 -1.982701e+04 7.722429e+05 -5.444463e+05 1.353773e+04 -8.057089e+05 1.788931e+04 -5.610576e+03 8.616638e+05 -5.444391e+05 -1.129964e+04 1.352691e+04 5.944926e+05 3.773742e+03 8.616648e+05 -6.202645e+05 -1.203078e+04
8.989899e-03 4.189348e+05 1.014390e+04 -1.301364e+04 -4.600514e+05 3.258340e+03 6.621264e+05 -4.782708e+05 -1.182786e+04 -1.234040e+04 4.598119e+05 -3.223334e+05 6.950107e+03 4.785145e+05 -1.114687e+04 2.144712e+03 -5.099908e+05 -1.532455e+04 5.242003e+05 -3.674761e+05 9.268110e+03 -5.452373e+05 1.397076e+04 -3.382363e+03 5.811009e+05 -3.674718e+05 -7.553794e+03 1.044863e+04 4.035434e+05 1.920598e+03 5.811019e+05 -4.197438e+05 -9.402602e+03
9.191919e-03 3.104906e+05 7.638451e+03 -1.084066e+04 -3.427740e+05 2.062869e+03 4.903084e+05 -3.555863e+05 -9.931308e+03 -1.035473e+04 3.425925e+05 -2.388906e+05 5.234282e+03 3.557713e+05 -9.439469e+03 1.348209e+03 -3.776558e+05 -1.281408e+04 3.905681e+05 -2.723497e+05 7.047574e+03 -4.053771e+05 1.177629e+04 -2.297736e+03 4.303112e+05 -2.723469e+05 -5.620400e+03 8.732420e+03 3.006702e+05 1.048569e+03 4.303121e+05 -3.120743e+05 -7.929921e+03
9.393939e-03 2.422027e+05 6.085684e+03 -9.405108e+03 -2.687898e+05 1.376267e+03 3.821376e+05 -2.783663e+05 -8.671568e+03 -9.032505e+03 2.686451e+05 -1.863464e+05 4.170649e+03 2.785140e+05 -8.294188e+03 8.917159e+02 -2.943418e+05 -1.114915e+04 3.062665e+05 -2.124483e+05 5.666436e+03 -3.173460e+05 1.031234e+04 -1.664945e+03 3.353790e+05 -2.124464e+05 -4.426838e+03 7.594440e+03 2.357729e+05 5.586903e+02 3.353798e+05 -2.443049e+05 -6.946789e+03
9.595960e-03 1.954042e+05 5.026508e+03 -8.366345e+03 -2.180041e+05 9.424431e+02 3.080265e+05 -2.254498e+05 -7.754683e+03 -8.069287e+03 2.178848e+05 -1.503375e+05 3.445016e+03 2.255716e+05 -7.453616e+03 6.039058e+02 -2.372607e+05 -9.940399e+03 2.483987e+05 -1.713973e+05 4.721087e+03 -2.570208e+05 9.242922e+03 -1.258192e+03 2.703379e+05 -1.713960e+05 -3.615808e+03 6.768416e+03 1.912249e+05 2.568057e+02 2.703387e+05 -1.978645e+05 -6.228094e+03
9.797980e-03 1.615409e+05 4.258501e+03 -7.570884e+03 -1.811967e+05 6.513662e+02 2.544156e+05 -1.871507e+05 -7.048517e+03 -7.327402e+03 1.810960e+05 -1.242817e+05 2.918810e+03 1.872536e+05 -6.801581e+03 4.112346e+02 -1.959688e+05 -9.012108e+03 2.064586e+05 -1.416930e+05 4.033363e+03 -2.133595e+05 8.416723e+03 -9.801104e+02 2.232880e+05 -1.416920e+05 -3.029924e+03 6.134163e+03 1.589384e+05 5.992239e+01 2.232888e+05 -1.642526e+05 -5.672463e+03
1.000000e-02 1.360724e+05 3.677208e+03 -6.937572e+03 -1.534691e+05 4.478050e+02 2.141076e+05 -1.583328e+05 -6.483238e+03 -6.733779e+03 1.533825e+05 -1.046855e+05 2.520509e+03 1.584213e+05 -6.276413e+03 2.768190e+02 -1.649229e+05 -8.271194e+03 1.748645e+05 -1.193526e+05 3.511208e+03 -1.805067e+05 7.753605e+03 -7.816169e+02 1.879130e+05 -1.193519e+05 -2.588077e+03 5.628019e+03 1.346165e+05 -7.336987e+01 1.879137e+05 -1.389614e+05 -5.226212e+03
