-1.000000e-02 -7.425257e+04 4.030774e+03 5.907867e+03 -1.045339e+05 -9.332548e+02 -1.793322e+05 -1.110210e+05 5.258472e+03 5.762185e+03 1.044160e+05 5.706623e+04 2.770993e+03 1.111401e+05 5.108369e+03 -6.705206e+02 1.381722e+05 7.056109e+03 1.190936e+05 6.509703e+04 3.762274e+03 -1.266210e+05 -6.317046e+03 4.222926e+02 -1.574136e+05 6.509386e+04 -2.932796e+03 -4.807639e+03 9.165167e+04 -1.161005e+03 -1.574123e+05 -9.744827e+04 4.232623e+03
-9.797980e-03 -8.524655e+04 4.493411e+03 6.318600e+03 -1.192309e+05 -9.302949e+02 -2.062891e+05 -1.268960e+05 5.594581e+03 6.150539e+03 1.190981e+05 6.551871e+04 3.088985e+03 1.270301e+05 5.421641e+03 -6.724465e+02 1.589386e+05 7.538202e+03 1.358385e+05 7.473715e+04 4.174835e+03 -1.447252e+05 -6.713774e+03 4.018651e+02 -1.810737e+05 7.473337e+04 -3.288600e+03 -5.137644e+03 1.045382e+05 -1.181051e+03 -1.810722e+05 -1.113817e+05 4.496960e+03
-9.595960e-03 -9.898484e+04 5.061483e+03 6.806047e+03 -1.375500e+05 -9.106775e+02 -2.399980e+05 -1.467233e+05 5.989936e+03 6.609755e+03 1.373989e+05 7.608128e+04 3.479464e+03 1.468758e+05 5.788199e+03 -6.639633e+02 1.849063e+05 8.109277e+03 1.567102e+05 8.678374e+04 4.680715e+03 -1.673366e+05 -7.179522e+03 3.647120e+02 -2.106601e+05 8.677920e+04 -3.726213e+03 -5.528637e+03 1.206007e+05 -1.191347e+03 -2.106582e+05 -1.287838e+05 4.806898e+03
-9.393939e-03 -1.165216e+05 5.774954e+03 7.396431e+03 -1.608760e+05 -8.645483e+02 -2.830556e+05 -1.720256e+05 6.464199e+03 7.163675e+03 1.607017e+05 8.956453e+04 3.969899e+03 1.722014e+05 6.225280e+03 -6.387148e+02 2.180755e+05 8.799508e+03 1.832865e+05 1.021613e+05 5.315135e+03 -1.961915e+05 -7.736965e+03 3.018017e+02 -2.484516e+05 1.021557e+05 -4.276787e+03 -6.001315e+03 1.410534e+05 -1.185035e+03 -2.484493e+05 -1.509913e+05 5.177354e+03
-9.191919e-03 -1.395127e+05 6.697194e+03 8.130514e+03 -1.913805e+05 -7.751079e+02 -3.395406e+05 -2.051977e+05 7.047851e+03 7.849233e+03 1.911762e+05 1.072416e+05 4.603845e+03 2.054037e+05 6.759470e+03 -5.858180e+02 2.615881e+05 9.655722e+03 2.180419e+05 1.223217e+05 6.133900e+03 -2.340209e+05 -8.421180e+03 1.979085e+02 -2.980282e+05 1.223148e+05 -4.989761e+03 -6.587802e+03 1.678007e+05 -1.150198e+03 -2.980253e+05 -1.801059e+05 5.631394e+03
-8.989899e-03 -1.707231e+05 7.935627e+03 9.076100e+03 -2.326848e+05 -6.119030e+02 -4.162644e+05 -2.502450e+05 7.791543e+03 8.727649e+03 2.324400e+05 1.312387e+05 5.455118e+03 2.504915e+05 7.434721e+03 -4.854693e+02 3.206911e+05 1.075568e+04 2.651020e+05 1.496897e+05 7.231530e+03 -2.853925e+05 -9.290322e+03 2.569328e+01 -3.653682e+05 1.496809e+05 -5.949003e+03 -7.341445e+03 2.040176e+05 -1.064889e+03 -3.653644e+05 -2.196431e+05 6.207252e+03
-8.787879e-03 -2.151814e+05 9.689952e+03 1.035703e+04 -2.913606e+05 -3.147177e+02 -5.256139e+05 -3.144651e+05 8.787910e+03 9.910360e+03 2.910589e+05 1.654224e+05 6.660904e+03 3.147686e+05 8.331043e+03 -2.983725e+02 4.049263e+05 1.224118e+04 3.319546e+05 1.886750e+05 8.783607e+03 -3.586278e+05 -1.045052e+04 -2.684778e+02 -4.613431e+05 1.886634e+05 -7.310508e+03 -8.359520e+03 2.554668e+05 -8.851247e+02 -4.613381e+05 -2.760076e+05 6.974701e+03
-8.585859e-03 -2.832844e+05 1.238610e+04 1.223339e+04 -3.809621e+05 2.522968e+02 -6.931959e+05 -4.129802e+05 1.023237e+04 1.163064e+04 3.805740e+05 2.177869e+05 8.513720e+03 4.133703e+05 9.616568e+03 6.441246e+01 5.340191e+05 1.440959e+04 4.340428e+05 2.483947e+05 1.116439e+04 -4.709720e+05 -1.212521e+04 -8.048418e+02 -6.084279e+05 2.483787e+05 -9.407140e+03 -9.846001e+03 3.340330e+05 -5.105924e+02 -6.084209e+05 -3.624720e+05 8.080708e+03
-8.383838e-03 -4.018153e+05 1.716939e+04 1.539606e+04 -5.362933e+05 1.473171e+03 -9.849572e+05 -5.848582e+05 1.264837e+04 1.450635e+04 5.357556e+05 3.089264e+05 1.179980e+04 5.853979e+05 1.174042e+04 8.550675e+02 7.587696e+05 1.804981e+04 6.110208e+05 3.523356e+05 1.537967e+04 -6.669759e+05 -1.491184e+04 -1.921681e+03 -8.645029e+05 3.523113e+05 -1.313413e+04 -1.234188e+04 4.702338e+05 3.447651e+02 -8.644922e+05 -5.133247e+05 9.918637e+03
-8.181818e-03 -6.839557e+05 2.917284e+04 2.291801e+04 -9.038052e+05 5.146073e+03 -1.679437e+06 -9.957965e+05 1.839504e+04 2.127932e+04 9.029121e+05 5.258674e+05 2.004110e+04 9.966917e+05 1.672460e+04 3.257782e+03 1.293744e+06 2.666764e+04 1.029748e+06 5.997486e+05 2.593545e+04 -1.135594e+06 -2.149981e+04 -5.197989e+03 -1.474040e+06 5.997026e+05 -2.250342e+04 -1.825037e+04 7.924824e+05 3.029198e+03 -1.474019e+06 -8.739944e+05 1.426202e+04
-7.979798e-03 -4.244254e+06 1.942150e+05 1.217801e+05 -5.503671e+06 6.331437e+04 -1.043934e+07 -6.214944e+06 9.469318e+04 1.094758e+05 5.498253e+06 3.263395e+06 1.332650e+05 6.220366e+06 8.216404e+04 4.158947e+04 8.041747e+06 1.394551e+05 6.270607e+06 3.721823e+06 1.708171e+05 -7.087316e+06 -1.084793e+05 -5.627445e+04 -9.162543e+06 3.721478e+06 -1.514799e+05 -9.555361e+04 4.825782e+06 4.667331e+04 -9.162358e+06 -5.454707e+06 7.165987e+04
-7.777778e-03 3.336358e+05 -2.392026e+04 -7.778331e+03 3.962853e+05 -1.571400e+04 8.220925e+05 5.094285e+05 -5.761583e+03 -5.882109e+03 -3.958733e+05 -2.565523e+05 -1.634743e+04 -5.098392e+05 -3.833051e+03 -1.056579e+04 -6.332664e+05 -8.227608e+03 -4.515071e+05 -2.925943e+05 -2.060710e+04 5.809036e+05 5.912381e+03 1.294151e+04 7.215398e+05 -2.925372e+05 1.901271e+04 5.652252e+03 -3.474552e+05 -1.288780e+04 7.215170e+05 4.471074e+05 -3.866535e+03
-7.575758e-03 -1.154656e+06 2.789380e+04 2.344392e+04 -1.561017e+06 -2.234659e+02 -2.848972e+06 -1.639945e+06 1.645647e+04 2.214101e+04 1.559619e+06 8.878659e+05 1.929063e+04 1.641340e+06 1.513185e+04 -4.989469e+02 2.194577e+06 2.745516e+04 1.778587e+06 1.012531e+06 2.491032e+04 -1.870122e+06 -1.948155e+04 -7.530495e+02 -2.500469e+06 1.012493e+06 -2.155091e+04 -1.886152e+04 1.368835e+06 -1.518704e+03 -2.500447e+06 -1.439322e+06 1.271742e+04
-7.373737e-03 1.656180e+06 -5.892168e+04 -2.601418e+04 2.149956e+06 -2.707312e+04 4.093081e+06 2.406150e+06 -1.641253e+04 -2.194610e+04 -2.148014e+06 -1.273583e+06 -4.049318e+04 -2.408079e+06 -1.228228e+04 -1.791348e+04 -3.152850e+06 -2.883673e+04 -2.449624e+06 -1.452401e+06 -5.122836e+04 2.743762e+06 1.786106e+04 2.264198e+04 3.592359e+06 -1.452272e+06 4.662220e+04 1.988224e+04 -1.885242e+06 -2.152762e+04 3.592310e+06 2.111770e+06 -1.142610e+04
-7.171717e-03 -3.390842e+05 -9.855072e+03 3.956154e+03 -5.164517e+05 -1.613995e+04 -8.391100e+05 -4.356403e+05 1.989372e+03 5.186534e+03 5.160659e+05 2.607478e+05 -6.601133e+03 4.360314e+05 3.237164e+03 -1.105603e+04 6.463522e+05 5.495881e+03 5.884518e+05 2.973280e+05 -8.080393e+03 -4.968103e+05 -3.263924e+03 1.283303e+04 -7.364440e+05 2.973679e+05 8.089894e+03 -3.791040e+03 4.529232e+05 -1.392926e+04 -7.364592e+05 -3.823454e+05 2.073001e+03
-6.969697e-03 -8.574048e+06 8.912252e+04 6.259248e+04 -1.173438e+07 -1.110074e+04 -2.125240e+07 -1.197003e+07 1.557492e+04 5.895651e+04 1.172487e+07 6.593718e+06 6.277807e+04 1.197951e+07 1.188907e+04 -9.775423e+03 1.637005e+07 7.262636e+04 1.337020e+07 7.519013e+06 7.893223e+04 -1.364960e+07 -1.901282e+04 8.037159e+03 -1.865221e+07 7.518921e+06 -7.081641e+04 -5.073960e+04 1.029036e+07 -1.284597e+04 -1.865209e+07 -1.050545e+07 9.458802e+03
-6.767677e-03 7.368849e+06 -7.645488e+04 -2.362377e+04 1.001695e+07 -2.492256e+04 1.829196e+07 1.033746e+07 1.530634e+04 -1.890316e+04 -1.000909e+07 -5.667137e+06 -5.376751e+04 -1.034529e+07 2.008620e+04 -1.510701e+04 -1.408941e+07 -2.495427e+04 -1.141349e+07 -6.462302e+06 -6.598267e+04 1.178764e+07 -1.944679e+04 1.913163e+04 1.605377e+07 -6.462135e+06 6.238012e+04 1.810319e+04 -8.784384e+06 -1.995309e+04 1.605373e+07 9.072557e+06 1.608301e+04
-6.565657e-03 2.688088e+05 -3.118804e+04 -3.559247e+02 2.590574e+05 -3.152960e+04 6.683371e+05 4.675873e+05 9.722673e+02 2.551089e+03 -2.587625e+05 -2.067456e+05 -2.125427e+04 -4.678569e+05 3.913009e+03 -2.135904e+04 -5.147874e+05 1.356901e+03 -2.951583e+05 -2.357934e+05 -2.639494e+04 5.330964e+05 -2.889064e+03 2.519948e+04 5.865773e+05 -2.356927e+05 2.519375e+04 -8.814501e+02 -2.271126e+05 -2.680833e+04 5.865404e+05 4.103641e+05 2.062240e+03
-6.363636e-03 2.640937e+06 -3.937599e+04 1.188944e+04 3.501216e+06 -4.708548e+04 6.574158e+06 3.793972e+06 2.487204e+04 1.586792e+04 -3.498560e+06 -2.031208e+06 -2.734825e+04 -3.796587e+06 2.889323e+04 -3.140283e+04 -5.063617e+06 1.706338e+04 -3.989387e+06 -2.316164e+06 -3.263735e+04 4.325982e+06 -3.188080e+04 3.634574e+04 5.769690e+06 -2.316024e+06 3.308029e+04 -1.121922e+04 -3.070450e+06 -4.075880e+04 5.769637e+06 3.329682e+06 2.263036e+04
-6.161616e-03 -1.386387e+07 1.220846e+05 -1.144590e+05 -1.861576e+07 2.293144e+05 -3.455799e+07 -1.983222e+07 -1.801616e+05 -1.304667e+05 1.860251e+07 1.066348e+07 8.590624e+04 1.984524e+07 -1.963255e+05 1.528916e+05 2.661695e+07 -1.495618e+05 2.121154e+07 1.215906e+07 9.681467e+04 -2.261286e+07 2.245095e+05 -1.737840e+05 -3.032894e+07 1.215860e+07 -1.082073e+05 9.976765e+04 1.632602e+07 2.016786e+05 -3.032840e+07 -1.740493e+07 -1.574917e+05
-5.959596e-03 -1.311199e+06 3.328755e+03 -1.547198e+04 -1.788242e+06 1.980094e+04 -3.272553e+06 -1.869475e+06 -2.150323e+04 -1.650794e+04 1.787027e+06 1.008541e+06 2.526898e+03 1.870674e+06 -2.254882e+04 1.319260e+04 2.520540e+06 -1.947547e+04 2.037614e+06 1.149974e+06 1.932231e+03 -2.131558e+06 2.635170e+04 -1.468498e+04 -2.872049e+06 1.149939e+06 -3.867688e+03 1.306733e+04 1.568324e+06 1.772522e+04 -2.872027e+06 -1.640668e+06 -1.836444e+04
-5.757576e-03 -5.540815e+05 -2.908420e+03 -8.376617e+03 -7.732734e+05 6.692561e+03 -1.384607e+06 -7.859350e+05 -1.084931e+04 -8.535763e+03 7.727818e+05 4.261964e+05 -1.870759e+03 7.864233e+05 -1.101007e+04 4.442913e+03 1.066418e+06 -1.028426e+04 8.811161e+05 4.859530e+05 -2.949944e+03 -8.961038e+05 1.310170e+04 -4.772533e+03 -1.215144e+06 4.859482e+05 1.734467e+03 6.922307e+03 6.781989e+05 6.163672e+03 -1.215140e+06 -6.897393e+05 -9.093079e+03
-5.555556e-03 -3.697605e+05 -3.393989e+03 -6.787905e+03 -5.222681e+05 4.956882e+03 -9.251179e+05 -5.270036e+05 -8.384814e+03 -6.846573e+03 5.219542e+05 2.844259e+05 -2.239982e+03 5.273157e+05 -8.444227e+03 3.302506e+03 7.125122e+05 -8.282630e+03 5.951101e+05 3.242995e+05 -3.272968e+03 -6.008641e+05 1.010165e+04 -3.515821e+03 -8.118868e+05 3.242982e+05 2.258214e+03 5.587090e+03 4.580670e+05 4.597649e+03 -8.118843e+05 -4.624966e+05 -6.989045e+03
-5.353535e-03 -7.458554e+05 5.909646e+03 -1.670115e+04 -9.835227e+05 2.892719e+04 -1.868494e+06 -1.118512e+06 -1.975303e+04 -1.822495e+04 9.829057e+05 5.737567e+05 4.145021e+03 1.119098e+06 -2.128683e+04 1.953571e+04 1.439066e+06 -2.119733e+04 1.120694e+06 6.541993e+05 4.083202e+03 -1.275202e+06 2.467596e+04 -2.204664e+04 -1.639797e+06 6.541433e+05 -5.825492e+03 1.432673e+04 8.625998e+05 2.560037e+04 -1.639767e+06 -9.815897e+05 -1.701162e+04
-5.151515e-03 -6.192886e+05 5.620472e+03 -1.599884e+04 -8.079096e+05 2.898484e+04 -1.553237e+06 -9.460975e+05 -1.843287e+04 -1.749630e+04 8.074171e+05 4.764111e+05 3.921203e+03 9.465578e+05 -1.993891e+04 1.960358e+04 1.196249e+06 -2.031857e+04 9.205933e+05 5.432009e+05 3.888533e+03 -1.078602e+06 2.309182e+04 -2.215067e+04 -1.363120e+06 5.431441e+05 -5.511402e+03 1.374765e+04 7.085870e+05 2.562421e+04 -1.363092e+06 -8.302753e+05 -1.589021e+04
-4.949495e-03 -3.666698e+05 1.594276e+03 -1.058642e+04 -4.858507e+05 1.775465e+04 -9.206483e+05 -5.649701e+05 -1.197925e+04 -1.140891e+04 4.855731e+05 2.820822e+05 1.139930e+03 5.652281e+05 -1.280590e+04 1.201437e+04 7.090430e+05 -1.333793e+04 5.536199e+05 3.216231e+05 7.667760e+02 -6.440818e+05 1.492379e+04 -1.352459e+04 -8.079557e+05 3.215915e+05 -1.930866e+03 9.031336e+03 4.261340e+05 1.574699e+04 -8.079398e+05 -4.958023e+05 -1.025744e+04
-4.747475e-03 -2.580691e+05 1.156048e+02 -8.213685e+03 -3.466517e+05 1.324862e+04 -6.486540e+05 -4.026165e+05 -9.160375e+03 -8.770837e+03 3.464661e+05 1.985402e+05 1.157640e+02 4.027875e+05 -9.719977e+03 8.970400e+03 4.995592e+05 -1.029642e+04 3.950080e+05 2.263674e+05 -3.597976e+02 -4.589831e+05 1.137357e+04 -1.007414e+04 -5.692517e+05 2.263456e+05 -5.928702e+02 6.976179e+03 3.040528e+05 1.177442e+04 -5.692407e+05 -3.533226e+05 -7.809701e+03
-4.545455e-03 -1.950512e+05 -6.316863e+02 -6.764077e+03 -2.657881e+05 1.071076e+04 -4.907575e+05 -3.090017e+05 -7.454961e+03 -7.175327e+03 2.656553e+05 1.500627e+05 -4.030903e+02 3.091227e+05 -7.867758e+03 7.256111e+03 3.779514e+05 -8.448383e+03 3.028667e+05 1.710930e+05 -9.166319e+02 -3.522532e+05 9.233921e+03 -8.136035e+03 -4.306811e+05 1.710768e+05 9.726706e+01 5.726987e+03 2.331328e+05 9.531905e+03 -4.306728e+05 -2.711674e+05 -6.335442e+03
-4.343434e-03 -1.536341e+05 -1.061036e+03 -5.748679e+03 -2.127176e+05 9.062430e+03 -3.869272e+05 -2.478262e+05 -6.274173e+03 -6.067454e+03 2.126189e+05 1.182015e+05 -7.019467e+02 2.479148e+05 -6.593952e+03 6.142589e+03 2.979845e+05 -7.160084e+03 2.423946e+05 1.347649e+05 -1.227709e+03 -2.825074e+05 7.757123e+03 -6.880267e+03 -3.395594e+05 1.347522e+05 5.034776e+02 4.855746e+03 1.865879e+05 8.072261e+03 -3.395529e+05 -2.174806e+05 -5.318694e+03
-4.141414e-03 -1.243935e+05 -1.325097e+03 -4.981056e+03 -1.753806e+05 7.901671e+03 -3.135774e+05 -2.048978e+05 -5.392023e+03 -5.236217e+03 1.753055e+05 9.570708e+04 -8.862691e+02 2.049640e+05 -5.647838e+03 5.358313e+03 2.414931e+05 -6.190192e+03 1.998500e+05 1.091171e+05 -1.412300e+03 -2.335653e+05 6.656740e+03 -5.997867e+03 -2.751878e+05 1.091067e+05 7.606222e+02 4.199517e+03 1.538416e+05 7.042309e+03 -2.751825e+05 -1.798073e+05 -4.561704e+03
-3.939394e-03 -1.027365e+05 -1.494037e+03 -4.371498e+03 -1.478792e+05 7.040145e+03 -2.592142e+05 -1.733265e+05 -4.699458e+03 -4.580446e+03 1.478213e+05 7.904629e+04 -1.004583e+03 1.733765e+05 -4.908826e+03 4.776092e+03 1.996248e+05 -5.422795e+03 1.685129e+05 9.012084e+04 -1.524999e+03 -1.975715e+05 5.794799e+03 -5.344226e+03 -2.274789e+05 9.011228e+04 9.309724e+02 3.680050e+03 1.297215e+05 6.276441e+03 -2.274745e+05 -1.521009e+05 -3.969204e+03
-3.737374e-03 -8.612322e+04 -1.604540e+03 -3.870376e+03 -1.269444e+05 6.376655e+03 -2.174817e+05 -1.493144e+05 -4.136153e+03 -4.044399e+03 1.268993e+05 6.626541e+04 -1.082284e+03 1.493522e+05 -4.310431e+03 4.327599e+03 1.674844e+05 -4.793906e+03 1.446582e+05 7.554851e+04 -1.594201e+03 -1.701959e+05 5.095110e+03 -4.841733e+03 -1.908548e+05 7.554130e+04 1.047265e+03 3.254149e+03 1.113606e+05 5.685603e+03 -1.908511e+05 -1.310284e+05 -3.488583e+03
-3.535354e-03 -7.302599e+04 -1.677502e+03 -3.447536e+03 -1.106071e+05 5.851572e+03 -1.845567e+05 -1.305832e+05 -3.665524e+03 -3.594345e+03 1.105718e+05 5.618929e+04 -1.133853e+03 1.306118e+05 -3.812475e+03 3.972579e+03 1.421273e+05 -4.264730e+03 1.260421e+05 6.406018e+04 -1.635976e+03 -1.488411e+05 4.511550e+03 -4.444707e+03 -1.619602e+05 6.405403e+04 1.128264e+03 2.895624e+03 9.703168e+04 5.217274e+03 -1.619570e+05 -1.145903e+05 -3.088000e+03
-3.333333e-03 -6.246851e+04 -1.725577e+03 -3.083361e+03 -9.760790e+04 5.427333e+03 -1.579955e+05 -1.156808e+05 -3.263867e+03 -3.208439e+03 9.758035e+04 4.806692e+04 -1.168065e+03 1.157021e+05 -3.389006e+03 3.685673e+03 1.216715e+05 -3.810093e+03 1.112297e+05 5.479951e+04 -1.659986e+03 -1.318515e+05 4.014280e+03 -4.124406e+03 -1.386505e+05 5.479422e+04 1.185414e+03 2.587477e+03 8.563050e+04 4.838337e+03 -1.386477e+05 -1.015124e+05 -2.746857e+03
-3.131313e-03 -5.379734e+04 -1.756788e+03 -2.764421e+03 -8.710438e+04 5.079049e+03 -1.361622e+05 -1.036381e+05 -2.915024e+03 -2.871787e+03 8.708296e+04 4.139562e+04 -1.190491e+03 1.036537e+05 -3.022394e+03 3.450080e+03 1.048570e+05 -3.412796e+03 9.926103e+04 4.719335e+04 -1.672304e+03 -1.181222e+05 3.582992e+03 -3.861805e+03 -1.194900e+05 4.718877e+04 1.226029e+03 2.318094e+03 7.641812e+04 4.526825e+03 -1.194876e+05 -9.094406e+04 -2.451144e+03
-2.929293e-03 -4.655874e+04 -1.776409e+03 -2.481133e+03 -7.851242e+04 4.789554e+03 -1.179207e+05 -9.378453e+04 -2.607533e+03 -2.573807e+03 7.849594e+04 3.582637e+04 -1.204796e+03 9.379547e+04 -2.700171e+03 3.254211e+03 9.080875e+04 -3.060597e+03 8.947056e+04 4.084375e+04 -1.676884e+03 -1.068886e+05 3.203300e+03 -3.643798e+03 -1.034817e+05 4.083976e+04 1.254957e+03 2.079207e+03 6.888229e+04 4.267580e+03 -1.034796e+05 -8.229683e+04 -2.190937e+03
-2.727273e-03 -4.042806e+04 -1.788006e+03 -2.226434e+03 -7.141530e+04 4.546631e+03 -1.024580e+05 -8.564230e+04 -2.332991e+03 -2.306729e+03 7.140284e+04 3.110943e+04 -1.213460e+03 8.564948e+04 -2.413224e+03 3.089816e+03 7.890063e+04 -2.744493e+03 8.138343e+04 3.546593e+04 -1.676372e+03 -9.760614e+04 2.864675e+03 -3.461066e+03 -8.991208e+04 3.546244e+04 1.275510e+03 1.864732e+03 6.265751e+04 4.049795e+03 -8.991025e+04 -7.515147e+04 -1.958977e+03
-2.525253e-03 -3.516697e+04 -1.794046e+03 -1.994967e+03 -6.550863e+04 4.341349e+03 -8.917703e+04 -7.886289e+04 -2.085070e+03 -2.064688e+03 6.549945e+04 2.706145e+04 -1.218201e+03 7.886699e+04 -2.154711e+03 2.950869e+03 6.867279e+04 -2.457671e+03 7.465278e+04 3.085085e+04 -1.672577e+03 -8.987738e+04 2.559194e+03 -3.306805e+03 -7.825709e+04 3.084780e+04 1.290001e+03 1.670067e+03 5.747681e+04 3.865569e+03 -7.825549e+04 -6.920210e+04 -1.749806e+03
-2.323232e-03 -3.059664e+04 -1.796271e+03 -1.782575e+03 -6.056568e+04 4.167044e+03 -7.762960e+04 -7.318693e+04 -1.858888e+03 -1.843144e+03 6.055922e+04 2.354486e+04 -1.220234e+03 7.318850e+04 -1.919367e+03 2.832867e+03 5.978008e+04 -2.194854e+03 6.902028e+04 2.684166e+04 -1.666757e+03 -8.340663e+04 2.280754e+03 -3.175941e+03 -6.812348e+04 2.683899e+04 1.300083e+03 1.491645e+03 5.314138e+04 3.708999e+03 -6.812207e+04 -6.422108e+04 -1.559219e+03
-2.121212e-03 -2.658019e+04 -1.795927e+03 -1.585962e+03 -5.641485e+04 4.018652e+03 -6.747269e+04 -6.841823e+04 -1.650599e+03 -1.638514e+03 5.641065e+04 2.045439e+04 -1.220429e+03 6.841772e+04 -1.703057e+03 2.732391e+03 5.195828e+04 -1.951867e+03 6.429040e+04 2.331830e+04 -1.659802e+03 -7.797021e+04 2.024553e+03 -3.064625e+03 -5.921018e+04 2.331597e+04 1.306953e+03 1.326642e+03 4.950069e+04 3.575595e+03 -5.920894e+04 -6.003626e+04 -1.383910e+03
-1.919192e-03 -2.301098e+04 -1.793922e+03 -1.402464e+03 -5.292454e+04 3.892273e+03 -5.843890e+04 -6.440642e+04 -1.457114e+03 -1.447913e+03 5.292220e+04 1.770798e+04 -1.219419e+03 6.440417e+04 -1.502468e+03 2.646807e+03 4.500146e+04 -1.725342e+03 6.031316e+04 2.018724e+04 -1.652347e+03 -7.339667e+04 1.786740e+03 -2.969890e+03 -5.128252e+04 2.018522e+04 1.311492e+03 1.172782e+03 4.643932e+04 3.461895e+03 -5.128144e+04 -5.651565e+04 -1.221229e+03
-1.717172e-03 -1.980452e+04 -1.790919e+03 -1.229891e+03 -4.999275e+04 3.784865e+03 -5.031628e+04 -6.103498e+04 -1.275913e+03 -1.268973e+03 4.999197e+04 1.524063e+04 -1.217669e+03 6.103129e+04 -1.314903e+03 2.574060e+03 3.874638e+04 -1.512515e+03 5.697237e+04 1.737436e+04 -1.644850e+03 -6.955318e+04 1.564173e+03 -2.889430e+03 -4.415449e+04 1.737261e+04 1.314355e+03 1.028196e+03 4.386782e+04 3.365199e+03 -4.415356e+04 -5.355702e+04 -1.069015e+03
-1.515152e-03 -1.689271e+04 -1.787409e+03 -1.066411e+03 -4.753988e+04 3.694043e+03 -4.293401e+04 -5.821299e+04 -1.104897e+03 -1.099722e+03 4.754037e+04 1.299997e+04 -1.215523e+03 5.820812e+04 -1.138123e+03 2.512540e+03 3.306148e+04 -1.311078e+03 5.417728e+04 1.481993e+04 -1.637644e+03 -6.633610e+04 1.354241e+03 -2.821434e+03 -3.767619e+04 1.481843e+04 1.316032e+03 8.913206e+02 4.171638e+04 3.283387e+03 -3.767539e+04 -5.108057e+04 -9.254737e+02
-1.313131e-03 -1.421982e+04 -1.783759e+03 -9.104651e+02 -4.550349e+04 3.617926e+03 -3.615217e+04 -5.586920e+04 -9.422948e+02 -9.384892e+02 4.550504e+04 1.094312e+04 -1.213237e+03 5.586336e+04 -9.702416e+02 2.460974e+03 2.783901e+04 -1.119071e+03 5.185680e+04 1.247507e+04 -1.630971e+03 -6.366417e+04 1.154742e+03 -2.764475e+03 -3.172482e+04 1.247381e+04 1.316894e+03 7.608315e+02 3.993023e+04 3.214785e+03 -3.172415e+04 -4.902376e+04 -7.890907e+02
-1.111111e-03 -1.173941e+04 -1.780239e+03 -7.607078e+02 -4.383466e+04 3.555029e+03 -2.985417e+04 -5.394773e+04 -7.865839e+02 -7.838324e+02 4.383707e+04 9.034337e+03 -1.211003e+03 5.394110e+04 -8.096408e+02 2.418361e+03 2.298915e+04 -9.348048e+02 4.995514e+04 1.029904e+04 -1.625008e+03 -6.147369e+04 9.637836e+02 -2.717430e+03 -2.619806e+04 1.029799e+04 1.317220e+03 6.355839e+02 3.846647e+04 3.158074e+03 -2.619750e+04 -4.733757e+04 -6.585668e+02
-9.090909e-04 -9.412078e+03 -1.777053e+03 -6.159548e+02 -4.249521e+04 3.504189e+03 -2.394105e+04 -5.240500e+04 -6.364327e+02 -6.344878e+02 4.249830e+04 7.243332e+03 -1.208963e+03 5.239774e+04 -6.549088e+02 2.383914e+03 1.843572e+04 -7.567934e+02 4.842881e+04 8.257293e+03 -1.619882e+03 -5.971498e+04 7.797132e+02 -2.679416e+03 -2.100907e+04 8.256451e+03 1.317223e+03 5.145727e+02 3.729161e+04 3.112218e+03 -2.100862e+04 -4.598374e+04 -5.327674e+02
-7.070707e-04 -7.203761e+03 -1.774350e+03 -4.751466e+02 -4.145575e+04 3.464506e+03 -1.832720e+04 -5.120746e+04 -4.906554e+02 -4.893270e+02 4.145937e+04 5.543887e+03 -1.207223e+03 5.119972e+04 -5.047907e+02 2.357025e+03 1.411277e+04 -5.837104e+02 4.724433e+04 6.319935e+03 -1.615689e+03 -5.834979e+04 6.010602e+02 -2.649754e+03 -1.608271e+04 6.319290e+03 1.317059e+03 3.968996e+02 3.637988e+04 3.076414e+03 -1.608237e+04 -4.493284e+04 -4.106834e+02
-5.050505e-04 -5.084321e+03 -1.772238e+03 -3.373175e+02 -4.069425e+04 3.435303e+03 -1.293687e+04 -5.032996e+04 -3.481764e+02 -3.473237e+02 4.069825e+04 3.912818e+03 -1.205857e+03 5.032186e+04 -3.581499e+02 2.337235e+03 9.961955e+03 -4.143481e+02 4.637658e+04 4.460538e+03 -1.612493e+03 -5.734944e+04 4.264914e+02 -2.627929e+03 -1.135252e+04 4.460081e+03 1.316844e+03 2.817467e+02 3.571195e+04 3.050059e+03 -1.135227e+04 -4.416278e+04 -2.913999e+02
-3.030303e-04 -3.026472e+03 -1.770791e+03 -2.015703e+02 -4.019497e+04 3.416093e+03 -7.701448e+03 -4.975454e+04 -2.079996e+02 -2.075257e+02 4.019922e+04 2.329134e+03 -1.204919e+03 4.974621e+04 -2.139352e+02 2.324218e+03 5.930446e+03 -2.475850e+02 4.580765e+04 2.655165e+03 -1.610339e+03 -5.669346e+04 2.547730e+02 -2.613576e+03 -6.758264e+03 2.654893e+03 1.316658e+03 1.683545e+02 3.527402e+04 3.032721e+03 -6.758118e+03 -4.365782e+04 -1.740708e+02
-1.010101e-04 -1.004840e+03 -1.770056e+03 -6.705428e+01 -3.994781e+04 3.406565e+03 -2.557128e+03 -4.946965e+04 -6.918317e+01 -6.903144e+01 3.995218e+04 7.733128e+02 -1.204442e+03 4.946121e+04 -7.115370e+01 2.317761e+03 1.969097e+03 -8.235882e+01 4.552600e+04 8.815603e+02 -1.609255e+03 -5.636870e+04 8.473863e+01 -2.606458e+03 -2.243960e+03 8.814700e+02 1.316553e+03 5.600332e+01 3.505722e+04 3.024120e+03 -2.243911e+03 -4.340782e+04 -5.789628e+01
1.010101e-04 1.004840e+03 -1.770056e+03 6.705428e+01 -3.994781e+04 3.406565e+03 2.557128e+03 -4.946965e+04 6.918317e+01 6.903144e+01 3.995218e+04 -7.733128e+02 -1.204442e+03 4.946121e+04 7.115370e+01 2.317761e+03 -1.969097e+03 8.235882e+01 4.552600e+04 -8.815603e+02 -1.609255e+03 -5.636870e+04 -8.473863e+01 -2.606458e+03 2.243960e+03 -8.814700e+02 1.316553e+03 -5.600332e+01 3.505722e+04 3.024120e+03 2.243911e+03 -4.340782e+04 5.789628e+01
3.030303e-04 3.026472e+03 -1.770791e+03 2.015703e+02 -4.019497e+04 3.416093e+03 7.701448e+03 -4.975454e+04 2.079996e+02 2.075257e+02 4.019922e+04 -2.329134e+03 -1.204919e+03 4.974621e+04 2.139352e+02 2.324218e+03 -5.930446e+03 2.475850e+02 4.580765e+04 -2.655165e+03 -1.610339e+03 -5.669346e+04 -2.547730e+02 -2.613576e+03 6.758264e+03 -2.654893e+03 1.316658e+03 -1.683545e+02 3.527402e+04 3.032721e+03 6.758118e+03 -4.365782e+04 1.740708e+02
5.050505e-04 5.084321e+03 -1.772238e+03 3.373175e+02 -4.069425e+04 3.435303e+03 1.293687e+04 -5.032996e+04 3.481764e+02 3.473237e+02 4.069825e+04 -3.912818e+03 -1.205857e+03 5.032186e+04 3.581499e+02 2.337235e+03 -9.961955e+03 4.143481e+02 4.637658e+04 -4.460538e+03 -1.612493e+03 -5.734944e+04 -4.264914e+02 -2.627929e+03 1.135252e+04 -4.460081e+03 1.316844e+03 -2.817467e+02 3.571195e+04 3.050059e+03 1.135227e+04 -4.416278e+04 2.913999e+02
7.070707e-04 7.203761e+03 -1.774350e+03 4.751466e+02 -4.145575e+04 3.464506e+03 1.832720e+04 -5.120746e+04 4.906554e+02 4.893270e+02 4.145937e+04 -5.543887e+03 -1.207223e+03 5.119972e+04 5.047907e+02 2.357025e+03 -1.411277e+04 5.837104e+02 4.724433e+04 -6.319935e+03 -1.615689e+03 -5.834979e+04 -6.010602e+02 -2.649754e+03 1.608271e+04 -6.319290e+03 1.317059e+03 -3.968996e+02 3.637988e+04 3.076414e+03 1.608237e+04 -4.493284e+04 4.106834e+02
9.090909e-04 9.412078e+03 -1.777053e+03 6.159548e+02 -4.249521e+04 3.504189e+03 2.394105e+04 -5.240500e+04 6.364327e+02 6.344878e+02 4.249830e+04 -7.243332e+03 -1.208963e+03 5.239774e+04 6.549088e+02 2.383914e+03 -1.843572e+04 7.567934e+02 4.842881e+04 -8.257293e+03 -1.619882e+03 -5.971498e+04 -7.797132e+02 -2.679416e+03 2.100907e+04 -8.256451e+03 1.317223e+03 -5.145727e+02 3.729161e+04 3.112218e+03 2.100862e+04 -4.598374e+04 5.327674e+02
1.111111e-03 1.173941e+04 -1.780239e+03 7.607078e+02 -4.383466e+04 3.555029e+03 2.985417e+04 -5.394773e+04 7.865839e+02 7.838324e+02 4.383707e+04 -9.034337e+03 -1.211003e+03 5.394110e+04 8.096408e+02 2.418361e+03 -2.298915e+04 9.348048e+02 4.995514e+04 -1.029904e+04 -1.625008e+03 -6.147369e+04 -9.637836e+02 -2.717430e+03 2.619806e+04 -1.029799e+04 1.317220e+03 -6.355839e+02 3.846647e+04 3.158074e+03 2.619750e+04 -4.733757e+04 6.585668e+02
1.313131e-03 1.421982e+04 -1.783759e+03 9.104651e+02 -4.550349e+04 3.617926e+03 3.615217e+04 -5.586920e+04 9.422948e+02 9.384892e+02 4.550504e+04 -1.094312e+04 -1.213237e+03 5.586336e+04 9.702416e+02 2.460974e+03 -2.783901e+04 1.119071e+03 5.185680e+04 -1.247507e+04 -1.630971e+03 -6.366417e+04 -1.154742e+03 -2.764475e+03 3.172482e+04 -1.247381e+04 1.316894e+03 -7.608315e+02 3.993023e+04 3.214785e+03 3.172415e+04 -4.902376e+04 7.890907e+02
1.515152e-03 1.689271e+04 -1.787409e+03 1.066411e+03 -4.753988e+04 3.694043e+03 4.293401e+04 -5.821299e+04 1.104897e+03 1.099722e+03 4.754037e+04 -1.299997e+04 -1.215523e+03 5.820812e+04 1.138123e+03 2.512540e+03 -3.306148e+04 1.311078e+03 5.417728e+04 -1.481993e+04 -1.637644e+03 -6.633610e+04 -1.354241e+03 -2.821434e+03 3.767619e+04 -1.481843e+04 1.316032e+03 -8.913206e+02 4.171638e+04 3.283387e+03 3.767539e+04 -5.108057e+04 9.254737e+02
1.717172e-03 1.980452e+04 -1.790919e+03 1.229891e+03 -4.999275e+04 3.784865e+03 5.031628e+04 -6.103498e+04 1.275913e+03 1.268973e+03 4.999197e+04 -1.524063e+04 -1.217669e+03 6.103129e+04 1.314903e+03 2.574060e+03 -3.874638e+04 1.512515e+03 5.697237e+04 -1.737436e+04 -1.644850e+03 -6.955318e+04 -1.564173e+03 -2.889430e+03 4.415449e+04 -1.737261e+04 1.314355e+03 -1.028196e+03 4.386782e+04 3.365199e+03 4.415356e+04 -5.355702e+04 1.069015e+03
1.919192e-03 2.301098e+04 -1.793922e+03 1.402464e+03 -5.292454e+04 3.892273e+03 5.843890e+04 -6.440642e+04 1.457114e+03 1.447913e+03 5.292220e+04 -1.770798e+04 -1.219419e+03 6.440417e+04 1.502468e+03 2.646807e+03 -4.500146e+04 1.725342e+03 6.031316e+04 -2.018724e+04 -1.652347e+03 -7.339667e+04 -1.786740e+03 -2.969890e+03 5.128252e+04 -2.018522e+04 1.311492e+03 -1.172782e+03 4.643932e+04 3.461895e+03 5.128144e+04 -5.651565e+04 1.221229e+03
2.121212e-03 2.658019e+04 -1.795927e+03 1.585962e+03 -5.641485e+04 4.018652e+03 6.747269e+04 -6.841823e+04 1.650599e+03 1.638514e+03 5.641065e+04 -2.045439e+04 -1.220429e+03 6.841772e+04 1.703057e+03 2.732391e+03 -5.195828e+04 1.951867e+03 6.429040e+04 -2.331830e+04 -1.659802e+03 -7.797021e+04 -2.024553e+03 -3.064625e+03 5.921018e+04 -2.331597e+04 1.306953e+03 -1.326642e+03 4.950069e+04 3.575595e+03 5.920894e+04 -6.003626e+04 1.383910e+03
2.323232e-03 3.059664e+04 -1.796271e+03 1.782575e+03 -6.056568e+04 4.167044e+03 7.762960e+04 -7.318693e+04 1.858888e+03 1.843144e+03 6.055922e+04 -2.354486e+04 -1.220234e+03 7.318850e+04 1.919367e+03 2.832867e+03 -5.978008e+04 2.194854e+03 6.902028e+04 -2.684166e+04 -1.666757e+03 -8.340663e+04 -2.280754e+03 -3.175941e+03 6.812348e+04 -2.683899e+04 1.300083e+03 -1.491645e+03 5.314138e+04 3.708999e+03 6.812207e+04 -6.422108e+04 1.559219e+03
2.525253e-03 3.516697e+04 -1.794046e+03 1.994967e+03 -6.550863e+04 4.341349e+03 8.917703e+04 -7.886289e+04 2.085070e+03 2.064688e+03 6.549945e+04 -2.706145e+04 -1.218201e+03 7.886699e+04 2.154711e+03 2.950869e+03 -6.867279e+04 2.457671e+03 7.465278e+04 -3.085085e+04 -1.672577e+03 -8.987738e+04 -2.559194e+03 -3.306805e+03 7.825709e+04 -3.084780e+04 1.290001e+03 -1.670067e+03 5.747681e+04 3.865569e+03 7.825549e+04 -6.920210e+04 1.749806e+03
2.727273e-03 4.042806e+04 -1.788006e+03 2.226434e+03 -7.141530e+04 4.546631e+03 1.024580e+05 -8.564230e+04 2.332991e+03 2.306729e+03 7.140284e+04 -3.110943e+04 -1.213460e+03 8.564948e+04 2.413224e+03 3.089816e+03 -7.890063e+04 2.744493e+03 8.138343e+04 -3.546593e+04 -1.676372e+03 -9.760614e+04 -2.864675e+03 -3.461066e+03 8.991208e+04 -3.546244e+04 1.275510e+03 -1.864732e+03 6.265751e+04 4.049795e+03 8.991025e+04 -7.515147e+04 1.958977e+03
2.929293e-03 4.655874e+04 -1.776409e+03 2.481133e+03 -7.851242e+04 4.789554e+03 1.179207e+05 -9.378453e+04 2.607533e+03 2.573807e+03 7.849594e+04 -3.582637e+04 -1.204796e+03 9.379547e+04 2.700171e+03 3.254211e+03 -9.080875e+04 3.060597e+03 8.947056e+04 -4.084375e+04 -1.676884e+03 -1.068886e+05 -3.203300e+03 -3.643798e+03 1.034817e+05 -4.083976e+04 1.254957e+03 -2.079207e+03 6.888229e+04 4.267580e+03 1.034796e+05 -8.229683e+04 2.190937e+03
3.131313e-03 5.379734e+04 -1.756788e+03 2.764421e+03 -8.710438e+04 5.079049e+03 1.361622e+05 -1.036381e+05 2.915024e+03 2.871787e+03 8.708296e+04 -4.139562e+04 -1.190491e+03 1.036537e+05 3.022394e+03 3.450080e+03 -1.048570e+05 3.412796e+03 9.926103e+04 -4.719335e+04 -1.672304e+03 -1.181222e+05 -3.582992e+03 -3.861805e+03 1.194900e+05 -4.718877e+04 1.226029e+03 -2.318094e+03 7.641812e+04 4.526825e+03 1.194876e+05 -9.094406e+04 2.451144e+03
3.333333e-03 6.246851e+04 -1.725577e+03 3.083361e+03 -9.760790e+04 5.427333e+03 1.579955e+05 -1.156808e+05 3.263867e+03 3.208439e+03 9.758035e+04 -4.806692e+04 -1.168065e+03 1.157021e+05 3.389006e+03 3.685673e+03 -1.216715e+05 3.810093e+03 1.112297e+05 -5.479951e+04 -1.659986e+03 -1.318515e+05 -4.014280e+03 -4.124406e+03 1.386505e+05 -5.479422e+04 1.185414e+03 -2.587477e+03 8.563050e+04 4.838337e+03 1.386477e+05 -1.015124e+05 2.746857e+03
3.535354e-03 7.302599e+04 -1.677502e+03 3.447536e+03 -1.106071e+05 5.851572e+03 1.845567e+05 -1.305832e+05 3.665524e+03 3.594345e+03 1.105718e+05 -5.618929e+04 -1.133853e+03 1.306118e+05 3.812475e+03 3.972579e+03 -1.421273e+05 4.264730e+03 1.260421e+05 -6.406018e+04 -1.635976e+03 -1.488411e+05 -4.511550e+03 -4.444707e+03 1.619602e+05 -6.405403e+04 1.128264e+03 -2.895624e+03 9.703168e+04 5.217274e+03 1.619570e+05 -1.145903e+05 3.088000e+03
3.737374e-03 8.612322e+04 -1.604540e+03 3.870376e+03 -1.269444e+05 6.376655e+03 2.174817e+05 -1.493144e+05 4.136153e+03 4.044399e+03 1.268993e+05 -6.626541e+04 -1.082284e+03 1.493522e+05 4.310431e+03 4.327599e+03 -1.674844e+05 4.793906e+03 1.446582e+05 -7.554851e+04 -1.594201e+03 -1.701959e+05 -5.095110e+03 -4.841733e+03 1.908548e+05 -7.554130e+04 1.047265e+03 -3.254149e+03 1.113606e+05 5.685603e+03 1.908511e+05 -1.310284e+05 3.488583e+03
3.939394e-03 1.027365e+05 -1.494037e+03 4.371498e+03 -1.478792e+05 7.040145e+03 2.592142e+05 -1.733265e+05 4.699458e+03 4.580446e+03 1.478213e+05 -7.904629e+04 -1.004583e+03 1.733765e+05 4.908826e+03 4.776092e+03 -1.996248e+05 5.422795e+03 1.685129e+05 -9.012084e+04 -1.524999e+03 -1.975715e+05 -5.794799e+03 -5.344226e+03 2.274789e+05 -9.011228e+04 9.309724e+02 -3.680050e+03 1.297215e+05 6.276441e+03 2.274745e+05 -1.521009e+05 3.969204e+03
4.141414e-03 1.243935e+05 -1.325097e+03 4.981056e+03 -1.753806e+05 7.901671e+03 3.135774e+05 -2.048978e+05 5.392023e+03 5.236217e+03 1.753055e+05 -9.570708e+04 -8.862691e+02 2.049640e+05 5.647838e+03 5.358313e+03 -2.414931e+05 6.190192e+03 1.998500e+05 -1.091171e+05 -1.412300e+03 -2.335653e+05 -6.656740e+03 -5.997867e+03 2.751878e+05 -1.091067e+05 7.606222e+02 -4.199517e+03 1.538416e+05 7.042309e+03 2.751825e+05 -1.798073e+05 4.561704e+03
4.343434e-03 1.536341e+05 -1.061036e+03 5.748679e+03 -2.127176e+05 9.062430e+03 3.869272e+05 -2.478262e+05 6.274173e+03 6.067454e+03 2.126189e+05 -1.182015e+05 -7.019467e+02 2.479148e+05 6.593952e+03 6.142589e+03 -2.979845e+05 7.160084e+03 2.423946e+05 -1.347649e+05 -1.227709e+03 -2.825074e+05 -7.757123e+03 -6.880267e+03 3.395594e+05 -1.347522e+05 5.034776e+02 -4.855746e+03 1.865879e+05 8.072261e+03 3.395529e+05 -2.174806e+05 5.318694e+03
4.545455e-03 1.950512e+05 -6.316863e+02 6.764077e+03 -2.657881e+05 1.071076e+04 4.907575e+05 -3.090017e+05 7.454961e+03 7.175327e+03 2.656553e+05 -1.500627e+05 -4.030903e+02 3.091227e+05 7.867758e+03 7.256111e+03 -3.779514e+05 8.448383e+03 3.028667e+05 -1.710930e+05 -9.166319e+02 -3.522532e+05 -9.233921e+03 -8.136035e+03 4.306811e+05 -1.710768e+05 9.726706e+01 -5.726987e+03 2.331328e+05 9.531905e+03 4.306728e+05 -2.711674e+05 6.335442e+03
4.747475e-03 2.580691e+05 1.156048e+02 8.213685e+03 -3.466517e+05 1.324862e+04 6.486540e+05 -4.026165e+05 9.160375e+03 8.770837e+03 3.464661e+05 -1.985402e+05 1.157640e+02 4.027875e+05 9.719977e+03 8.970400e+03 -4.995592e+05 1.029642e+04 3.950080e+05 -2.263674e+05 -3.597976e+02 -4.589831e+05 -1.137357e+04 -1.007414e+04 5.692517e+05 -2.263456e+05 -5.928702e+02 -6.976179e+03 3.040528e+05 1.177442e+04 5.692407e+05 -3.533226e+05 7.809701e+03
4.949495e-03 3.666698e+05 1.594276e+03 1.058642e+04 -4.858507e+05 1.775465e+04 9.206483e+05 -5.649701e+05 1.197925e+04 1.140891e+04 4.855731e+05 -2.820822e+05 1.139930e+03 5.652281e+05 1.280590e+04 1.201437e+04 -7.090430e+05 1.333793e+04 5.536199e+05 -3.216231e+05 7.667760e+02 -6.440818e+05 -1.492379e+04 -1.352459e+04 8.079557e+05 -3.215915e+05 -1.930866e+03 -9.031336e+03 4.261340e+05 1.574699e+04 8.079398e+05 -4.958023e+05 1.025744e+04
5.151515e-03 6.192886e+05 5.620472e+03 1.599884e+04 -8.079096e+05 2.898484e+04 1.553237e+06 -9.460975e+05 1.843287e+04 1.749630e+04 8.074171e+05 -4.764111e+05 3.921203e+03 9.465578e+05 1.993891e+04 1.960358e+04 -1.196249e+06 2.031857e+04 9.205933e+05 -5.432009e+05 3.888533e+03 -1.078602e+06 -2.309182e+04 -2.215067e+04 1.363120e+06 -5.431441e+05 -5.511402e+03 -1.374765e+04 7.085870e+05 2.562421e+04 1.363092e+06 -8.302753e+05 1.589021e+04
5.353535e-03 7.458554e+05 5.909646e+03 1.670115e+04 -9.835227e+05 2.892719e+04 1.868494e+06 -1.118512e+06 1.975303e+04 1.822495e+04 9.829057e+05 -5.737567e+05 4.145021e+03 1.119098e+06 2.128683e+04 1.953571e+04 -1.439066e+06 2.119733e+04 1.120694e+06 -6.541993e+05 4.083202e+03 -1.275202e+06 -2.467596e+04 -2.204664e+04 1.639797e+06 -6.541433e+05 -5.825492e+03 -1.432673e+04 8.625998e+05 2.560037e+04 1.639767e+06 -9.815897e+05 1.701162e+04
5.555556e-03 3.697605e+05 -3.393989e+03 6.787905e+03 -5.222681e+05 4.956882e+03 9.251179e+05 -5.270036e+05 8.384814e+03 6.846573e+03 5.219542e+05 -2.844259e+05 -2.239982e+03 5.273157e+05 8.444227e+03 3.302506e+03 -7.125122e+05 8.282630e+03 5.951101e+05 -3.242995e+05 -3.272968e+03 -6.008641e+05 -1.010165e+04 -3.515821e+03 8.118868e+05 -3.242982e+05 2.258214e+03 -5.587090e+03 4.580670e+05 4.597649e+03 8.118843e+05 -4.624966e+05 6.989045e+03
5.757576e-03 5.540815e+05 -2.908420e+03 8.376617e+03 -7.732734e+05 6.692561e+03 1.384607e+06 -7.859350e+05 1.084931e+04 8.535763e+03 7.727818e+05 -4.261964e+05 -1.870759e+03 7.864233e+05 1.101007e+04 4.442913e+03 -1.066418e+06 1.028426e+04 8.811161e+05 -4.859530e+05 -2.949944e+03 -8.961038e+05 -1.310170e+04 -4.772533e+03 1.215144e+06 -4.859482e+05 1.734467e+03 -6.922307e+03 6.781989e+05 6.163672e+03 1.215140e+06 -6.897393e+05 9.093079e+03
5.959596e-03 1.311199e+06 3.328755e+03 1.547198e+04 -1.788242e+06 1.980094e+04 3.272553e+06 -1.869475e+06 2.150323e+04 1.650794e+04 1.787027e+06 -1.008541e+06 2.526898e+03 1.870674e+06 2.254882e+04 1.319260e+04 -2.520540e+06 1.947547e+04 2.037614e+06 -1.149974e+06 1.932231e+03 -2.131558e+06 -2.635170e+04 -1.468498e+04 2.872049e+06 -1.149939e+06 -3.867688e+03 -1.306733e+04 1.568324e+06 1.772522e+04 2.872027e+06 -1.640668e+06 1.836444e+04
6.161616e-03 1.386387e+07 1.220846e+05 1.144590e+05 -1.861576e+07 2.293144e+05 3.455799e+07 -1.983222e+07 1.801616e+05 1.304667e+05 1.860251e+07 -1.066348e+07 8.590624e+04 1.984524e+07 1.963255e+05 1.528916e+05 -2.661695e+07 1.495618e+05 2.121154e+07 -1.215906e+07 9.681467e+04 -2.261286e+07 -2.245095e+05 -1.737840e+05 3.032894e+07 -1.215860e+07 -1.082073e+05 -9.976765e+04 1.632602e+07 2.016786e+05 3.032840e+07 -1.740493e+07 1.574917e+05
6.363636e-03 -2.640937e+06 -3.937599e+04 -1.188944e+04 3.501216e+06 -4.708548e+04 -6.574158e+06 3.793972e+06 -2.487204e+04 -1.586792e+04 -3.498560e+06 2.031208e+06 -2.734825e+04 -3.796587e+06 -2.889323e+04 -3.140283e+04 5.063617e+06 -1.706338e+04 -3.989387e+06 2.316164e+06 -3.263735e+04 4.325982e+06 3.188080e+04 3.634574e+04 -5.769690e+06 2.316024e+06 3.308029e+04 1.121922e+04 -3.070450e+06 -4.075880e+04 -5.769637e+06 3.329682e+06 -2.263036e+04
6.565657e-03 -2.688088e+05 -3.118804e+04 3.559247e+02 2.590574e+05 -3.152960e+04 -6.683371e+05 4.675873e+05 -9.722673e+02 -2.551089e+03 -2.587625e+05 2.067456e+05 -2.125427e+04 -4.678569e+05 -3.913009e+03 -2.135904e+04 5.147874e+05 -1.356901e+03 -2.951583e+05 2.357934e+05 -2.639494e+04 5.330964e+05 2.889064e+03 2.519948e+04 -5.865773e+05 2.356927e+05 2.519375e+04 8.814501e+02 -2.271126e+05 -2.680833e+04 -5.865404e+05 4.103641e+05 -2.062240e+03
6.767677e-03 -7.368849e+06 -7.645488e+04 2.362377e+04 1.001695e+07 -2.492256e+04 -1.829196e+07 1.033746e+07 -1.530634e+04 1.890316e+04 -1.000909e+07 5.667137e+06 -5.376751e+04 -1.034529e+07 -2.008620e+04 -1.510701e+04 1.408941e+07 2.495427e+04 -1.141349e+07 6.462302e+06 -6.598267e+04 1.178764e+07 1.944679e+04 1.913163e+04 -1.605377e+07 6.462135e+06 6.238012e+04 -1.810319e+04 -8.784384e+06 -1.995309e+04 -1.605373e+07 9.072557e+06 -1.608301e+04
6.969697e-03 8.574048e+06 8.912252e+04 -6.259248e+04 -1.173439e+07 -1.110074e+04 2.125240e+07 -1.197003e+07 -1.557492e+04 -5.895651e+04 1.172487e+07 -6.593718e+06 6.277807e+04 1.197951e+07 -1.188907e+04 -9.775423e+03 -1.637005e+07 -7.262636e+04 1.337020e+07 -7.519013e+06 7.893223e+04 -1.364960e+07 1.901282e+04 8.037159e+03 1.865221e+07 -7.518921e+06 -7.081641e+04 5.073960e+04 1.029036e+07 -1.284597e+04 1.865209e+07 -1.050545e+07 -9.458802e+03
7.171717e-03 3.390842e+05 -9.855072e+03 -3.956154e+03 -5.164517e+05 -1.613995e+04 8.391100e+05 -4.356403e+05 -1.989372e+03 -5.186534e+03 5.160659e+05 -2.607478e+05 -6.601133e+03 4.360314e+05 -3.237164e+03 -1.105603e+04 -6.463522e+05 -5.495881e+03 5.884518e+05 -2.973280e+05 -8.080393e+03 -4.968103e+05 3.263924e+03 1.283303e+04 7.364440e+05 -2.973679e+05 8.089894e+03 3.791040e+03 4.529232e+05 -1.392926e+04 7.364592e+05 -3.823454e+05 -2.073001e+03
7.373737e-03 -1.656180e+06 -5.892168e+04 2.601418e+04 2.149956e+06 -2.707312e+04 -4.093081e+06 2.406150e+06 1.641253e+04 2.194610e+04 -2.148014e+06 1.273583e+06 -4.049318e+04 -2.408079e+06 1.228228e+04 -1.791348e+04 3.152850e+06 2.883673e+04 -2.449624e+06 1.452401e+06 -5.122836e+04 2.743762e+06 -1.786106e+04 2.264198e+04 -3.592359e+06 1.452272e+06 4.662220e+04 -1.988224e+04 -1.885242e+06 -2.152762e+04 -3.592310e+06 2.111770e+06 1.142610e+04
7.575758e-03 1.154656e+06 2.789380e+04 -2.344392e+04 -1.561017e+06 -2.234659e+02 2.848972e+06 -1.639945e+06 -1.645647e+04 -2.214101e+04 1.559619e+06 -8.878659e+05 1.929063e+04 1.641340e+06 -1.513185e+04 -4.989469e+02 -2.194577e+06 -2.745516e+04 1.778587e+06 -1.012531e+06 2.491032e+04 -1.870122e+06 1.948155e+04 -7.530495e+02 2.500469e+06 -1.012493e+06 -2.155091e+04 1.886152e+04 1.368835e+06 -1.518704e+03 2.500447e+06 -1.439322e+06 -1.271742e+04
7.777778e-03 -3.336358e+05 -2.392026e+04 7.778331e+03 3.962853e+05 -1.571400e+04 -8.220925e+05 5.094285e+05 5.761583e+03 5.882109e+03 -3.958733e+05 2.565523e+05 -1.634743e+04 -5.098392e+05 3.833051e+03 -1.056579e+04 6.332664e+05 8.227608e+03 -4.515071e+05 2.925943e+05 -2.060710e+04 5.809036e+05 -5.912381e+03 1.294151e+04 -7.215398e+05 2.925372e+05 1.901271e+04 -5.652252e+03 -3.474552e+05 -1.288780e+04 -7.215170e+05 4.471074e+05 3.866535e+03
7.979798e-03 4.244254e+06 1.942150e+05 -1.217801e+05 -5.503671e+06 6.331437e+04 1.043934e+07 -6.214944e+06 -9.469318e+04 -1.094758e+05 5.498253e+06 -3.263395e+06 1.332650e+05 6.220366e+06 -8.216404e+04 4.158947e+04 -8.041747e+06 -1.394551e+05 6.270607e+06 -3.721823e+06 1.708171e+05 -7.087316e+06 1.084793e+05 -5.627445e+04 9.162543e+06 -3.721478e+06 -1.514799e+05 9.555361e+04 4.825782e+06 4.667331e+04 9.162358e+06 -5.454707e+06 -7.165987e+04
8.181818e-03 6.839557e+05 2.917284e+04 -2.291801e+04 -9.038052e+05 5.146073e+03 1.679437e+06 -9.957965e+05 -1.839504e+04 -2.127932e+04 9.029121e+05 -5.258674e+05 2.004110e+04 9.966917e+05 -1.672460e+04 3.257782e+03 -1.293744e+06 -2.666764e+04 1.029748e+06 -5.997486e+05 2.593545e+04 -1.135594e+06 2.149981e+04 -5.197989e+03 1.474040e+06 -5.997026e+05 -2.250342e+04 1.825037e+04 7.924824e+05 3.029198e+03 1.474019e+06 -8.739944e+05 -1.426202e+04
8.383838e-03 4.018153e+05 1.716939e+04 -1.539606e+04 -5.362933e+05 1.473171e+03 9.849572e+05 -5.848582e+05 -1.264837e+04 -1.450635e+04 5.357556e+05 -3.089264e+05 1.179980e+04 5.853979e+05 -1.174042e+04 8.550675e+02 -7.587696e+05 -1.804981e+04 6.110208e+05 -3.523356e+05 1.537967e+04 -6.669759e+05 1.491184e+04 -1.921681e+03 8.645029e+05 -3.523113e+05 -1.313413e+04 1.234188e+04 4.702338e+05 3.447651e+02 8.644922e+05 -5.133247e+05 -9.918637e+03
8.585859e-03 2.832844e+05 1.238610e+04 -1.223339e+04 -3.809621e+05 2.522968e+02 6.931959e+05 -4.129802e+05 -1.023237e+04 -1.163064e+04 3.805740e+05 -2.177869e+05 8.513720e+03 4.133703e+05 -9.616568e+03 6.441246e+01 -5.340191e+05 -1.440959e+04 4.340428e+05 -2.483947e+05 1.116439e+04 -4.709720e+05 1.212521e+04 -8.048418e+02 6.084279e+05 -2.483787e+05 -9.407140e+03 9.846001e+03 3.340330e+05 -5.105924e+02 6.084209e+05 -3.624720e+05 -8.080708e+03
8.787879e-03 2.151814e+05 9.689952e+03 -1.035703e+04 -2.913606e+05 -3.147177e+02 5.256139e+05 -3.144651e+05 -8.787910e+03 -9.910360e+03 2.910589e+05 -1.654224e+05 6.660904e+03 3.147686e+05 -8.331043e+03 -2.983725e+02 -4.049263e+05 -1.224118e+04 3.319546e+05 -1.886750e+05 8.783607e+03 -3.586278e+05 1.045052e+04 -2.684778e+02 4.613431e+05 -1.886634e+05 -7.310508e+03 8.359520e+03 2.554668e+05 -8.851247e+02 4.613381e+05 -2.760076e+05 -6.974701e+03
8.989899e-03 1.707231e+05 7.935627e+03 -9.076100e+03 -2.326848e+05 -6.119030e+02 4.162644e+05 -2.502450e+05 -7.791543e+03 -8.727649e+03 2.324400e+05 -1.312387e+05 5.455118e+03 2.504915e+05 -7.434721e+03 -4.854693e+02 -3.206911e+05 -1.075568e+04 2.651020e+05 -1.496897e+05 7.231530e+03 -2.853925e+05 9.290322e+03 2.569328e+01 3.653682e+05 -1.496809e+05 -5.949003e+03 7.341445e+03 2.040176e+05 -1.064889e+03 3.653644e+05 -2.196431e+05 -6.207252e+03
9.191919e-03 1.395127e+05 6.697194e+03 -8.130514e+03 -1.913805e+05 -7.751079e+02 3.395406e+05 -2.051977e+05 -7.047851e+03 -7.849233e+03 1.911762e+05 -1.072416e+05 4.603845e+03 2.054037e+05 -6.759470e+03 -5.858180e+02 -2.615881e+05 -9.655722e+03 2.180419e+05 -1.223217e+05 6.133900e+03 -2.340209e+05 8.421180e+03 1.979085e+02 2.980282e+05 -1.223148e+05 -4.989761e+03 6.587802e+03 1.678007e+05 -1.150198e+03 2.980253e+05 -1.801059e+05 -5.631394e+03
9.393939e-03 1.165216e+05 5.774954e+03 -7.396431e+03 -1.608760e+05 -8.645483e+02 2.830556e+05 -1.720256e+05 -6.464199e+03 -7.163675e+03 1.607017e+05 -8.956453e+04 3.969899e+03 1.722014e+05 -6.225280e+03 -6.387148e+02 -2.180755e+05 -8.799508e+03 1.832865e+05 -1.021613e+05 5.315135e+03 -1.961915e+05 7.736965e+03 3.018017e+02 2.484516e+05 -1.021557e+05 -4.276787e+03 6.001315e+03 1.410534e+05 -1.185035e+03 2.484493e+05 -1.509913e+05 -5.177354e+03
9.595960e-03 9.898484e+04 5.061483e+03 -6.806047e+03 -1.375500e+05 -9.106775e+02 2.399980e+05 -1.467233e+05 -5.989936e+03 -6.609755e+03 1.373989e+05 -7.608128e+04 3.479464e+03 1.468758e+05 -5.788199e+03 -6.639633e+02 -1.849063e+05 -8.109277e+03 1.567102e+05 -8.678374e+04 4.680715e+03 -1.673366e+05 7.179522e+03 3.647120e+02 2.106601e+05 -8.677920e+04 -3.726213e+03 5.528637e+03 1.206007e+05 -1.191347e+03 2.106582e+05 -1.287838e+05 -4.806898e+03
9.797980e-03 8.524655e+04 4.493411e+03 -6.318600e+03 -1.192309e+05 -9.302949e+02 2.062891e+05 -1.268960e+05 -5.594581e+03 -6.150539e+03 1.190981e+05 -6.551871e+04 3.088985e+03 1.270301e+05 -5.421641e+03 -6.724465e+02 -1.589386e+05 -7.538202e+03 1.358385e+05 -7.473715e+04 4.174835e+03 -1.447252e+05 6.713774e+03 4.018651e+02 1.810737e+05 -7.473337e+04 -3.288600e+03 5.137644e+03 1.045382e+05 -1.181051e+03 1.810722e+05 -1.113817e+05 -4.496960e+03
1.000000e-02 7.425257e+04 4.030774e+03 -5.907867e+03 -1.045339e+05 -9.332548e+02 1.793322e+05 -1.110210e+05 -5.258472e+03 -5.762185e+03 1.044160e+05 -5.706623e+04 2.770993e+03 1.111401e+05 -5.108369e+03 -6.705206e+02 -1.381722e+05 -7.056109e+03 1.190936e+05 -6.509703e+04 3.762274e+03 -1.266210e+05 6.317046e+03 4.222926e+02 1.574136e+05 -6.509386e+04 -2.932796e+03 4.807639e+03 9.165167e+04 -1.161005e+03 1.574123e+05 -9.744827e+04 -4.232623e+03
