-1.000000e-02 -9.309022e+04 3.979855e+03 6.286633e+03 -1.210274e+05 -5.300238e+02 -1.935389e+05 -1.272491e+05 5.680255e+03 6.121246e+03 1.209151e+05 7.157257e+04 2.734266e+03 1.273629e+05 5.510774e+03 -3.948566e+02 1.491071e+05 7.503195e+03 1.378885e+05 8.162736e+04 3.736771e+03 -1.451073e+05 -6.812804e+03 6.868677e+01 -1.698772e+05 8.162495e+04 -2.871743e+03 -5.110783e+03 1.061304e+05 -8.466112e+02 -1.698766e+05 -1.116894e+05 4.574124e+03
-9.797980e-03 -1.081489e+05 4.490639e+03 6.771429e+03 -1.397478e+05 -4.746403e+02 -2.251994e+05 -1.471912e+05 6.088029e+03 6.578278e+03 1.396199e+05 8.315356e+04 3.085123e+03 1.473208e+05 5.890309e+03 -3.613983e+02 1.734959e+05 8.071515e+03 1.592180e+05 9.483347e+04 4.193283e+03 -1.678468e+05 -7.293031e+03 1.306234e+00 -1.976650e+05 9.483053e+04 -3.263299e+03 -5.499648e+03 1.225473e+05 -8.272851e+02 -1.976642e+05 -1.291921e+05 4.895198e+03
-9.595960e-03 -1.273743e+05 5.133129e+03 7.358001e+03 -1.635965e+05 -3.860027e+02 -2.656420e+05 -1.726398e+05 6.577513e+03 7.129002e+03 1.634488e+05 9.793914e+04 3.526454e+03 1.727892e+05 6.343344e+03 -3.064202e+02 2.046495e+05 8.757721e+03 1.863904e+05 1.116937e+05 4.766441e+03 -1.968649e+05 -7.868211e+03 -9.762748e+01 -2.331607e+05 1.116901e+05 -3.756888e+03 -5.969269e+03 1.434614e+05 -7.858116e+02 -2.331597e+05 -1.515276e+05 5.279353e+03
-9.393939e-03 -1.525773e+05 5.964716e+03 8.086259e+03 -1.947935e+05 -2.450195e+02 -3.186868e+05 -2.059944e+05 7.180066e+03 7.809587e+03 1.946203e+05 1.173222e+05 4.097672e+03 2.061696e+05 6.897444e+03 -2.174062e+02 2.455106e+05 9.607679e+03 2.219354e+05 1.337965e+05 5.506825e+03 -2.348978e+05 -8.574442e+03 -2.453340e+02 -2.797169e+05 1.337919e+05 -4.397206e+03 -6.551089e+03 1.708199e+05 -7.083962e+02 -2.797155e+05 -1.808019e+05 5.750499e+03
-9.191919e-03 -1.867727e+05 7.082419e+03 9.022238e+03 -2.370305e+05 -1.768296e+01 -3.906934e+05 -2.512543e+05 7.947515e+03 8.679662e+03 2.368230e+05 1.436214e+05 4.865389e+03 2.514641e+05 7.597930e+03 -7.200879e+01 3.009778e+05 1.069715e+04 2.700592e+05 1.637857e+05 6.499858e+03 -2.865056e+05 -9.471239e+03 -4.722517e+02 -3.429153e+05 1.637798e+05 -5.259879e+03 -7.297047e+03 2.078600e+05 -5.701706e+02 -3.429135e+05 -2.205251e+05 6.348052e+03
-8.989899e-03 -2.354145e+05 8.665700e+03 1.028566e+04 -2.969749e+05 3.620700e+02 -4.931661e+05 -3.156651e+05 8.973869e+03 9.846947e+03 2.967190e+05 1.810316e+05 5.952795e+03 3.159234e+05 8.526629e+03 1.732834e+02 3.799127e+05 1.216326e+04 3.383585e+05 2.064446e+05 7.903405e+03 -3.599497e+05 -1.066633e+04 -8.371235e+02 -4.328527e+05 2.064368e+05 -6.484909e+03 -8.301145e+03 2.604291e+05 -3.223271e+02 -4.328502e+05 -2.770562e+05 7.143357e+03
-8.787879e-03 -3.096727e+05 1.109386e+04 1.212507e+04 -3.882556e+05 1.040330e+03 -6.496644e+05 -4.140928e+05 1.045491e+04 1.153430e+04 3.879266e+05 2.381439e+05 7.620176e+03 4.144247e+05 9.853253e+03 6.149002e+02 5.004633e+05 1.429021e+04 4.423620e+05 2.715695e+05 1.005085e+04 -4.721810e+05 -1.238362e+04 -1.469152e+03 -5.702067e+05 2.715585e+05 -8.368382e+03 -9.758200e+03 3.404792e+05 1.440067e+02 -5.702030e+05 -3.634425e+05 8.284725e+03
-8.585859e-03 -4.377773e+05 1.536802e+04 1.518691e+04 -5.452294e+05 2.418824e+03 -9.197180e+05 -5.841936e+05 1.290313e+04 1.431957e+04 5.447750e+05 3.366704e+05 1.055425e+04 5.846514e+05 1.202067e+04 1.518571e+03 7.084846e+05 1.781624e+04 6.212150e+05 3.839187e+05 1.382150e+04 -6.661358e+05 -1.520817e+04 -2.722146e+03 -8.072243e+05 3.839020e+05 -1.169207e+04 -1.217414e+04 4.781401e+05 1.130336e+03 -8.072187e+05 -5.127334e+05 1.015997e+04
-8.383838e-03 -7.327155e+05 2.574105e+04 2.219066e+04 -9.049392e+05 6.267482e+03 -1.541494e+06 -9.771243e+05 1.849718e+04 2.062758e+04 9.041968e+05 5.635109e+05 1.767091e+04 9.778714e+05 1.690839e+04 4.057483e+03 1.187436e+06 2.584376e+04 1.031062e+06 6.425839e+05 2.294895e+04 -1.114168e+06 -2.162390e+04 -6.150474e+03 -1.352938e+06 6.425527e+05 -1.977733e+04 -1.767433e+04 7.935936e+05 3.972250e+03 -1.352927e+06 -8.575933e+05 1.441744e+04
-8.181818e-03 -4.210151e+05 7.970081e+03 1.124868e+04 -5.379500e+05 -2.476637e+03 -8.868624e+05 -5.500121e+05 9.167010e+03 1.098859e+04 5.375308e+05 3.237943e+05 5.519589e+03 5.504315e+05 8.902511e+03 -1.789836e+03 6.831556e+05 1.341812e+04 6.129303e+05 3.692211e+05 7.380422e+03 -6.271552e+05 -1.104469e+04 1.453125e+03 -7.783758e+05 3.692171e+05 -5.903820e+03 -9.181744e+03 4.717750e+05 -2.760208e+03 -7.783714e+05 -4.827265e+05 7.351344e+03
-7.979798e-03 8.123928e+06 -2.909754e+05 -1.771430e+05 9.858649e+06 -1.253786e+05 1.713760e+07 1.085233e+07 -1.390228e+05 -1.568096e+05 -9.850891e+06 -6.248352e+06 -1.995569e+05 -1.086011e+07 -1.183944e+05 -8.314209e+04 -1.320083e+07 -2.013253e+05 -1.123287e+07 -7.124925e+06 -2.549560e+05 1.237397e+07 1.577374e+05 1.091595e+05 1.504099e+07 -7.124448e+06 2.277950e+05 1.380309e+05 -8.645737e+06 -9.560139e+04 1.504094e+07 9.524624e+06 -1.044216e+05
-7.777778e-03 -6.899137e+05 8.004474e+03 1.264943e+04 -8.846065e+05 -4.971595e+03 -1.457121e+06 -8.909811e+05 9.457848e+03 1.251110e+04 8.839564e+05 5.306331e+05 5.597578e+03 8.916308e+05 9.317247e+03 -3.537851e+03 1.122392e+06 1.516184e+04 1.007921e+06 6.050561e+05 7.494351e+03 -1.015927e+06 -1.152401e+04 3.452153e+03 -1.278853e+06 6.050542e+05 -5.908978e+03 -1.040426e+04 7.758093e+05 -4.942560e+03 -1.278850e+06 -7.819725e+05 7.601396e+03
-7.575758e-03 1.104514e+06 -3.875271e+04 -1.532151e+04 1.324203e+06 -2.315454e+04 2.335986e+06 1.480155e+06 -1.047825e+04 -1.230999e+04 -1.323196e+06 -8.495635e+05 -2.656487e+04 -1.481158e+06 -7.427912e+03 -1.547869e+04 -1.799327e+06 -1.661728e+04 -1.508799e+06 -9.687213e+05 -3.347656e+04 1.687653e+06 1.107686e+04 1.925220e+04 2.050182e+06 -9.686517e+05 3.080262e+04 1.145200e+04 -1.161307e+06 -1.870470e+04 2.050160e+06 1.299049e+06 -7.183142e+03
-7.373737e-03 -2.932795e+06 3.129243e+04 2.971554e+04 -3.719079e+06 -4.016905e+03 -6.209932e+06 -3.786709e+06 1.710104e+04 2.840724e+04 3.716469e+06 2.255851e+06 2.187957e+04 3.789315e+06 1.577636e+04 -3.353442e+03 4.783243e+06 3.490265e+04 4.237571e+06 2.572162e+06 2.809694e+04 -4.317617e+06 -2.051734e+04 2.248628e+03 -5.450114e+06 2.572136e+06 -2.429696e+04 -2.412883e+04 3.261737e+06 -5.098754e+03 -5.450092e+06 -3.323370e+06 1.305102e+04
-7.171717e-03 6.983479e+05 -2.948616e+04 -4.580018e+03 8.124927e+05 -2.432180e+04 1.480617e+06 9.556682e+05 -1.734133e+03 -1.979993e+03 -8.118911e+05 -5.371852e+05 -2.017072e+04 -9.562603e+05 8.952120e+02 -1.637991e+04 -1.140431e+06 -3.905494e+03 -9.257666e+05 -6.125199e+05 -2.507074e+04 1.089595e+06 6.459371e+02 1.967349e+04 1.299449e+06 -6.124560e+05 2.378990e+04 2.749353e+03 -7.125500e+05 -2.033512e+04 1.299428e+06 8.387219e+05 -2.387031e+02
-6.969697e-03 -9.362852e+07 3.214400e+05 2.168257e+05 -1.195079e+08 -1.640158e+05 -1.987271e+08 -1.198590e+08 -1.588220e+05 2.092892e+05 1.194292e+08 7.202142e+07 2.364899e+05 1.199376e+08 -1.664389e+05 -1.295418e+05 1.530671e+08 2.494696e+05 1.361705e+08 8.211722e+07 2.834730e+05 -1.366609e+08 1.786951e+05 1.409889e+05 -1.744097e+08 8.211747e+07 -2.680976e+05 -1.818278e+05 1.048152e+08 -1.505647e+05 -1.744087e+08 -1.051917e+08 -1.478216e+05
-6.767677e-03 -5.217533e+05 -2.584008e+04 -1.150830e+03 -7.512722e+05 -2.751440e+04 -1.108619e+06 -6.003908e+05 -3.205163e+03 1.406428e+03 7.508633e+05 4.013532e+05 -1.746032e+04 6.008155e+05 -6.231036e+02 -1.878924e+04 8.538778e+05 1.097724e+02 8.560431e+05 4.575774e+05 -2.182804e+04 -6.845913e+05 2.217880e+03 2.230603e+04 -9.729369e+05 4.576445e+05 2.074432e+04 -1.396654e+02 6.589659e+05 -2.324985e+04 -9.729570e+05 -5.269195e+05 -1.651484e+03
-6.565657e-03 -5.135274e+07 3.444347e+05 -2.389135e+05 -6.460446e+07 4.515076e+05 -1.092399e+08 -6.685960e+07 -4.343540e+05 -2.767122e+05 6.456057e+07 3.950205e+07 2.432012e+05 6.690376e+07 -4.725393e+05 2.976206e+05 8.414331e+07 -3.165318e+05 7.361335e+07 4.504110e+07 2.759805e+05 -7.622867e+07 5.394280e+05 -3.384973e+05 -9.587102e+07 4.503750e+07 -3.033987e+05 2.087491e+05 5.665956e+07 3.968812e+05 -9.587683e+07 -5.868079e+07 -3.804290e+05
-6.363636e-03 -1.755962e+05 -1.355051e+04 -1.317086e+03 -2.742792e+05 -1.335564e+04 -3.738728e+05 -1.935786e+05 -1.981114e+03 -3.421332e+01 2.741535e+05 1.350774e+05 -9.178863e+03 1.937157e+05 -6.879755e+02 -9.104563e+03 2.879565e+05 -8.316649e+02 3.125369e+05 1.539931e+05 -1.150882e+04 -2.207287e+05 1.583048e+03 1.083933e+04 -3.281083e+05 1.540279e+05 1.084198e+04 5.454921e+02 2.405949e+05 -1.125565e+04 -3.281211e+05 -1.698888e+05 -1.123131e+03
-6.161616e-03 5.484853e+06 -8.095378e+04 6.341973e+04 6.688755e+06 -1.391712e+05 1.169406e+07 7.358306e+06 8.224090e+04 7.378277e+04 -6.684714e+06 -4.219610e+06 -5.587971e+04 -7.362240e+06 9.268142e+04 -9.371453e+04 -9.006698e+06 8.347152e+04 -7.621551e+06 -4.810963e+06 -6.458016e+04 8.389025e+06 -1.049512e+05 1.071627e+05 1.026283e+07 -4.810665e+06 7.013445e+04 -5.612539e+04 -5.866576e+06 -1.217587e+05 1.026275e+07 6.457677e+06 7.268034e+04
-5.959596e-03 -6.058581e+05 -1.788252e+03 -8.737560e+03 -7.806748e+05 6.339804e+03 -1.292984e+06 -7.938490e+05 -1.076572e+04 -8.939224e+03 7.802531e+05 4.661059e+05 -1.124957e+03 7.942674e+05 -1.096901e+04 4.218571e+03 9.958314e+05 -1.074365e+04 8.895581e+05 5.314103e+05 -2.030569e+03 -9.050501e+05 1.305458e+04 -4.489739e+03 -1.134724e+06 5.314057e+05 8.209485e+02 7.239242e+03 6.847495e+05 5.881231e+03 -1.134720e+06 -6.966784e+05 -9.019983e+03
-5.757576e-03 8.422341e+05 -2.425294e+04 1.580564e+04 9.655824e+05 -4.188547e+04 1.799539e+06 1.180256e+06 1.842910e+04 1.889007e+04 -9.650007e+05 -6.479978e+05 -1.660375e+04 -1.180796e+06 2.153144e+04 -2.834976e+04 -1.385955e+06 2.105987e+04 -1.100245e+06 -7.388037e+05 -1.958784e+04 1.345504e+06 -2.405473e+04 3.257601e+04 1.579284e+06 -7.387147e+05 2.061509e+04 -1.423008e+04 -8.468909e+05 -3.648615e+04 1.579247e+06 1.035776e+06 1.654291e+04
-5.555556e-03 -1.605340e+06 2.342883e+04 -3.443758e+04 -1.934533e+06 6.244378e+04 -3.433155e+06 -2.219742e+06 -3.930919e+04 -3.838868e+04 1.933482e+06 1.235132e+06 1.614048e+04 2.220731e+06 -4.328080e+04 4.223060e+04 2.644086e+06 -4.418577e+04 2.204356e+06 1.408179e+06 1.781454e+04 -2.530516e+06 4.973921e+04 -4.788522e+04 -3.012925e+06 1.408065e+06 -2.113665e+04 2.988364e+04 1.696815e+06 5.503601e+04 -3.012872e+06 -1.948002e+06 -3.417282e+04
-5.353535e-03 -5.620250e+05 4.846694e+03 -1.364359e+04 -6.916299e+05 2.091865e+04 -1.203044e+06 -7.792598e+05 -1.529287e+04 -1.481184e+04 6.912785e+05 4.324244e+05 3.365871e+03 7.795903e+05 -1.646650e+04 1.414916e+04 9.265286e+05 -1.725797e+04 7.881035e+05 4.930017e+05 3.306252e+03 -8.883468e+05 1.913655e+04 -1.591494e+04 -1.055780e+06 4.929673e+05 -4.781989e+03 1.168166e+04 6.066579e+05 1.856590e+04 -1.055764e+06 -6.838589e+05 -1.313344e+04
-5.151515e-03 -3.618289e+05 1.913853e+03 -9.807697e+03 -4.508002e+05 1.399921e+04 -7.752127e+05 -5.063016e+05 -1.083116e+04 -1.051849e+04 4.505842e+05 2.783988e+05 1.344350e+03 5.065034e+05 -1.154481e+04 9.473934e+03 5.970262e+05 -1.232364e+04 5.136849e+05 3.173953e+05 1.047515e+03 -5.771670e+05 1.348857e+04 -1.061081e+04 -6.803156e+05 3.173739e+05 -2.163583e+03 8.347506e+03 3.954247e+05 1.247024e+04 -6.803056e+05 -4.443146e+05 -9.248528e+03
-4.949495e-03 -2.620253e+05 6.308037e+02 -7.821874e+03 -3.304381e+05 1.072209e+04 -5.618747e+05 -3.710437e+05 -8.535851e+03 -8.320641e+03 3.302892e+05 2.016122e+05 4.584010e+02 3.711815e+05 -9.036328e+03 7.260210e+03 4.327204e+05 -9.784507e+03 3.765356e+05 2.298503e+05 7.579349e+01 -4.229690e+05 1.059657e+04 -8.107696e+03 -4.930906e+05 2.298351e+05 -9.998791e+02 6.631371e+03 2.898540e+05 9.574871e+03 -4.930834e+05 -3.256142e+05 -7.260085e+03
-4.747475e-03 -2.010371e+05 -6.855175e+01 -6.533934e+03 -2.568969e+05 8.763813e+03 -4.314566e+05 -2.887811e+05 -7.061530e+03 -6.908946e+03 2.567885e+05 1.546888e+05 -2.527729e+01 2.888804e+05 -7.437616e+03 5.937378e+03 3.322772e+05 -8.146375e+03 2.927371e+05 1.763530e+05 -4.432305e+02 -3.291875e+05 8.745979e+03 -6.616750e+03 -3.786363e+05 1.763413e+05 -3.540688e+02 5.523741e+03 2.253500e+05 7.839894e+03 -3.786307e+05 -2.534219e+05 -5.988481e+03
-4.545455e-03 -1.598779e+05 -4.918131e+02 -5.603748e+03 -2.073640e+05 7.452893e+03 -3.433998e+05 -2.335227e+05 -6.007851e+03 -5.897835e+03 2.072823e+05 1.230212e+05 -3.184675e+02 2.335964e+05 -6.302621e+03 5.051734e+03 2.644595e+05 -6.968657e+03 2.362953e+05 1.402490e+05 -7.497824e+02 -2.661916e+05 7.427528e+03 -5.621603e+03 -3.013582e+05 1.402397e+05 4.487500e+01 4.727052e+03 1.819037e+05 6.675402e+03 -3.013538e+05 -2.049281e+05 -5.083147e+03
-4.343434e-03 -1.303488e+05 -7.641556e+02 -4.887607e+03 -1.719554e+05 6.512912e+03 -2.801915e+05 -1.940842e+05 -5.204956e+03 -5.124948e+03 1.718926e+05 1.003015e+05 -5.074280e+02 1.941400e+05 -5.442726e+03 4.416575e+03 2.157794e+05 -6.065512e+03 1.959479e+05 1.143465e+05 -9.413025e+02 -2.212312e+05 6.425549e+03 -4.909962e+03 -2.458872e+05 1.143389e+05 3.076477e+02 4.115816e+03 1.508460e+05 5.838361e+03 -2.458835e+05 -1.703177e+05 -4.395588e+03
-4.141414e-03 -1.082423e+05 -9.464210e+02 -4.312174e+03 -1.455874e+05 5.806913e+03 -2.328449e+05 -1.647423e+05 -4.566069e+03 -4.507759e+03 1.455385e+05 8.329242e+04 -6.341177e+02 1.647848e+05 -4.761909e+03 3.939417e+03 1.793155e+05 -5.342300e+03 1.659019e+05 9.495484e+04 -1.064949e+03 -1.877809e+05 5.630073e+03 -4.376785e+03 -2.043364e+05 9.494847e+04 4.882927e+02 3.626136e+03 1.277179e+05 5.208238e+03 -2.043333e+05 -1.445679e+05 -3.850077e+03
-3.939394e-03 -9.115517e+04 -1.071644e+03 -3.835295e+03 -1.253516e+05 5.258625e+03 -1.962268e+05 -1.422348e+05 -4.041364e+03 -3.999032e+03 1.253132e+05 7.014518e+04 -7.213352e+02 1.422674e+05 -4.205237e+03 3.568761e+03 1.511143e+05 -4.744744e+03 1.428435e+05 7.996608e+04 -1.146195e+03 -1.621223e+05 4.978074e+03 -3.963652e+03 -1.722010e+05 7.996067e+04 6.163055e+02 3.221363e+03 1.099684e+05 4.717835e+03 -1.721983e+05 -1.248159e+05 -3.403218e+03
-3.737374e-03 -7.760966e+04 -1.159182e+03 -3.430653e+03 -1.094580e+05 4.821974e+03 -1.671804e+05 -1.245600e+05 -3.599821e+03 -3.569408e+03 1.094276e+05 5.972276e+04 -7.824492e+02 1.245849e+05 -3.738629e+03 3.273505e+03 1.287446e+05 -4.239037e+03 1.247328e+05 6.808389e+04 -1.199876e+03 -1.419730e+05 4.430382e+03 -3.635325e+03 -1.467104e+05 6.807925e+04 7.090708e+02 2.878670e+03 9.602746e+04 4.326515e+03 -1.467081e+05 -1.093050e+05 -3.028046e+03
-3.535354e-03 -6.664608e+04 -1.221031e+03 -3.080784e+03 -9.674379e+04 4.467411e+03 -1.436553e+05 -1.104205e+05 -3.220936e+03 -3.199492e+03 9.671979e+04 5.128684e+04 -8.257497e+02 1.104395e+05 -3.339638e+03 3.033698e+03 1.106272e+05 -3.802801e+03 1.102450e+05 5.846650e+04 -1.235121e+03 -1.258540e+05 3.961152e+03 -3.369233e+03 -1.260654e+05 5.846248e+04 7.774315e+02 2.582942e+03 8.487531e+04 4.008183e+03 -1.260634e+05 -9.689658e+04 -2.706774e+03
-3.333333e-03 -5.761436e+04 -1.264950e+03 -2.773546e+03 -8.642191e+04 4.175081e+03 -1.242626e+05 -9.893950e+04 -2.890519e+03 -2.875854e+03 8.640300e+04 4.433726e+04 -8.566025e+02 9.895361e+04 -2.992781e+03 2.835937e+03 9.569245e+04 -3.420514e+03 9.848326e+04 5.054369e+04 -1.257790e+03 -1.127658e+05 3.552524e+03 -3.150234e+03 -1.090468e+05 5.054018e+04 8.284511e+02 2.323696e+03 7.582151e+04 3.745285e+03 -1.090451e+05 -8.682118e+04 -2.427115e+03
-3.131313e-03 -5.005892e+04 -1.296133e+03 -2.500176e+03 -7.794149e+04 3.931149e+03 -1.080287e+05 -8.950408e+04 -2.598380e+03 -2.588844e+03 7.792669e+04 3.852353e+04 -8.786006e+02 8.951431e+04 -2.686975e+03 2.670880e+03 8.319037e+04 -3.080996e+03 8.881980e+04 4.391584e+04 -1.271770e+03 -1.020095e+05 3.191694e+03 -2.967788e+03 -9.480037e+04 4.391276e+04 8.668926e+02 2.093378e+03 6.838289e+04 3.525574e+03 -9.479882e+04 -7.854098e+04 -2.180263e+03
-2.929293e-03 -4.365138e+04 -1.318150e+03 -2.254150e+03 -7.090649e+04 3.725678e+03 -9.425147e+04 -8.167414e+04 -2.336976e+03 -2.331308e+03 7.089506e+04 3.359299e+04 -8.942170e+02 8.168121e+04 -2.414043e+03 2.531819e+03 7.258039e+04 -2.775946e+03 8.080339e+04 3.829491e+04 -1.279712e+03 -9.308357e+04 2.869198e+03 -2.814338e+03 -8.270996e+04 3.829221e+04 8.960594e+02 1.886378e+03 6.221210e+04 3.340243e+03 -8.270859e+04 -7.166970e+04 -1.959710e+03
-2.727273e-03 -3.814932e+04 -1.333514e+03 -2.030486e+03 -6.502577e+04 3.551354e+03 -8.241275e+04 -7.512634e+04 -2.100580e+03 -2.097802e+03 6.501710e+04 2.935913e+04 -9.051930e+02 7.513081e+04 -2.167793e+03 2.413816e+03 6.346334e+04 -2.499037e+03 7.410226e+04 3.346825e+04 -1.283459e+03 -8.561925e+04 2.577857e+03 -2.684326e+03 -7.232073e+04 3.346587e+04 9.182964e+02 1.698420e+03 5.705377e+04 3.182803e+03 -7.231952e+04 -6.592360e+04 -1.760524e+03
-2.525253e-03 -3.337000e+04 -1.344029e+03 -1.825297e+03 -6.008121e+04 3.402685e+03 -7.212170e+04 -6.961861e+04 -1.884745e+03 -1.884093e+03 6.007484e+04 2.568135e+04 -9.127780e+02 6.962093e+04 -1.943433e+03 2.313160e+03 5.553823e+04 -2.245341e+03 6.846788e+04 2.927556e+04 -1.284319e+03 -7.934060e+04 2.312108e+03 -2.573586e+03 -6.328973e+04 2.927347e+04 9.353007e+02 1.526173e+03 5.271658e+04 3.048375e+03 -6.328866e+04 -6.109023e+04 -1.578883e+03
-2.323232e-03 -2.917310e+04 -1.351007e+03 -1.635484e+03 -5.590683e+04 3.275474e+03 -6.307818e+04 -6.496679e+04 -1.685950e+03 -1.686823e+03 5.590237e+04 2.245169e+04 -9.178829e+02 6.496733e+04 -1.737179e+03 2.227018e+03 4.857389e+04 -2.010940e+03 6.371113e+04 2.559377e+04 -1.283234e+03 -7.403769e+04 2.067549e+03 -2.478935e+03 -5.535353e+04 2.559193e+04 9.483212e+02 1.366986e+03 4.905495e+04 2.933225e+03 -5.535259e+04 -5.700799e+04 -1.411765e+03
-2.121212e-03 -2.544903e+04 -1.355416e+03 -1.458540e+03 -5.237467e+04 3.166468e+03 -5.504773e+04 -6.102897e+04 -1.501357e+03 -1.503278e+03 5.237181e+04 1.958585e+04 -9.211806e+02 6.102802e+04 -1.545989e+03 2.153192e+03 4.238977e+04 -1.792667e+03 5.968618e+04 2.232675e+04 -1.280889e+03 -6.954873e+04 1.840639e+03 -2.397914e+03 -4.830639e+04 2.232513e+04 9.582894e+02 1.218719e+03 4.595664e+04 2.834458e+03 -4.830556e+04 -5.355233e+04 -1.256739e+03
-1.919192e-03 -2.211088e+04 -1.357982e+03 -1.292397e+03 -4.938501e+04 3.073120e+03 -4.784431e+04 -5.769457e+04 -1.328644e+03 -1.331232e+03 4.938348e+04 1.701693e+04 -9.231741e+02 5.769238e+04 -1.367378e+03 2.089962e+03 3.684258e+04 -1.587916e+03 5.627940e+04 1.939825e+04 -1.277789e+03 -6.574766e+04 1.628480e+03 -2.328593e+03 -4.198504e+04 1.939683e+04 9.659084e+02 1.079607e+03 4.333419e+04 2.749805e+03 -4.198431e+04 -5.062622e+04 -1.111817e+03
-1.717172e-03 -1.908863e+04 -1.359249e+03 -1.135325e+03 -4.685949e+04 2.993416e+03 -4.131804e+04 -5.487673e+04 -1.165877e+03 -1.168827e+03 4.685908e+04 1.469108e+04 -9.242423e+02 5.487350e+04 -1.199284e+03 2.035967e+03 3.181689e+04 -1.394512e+03 5.340152e+04 1.674686e+04 -1.274309e+03 -6.253545e+04 1.428664e+03 -2.269453e+03 -3.625795e+04 1.674563e+04 9.717136e+02 9.481801e+02 4.111886e+04 2.677468e+03 -3.625731e+04 -4.815341e+04 -9.753467e+02
-1.515152e-03 -1.632506e+04 -1.359631e+03 -9.858578e+02 -4.473622e+04 2.925755e+03 -3.534636e+04 -5.250682e+04 -1.011423e+03 -1.014492e+03 4.473673e+04 1.256426e+04 -9.246729e+02 5.250272e+04 -1.039970e+03 1.990125e+03 2.721831e+04 -1.210611e+03 5.098201e+04 1.432238e+04 -1.270730e+03 -5.983387e+04 1.239158e+03 -2.219285e+03 -3.101755e+04 1.432132e+04 9.761155e+02 8.231891e+02 3.925636e+04 2.616020e+03 -3.101700e+04 -4.607369e+04 -8.459357e+02
-1.313131e-03 -1.377266e+04 -1.359442e+03 -8.427293e+02 -4.296615e+04 2.868861e+03 -2.982752e+04 -5.053048e+04 -8.638804e+02 -8.668740e+02 4.296743e+04 1.059992e+04 -9.246851e+02 5.052568e+04 -8.879479e+02 1.951575e+03 2.296848e+04 -1.034626e+03 4.896498e+04 1.208313e+04 -1.267261e+03 -5.758095e+04 1.058222e+03 -2.177128e+03 -2.617456e+04 1.208224e+04 9.794303e+02 7.035599e+02 3.770370e+04 2.564319e+03 -2.617409e+04 -4.433935e+04 -7.223906e+02
-1.111111e-03 -1.139137e+04 -1.358922e+03 -7.048326e+02 -4.151051e+04 2.821721e+03 -2.467570e+04 -4.890472e+04 -7.220312e+02 -7.247942e+02 4.151242e+04 8.767250e+03 -9.244462e+02 4.889934e+04 -7.419261e+02 1.919631e+03 1.900130e+04 -8.651709e+02 4.730624e+04 9.993998e+03 -1.264059e+03 -5.572767e+04 8.843411e+02 -2.142217e+03 -2.165364e+04 9.993255e+03 9.819017e+02 5.883539e+02 3.642683e+04 2.521460e+03 -2.165326e+04 -4.291266e+04 -6.036738e+02
-9.090909e-04 -9.146845e+03 -1.358254e+03 -5.711842e+02 -4.033881e+04 2.783533e+03 -1.981724e+04 -4.759574e+04 -5.847962e+02 -5.872071e+02 4.034121e+04 7.039808e+03 -9.240832e+02 4.758990e+04 -6.007637e+02 1.893751e+03 1.526006e+04 -7.010147e+02 4.597105e+04 8.024828e+03 -1.261243e+03 -5.423552e+04 7.161759e+02 -2.113948e+03 -1.739019e+04 8.024230e+03 9.837164e+02 4.767379e+02 3.539903e+04 2.486724e+03 -1.738988e+04 -4.176397e+04 -4.888685e+02
-7.070707e-04 -7.009059e+03 -1.357575e+03 -4.408957e+02 -3.942743e+04 2.753673e+03 -1.518778e+04 -4.657736e+04 -4.512051e+02 -4.531705e+02 3.943022e+04 5.394496e+03 -9.236916e+02 4.657117e+04 -4.634362e+02 1.873514e+03 1.169517e+04 -5.410479e+02 4.493251e+04 6.149292e+03 -1.258899e+03 -5.307463e+04 5.525235e+02 -2.091852e+03 -1.332769e+04 6.148832e+03 9.850163e+02 3.679601e+02 3.459958e+04 2.459554e+03 -1.332745e+04 -4.087030e+04 -3.771509e+02
-5.050505e-04 -4.951237e+03 -1.356985e+03 -3.131513e+02 -3.875858e+04 2.731669e+03 -1.072989e+04 -4.582986e+04 -3.203696e+02 -3.218206e+02 3.876165e+04 3.810712e+03 -9.233415e+02 4.582340e+04 -3.290074e+02 1.858601e+03 8.262414e+03 -3.842520e+02 4.417034e+04 4.343900e+03 -1.257092e+03 -5.222252e+04 3.922831e+02 -2.075574e+03 -9.415770e+03 4.343574e+03 9.859063e+02 2.613307e+02 3.401287e+04 2.439527e+03 -9.415600e+03 -4.021433e+04 -2.677677e+02
-3.030303e-04 -2.948956e+03 -1.356555e+03 -1.871881e+02 -3.831951e+04 2.717182e+03 -6.391183e+03 -4.533909e+04 -1.914618e+02 -1.923509e+02 3.832276e+04 2.269664e+03 -9.230823e+02 4.533246e+04 -1.966056e+02 1.848782e+03 4.921443e+03 -2.296758e+02 4.367000e+04 2.587228e+03 -1.255864e+03 -5.166308e+04 2.344292e+02 -2.064859e+03 -5.608433e+03 2.587034e+03 9.864604e+02 1.562053e+02 3.362772e+04 2.426339e+03 -5.608332e+03 -3.978365e+04 -1.600171e+02
-1.010101e-04 -9.793843e+02 -1.356329e+03 -6.227962e+01 -3.810199e+04 2.709992e+03 -2.122667e+03 -4.509594e+04 -6.369472e+01 -6.399414e+01 3.810533e+04 7.537838e+02 -9.229451e+02 4.508923e+04 -6.540289e+01 1.843908e+03 1.634530e+03 -7.641356e+01 4.342213e+04 8.592507e+02 -1.255243e+03 -5.138590e+04 7.798725e+01 -2.059542e+03 -1.862696e+03 8.591862e+02 9.867260e+02 5.197015e+01 3.343692e+04 2.419793e+03 -1.862663e+03 -3.957028e+04 -5.323246e+01
1.010101e-04 9.793843e+02 -1.356329e+03 6.227962e+01 -3.810199e+04 2.709992e+03 2.122667e+03 -4.509594e+04 6.369472e+01 6.399414e+01 3.810533e+04 -7.537838e+02 -9.229451e+02 4.508923e+04 6.540289e+01 1.843908e+03 -1.634530e+03 7.641356e+01 4.342213e+04 -8.592507e+02 -1.255243e+03 -5.138590e+04 -7.798725e+01 -2.059542e+03 1.862696e+03 -8.591862e+02 9.867260e+02 -5.197015e+01 3.343692e+04 2.419793e+03 1.862663e+03 -3.957028e+04 5.323246e+01
3.030303e-04 2.948956e+03 -1.356555e+03 1.871881e+02 -3.831951e+04 2.717182e+03 6.391183e+03 -4.533909e+04 1.914618e+02 1.923509e+02 3.832276e+04 -2.269664e+03 -9.230823e+02 4.533246e+04 1.966056e+02 1.848782e+03 -4.921443e+03 2.296758e+02 4.367000e+04 -2.587228e+03 -1.255864e+03 -5.166308e+04 -2.344292e+02 -2.064859e+03 5.608433e+03 -2.587034e+03 9.864604e+02 -1.562053e+02 3.362772e+04 2.426339e+03 5.608332e+03 -3.978365e+04 1.600171e+02
5.050505e-04 4.951237e+03 -1.356985e+03 3.131513e+02 -3.875858e+04 2.731669e+03 1.072989e+04 -4.582986e+04 3.203696e+02 3.218206e+02 3.876165e+04 -3.810712e+03 -9.233415e+02 4.582340e+04 3.290074e+02 1.858601e+03 -8.262414e+03 3.842520e+02 4.417034e+04 -4.343900e+03 -1.257092e+03 -5.222252e+04 -3.922831e+02 -2.075574e+03 9.415770e+03 -4.343574e+03 9.859063e+02 -2.613307e+02 3.401287e+04 2.439527e+03 9.415600e+03 -4.021433e+04 2.677677e+02
7.070707e-04 7.009059e+03 -1.357575e+03 4.408957e+02 -3.942743e+04 2.753673e+03 1.518778e+04 -4.657736e+04 4.512051e+02 4.531705e+02 3.943022e+04 -5.394496e+03 -9.236916e+02 4.657117e+04 4.634362e+02 1.873514e+03 -1.169517e+04 5.410479e+02 4.493251e+04 -6.149292e+03 -1.258899e+03 -5.307463e+04 -5.525235e+02 -2.091852e+03 1.332769e+04 -6.148832e+03 9.850163e+02 -3.679601e+02 3.459958e+04 2.459554e+03 1.332745e+04 -4.087030e+04 3.771509e+02
9.090909e-04 9.146845e+03 -1.358254e+03 5.711842e+02 -4.033881e+04 2.783533e+03 1.981724e+04 -4.759574e+04 5.847962e+02 5.872071e+02 4.034121e+04 -7.039808e+03 -9.240832e+02 4.758990e+04 6.007637e+02 1.893751e+03 -1.526006e+04 7.010147e+02 4.597105e+04 -8.024828e+03 -1.261243e+03 -5.423552e+04 -7.161759e+02 -2.113948e+03 1.739019e+04 -8.024230e+03 9.837164e+02 -4.767379e+02 3.539903e+04 2.486724e+03 1.738988e+04 -4.176397e+04 4.888685e+02
1.111111e-03 1.139137e+04 -1.358922e+03 7.048326e+02 -4.151051e+04 2.821721e+03 2.467570e+04 -4.890472e+04 7.220312e+02 7.247942e+02 4.151242e+04 -8.767250e+03 -9.244462e+02 4.889934e+04 7.419261e+02 1.919631e+03 -1.900130e+04 8.651709e+02 4.730624e+04 -9.993998e+03 -1.264059e+03 -5.572767e+04 -8.843411e+02 -2.142217e+03 2.165364e+04 -9.993255e+03 9.819017e+02 -5.883539e+02 3.642683e+04 2.521460e+03 2.165326e+04 -4.291266e+04 6.036738e+02
1.313131e-03 1.377266e+04 -1.359442e+03 8.427293e+02 -4.296615e+04 2.868861e+03 2.982752e+04 -5.053048e+04 8.638804e+02 8.668740e+02 4.296743e+04 -1.059992e+04 -9.246851e+02 5.052568e+04 8.879479e+02 1.951575e+03 -2.296848e+04 1.034626e+03 4.896498e+04 -1.208313e+04 -1.267261e+03 -5.758095e+04 -1.058222e+03 -2.177128e+03 2.617456e+04 -1.208224e+04 9.794303e+02 -7.035599e+02 3.770370e+04 2.564319e+03 2.617409e+04 -4.433935e+04 7.223906e+02
1.515152e-03 1.632506e+04 -1.359631e+03 9.858578e+02 -4.473622e+04 2.925755e+03 3.534636e+04 -5.250682e+04 1.011423e+03 1.014492e+03 4.473673e+04 -1.256426e+04 -9.246729e+02 5.250272e+04 1.039970e+03 1.990125e+03 -2.721831e+04 1.210611e+03 5.098201e+04 -1.432238e+04 -1.270730e+03 -5.983387e+04 -1.239158e+03 -2.219285e+03 3.101755e+04 -1.432132e+04 9.761155e+02 -8.231891e+02 3.925636e+04 2.616020e+03 3.101700e+04 -4.607369e+04 8.459357e+02
1.717172e-03 1.908863e+04 -1.359249e+03 1.135325e+03 -4.685949e+04 2.993416e+03 4.131804e+04 -5.487673e+04 1.165877e+03 1.168827e+03 4.685908e+04 -1.469108e+04 -9.242423e+02 5.487350e+04 1.199284e+03 2.035967e+03 -3.181689e+04 1.394512e+03 5.340152e+04 -1.674686e+04 -1.274309e+03 -6.253545e+04 -1.428664e+03 -2.269453e+03 3.625795e+04 -1.674563e+04 9.717136e+02 -9.481801e+02 4.111886e+04 2.677468e+03 3.625731e+04 -4.815341e+04 9.753467e+02
1.919192e-03 2.211088e+04 -1.357982e+03 1.292397e+03 -4.938501e+04 3.073120e+03 4.784431e+04 -5.769457e+04 1.328644e+03 1.331232e+03 4.938348e+04 -1.701693e+04 -9.231741e+02 5.769238e+04 1.367378e+03 2.089962e+03 -3.684258e+04 1.587916e+03 5.627940e+04 -1.939825e+04 -1.277789e+03 -6.574766e+04 -1.628480e+03 -2.328593e+03 4.198504e+04 -1.939683e+04 9.659084e+02 -1.079607e+03 4.333419e+04 2.749805e+03 4.198431e+04 -5.062622e+04 1.111817e+03
2.121212e-03 2.544903e+04 -1.355416e+03 1.458540e+03 -5.237467e+04 3.166468e+03 5.504773e+04 -6.102897e+04 1.501357e+03 1.503278e+03 5.237181e+04 -1.958585e+04 -9.211806e+02 6.102802e+04 1.545989e+03 2.153192e+03 -4.238977e+04 1.792667e+03 5.968618e+04 -2.232675e+04 -1.280889e+03 -6.954873e+04 -1.840639e+03 -2.397914e+03 4.830639e+04 -2.232513e+04 9.582894e+02 -1.218719e+03 4.595664e+04 2.834458e+03 4.830556e+04 -5.355233e+04 1.256739e+03
2.323232e-03 2.917310e+04 -1.351007e+03 1.635484e+03 -5.590683e+04 3.275474e+03 6.307818e+04 -6.496679e+04 1.685950e+03 1.686823e+03 5.590237e+04 -2.245169e+04 -9.178829e+02 6.496733e+04 1.737179e+03 2.227018e+03 -4.857389e+04 2.010940e+03 6.371113e+04 -2.559377e+04 -1.283234e+03 -7.403769e+04 -2.067549e+03 -2.478935e+03 5.535353e+04 -2.559193e+04 9.483212e+02 -1.366986e+03 4.905495e+04 2.933225e+03 5.535259e+04 -5.700799e+04 1.411765e+03
2.525253e-03 3.337000e+04 -1.344029e+03 1.825297e+03 -6.008121e+04 3.402685e+03 7.212170e+04 -6.961861e+04 1.884745e+03 1.884093e+03 6.007484e+04 -2.568135e+04 -9.127780e+02 6.962093e+04 1.943433e+03 2.313160e+03 -5.553823e+04 2.245341e+03 6.846788e+04 -2.927556e+04 -1.284319e+03 -7.934060e+04 -2.312108e+03 -2.573586e+03 6.328973e+04 -2.927347e+04 9.353007e+02 -1.526173e+03 5.271658e+04 3.048375e+03 6.328866e+04 -6.109023e+04 1.578883e+03
2.727273e-03 3.814932e+04 -1.333514e+03 2.030486e+03 -6.502577e+04 3.551354e+03 8.241275e+04 -7.512634e+04 2.100580e+03 2.097802e+03 6.501710e+04 -2.935913e+04 -9.051930e+02 7.513081e+04 2.167793e+03 2.413816e+03 -6.346334e+04 2.499037e+03 7.410226e+04 -3.346825e+04 -1.283459e+03 -8.561925e+04 -2.577857e+03 -2.684326e+03 7.232073e+04 -3.346587e+04 9.182964e+02 -1.698420e+03 5.705377e+04 3.182803e+03 7.231952e+04 -6.592360e+04 1.760524e+03
2.929293e-03 4.365138e+04 -1.318150e+03 2.254150e+03 -7.090649e+04 3.725678e+03 9.425147e+04 -8.167414e+04 2.336976e+03 2.331308e+03 7.089506e+04 -3.359299e+04 -8.942170e+02 8.168121e+04 2.414043e+03 2.531819e+03 -7.258039e+04 2.775946e+03 8.080339e+04 -3.829491e+04 -1.279712e+03 -9.308357e+04 -2.869198e+03 -2.814338e+03 8.270996e+04 -3.829221e+04 8.960594e+02 -1.886378e+03 6.221210e+04 3.340243e+03 8.270859e+04 -7.166970e+04 1.959710e+03
3.131313e-03 5.005892e+04 -1.296133e+03 2.500176e+03 -7.794149e+04 3.931149e+03 1.080287e+05 -8.950408e+04 2.598380e+03 2.588844e+03 7.792669e+04 -3.852353e+04 -8.786006e+02 8.951431e+04 2.686975e+03 2.670880e+03 -8.319037e+04 3.080996e+03 8.881980e+04 -4.391584e+04 -1.271770e+03 -1.020095e+05 -3.191694e+03 -2.967788e+03 9.480037e+04 -4.391276e+04 8.668926e+02 -2.093378e+03 6.838289e+04 3.525574e+03 9.479882e+04 -7.854098e+04 2.180263e+03
3.333333e-03 5.761436e+04 -1.264950e+03 2.773546e+03 -8.642191e+04 4.175081e+03 1.242626e+05 -9.893950e+04 2.890519e+03 2.875854e+03 8.640300e+04 -4.433726e+04 -8.566025e+02 9.895361e+04 2.992781e+03 2.835937e+03 -9.569245e+04 3.420514e+03 9.848326e+04 -5.054369e+04 -1.257790e+03 -1.127658e+05 -3.552524e+03 -3.150234e+03 1.090468e+05 -5.054018e+04 8.284511e+02 -2.323696e+03 7.582151e+04 3.745285e+03 1.090451e+05 -8.682118e+04 2.427115e+03
3.535354e-03 6.664608e+04 -1.221031e+03 3.080784e+03 -9.674379e+04 4.467411e+03 1.436553e+05 -1.104205e+05 3.220936e+03 3.199492e+03 9.671979e+04 -5.128684e+04 -8.257497e+02 1.104395e+05 3.339638e+03 3.033698e+03 -1.106272e+05 3.802801e+03 1.102450e+05 -5.846650e+04 -1.235121e+03 -1.258540e+05 -3.961152e+03 -3.369233e+03 1.260654e+05 -5.846248e+04 7.774315e+02 -2.582942e+03 8.487531e+04 4.008183e+03 1.260634e+05 -9.689658e+04 2.706774e+03
3.737374e-03 7.760966e+04 -1.159182e+03 3.430653e+03 -1.094580e+05 4.821974e+03 1.671804e+05 -1.245600e+05 3.599821e+03 3.569408e+03 1.094276e+05 -5.972276e+04 -7.824492e+02 1.245849e+05 3.738629e+03 3.273505e+03 -1.287446e+05 4.239037e+03 1.247328e+05 -6.808389e+04 -1.199876e+03 -1.419730e+05 -4.430382e+03 -3.635325e+03 1.467104e+05 -6.807925e+04 7.090708e+02 -2.878670e+03 9.602746e+04 4.326515e+03 1.467081e+05 -1.093050e+05 3.028046e+03
3.939394e-03 9.115517e+04 -1.071644e+03 3.835295e+03 -1.253516e+05 5.258625e+03 1.962268e+05 -1.422348e+05 4.041364e+03 3.999032e+03 1.253132e+05 -7.014518e+04 -7.213352e+02 1.422674e+05 4.205237e+03 3.568761e+03 -1.511143e+05 4.744744e+03 1.428435e+05 -7.996608e+04 -1.146195e+03 -1.621223e+05 -4.978074e+03 -3.963652e+03 1.722010e+05 -7.996067e+04 6.163055e+02 -3.221363e+03 1.099684e+05 4.717835e+03 1.721983e+05 -1.248159e+05 3.403218e+03
4.141414e-03 1.082423e+05 -9.464210e+02 4.312174e+03 -1.455874e+05 5.806913e+03 2.328449e+05 -1.647423e+05 4.566069e+03 4.507759e+03 1.455385e+05 -8.329242e+04 -6.341177e+02 1.647848e+05 4.761909e+03 3.939417e+03 -1.793155e+05 5.342300e+03 1.659019e+05 -9.495484e+04 -1.064949e+03 -1.877809e+05 -5.630073e+03 -4.376785e+03 2.043364e+05 -9.494847e+04 4.882927e+02 -3.626136e+03 1.277179e+05 5.208238e+03 2.043333e+05 -1.445679e+05 3.850077e+03
4.343434e-03 1.303488e+05 -7.641556e+02 4.887607e+03 -1.719554e+05 6.512912e+03 2.801915e+05 -1.940842e+05 5.204956e+03 5.124948e+03 1.718926e+05 -1.003015e+05 -5.074280e+02 1.941400e+05 5.442726e+03 4.416575e+03 -2.157794e+05 6.065512e+03 1.959479e+05 -1.143465e+05 -9.413025e+02 -2.212312e+05 -6.425549e+03 -4.909962e+03 2.458872e+05 -1.143389e+05 3.076477e+02 -4.115816e+03 1.508460e+05 5.838361e+03 2.458835e+05 -1.703177e+05 4.395588e+03
4.545455e-03 1.598779e+05 -4.918131e+02 5.603748e+03 -2.073640e+05 7.452893e+03 3.433998e+05 -2.335227e+05 6.007851e+03 5.897835e+03 2.072823e+05 -1.230212e+05 -3.184675e+02 2.335964e+05 6.302621e+03 5.051734e+03 -2.644595e+05 6.968657e+03 2.362953e+05 -1.402490e+05 -7.497824e+02 -2.661916e+05 -7.427528e+03 -5.621603e+03 3.013582e+05 -1.402397e+05 4.487500e+01 -4.727052e+03 1.819037e+05 6.675402e+03 3.013538e+05 -2.049281e+05 5.083147e+03
4.747475e-03 2.010371e+05 -6.855175e+01 6.533934e+03 -2.568969e+05 8.763813e+03 4.314566e+05 -2.887811e+05 7.061530e+03 6.908946e+03 2.567885e+05 -1.546888e+05 -2.527729e+01 2.888804e+05 7.437616e+03 5.937378e+03 -3.322772e+05 8.146375e+03 2.927371e+05 -1.763530e+05 -4.432305e+02 -3.291875e+05 -8.745979e+03 -6.616750e+03 3.786363e+05 -1.763413e+05 -3.540688e+02 -5.523741e+03 2.253500e+05 7.839894e+03 3.786307e+05 -2.534219e+05 5.988481e+03
4.949495e-03 2.620253e+05 6.308037e+02 7.821874e+03 -3.304381e+05 1.072209e+04 5.618747e+05 -3.710437e+05 8.535851e+03 8.320641e+03 3.302892e+05 -2.016122e+05 4.584010e+02 3.711815e+05 9.036328e+03 7.260210e+03 -4.327204e+05 9.784507e+03 3.765356e+05 -2.298503e+05 7.579349e+01 -4.229690e+05 -1.059657e+04 -8.107696e+03 4.930906e+05 -2.298351e+05 -9.998791e+02 -6.631371e+03 2.898540e+05 9.574871e+03 4.930834e+05 -3.256142e+05 7.260085e+03
5.151515e-03 3.618289e+05 1.913853e+03 9.807697e+03 -4.508002e+05 1.399921e+04 7.752127e+05 -5.063016e+05 1.083116e+04 1.051849e+04 4.505842e+05 -2.783988e+05 1.344350e+03 5.065034e+05 1.154481e+04 9.473934e+03 -5.970262e+05 1.232364e+04 5.136849e+05 -3.173953e+05 1.047515e+03 -5.771670e+05 -1.348857e+04 -1.061081e+04 6.803156e+05 -3.173739e+05 -2.163583e+03 -8.347506e+03 3.954247e+05 1.247024e+04 6.803056e+05 -4.443146e+05 9.248528e+03
5.353535e-03 5.620250e+05 4.846694e+03 1.364359e+04 -6.916299e+05 2.091865e+04 1.203044e+06 -7.792598e+05 1.529287e+04 1.481184e+04 6.912785e+05 -4.324244e+05 3.365871e+03 7.795903e+05 1.646650e+04 1.414916e+04 -9.265286e+05 1.725797e+04 7.881035e+05 -4.930017e+05 3.306252e+03 -8.883468e+05 -1.913655e+04 -1.591494e+04 1.055780e+06 -4.929673e+05 -4.781989e+03 -1.168166e+04 6.066579e+05 1.856590e+04 1.055764e+06 -6.838589e+05 1.313344e+04
5.555556e-03 1.605340e+06 2.342883e+04 3.443758e+04 -1.934533e+06 6.244378e+04 3.433155e+06 -2.219742e+06 3.930919e+04 3.838868e+04 1.933482e+06 -1.235132e+06 1.614048e+04 2.220731e+06 4.328080e+04 4.223060e+04 -2.644086e+06 4.418577e+04 2.204356e+06 -1.408179e+06 1.781454e+04 -2.530516e+06 -4.973921e+04 -4.788522e+04 3.012925e+06 -1.408065e+06 -2.113665e+04 -2.988364e+04 1.696815e+06 5.503601e+04 3.012872e+06 -1.948002e+06 3.417282e+04
5.757576e-03 -8.422341e+05 -2.425294e+04 -1.580564e+04 9.655824e+05 -4.188547e+04 -1.799539e+06 1.180256e+06 -1.842910e+04 -1.889007e+04 -9.650007e+05 6.479978e+05 -1.660375e+04 -1.180796e+06 -2.153144e+04 -2.834976e+04 1.385955e+06 -2.105987e+04 -1.100245e+06 7.388037e+05 -1.958784e+04 1.345504e+06 2.405473e+04 3.257601e+04 -1.579284e+06 7.387147e+05 2.061509e+04 1.423008e+04 -8.468909e+05 -3.648615e+04 -1.579247e+06 1.035776e+06 -1.654291e+04
5.959596e-03 6.058581e+05 -1.788252e+03 8.737560e+03 -7.806748e+05 6.339804e+03 1.292984e+06 -7.938490e+05 1.076572e+04 8.939224e+03 7.802531e+05 -4.661059e+05 -1.124957e+03 7.942674e+05 1.096901e+04 4.218571e+03 -9.958314e+05 1.074365e+04 8.895581e+05 -5.314103e+05 -2.030569e+03 -9.050501e+05 -1.305458e+04 -4.489739e+03 1.134724e+06 -5.314057e+05 8.209485e+02 -7.239242e+03 6.847495e+05 5.881231e+03 1.134720e+06 -6.966784e+05 9.019983e+03
6.161616e-03 -5.484853e+06 -8.095378e+04 -6.341973e+04 6.688755e+06 -1.391712e+05 -1.169406e+07 7.358306e+06 -8.224090e+04 -7.378277e+04 -6.684714e+06 4.219610e+06 -5.587971e+04 -7.362240e+06 -9.268142e+04 -9.371453e+04 9.006698e+06 -8.347152e+04 -7.621551e+06 4.810963e+06 -6.458016e+04 8.389025e+06 1.049512e+05 1.071627e+05 -1.026283e+07 4.810665e+06 7.013445e+04 5.612539e+04 -5.866576e+06 -1.217587e+05 -1.026275e+07 6.457677e+06 -7.268034e+04
6.363636e-03 1.755962e+05 -1.355051e+04 1.317086e+03 -2.742792e+05 -1.335564e+04 3.738728e+05 -1.935786e+05 1.981114e+03 3.421332e+01 2.741535e+05 -1.350774e+05 -9.178863e+03 1.937157e+05 6.879755e+02 -9.104563e+03 -2.879565e+05 8.316649e+02 3.125369e+05 -1.539931e+05 -1.150882e+04 -2.207287e+05 -1.583048e+03 1.083933e+04 3.281083e+05 -1.540279e+05 1.084198e+04 -5.454921e+02 2.405949e+05 -1.125565e+04 3.281211e+05 -1.698888e+05 1.123131e+03
6.565657e-03 5.135274e+07 3.444346e+05 2.389134e+05 -6.460445e+07 4.515075e+05 1.092399e+08 -6.685959e+07 4.343539e+05 2.767122e+05 6.456056e+07 -3.950205e+07 2.432012e+05 6.690375e+07 4.725392e+05 2.976206e+05 -8.414329e+07 3.165318e+05 7.361334e+07 -4.504110e+07 2.759805e+05 -7.622866e+07 -5.394279e+05 -3.384972e+05 9.587101e+07 -4.503750e+07 -3.033986e+05 -2.087491e+05 5.665956e+07 3.968811e+05 9.587681e+07 -5.868078e+07 3.804289e+05
6.767677e-03 5.217533e+05 -2.584008e+04 1.150830e+03 -7.512722e+05 -2.751440e+04 1.108619e+06 -6.003908e+05 3.205163e+03 -1.406428e+03 7.508633e+05 -4.013532e+05 -1.746032e+04 6.008155e+05 6.231036e+02 -1.878924e+04 -8.538778e+05 -1.097724e+02 8.560431e+05 -4.575774e+05 -2.182804e+04 -6.845913e+05 -2.217880e+03 2.230603e+04 9.729369e+05 -4.576445e+05 2.074432e+04 1.396654e+02 6.589659e+05 -2.324985e+04 9.729570e+05 -5.269195e+05 1.651484e+03
6.969697e-03 9.362852e+07 3.214400e+05 -2.168257e+05 -1.195079e+08 -1.640158e+05 1.987271e+08 -1.198590e+08 1.588220e+05 -2.092892e+05 1.194292e+08 -7.202141e+07 2.364899e+05 1.199376e+08 1.664389e+05 -1.295418e+05 -1.530670e+08 -2.494696e+05 1.361705e+08 -8.211722e+07 2.834730e+05 -1.366609e+08 -1.786951e+05 1.409889e+05 1.744097e+08 -8.211747e+07 -2.680976e+05 1.818278e+05 1.048152e+08 -1.505647e+05 1.744087e+08 -1.051917e+08 1.478216e+05
7.171717e-03 -6.983479e+05 -2.948616e+04 4.580018e+03 8.124927e+05 -2.432180e+04 -1.480617e+06 9.556682e+05 1.734133e+03 1.979993e+03 -8.118911e+05 5.371852e+05 -2.017072e+04 -9.562603e+05 -8.952120e+02 -1.637991e+04 1.140431e+06 3.905494e+03 -9.257666e+05 6.125199e+05 -2.507074e+04 1.089595e+06 -6.459371e+02 1.967349e+04 -1.299449e+06 6.124560e+05 2.378990e+04 -2.749353e+03 -7.125500e+05 -2.033512e+04 -1.299428e+06 8.387219e+05 2.387031e+02
7.373737e-03 2.932795e+06 3.129243e+04 -2.971554e+04 -3.719079e+06 -4.016905e+03 6.209932e+06 -3.786709e+06 -1.710104e+04 -2.840724e+04 3.716469e+06 -2.255851e+06 2.187957e+04 3.789315e+06 -1.577636e+04 -3.353442e+03 -4.783243e+06 -3.490265e+04 4.237571e+06 -2.572162e+06 2.809694e+04 -4.317617e+06 2.051734e+04 2.248628e+03 5.450114e+06 -2.572136e+06 -2.429696e+04 2.412883e+04 3.261737e+06 -5.098754e+03 5.450092e+06 -3.323370e+06 -1.305102e+04
7.575758e-03 -1.104514e+06 -3.875271e+04 1.532151e+04 1.324203e+06 -2.315454e+04 -2.335986e+06 1.480155e+06 1.047825e+04 1.230999e+04 -1.323196e+06 8.495635e+05 -2.656487e+04 -1.481158e+06 7.427912e+03 -1.547869e+04 1.799327e+06 1.661728e+04 -1.508799e+06 9.687213e+05 -3.347656e+04 1.687653e+06 -1.107686e+04 1.925220e+04 -2.050182e+06 9.686517e+05 3.080262e+04 -1.145200e+04 -1.161307e+06 -1.870470e+04 -2.050160e+06 1.299049e+06 7.183142e+03
7.777778e-03 6.899137e+05 8.004474e+03 -1.264943e+04 -8.846065e+05 -4.971595e+03 1.457121e+06 -8.909811e+05 -9.457848e+03 -1.251110e+04 8.839564e+05 -5.306331e+05 5.597578e+03 8.916308e+05 -9.317247e+03 -3.537851e+03 -1.122392e+06 -1.516184e+04 1.007921e+06 -6.050561e+05 7.494351e+03 -1.015927e+06 1.152401e+04 3.452153e+03 1.278853e+06 -6.050542e+05 -5.908978e+03 1.040426e+04 7.758093e+05 -4.942560e+03 1.278850e+06 -7.819725e+05 -7.601396e+03
7.979798e-03 -8.123928e+06 -2.909754e+05 1.771430e+05 9.858649e+06 -1.253786e+05 -1.713760e+07 1.085233e+07 1.390228e+05 1.568096e+05 -9.850892e+06 6.248352e+06 -1.995569e+05 -1.086011e+07 1.183944e+05 -8.314209e+04 1.320084e+07 2.013253e+05 -1.123287e+07 7.124925e+06 -2.549560e+05 1.237397e+07 -1.577374e+05 1.091595e+05 -1.504099e+07 7.124448e+06 2.277950e+05 -1.380309e+05 -8.645738e+06 -9.560140e+04 -1.504094e+07 9.524625e+06 1.044216e+05
8.181818e-03 4.210151e+05 7.970081e+03 -1.124868e+04 -5.379500e+05 -2.476637e+03 8.868624e+05 -5.500121e+05 -9.167010e+03 -1.098859e+04 5.375308e+05 -3.237943e+05 5.519589e+03 5.504315e+05 -8.902511e+03 -1.789836e+03 -6.831556e+05 -1.341812e+04 6.129303e+05 -3.692211e+05 7.380422e+03 -6.271552e+05 1.104469e+04 1.453125e+03 7.783758e+05 -3.692171e+05 -5.903820e+03 9.181744e+03 4.717750e+05 -2.760208e+03 7.783714e+05 -4.827265e+05 -7.351344e+03
8.383838e-03 7.327155e+05 2.574105e+04 -2.219066e+04 -9.049392e+05 6.267482e+03 1.541494e+06 -9.771243e+05 -1.849718e+04 -2.062758e+04 9.041968e+05 -5.635109e+05 1.767091e+04 9.778714e+05 -1.690839e+04 4.057483e+03 -1.187436e+06 -2.584376e+04 1.031062e+06 -6.425839e+05 2.294895e+04 -1.114168e+06 2.162390e+04 -6.150474e+03 1.352938e+06 -6.425527e+05 -1.977733e+04 1.767433e+04 7.935936e+05 3.972250e+03 1.352927e+06 -8.575933e+05 -1.441744e+04
8.585859e-03 4.377773e+05 1.536802e+04 -1.518691e+04 -5.452294e+05 2.418824e+03 9.197180e+05 -5.841936e+05 -1.290313e+04 -1.431957e+04 5.447750e+05 -3.366704e+05 1.055425e+04 5.846514e+05 -1.202067e+04 1.518571e+03 -7.084846e+05 -1.781624e+04 6.212150e+05 -3.839187e+05 1.382150e+04 -6.661358e+05 1.520817e+04 -2.722146e+03 8.072243e+05 -3.839020e+05 -1.169207e+04 1.217414e+04 4.781401e+05 1.130336e+03 8.072187e+05 -5.127334e+05 -1.015997e+04
8.787879e-03 3.096727e+05 1.109386e+04 -1.212507e+04 -3.882556e+05 1.040330e+03 6.496644e+05 -4.140928e+05 -1.045491e+04 -1.153430e+04 3.879266e+05 -2.381439e+05 7.620176e+03 4.144247e+05 -9.853253e+03 6.149002e+02 -5.004633e+05 -1.429021e+04 4.423620e+05 -2.715695e+05 1.005085e+04 -4.721810e+05 1.238362e+04 -1.469152e+03 5.702067e+05 -2.715585e+05 -8.368382e+03 9.758200e+03 3.404792e+05 1.440067e+02 5.702030e+05 -3.634425e+05 -8.284725e+03
8.989899e-03 2.354145e+05 8.665700e+03 -1.028566e+04 -2.969749e+05 3.620700e+02 4.931661e+05 -3.156651e+05 -8.973869e+03 -9.846947e+03 2.967190e+05 -1.810316e+05 5.952795e+03 3.159234e+05 -8.526629e+03 1.732834e+02 -3.799127e+05 -1.216326e+04 3.383585e+05 -2.064446e+05 7.903405e+03 -3.599497e+05 1.066633e+04 -8.371235e+02 4.328527e+05 -2.064368e+05 -6.484909e+03 8.301145e+03 2.604291e+05 -3.223271e+02 4.328502e+05 -2.770562e+05 -7.143357e+03
9.191919e-03 1.867727e+05 7.082419e+03 -9.022238e+03 -2.370305e+05 -1.768296e+01 3.906934e+05 -2.512543e+05 -7.947515e+03 -8.679662e+03 2.368230e+05 -1.436214e+05 4.865389e+03 2.514641e+05 -7.597930e+03 -7.200879e+01 -3.009778e+05 -1.069715e+04 2.700592e+05 -1.637857e+05 6.499858e+03 -2.865056e+05 9.471239e+03 -4.722517e+02 3.429153e+05 -1.637798e+05 -5.259879e+03 7.297047e+03 2.078600e+05 -5.701706e+02 3.429135e+05 -2.205251e+05 -6.348052e+03
9.393939e-03 1.525773e+05 5.964716e+03 -8.086259e+03 -1.947935e+05 -2.450195e+02 3.186868e+05 -2.059944e+05 -7.180066e+03 -7.809587e+03 1.946203e+05 -1.173222e+05 4.097672e+03 2.061696e+05 -6.897444e+03 -2.174062e+02 -2.455106e+05 -9.607679e+03 2.219354e+05 -1.337965e+05 5.506825e+03 -2.348978e+05 8.574442e+03 -2.453340e+02 2.797169e+05 -1.337919e+05 -4.397206e+03 6.551089e+03 1.708199e+05 -7.083962e+02 2.797155e+05 -1.808019e+05 -5.750499e+03
9.595960e-03 1.273743e+05 5.133129e+03 -7.358001e+03 -1.635965e+05 -3.860027e+02 2.656420e+05 -1.726398e+05 -6.577513e+03 -7.129002e+03 1.634488e+05 -9.793914e+04 3.526454e+03 1.727892e+05 -6.343344e+03 -3.064202e+02 -2.046495e+05 -8.757721e+03 1.863904e+05 -1.116937e+05 4.766441e+03 -1.968649e+05 7.868211e+03 -9.762748e+01 2.331607e+05 -1.116901e+05 -3.756888e+03 5.969269e+03 1.434614e+05 -7.858116e+02 2.331597e+05 -1.515276e+05 -5.279353e+03
9.797980e-03 1.081489e+05 4.490639e+03 -6.771429e+03 -1.397478e+05 -4.746403e+02 2.251994e+05 -1.471912e+05 -6.088029e+03 -6.578278e+03 1.396199e+05 -8.315356e+04 3.085123e+03 1.473208e+05 -5.890309e+03 -3.613983e+02 -1.734959e+05 -8.071515e+03 1.592180e+05 -9.483347e+04 4.193283e+03 -1.678468e+05 7.293031e+03 1.306234e+00 1.976650e+05 -9.483053e+04 -3.263299e+03 5.499648e+03 1.225473e+05 -8.272851e+02 1.976642e+05 -1.291921e+05 -4.895198e+03
1.000000e-02 9.309022e+04 3.979855e+03 -6.286633e+03 -1.210274e+05 -5.300238e+02 1.935389e+05 -1.272491e+05 -5.680255e+03 -6.121246e+03 1.209151e+05 -7.157257e+04 2.734266e+03 1.273629e+05 -5.510774e+03 -3.948566e+02 -1.491071e+05 -7.503195e+03 1.378885e+05 -8.162736e+04 3.736771e+03 -1.451073e+05 6.812804e+03 6.868677e+01 1.698772e+05 -8.162495e+04 -2.871743e+03 5.110783e+03 1.061304e+05 -8.466112e+02 1.698766e+05 -1.116894e+05 -4.574124e+03
