-1.000000e-02 -2.311411e+04 -2.092742e+03 1.158925e+03 -1.412461e+03 2.482499e+03 5.458463e+03 3.020972e+02 1.540035e+03 1.146500e+03 1.447867e+03 1.780264e+04 -1.435281e+03 -3.375785e+02 1.530774e+03 1.699785e+03 -4.209304e+03 1.436845e+03 1.659994e+03 2.028642e+04 -1.550577e+03 3.341200e+02 -1.858664e+03 -2.254379e+03 4.790149e+03 2.028349e+04 1.921556e+03 -9.163472e+02 1.231773e+03 1.861147e+03 4.793654e+03 3.037866e+02 1.263801e+03
-9.797980e-03 -2.356748e+04 -2.129828e+03 1.155936e+03 -1.241561e+03 2.530006e+03 5.587591e+03 5.454655e+02 1.538502e+03 1.143323e+03 1.277034e+03 1.815101e+04 -1.460310e+03 -5.810364e+02 1.529056e+03 1.731916e+03 -4.308037e+03 1.432971e+03 1.465332e+03 2.068387e+04 -1.580123e+03 6.114483e+02 -1.856755e+03 -2.295006e+03 4.903054e+03 2.068087e+04 1.953085e+03 -9.139232e+02 1.081763e+03 1.898832e+03 4.906638e+03 5.174626e+02 1.262420e+03
-9.595960e-03 -2.401978e+04 -2.167566e+03 1.152416e+03 -1.059010e+03 2.578486e+03 5.716900e+03 8.035185e+02 1.536320e+03 1.139617e+03 1.094525e+03 1.849854e+04 -1.485773e+03 -8.391569e+02 1.526692e+03 1.764701e+03 -4.406891e+03 1.428449e+03 1.257355e+03 2.108037e+04 -1.610186e+03 9.055201e+02 -1.854063e+03 -2.336468e+03 5.016107e+03 2.107732e+04 1.985164e+03 -9.110690e+02 9.215359e+02 1.937281e+03 5.019771e+03 7.439976e+02 1.260505e+03
-9.393939e-03 -2.446974e+04 -2.205948e+03 1.148340e+03 -8.643225e+02 2.627937e+03 5.846056e+03 1.076831e+03 1.533452e+03 1.135356e+03 8.998553e+02 1.884425e+04 -1.511665e+03 -1.112514e+03 1.523641e+03 1.798137e+03 -4.505609e+03 1.423247e+03 1.035511e+03 2.147482e+04 -1.640759e+03 1.216991e+03 -1.850541e+03 -2.378763e+03 5.129015e+03 2.147171e+04 2.017785e+03 -9.077641e+02 7.506672e+02 1.976490e+03 5.132758e+03 9.838943e+02 1.258025e+03
-9.191919e-03 -2.491596e+04 -2.244963e+03 1.143681e+03 -6.570196e+02 2.678354e+03 5.974690e+03 1.365972e+03 1.529857e+03 1.130515e+03 6.925431e+02 1.918707e+04 -1.537978e+03 -1.401674e+03 1.519865e+03 1.832222e+03 -4.603907e+03 1.417332e+03 7.992504e+02 2.186596e+04 -1.671834e+03 1.546511e+03 -1.846140e+03 -2.421887e+03 5.241454e+03 2.186280e+04 2.050939e+03 -9.039873e+02 5.687363e+02 2.016457e+03 5.245277e+03 1.237650e+03 1.254947e+03
-8.989899e-03 -2.535691e+04 -2.284598e+03 1.138411e+03 -4.366280e+02 2.729730e+03 6.102394e+03 1.671498e+03 1.525495e+03 1.125066e+03 4.721140e+02 1.952580e+04 -1.564702e+03 -1.707193e+03 1.515324e+03 1.866948e+03 -4.701474e+03 1.410669e+03 5.480311e+02 2.225247e+04 -1.703401e+03 1.894714e+03 -1.840812e+03 -2.465834e+03 5.353069e+03 2.224925e+04 2.084614e+03 -8.997172e+02 3.753288e+02 2.057173e+03 5.356971e+03 1.505751e+03 1.251238e+03
-8.787879e-03 -2.579089e+04 -2.324837e+03 1.132502e+03 -2.026868e+02 2.782052e+03 6.228725e+03 1.993951e+03 1.520322e+03 1.118983e+03 2.381056e+02 1.985916e+04 -1.591828e+03 -2.029610e+03 1.509974e+03 1.902310e+03 -4.797968e+03 1.403224e+03 2.813255e+02 2.263286e+04 -1.735446e+03 2.262218e+03 -1.834505e+03 -2.510593e+03 5.463471e+03 2.262959e+04 2.118798e+03 -8.949323e+02 1.700408e+02 2.098630e+03 5.467451e+03 1.788671e+03 1.246863e+03
-8.585859e-03 -2.621609e+04 -2.365663e+03 1.125927e+03 4.524834e+01 2.835307e+03 6.353196e+03 2.333847e+03 1.514295e+03 1.112238e+03 -9.928092e+00 2.018574e+04 -1.619342e+03 -2.369441e+03 1.503774e+03 1.938295e+03 -4.893017e+03 1.394963e+03 -1.375192e+00 2.300554e+04 -1.767954e+03 2.649613e+03 -1.827166e+03 -2.556153e+03 5.572233e+03 2.300221e+04 2.153475e+03 -8.896103e+02 -4.751713e+01 2.140815e+03 5.576291e+03 2.086862e+03 1.241786e+03
-8.383838e-03 -2.663052e+04 -2.407053e+03 1.118655e+03 3.075999e+02 2.889474e+03 6.475278e+03 2.691675e+03 1.507368e+03 1.104803e+03 -2.724109e+02 2.050403e+04 -1.647229e+03 -2.727174e+03 1.496679e+03 1.974891e+03 -4.986216e+03 1.385849e+03 -3.005547e+02 2.336876e+04 -1.800910e+03 3.057457e+03 -1.818740e+03 -2.602497e+03 5.678895e+03 2.336538e+04 2.188625e+03 -8.837291e+02 -2.777151e+02 2.183712e+03 5.683028e+03 2.400750e+03 1.235970e+03
-8.181818e-03 -2.703206e+04 -2.448984e+03 1.110659e+03 5.847621e+02 2.944532e+03 6.594401e+03 3.067887e+03 1.499495e+03 1.096651e+03 -5.497387e+02 2.081238e+04 -1.675473e+03 -3.103259e+03 1.488643e+03 2.012082e+03 -5.077127e+03 1.375847e+03 -6.166649e+02 2.372067e+04 -1.834292e+03 3.486265e+03 -1.809172e+03 -2.649606e+03 5.782954e+03 2.371723e+04 2.224228e+03 -8.772664e+02 -5.208984e+02 2.227303e+03 5.787162e+03 2.730731e+03 1.229378e+03
-7.979798e-03 -2.741841e+04 -2.491426e+03 1.101910e+03 8.770946e+02 3.000451e+03 6.709947e+03 3.462890e+03 1.490629e+03 1.087753e+03 -8.422724e+02 2.110902e+04 -1.704053e+03 -3.498101e+03 1.479619e+03 2.049848e+03 -5.165278e+03 1.364921e+03 -9.501178e+02 2.405924e+04 -1.868079e+03 3.936502e+03 -1.798405e+03 -2.697456e+03 5.883872e+03 2.405575e+04 2.260259e+03 -8.701998e+02 -7.773823e+02 2.271565e+03 5.888152e+03 3.077159e+03 1.221972e+03
-7.777778e-03 -2.778710e+04 -2.534349e+03 1.092377e+03 1.184915e+03 3.057201e+03 6.821254e+03 3.877035e+03 1.480722e+03 1.078081e+03 -1.150331e+03 2.139207e+04 -1.732949e+03 -3.912050e+03 1.469562e+03 2.088168e+03 -5.250159e+03 1.353035e+03 -1.301278e+03 2.438231e+04 -1.902246e+03 4.408569e+03 -1.786381e+03 -2.746019e+03 5.981069e+03 2.437878e+04 2.296692e+03 -8.625069e+02 -1.047445e+03 2.316472e+03 5.985418e+03 3.440341e+03 1.213711e+03
-7.575758e-03 -2.813552e+04 -2.577718e+03 1.082033e+03 1.508491e+03 3.114742e+03 6.927611e+03 4.310612e+03 1.469724e+03 1.067608e+03 -1.474184e+03 2.165951e+04 -1.762137e+03 -4.345396e+03 1.458422e+03 2.127015e+03 -5.331227e+03 1.340152e+03 -1.670452e+03 2.468759e+04 -1.936763e+03 4.902797e+03 -1.773042e+03 -2.795264e+03 6.073923e+03 2.468401e+04 2.333496e+03 -8.541655e+02 -1.331321e+03 2.361993e+03 6.078338e+03 3.820531e+03 1.204557e+03
-7.373737e-03 -2.846086e+04 -2.621493e+03 1.070848e+03 1.848033e+03 3.173030e+03 7.028263e+03 4.763836e+03 1.457587e+03 1.056305e+03 -1.814041e+03 2.190918e+04 -1.791589e+03 -4.798350e+03 1.446151e+03 2.166360e+03 -5.407905e+03 1.326237e+03 -2.057880e+03 2.497263e+04 -1.971600e+03 5.419430e+03 -1.758327e+03 -2.845151e+03 6.161773e+03 2.496901e+04 2.370638e+03 -8.451539e+02 -1.629193e+03 2.408094e+03 6.166252e+03 4.217914e+03 1.194469e+03
-7.171717e-03 -2.876019e+04 -2.665630e+03 1.058794e+03 2.203681e+03 3.232017e+03 7.122409e+03 5.236836e+03 1.444259e+03 1.044147e+03 -2.170046e+03 2.213882e+04 -1.821276e+03 -5.271043e+03 1.432701e+03 2.206168e+03 -5.479577e+03 1.311254e+03 -2.463728e+03 2.523483e+04 -2.006722e+03 5.958618e+03 -1.742176e+03 -2.895640e+03 6.243919e+03 2.523117e+04 2.408080e+03 -8.354506e+02 -1.941187e+03 2.454733e+03 6.248456e+03 4.632603e+03 1.183407e+03
-6.969697e-03 -2.903037e+04 -2.710083e+03 1.045843e+03 2.575502e+03 3.291645e+03 7.209200e+03 5.729645e+03 1.429692e+03 1.031106e+03 -2.542265e+03 2.234603e+04 -1.851166e+03 -5.763505e+03 1.418022e+03 2.246401e+03 -5.545594e+03 1.295169e+03 -2.888069e+03 2.547147e+04 -2.042091e+03 6.520397e+03 -1.724531e+03 -2.946681e+03 6.319617e+03 2.546777e+04 2.445782e+03 -8.250347e+02 -2.267357e+03 2.501867e+03 6.324209e+03 5.064626e+03 1.171330e+03
-6.767677e-03 -2.926815e+04 -2.754798e+03 1.031968e+03 2.963474e+03 3.351852e+03 7.287747e+03 6.242185e+03 1.413835e+03 1.017157e+03 -2.930676e+03 2.252831e+04 -1.881222e+03 -6.275659e+03 1.402067e+03 2.287017e+03 -5.605275e+03 1.277948e+03 -3.330881e+03 2.567968e+04 -2.077666e+03 7.104681e+03 -1.705330e+03 -2.998222e+03 6.388091e+03 2.567595e+04 2.483700e+03 -8.138861e+02 -2.607686e+03 2.549444e+03 6.392732e+03 5.513914e+03 1.158198e+03
-6.565657e-03 -2.947012e+04 -2.799720e+03 1.017143e+03 3.367476e+03 3.412568e+03 7.357118e+03 6.774258e+03 1.396638e+03 1.002275e+03 -3.335161e+03 2.268304e+04 -1.911408e+03 -6.807306e+03 1.384787e+03 2.327968e+03 -5.657907e+03 1.259559e+03 -3.792027e+03 2.585647e+04 -2.113401e+03 7.711242e+03 -1.684515e+03 -3.050203e+03 6.448525e+03 2.585272e+04 2.521785e+03 -8.019854e+02 -2.962068e+03 2.597411e+03 6.453210e+03 5.980292e+03 1.143972e+03
-6.363636e-03 -2.963274e+04 -2.844787e+03 1.001344e+03 3.787280e+03 3.473715e+03 7.416345e+03 7.325530e+03 1.378054e+03 9.864376e+02 -3.755490e+03 2.280748e+04 -1.941682e+03 -7.358110e+03 1.366135e+03 2.369202e+03 -5.702748e+03 1.239970e+03 -4.271248e+03 2.599875e+04 -2.149247e+03 8.339701e+03 -1.662027e+03 -3.102556e+03 6.500072e+03 2.599498e+04 2.559985e+03 -7.893143e+02 -3.330301e+03 2.645704e+03 6.504794e+03 6.463466e+03 1.128611e+03
-6.161616e-03 -2.975237e+04 -2.889933e+03 9.845463e+02 4.222539e+03 3.535208e+03 7.464426e+03 7.895518e+03 1.358035e+03 9.696224e+02 -4.191317e+03 2.289885e+04 -1.971998e+03 -7.927590e+03 1.346065e+03 2.410661e+03 -5.739032e+03 1.219152e+03 -4.768148e+03 2.610331e+04 -2.185153e+03 8.989508e+03 -1.637809e+03 -3.155210e+03 6.541856e+03 2.609952e+04 2.598244e+03 -7.758559e+02 -3.712082e+03 2.694257e+03 6.546609e+03 6.963013e+03 1.112078e+03
-5.959596e-03 -2.982525e+04 -2.935087e+03 9.667286e+02 4.672775e+03 3.596955e+03 7.500332e+03 8.483577e+03 1.336534e+03 9.518095e+02 -4.642163e+03 2.295425e+04 -2.002309e+03 -8.515101e+03 1.324533e+03 2.452282e+03 -5.765970e+03 1.197077e+03 -5.282182e+03 2.616687e+04 -2.221060e+03 9.659926e+03 -1.611806e+03 -3.208085e+03 6.572977e+03 2.616306e+04 2.636502e+03 -7.615944e+02 -4.106991e+03 2.742996e+03 6.577753e+03 7.478367e+03 1.094335e+03
-5.757576e-03 -2.984757e+04 -2.980173e+03 9.478709e+02 5.137368e+03 3.658855e+03 7.523012e+03 9.088887e+03 1.313507e+03 9.329805e+02 -5.107409e+03 2.297077e+04 -2.032565e+03 -9.119824e+03 1.301494e+03 2.493997e+03 -5.782760e+03 1.173721e+03 -5.812643e+03 2.618608e+04 -2.256910e+03 1.035002e+04 -1.583965e+03 -3.261095e+03 6.592517e+03 2.618227e+04 2.674694e+03 -7.465157e+02 -4.514484e+03 2.791841e+03 6.597307e+03 8.008810e+03 1.075347e+03
-5.555556e-03 -2.981548e+04 -3.025111e+03 9.279556e+02 5.615549e+03 3.720797e+03 7.531405e+03 9.710442e+03 1.288913e+03 9.131195e+02 -5.586283e+03 2.294543e+04 -2.062710e+03 -9.740752e+03 1.276911e+03 2.535732e+03 -5.788587e+03 1.149060e+03 -6.358653e+03 2.615757e+04 -2.292638e+03 1.105865e+04 -1.554237e+03 -3.314145e+03 6.599546e+03 2.615376e+04 2.712752e+03 -7.306075e+02 -4.933886e+03 2.840706e+03 6.604341e+03 8.553458e+03 1.055081e+03
-5.353535e-03 -2.972512e+04 -3.069816e+03 9.069672e+02 6.106386e+03 3.782665e+03 7.524441e+03 1.034704e+04 1.262713e+03 8.922127e+02 -6.077852e+03 2.287527e+04 -2.092689e+03 -1.037668e+04 1.250745e+03 2.577409e+03 -5.782634e+03 1.123075e+03 -6.919147e+03 2.607795e+04 -2.328177e+03 1.178443e+04 -1.522574e+03 -3.367135e+03 6.593130e+03 2.607415e+04 2.750605e+03 -7.138595e+02 -5.364381e+03 2.889498e+03 6.597921e+03 9.111256e+03 1.033505e+03
-5.151515e-03 -2.957266e+04 -3.114197e+03 8.848930e+02 6.608778e+03 3.844332e+03 7.501059e+03 1.099725e+04 1.234871e+03 8.702492e+02 -6.581014e+03 2.275735e+04 -2.122440e+03 -1.102620e+04 1.222962e+03 2.618942e+03 -5.764089e+03 1.095751e+03 -7.492868e+03 2.594386e+04 -2.363454e+03 1.252576e+04 -1.488935e+03 -3.419957e+03 6.572341e+03 2.594008e+04 2.788175e+03 -6.962633e+02 -5.805002e+03 2.938118e+03 6.577118e+03 9.680964e+03 1.010592e+03
-4.949495e-03 -2.935434e+04 -3.158161e+03 8.617232e+02 7.121448e+03 3.905664e+03 7.460216e+03 1.165946e+04 1.205356e+03 8.472209e+02 -7.094489e+03 2.258877e+04 -2.151901e+03 -1.168767e+04 1.193532e+03 2.660241e+03 -5.732153e+03 1.067073e+03 -8.078357e+03 2.575202e+04 -2.398396e+03 1.328076e+04 -1.453281e+03 -3.472497e+03 6.536265e+03 2.574826e+04 2.825384e+03 -6.778130e+02 -6.254629e+03 2.986460e+03 6.541017e+03 1.026115e+04 9.863153e+02
-4.747475e-03 -2.906652e+04 -3.201609e+03 8.374512e+02 7.642934e+03 3.966519e+03 7.400896e+03 1.233180e+04 1.174140e+03 8.231227e+02 -7.616813e+03 2.236674e+04 -2.181006e+03 -1.235925e+04 1.162430e+03 2.701210e+03 -5.686051e+03 1.037033e+03 -8.673945e+03 2.549921e+04 -2.432924e+03 1.404733e+04 -1.415581e+03 -3.524632e+03 6.484017e+03 2.549549e+04 2.862148e+03 -6.585054e+02 -6.711981e+03 3.034412e+03 6.488732e+03 1.085019e+04 9.606547e+02
-4.545455e-03 -2.870572e+04 -3.244438e+03 8.120738e+02 8.171590e+03 4.026748e+03 7.322130e+03 1.301219e+04 1.141203e+03 7.979529e+02 -8.146336e+03 2.208859e+04 -2.209686e+03 -1.303884e+04 1.129636e+03 2.741749e+03 -5.625040e+03 1.005627e+03 -9.277750e+03 2.518240e+04 -2.466956e+03 1.482308e+04 -1.375809e+03 -3.576233e+03 6.414749e+03 2.517873e+04 2.898381e+03 -6.383396e+02 -7.175614e+03 3.081857e+03 6.419413e+03 1.144626e+04 9.335924e+02
-4.343434e-03 -2.826870e+04 -3.286543e+03 7.855915e+02 8.705581e+03 4.086191e+03 7.223005e+03 1.369831e+04 1.106526e+03 7.717136e+02 -8.681220e+03 2.175182e+04 -2.237871e+03 -1.372414e+04 1.095133e+03 2.781752e+03 -5.548424e+03 9.728547e+02 -9.887676e+03 2.479874e+04 -2.500409e+03 1.560538e+04 -1.333944e+03 -3.627166e+03 6.327662e+03 2.479512e+04 2.933992e+03 -6.173178e+02 -7.643918e+03 3.128671e+03 6.332264e+03 1.204732e+04 9.051158e+02
-4.141414e-03 -2.775247e+04 -3.327815e+03 7.580087e+02 9.242885e+03 4.144686e+03 7.102686e+03 1.438761e+04 1.070100e+03 7.444103e+02 -9.219439e+03 2.135414e+04 -2.265488e+03 -1.441260e+04 1.058913e+03 2.821108e+03 -5.455562e+03 9.387203e+02 -1.050141e+04 2.434563e+04 -2.533195e+03 1.639131e+04 -1.289976e+03 -3.677289e+03 6.222026e+03 2.434207e+04 2.968891e+03 -5.954453e+02 -8.115122e+03 3.174724e+03 6.226552e+03 1.265114e+04 8.752170e+02
-3.939394e-03 -2.715440e+04 -3.368140e+03 7.293338e+02 9.781298e+03 4.202060e+03 6.960426e+03 1.507732e+04 1.031922e+03 7.160527e+02 -9.758784e+03 2.089353e+04 -2.292463e+03 -1.510146e+04 1.020974e+03 2.859704e+03 -5.345884e+03 9.032338e+02 -1.111644e+04 2.382074e+04 -2.565227e+03 1.717772e+04 -1.243899e+03 -3.726456e+03 6.097188e+03 2.381725e+04 3.002983e+03 -5.727302e+02 -8.587293e+03 3.219884e+03 6.101624e+03 1.325531e+04 8.438938e+02
-3.737374e-03 -2.647225e+04 -3.407406e+03 6.995795e+02 1.031844e+04 4.258139e+03 6.795586e+03 1.576447e+04 9.919943e+02 6.866544e+02 -1.029687e+04 2.036826e+04 -2.318720e+03 -1.578773e+04 9.813194e+02 2.897420e+03 -5.218902e+03 8.664103e+02 -1.173004e+04 2.322211e+04 -2.596414e+03 1.796121e+04 -1.195720e+03 -3.774515e+03 5.952592e+03 2.321872e+04 3.036172e+03 -5.491842e+02 -9.058345e+03 3.264012e+03 5.956924e+03 1.385721e+04 8.111498e+02
-3.535354e-03 -2.570425e+04 -3.445496e+03 6.687629e+02 1.085177e+04 4.312741e+03 6.607654e+03 1.644587e+04 9.503295e+02 6.562334e+02 -1.083115e+04 1.977698e+04 -2.344182e+03 -1.646825e+04 9.399624e+02 2.934136e+03 -5.074225e+03 8.282705e+02 -1.233931e+04 2.254820e+04 -2.626664e+03 1.873815e+04 -1.145451e+03 -3.821312e+03 5.787788e+03 2.254490e+04 3.068360e+03 -5.248222e+02 -9.526049e+03 3.306967e+03 5.792000e+03 1.445405e+04 7.769950e+02
-3.333333e-03 -2.484914e+04 -3.482294e+03 6.369059e+02 1.137860e+04 4.365681e+03 6.396256e+03 1.711815e+04 9.069469e+02 6.248119e+02 -1.135894e+04 1.911872e+04 -2.368773e+03 -1.713966e+04 8.969230e+02 2.969729e+03 -4.911568e+03 7.888406e+02 -1.294116e+04 2.179789e+04 -2.655884e+03 1.950470e+04 -1.093117e+03 -3.866688e+03 5.602451e+03 2.179470e+04 3.099450e+03 -4.996624e+02 -9.988046e+03 3.348604e+03 5.606529e+03 1.504290e+04 7.414459e+02
-3.131313e-03 -2.390622e+04 -3.517683e+03 6.040348e+02 1.189611e+04 4.416773e+03 6.161178e+03 1.777780e+04 8.618751e+02 5.924165e+02 -1.187739e+04 1.839295e+04 -2.392414e+03 -1.779844e+04 8.522299e+02 3.004073e+03 -4.730767e+03 7.481527e+02 -1.353239e+04 2.097059e+04 -2.683983e+03 2.025686e+04 -1.038753e+03 -3.910482e+03 5.396394e+03 2.096752e+04 3.129343e+03 -4.737268e+02 -1.044186e+04 3.388778e+03 5.400323e+03 1.562067e+04 7.045261e+02
-2.929293e-03 -2.287546e+04 -3.551547e+03 5.701806e+02 1.240136e+04 4.465829e+03 5.902376e+03 1.842117e+04 8.151514e+02 5.590784e+02 -1.238357e+04 1.759963e+04 -2.415029e+03 -1.844094e+04 8.059206e+02 3.037042e+03 -4.531792e+03 7.062448e+02 -1.410963e+04 2.006625e+04 -2.710868e+03 2.099046e+04 -9.824044e+02 -3.952534e+03 5.169580e+03 2.006331e+04 3.157942e+03 -4.470405e+02 -1.088493e+04 3.427343e+03 5.173345e+03 1.618416e+04 6.662664e+02
-2.727273e-03 -2.175748e+04 -3.583770e+03 5.353792e+02 1.289136e+04 4.512662e+03 5.619996e+03 1.904451e+04 7.668226e+02 5.248329e+02 -1.287448e+04 1.673924e+04 -2.436542e+03 -1.906344e+04 7.580416e+02 3.068512e+03 -4.314753e+03 6.631609e+02 -1.466946e+04 1.908542e+04 -2.736449e+03 2.170122e+04 -9.241266e+02 -3.992682e+03 4.922135e+03 1.908262e+04 3.185151e+03 -4.196323e+02 -1.131461e+04 3.464151e+03 4.925720e+03 1.673009e+04 6.267054e+02
-2.525253e-03 -2.055362e+04 -3.614241e+03 4.996712e+02 1.336303e+04 4.557084e+03 5.314377e+03 1.964402e+04 7.169448e+02 4.897201e+02 -1.334704e+04 1.581283e+04 -2.456879e+03 -1.966212e+04 7.086484e+02 3.098359e+03 -4.079913e+03 6.189508e+02 -1.520836e+04 1.802929e+04 -2.760636e+03 2.238482e+04 -8.639879e+02 -4.030766e+03 4.654359e+03 1.802665e+04 3.210876e+03 -3.915345e+02 -1.172822e+04 3.499057e+03 4.657750e+03 1.725514e+04 5.858888e+02
-2.323232e-03 -1.926599e+04 -3.642850e+03 4.631016e+02 1.381331e+04 4.598915e+03 4.986067e+03 2.021587e+04 6.655839e+02 4.537840e+02 -1.379818e+04 1.482202e+04 -2.475968e+03 -2.023318e+04 6.578062e+02 3.126459e+03 -3.827691e+03 5.736702e+02 -1.572284e+04 1.689970e+04 -2.783343e+03 2.303688e+04 -8.020675e+02 -4.066629e+03 4.366730e+03 1.689722e+04 3.235024e+03 -3.627825e+02 -1.212307e+04 3.531920e+03 4.369912e+03 1.775596e+04 5.438705e+02
-2.121212e-03 -1.789746e+04 -3.669490e+03 4.257203e+02 1.423914e+04 4.637976e+03 4.635828e+03 2.075627e+04 6.128151e+02 4.170731e+02 -1.422482e+04 1.376900e+04 -2.493738e+03 -2.077283e+04 6.055889e+02 3.152696e+03 -3.558671e+03 5.273803e+02 -1.620938e+04 1.569917e+04 -2.804486e+03 2.365308e+04 -7.384560e+02 -4.100120e+03 4.059916e+03 1.569686e+04 3.257507e+03 -3.334151e+02 -1.249648e+04 3.562602e+03 4.062875e+03 1.822923e+04 5.007118e+02
-1.919192e-03 -1.645169e+04 -3.694062e+03 3.875812e+02 1.463751e+04 4.674096e+03 4.264636e+03 2.126150e+04 5.587233e+02 3.796396e+02 -1.462396e+04 1.265660e+04 -2.510125e+03 -2.127735e+04 5.520800e+02 3.176954e+03 -3.273604e+03 4.801481e+02 -1.666457e+04 1.443091e+04 -2.823985e+03 2.422918e+04 -6.732556e+02 -4.131091e+03 3.734771e+03 1.442879e+04 3.278241e+03 -3.034744e+02 -1.284581e+04 3.590969e+03 3.737493e+03 1.867169e+04 4.564817e+02
-1.717172e-03 -1.493314e+04 -3.716470e+03 3.487426e+02 1.500554e+04 4.707115e+03 3.873685e+03 2.172796e+04 5.034022e+02 3.415398e+02 -1.499270e+04 1.148824e+04 -2.525066e+03 -2.174315e+04 4.973715e+02 3.199127e+03 -2.973402e+03 4.320457e+02 -1.708509e+04 1.309882e+04 -2.841767e+03 2.476108e+04 -6.065790e+02 -4.159404e+03 3.392340e+03 1.309690e+04 3.297146e+03 -2.730051e+02 -1.316853e+04 3.616896e+03 3.394813e+03 1.908019e+04 4.112564e+02
-1.515152e-03 -1.334702e+04 -3.736626e+03 3.092667e+02 1.534047e+04 4.736880e+03 3.464380e+03 2.215224e+04 4.469547e+02 3.028335e+02 -1.532828e+04 1.026793e+04 -2.538503e+03 -2.216682e+04 4.415640e+02 3.219112e+03 -2.659143e+03 3.831502e+02 -1.746779e+04 1.170748e+04 -2.857760e+03 2.524488e+04 -5.385498e+02 -4.184927e+03 3.033852e+03 1.170576e+04 3.314150e+03 -2.420550e+02 -1.346222e+04 3.640264e+03 3.036064e+03 1.945174e+04 3.651193e+02
-1.313131e-03 -1.169928e+04 -3.754449e+03 2.692192e+02 1.563970e+04 4.763251e+03 3.038329e+03 2.253113e+04 3.894916e+02 2.635838e+02 -1.562810e+04 9.000253e+03 -2.550382e+03 -2.254517e+04 3.847660e+02 3.236817e+03 -2.332059e+03 3.335433e+02 -1.780972e+04 1.026211e+04 -2.871902e+03 2.567692e+04 -4.693012e+02 -4.207540e+03 2.660715e+03 1.026060e+04 3.329184e+03 -2.106742e+02 -1.372461e+04 3.660965e+03 2.662655e+03 1.978355e+04 3.181605e+02
-1.111111e-03 -9.996569e+03 -3.769867e+03 2.286694e+02 1.590090e+04 4.786101e+03 2.597334e+03 2.286172e+04 3.311317e+02 2.238568e+02 -1.588981e+04 7.690312e+03 -2.560656e+03 -2.287528e+04 3.270935e+02 3.252158e+03 -1.993529e+03 2.833108e+02 -1.810818e+04 8.768543e+03 -2.884134e+03 2.605389e+04 -3.989759e+02 -4.227136e+03 2.274504e+03 8.767253e+03 3.342187e+03 -1.789153e+02 -1.395365e+04 3.678901e+03 2.276163e+03 2.007305e+04 2.704760e+02
-9.090909e-04 -8.246181e+03 -3.782815e+03 1.876893e+02 1.612194e+04 4.805320e+03 2.143370e+03 2.314140e+04 2.720004e+02 1.837211e+02 -1.611129e+04 6.343714e+03 -2.569284e+03 -2.315456e+04 2.686691e+02 3.265059e+03 -1.645068e+03 2.325425e+02 -1.836076e+04 7.233162e+03 -2.894407e+03 2.637281e+04 -3.277246e+02 -4.243618e+03 1.876948e+03 7.232098e+03 3.353107e+03 -1.468329e+02 -1.414748e+04 3.693985e+03 1.878317e+03 2.031797e+04 2.221675e+02
-7.070707e-04 -6.455961e+03 -3.793241e+03 1.463536e+02 1.630104e+04 4.820813e+03 1.678569e+03 2.336794e+04 2.122293e+02 1.432480e+02 -1.629074e+04 4.966493e+03 -2.576229e+03 -2.338077e+04 2.096211e+02 3.275458e+03 -1.288306e+03 1.813311e+02 -1.856541e+04 5.662854e+03 -2.902678e+03 2.663114e+04 -2.557054e+02 -4.256904e+03 1.469911e+03 5.662021e+03 3.361899e+03 -1.144833e+02 -1.430452e+04 3.706143e+03 1.470983e+03 2.051635e+04 1.733416e+02
-5.050505e-04 -4.634241e+03 -3.801099e+03 1.047389e+02 1.643670e+04 4.832501e+03 1.205195e+03 2.353950e+04 1.519553e+02 1.025102e+02 -1.642666e+04 3.565055e+03 -2.581464e+03 -2.355207e+04 1.500829e+02 3.283304e+03 -9.249802e+02 1.297722e+02 -1.872043e+04 4.064924e+03 -2.908912e+03 2.682676e+04 -1.830822e+02 -4.266928e+03 1.055375e+03 4.064326e+03 3.368525e+03 -8.192434e+01 -1.442347e+04 3.715316e+03 1.056145e+03 2.066658e+04 1.241089e+02
-3.030303e-04 -2.789738e+03 -3.806356e+03 6.292387e+01 1.652778e+04 4.840327e+03 7.256199e+02 2.365466e+04 9.131890e+01 6.158247e+01 -1.651793e+04 2.146101e+03 -2.584966e+03 -2.366707e+04 9.019176e+01 3.288556e+03 -5.569048e+02 7.796366e+01 -1.882451e+04 2.447016e+03 -2.913083e+03 2.695809e+04 -1.100243e+02 -4.273640e+03 6.354147e+02 2.446656e+03 3.372958e+03 -4.921499e+01 -1.450334e+04 3.721456e+03 6.358782e+02 2.076743e+04 7.458318e+01
-1.010101e-04 -9.314509e+02 -3.808990e+03 2.098807e+01 1.657351e+04 4.844250e+03 2.422920e+02 2.371249e+04 3.046399e+01 2.054023e+01 -1.656375e+04 7.165494e+02 -2.586721e+03 -2.372481e+04 3.008765e+01 3.291189e+03 -1.859556e+02 2.600464e+01 -1.887677e+04 8.170207e+02 -2.915173e+03 2.702402e+04 -3.670399e+01 -4.277004e+03 2.121712e+02 8.169005e+02 3.375179e+03 -1.641508e+01 -1.454344e+04 3.724534e+03 2.123260e+02 2.081807e+04 2.488075e+01
1.010101e-04 9.314509e+02 -3.808990e+03 -2.098807e+01 1.657351e+04 4.844250e+03 -2.422920e+02 2.371249e+04 -3.046399e+01 -2.054023e+01 -1.656375e+04 -7.165494e+02 -2.586721e+03 -2.372481e+04 -3.008765e+01 3.291189e+03 1.859556e+02 -2.600464e+01 -1.887677e+04 -8.170207e+02 -2.915173e+03 2.702402e+04 3.670399e+01 -4.277004e+03 -2.121712e+02 -8.169005e+02 3.375179e+03 1.641508e+01 -1.454344e+04 3.724534e+03 -2.123260e+02 2.081807e+04 -2.488075e+01
3.030303e-04 2.789738e+03 -3.806356e+03 -6.292387e+01 1.652778e+04 4.840327e+03 -7.256199e+02 2.365466e+04 -9.131890e+01 -6.158247e+01 -1.651793e+04 -2.146101e+03 -2.584966e+03 -2.366707e+04 -9.019176e+01 3.288556e+03 5.569048e+02 -7.796366e+01 -1.882451e+04 -2.447016e+03 -2.913083e+03 2.695809e+04 1.100243e+02 -4.273640e+03 -6.354147e+02 -2.446656e+03 3.372958e+03 4.921499e+01 -1.450334e+04 3.721456e+03 -6.358782e+02 2.076743e+04 -7.458318e+01
5.050505e-04 4.634241e+03 -3.801099e+03 -1.047389e+02 1.643670e+04 4.832501e+03 -1.205195e+03 2.353950e+04 -1.519553e+02 -1.025102e+02 -1.642666e+04 -3.565055e+03 -2.581464e+03 -2.355207e+04 -1.500829e+02 3.283304e+03 9.249802e+02 -1.297722e+02 -1.872043e+04 -4.064924e+03 -2.908912e+03 2.682676e+04 1.830822e+02 -4.266928e+03 -1.055375e+03 -4.064326e+03 3.368525e+03 8.192434e+01 -1.442347e+04 3.715316e+03 -1.056145e+03 2.066658e+04 -1.241089e+02
7.070707e-04 6.455961e+03 -3.793241e+03 -1.463536e+02 1.630104e+04 4.820813e+03 -1.678569e+03 2.336794e+04 -2.122293e+02 -1.432480e+02 -1.629074e+04 -4.966493e+03 -2.576229e+03 -2.338077e+04 -2.096211e+02 3.275458e+03 1.288306e+03 -1.813311e+02 -1.856541e+04 -5.662854e+03 -2.902678e+03 2.663114e+04 2.557054e+02 -4.256904e+03 -1.469911e+03 -5.662021e+03 3.361899e+03 1.144833e+02 -1.430452e+04 3.706143e+03 -1.470983e+03 2.051635e+04 -1.733416e+02
9.090909e-04 8.246181e+03 -3.782815e+03 -1.876893e+02 1.612194e+04 4.805320e+03 -2.143370e+03 2.314140e+04 -2.720004e+02 -1.837211e+02 -1.611129e+04 -6.343714e+03 -2.569284e+03 -2.315456e+04 -2.686691e+02 3.265059e+03 1.645068e+03 -2.325425e+02 -1.836076e+04 -7.233162e+03 -2.894407e+03 2.637281e+04 3.277246e+02 -4.243618e+03 -1.876948e+03 -7.232098e+03 3.353107e+03 1.468329e+02 -1.414748e+04 3.693985e+03 -1.878317e+03 2.031797e+04 -2.221675e+02
1.111111e-03 9.996569e+03 -3.769867e+03 -2.286694e+02 1.590090e+04 4.786101e+03 -2.597334e+03 2.286172e+04 -3.311317e+02 -2.238568e+02 -1.588981e+04 -7.690312e+03 -2.560656e+03 -2.287528e+04 -3.270935e+02 3.252158e+03 1.993529e+03 -2.833108e+02 -1.810818e+04 -8.768543e+03 -2.884134e+03 2.605389e+04 3.989759e+02 -4.227136e+03 -2.274504e+03 -8.767253e+03 3.342187e+03 1.789153e+02 -1.395365e+04 3.678901e+03 -2.276163e+03 2.007305e+04 -2.704760e+02
1.313131e-03 1.169928e+04 -3.754449e+03 -2.692192e+02 1.563970e+04 4.763251e+03 -3.038329e+03 2.253113e+04 -3.894916e+02 -2.635838e+02 -1.562810e+04 -9.000253e+03 -2.550382e+03 -2.254517e+04 -3.847660e+02 3.236817e+03 2.332059e+03 -3.335433e+02 -1.780972e+04 -1.026211e+04 -2.871902e+03 2.567692e+04 4.693012e+02 -4.207540e+03 -2.660715e+03 -1.026060e+04 3.329184e+03 2.106742e+02 -1.372461e+04 3.660965e+03 -2.662655e+03 1.978355e+04 -3.181605e+02
1.515152e-03 1.334702e+04 -3.736626e+03 -3.092667e+02 1.534047e+04 4.736880e+03 -3.464380e+03 2.215224e+04 -4.469547e+02 -3.028335e+02 -1.532828e+04 -1.026793e+04 -2.538503e+03 -2.216682e+04 -4.415640e+02 3.219112e+03 2.659143e+03 -3.831502e+02 -1.746779e+04 -1.170748e+04 -2.857760e+03 2.524488e+04 5.385498e+02 -4.184927e+03 -3.033852e+03 -1.170576e+04 3.314150e+03 2.420550e+02 -1.346222e+04 3.640264e+03 -3.036064e+03 1.945174e+04 -3.651193e+02
1.717172e-03 1.493314e+04 -3.716470e+03 -3.487426e+02 1.500554e+04 4.707115e+03 -3.873685e+03 2.172796e+04 -5.034022e+02 -3.415398e+02 -1.499270e+04 -1.148824e+04 -2.525066e+03 -2.174315e+04 -4.973715e+02 3.199127e+03 2.973402e+03 -4.320457e+02 -1.708509e+04 -1.309882e+04 -2.841767e+03 2.476108e+04 6.065790e+02 -4.159404e+03 -3.392340e+03 -1.309690e+04 3.297146e+03 2.730051e+02 -1.316853e+04 3.616896e+03 -3.394813e+03 1.908019e+04 -4.112564e+02
1.919192e-03 1.645169e+04 -3.694062e+03 -3.875812e+02 1.463751e+04 4.674096e+03 -4.264636e+03 2.126150e+04 -5.587233e+02 -3.796396e+02 -1.462396e+04 -1.265660e+04 -2.510125e+03 -2.127735e+04 -5.520800e+02 3.176954e+03 3.273604e+03 -4.801481e+02 -1.666457e+04 -1.443091e+04 -2.823985e+03 2.422918e+04 6.732556e+02 -4.131091e+03 -3.734771e+03 -1.442879e+04 3.278241e+03 3.034744e+02 -1.284581e+04 3.590969e+03 -3.737493e+03 1.867169e+04 -4.564817e+02
2.121212e-03 1.789746e+04 -3.669490e+03 -4.257203e+02 1.423914e+04 4.637976e+03 -4.635828e+03 2.075627e+04 -6.128151e+02 -4.170731e+02 -1.422482e+04 -1.376900e+04 -2.493738e+03 -2.077283e+04 -6.055889e+02 3.152696e+03 3.558671e+03 -5.273803e+02 -1.620938e+04 -1.569917e+04 -2.804486e+03 2.365308e+04 7.384560e+02 -4.100120e+03 -4.059916e+03 -1.569686e+04 3.257507e+03 3.334151e+02 -1.249648e+04 3.562602e+03 -4.062875e+03 1.822923e+04 -5.007118e+02
2.323232e-03 1.926599e+04 -3.642850e+03 -4.631016e+02 1.381331e+04 4.598915e+03 -4.986067e+03 2.021587e+04 -6.655839e+02 -4.537840e+02 -1.379818e+04 -1.482202e+04 -2.475968e+03 -2.023318e+04 -6.578062e+02 3.126459e+03 3.827691e+03 -5.736702e+02 -1.572284e+04 -1.689970e+04 -2.783343e+03 2.303688e+04 8.020675e+02 -4.066629e+03 -4.366730e+03 -1.689722e+04 3.235024e+03 3.627825e+02 -1.212307e+04 3.531920e+03 -4.369912e+03 1.775596e+04 -5.438705e+02
2.525253e-03 2.055362e+04 -3.614241e+03 -4.996712e+02 1.336303e+04 4.557084e+03 -5.314377e+03 1.964402e+04 -7.169448e+02 -4.897201e+02 -1.334704e+04 -1.581283e+04 -2.456879e+03 -1.966212e+04 -7.086484e+02 3.098359e+03 4.079913e+03 -6.189508e+02 -1.520836e+04 -1.802929e+04 -2.760636e+03 2.238482e+04 8.639879e+02 -4.030766e+03 -4.654359e+03 -1.802665e+04 3.210876e+03 3.915345e+02 -1.172822e+04 3.499057e+03 -4.657750e+03 1.725514e+04 -5.858888e+02
2.727273e-03 2.175748e+04 -3.583770e+03 -5.353792e+02 1.289136e+04 4.512662e+03 -5.619996e+03 1.904451e+04 -7.668226e+02 -5.248329e+02 -1.287448e+04 -1.673924e+04 -2.436542e+03 -1.906344e+04 -7.580416e+02 3.068512e+03 4.314753e+03 -6.631609e+02 -1.466946e+04 -1.908542e+04 -2.736449e+03 2.170122e+04 9.241266e+02 -3.992682e+03 -4.922135e+03 -1.908262e+04 3.185151e+03 4.196323e+02 -1.131461e+04 3.464151e+03 -4.925720e+03 1.673009e+04 -6.267054e+02
2.929293e-03 2.287546e+04 -3.551547e+03 -5.701806e+02 1.240136e+04 4.465829e+03 -5.902376e+03 1.842117e+04 -8.151514e+02 -5.590784e+02 -1.238357e+04 -1.759963e+04 -2.415029e+03 -1.844094e+04 -8.059206e+02 3.037042e+03 4.531792e+03 -7.062448e+02 -1.410963e+04 -2.006625e+04 -2.710868e+03 2.099046e+04 9.824044e+02 -3.952534e+03 -5.169580e+03 -2.006331e+04 3.157942e+03 4.470405e+02 -1.088493e+04 3.427343e+03 -5.173345e+03 1.618416e+04 -6.662664e+02
3.131313e-03 2.390622e+04 -3.517683e+03 -6.040348e+02 1.189611e+04 4.416773e+03 -6.161178e+03 1.777780e+04 -8.618751e+02 -5.924165e+02 -1.187739e+04 -1.839295e+04 -2.392414e+03 -1.779844e+04 -8.522299e+02 3.004073e+03 4.730767e+03 -7.481527e+02 -1.353239e+04 -2.097059e+04 -2.683983e+03 2.025686e+04 1.038753e+03 -3.910482e+03 -5.396394e+03 -2.096752e+04 3.129343e+03 4.737268e+02 -1.044186e+04 3.388778e+03 -5.400323e+03 1.562067e+04 -7.045261e+02
3.333333e-03 2.484914e+04 -3.482294e+03 -6.369059e+02 1.137860e+04 4.365681e+03 -6.396256e+03 1.711815e+04 -9.069469e+02 -6.248119e+02 -1.135894e+04 -1.911872e+04 -2.368773e+03 -1.713966e+04 -8.969230e+02 2.969729e+03 4.911568e+03 -7.888406e+02 -1.294116e+04 -2.179789e+04 -2.655884e+03 1.950470e+04 1.093117e+03 -3.866688e+03 -5.602451e+03 -2.179470e+04 3.099450e+03 4.996624e+02 -9.988046e+03 3.348604e+03 -5.606529e+03 1.504290e+04 -7.414459e+02
3.535354e-03 2.570425e+04 -3.445496e+03 -6.687629e+02 1.085177e+04 4.312741e+03 -6.607654e+03 1.644587e+04 -9.503295e+02 -6.562334e+02 -1.083115e+04 -1.977698e+04 -2.344182e+03 -1.646825e+04 -9.399624e+02 2.934136e+03 5.074225e+03 -8.282705e+02 -1.233931e+04 -2.254820e+04 -2.626664e+03 1.873815e+04 1.145451e+03 -3.821312e+03 -5.787788e+03 -2.254490e+04 3.068360e+03 5.248222e+02 -9.526049e+03 3.306967e+03 -5.792000e+03 1.445405e+04 -7.769950e+02
3.737374e-03 2.647225e+04 -3.407406e+03 -6.995795e+02 1.031844e+04 4.258139e+03 -6.795586e+03 1.576447e+04 -9.919943e+02 -6.866544e+02 -1.029687e+04 -2.036826e+04 -2.318720e+03 -1.578773e+04 -9.813194e+02 2.897420e+03 5.218902e+03 -8.664103e+02 -1.173004e+04 -2.322211e+04 -2.596414e+03 1.796121e+04 1.195720e+03 -3.774515e+03 -5.952592e+03 -2.321872e+04 3.036172e+03 5.491842e+02 -9.058345e+03 3.264012e+03 -5.956924e+03 1.385721e+04 -8.111498e+02
3.939394e-03 2.715440e+04 -3.368140e+03 -7.293338e+02 9.781298e+03 4.202060e+03 -6.960426e+03 1.507732e+04 -1.031922e+03 -7.160527e+02 -9.758784e+03 -2.089353e+04 -2.292463e+03 -1.510146e+04 -1.020974e+03 2.859704e+03 5.345884e+03 -9.032338e+02 -1.111644e+04 -2.382074e+04 -2.565227e+03 1.717772e+04 1.243899e+03 -3.726456e+03 -6.097188e+03 -2.381725e+04 3.002983e+03 5.727302e+02 -8.587293e+03 3.219884e+03 -6.101624e+03 1.325531e+04 -8.438938e+02
4.141414e-03 2.775247e+04 -3.327815e+03 -7.580087e+02 9.242885e+03 4.144686e+03 -7.102686e+03 1.438761e+04 -1.070100e+03 -7.444103e+02 -9.219439e+03 -2.135414e+04 -2.265488e+03 -1.441260e+04 -1.058913e+03 2.821108e+03 5.455562e+03 -9.387203e+02 -1.050141e+04 -2.434563e+04 -2.533195e+03 1.639131e+04 1.289976e+03 -3.677289e+03 -6.222026e+03 -2.434207e+04 2.968891e+03 5.954453e+02 -8.115122e+03 3.174724e+03 -6.226552e+03 1.265114e+04 -8.752170e+02
4.343434e-03 2.826870e+04 -3.286543e+03 -7.855915e+02 8.705581e+03 4.086191e+03 -7.223005e+03 1.369831e+04 -1.106526e+03 -7.717136e+02 -8.681220e+03 -2.175182e+04 -2.237871e+03 -1.372414e+04 -1.095133e+03 2.781752e+03 5.548424e+03 -9.728547e+02 -9.887676e+03 -2.479874e+04 -2.500409e+03 1.560538e+04 1.333944e+03 -3.627166e+03 -6.327662e+03 -2.479512e+04 2.933992e+03 6.173178e+02 -7.643918e+03 3.128671e+03 -6.332264e+03 1.204732e+04 -9.051158e+02
4.545455e-03 2.870572e+04 -3.244438e+03 -8.120738e+02 8.171590e+03 4.026748e+03 -7.322130e+03 1.301219e+04 -1.141203e+03 -7.979529e+02 -8.146336e+03 -2.208859e+04 -2.209686e+03 -1.303884e+04 -1.129636e+03 2.741749e+03 5.625040e+03 -1.005627e+03 -9.277750e+03 -2.518240e+04 -2.466956e+03 1.482308e+04 1.375809e+03 -3.576233e+03 -6.414749e+03 -2.517873e+04 2.898381e+03 6.383396e+02 -7.175614e+03 3.081857e+03 -6.419413e+03 1.144626e+04 -9.335924e+02
4.747475e-03 2.906652e+04 -3.201609e+03 -8.374512e+02 7.642934e+03 3.966519e+03 -7.400896e+03 1.233180e+04 -1.174140e+03 -8.231227e+02 -7.616813e+03 -2.236674e+04 -2.181006e+03 -1.235925e+04 -1.162430e+03 2.701210e+03 5.686051e+03 -1.037033e+03 -8.673945e+03 -2.549921e+04 -2.432924e+03 1.404733e+04 1.415581e+03 -3.524632e+03 -6.484017e+03 -2.549549e+04 2.862148e+03 6.585054e+02 -6.711981e+03 3.034412e+03 -6.488732e+03 1.085019e+04 -9.606547e+02
4.949495e-03 2.935434e+04 -3.158161e+03 -8.617232e+02 7.121448e+03 3.905664e+03 -7.460216e+03 1.165946e+04 -1.205356e+03 -8.472209e+02 -7.094489e+03 -2.258877e+04 -2.151901e+03 -1.168767e+04 -1.193532e+03 2.660241e+03 5.732153e+03 -1.067073e+03 -8.078357e+03 -2.575202e+04 -2.398396e+03 1.328076e+04 1.453281e+03 -3.472497e+03 -6.536265e+03 -2.574826e+04 2.825384e+03 6.778130e+02 -6.254629e+03 2.986460e+03 -6.541017e+03 1.026115e+04 -9.863153e+02
5.151515e-03 2.957266e+04 -3.114197e+03 -8.848930e+02 6.608778e+03 3.844332e+03 -7.501059e+03 1.099725e+04 -1.234871e+03 -8.702492e+02 -6.581014e+03 -2.275735e+04 -2.122440e+03 -1.102620e+04 -1.222962e+03 2.618942e+03 5.764089e+03 -1.095751e+03 -7.492868e+03 -2.594386e+04 -2.363454e+03 1.252576e+04 1.488935e+03 -3.419957e+03 -6.572341e+03 -2.594008e+04 2.788175e+03 6.962633e+02 -5.805002e+03 2.938118e+03 -6.577118e+03 9.680964e+03 -1.010592e+03
5.353535e-03 2.972512e+04 -3.069816e+03 -9.069672e+02 6.106386e+03 3.782665e+03 -7.524441e+03 1.034704e+04 -1.262713e+03 -8.922127e+02 -6.077852e+03 -2.287527e+04 -2.092689e+03 -1.037668e+04 -1.250745e+03 2.577409e+03 5.782634e+03 -1.123075e+03 -6.919147e+03 -2.607795e+04 -2.328177e+03 1.178443e+04 1.522574e+03 -3.367135e+03 -6.593130e+03 -2.607415e+04 2.750605e+03 7.138595e+02 -5.364381e+03 2.889498e+03 -6.597921e+03 9.111256e+03 -1.033505e+03
5.555556e-03 2.981548e+04 -3.025111e+03 -9.279556e+02 5.615549e+03 3.720797e+03 -7.531405e+03 9.710442e+03 -1.288913e+03 -9.131195e+02 -5.586283e+03 -2.294543e+04 -2.062710e+03 -9.740752e+03 -1.276911e+03 2.535732e+03 5.788587e+03 -1.149060e+03 -6.358653e+03 -2.615757e+04 -2.292638e+03 1.105865e+04 1.554237e+03 -3.314145e+03 -6.599546e+03 -2.615376e+04 2.712752e+03 7.306075e+02 -4.933886e+03 2.840706e+03 -6.604341e+03 8.553458e+03 -1.055081e+03
5.757576e-03 2.984757e+04 -2.980173e+03 -9.478709e+02 5.137368e+03 3.658855e+03 -7.523012e+03 9.088887e+03 -1.313507e+03 -9.329805e+02 -5.107409e+03 -2.297077e+04 -2.032565e+03 -9.119824e+03 -1.301494e+03 2.493997e+03 5.782760e+03 -1.173721e+03 -5.812643e+03 -2.618608e+04 -2.256910e+03 1.035002e+04 1.583965e+03 -3.261095e+03 -6.592517e+03 -2.618227e+04 2.674694e+03 7.465157e+02 -4.514484e+03 2.791841e+03 -6.597307e+03 8.008810e+03 -1.075347e+03
5.959596e-03 2.982525e+04 -2.935087e+03 -9.667286e+02 4.672775e+03 3.596955e+03 -7.500332e+03 8.483577e+03 -1.336534e+03 -9.518095e+02 -4.642163e+03 -2.295425e+04 -2.002309e+03 -8.515101e+03 -1.324533e+03 2.452282e+03 5.765970e+03 -1.197077e+03 -5.282182e+03 -2.616687e+04 -2.221060e+03 9.659926e+03 1.611806e+03 -3.208085e+03 -6.572977e+03 -2.616306e+04 2.636502e+03 7.615944e+02 -4.106991e+03 2.742996e+03 -6.577753e+03 7.478367e+03 -1.094335e+03
6.161616e-03 2.975237e+04 -2.889933e+03 -9.845463e+02 4.222539e+03 3.535208e+03 -7.464426e+03 7.895518e+03 -1.358035e+03 -9.696224e+02 -4.191317e+03 -2.289885e+04 -1.971998e+03 -7.927590e+03 -1.346065e+03 2.410661e+03 5.739032e+03 -1.219152e+03 -4.768148e+03 -2.610331e+04 -2.185153e+03 8.989508e+03 1.637809e+03 -3.155210e+03 -6.541856e+03 -2.609952e+04 2.598244e+03 7.758559e+02 -3.712082e+03 2.694257e+03 -6.546609e+03 6.963013e+03 -1.112078e+03
6.363636e-03 2.963274e+04 -2.844787e+03 -1.001344e+03 3.787280e+03 3.473715e+03 -7.416345e+03 7.325530e+03 -1.378054e+03 -9.864376e+02 -3.755490e+03 -2.280748e+04 -1.941682e+03 -7.358110e+03 -1.366135e+03 2.369202e+03 5.702748e+03 -1.239970e+03 -4.271248e+03 -2.599875e+04 -2.149247e+03 8.339701e+03 1.662027e+03 -3.102556e+03 -6.500072e+03 -2.599498e+04 2.559985e+03 7.893143e+02 -3.330301e+03 2.645704e+03 -6.504794e+03 6.463466e+03 -1.128611e+03
6.565657e-03 2.947012e+04 -2.799720e+03 -1.017143e+03 3.367476e+03 3.412568e+03 -7.357118e+03 6.774258e+03 -1.396638e+03 -1.002275e+03 -3.335161e+03 -2.268304e+04 -1.911408e+03 -6.807306e+03 -1.384787e+03 2.327968e+03 5.657907e+03 -1.259559e+03 -3.792027e+03 -2.585647e+04 -2.113401e+03 7.711242e+03 1.684515e+03 -3.050203e+03 -6.448525e+03 -2.585272e+04 2.521785e+03 8.019854e+02 -2.962068e+03 2.597411e+03 -6.453210e+03 5.980292e+03 -1.143972e+03
6.767677e-03 2.926815e+04 -2.754798e+03 -1.031968e+03 2.963474e+03 3.351852e+03 -7.287747e+03 6.242185e+03 -1.413835e+03 -1.017157e+03 -2.930676e+03 -2.252831e+04 -1.881222e+03 -6.275659e+03 -1.402067e+03 2.287017e+03 5.605275e+03 -1.277948e+03 -3.330881e+03 -2.567968e+04 -2.077666e+03 7.104681e+03 1.705330e+03 -2.998222e+03 -6.388091e+03 -2.567595e+04 2.483700e+03 8.138861e+02 -2.607686e+03 2.549444e+03 -6.392732e+03 5.513914e+03 -1.158198e+03
6.969697e-03 2.903037e+04 -2.710083e+03 -1.045843e+03 2.575502e+03 3.291645e+03 -7.209200e+03 5.729645e+03 -1.429692e+03 -1.031106e+03 -2.542265e+03 -2.234603e+04 -1.851166e+03 -5.763505e+03 -1.418022e+03 2.246401e+03 5.545594e+03 -1.295169e+03 -2.888069e+03 -2.547147e+04 -2.042091e+03 6.520397e+03 1.724531e+03 -2.946681e+03 -6.319617e+03 -2.546777e+04 2.445782e+03 8.250347e+02 -2.267357e+03 2.501867e+03 -6.324209e+03 5.064626e+03 -1.171330e+03
7.171717e-03 2.876019e+04 -2.665630e+03 -1.058794e+03 2.203681e+03 3.232017e+03 -7.122409e+03 5.236836e+03 -1.444259e+03 -1.044147e+03 -2.170046e+03 -2.213882e+04 -1.821276e+03 -5.271043e+03 -1.432701e+03 2.206168e+03 5.479577e+03 -1.311254e+03 -2.463728e+03 -2.523483e+04 -2.006722e+03 5.958618e+03 1.742176e+03 -2.895640e+03 -6.243919e+03 -2.523117e+04 2.408080e+03 8.354506e+02 -1.941187e+03 2.454733e+03 -6.248456e+03 4.632603e+03 -1.183407e+03
7.373737e-03 2.846086e+04 -2.621493e+03 -1.070848e+03 1.848033e+03 3.173030e+03 -7.028263e+03 4.763836e+03 -1.457587e+03 -1.056305e+03 -1.814041e+03 -2.190918e+04 -1.791589e+03 -4.798350e+03 -1.446151e+03 2.166360e+03 5.407905e+03 -1.326237e+03 -2.057880e+03 -2.497263e+04 -1.971600e+03 5.419430e+03 1.758327e+03 -2.845151e+03 -6.161773e+03 -2.496901e+04 2.370638e+03 8.451539e+02 -1.629193e+03 2.408094e+03 -6.166252e+03 4.217914e+03 -1.194469e+03
7.575758e-03 2.813552e+04 -2.577718e+03 -1.082033e+03 1.508491e+03 3.114742e+03 -6.927611e+03 4.310612e+03 -1.469724e+03 -1.067608e+03 -1.474184e+03 -2.165951e+04 -1.762137e+03 -4.345396e+03 -1.458422e+03 2.127015e+03 5.331227e+03 -1.340152e+03 -1.670452e+03 -2.468759e+04 -1.936763e+03 4.902797e+03 1.773042e+03 -2.795264e+03 -6.073923e+03 -2.468401e+04 2.333496e+03 8.541655e+02 -1.331321e+03 2.361993e+03 -6.078338e+03 3.820531e+03 -1.204557e+03
7.777778e-03 2.778710e+04 -2.534349e+03 -1.092377e+03 1.184915e+03 3.057201e+03 -6.821254e+03 3.877035e+03 -1.480722e+03 -1.078081e+03 -1.150331e+03 -2.139207e+04 -1.732949e+03 -3.912050e+03 -1.469562e+03 2.088168e+03 5.250159e+03 -1.353035e+03 -1.301278e+03 -2.438231e+04 -1.902246e+03 4.408569e+03 1.786381e+03 -2.746019e+03 -5.981069e+03 -2.437878e+04 2.296692e+03 8.625069e+02 -1.047445e+03 2.316472e+03 -5.985418e+03 3.440341e+03 -1.213711e+03
7.979798e-03 2.741841e+04 -2.491426e+03 -1.101910e+03 8.770946e+02 3.000451e+03 -6.709947e+03 3.462890e+03 -1.490629e+03 -1.087753e+03 -8.422724e+02 -2.110902e+04 -1.704053e+03 -3.498101e+03 -1.479619e+03 2.049848e+03 5.165278e+03 -1.364921e+03 -9.501178e+02 -2.405924e+04 -1.868079e+03 3.936502e+03 1.798405e+03 -2.697456e+03 -5.883872e+03 -2.405575e+04 2.260259e+03 8.701998e+02 -7.773823e+02 2.271565e+03 -5.888152e+03 3.077159e+03 -1.221972e+03
8.181818e-03 2.703206e+04 -2.448984e+03 -1.110659e+03 5.847621e+02 2.944532e+03 -6.594401e+03 3.067887e+03 -1.499495e+03 -1.096651e+03 -5.497387e+02 -2.081238e+04 -1.675473e+03 -3.103259e+03 -1.488643e+03 2.012082e+03 5.077127e+03 -1.375847e+03 -6.166649e+02 -2.372067e+04 -1.834292e+03 3.486265e+03 1.809172e+03 -2.649606e+03 -5.782954e+03 -2.371723e+04 2.224228e+03 8.772664e+02 -5.208984e+02 2.227303e+03 -5.787162e+03 2.730731e+03 -1.229378e+03
8.383838e-03 2.663052e+04 -2.407053e+03 -1.118655e+03 3.075999e+02 2.889474e+03 -6.475278e+03 2.691675e+03 -1.507368e+03 -1.104803e+03 -2.724109e+02 -2.050403e+04 -1.647229e+03 -2.727174e+03 -1.496679e+03 1.974891e+03 4.986216e+03 -1.385849e+03 -3.005547e+02 -2.336876e+04 -1.800910e+03 3.057457e+03 1.818740e+03 -2.602497e+03 -5.678895e+03 -2.336538e+04 2.188625e+03 8.837291e+02 -2.777151e+02 2.183712e+03 -5.683028e+03 2.400750e+03 -1.235970e+03
8.585859e-03 2.621609e+04 -2.365663e+03 -1.125927e+03 4.524834e+01 2.835307e+03 -6.353196e+03 2.333847e+03 -1.514295e+03 -1.112238e+03 -9.928092e+00 -2.018574e+04 -1.619342e+03 -2.369441e+03 -1.503774e+03 1.938295e+03 4.893017e+03 -1.394963e+03 -1.375192e+00 -2.300554e+04 -1.767954e+03 2.649613e+03 1.827166e+03 -2.556153e+03 -5.572233e+03 -2.300221e+04 2.153475e+03 8.896103e+02 -4.751713e+01 2.140815e+03 -5.576291e+03 2.086862e+03 -1.241786e+03
8.787879e-03 2.579089e+04 -2.324837e+03 -1.132502e+03 -2.026868e+02 2.782052e+03 -6.228725e+03 1.993951e+03 -1.520322e+03 -1.118983e+03 2.381056e+02 -1.985916e+04 -1.591828e+03 -2.029610e+03 -1.509974e+03 1.902310e+03 4.797968e+03 -1.403224e+03 2.813255e+02 -2.263286e+04 -1.735446e+03 2.262218e+03 1.834505e+03 -2.510593e+03 -5.463471e+03 -2.262959e+04 2.118798e+03 8.949323e+02 1.700408e+02 2.098630e+03 -5.467451e+03 1.788671e+03 -1.246863e+03
8.989899e-03 2.535691e+04 -2.284598e+03 -1.138411e+03 -4.366280e+02 2.729730e+03 -6.102394e+03 1.671498e+03 -1.525495e+03 -1.125066e+03 4.721140e+02 -1.952580e+04 -1.564702e+03 -1.707193e+03 -1.515324e+03 1.866948e+03 4.701474e+03 -1.410669e+03 5.480311e+02 -2.225247e+04 -1.703401e+03 1.894714e+03 1.840812e+03 -2.465834e+03 -5.353069e+03 -2.224925e+04 2.084614e+03 8.997172e+02 3.753288e+02 2.057173e+03 -5.356971e+03 1.505751e+03 -1.251238e+03
9.191919e-03 2.491596e+04 -2.244963e+03 -1.143681e+03 -6.570196e+02 2.678354e+03 -5.974690e+03 1.365972e+03 -1.529857e+03 -1.130515e+03 6.925431e+02 -1.918707e+04 -1.537978e+03 -1.401674e+03 -1.519865e+03 1.832222e+03 4.603907e+03 -1.417332e+03 7.992504e+02 -2.186596e+04 -1.671834e+03 1.546511e+03 1.846140e+03 -2.421887e+03 -5.241454e+03 -2.186280e+04 2.050939e+03 9.039873e+02 5.687363e+02 2.016457e+03 -5.245277e+03 1.237650e+03 -1.254947e+03
9.393939e-03 2.446974e+04 -2.205948e+03 -1.148340e+03 -8.643225e+02 2.627937e+03 -5.846056e+03 1.076831e+03 -1.533452e+03 -1.135356e+03 8.998553e+02 -1.884425e+04 -1.511665e+03 -1.112514e+03 -1.523641e+03 1.798137e+03 4.505609e+03 -1.423247e+03 1.035511e+03 -2.147482e+04 -1.640759e+03 1.216991e+03 1.850541e+03 -2.378763e+03 -5.129015e+03 -2.147171e+04 2.017785e+03 9.077641e+02 7.506672e+02 1.976490e+03 -5.132758e+03 9.838943e+02 -1.258025e+03
9.595960e-03 2.401978e+04 -2.167566e+03 -1.152416e+03 -1.059010e+03 2.578486e+03 -5.716900e+03 8.035185e+02 -1.536320e+03 -1.139617e+03 1.094525e+03 -1.849854e+04 -1.485773e+03 -8.391569e+02 -1.526692e+03 1.764701e+03 4.406891e+03 -1.428449e+03 1.257355e+03 -2.108037e+04 -1.610186e+03 9.055201e+02 1.854063e+03 -2.336468e+03 -5.016107e+03 -2.107732e+04 1.985164e+03 9.110690e+02 9.215359e+02 1.937281e+03 -5.019771e+03 7.439976e+02 -1.260505e+03
9.797980e-03 2.356748e+04 -2.129828e+03 -1.155936e+03 -1.241561e+03 2.530006e+03 -5.587591e+03 5.454655e+02 -1.538502e+03 -1.143323e+03 1.277034e+03 -1.815101e+04 -1.460310e+03 -5.810364e+02 -1.529056e+03 1.731916e+03 4.308037e+03 -1.432971e+03 1.465332e+03 -2.068387e+04 -1.580123e+03 6.114483e+02 1.856755e+03 -2.295006e+03 -4.903054e+03 -2.068087e+04 1.953085e+03 9.139232e+02 1.081763e+03 1.898832e+03 -4.906638e+03 5.174626e+02 -1.262420e+03
1.000000e-02 2.311411e+04 -2.092742e+03 -1.158925e+03 -1.412461e+03 2.482499e+03 -5.458463e+03 3.020972e+02 -1.540035e+03 -1.146500e+03 1.447867e+03 -1.780264e+04 -1.435281e+03 -3.375785e+02 -1.530774e+03 1.699785e+03 4.209304e+03 -1.436845e+03 1.659994e+03 -2.028642e+04 -1.550577e+03 3.341200e+02 1.858664e+03 -2.254379e+03 -4.790149e+03 -2.028349e+04 1.921556e+03 9.163472e+02 1.231773e+03 1.861147e+03 -4.793654e+03 3.037866e+02 -1.263801e+03
