-1.000000e-02 -2.080494e+05 5.770360e+01 6.195143e+03 -1.472654e+05 3.826206e+03 -1.194169e+05 -1.417534e+05 6.717310e+03 6.001667e+03 1.473659e+05 1.602686e+05 8.380938e+00 1.416548e+05 6.527332e+03 2.625425e+03 9.185210e+04 7.416537e+03 1.679045e+05 1.826031e+05 4.434313e+02 -1.615099e+05 -8.011292e+03 -3.626848e+03 -1.047329e+05 1.826033e+05 3.834359e+02 -4.991843e+03 1.292524e+05 2.722772e+03 -1.047315e+05 -1.243281e+05 5.453747e+03
-9.797980e-03 -2.454037e+05 1.994750e+02 6.700784e+03 -1.727580e+05 4.387252e+03 -1.406964e+05 -1.660649e+05 7.296936e+03 6.471665e+03 1.728739e+05 1.890413e+05 1.005654e+02 1.659510e+05 7.071772e+03 3.010288e+03 1.082225e+05 8.010494e+03 1.969687e+05 2.153870e+05 5.874504e+02 -1.892106e+05 -8.689854e+03 -4.129788e+03 -1.233973e+05 2.153872e+05 2.980178e+02 -5.390605e+03 1.516258e+05 3.150754e+03 -1.233956e+05 -1.456515e+05 5.917636e+03
-9.595960e-03 -2.943758e+05 4.051100e+02 7.323390e+03 -2.061515e+05 5.115158e+03 -1.685832e+05 -1.978676e+05 8.015253e+03 7.046931e+03 2.062875e+05 2.267624e+05 2.349367e+02 1.977339e+05 7.743344e+03 3.509595e+03 1.296761e+05 8.740015e+03 2.350407e+05 2.583670e+05 7.901704e+02 -2.254471e+05 -9.528813e+03 -4.780619e+03 -1.478572e+05 2.583672e+05 1.671885e+02 -5.879987e+03 1.809333e+05 3.707690e+03 -1.478549e+05 -1.735455e+05 6.491285e+03
-9.393939e-03 -3.607915e+05 7.131756e+02 8.116013e+03 -2.514145e+05 6.095452e+03 -2.063892e+05 -2.409055e+05 8.936026e+03 7.774233e+03 2.515773e+05 2.779194e+05 4.371057e+02 2.407452e+05 8.599599e+03 4.181983e+03 1.587609e+05 9.666044e+03 2.866448e+05 3.166563e+05 1.086000e+03 -2.744852e+05 -1.060135e+04 -5.654717e+03 -1.810175e+05 3.166563e+05 -3.766898e+01 -6.500658e+03 2.206579e+05 4.460077e+03 -1.810145e+05 -2.112941e+05 7.224799e+03
-9.191919e-03 -4.551298e+05 1.197236e+03 9.174086e+03 -3.156920e+05 7.485587e+03 -2.600713e+05 -3.019050e+05 1.017394e+04 8.737307e+03 3.158926e+05 3.505834e+05 7.559861e+02 3.017074e+05 9.743659e+03 5.135377e+03 2.000598e+05 1.089796e+04 3.599270e+05 3.994513e+05 1.540231e+03 -3.439893e+05 -1.203886e+04 -6.890684e+03 -2.281031e+05 3.994511e+05 -3.715550e+02 -7.325607e+03 2.770703e+05 5.530473e+03 -2.280990e+05 -2.647969e+05 8.208136e+03
-8.989899e-03 -5.986367e+05 2.016578e+03 1.069369e+04 -4.134908e+05 9.615346e+03 -3.417079e+05 -3.944858e+05 1.196418e+04 1.010747e+04 4.137481e+05 4.611193e+05 1.297626e+03 3.942320e+05 1.138623e+04 6.595757e+03 2.628652e+05 1.266006e+04 4.714260e+05 5.253985e+05 2.293606e+03 -4.494779e+05 -1.411033e+04 -8.778509e+03 -2.997086e+05 5.253980e+05 -9.543432e+02 -8.504522e+03 3.629020e+05 7.175806e+03 -2.997028e+05 -3.459999e+05 9.625451e+03
-8.787879e-03 -8.439444e+05 3.596614e+03 1.317601e+04 -5.808116e+05 1.333890e+04 -4.812249e+05 -5.523303e+05 1.490523e+04 1.232110e+04 5.811654e+05 6.500662e+05 2.345617e+03 5.519810e+05 1.406174e+04 9.148230e+03 3.702004e+05 1.552460e+04 6.621857e+05 7.406896e+05 3.720693e+03 -6.293295e+05 -1.749928e+04 -1.206862e+04 -4.220829e+05 7.406885e+05 -2.107927e+03 -1.041946e+04 5.097485e+05 1.006199e+04 -4.220738e+05 -4.844463e+05 1.194459e+04
-8.585859e-03 -1.390602e+06 7.699847e+03 1.863073e+04 -9.544784e+05 2.209867e+04 -7.921131e+05 -9.028625e+05 2.137883e+04 1.712419e+04 9.550465e+05 1.071126e+06 5.076457e+03 9.023012e+05 1.989128e+04 1.514980e+04 6.093781e+05 2.178318e+04 1.088196e+06 1.220457e+06 7.369468e+03 -1.028734e+06 -2.492278e+04 -1.978332e+04 -6.947726e+05 1.220454e+06 -5.171576e+03 -1.460144e+04 8.376912e+05 1.687352e+04 -6.947556e+05 -7.919001e+05 1.702471e+04
-8.383838e-03 -1.013972e+07 9.119708e+04 1.131460e+05 -6.968210e+06 1.827365e+05 -5.769836e+06 -6.478163e+06 1.324065e+05 9.926261e+04 6.972256e+06 7.810136e+06 6.086583e+04 6.474169e+06 1.186877e+05 1.250935e+05 4.438893e+06 1.295287e+05 7.944348e+06 8.899046e+06 8.066855e+04 -7.381331e+06 -1.515563e+05 -1.607988e+05 -5.060879e+06 8.899001e+06 -6.871483e+04 -8.664860e+04 6.115561e+06 1.421122e+05 -5.060720e+06 -5.682001e+06 1.036413e+05
-8.181818e-03 -1.773740e+06 3.623580e+03 1.655833e+04 -1.201087e+06 1.825812e+04 -1.008371e+06 -1.161614e+06 1.984958e+04 1.546066e+04 1.201773e+06 1.366207e+06 2.285926e+03 1.160930e+06 1.876449e+04 1.257043e+04 7.757753e+05 1.954204e+04 1.369338e+06 1.556697e+06 3.932863e+03 -1.323575e+06 -2.329840e+04 -1.648750e+04 -8.844669e+05 1.556692e+06 -1.851271e+03 -1.304891e+04 1.054112e+06 1.385975e+04 -8.844543e+05 -1.018872e+06 1.594472e+04
-7.979798e-03 1.244228e+04 -1.244128e+04 1.550858e+02 2.403521e+04 -1.194750e+04 7.023834e+03 -2.259269e+04 1.660263e+02 1.394355e+03 -2.403959e+04 -9.582132e+03 -8.446813e+03 2.259462e+04 1.392474e+03 -8.113270e+03 -5.412403e+03 9.391663e+02 -2.739103e+04 -1.091989e+04 -1.005652e+04 -2.574526e+04 -9.446312e+02 9.966741e+03 6.173753e+03 -1.091740e+04 1.048659e+04 -6.364961e+02 -2.109366e+04 -9.763023e+03 6.156546e+03 -1.982860e+04 6.402021e+02
-7.777778e-03 2.361304e+06 -2.534531e+04 -1.221434e+04 1.614893e+06 -3.821908e+04 1.339767e+06 1.491594e+06 -1.624206e+04 -9.008294e+03 -1.615750e+06 -1.818721e+06 -1.700150e+04 -1.490739e+06 -1.306761e+04 -2.616425e+04 -1.030788e+06 -1.303451e+04 -1.841058e+06 -2.072334e+06 -2.123451e+04 1.699583e+06 1.764163e+04 3.294654e+04 1.175189e+06 -2.072326e+06 2.038026e+04 8.585969e+03 -1.417262e+06 -3.040776e+04 1.175143e+06 1.308307e+06 -1.213570e+04
-7.575758e-03 4.256420e+07 -1.393349e+05 -1.395879e+05 2.857534e+07 -3.303820e+05 2.412859e+07 2.765059e+07 -2.100900e+05 -1.160282e+05 -2.859015e+07 -3.278311e+07 -9.103045e+04 -2.763578e+07 -1.867472e+05 -2.279839e+05 -1.856436e+07 -1.579901e+05 -3.257709e+07 -3.735477e+07 -1.210093e+05 3.150670e+07 2.384559e+05 2.892350e+05 2.116465e+07 -3.735499e+07 1.049888e+05 1.026474e+05 -2.507815e+07 -2.604894e+05 2.116415e+07 2.425343e+07 -1.646195e+05
-7.373737e-03 -8.547907e+06 -1.373186e+04 1.100203e+04 -5.651836e+06 1.470626e+04 -4.841334e+06 -5.653178e+06 2.476263e+04 1.096323e+04 5.654773e+06 6.583612e+06 -1.001821e+04 5.650240e+06 2.472446e+04 1.068026e+04 3.724917e+06 1.392653e+04 6.443374e+06 7.501745e+06 -1.045412e+04 -6.441548e+06 -2.960990e+04 -1.382831e+04 -4.246593e+06 7.501735e+06 1.301287e+04 -8.550754e+03 4.960111e+06 1.124820e+04 -4.246598e+06 -4.958718e+06 2.062590e+04
-7.171717e-03 -1.710879e+07 -5.431622e+04 -1.207408e+04 -1.121817e+07 -2.059595e+04 -9.681417e+06 -1.138243e+07 1.445667e+04 -8.331621e+03 1.122387e+07 1.317706e+07 -3.821283e+04 1.137674e+07 1.816916e+04 -1.267541e+04 7.449029e+06 -1.114484e+04 1.278919e+07 1.501478e+07 -4.462836e+04 -1.296986e+07 -1.907504e+04 1.635336e+04 -8.492148e+06 1.501478e+07 4.658141e+04 9.324467e+03 9.845130e+06 -1.616410e+04 -8.492217e+06 -9.984293e+06 1.394150e+04
-6.969697e-03 -5.213363e+06 -1.870359e+04 -1.287707e+04 -3.410131e+06 -1.523114e+04 -2.947571e+06 -3.485920e+06 -5.088743e+03 -1.118166e+04 3.411804e+06 4.015233e+06 -1.308714e+04 3.484254e+06 -3.405745e+03 -9.967096e+03 2.267953e+06 -1.420926e+04 3.887655e+06 4.575244e+06 -1.587103e+04 -3.972110e+06 5.340163e+03 1.307005e+04 -2.585513e+06 4.575247e+06 1.545514e+04 1.017021e+04 2.992730e+06 -1.165391e+04 -2.585544e+06 -3.057778e+06 -3.342294e+03
-6.767677e-03 -1.341606e+07 4.408493e+04 -5.487190e+04 -8.939894e+06 3.229909e+04 -7.578770e+06 -8.773895e+06 -3.568743e+04 -5.864044e+04 8.944023e+06 1.033266e+07 2.902390e+04 8.769744e+06 -3.943018e+04 2.287463e+04 5.831484e+06 -6.783778e+04 1.019155e+07 1.177388e+07 3.241291e+04 -9.997650e+06 4.596245e+04 -2.488278e+04 -6.647993e+06 1.177383e+07 -3.934823e+04 4.737102e+04 7.845582e+06 2.952621e+04 -6.647943e+06 -7.696291e+06 -3.052617e+04
-6.565657e-03 4.480881e+06 -5.077255e+04 2.603549e+04 3.048183e+06 -3.897592e+04 2.529117e+06 2.842606e+06 1.991918e+04 3.047043e+04 -3.049512e+06 -3.451022e+06 -3.420498e+04 -2.841249e+06 2.432674e+04 -2.677908e+04 -1.946075e+06 3.392433e+04 -3.474875e+06 -3.932391e+06 -3.948795e+04 3.239091e+06 -2.694150e+04 3.147267e+04 2.218565e+06 -3.932370e+06 4.404528e+04 -2.346176e+04 -2.675052e+06 -3.324530e+04 2.218484e+06 2.493462e+06 1.808159e+04
-6.363636e-03 2.220322e+05 -1.552813e+04 1.884941e+03 1.721423e+05 -1.390108e+04 1.251795e+05 1.019346e+05 1.621447e+03 3.341050e+03 -1.722008e+05 -1.710007e+05 -1.053834e+04 -1.018650e+05 3.069644e+03 -9.460413e+03 -9.633114e+04 3.151503e+03 -1.962223e+05 -1.948570e+05 -1.242699e+04 1.161478e+05 -2.847539e+03 1.157126e+04 1.098252e+05 -1.948483e+05 1.320836e+04 -2.159126e+03 -1.510681e+05 -1.140791e+04 1.097979e+05 8.939908e+04 1.923851e+03
-6.161616e-03 -2.077162e+06 1.837350e+04 -1.876122e+04 -1.409274e+06 6.920711e+03 -1.170579e+06 -1.348624e+06 -1.612752e+04 -1.998644e+04 1.409841e+06 1.599720e+06 1.236426e+04 1.348044e+06 -1.734643e+04 4.826282e+03 9.007542e+05 -2.333073e+04 1.606516e+06 1.822882e+06 1.373610e+04 -1.536750e+06 2.032817e+04 -4.826353e+03 -1.026853e+06 1.822871e+06 -1.647734e+04 1.603607e+04 1.236746e+06 6.746089e+03 -1.026831e+06 -1.183020e+06 -1.372130e+04
-5.959596e-03 4.407329e+07 -7.866338e+05 4.796372e+05 3.059613e+07 -4.459913e+05 2.481749e+07 2.750049e+07 4.265652e+05 5.396508e+05 -3.060778e+07 -3.394295e+07 -5.321725e+05 -2.748824e+07 4.863084e+05 -3.056068e+05 -1.909736e+07 6.144495e+05 -3.487749e+07 -3.867791e+07 -6.067132e+05 3.133667e+07 -5.539138e+05 3.489853e+05 2.177104e+07 -3.867783e+07 6.900297e+05 -4.212906e+05 -2.685055e+07 -3.906270e+05 2.176967e+07 2.412317e+07 3.745477e+05
-5.757576e-03 -1.900859e+06 3.092457e+04 -2.344655e+04 -1.320744e+06 1.327303e+04 -1.069592e+06 -1.206847e+06 -2.125026e+04 -2.557546e+04 1.321213e+06 1.463913e+06 2.091945e+04 1.206351e+06 -2.337097e+04 9.122747e+03 8.230824e+05 -2.956601e+04 1.505542e+06 1.668149e+06 2.357244e+04 -1.375206e+06 2.706314e+04 -9.871307e+03 -9.382978e+05 1.668132e+06 -2.740409e+04 2.025060e+04 1.159041e+06 1.217141e+04 -9.382552e+05 -1.058664e+06 -1.831724e+04
-5.555556e-03 -9.766798e+05 1.572103e+04 -1.344667e+04 -6.823020e+05 4.991404e+03 -5.491825e+05 -6.275238e+05 -1.236063e+04 -1.443250e+04 6.825317e+05 7.521654e+05 1.063786e+04 6.272800e+05 -1.334312e+04 3.441978e+03 4.226185e+05 -1.682083e+04 7.777598e+05 8.571069e+05 1.188722e+04 -7.150700e+05 1.558413e+04 -3.446932e+03 -4.817726e+05 8.570985e+05 -1.403114e+04 1.151171e+04 5.987621e+05 4.855147e+03 -4.817523e+05 -5.504825e+05 -1.055569e+04
-5.353535e-03 -6.590928e+05 1.097784e+04 -9.999496e+03 -4.643355e+05 2.532249e+03 -3.703527e+05 -4.276445e+05 -9.295303e+03 -1.063431e+04 4.644825e+05 5.075790e+05 7.431845e+03 4.274871e+05 -9.928277e+03 1.752679e+03 2.850061e+05 -1.245321e+04 5.292911e+05 5.783988e+05 8.259182e+03 -4.873081e+05 1.165194e+04 -1.563506e+03 -3.248959e+05 5.783932e+05 -9.843397e+03 8.517032e+03 4.074808e+05 2.655641e+03 -3.248825e+05 -3.751482e+05 -7.897023e+03
-5.151515e-03 -4.869832e+05 8.513628e+03 -8.050020e+03 -3.467240e+05 1.332464e+03 -2.734620e+05 -3.192659e+05 -7.550370e+03 -8.506083e+03 3.468266e+05 3.750310e+05 5.766456e+03 3.191550e+05 -8.005327e+03 9.276479e+02 2.104469e+05 -9.994632e+03 3.952211e+05 4.273591e+05 6.382536e+03 -3.638110e+05 9.426564e+03 -6.583262e+02 -2.398995e+05 4.273548e+05 -7.659780e+03 6.831989e+03 3.042683e+05 1.567860e+03 -2.398896e+05 -2.800782e+05 -6.391938e+03
-4.949495e-03 -3.780454e+05 6.984066e+03 -6.744590e+03 -2.725754e+05 6.381041e+02 -2.121540e+05 -2.507539e+05 -6.372212e+03 -7.092016e+03 2.726503e+05 2.911343e+05 4.732699e+03 2.506719e+05 -6.718952e+03 4.497613e+02 1.632688e+05 -8.354561e+03 3.106964e+05 3.317578e+05 5.222408e+03 -2.857414e+05 7.931560e+03 -1.434525e+02 -1.861174e+05 3.317544e+05 -6.299622e+03 5.708508e+03 2.391978e+05 9.288704e+02 -1.861097e+05 -2.199789e+05 -5.380424e+03
-4.747475e-03 -3.030754e+05 5.939616e+03 -5.789096e+03 -2.217635e+05 1.981078e+02 -1.699779e+05 -2.037305e+05 -5.502531e+03 -6.063867e+03 2.218196e+05 2.333976e+05 4.026717e+03 2.036681e+05 -5.776879e+03 1.467017e+02 1.308129e+05 -7.157970e+03 2.527742e+05 2.659660e+05 4.433218e+03 -2.321581e+05 6.832752e+03 1.764318e+02 -1.491185e+05 2.659632e+05 -5.367752e+03 4.889254e+03 1.946069e+05 5.173187e+02 -1.491123e+05 -1.787296e+05 -4.636662e+03
-4.545455e-03 -2.486125e+05 5.181957e+03 -5.049606e+03 -1.850326e+05 -9.705080e+01 -1.393508e+05 -1.697071e+05 -4.823963e+03 -5.272700e+03 1.850754e+05 1.914542e+05 3.514499e+03 1.696587e+05 -5.046807e+03 -5.674948e+01 1.072442e+05 -6.234416e+03 2.109036e+05 2.181708e+05 3.862746e+03 -1.933882e+05 5.978595e+03 3.862491e+02 -1.222509e+05 2.181684e+05 -4.689638e+03 4.257252e+03 1.623731e+05 2.363025e+02 -1.222457e+05 -1.488838e+05 -4.058259e+03
-4.343434e-03 -2.074833e+05 4.608738e+03 -4.454703e+03 -1.574594e+05 -3.029632e+02 -1.162318e+05 -1.441535e+05 -4.273925e+03 -4.639404e+03 1.574923e+05 1.597798e+05 3.126893e+03 1.441154e+05 -4.458492e+03 -1.987906e+02 8.945313e+04 -5.493196e+03 1.794722e+05 1.820771e+05 3.432566e+03 -1.642696e+05 5.288460e+03 5.289228e+02 -1.019696e+05 1.820751e+05 -4.175089e+03 3.750258e+03 1.381758e+05 3.643495e+01 -1.019653e+05 -1.264677e+05 -3.590739e+03
-4.141414e-03 -1.754890e+05 4.161421e+03 -3.962176e+03 -1.361663e+05 -4.507646e+02 -9.825570e+04 -1.244154e+05 -3.815364e+03 -4.117393e+03 1.361918e+05 1.351404e+05 2.824358e+03 1.243852e+05 -3.970528e+03 -3.008251e+02 7.561951e+04 -4.880801e+03 1.551997e+05 1.539999e+05 3.097902e+03 -1.417779e+05 4.714723e+03 6.283753e+02 -8.619988e+04 1.539982e+05 -3.772453e+03 3.331553e+03 1.194898e+05 -1.100730e+02 -8.619613e+04 -1.091531e+05 -3.201925e+03
-3.939394e-03 -1.500026e+05 3.803991e+03 -3.545183e+03 -1.193559e+05 -5.591513e+02 -8.394279e+04 -1.088321e+05 -3.424653e+03 -3.677158e+03 1.193756e+05 1.155131e+05 2.582562e+03 1.088080e+05 -3.556632e+03 -3.757110e+02 6.460482e+04 -4.363272e+03 1.360372e+05 1.316340e+05 2.831251e+03 -1.240204e+05 4.227092e+03 6.988915e+02 -7.364365e+04 1.316324e+05 -3.449900e+03 2.977840e+03 1.047377e+05 -2.199946e+02 -7.364041e+04 -9.548303e+04 -2.871345e+03
-3.737374e-03 -1.292968e+05 3.513033e+03 -3.185694e+03 -1.058480e+05 -6.399515e+02 -7.232023e+04 -9.631126e+04 -3.085868e+03 -3.298951e+03 1.058631e+05 9.956741e+04 2.385692e+03 9.629201e+04 -3.199167e+03 -4.315860e+02 5.566042e+04 -3.917839e+03 1.206394e+05 1.134634e+05 2.614767e+03 -1.097528e+05 3.805196e+03 7.494529e+02 -6.344751e+04 1.134620e+05 -3.186706e+03 2.673502e+03 9.288377e+04 -3.040008e+02 -6.344467e+04 -8.449945e+04 -2.585234e+03
-3.535354e-03 -1.121900e+05 3.272659e+03 -2.871073e+03 -9.483696e+04 -7.009589e+02 -6.272266e+04 -8.610666e+04 -2.787798e+03 -2.968979e+03 9.484839e+04 8.639347e+04 2.223014e+03 8.609129e+04 -2.885774e+03 -4.738141e+02 4.827432e+04 -3.528571e+03 1.080878e+05 9.845116e+04 2.436363e+03 -9.812443e+04 3.434731e+03 7.859372e+02 -5.502778e+04 9.844996e+04 -2.968788e+03 2.407613e+03 8.322096e+04 -3.691652e+02 -5.502529e+04 -7.554767e+04 -2.333923e+03
-3.333333e-03 -9.784802e+04 3.071713e+03 -2.592152e+03 -8.575516e+04 -7.474793e+02 -5.468036e+04 -7.769204e+04 -2.522278e+03 -2.677269e+03 8.576361e+04 7.534875e+04 2.086993e+03 7.767982e+04 -2.607483e+03 -5.060480e+02 4.208503e+04 -3.183928e+03 9.773542e+04 8.586524e+04 2.287565e+03 -8.853578e+04 3.105299e+03 8.123163e+02 -4.797241e+04 8.586417e+04 -2.786240e+03 2.172264e+03 7.525119e+04 -4.203343e+02 -4.797021e+04 -6.816609e+04 -2.110381e+03
-3.131313e-03 -8.566577e+04 2.902133e+03 -2.342087e+03 -7.819225e+04 -7.832226e+02 -4.785272e+04 -7.068674e+04 -2.283184e+03 -2.416401e+03 7.819828e+04 6.596732e+04 1.972181e+03 7.067710e+04 -2.357596e+03 -5.308427e+02 3.683048e+04 -2.875309e+03 8.911445e+04 7.517467e+04 2.162260e+03 -8.055306e+04 2.809122e+03 8.313454e+02 -4.198259e+04 7.517371e+04 -2.631893e+03 1.961561e+03 6.861435e+04 -4.609196e+02 -4.198065e+04 -6.202079e+04 -1.909349e+03
-2.929293e-03 -7.519447e+04 2.757957e+03 -2.115645e+03 -7.184513e+04 -8.108415e+02 -4.198713e+04 -6.480941e+04 -2.065812e+03 -2.180719e+03 7.184915e+04 5.790353e+04 1.874551e+03 6.480191e+04 -2.130990e+03 -5.500258e+02 3.231626e+04 -2.596147e+03 8.187938e+04 6.598558e+04 2.055936e+03 -7.385568e+04 2.540235e+03 8.449781e+02 -3.683674e+04 6.598472e+04 -2.500439e+03 1.771005e+03 6.304443e+04 -4.933780e+02 -3.683501e+04 -5.686497e+04 -1.726793e+03
-2.727273e-03 -6.609452e+04 2.634689e+03 -1.908742e+03 -6.648571e+04 -8.322688e+02 -3.689247e+04 -5.984831e+04 -1.866474e+03 -1.965821e+03 6.648806e+04 5.089585e+04 1.791065e+03 5.984259e+04 -1.923659e+03 -5.649294e+02 2.839531e+04 -2.341324e+03 7.577021e+04 5.799994e+04 1.965196e+03 -6.820236e+04 2.293972e+03 8.546248e+02 -3.236718e+04 5.799917e+04 -2.387867e+03 1.597091e+03 5.834128e+04 -5.195130e+02 -3.236565e+04 -5.251289e+04 -1.559556e+03
-2.525253e-03 -5.810436e+04 2.528881e+03 -1.718127e+03 -6.193974e+04 -8.489358e+02 -3.242158e+04 -5.564160e+04 -1.682222e+03 -1.768213e+03 6.194070e+04 4.474285e+04 1.719393e+03 5.563737e+04 -1.732413e+03 -5.765399e+02 2.495437e+04 -2.106772e+03 7.058829e+04 5.098823e+04 1.887437e+03 -6.340868e+04 2.066609e+03 8.613201e+02 -2.844483e+04 5.098754e+04 -2.291097e+03 1.437034e+03 5.435198e+04 -5.406701e+02 -2.844347e+04 -4.882258e+04 -1.405119e+03
-2.323232e-03 -5.101933e+04 2.437850e+03 -1.541174e+03 -5.807230e+04 -8.619167e+02 -2.845932e+04 -5.206397e+04 -1.510663e+03 -1.585082e+03 5.807210e+04 3.928690e+04 1.657721e+03 5.206099e+04 -1.554673e+03 -5.855982e+02 2.190485e+04 -1.889207e+03 6.617984e+04 4.477082e+04 1.820641e+03 -5.933184e+04 1.855131e+03 8.658327e+02 -2.496868e+04 4.477021e+04 -2.207730e+03 1.288586e+03 5.095813e+04 -5.578673e+02 -2.496747e+04 -4.568411e+04 -1.261441e+03
-2.121212e-03 -4.467687e+04 2.359488e+03 -1.375725e+03 -5.477780e+04 -8.720272e+02 -2.491425e+04 -4.901733e+04 -1.349823e+03 -1.414120e+03 5.477662e+04 3.440282e+04 1.604626e+03 4.901540e+04 -1.388315e+03 -5.926668e+02 1.917638e+04 -1.685937e+03 6.242449e+04 3.920507e+04 1.763220e+03 -5.586008e+04 1.657052e+03 8.687402e+02 -2.185852e+04 3.920453e+04 -2.135878e+03 1.149906e+03 4.806706e+04 -5.718838e+02 -2.185745e+04 -4.301145e+04 -1.126840e+03
-1.919192e-03 -3.894600e+04 2.292122e+03 -1.219984e+03 -5.197287e+04 -8.798924e+02 -2.171274e+04 -4.642423e+04 -1.198051e+03 -1.253413e+03 5.197087e+04 2.998973e+04 1.558975e+03 4.642318e+04 -1.231570e+03 -5.981772e+02 1.671230e+04 -1.494721e+03 5.922721e+04 3.417603e+04 1.713917e+03 -5.290515e+04 1.470298e+03 8.704808e+02 -1.904974e+04 3.417555e+04 -2.074040e+03 1.019461e+03 4.560562e+04 -5.833217e+02 -1.904880e+04 -4.073665e+04 -9.999110e+02
-1.717172e-03 -3.371978e+04 2.234413e+03 -1.072433e+03 -4.959125e+04 -8.859954e+02 -1.879466e+04 -4.422312e+04 -1.053946e+03 -1.101344e+03 4.958857e+04 2.596528e+04 1.519864e+03 4.422281e+04 -1.082941e+03 -6.024627e+02 1.446634e+04 -1.313667e+03 5.651245e+04 2.958986e+04 1.671730e+03 -5.039689e+04 1.293112e+03 8.713892e+02 -1.648961e+04 2.958944e+04 -2.021015e+03 8.959566e+02 4.351565e+04 -5.926500e+02 -1.648879e+04 -3.880572e+04 -8.794649e+02
-1.515152e-03 -2.890965e+04 2.185288e+03 -9.317704e+02 -4.758007e+04 -8.907113e+02 -1.611023e+04 -4.236487e+04 -9.163050e+02 -9.565346e+02 4.757682e+04 2.226127e+04 1.486568e+03 4.236518e+04 -9.411443e+02 -6.057822e+02 1.240018e+04 -1.141159e+03 5.421995e+04 2.536883e+04 1.635854e+03 -4.827933e+04 1.123985e+03 8.717224e+02 -1.413445e+04 2.536847e+04 -1.975838e+03 7.782882e+02 4.175076e+04 -6.002357e+02 -1.413374e+04 -3.717556e+04 -7.644802e+02
-1.313131e-03 -2.444124e+04 2.143887e+03 -7.968690e+02 -4.589707e+04 -8.943320e+02 -1.361766e+04 -4.081021e+04 -7.840781e+02 -8.177888e+02 4.589334e+04 1.882041e+04 1.458504e+03 4.081104e+04 -8.050641e+02 -6.083374e+02 1.048168e+04 -9.757920e+02 5.230154e+04 2.144768e+04 1.605644e+03 -4.650774e+04 9.616058e+02 8.716785e+02 -1.194760e+04 2.144737e+04 -1.937734e+03 6.654965e+02 4.027386e+04 -6.063668e+02 -1.194700e+04 -3.581173e+04 -6.540677e+02
-1.111111e-03 -2.025114e+04 2.109517e+03 -6.667344e+02 -4.450856e+04 -8.970850e+02 -1.128133e+04 -3.952788e+04 -6.563381e+02 -6.840563e+02 4.450444e+04 1.559389e+04 1.435205e+03 3.952913e+04 -6.737167e+02 -6.102854e+02 8.683414e+03 -8.163325e+02 5.071881e+04 1.777076e+04 1.580584e+03 -4.504646e+04 8.048149e+02 8.714100e+02 -9.897822e+03 1.777050e+04 -1.906082e+03 5.567380e+02 3.905539e+04 -6.112694e+02 -9.897324e+03 -3.468679e+04 -5.474425e+02
-9.090909e-04 -1.628442e+04 2.081631e+03 -5.404785e+02 -4.338791e+04 -8.991460e+02 -9.070397e+03 -3.849311e+04 -5.322538e+02 -5.543997e+02 4.338348e+04 1.253939e+04 1.416300e+03 3.849470e+04 -5.462220e+02 -6.117476e+02 6.981645e+03 -6.616779e+02 4.944142e+04 1.428988e+04 1.560265e+03 -4.386729e+04 6.525748e+02 8.710337e+02 -7.958043e+03 1.428967e+04 -1.880386e+03 4.512599e+02 3.807198e+04 -6.151192e+02 -7.957642e+03 -3.377903e+04 -4.439017e+02
-7.070707e-04 -1.249265e+04 2.059800e+03 -4.172952e+02 -4.251437e+04 -9.006495e+02 -6.957659e+03 -3.768664e+04 -4.110687e+02 -4.279704e+02 4.250970e+04 9.619624e+03 1.401499e+03 3.768849e+04 -4.217806e+02 -6.128169e+02 5.355448e+03 -5.108288e+02 4.844569e+04 1.096252e+04 1.544365e+03 -4.294828e+04 5.039427e+02 8.706382e+02 -6.104412e+03 1.096236e+04 -1.860260e+03 3.483796e+02 3.730542e+04 -6.180517e+02 -6.104103e+03 -3.307154e+04 -3.428062e+02
-5.050505e-04 -8.832315e+03 2.043697e+03 -2.964416e+02 -4.187222e+04 -9.016956e+02 -4.918685e+03 -3.709387e+04 -2.920834e+02 -3.039865e+02 4.186738e+04 6.801076e+03 1.390581e+03 3.709591e+04 -2.996547e+02 -6.135625e+02 3.786016e+03 -3.628642e+02 4.771373e+04 7.750511e+03 1.532642e+03 -4.227279e+04 3.580473e+02 8.702887e+02 -4.315490e+03 7.750397e+03 -1.845411e+03 2.474682e+02 3.674191e+04 -6.201681e+02 -4.315271e+03 -3.255153e+04 -2.435657e+02
-3.030303e-04 -5.263455e+03 2.033088e+03 -1.772205e+02 -4.145019e+04 -9.023553e+02 -2.931046e+03 -3.670432e+04 -1.746408e+02 -1.817158e+02 4.144522e+04 4.052973e+03 1.383388e+03 3.670648e+04 -1.791520e+02 -6.140335e+02 2.256091e+03 -2.169208e+02 4.723266e+04 4.618773e+03 1.524921e+03 -4.182888e+04 2.140708e+02 8.700314e+02 -2.571604e+03 4.618704e+03 -1.835625e+03 1.479364e+02 3.637156e+04 -6.215405e+02 -2.571473e+03 -3.220979e+04 -1.456259e+02
-1.010101e-04 -1.748542e+03 2.027821e+03 -5.896670e+01 -4.124096e+04 -9.026741e+02 -9.736804e+02 -3.651121e+04 -5.811263e+01 -6.045990e+01 4.123594e+04 1.346414e+03 1.379817e+03 3.651343e+04 -5.961113e+01 -6.142613e+02 7.494639e+02 -7.217473e+01 4.699417e+04 1.534376e+03 1.521088e+03 -4.160882e+04 7.123135e+01 8.698956e+02 -8.542757e+02 1.534353e+03 -1.830766e+03 4.922192e+01 3.618795e+04 -6.222154e+02 -8.542322e+02 -3.204039e+04 -4.845685e+01
1.010101e-04 1.748542e+03 2.027821e+03 5.896670e+01 -4.124096e+04 -9.026741e+02 9.736804e+02 -3.651121e+04 5.811263e+01 6.045990e+01 4.123594e+04 -1.346414e+03 1.379817e+03 3.651343e+04 5.961113e+01 -6.142613e+02 -7.494639e+02 7.217473e+01 4.699417e+04 -1.534376e+03 1.521088e+03 -4.160882e+04 -7.123135e+01 8.698956e+02 8.542757e+02 -1.534353e+03 -1.830766e+03 -4.922192e+01 3.618795e+04 -6.222154e+02 8.542322e+02 -3.204039e+04 4.845685e+01
3.030303e-04 5.263455e+03 2.033088e+03 1.772205e+02 -4.145019e+04 -9.023553e+02 2.931046e+03 -3.670432e+04 1.746408e+02 1.817158e+02 4.144522e+04 -4.052973e+03 1.383388e+03 3.670648e+04 1.791520e+02 -6.140335e+02 -2.256091e+03 2.169208e+02 4.723266e+04 -4.618773e+03 1.524921e+03 -4.182888e+04 -2.140708e+02 8.700314e+02 2.571604e+03 -4.618704e+03 -1.835625e+03 -1.479364e+02 3.637156e+04 -6.215405e+02 2.571473e+03 -3.220979e+04 1.456259e+02
5.050505e-04 8.832315e+03 2.043697e+03 2.964416e+02 -4.187222e+04 -9.016956e+02 4.918685e+03 -3.709387e+04 2.920834e+02 3.039865e+02 4.186738e+04 -6.801076e+03 1.390581e+03 3.709591e+04 2.996547e+02 -6.135625e+02 -3.786016e+03 3.628642e+02 4.771373e+04 -7.750511e+03 1.532642e+03 -4.227279e+04 -3.580473e+02 8.702887e+02 4.315490e+03 -7.750397e+03 -1.845411e+03 -2.474682e+02 3.674191e+04 -6.201681e+02 4.315271e+03 -3.255153e+04 2.435657e+02
7.070707e-04 1.249265e+04 2.059800e+03 4.172952e+02 -4.251437e+04 -9.006495e+02 6.957659e+03 -3.768664e+04 4.110687e+02 4.279704e+02 4.250970e+04 -9.619624e+03 1.401499e+03 3.768849e+04 4.217806e+02 -6.128169e+02 -5.355448e+03 5.108288e+02 4.844569e+04 -1.096252e+04 1.544365e+03 -4.294828e+04 -5.039427e+02 8.706382e+02 6.104412e+03 -1.096236e+04 -1.860260e+03 -3.483796e+02 3.730542e+04 -6.180517e+02 6.104103e+03 -3.307154e+04 3.428062e+02
9.090909e-04 1.628442e+04 2.081631e+03 5.404785e+02 -4.338791e+04 -8.991460e+02 9.070397e+03 -3.849311e+04 5.322538e+02 5.543997e+02 4.338348e+04 -1.253939e+04 1.416300e+03 3.849470e+04 5.462220e+02 -6.117476e+02 -6.981645e+03 6.616779e+02 4.944142e+04 -1.428988e+04 1.560265e+03 -4.386729e+04 -6.525748e+02 8.710337e+02 7.958043e+03 -1.428967e+04 -1.880386e+03 -4.512599e+02 3.807198e+04 -6.151192e+02 7.957642e+03 -3.377903e+04 4.439017e+02
1.111111e-03 2.025114e+04 2.109517e+03 6.667344e+02 -4.450856e+04 -8.970850e+02 1.128133e+04 -3.952788e+04 6.563381e+02 6.840563e+02 4.450444e+04 -1.559389e+04 1.435205e+03 3.952913e+04 6.737167e+02 -6.102854e+02 -8.683414e+03 8.163325e+02 5.071881e+04 -1.777076e+04 1.580584e+03 -4.504646e+04 -8.048149e+02 8.714100e+02 9.897822e+03 -1.777050e+04 -1.906082e+03 -5.567380e+02 3.905539e+04 -6.112694e+02 9.897324e+03 -3.468679e+04 5.474425e+02
1.313131e-03 2.444124e+04 2.143887e+03 7.968690e+02 -4.589707e+04 -8.943320e+02 1.361766e+04 -4.081021e+04 7.840781e+02 8.177888e+02 4.589334e+04 -1.882041e+04 1.458504e+03 4.081104e+04 8.050641e+02 -6.083374e+02 -1.048168e+04 9.757920e+02 5.230154e+04 -2.144768e+04 1.605644e+03 -4.650774e+04 -9.616058e+02 8.716785e+02 1.194760e+04 -2.144737e+04 -1.937734e+03 -6.654965e+02 4.027386e+04 -6.063668e+02 1.194700e+04 -3.581173e+04 6.540677e+02
1.515152e-03 2.890965e+04 2.185288e+03 9.317704e+02 -4.758007e+04 -8.907113e+02 1.611023e+04 -4.236487e+04 9.163050e+02 9.565346e+02 4.757682e+04 -2.226127e+04 1.486568e+03 4.236518e+04 9.411443e+02 -6.057822e+02 -1.240018e+04 1.141159e+03 5.421995e+04 -2.536883e+04 1.635854e+03 -4.827933e+04 -1.123985e+03 8.717224e+02 1.413445e+04 -2.536847e+04 -1.975838e+03 -7.782882e+02 4.175076e+04 -6.002357e+02 1.413374e+04 -3.717556e+04 7.644802e+02
1.717172e-03 3.371978e+04 2.234413e+03 1.072433e+03 -4.959125e+04 -8.859954e+02 1.879466e+04 -4.422312e+04 1.053946e+03 1.101344e+03 4.958857e+04 -2.596528e+04 1.519864e+03 4.422281e+04 1.082941e+03 -6.024627e+02 -1.446634e+04 1.313667e+03 5.651245e+04 -2.958986e+04 1.671730e+03 -5.039689e+04 -1.293112e+03 8.713892e+02 1.648961e+04 -2.958944e+04 -2.021015e+03 -8.959566e+02 4.351565e+04 -5.926500e+02 1.648879e+04 -3.880572e+04 8.794649e+02
1.919192e-03 3.894600e+04 2.292122e+03 1.219984e+03 -5.197287e+04 -8.798924e+02 2.171274e+04 -4.642423e+04 1.198051e+03 1.253413e+03 5.197087e+04 -2.998973e+04 1.558975e+03 4.642318e+04 1.231570e+03 -5.981772e+02 -1.671230e+04 1.494721e+03 5.922721e+04 -3.417603e+04 1.713917e+03 -5.290515e+04 -1.470298e+03 8.704808e+02 1.904974e+04 -3.417555e+04 -2.074040e+03 -1.019461e+03 4.560562e+04 -5.833217e+02 1.904880e+04 -4.073665e+04 9.999110e+02
2.121212e-03 4.467687e+04 2.359488e+03 1.375725e+03 -5.477780e+04 -8.720272e+02 2.491425e+04 -4.901733e+04 1.349823e+03 1.414120e+03 5.477662e+04 -3.440282e+04 1.604626e+03 4.901540e+04 1.388315e+03 -5.926668e+02 -1.917638e+04 1.685937e+03 6.242449e+04 -3.920507e+04 1.763220e+03 -5.586008e+04 -1.657052e+03 8.687402e+02 2.185852e+04 -3.920453e+04 -2.135878e+03 -1.149906e+03 4.806706e+04 -5.718838e+02 2.185745e+04 -4.301145e+04 1.126840e+03
2.323232e-03 5.101933e+04 2.437850e+03 1.541174e+03 -5.807230e+04 -8.619167e+02 2.845932e+04 -5.206397e+04 1.510663e+03 1.585082e+03 5.807210e+04 -3.928690e+04 1.657721e+03 5.206099e+04 1.554673e+03 -5.855982e+02 -2.190485e+04 1.889207e+03 6.617984e+04 -4.477082e+04 1.820641e+03 -5.933184e+04 -1.855131e+03 8.658327e+02 2.496868e+04 -4.477021e+04 -2.207730e+03 -1.288586e+03 5.095813e+04 -5.578673e+02 2.496747e+04 -4.568411e+04 1.261441e+03
2.525253e-03 5.810436e+04 2.528881e+03 1.718127e+03 -6.193974e+04 -8.489358e+02 3.242158e+04 -5.564160e+04 1.682222e+03 1.768213e+03 6.194070e+04 -4.474285e+04 1.719393e+03 5.563737e+04 1.732413e+03 -5.765399e+02 -2.495437e+04 2.106772e+03 7.058829e+04 -5.098823e+04 1.887437e+03 -6.340868e+04 -2.066609e+03 8.613201e+02 2.844483e+04 -5.098754e+04 -2.291097e+03 -1.437034e+03 5.435198e+04 -5.406701e+02 2.844347e+04 -4.882258e+04 1.405119e+03
2.727273e-03 6.609452e+04 2.634689e+03 1.908742e+03 -6.648571e+04 -8.322688e+02 3.689247e+04 -5.984831e+04 1.866474e+03 1.965821e+03 6.648806e+04 -5.089585e+04 1.791065e+03 5.984259e+04 1.923659e+03 -5.649294e+02 -2.839531e+04 2.341324e+03 7.577021e+04 -5.799994e+04 1.965196e+03 -6.820236e+04 -2.293972e+03 8.546248e+02 3.236718e+04 -5.799917e+04 -2.387867e+03 -1.597091e+03 5.834128e+04 -5.195130e+02 3.236565e+04 -5.251289e+04 1.559556e+03
2.929293e-03 7.519447e+04 2.757957e+03 2.115645e+03 -7.184513e+04 -8.108415e+02 4.198713e+04 -6.480941e+04 2.065812e+03 2.180719e+03 7.184915e+04 -5.790353e+04 1.874551e+03 6.480191e+04 2.130990e+03 -5.500258e+02 -3.231626e+04 2.596147e+03 8.187938e+04 -6.598558e+04 2.055936e+03 -7.385568e+04 -2.540235e+03 8.449781e+02 3.683674e+04 -6.598472e+04 -2.500439e+03 -1.771005e+03 6.304443e+04 -4.933780e+02 3.683501e+04 -5.686497e+04 1.726793e+03
3.131313e-03 8.566577e+04 2.902133e+03 2.342087e+03 -7.819225e+04 -7.832226e+02 4.785272e+04 -7.068674e+04 2.283184e+03 2.416401e+03 7.819828e+04 -6.596732e+04 1.972181e+03 7.067710e+04 2.357596e+03 -5.308427e+02 -3.683048e+04 2.875309e+03 8.911445e+04 -7.517467e+04 2.162260e+03 -8.055306e+04 -2.809122e+03 8.313454e+02 4.198259e+04 -7.517371e+04 -2.631893e+03 -1.961561e+03 6.861435e+04 -4.609196e+02 4.198065e+04 -6.202079e+04 1.909349e+03
3.333333e-03 9.784802e+04 3.071713e+03 2.592152e+03 -8.575516e+04 -7.474793e+02 5.468036e+04 -7.769204e+04 2.522278e+03 2.677269e+03 8.576361e+04 -7.534875e+04 2.086993e+03 7.767982e+04 2.607483e+03 -5.060480e+02 -4.208503e+04 3.183928e+03 9.773542e+04 -8.586524e+04 2.287565e+03 -8.853578e+04 -3.105299e+03 8.123163e+02 4.797241e+04 -8.586417e+04 -2.786240e+03 -2.172264e+03 7.525119e+04 -4.203343e+02 4.797021e+04 -6.816609e+04 2.110381e+03
3.535354e-03 1.121900e+05 3.272659e+03 2.871073e+03 -9.483696e+04 -7.009589e+02 6.272266e+04 -8.610666e+04 2.787798e+03 2.968979e+03 9.484839e+04 -8.639347e+04 2.223014e+03 8.609129e+04 2.885774e+03 -4.738141e+02 -4.827432e+04 3.528571e+03 1.080878e+05 -9.845116e+04 2.436363e+03 -9.812443e+04 -3.434731e+03 7.859372e+02 5.502778e+04 -9.844996e+04 -2.968788e+03 -2.407613e+03 8.322096e+04 -3.691652e+02 5.502529e+04 -7.554767e+04 2.333923e+03
3.737374e-03 1.292968e+05 3.513033e+03 3.185694e+03 -1.058480e+05 -6.399515e+02 7.232023e+04 -9.631126e+04 3.085868e+03 3.298951e+03 1.058631e+05 -9.956741e+04 2.385692e+03 9.629201e+04 3.199167e+03 -4.315860e+02 -5.566042e+04 3.917839e+03 1.206394e+05 -1.134634e+05 2.614767e+03 -1.097528e+05 -3.805196e+03 7.494529e+02 6.344751e+04 -1.134620e+05 -3.186706e+03 -2.673502e+03 9.288377e+04 -3.040008e+02 6.344467e+04 -8.449945e+04 2.585234e+03
3.939394e-03 1.500026e+05 3.803991e+03 3.545183e+03 -1.193559e+05 -5.591513e+02 8.394279e+04 -1.088321e+05 3.424653e+03 3.677158e+03 1.193756e+05 -1.155131e+05 2.582562e+03 1.088080e+05 3.556632e+03 -3.757110e+02 -6.460482e+04 4.363272e+03 1.360372e+05 -1.316340e+05 2.831251e+03 -1.240204e+05 -4.227092e+03 6.988915e+02 7.364365e+04 -1.316324e+05 -3.449900e+03 -2.977840e+03 1.047377e+05 -2.199946e+02 7.364041e+04 -9.548303e+04 2.871345e+03
4.141414e-03 1.754890e+05 4.161421e+03 3.962176e+03 -1.361663e+05 -4.507646e+02 9.825570e+04 -1.244154e+05 3.815364e+03 4.117393e+03 1.361918e+05 -1.351404e+05 2.824358e+03 1.243852e+05 3.970528e+03 -3.008251e+02 -7.561951e+04 4.880801e+03 1.551997e+05 -1.539999e+05 3.097902e+03 -1.417779e+05 -4.714723e+03 6.283753e+02 8.619988e+04 -1.539982e+05 -3.772453e+03 -3.331553e+03 1.194898e+05 -1.100730e+02 8.619613e+04 -1.091531e+05 3.201925e+03
4.343434e-03 2.074833e+05 4.608738e+03 4.454703e+03 -1.574594e+05 -3.029632e+02 1.162318e+05 -1.441535e+05 4.273925e+03 4.639404e+03 1.574923e+05 -1.597798e+05 3.126893e+03 1.441154e+05 4.458492e+03 -1.987906e+02 -8.945313e+04 5.493196e+03 1.794722e+05 -1.820771e+05 3.432566e+03 -1.642696e+05 -5.288460e+03 5.289228e+02 1.019696e+05 -1.820751e+05 -4.175089e+03 -3.750258e+03 1.381758e+05 3.643495e+01 1.019653e+05 -1.264677e+05 3.590739e+03
4.545455e-03 2.486125e+05 5.181957e+03 5.049606e+03 -1.850326e+05 -9.705080e+01 1.393508e+05 -1.697071e+05 4.823963e+03 5.272700e+03 1.850754e+05 -1.914542e+05 3.514499e+03 1.696587e+05 5.046807e+03 -5.674948e+01 -1.072442e+05 6.234416e+03 2.109036e+05 -2.181708e+05 3.862746e+03 -1.933882e+05 -5.978595e+03 3.862491e+02 1.222509e+05 -2.181684e+05 -4.689638e+03 -4.257252e+03 1.623731e+05 2.363025e+02 1.222457e+05 -1.488838e+05 4.058259e+03
4.747475e-03 3.030754e+05 5.939616e+03 5.789096e+03 -2.217635e+05 1.981078e+02 1.699779e+05 -2.037305e+05 5.502531e+03 6.063867e+03 2.218196e+05 -2.333976e+05 4.026717e+03 2.036681e+05 5.776879e+03 1.467017e+02 -1.308129e+05 7.157970e+03 2.527742e+05 -2.659660e+05 4.433218e+03 -2.321581e+05 -6.832752e+03 1.764318e+02 1.491185e+05 -2.659632e+05 -5.367752e+03 -4.889254e+03 1.946069e+05 5.173187e+02 1.491123e+05 -1.787296e+05 4.636662e+03
4.949495e-03 3.780454e+05 6.984066e+03 6.744590e+03 -2.725754e+05 6.381041e+02 2.121540e+05 -2.507539e+05 6.372212e+03 7.092016e+03 2.726503e+05 -2.911343e+05 4.732699e+03 2.506719e+05 6.718952e+03 4.497613e+02 -1.632688e+05 8.354561e+03 3.106964e+05 -3.317578e+05 5.222408e+03 -2.857414e+05 -7.931560e+03 -1.434525e+02 1.861174e+05 -3.317544e+05 -6.299622e+03 -5.708508e+03 2.391978e+05 9.288704e+02 1.861097e+05 -2.199789e+05 5.380424e+03
5.151515e-03 4.869832e+05 8.513628e+03 8.050020e+03 -3.467240e+05 1.332464e+03 2.734620e+05 -3.192659e+05 7.550370e+03 8.506083e+03 3.468266e+05 -3.750310e+05 5.766456e+03 3.191550e+05 8.005327e+03 9.276479e+02 -2.104469e+05 9.994632e+03 3.952211e+05 -4.273591e+05 6.382536e+03 -3.638110e+05 -9.426564e+03 -6.583262e+02 2.398995e+05 -4.273548e+05 -7.659780e+03 -6.831989e+03 3.042683e+05 1.567860e+03 2.398896e+05 -2.800782e+05 6.391938e+03
5.353535e-03 6.590928e+05 1.097784e+04 9.999496e+03 -4.643355e+05 2.532249e+03 3.703527e+05 -4.276445e+05 9.295303e+03 1.063431e+04 4.644825e+05 -5.075790e+05 7.431845e+03 4.274871e+05 9.928277e+03 1.752679e+03 -2.850061e+05 1.245321e+04 5.292911e+05 -5.783988e+05 8.259182e+03 -4.873081e+05 -1.165194e+04 -1.563506e+03 3.248959e+05 -5.783932e+05 -9.843397e+03 -8.517032e+03 4.074808e+05 2.655641e+03 3.248825e+05 -3.751482e+05 7.897023e+03
5.555556e-03 9.766798e+05 1.572103e+04 1.344667e+04 -6.823020e+05 4.991404e+03 5.491825e+05 -6.275238e+05 1.236063e+04 1.443250e+04 6.825317e+05 -7.521654e+05 1.063786e+04 6.272800e+05 1.334312e+04 3.441978e+03 -4.226185e+05 1.682083e+04 7.777598e+05 -8.571069e+05 1.188722e+04 -7.150700e+05 -1.558413e+04 -3.446932e+03 4.817726e+05 -8.570985e+05 -1.403114e+04 -1.151171e+04 5.987621e+05 4.855147e+03 4.817523e+05 -5.504825e+05 1.055569e+04
5.757576e-03 1.900859e+06 3.092457e+04 2.344655e+04 -1.320744e+06 1.327303e+04 1.069592e+06 -1.206847e+06 2.125026e+04 2.557546e+04 1.321213e+06 -1.463913e+06 2.091945e+04 1.206351e+06 2.337097e+04 9.122747e+03 -8.230824e+05 2.956601e+04 1.505542e+06 -1.668149e+06 2.357244e+04 -1.375206e+06 -2.706314e+04 -9.871307e+03 9.382978e+05 -1.668132e+06 -2.740409e+04 -2.025060e+04 1.159041e+06 1.217141e+04 9.382552e+05 -1.058664e+06 1.831724e+04
5.959596e-03 -4.407329e+07 -7.866338e+05 -4.796373e+05 3.059613e+07 -4.459913e+05 -2.481749e+07 2.750049e+07 -4.265652e+05 -5.396509e+05 -3.060779e+07 3.394295e+07 -5.321725e+05 -2.748824e+07 -4.863084e+05 -3.056068e+05 1.909736e+07 -6.144496e+05 -3.487750e+07 3.867791e+07 -6.067133e+05 3.133668e+07 5.539138e+05 3.489853e+05 -2.177104e+07 3.867783e+07 6.900298e+05 4.212906e+05 -2.685055e+07 -3.906270e+05 -2.176967e+07 2.412317e+07 -3.745477e+05
6.161616e-03 2.077162e+06 1.837350e+04 1.876122e+04 -1.409274e+06 6.920711e+03 1.170579e+06 -1.348624e+06 1.612752e+04 1.998644e+04 1.409841e+06 -1.599720e+06 1.236426e+04 1.348044e+06 1.734643e+04 4.826282e+03 -9.007542e+05 2.333073e+04 1.606516e+06 -1.822882e+06 1.373610e+04 -1.536750e+06 -2.032817e+04 -4.826353e+03 1.026853e+06 -1.822871e+06 -1.647734e+04 -1.603607e+04 1.236746e+06 6.746089e+03 1.026831e+06 -1.183020e+06 1.372130e+04
6.363636e-03 -2.220322e+05 -1.552813e+04 -1.884941e+03 1.721423e+05 -1.390108e+04 -1.251795e+05 1.019346e+05 -1.621447e+03 -3.341050e+03 -1.722008e+05 1.710007e+05 -1.053834e+04 -1.018650e+05 -3.069644e+03 -9.460413e+03 9.633114e+04 -3.151503e+03 -1.962223e+05 1.948570e+05 -1.242699e+04 1.161478e+05 2.847539e+03 1.157126e+04 -1.098252e+05 1.948483e+05 1.320836e+04 2.159126e+03 -1.510681e+05 -1.140791e+04 -1.097979e+05 8.939908e+04 -1.923851e+03
6.565657e-03 -4.480881e+06 -5.077255e+04 -2.603549e+04 3.048183e+06 -3.897592e+04 -2.529117e+06 2.842606e+06 -1.991918e+04 -3.047043e+04 -3.049512e+06 3.451022e+06 -3.420498e+04 -2.841249e+06 -2.432674e+04 -2.677908e+04 1.946075e+06 -3.392433e+04 -3.474875e+06 3.932391e+06 -3.948795e+04 3.239091e+06 2.694150e+04 3.147267e+04 -2.218565e+06 3.932370e+06 4.404528e+04 2.346176e+04 -2.675052e+06 -3.324530e+04 -2.218484e+06 2.493462e+06 -1.808159e+04
6.767677e-03 1.341606e+07 4.408493e+04 5.487190e+04 -8.939894e+06 3.229909e+04 7.578770e+06 -8.773895e+06 3.568743e+04 5.864044e+04 8.944023e+06 -1.033266e+07 2.902390e+04 8.769744e+06 3.943018e+04 2.287463e+04 -5.831484e+06 6.783778e+04 1.019155e+07 -1.177388e+07 3.241291e+04 -9.997650e+06 -4.596245e+04 -2.488278e+04 6.647993e+06 -1.177383e+07 -3.934823e+04 -4.737102e+04 7.845582e+06 2.952621e+04 6.647943e+06 -7.696291e+06 3.052617e+04
6.969697e-03 5.213363e+06 -1.870359e+04 1.287707e+04 -3.410131e+06 -1.523114e+04 2.947571e+06 -3.485920e+06 5.088743e+03 1.118166e+04 3.411804e+06 -4.015233e+06 -1.308714e+04 3.484254e+06 3.405745e+03 -9.967096e+03 -2.267953e+06 1.420926e+04 3.887655e+06 -4.575244e+06 -1.587103e+04 -3.972110e+06 -5.340163e+03 1.307005e+04 2.585513e+06 -4.575247e+06 1.545514e+04 -1.017021e+04 2.992730e+06 -1.165391e+04 2.585544e+06 -3.057778e+06 3.342294e+03
7.171717e-03 1.710879e+07 -5.431622e+04 1.207408e+04 -1.121817e+07 -2.059595e+04 9.681417e+06 -1.138243e+07 -1.445667e+04 8.331621e+03 1.122387e+07 -1.317706e+07 -3.821283e+04 1.137674e+07 -1.816916e+04 -1.267541e+04 -7.449029e+06 1.114484e+04 1.278919e+07 -1.501478e+07 -4.462836e+04 -1.296986e+07 1.907504e+04 1.635336e+04 8.492148e+06 -1.501478e+07 4.658141e+04 -9.324467e+03 9.845130e+06 -1.616410e+04 8.492217e+06 -9.984293e+06 -1.394150e+04
7.373737e-03 8.547907e+06 -1.373186e+04 -1.100203e+04 -5.651836e+06 1.470626e+04 4.841334e+06 -5.653178e+06 -2.476263e+04 -1.096323e+04 5.654773e+06 -6.583612e+06 -1.001821e+04 5.650240e+06 -2.472446e+04 1.068026e+04 -3.724917e+06 -1.392653e+04 6.443374e+06 -7.501745e+06 -1.045412e+04 -6.441548e+06 2.960990e+04 -1.382831e+04 4.246593e+06 -7.501735e+06 1.301287e+04 8.550754e+03 4.960111e+06 1.124820e+04 4.246598e+06 -4.958718e+06 -2.062590e+04
7.575758e-03 -4.256421e+07 -1.393349e+05 1.395879e+05 2.857534e+07 -3.303820e+05 -2.412859e+07 2.765059e+07 2.100900e+05 1.160283e+05 -2.859015e+07 3.278311e+07 -9.103046e+04 -2.763578e+07 1.867472e+05 -2.279840e+05 1.856436e+07 1.579901e+05 -3.257709e+07 3.735477e+07 -1.210093e+05 3.150670e+07 -2.384559e+05 2.892350e+05 -2.116465e+07 3.735499e+07 1.049888e+05 -1.026474e+05 -2.507815e+07 -2.604894e+05 -2.116415e+07 2.425343e+07 1.646195e+05
7.777778e-03 -2.361304e+06 -2.534531e+04 1.221434e+04 1.614893e+06 -3.821908e+04 -1.339767e+06 1.491594e+06 1.624206e+04 9.008294e+03 -1.615750e+06 1.818721e+06 -1.700150e+04 -1.490739e+06 1.306761e+04 -2.616425e+04 1.030788e+06 1.303451e+04 -1.841058e+06 2.072334e+06 -2.123451e+04 1.699583e+06 -1.764163e+04 3.294654e+04 -1.175189e+06 2.072326e+06 2.038026e+04 -8.585969e+03 -1.417262e+06 -3.040776e+04 -1.175143e+06 1.308307e+06 1.213570e+04
7.979798e-03 -1.244228e+04 -1.244128e+04 -1.550858e+02 2.403521e+04 -1.194750e+04 -7.023834e+03 -2.259269e+04 -1.660263e+02 -1.394355e+03 -2.403959e+04 9.582132e+03 -8.446813e+03 2.259462e+04 -1.392474e+03 -8.113270e+03 5.412403e+03 -9.391663e+02 -2.739103e+04 1.091989e+04 -1.005652e+04 -2.574526e+04 9.446312e+02 9.966741e+03 -6.173753e+03 1.091740e+04 1.048659e+04 6.364961e+02 -2.109366e+04 -9.763023e+03 -6.156546e+03 -1.982860e+04 -6.402021e+02
8.181818e-03 1.773740e+06 3.623580e+03 -1.655833e+04 -1.201087e+06 1.825812e+04 1.008371e+06 -1.161614e+06 -1.984958e+04 -1.546066e+04 1.201773e+06 -1.366207e+06 2.285926e+03 1.160930e+06 -1.876449e+04 1.257043e+04 -7.757753e+05 -1.954204e+04 1.369338e+06 -1.556697e+06 3.932863e+03 -1.323575e+06 2.329840e+04 -1.648750e+04 8.844669e+05 -1.556692e+06 -1.851271e+03 1.304891e+04 1.054112e+06 1.385975e+04 8.844543e+05 -1.018872e+06 -1.594472e+04
8.383838e-03 1.013972e+07 9.119708e+04 -1.131460e+05 -6.968210e+06 1.827365e+05 5.769836e+06 -6.478163e+06 -1.324065e+05 -9.926261e+04 6.972256e+06 -7.810136e+06 6.086583e+04 6.474169e+06 -1.186877e+05 1.250935e+05 -4.438893e+06 -1.295287e+05 7.944348e+06 -8.899046e+06 8.066855e+04 -7.381331e+06 1.515563e+05 -1.607988e+05 5.060879e+06 -8.899001e+06 -6.871483e+04 8.664860e+04 6.115561e+06 1.421122e+05 5.060720e+06 -5.682001e+06 -1.036413e+05
8.585859e-03 1.390602e+06 7.699847e+03 -1.863073e+04 -9.544784e+05 2.209867e+04 7.921131e+05 -9.028625e+05 -2.137883e+04 -1.712419e+04 9.550465e+05 -1.071126e+06 5.076457e+03 9.023012e+05 -1.989128e+04 1.514980e+04 -6.093781e+05 -2.178318e+04 1.088196e+06 -1.220457e+06 7.369468e+03 -1.028734e+06 2.492278e+04 -1.978332e+04 6.947726e+05 -1.220454e+06 -5.171576e+03 1.460144e+04 8.376912e+05 1.687352e+04 6.947556e+05 -7.919001e+05 -1.702471e+04
8.787879e-03 8.439444e+05 3.596614e+03 -1.317601e+04 -5.808116e+05 1.333890e+04 4.812249e+05 -5.523303e+05 -1.490523e+04 -1.232110e+04 5.811654e+05 -6.500662e+05 2.345617e+03 5.519810e+05 -1.406174e+04 9.148230e+03 -3.702004e+05 -1.552460e+04 6.621857e+05 -7.406896e+05 3.720693e+03 -6.293295e+05 1.749928e+04 -1.206862e+04 4.220829e+05 -7.406885e+05 -2.107927e+03 1.041946e+04 5.097485e+05 1.006199e+04 4.220738e+05 -4.844463e+05 -1.194459e+04
8.989899e-03 5.986367e+05 2.016578e+03 -1.069369e+04 -4.134908e+05 9.615346e+03 3.417079e+05 -3.944858e+05 -1.196418e+04 -1.010747e+04 4.137481e+05 -4.611193e+05 1.297626e+03 3.942320e+05 -1.138623e+04 6.595757e+03 -2.628652e+05 -1.266006e+04 4.714260e+05 -5.253985e+05 2.293606e+03 -4.494779e+05 1.411033e+04 -8.778509e+03 2.997086e+05 -5.253980e+05 -9.543432e+02 8.504522e+03 3.629020e+05 7.175806e+03 2.997028e+05 -3.459999e+05 -9.625451e+03
9.191919e-03 4.551298e+05 1.197236e+03 -9.174086e+03 -3.156920e+05 7.485587e+03 2.600713e+05 -3.019050e+05 -1.017394e+04 -8.737307e+03 3.158926e+05 -3.505834e+05 7.559861e+02 3.017074e+05 -9.743659e+03 5.135377e+03 -2.000598e+05 -1.089796e+04 3.599270e+05 -3.994513e+05 1.540231e+03 -3.439893e+05 1.203886e+04 -6.890684e+03 2.281031e+05 -3.994511e+05 -3.715550e+02 7.325607e+03 2.770703e+05 5.530473e+03 2.280990e+05 -2.647969e+05 -8.208136e+03
9.393939e-03 3.607915e+05 7.131756e+02 -8.116013e+03 -2.514145e+05 6.095452e+03 2.063892e+05 -2.409055e+05 -8.936026e+03 -7.774233e+03 2.515773e+05 -2.779194e+05 4.371057e+02 2.407452e+05 -8.599599e+03 4.181983e+03 -1.587609e+05 -9.666044e+03 2.866448e+05 -3.166563e+05 1.086000e+03 -2.744852e+05 1.060135e+04 -5.654717e+03 1.810175e+05 -3.166563e+05 -3.766898e+01 6.500658e+03 2.206579e+05 4.460077e+03 1.810145e+05 -2.112941e+05 -7.224799e+03
9.595960e-03 2.943758e+05 4.051100e+02 -7.323390e+03 -2.061515e+05 5.115158e+03 1.685832e+05 -1.978676e+05 -8.015253e+03 -7.046931e+03 2.062875e+05 -2.267624e+05 2.349367e+02 1.977339e+05 -7.743344e+03 3.509595e+03 -1.296761e+05 -8.740015e+03 2.350407e+05 -2.583670e+05 7.901704e+02 -2.254471e+05 9.528813e+03 -4.780619e+03 1.478572e+05 -2.583672e+05 1.671885e+02 5.879987e+03 1.809333e+05 3.707690e+03 1.478549e+05 -1.735455e+05 -6.491285e+03
9.797980e-03 2.454037e+05 1.994750e+02 -6.700784e+03 -1.727580e+05 4.387252e+03 1.406964e+05 -1.660649e+05 -7.296936e+03 -6.471665e+03 1.728739e+05 -1.890413e+05 1.005654e+02 1.659510e+05 -7.071772e+03 3.010288e+03 -1.082225e+05 -8.010494e+03 1.969687e+05 -2.153870e+05 5.874504e+02 -1.892106e+05 8.689854e+03 -4.129788e+03 1.233973e+05 -2.153872e+05 2.980178e+02 5.390605e+03 1.516258e+05 3.150754e+03 1.233956e+05 -1.456515e+05 -5.917636e+03
1.000000e-02 2.080494e+05 5.770360e+01 -6.195143e+03 -1.472654e+05 3.826206e+03 1.194169e+05 -1.417534e+05 -6.717310e+03 -6.001667e+03 1.473659e+05 -1.602686e+05 8.380938e+00 1.416548e+05 -6.527332e+03 2.625425e+03 -9.185210e+04 -7.416537e+03 1.679045e+05 -1.826031e+05 4.434313e+02 -1.615099e+05 8.011292e+03 -3.626848e+03 1.047329e+05 -1.826033e+05 3.834359e+02 4.991843e+03 1.292524e+05 2.722772e+03 1.047315e+05 -1.243281e+05 -5.453747e+03
