-1.000000e-02 -9.402985e+04 -2.173826e+03 3.116757e+03 -3.886437e+04 3.643159e+03 -1.040275e+04 -3.378335e+04 3.748618e+03 3.053556e+03 3.896068e+04 7.246393e+04 -1.508287e+03 3.368735e+04 3.690009e+03 2.504632e+03 7.940170e+03 3.782348e+03 4.438912e+04 8.254753e+04 -1.540483e+03 -3.848950e+04 -4.498236e+03 -3.333793e+03 -9.092067e+03 8.254387e+04 2.086129e+03 -2.501883e+03 3.411229e+04 2.717590e+03 -9.086892e+03 -2.956919e+04 3.064260e+03
-9.797980e-03 -1.017512e+05 -2.264533e+03 3.201005e+03 -4.155722e+04 3.855036e+03 -1.115828e+04 -3.592881e+04 3.867205e+03 3.132772e+03 4.165927e+04 7.841186e+04 -1.571357e+03 3.582703e+04 3.803776e+03 2.650007e+03 8.518734e+03 3.883195e+03 4.746397e+04 8.932458e+04 -1.609412e+03 -4.093402e+04 -4.638482e+03 -3.520155e+03 -9.753439e+03 8.932060e+04 2.168683e+03 -2.567666e+03 3.647559e+04 2.882830e+03 -9.747782e+03 -3.144707e+04 3.160174e+03
-9.595960e-03 -1.104209e+05 -2.361232e+03 3.290971e+03 -4.456287e+04 4.088740e+03 -1.200382e+04 -3.830692e+04 3.995287e+03 3.217078e+03 4.467125e+04 8.509023e+04 -1.638649e+03 3.819876e+04 3.926435e+03 2.810362e+03 9.166296e+03 3.990824e+03 5.089592e+04 9.693393e+04 -1.682841e+03 -4.364364e+04 -4.789826e+03 -3.725705e+03 -1.049365e+04 9.692958e+04 2.256805e+03 -2.637712e+03 3.911341e+04 3.065106e+03 -1.048745e+04 -3.352861e+04 3.263678e+03
-9.393939e-03 -1.202007e+05 -2.464439e+03 3.387354e+03 -4.793407e+04 4.347679e+03 -1.295457e+04 -4.095501e+04 4.134180e+03 3.307067e+03 4.804947e+04 9.262361e+04 -1.710536e+03 4.083977e+04 4.059194e+03 2.988036e+03 9.894502e+03 4.106054e+03 5.474520e+04 1.055175e+05 -1.761150e+03 -4.666088e+04 -4.953792e+03 -3.953439e+03 -1.132601e+04 1.055128e+05 2.350996e+03 -2.712522e+03 4.207204e+04 3.267081e+03 -1.131918e+04 -3.584648e+04 3.375816e+03
-9.191919e-03 -1.312891e+05 -2.574717e+03 3.490989e+03 -5.173562e+04 4.636012e+03 -1.402914e+04 -4.391859e+04 4.285474e+03 3.403435e+03 5.185884e+04 1.011649e+05 -1.787430e+03 4.379545e+04 4.203514e+03 3.185884e+03 1.071764e+04 4.229862e+03 5.908576e+04 1.152496e+05 -1.844746e+03 -5.003759e+04 -5.132219e+03 -4.207009e+03 -1.226683e+04 1.152444e+05 2.451811e+03 -2.792690e+03 4.540833e+04 3.492001e+03 -1.225930e+04 -3.844050e+04 3.497847e+03
-8.989899e-03 -1.439320e+05 -2.692678e+03 3.602885e+03 -5.604791e+04 4.958861e+03 -1.525061e+04 -4.725373e+04 4.451110e+03 3.507023e+03 5.617990e+04 1.109035e+05 -1.869783e+03 4.712172e+04 4.361171e+03 3.407421e+03 1.165339e+04 4.363426e+03 6.400937e+04 1.263460e+05 -1.934070e+03 -5.383768e+04 -5.327350e+03 -4.490917e+03 -1.333633e+04 1.263403e+05 2.559860e+03 -2.878930e+03 4.919286e+04 3.743870e+03 -1.332798e+04 -4.135978e+04 3.631306e+03
-8.787879e-03 -1.584379e+05 -2.818982e+03 3.724274e+03 -6.097187e+04 5.322622e+03 -1.664788e+04 -5.103032e+04 4.633486e+03 3.618849e+03 6.111374e+04 1.220770e+05 -1.958085e+03 5.088830e+04 4.534356e+03 3.657037e+03 1.272393e+04 4.508181e+03 6.963124e+04 1.390775e+05 -2.029590e+03 -5.814077e+04 -5.541955e+03 -4.810779e+03 -1.455982e+04 1.390711e+05 2.675815e+03 -2.972110e+03 5.351418e+04 4.027682e+03 -1.455053e+04 -4.466548e+04 3.778088e+03
-8.585859e-03 -1.751981e+05 -2.954330e+03 3.856685e+03 -6.663585e+04 5.735382e+03 -1.825761e+04 -5.533653e+04 4.835607e+03 3.740167e+03 6.678894e+04 1.349869e+05 -2.052869e+03 5.518314e+04 4.725810e+03 3.940283e+03 1.395737e+04 4.665908e+03 7.609787e+04 1.537874e+05 -2.131795e+03 -6.304732e+04 -5.779499e+03 -5.173701e+03 -1.596942e+04 1.537803e+05 2.800410e+03 -3.073304e+03 5.848493e+04 4.349757e+03 -1.595904e+04 -4.843479e+04 3.940567e+03
-8.383838e-03 -1.947168e+05 -3.099451e+03 4.002051e+03 -7.320551e+04 6.207535e+03 -2.012700e+04 -6.028527e+04 5.061304e+03 3.872552e+03 7.337144e+04 1.500214e+05 -2.154701e+03 6.011884e+04 4.939016e+03 4.264291e+03 1.538990e+04 4.838851e+03 8.359835e+04 1.709183e+05 -2.241178e+03 -6.868600e+04 -6.044395e+03 -5.588810e+03 -1.760650e+04 1.709103e+05 2.934434e+03 -3.183861e+03 6.425051e+04 4.718215e+03 -1.759482e+04 -5.276655e+04 4.121763e+03
-8.181818e-03 -2.176540e+05 -3.255071e+03 4.162860e+03 -8.089835e+04 6.752683e+03 -2.231783e+04 -6.602348e+04 5.315544e+03 4.018019e+03 8.107909e+04 1.676888e+05 -2.264165e+03 6.584199e+04 5.178484e+03 4.638396e+03 1.706889e+04 5.029893e+03 9.238093e+04 1.910494e+05 -2.358208e+03 -7.522423e+04 -6.342361e+03 -6.068053e+03 -1.952515e+04 1.910404e+05 3.078724e+03 -3.305513e+03 7.100177e+04 5.143684e+03 -1.951195e+04 -5.778939e+04 4.325591e+03
-7.979798e-03 -2.448910e+05 -3.421858e+03 4.342396e+03 -9.000564e+04 7.389006e+03 -2.491254e+04 -7.274620e+04 5.604917e+03 4.179209e+03 9.020366e+04 1.886679e+05 -2.381839e+03 7.254710e+04 5.450182e+03 5.075074e+03 1.905758e+04 5.242832e+03 1.027781e+05 2.149542e+05 -2.483274e+03 -8.288424e+04 -6.680971e+03 -6.627396e+03 -2.179763e+04 2.149440e+05 3.234134e+03 -3.440531e+03 7.899434e+04 5.640371e+03 -2.178259e+04 -6.367403e+04 4.557239e+03
-7.777778e-03 -2.776316e+05 -3.600314e+03 4.545110e+03 -1.009267e+05 8.141425e+03 -2.802376e+04 -8.071820e+04 5.938387e+03 4.359681e+03 1.011452e+05 2.138861e+05 -2.508230e+03 8.049827e+04 5.762212e+03 5.591427e+03 2.144234e+04 5.482807e+03 1.152456e+05 2.436892e+05 -2.616587e+03 -9.196772e+04 -7.070522e+03 -7.288721e+03 -2.452261e+04 2.436775e+05 3.401474e+03 -3.591993e+03 8.857869e+04 6.227747e+03 -2.450533e+04 -7.065225e+04 4.823756e+03
-7.575758e-03 -3.175669e+05 -3.790574e+03 4.777252e+03 -1.142249e+05 9.045149e+03 -3.180966e+04 -9.030902e+04 6.328541e+03 4.564407e+03 1.144678e+05 2.446455e+05 -2.643665e+03 9.006408e+04 6.125924e+03 6.211612e+03 2.434447e+04 5.757013e+03 1.304264e+05 2.787384e+05 -2.757996e+03 -1.028957e+05 -7.525454e+03 -8.082941e+03 -2.783867e+04 2.787249e+05 3.581385e+03 -3.764200e+03 1.002491e+05 6.933328e+03 -2.781862e+04 -7.904753e+04 5.135028e+03
-7.373737e-03 -3.671545e+05 -3.992012e+03 5.047958e+03 -1.307229e+05 1.015181e+04 -3.650019e+04 -1.020522e+05 6.793727e+03 4.800625e+03 1.309957e+05 2.828392e+05 -2.788056e+03 1.017767e+05 6.557832e+03 6.971054e+03 2.794033e+04 6.075953e+03 1.492595e+05 3.222589e+05 -2.906629e+03 -1.162762e+05 -8.066796e+03 -9.055389e+03 -3.194727e+04 3.222431e+05 3.774091e+03 -3.963435e+03 1.147277e+05 7.797458e+03 -3.192373e+04 -8.932687e+04 5.505456e+03
-7.171717e-03 -4.301255e+05 -4.202444e+03 5.371301e+03 -1.516768e+05 1.154077e+04 -4.244454e+04 -1.167519e+05 7.362019e+03 5.079451e+03 1.519869e+05 3.313408e+05 -2.940437e+03 1.164381e+05 7.083151e+03 7.924199e+03 3.249769e+04 6.455770e+03 1.731785e+05 3.775252e+05 -3.060189e+03 -1.330255e+05 -8.726699e+03 -1.027574e+04 -3.715438e+04 3.775064e+05 3.978874e+03 -4.199370e+03 1.331167e+05 8.882155e+03 -3.712631e+04 -1.021943e+05 5.957052e+03
-6.969697e-03 -5.124774e+05 -4.416404e+03 5.770457e+03 -1.791190e+05 1.334174e+04 -5.020435e+04 -1.356913e+05 8.079150e+03 5.419167e+03 1.794771e+05 3.947695e+05 -3.097928e+03 1.353281e+05 7.742878e+03 9.160023e+03 3.844729e+04 6.923004e+03 2.045031e+05 4.498008e+05 -3.213420e+03 -1.546056e+05 -9.557484e+03 -1.185785e+04 -4.395208e+04 4.497781e+05 4.192914e+03 -4.487949e+03 1.571997e+05 1.028877e+04 -4.391795e+04 -1.187727e+05 6.525637e+03
-6.767677e-03 -6.246436e+05 -4.621039e+03 6.287190e+03 -2.166122e+05 1.578528e+04 -6.075755e+04 -1.610842e+05 9.026243e+03 5.852723e+03 2.170347e+05 4.811612e+05 -3.253255e+03 1.606545e+05 8.609616e+03 1.083665e+04 4.653906e+04 7.525403e+03 2.472994e+05 5.482426e+05 -3.354491e+03 -1.835388e+05 -1.065190e+04 -1.400411e+04 -5.319720e+04 5.482142e+05 4.408481e+03 -4.857966e+03 1.901033e+05 1.219745e+04 -5.315457e+04 -1.410000e+05 7.274704e+03
-6.565657e-03 -7.870194e+05 -4.784847e+03 7.007097e+03 -2.711822e+05 1.933436e+04 -7.601815e+04 -1.972194e+05 1.036619e+04 6.447792e+03 2.716969e+05 6.062245e+05 -3.387897e+03 1.966944e+05 9.828930e+03 1.327155e+04 5.824076e+04 8.360694e+03 3.095864e+05 6.907503e+05 -3.455095e+03 -2.247123e+05 -1.219605e+04 -1.712087e+04 -6.656676e+04 6.907135e+05 4.605140e+03 -5.368661e+03 2.379933e+05 1.496989e+04 -6.651135e+04 -1.726299e+05 8.331645e+03
-6.363636e-03 -1.047869e+06 -4.818656e+03 8.145273e+03 -3.596246e+05 2.512118e+04 -1.005230e+05 -2.541480e+05 1.249814e+04 7.375092e+03 3.602861e+05 8.071326e+05 -3.448173e+03 2.534706e+05 1.175706e+04 1.724098e+04 7.703132e+04 9.674208e+03 4.105328e+05 9.196826e+05 -3.436216e+03 -2.895780e+05 -1.464572e+04 -2.220187e+04 -8.803589e+04 9.196315e+05 4.722513e+03 -6.169671e+03 3.156091e+05 1.949048e+04 -8.795888e+04 -2.224588e+05 1.000841e+04
-6.161616e-03 -1.574658e+06 -4.364095e+03 1.050503e+04 -5.408942e+05 3.723169e+04 -1.500487e+05 -3.663745e+05 1.686916e+04 9.275787e+03 5.418519e+05 1.212871e+06 -3.214988e+03 3.653888e+05 1.568441e+04 2.554568e+04 1.150076e+05 1.238157e+04 6.174252e+05 1.382017e+06 -2.982729e+03 -4.174508e+05 -1.965282e+04 -3.283320e+04 -1.314276e+05 1.381935e+06 4.511672e+03 -7.823469e+03 4.746887e+05 2.895036e+04 -1.313035e+05 -3.206828e+05 1.343536e+04
-5.959596e-03 -7.677348e+06 9.861415e+03 4.263016e+04 -2.716137e+06 1.931385e+05 -7.266972e+05 -1.612412e+06 7.272001e+04 3.514341e+04 2.720612e+06 5.913295e+06 5.538815e+03 1.607751e+06 6.549190e+04 1.323913e+05 5.571265e+05 4.900579e+04 3.100095e+06 6.738091e+06 9.544657e+03 -1.837182e+06 -8.341762e+04 -1.696691e+05 -6.366697e+05 6.737580e+06 -5.415803e+03 -3.051023e+04 2.383655e+06 1.506867e+05 -6.359075e+05 -1.411051e+06 5.705943e+04
-5.757576e-03 1.325127e+06 -1.349307e+04 -5.826749e+03 5.125797e+05 -4.078167e+04 1.245786e+05 2.104386e+05 -1.082384e+04 -3.855619e+03 -5.133091e+05 -1.020616e+06 -8.977483e+03 -2.096552e+05 -8.917533e+03 -2.790225e+04 -9.553857e+04 -6.181850e+03 -5.849168e+05 -1.163012e+06 -1.084442e+04 2.397639e+05 1.190957e+04 3.562923e+04 1.091975e+05 -1.162883e+06 1.122565e+04 3.736028e+03 -4.498276e+05 -3.195459e+04 1.089945e+05 1.840121e+05 -8.154271e+03
-5.555556e-03 -2.182247e+06 -8.137791e+03 8.124428e+03 -6.909512e+05 3.716518e+04 -2.040942e+05 -5.288388e+05 1.634809e+04 7.101373e+03 6.921426e+05 1.680765e+06 -5.827691e+03 5.276165e+05 1.535826e+04 2.555371e+04 1.565122e+05 9.742017e+03 7.886891e+05 1.915199e+06 -6.065872e+03 -6.025845e+05 -1.912921e+04 -3.278451e+04 -1.787799e+05 1.915125e+06 7.717220e+03 -5.858987e+03 6.063695e+05 2.894971e+04 -1.786745e+05 -4.630459e+05 1.309496e+04
-5.353535e-03 1.017050e+07 -2.472625e+04 -2.755747e+04 3.438895e+06 -2.062648e+05 9.452428e+05 2.112103e+06 -6.461835e+04 -1.953844e+04 -3.444136e+06 -7.833074e+06 -1.548590e+04 -2.106596e+06 -5.684445e+04 -1.414946e+05 -7.250587e+05 -3.088297e+04 -3.924611e+06 -8.925845e+06 -2.049790e+04 2.406618e+06 7.324415e+04 1.808495e+05 8.282823e+05 -8.925351e+06 1.884303e+04 1.754573e+04 -3.017884e+06 -1.613977e+05 8.274420e+05 1.848797e+06 -5.019430e+04
-5.151515e-03 1.405163e+06 -1.516961e+04 -2.463143e+03 5.233492e+05 -3.585585e+04 1.297999e+05 2.237329e+05 -7.415943e+03 -7.278924e+02 -5.240295e+05 -1.082202e+06 -1.013651e+04 -2.229904e+05 -5.731331e+03 -2.454218e+04 -9.958998e+04 -2.250306e+03 -5.971437e+05 -1.233213e+06 -1.199912e+04 2.549201e+05 7.921753e+03 3.128850e+04 1.137868e+05 -1.233096e+06 1.286323e+04 1.067285e+03 -4.592701e+05 -2.814352e+04 1.136041e+05 1.957092e+05 -5.438034e+03
-4.949495e-03 4.831903e+05 -1.593921e+04 -4.114408e+02 2.322990e+05 -2.083162e+04 4.434802e+04 1.198868e+04 -2.033414e+03 8.098859e+02 -2.325076e+05 -3.721234e+05 -1.077657e+04 -1.173261e+04 -8.461481e+02 -1.421557e+04 -3.403915e+04 1.357719e+02 -2.649544e+05 -4.240769e+05 -1.251721e+04 1.364614e+04 1.731219e+03 1.809415e+04 3.891746e+04 -4.239947e+05 1.375020e+04 -2.451200e+02 -2.038510e+05 -1.638568e+04 3.878790e+04 1.030747e+04 -1.194107e+03
-4.747475e-03 6.525812e+05 -1.792549e+04 -8.683621e+01 2.930513e+05 -2.366378e+04 5.959554e+04 3.973232e+04 -2.249547e+03 1.257247e+03 -2.933232e+05 -5.025716e+05 -1.211166e+04 -3.940365e+04 -9.414571e+02 -1.615703e+04 -4.574557e+04 5.679008e+02 -3.342575e+05 -5.727310e+05 -1.405503e+04 4.525886e+04 1.916515e+03 2.056755e+04 5.228464e+04 -5.726401e+05 1.547680e+04 -5.897767e+02 -2.571630e+05 -1.860996e+04 5.214108e+04 3.459187e+04 -1.324730e+03
-4.545455e-03 2.924645e+06 -2.004521e+04 2.007024e+03 9.702200e+05 -4.515594e+04 2.659045e+05 5.677858e+05 -7.689775e+03 4.051089e+03 -9.714634e+05 -2.252341e+06 -1.332143e+04 -5.664484e+05 -5.698404e+03 -3.099898e+04 -2.041027e+05 3.039597e+03 -1.107018e+06 -2.566642e+06 -1.563366e+04 6.469751e+05 8.040630e+03 3.941106e+04 2.330726e+05 -2.566504e+06 1.713660e+04 -2.975554e+03 -8.514163e+05 -3.553985e+04 2.328528e+05 4.971152e+05 -5.557815e+03
-4.343434e-03 3.069259e+08 1.450411e+05 4.648923e+05 8.661814e+07 -1.914908e+06 2.776992e+07 7.563308e+07 -5.330578e+05 5.185405e+05 -8.674420e+07 -2.363627e+08 1.284930e+05 -7.550457e+07 -4.807464e+05 -1.331603e+06 -2.131821e+07 5.306487e+05 -9.884746e+07 -2.693420e+08 1.294553e+05 8.618688e+07 6.074544e+05 1.680178e+06 2.433427e+07 -2.693447e+08 -1.442726e+05 -4.543620e+05 -7.601228e+07 -1.517659e+06 2.432804e+07 6.625884e+07 -4.219326e+05
-4.141414e-03 -5.761027e+06 -3.921426e+04 -1.380179e+04 -1.354317e+06 -1.377200e+04 -5.188171e+05 -1.696001e+06 4.674519e+03 -1.224273e+04 1.356657e+06 4.436604e+06 -2.718768e+04 1.693746e+06 6.196815e+03 -8.832981e+03 3.983253e+05 -1.456560e+04 1.545932e+06 5.055580e+06 -3.114212e+04 -1.932659e+06 -6.471330e+03 1.177585e+04 -4.545118e+05 5.055679e+06 3.425144e+04 1.163848e+04 1.188502e+06 -1.037487e+04 -4.546821e+05 -1.486344e+06 4.557093e+03
-3.939394e-03 -2.713630e+08 -1.168610e+05 -8.246175e+05 -7.157604e+07 2.322074e+05 -2.432183e+07 -7.093156e+07 2.240972e+04 -8.278684e+05 7.167731e+07 2.089733e+08 -1.028639e+05 7.082999e+07 1.922869e+04 1.812838e+05 1.867668e+07 -9.449429e+05 8.167951e+07 2.381344e+08 -1.176157e+05 -8.082915e+07 -2.042751e+04 -2.023985e+05 -2.131330e+07 2.381328e+08 1.021524e+05 7.224441e+05 6.281108e+07 2.079526e+05 -2.131304e+07 -6.215681e+07 2.080122e+04
-3.737374e-03 -4.770704e+06 -1.556268e+04 -1.784811e+04 -1.135870e+06 -2.174473e+04 -4.257461e+05 -1.384652e+06 -3.214320e+03 -1.682765e+04 1.137583e+06 3.673827e+06 -1.096543e+04 1.383003e+06 -2.215746e+03 -1.439853e+04 3.269679e+05 -2.003015e+04 1.296319e+06 4.186463e+06 -1.270386e+04 -1.577888e+06 3.364799e+03 1.901217e+04 -3.730462e+05 4.186528e+06 1.344833e+04 1.500461e+04 9.967810e+05 -1.647746e+04 -3.731591e+05 -1.213634e+06 -2.174650e+03
-3.535354e-03 -7.063218e+05 -1.926831e+04 -3.183115e+03 -5.987616e+04 -2.074008e+04 -6.280624e+04 -3.290904e+05 -1.020529e+03 -2.134201e+03 6.014603e+04 5.439190e+05 -1.315253e+04 3.288922e+05 6.887014e+00 -1.404872e+04 4.823396e+04 -3.077179e+03 6.852918e+04 6.197879e+05 -1.513761e+04 -3.750299e+05 6.242289e+02 1.807753e+04 -5.498213e+04 6.198602e+05 1.675880e+04 2.296486e+03 5.255168e+04 -1.613176e+04 -5.509842e+04 -2.886046e+05 -4.090172e+02
-3.333333e-03 -9.185850e+05 -1.133130e+04 -4.539973e+03 -1.543862e+05 -1.698274e+04 -8.133558e+04 -3.483124e+05 -1.803742e+03 -3.829209e+03 1.546951e+05 7.073682e+05 -7.767748e+03 3.480560e+05 -1.106786e+03 -1.148318e+04 6.247588e+04 -4.885346e+03 1.762781e+05 8.060634e+05 -8.966653e+03 -3.969331e+05 1.774540e+03 1.484658e+04 -7.124542e+04 8.061126e+05 9.828540e+03 3.582197e+03 1.354837e+05 -1.314201e+04 -7.132469e+04 -3.054224e+05 -1.187925e+03
-3.131313e-03 -3.305702e+06 2.710499e+04 -1.795136e+04 -9.423370e+05 -1.080730e+04 -2.914625e+05 -8.325961e+05 -8.426524e+03 -1.833248e+04 9.432538e+05 2.545560e+06 1.821455e+04 8.316467e+05 -8.800078e+03 -7.132782e+03 2.239328e+05 -2.132708e+04 1.074912e+06 2.900854e+06 2.066631e+04 -9.487985e+05 1.046958e+04 9.678626e+03 -2.554974e+05 2.900822e+06 -2.387583e+04 1.541706e+04 8.269168e+05 -7.933615e+03 -2.554553e+05 -7.297925e+05 -7.056136e+03
-2.929293e-03 2.059277e+06 -5.324456e+04 1.229844e+04 7.927560e+05 -1.788317e+04 1.808430e+05 2.952667e+05 6.545089e+03 1.390004e+04 -7.932141e+05 -1.585730e+06 -3.607754e+04 -2.946670e+05 8.117843e+03 -1.228600e+04 -1.389739e+05 1.546986e+04 -9.039475e+05 -1.807114e+06 -4.118671e+04 3.364602e+05 -8.899652e+03 1.541091e+04 1.586219e+05 -1.807000e+06 4.664931e+04 -1.107728e+04 -6.956434e+05 -1.428236e+04 1.584419e+05 2.585901e+05 6.014954e+03
-2.727273e-03 -2.562184e+06 4.198915e+04 -1.649632e+04 -8.253961e+05 -8.812617e+03 -2.243327e+05 -5.929789e+05 -9.390535e+03 -1.719312e+04 8.259597e+05 1.972969e+06 2.840971e+04 5.923459e+05 -1.007494e+04 -5.850176e+03 1.723998e+05 -1.991211e+04 9.412646e+05 2.248384e+06 3.231674e+04 -6.757441e+05 1.180987e+04 7.953591e+03 -1.966988e+05 2.248330e+06 -3.690455e+04 1.423003e+04 7.242852e+05 -6.446651e+03 -1.966206e+05 -5.197956e+05 -7.988820e+03
-2.525253e-03 -6.980491e+05 4.793983e+03 -4.768724e+03 -1.814541e+05 -1.097284e+04 -6.095002e+04 -2.274929e+05 -2.843080e+03 -4.641903e+03 1.816077e+05 5.375182e+05 3.225599e+03 2.273520e+05 -2.718088e+03 -7.426811e+03 4.684080e+04 -5.565944e+03 2.069592e+05 6.125431e+05 3.627785e+03 -2.592520e+05 3.372969e+03 9.663468e+03 -5.342469e+04 6.125515e+05 -4.254902e+03 3.972011e+03 1.592269e+05 -8.428842e+03 -5.343924e+04 -1.995009e+05 -2.283209e+03
-2.323232e-03 -7.155400e+05 1.006427e+04 -5.194717e+03 -2.142310e+05 -1.014179e+04 -6.228990e+04 -2.166089e+05 -3.257644e+03 -5.189079e+03 2.143632e+05 5.509812e+05 6.811839e+03 2.164766e+05 -3.251832e+03 -6.864204e+03 4.787655e+04 -6.153319e+03 2.442904e+05 6.278928e+05 7.723703e+03 -2.468490e+05 3.946507e+03 8.949644e+03 -5.460958e+04 6.278924e+05 -8.870515e+03 4.373688e+03 1.879863e+05 -7.772286e+03 -5.461040e+04 -1.899574e+05 -2.673780e+03
-2.121212e-03 -2.885704e+06 1.005162e+05 -2.235952e+04 -1.217152e+06 -5.950560e+03 -2.504214e+05 -5.265423e+05 -1.477184e+04 -2.396094e+04 1.217492e+06 2.222025e+06 6.823165e+04 5.259901e+05 -1.634855e+04 -3.925295e+03 1.925165e+05 -2.751500e+04 1.387491e+06 2.532275e+06 7.772713e+04 -6.000379e+05 1.886028e+04 5.537445e+03 -2.196597e+05 2.532152e+06 -8.823243e+04 1.945953e+04 1.068023e+06 -4.157834e+03 -2.194775e+05 -4.615644e+05 -1.278793e+04
-1.919192e-03 3.509190e+05 -2.868620e+04 2.946742e+03 2.467468e+05 -1.067325e+04 3.034493e+04 -4.627143e+04 2.066888e+03 3.560505e+03 -2.467439e+05 -2.702078e+05 -1.949226e+04 4.635755e+04 2.671839e+03 -7.272830e+03 -2.333668e+04 3.877041e+03 -2.812001e+05 -3.079527e+05 -2.223991e+04 -5.273839e+04 -2.870910e+03 9.309000e+03 2.664609e+04 -3.079078e+05 2.514550e+04 -2.724777e+03 -2.165121e+05 -8.344803e+03 2.657572e+04 -4.067322e+04 1.947891e+03
-1.717172e-03 7.369099e+06 -4.200216e+05 6.269544e+04 4.097602e+06 -2.048539e+04 6.363761e+05 8.055455e+05 4.393643e+04 6.886098e+04 -4.097817e+06 -5.674238e+06 -2.853781e+05 -8.043302e+05 5.001412e+04 -1.418242e+04 -4.893360e+05 7.832073e+04 -4.670027e+06 -6.466586e+06 -3.252484e+05 9.179647e+05 -5.691687e+04 1.715348e+04 5.583888e+05 -6.466166e+06 3.685364e+05 -5.513347e+04 -3.595529e+06 -1.698364e+04 5.576787e+05 7.058273e+05 3.862191e+04
-1.515152e-03 -7.956242e+06 5.139258e+05 -6.989541e+04 -4.827670e+06 1.452901e+03 -6.857382e+05 -9.471448e+05 -4.990454e+04 -7.630155e+04 4.827535e+06 6.126230e+06 3.492559e+05 9.460385e+05 -5.622354e+04 1.223137e+03 5.273305e+05 -8.709085e+04 5.501735e+06 6.981791e+06 3.980155e+05 -1.079345e+06 6.428628e+04 -4.584878e+02 -6.017081e+05 6.981270e+06 -4.509643e+05 6.122761e+04 4.236072e+06 2.209312e+03 -6.009739e+05 -8.301658e+05 -4.363408e+04
-1.313131e-03 1.304017e+06 -1.148692e+05 1.189727e+04 9.885279e+05 -1.054249e+04 1.121715e+05 3.472818e+04 8.673000e+03 1.326088e+04 -9.884117e+05 -1.004081e+06 -7.808154e+04 -3.454610e+04 1.001865e+04 -7.204328e+03 -8.626979e+04 1.500035e+04 -1.126448e+06 -1.144313e+06 -8.899902e+04 3.956694e+04 -1.132111e+04 9.130630e+03 9.845046e+04 -1.144213e+06 1.007800e+05 -1.052597e+04 -8.673928e+05 -8.330265e+03 9.829298e+04 3.032123e+04 7.685870e+03
-1.111111e-03 -3.094011e+05 1.914202e+04 -2.813327e+03 -1.912320e+05 -8.377525e+03 -2.659614e+04 -1.108493e+05 -2.036688e+03 -2.910537e+03 1.912169e+05 2.382359e+05 1.301276e+04 1.108380e+05 -2.132513e+03 -5.691939e+03 2.045191e+04 -3.410101e+03 2.179219e+05 2.715005e+05 1.481985e+04 -1.263288e+05 2.525131e+03 7.382731e+03 -2.332825e+04 2.714929e+05 -1.680653e+04 2.396900e+03 1.677977e+05 -6.455079e+03 -2.331710e+04 -9.725680e+04 -1.714437e+03
-9.090909e-04 3.831284e+05 -5.762017e+04 3.691655e+03 4.523425e+05 -8.835368e+03 3.285697e+04 -6.011939e+04 2.768686e+03 4.198246e+03 -4.522339e+05 -2.950019e+05 -3.917659e+04 6.017273e+04 3.269006e+03 -6.016802e+03 -2.527437e+04 4.709789e+03 -5.153941e+05 -3.362085e+05 -4.465609e+04 -6.851835e+04 -3.656358e+03 7.735714e+03 2.884663e+04 -3.361711e+05 5.055097e+04 -3.296842e+03 -3.969090e+05 -6.874001e+03 2.878789e+04 -5.279692e+04 2.483047e+03
-7.070707e-04 5.263286e+05 -9.521182e+04 5.122732e+03 7.463452e+05 -8.704500e+03 4.510029e+04 -5.751888e+04 3.855883e+03 5.740539e+03 -7.461452e+05 -4.052627e+05 -6.474106e+04 5.757424e+04 4.466144e+03 -5.928291e+03 -3.469211e+04 6.484937e+03 -8.503556e+05 -4.618684e+05 -7.378939e+04 -6.555482e+04 -5.039548e+03 7.621020e+03 3.959113e+04 -4.618228e+05 8.353743e+04 -4.539106e+03 -6.548811e+05 -6.772989e+03 3.951942e+04 -5.051674e+04 3.422652e+03
-5.050505e-04 -1.644582e+04 -6.737714e+03 -1.292037e+02 3.333362e+04 -8.209028e+03 -1.416335e+03 -8.430453e+04 -8.264386e+01 -6.465142e+01 -3.331642e+04 1.266342e+04 -4.580391e+03 8.432407e+04 -1.881555e+01 -5.584011e+03 1.087948e+03 -1.142223e+02 -3.796940e+04 1.442890e+04 -5.225078e+03 -9.607899e+04 6.147365e+01 7.218163e+03 -1.237613e+03 1.443357e+04 5.907043e+03 8.215502e+01 -2.924869e+04 -6.348767e+03 -1.245145e+03 -7.399031e+04 -4.171928e+01
-3.030303e-04 -5.204667e+05 1.900780e+05 -5.105498e+03 -1.506068e+06 -7.979859e+03 -4.455666e+04 -9.469536e+04 -3.850352e+03 -5.570116e+03 1.505606e+06 4.007477e+05 1.292647e+05 9.470082e+04 -4.309358e+03 -5.425303e+03 3.427286e+04 -6.372259e+03 1.715896e+06 4.567187e+05 1.473152e+05 -1.079201e+05 4.941049e+03 7.030512e+03 -3.910492e+04 4.566833e+05 -1.667872e+05 4.461199e+03 1.321492e+06 -6.154473e+03 -3.905101e+04 -8.309614e+04 -3.356083e+03
-1.010101e-04 -5.628766e+04 5.500622e+04 -5.500610e+02 -4.461088e+05 -8.095891e+03 -4.818579e+03 -8.352638e+04 -4.135883e+02 -5.898445e+02 4.459714e+05 4.334030e+04 3.740977e+04 8.354602e+04 -4.528841e+02 -5.507153e+03 3.706272e+03 -6.802533e+02 5.082611e+05 4.939305e+04 4.263115e+04 -9.519221e+04 5.246846e+02 7.120665e+03 -4.228304e+03 4.939003e+04 -4.826869e+04 4.764704e+02 3.914361e+05 -6.259400e+03 -4.223691e+03 -7.330758e+04 -3.563825e+02
1.010101e-04 5.628766e+04 5.500622e+04 5.500610e+02 -4.461088e+05 -8.095891e+03 4.818579e+03 -8.352638e+04 4.135883e+02 5.898445e+02 4.459714e+05 -4.334030e+04 3.740977e+04 8.354602e+04 4.528841e+02 -5.507153e+03 -3.706272e+03 6.802533e+02 5.082611e+05 -4.939305e+04 4.263115e+04 -9.519221e+04 -5.246846e+02 7.120665e+03 4.228304e+03 -4.939003e+04 -4.826869e+04 -4.764704e+02 3.914361e+05 -6.259400e+03 4.223691e+03 -7.330758e+04 3.563825e+02
3.030303e-04 5.204667e+05 1.900780e+05 5.105498e+03 -1.506068e+06 -7.979859e+03 4.455666e+04 -9.469536e+04 3.850352e+03 5.570116e+03 1.505606e+06 -4.007477e+05 1.292647e+05 9.470082e+04 4.309358e+03 -5.425303e+03 -3.427286e+04 6.372259e+03 1.715896e+06 -4.567187e+05 1.473152e+05 -1.079201e+05 -4.941049e+03 7.030512e+03 3.910492e+04 -4.566833e+05 -1.667872e+05 -4.461199e+03 1.321492e+06 -6.154473e+03 3.905101e+04 -8.309614e+04 3.356083e+03
5.050505e-04 1.644582e+04 -6.737714e+03 1.292037e+02 3.333362e+04 -8.209028e+03 1.416335e+03 -8.430453e+04 8.264386e+01 6.465142e+01 -3.331642e+04 -1.266342e+04 -4.580391e+03 8.432407e+04 1.881555e+01 -5.584011e+03 -1.087948e+03 1.142223e+02 -3.796940e+04 -1.442890e+04 -5.225078e+03 -9.607899e+04 -6.147365e+01 7.218163e+03 1.237613e+03 -1.443357e+04 5.907043e+03 -8.215502e+01 -2.924869e+04 -6.348767e+03 1.245145e+03 -7.399031e+04 4.171928e+01
7.070707e-04 -5.263286e+05 -9.521182e+04 -5.122732e+03 7.463452e+05 -8.704500e+03 -4.510029e+04 -5.751888e+04 -3.855883e+03 -5.740539e+03 -7.461452e+05 4.052627e+05 -6.474106e+04 5.757424e+04 -4.466144e+03 -5.928291e+03 3.469211e+04 -6.484937e+03 -8.503556e+05 4.618684e+05 -7.378939e+04 -6.555482e+04 5.039548e+03 7.621020e+03 -3.959113e+04 4.618228e+05 8.353743e+04 4.539106e+03 -6.548811e+05 -6.772989e+03 -3.951942e+04 -5.051674e+04 -3.422652e+03
9.090909e-04 -3.831284e+05 -5.762017e+04 -3.691655e+03 4.523425e+05 -8.835368e+03 -3.285697e+04 -6.011939e+04 -2.768686e+03 -4.198246e+03 -4.522339e+05 2.950019e+05 -3.917659e+04 6.017273e+04 -3.269006e+03 -6.016802e+03 2.527437e+04 -4.709789e+03 -5.153941e+05 3.362085e+05 -4.465609e+04 -6.851835e+04 3.656358e+03 7.735714e+03 -2.884663e+04 3.361711e+05 5.055097e+04 3.296842e+03 -3.969090e+05 -6.874001e+03 -2.878789e+04 -5.279692e+04 -2.483047e+03
1.111111e-03 3.094011e+05 1.914202e+04 2.813327e+03 -1.912320e+05 -8.377525e+03 2.659614e+04 -1.108493e+05 2.036688e+03 2.910537e+03 1.912169e+05 -2.382359e+05 1.301276e+04 1.108380e+05 2.132513e+03 -5.691939e+03 -2.045191e+04 3.410101e+03 2.179219e+05 -2.715005e+05 1.481985e+04 -1.263288e+05 -2.525131e+03 7.382731e+03 2.332825e+04 -2.714929e+05 -1.680653e+04 -2.396900e+03 1.677977e+05 -6.455079e+03 2.331710e+04 -9.725680e+04 1.714437e+03
1.313131e-03 -1.304017e+06 -1.148692e+05 -1.189727e+04 9.885279e+05 -1.054249e+04 -1.121715e+05 3.472818e+04 -8.673000e+03 -1.326088e+04 -9.884117e+05 1.004081e+06 -7.808154e+04 -3.454610e+04 -1.001865e+04 -7.204328e+03 8.626979e+04 -1.500035e+04 -1.126448e+06 1.144313e+06 -8.899902e+04 3.956694e+04 1.132111e+04 9.130630e+03 -9.845046e+04 1.144213e+06 1.007800e+05 1.052597e+04 -8.673928e+05 -8.330265e+03 -9.829298e+04 3.032123e+04 -7.685870e+03
1.515152e-03 7.956242e+06 5.139258e+05 6.989541e+04 -4.827670e+06 1.452901e+03 6.857382e+05 -9.471448e+05 4.990454e+04 7.630155e+04 4.827535e+06 -6.126230e+06 3.492559e+05 9.460385e+05 5.622354e+04 1.223137e+03 -5.273305e+05 8.709085e+04 5.501734e+06 -6.981791e+06 3.980155e+05 -1.079345e+06 -6.428628e+04 -4.584878e+02 6.017081e+05 -6.981270e+06 -4.509643e+05 -6.122761e+04 4.236072e+06 2.209312e+03 6.009739e+05 -8.301658e+05 4.363408e+04
1.717172e-03 -7.369099e+06 -4.200216e+05 -6.269544e+04 4.097602e+06 -2.048539e+04 -6.363761e+05 8.055455e+05 -4.393643e+04 -6.886098e+04 -4.097817e+06 5.674238e+06 -2.853781e+05 -8.043302e+05 -5.001412e+04 -1.418242e+04 4.893360e+05 -7.832073e+04 -4.670027e+06 6.466586e+06 -3.252484e+05 9.179647e+05 5.691687e+04 1.715348e+04 -5.583888e+05 6.466166e+06 3.685364e+05 5.513347e+04 -3.595529e+06 -1.698364e+04 -5.576787e+05 7.058273e+05 -3.862191e+04
1.919192e-03 -3.509190e+05 -2.868620e+04 -2.946742e+03 2.467468e+05 -1.067325e+04 -3.034493e+04 -4.627143e+04 -2.066888e+03 -3.560505e+03 -2.467439e+05 2.702078e+05 -1.949226e+04 4.635755e+04 -2.671839e+03 -7.272830e+03 2.333668e+04 -3.877041e+03 -2.812001e+05 3.079527e+05 -2.223991e+04 -5.273839e+04 2.870910e+03 9.309000e+03 -2.664609e+04 3.079078e+05 2.514550e+04 2.724777e+03 -2.165121e+05 -8.344803e+03 -2.657572e+04 -4.067322e+04 -1.947891e+03
2.121212e-03 2.885704e+06 1.005162e+05 2.235952e+04 -1.217152e+06 -5.950560e+03 2.504214e+05 -5.265423e+05 1.477184e+04 2.396094e+04 1.217492e+06 -2.222025e+06 6.823165e+04 5.259901e+05 1.634855e+04 -3.925295e+03 -1.925165e+05 2.751500e+04 1.387491e+06 -2.532275e+06 7.772713e+04 -6.000379e+05 -1.886028e+04 5.537445e+03 2.196597e+05 -2.532152e+06 -8.823243e+04 -1.945953e+04 1.068023e+06 -4.157834e+03 2.194775e+05 -4.615644e+05 1.278793e+04
2.323232e-03 7.155400e+05 1.006427e+04 5.194717e+03 -2.142310e+05 -1.014179e+04 6.228990e+04 -2.166089e+05 3.257644e+03 5.189079e+03 2.143632e+05 -5.509812e+05 6.811839e+03 2.164766e+05 3.251832e+03 -6.864204e+03 -4.787655e+04 6.153319e+03 2.442904e+05 -6.278928e+05 7.723703e+03 -2.468490e+05 -3.946507e+03 8.949644e+03 5.460958e+04 -6.278924e+05 -8.870515e+03 -4.373688e+03 1.879863e+05 -7.772286e+03 5.461040e+04 -1.899574e+05 2.673780e+03
2.525253e-03 6.980491e+05 4.793983e+03 4.768724e+03 -1.814541e+05 -1.097284e+04 6.095002e+04 -2.274929e+05 2.843080e+03 4.641903e+03 1.816077e+05 -5.375182e+05 3.225599e+03 2.273520e+05 2.718088e+03 -7.426811e+03 -4.684080e+04 5.565944e+03 2.069592e+05 -6.125431e+05 3.627785e+03 -2.592520e+05 -3.372969e+03 9.663468e+03 5.342469e+04 -6.125515e+05 -4.254902e+03 -3.972011e+03 1.592269e+05 -8.428842e+03 5.343924e+04 -1.995009e+05 2.283209e+03
2.727273e-03 2.562184e+06 4.198915e+04 1.649632e+04 -8.253961e+05 -8.812617e+03 2.243327e+05 -5.929789e+05 9.390535e+03 1.719312e+04 8.259597e+05 -1.972969e+06 2.840971e+04 5.923459e+05 1.007494e+04 -5.850176e+03 -1.723998e+05 1.991211e+04 9.412646e+05 -2.248384e+06 3.231674e+04 -6.757441e+05 -1.180987e+04 7.953591e+03 1.966988e+05 -2.248330e+06 -3.690455e+04 -1.423003e+04 7.242852e+05 -6.446651e+03 1.966206e+05 -5.197956e+05 7.988820e+03
2.929293e-03 -2.059277e+06 -5.324456e+04 -1.229844e+04 7.927560e+05 -1.788317e+04 -1.808430e+05 2.952667e+05 -6.545089e+03 -1.390004e+04 -7.932141e+05 1.585730e+06 -3.607754e+04 -2.946670e+05 -8.117843e+03 -1.228600e+04 1.389739e+05 -1.546986e+04 -9.039475e+05 1.807114e+06 -4.118671e+04 3.364602e+05 8.899652e+03 1.541091e+04 -1.586219e+05 1.807000e+06 4.664931e+04 1.107728e+04 -6.956434e+05 -1.428236e+04 -1.584419e+05 2.585901e+05 -6.014954e+03
3.131313e-03 3.305702e+06 2.710499e+04 1.795136e+04 -9.423370e+05 -1.080730e+04 2.914625e+05 -8.325961e+05 8.426524e+03 1.833248e+04 9.432538e+05 -2.545560e+06 1.821455e+04 8.316467e+05 8.800078e+03 -7.132782e+03 -2.239328e+05 2.132708e+04 1.074912e+06 -2.900854e+06 2.066631e+04 -9.487985e+05 -1.046958e+04 9.678626e+03 2.554974e+05 -2.900822e+06 -2.387583e+04 -1.541706e+04 8.269168e+05 -7.933615e+03 2.554553e+05 -7.297925e+05 7.056136e+03
3.333333e-03 9.185850e+05 -1.133130e+04 4.539973e+03 -1.543862e+05 -1.698274e+04 8.133558e+04 -3.483124e+05 1.803742e+03 3.829209e+03 1.546951e+05 -7.073682e+05 -7.767748e+03 3.480560e+05 1.106786e+03 -1.148318e+04 -6.247588e+04 4.885346e+03 1.762781e+05 -8.060634e+05 -8.966653e+03 -3.969331e+05 -1.774540e+03 1.484658e+04 7.124542e+04 -8.061126e+05 9.828540e+03 -3.582197e+03 1.354837e+05 -1.314201e+04 7.132469e+04 -3.054224e+05 1.187925e+03
3.535354e-03 7.063218e+05 -1.926831e+04 3.183115e+03 -5.987616e+04 -2.074008e+04 6.280624e+04 -3.290904e+05 1.020529e+03 2.134201e+03 6.014603e+04 -5.439190e+05 -1.315253e+04 3.288922e+05 -6.887014e+00 -1.404872e+04 -4.823396e+04 3.077179e+03 6.852918e+04 -6.197879e+05 -1.513761e+04 -3.750299e+05 -6.242289e+02 1.807753e+04 5.498213e+04 -6.198602e+05 1.675880e+04 -2.296486e+03 5.255168e+04 -1.613176e+04 5.509842e+04 -2.886046e+05 4.090172e+02
3.737374e-03 4.770704e+06 -1.556268e+04 1.784811e+04 -1.135870e+06 -2.174473e+04 4.257461e+05 -1.384652e+06 3.214320e+03 1.682765e+04 1.137583e+06 -3.673827e+06 -1.096543e+04 1.383003e+06 2.215746e+03 -1.439853e+04 -3.269679e+05 2.003015e+04 1.296319e+06 -4.186463e+06 -1.270386e+04 -1.577888e+06 -3.364799e+03 1.901217e+04 3.730462e+05 -4.186528e+06 1.344833e+04 -1.500461e+04 9.967810e+05 -1.647746e+04 3.731591e+05 -1.213634e+06 2.174650e+03
3.939394e-03 2.713630e+08 -1.168610e+05 8.246175e+05 -7.157604e+07 2.322074e+05 2.432183e+07 -7.093156e+07 -2.240972e+04 8.278684e+05 7.167731e+07 -2.089733e+08 -1.028639e+05 7.082999e+07 -1.922869e+04 1.812838e+05 -1.867668e+07 9.449429e+05 8.167951e+07 -2.381344e+08 -1.176157e+05 -8.082915e+07 2.042751e+04 -2.023985e+05 2.131330e+07 -2.381328e+08 1.021524e+05 -7.224441e+05 6.281107e+07 2.079526e+05 2.131303e+07 -6.215681e+07 -2.080122e+04
4.141414e-03 5.761027e+06 -3.921426e+04 1.380179e+04 -1.354317e+06 -1.377200e+04 5.188171e+05 -1.696001e+06 -4.674519e+03 1.224273e+04 1.356657e+06 -4.436604e+06 -2.718768e+04 1.693746e+06 -6.196815e+03 -8.832981e+03 -3.983253e+05 1.456560e+04 1.545932e+06 -5.055580e+06 -3.114212e+04 -1.932659e+06 6.471330e+03 1.177585e+04 4.545118e+05 -5.055679e+06 3.425144e+04 -1.163848e+04 1.188502e+06 -1.037487e+04 4.546821e+05 -1.486344e+06 -4.557093e+03
4.343434e-03 -3.069259e+08 1.450411e+05 -4.648923e+05 8.661814e+07 -1.914908e+06 -2.776992e+07 7.563308e+07 5.330578e+05 -5.185405e+05 -8.674420e+07 2.363627e+08 1.284930e+05 -7.550457e+07 4.807464e+05 -1.331603e+06 2.131821e+07 -5.306487e+05 -9.884746e+07 2.693420e+08 1.294553e+05 8.618688e+07 -6.074544e+05 1.680178e+06 -2.433427e+07 2.693447e+08 -1.442726e+05 4.543620e+05 -7.601228e+07 -1.517659e+06 -2.432804e+07 6.625884e+07 4.219326e+05
4.545455e-03 -2.924645e+06 -2.004521e+04 -2.007024e+03 9.702200e+05 -4.515594e+04 -2.659045e+05 5.677858e+05 7.689775e+03 -4.051089e+03 -9.714634e+05 2.252341e+06 -1.332143e+04 -5.664484e+05 5.698404e+03 -3.099898e+04 2.041027e+05 -3.039597e+03 -1.107018e+06 2.566642e+06 -1.563366e+04 6.469751e+05 -8.040630e+03 3.941106e+04 -2.330726e+05 2.566504e+06 1.713660e+04 2.975554e+03 -8.514163e+05 -3.553985e+04 -2.328528e+05 4.971152e+05 5.557815e+03
4.747475e-03 -6.525812e+05 -1.792549e+04 8.683621e+01 2.930513e+05 -2.366378e+04 -5.959554e+04 3.973232e+04 2.249547e+03 -1.257247e+03 -2.933232e+05 5.025716e+05 -1.211166e+04 -3.940365e+04 9.414571e+02 -1.615703e+04 4.574557e+04 -5.679008e+02 -3.342575e+05 5.727310e+05 -1.405503e+04 4.525886e+04 -1.916515e+03 2.056755e+04 -5.228464e+04 5.726401e+05 1.547680e+04 5.897767e+02 -2.571630e+05 -1.860996e+04 -5.214108e+04 3.459187e+04 1.324730e+03
4.949495e-03 -4.831903e+05 -1.593921e+04 4.114408e+02 2.322990e+05 -2.083162e+04 -4.434802e+04 1.198868e+04 2.033414e+03 -8.098859e+02 -2.325076e+05 3.721234e+05 -1.077657e+04 -1.173261e+04 8.461481e+02 -1.421557e+04 3.403915e+04 -1.357719e+02 -2.649544e+05 4.240769e+05 -1.251721e+04 1.364614e+04 -1.731219e+03 1.809415e+04 -3.891746e+04 4.239947e+05 1.375020e+04 2.451200e+02 -2.038510e+05 -1.638568e+04 -3.878790e+04 1.030747e+04 1.194107e+03
5.151515e-03 -1.405163e+06 -1.516961e+04 2.463143e+03 5.233492e+05 -3.585585e+04 -1.297999e+05 2.237329e+05 7.415943e+03 7.278924e+02 -5.240295e+05 1.082202e+06 -1.013651e+04 -2.229904e+05 5.731331e+03 -2.454218e+04 9.958998e+04 2.250306e+03 -5.971437e+05 1.233213e+06 -1.199912e+04 2.549201e+05 -7.921753e+03 3.128850e+04 -1.137868e+05 1.233096e+06 1.286323e+04 -1.067285e+03 -4.592701e+05 -2.814352e+04 -1.136041e+05 1.957092e+05 5.438034e+03
5.353535e-03 -1.017050e+07 -2.472625e+04 2.755747e+04 3.438895e+06 -2.062648e+05 -9.452428e+05 2.112103e+06 6.461835e+04 1.953844e+04 -3.444136e+06 7.833074e+06 -1.548590e+04 -2.106596e+06 5.684445e+04 -1.414946e+05 7.250587e+05 3.088297e+04 -3.924611e+06 8.925845e+06 -2.049790e+04 2.406618e+06 -7.324415e+04 1.808495e+05 -8.282823e+05 8.925351e+06 1.884303e+04 -1.754573e+04 -3.017884e+06 -1.613977e+05 -8.274420e+05 1.848797e+06 5.019430e+04
5.555556e-03 2.182247e+06 -8.137791e+03 -8.124428e+03 -6.909512e+05 3.716518e+04 2.040942e+05 -5.288388e+05 -1.634809e+04 -7.101373e+03 6.921426e+05 -1.680765e+06 -5.827691e+03 5.276165e+05 -1.535826e+04 2.555371e+04 -1.565122e+05 -9.742017e+03 7.886891e+05 -1.915199e+06 -6.065872e+03 -6.025845e+05 1.912921e+04 -3.278451e+04 1.787799e+05 -1.915125e+06 7.717220e+03 5.858987e+03 6.063695e+05 2.894971e+04 1.786745e+05 -4.630459e+05 -1.309496e+04
5.757576e-03 -1.325127e+06 -1.349307e+04 5.826749e+03 5.125797e+05 -4.078167e+04 -1.245786e+05 2.104386e+05 1.082384e+04 3.855619e+03 -5.133091e+05 1.020616e+06 -8.977483e+03 -2.096552e+05 8.917533e+03 -2.790225e+04 9.553857e+04 6.181850e+03 -5.849168e+05 1.163012e+06 -1.084442e+04 2.397639e+05 -1.190957e+04 3.562923e+04 -1.091975e+05 1.162883e+06 1.122565e+04 -3.736028e+03 -4.498276e+05 -3.195459e+04 -1.089945e+05 1.840121e+05 8.154271e+03
5.959596e-03 7.677348e+06 9.861415e+03 -4.263016e+04 -2.716137e+06 1.931385e+05 7.266972e+05 -1.612412e+06 -7.272001e+04 -3.514341e+04 2.720612e+06 -5.913295e+06 5.538815e+03 1.607751e+06 -6.549190e+04 1.323913e+05 -5.571265e+05 -4.900579e+04 3.100095e+06 -6.738091e+06 9.544657e+03 -1.837182e+06 8.341762e+04 -1.696691e+05 6.366697e+05 -6.737580e+06 -5.415803e+03 3.051023e+04 2.383655e+06 1.506867e+05 6.359075e+05 -1.411051e+06 -5.705943e+04
6.161616e-03 1.574658e+06 -4.364095e+03 -1.050503e+04 -5.408942e+05 3.723169e+04 1.500487e+05 -3.663745e+05 -1.686916e+04 -9.275787e+03 5.418519e+05 -1.212871e+06 -3.214988e+03 3.653888e+05 -1.568441e+04 2.554568e+04 -1.150076e+05 -1.238157e+04 6.174252e+05 -1.382017e+06 -2.982729e+03 -4.174508e+05 1.965282e+04 -3.283320e+04 1.314276e+05 -1.381935e+06 4.511672e+03 7.823469e+03 4.746887e+05 2.895036e+04 1.313035e+05 -3.206828e+05 -1.343536e+04
6.363636e-03 1.047869e+06 -4.818656e+03 -8.145273e+03 -3.596246e+05 2.512118e+04 1.005230e+05 -2.541480e+05 -1.249814e+04 -7.375092e+03 3.602861e+05 -8.071326e+05 -3.448173e+03 2.534706e+05 -1.175706e+04 1.724098e+04 -7.703132e+04 -9.674208e+03 4.105328e+05 -9.196826e+05 -3.436216e+03 -2.895780e+05 1.464572e+04 -2.220187e+04 8.803589e+04 -9.196315e+05 4.722513e+03 6.169671e+03 3.156091e+05 1.949048e+04 8.795888e+04 -2.224588e+05 -1.000841e+04
6.565657e-03 7.870194e+05 -4.784847e+03 -7.007097e+03 -2.711822e+05 1.933436e+04 7.601815e+04 -1.972194e+05 -1.036619e+04 -6.447792e+03 2.716969e+05 -6.062245e+05 -3.387897e+03 1.966944e+05 -9.828930e+03 1.327155e+04 -5.824076e+04 -8.360694e+03 3.095864e+05 -6.907503e+05 -3.455095e+03 -2.247123e+05 1.219605e+04 -1.712087e+04 6.656676e+04 -6.907135e+05 4.605140e+03 5.368661e+03 2.379933e+05 1.496989e+04 6.651135e+04 -1.726299e+05 -8.331645e+03
6.767677e-03 6.246436e+05 -4.621039e+03 -6.287190e+03 -2.166122e+05 1.578528e+04 6.075755e+04 -1.610842e+05 -9.026243e+03 -5.852723e+03 2.170347e+05 -4.811612e+05 -3.253255e+03 1.606545e+05 -8.609616e+03 1.083665e+04 -4.653906e+04 -7.525403e+03 2.472994e+05 -5.482426e+05 -3.354491e+03 -1.835388e+05 1.065190e+04 -1.400411e+04 5.319720e+04 -5.482142e+05 4.408481e+03 4.857966e+03 1.901033e+05 1.219745e+04 5.315457e+04 -1.410000e+05 -7.274704e+03
6.969697e-03 5.124774e+05 -4.416404e+03 -5.770457e+03 -1.791190e+05 1.334174e+04 5.020435e+04 -1.356913e+05 -8.079150e+03 -5.419167e+03 1.794771e+05 -3.947695e+05 -3.097928e+03 1.353281e+05 -7.742878e+03 9.160023e+03 -3.844729e+04 -6.923004e+03 2.045031e+05 -4.498008e+05 -3.213420e+03 -1.546056e+05 9.557484e+03 -1.185785e+04 4.395208e+04 -4.497781e+05 4.192914e+03 4.487949e+03 1.571997e+05 1.028877e+04 4.391795e+04 -1.187727e+05 -6.525637e+03
7.171717e-03 4.301255e+05 -4.202444e+03 -5.371301e+03 -1.516768e+05 1.154077e+04 4.244454e+04 -1.167519e+05 -7.362019e+03 -5.079451e+03 1.519869e+05 -3.313408e+05 -2.940437e+03 1.164381e+05 -7.083151e+03 7.924199e+03 -3.249769e+04 -6.455770e+03 1.731785e+05 -3.775252e+05 -3.060189e+03 -1.330255e+05 8.726699e+03 -1.027574e+04 3.715438e+04 -3.775064e+05 3.978874e+03 4.199370e+03 1.331167e+05 8.882155e+03 3.712631e+04 -1.021943e+05 -5.957052e+03
7.373737e-03 3.671545e+05 -3.992012e+03 -5.047958e+03 -1.307229e+05 1.015181e+04 3.650019e+04 -1.020522e+05 -6.793727e+03 -4.800625e+03 1.309957e+05 -2.828392e+05 -2.788056e+03 1.017767e+05 -6.557832e+03 6.971054e+03 -2.794033e+04 -6.075953e+03 1.492595e+05 -3.222589e+05 -2.906629e+03 -1.162762e+05 8.066796e+03 -9.055389e+03 3.194727e+04 -3.222431e+05 3.774091e+03 3.963435e+03 1.147277e+05 7.797458e+03 3.192373e+04 -8.932687e+04 -5.505456e+03
7.575758e-03 3.175669e+05 -3.790574e+03 -4.777252e+03 -1.142249e+05 9.045149e+03 3.180966e+04 -9.030902e+04 -6.328541e+03 -4.564407e+03 1.144678e+05 -2.446455e+05 -2.643665e+03 9.006408e+04 -6.125924e+03 6.211612e+03 -2.434447e+04 -5.757013e+03 1.304264e+05 -2.787384e+05 -2.757996e+03 -1.028957e+05 7.525454e+03 -8.082941e+03 2.783867e+04 -2.787249e+05 3.581385e+03 3.764200e+03 1.002491e+05 6.933328e+03 2.781862e+04 -7.904753e+04 -5.135028e+03
7.777778e-03 2.776316e+05 -3.600314e+03 -4.545110e+03 -1.009267e+05 8.141425e+03 2.802376e+04 -8.071820e+04 -5.938387e+03 -4.359681e+03 1.011452e+05 -2.138861e+05 -2.508230e+03 8.049827e+04 -5.762212e+03 5.591427e+03 -2.144234e+04 -5.482807e+03 1.152456e+05 -2.436892e+05 -2.616587e+03 -9.196772e+04 7.070522e+03 -7.288721e+03 2.452261e+04 -2.436775e+05 3.401474e+03 3.591993e+03 8.857869e+04 6.227747e+03 2.450533e+04 -7.065225e+04 -4.823756e+03
7.979798e-03 2.448910e+05 -3.421858e+03 -4.342396e+03 -9.000564e+04 7.389006e+03 2.491254e+04 -7.274620e+04 -5.604917e+03 -4.179209e+03 9.020366e+04 -1.886679e+05 -2.381839e+03 7.254710e+04 -5.450182e+03 5.075074e+03 -1.905758e+04 -5.242832e+03 1.027781e+05 -2.149542e+05 -2.483274e+03 -8.288424e+04 6.680971e+03 -6.627396e+03 2.179763e+04 -2.149440e+05 3.234134e+03 3.440531e+03 7.899434e+04 5.640371e+03 2.178259e+04 -6.367403e+04 -4.557239e+03
8.181818e-03 2.176540e+05 -3.255071e+03 -4.162860e+03 -8.089835e+04 6.752683e+03 2.231783e+04 -6.602348e+04 -5.315544e+03 -4.018019e+03 8.107909e+04 -1.676888e+05 -2.264165e+03 6.584199e+04 -5.178484e+03 4.638396e+03 -1.706889e+04 -5.029893e+03 9.238093e+04 -1.910494e+05 -2.358208e+03 -7.522423e+04 6.342361e+03 -6.068053e+03 1.952515e+04 -1.910404e+05 3.078724e+03 3.305513e+03 7.100177e+04 5.143684e+03 1.951195e+04 -5.778939e+04 -4.325591e+03
8.383838e-03 1.947168e+05 -3.099451e+03 -4.002051e+03 -7.320551e+04 6.207535e+03 2.012700e+04 -6.028527e+04 -5.061304e+03 -3.872552e+03 7.337144e+04 -1.500214e+05 -2.154701e+03 6.011884e+04 -4.939016e+03 4.264291e+03 -1.538990e+04 -4.838851e+03 8.359835e+04 -1.709183e+05 -2.241178e+03 -6.868600e+04 6.044395e+03 -5.588810e+03 1.760650e+04 -1.709103e+05 2.934434e+03 3.183861e+03 6.425051e+04 4.718215e+03 1.759482e+04 -5.276655e+04 -4.121763e+03
8.585859e-03 1.751981e+05 -2.954330e+03 -3.856685e+03 -6.663585e+04 5.735382e+03 1.825761e+04 -5.533653e+04 -4.835607e+03 -3.740167e+03 6.678894e+04 -1.349869e+05 -2.052869e+03 5.518314e+04 -4.725810e+03 3.940283e+03 -1.395737e+04 -4.665908e+03 7.609787e+04 -1.537874e+05 -2.131795e+03 -6.304732e+04 5.779499e+03 -5.173701e+03 1.596942e+04 -1.537803e+05 2.800410e+03 3.073304e+03 5.848493e+04 4.349757e+03 1.595904e+04 -4.843479e+04 -3.940567e+03
8.787879e-03 1.584379e+05 -2.818982e+03 -3.724274e+03 -6.097187e+04 5.322622e+03 1.664788e+04 -5.103032e+04 -4.633486e+03 -3.618849e+03 6.111374e+04 -1.220770e+05 -1.958085e+03 5.088830e+04 -4.534356e+03 3.657037e+03 -1.272393e+04 -4.508181e+03 6.963124e+04 -1.390775e+05 -2.029590e+03 -5.814077e+04 5.541955e+03 -4.810779e+03 1.455982e+04 -1.390711e+05 2.675815e+03 2.972110e+03 5.351418e+04 4.027682e+03 1.455053e+04 -4.466548e+04 -3.778088e+03
8.989899e-03 1.439320e+05 -2.692678e+03 -3.602885e+03 -5.604791e+04 4.958861e+03 1.525061e+04 -4.725373e+04 -4.451110e+03 -3.507023e+03 5.617990e+04 -1.109035e+05 -1.869783e+03 4.712172e+04 -4.361171e+03 3.407421e+03 -1.165339e+04 -4.363426e+03 6.400937e+04 -1.263460e+05 -1.934070e+03 -5.383768e+04 5.327350e+03 -4.490917e+03 1.333633e+04 -1.263403e+05 2.559860e+03 2.878930e+03 4.919286e+04 3.743870e+03 1.332798e+04 -4.135978e+04 -3.631306e+03
9.191919e-03 1.312891e+05 -2.574717e+03 -3.490989e+03 -5.173562e+04 4.636012e+03 1.402914e+04 -4.391859e+04 -4.285474e+03 -3.403435e+03 5.185884e+04 -1.011649e+05 -1.787430e+03 4.379545e+04 -4.203514e+03 3.185884e+03 -1.071764e+04 -4.229862e+03 5.908576e+04 -1.152496e+05 -1.844746e+03 -5.003759e+04 5.132219e+03 -4.207009e+03 1.226683e+04 -1.152444e+05 2.451811e+03 2.792690e+03 4.540833e+04 3.492001e+03 1.225930e+04 -3.844050e+04 -3.497847e+03
9.393939e-03 1.202007e+05 -2.464439e+03 -3.387354e+03 -4.793407e+04 4.347679e+03 1.295457e+04 -4.095501e+04 -4.134180e+03 -3.307067e+03 4.804947e+04 -9.262361e+04 -1.710536e+03 4.083977e+04 -4.059194e+03 2.988036e+03 -9.894502e+03 -4.106054e+03 5.474520e+04 -1.055175e+05 -1.761150e+03 -4.666088e+04 4.953792e+03 -3.953439e+03 1.132601e+04 -1.055128e+05 2.350996e+03 2.712522e+03 4.207204e+04 3.267081e+03 1.131918e+04 -3.584648e+04 -3.375816e+03
9.595960e-03 1.104209e+05 -2.361232e+03 -3.290971e+03 -4.456287e+04 4.088740e+03 1.200382e+04 -3.830692e+04 -3.995287e+03 -3.217078e+03 4.467125e+04 -8.509023e+04 -1.638649e+03 3.819876e+04 -3.926435e+03 2.810362e+03 -9.166296e+03 -3.990824e+03 5.089592e+04 -9.693393e+04 -1.682841e+03 -4.364364e+04 4.789826e+03 -3.725705e+03 1.049365e+04 -9.692958e+04 2.256805e+03 2.637712e+03 3.911341e+04 3.065106e+03 1.048745e+04 -3.352861e+04 -3.263678e+03
9.797980e-03 1.017512e+05 -2.264533e+03 -3.201005e+03 -4.155722e+04 3.855036e+03 1.115828e+04 -3.592881e+04 -3.867205e+03 -3.132772e+03 4.165927e+04 -7.841186e+04 -1.571357e+03 3.582703e+04 -3.803776e+03 2.650007e+03 -8.518734e+03 -3.883195e+03 4.746397e+04 -8.932458e+04 -1.609412e+03 -4.093402e+04 4.638482e+03 -3.520155e+03 9.753439e+03 -8.932060e+04 2.168683e+03 2.567666e+03 3.647559e+04 2.882830e+03 9.747782e+03 -3.144707e+04 -3.160174e+03
1.000000e-02 9.402985e+04 -2.173826e+03 -3.116757e+03 -3.886437e+04 3.643159e+03 1.040275e+04 -3.378335e+04 -3.748618e+03 -3.053556e+03 3.896068e+04 -7.246393e+04 -1.508287e+03 3.368735e+04 -3.690009e+03 2.504632e+03 -7.940170e+03 -3.782348e+03 4.438912e+04 -8.254753e+04 -1.540483e+03 -3.848950e+04 4.498236e+03 -3.333793e+03 9.092067e+03 -8.254387e+04 2.086129e+03 2.501883e+03 3.411229e+04 2.717590e+03 9.086892e+03 -2.956919e+04 -3.064260e+03
