-1.000000e-02 -2.174954e+05 1.418228e+03 7.033630e+03 -1.780299e+05 3.144135e+03 -1.739022e+05 -1.753021e+05 7.282672e+03 6.802720e+03 1.780799e+05 1.674971e+05 9.469590e+02 1.752544e+05 7.053415e+03 2.146994e+03 1.338453e+05 8.395666e+03 2.029251e+05 1.908658e+05 1.617474e+03 -1.997609e+05 -8.679465e+03 -3.077701e+03 -1.525649e+05 1.908673e+05 -7.060854e+02 -5.676687e+03 1.562338e+05 2.128079e+03 -1.525657e+05 -1.537972e+05 5.896858e+03
-9.797980e-03 -2.618260e+05 1.780842e+03 7.721055e+03 -2.132479e+05 3.726551e+03 -2.092550e+05 -2.098599e+05 8.011003e+03 7.441301e+03 2.133068e+05 2.016354e+05 1.190787e+03 2.098037e+05 7.733155e+03 2.544575e+03 1.610563e+05 9.200130e+03 2.430675e+05 2.297678e+05 1.955256e+03 -2.391411e+05 -9.530699e+03 -3.604116e+03 -1.835808e+05 2.297695e+05 -9.643515e+02 -6.220808e+03 1.871393e+05 2.565824e+03 -1.835815e+05 -1.841156e+05 6.476994e+03
-9.595960e-03 -3.223540e+05 2.294909e+03 8.603422e+03 -2.612952e+05 4.525183e+03 -2.575176e+05 -2.569775e+05 8.948491e+03 8.255787e+03 2.613660e+05 2.482470e+05 1.536640e+03 2.569097e+05 8.603109e+03 3.089709e+03 1.982041e+05 1.022975e+04 2.978329e+05 2.828836e+05 2.428861e+03 -2.928337e+05 -1.062334e+04 -4.322574e+03 -2.259229e+05 2.828855e+05 -1.335958e+03 -6.916974e+03 2.293029e+05 3.169409e+03 -2.259236e+05 -2.254532e+05 7.221699e+03
-9.393939e-03 -4.090993e+05 3.064968e+03 9.793629e+03 -3.301128e+05 5.681878e+03 -3.266757e+05 -3.244129e+05 1.021672e+04 9.346323e+03 3.302006e+05 3.150480e+05 2.055005e+03 3.243288e+05 9.772167e+03 3.879164e+03 2.514354e+05 1.161390e+04 3.762729e+05 3.590062e+05 3.130717e+03 -3.696796e+05 -1.209669e+04 -5.358108e+03 -2.865972e+05 3.590084e+05 -1.900535e+03 -7.852511e+03 2.896935e+05 4.048548e+03 -2.865979e+05 -2.846162e+05 8.225954e+03
-9.191919e-03 -5.427637e+05 4.318431e+03 1.152781e+04 -4.361163e+05 7.501303e+03 -4.332277e+05 -4.281858e+05 1.206980e+04 1.092149e+04 4.362300e+05 4.179803e+05 2.899267e+03 4.280767e+05 1.146702e+04 5.120745e+03 3.334490e+05 1.362265e+04 4.970979e+05 4.763020e+05 4.261306e+03 -4.879339e+05 -1.424135e+04 -6.978834e+03 -3.800784e+05 4.763048e+05 -2.831948e+03 -9.209704e+03 3.827162e+05 5.439288e+03 -3.800789e+05 -3.756591e+05 9.687890e+03
-8.989899e-03 -7.763208e+05 6.675324e+03 1.442876e+04 -6.213407e+05 1.080430e+04 -6.193940e+05 -6.092609e+05 1.517675e+04 1.352950e+04 6.214994e+05 5.978379e+05 4.487771e+03 6.091084e+05 1.428244e+04 7.374204e+03 4.767427e+05 1.696707e+04 7.082206e+05 6.812576e+05 6.365948e+03 -6.942779e+05 -1.782126e+04 -9.906132e+03 -5.434077e+05 6.812614e+05 -4.605681e+03 -1.146857e+04 5.452588e+05 7.978433e+03 -5.434081e+05 -5.345216e+05 1.212826e+04
-8.787879e-03 -1.327885e+06 1.290194e+04 2.120795e+04 -1.059034e+06 1.921341e+04 -1.059033e+06 -1.036156e+06 2.244101e+04 1.955095e+04 1.059299e+06 1.022586e+06 8.687682e+03 1.035901e+06 2.079260e+04 1.310917e+04 8.151364e+05 2.473900e+04 1.207112e+06 1.165277e+06 1.187355e+04 -1.180746e+06 -2.614780e+04 -1.732047e+04 -9.291164e+05 1.165283e+06 -9.348014e+03 -1.671667e+04 9.293539e+05 1.447871e+04 -9.291160e+05 -9.090493e+05 1.780398e+04
-8.585859e-03 -4.912103e+06 5.794132e+04 6.577269e+04 -3.905931e+06 7.836927e+04 -3.915997e+06 -3.805761e+06 7.016257e+04 5.872056e+04 3.906887e+06 3.782722e+06 3.908672e+04 3.804842e+06 6.314483e+04 5.343963e+04 3.014166e+06 7.558044e+04 4.452064e+06 4.310572e+06 5.144369e+04 -4.336846e+06 -8.059942e+04 -6.927566e+04 -3.435620e+06 4.310593e+06 -4.394176e+04 -5.104511e+04 3.427632e+06 6.039371e+04 -3.435616e+06 -3.338906e+06 5.491656e+04
-8.383838e-03 -2.948871e+06 2.251661e+04 3.270876e+04 -2.338262e+06 3.341423e+04 -2.349993e+06 -2.296330e+06 3.526697e+04 2.982459e+04 2.338817e+06 2.270856e+06 1.514660e+04 2.295788e+06 3.239618e+04 2.282369e+04 1.808810e+06 3.797616e+04 2.665195e+06 2.587749e+06 2.043587e+04 -2.616785e+06 -4.089795e+04 -2.988147e+04 -2.061722e+06 2.587756e+06 -1.658294e+04 -2.563100e+04 2.051922e+06 2.544968e+04 -2.061720e+06 -2.014644e+06 2.788341e+04
-8.181818e-03 -2.879215e+06 1.308142e+04 2.515389e+04 -2.275926e+06 2.223853e+04 -2.293623e+06 -2.248966e+06 2.757152e+04 2.333865e+04 2.276450e+06 2.217199e+06 8.751961e+03 2.248448e+06 2.576426e+04 1.522907e+04 1.765431e+06 2.946475e+04 2.594135e+06 2.526616e+06 1.225319e+04 -2.562819e+06 -3.222391e+04 -2.014878e+04 -2.012272e+06 2.526619e+06 -9.199073e+03 -1.986407e+04 1.997210e+06 1.672081e+04 -2.012270e+06 -1.973095e+06 2.199006e+04
-7.979798e-03 -3.572038e+06 8.269506e+03 2.270997e+04 -2.814691e+06 1.763546e+04 -2.844482e+06 -2.794664e+06 2.560635e+04 2.138316e+04 2.815323e+06 2.750704e+06 5.461861e+03 2.794036e+06 2.428506e+04 1.212888e+04 2.189448e+06 2.681773e+04 3.208221e+06 3.134584e+06 8.166324e+03 -3.184680e+06 -3.012147e+04 -1.621508e+04 -2.495566e+06 3.134585e+06 -5.314148e+03 -1.804182e+04 2.469988e+06 1.308233e+04 -2.495565e+06 -2.451862e+06 2.058646e+04
-7.777778e-03 -5.687953e+06 4.642804e+03 2.265550e+04 -4.468828e+06 1.617023e+04 -4.527773e+06 -4.452782e+06 2.710064e+04 2.159308e+04 4.469803e+06 4.380070e+06 2.920259e+03 4.451808e+06 2.604238e+04 1.121449e+04 3.485132e+06 2.697179e+04 5.093613e+06 4.991357e+06 5.196338e+03 -5.074215e+06 -3.204012e+04 -1.509576e+04 -3.972391e+06 4.991355e+06 -2.205302e+03 -1.805961e+04 3.921536e+06 1.187390e+04 -3.972391e+06 -3.906602e+06 2.196238e+04
-7.575758e-03 -1.416874e+07 -1.839584e+03 2.316555e+04 -1.110381e+07 1.800406e+04 -1.127468e+07 -1.109262e+07 3.382188e+04 2.234401e+04 1.110617e+07 1.091073e+07 -1.801331e+03 1.109026e+07 3.300338e+04 1.278038e+04 8.678448e+06 2.798065e+04 1.265619e+07 1.243348e+07 -7.083976e+01 -1.264074e+07 -4.012740e+04 -1.703631e+04 -9.891749e+06 1.243347e+07 3.596572e+03 -1.838928e+04 9.743909e+06 1.332708e+04 -9.891753e+06 -9.732024e+06 2.774137e+04
-7.373737e-03 1.292858e+08 -4.235274e+04 7.988371e+04 1.012363e+08 -1.391436e+05 1.028423e+08 1.010985e+08 -1.357870e+04 8.922240e+04 -1.012572e+08 -9.955686e+07 -2.397815e+04 -1.010777e+08 -4.270423e+03 -9.930688e+04 -7.916129e+07 9.867265e+04 -1.153893e+08 -1.134517e+08 -2.966852e+04 1.152086e+08 7.860340e+03 1.161308e+05 9.022827e+07 -1.134518e+08 3.482133e+04 -7.241196e+04 -8.883758e+07 -1.191370e+05 9.022814e+07 8.869827e+07 -9.609488e+03
-7.171717e-03 2.472625e+07 -9.638429e+04 6.605000e+04 1.942396e+07 -9.821428e+04 1.966212e+07 1.925270e+07 4.889042e+04 7.604933e+04 -1.942783e+07 -1.904041e+07 -6.460664e+04 -1.924882e+07 5.885976e+04 -6.759221e+04 -1.513473e+07 8.534975e+04 -2.213936e+07 -2.169787e+07 -7.464475e+04 2.193981e+07 -6.577843e+04 7.833132e+04 1.725057e+07 -2.169789e+07 8.355833e+04 -5.897214e+04 -1.704501e+07 -8.487854e+04 1.725050e+07 1.689129e+07 4.390214e+04
-6.969697e-03 5.129082e+07 -3.244538e+05 2.430042e+05 4.039941e+07 -2.926091e+05 4.077253e+07 3.983553e+07 2.087339e+05 2.746477e+05 -4.040726e+07 -3.949634e+07 -2.187146e+05 -3.982759e+07 2.402890e+05 -2.005241e+05 -3.138441e+07 3.120234e+05 -4.604685e+07 -4.500879e+07 -2.499817e+05 4.539551e+07 -2.729276e+05 2.295003e+05 3.577196e+07 -4.500897e+07 2.839748e+05 -2.139787e+05 -3.545149e+07 -2.557770e+05 3.577164e+07 3.494956e+07 1.838662e+05
-6.767677e-03 -1.926871e+07 1.602258e+05 -1.306151e+05 -1.522068e+07 1.342047e+05 -1.531214e+07 -1.494246e+07 -1.183750e+05 -1.456761e+05 1.522342e+07 1.483763e+07 1.082599e+05 1.493967e+07 -1.333994e+05 9.179870e+04 1.178659e+07 -1.667709e+05 1.734830e+07 1.690866e+07 1.227819e+05 -1.702807e+07 1.528067e+05 -1.038768e+05 -1.343424e+07 1.690861e+07 -1.411898e+05 1.140307e+05 1.335640e+07 1.184994e+05 -1.343418e+07 -1.310985e+07 -1.032723e+05
-6.565657e-03 -6.263676e+06 6.404020e+04 -5.509614e+04 -4.964523e+06 5.085475e+04 -4.975936e+06 -4.852389e+06 -5.127991e+04 -6.095826e+04 4.965380e+06 4.823250e+06 4.332954e+04 4.851500e+06 -5.712916e+04 3.474618e+04 3.830275e+06 -7.009985e+04 5.658454e+06 5.496486e+06 4.888843e+04 -5.529677e+06 6.574667e+04 -3.897218e+04 -4.365702e+06 5.496472e+06 -5.668546e+04 4.786030e+04 4.356445e+06 4.524870e+04 -4.365669e+06 -4.257278e+06 -4.450463e+04
-6.363636e-03 -3.939130e+06 4.967390e+04 -4.255410e+04 -3.134692e+06 3.820510e+04 -3.128314e+06 -3.046014e+06 -4.026010e+04 -4.702866e+04 3.135206e+06 3.033255e+06 3.364607e+04 3.045470e+06 -4.472598e+04 2.607654e+04 2.408070e+06 -5.413349e+04 3.572831e+06 3.456650e+06 3.792502e+04 -3.471177e+06 5.151730e+04 -2.917891e+04 -2.744683e+06 3.456638e+06 -4.400711e+04 3.692567e+04 2.750734e+06 3.406221e+04 -2.744653e+06 -2.672450e+06 -3.490744e+04
-6.161616e-03 -7.146993e+06 1.223283e+05 -9.212748e+04 -5.712738e+06 9.491922e+04 -5.674123e+06 -5.485335e+06 -8.817439e+04 -1.031915e+05 5.713618e+06 5.503395e+06 8.294806e+04 5.484370e+06 -9.922000e+04 6.470565e+04 4.367794e+06 -1.180655e+05 6.511164e+06 6.271597e+06 9.416324e+04 -6.250983e+06 1.135582e+05 -7.327448e+04 -4.978335e+06 6.271565e+06 -1.077078e+05 8.048111e+04 5.012991e+06 8.375416e+04 -4.978252e+06 -4.812620e+06 -7.699977e+04
-5.959596e-03 -1.101800e+06 1.550906e+04 -1.605999e+04 -8.858687e+05 1.051356e+04 -8.744935e+05 -8.579478e+05 -1.547157e+04 -1.737202e+04 8.859993e+05 8.484138e+05 1.051355e+04 8.578050e+05 -1.678167e+04 7.174451e+03 6.731642e+05 -2.021086e+04 1.009676e+06 9.668440e+05 1.166047e+04 -9.777036e+05 1.954062e+04 -7.753953e+03 -7.672590e+05 9.668398e+05 -1.393007e+04 1.377408e+04 7.773583e+05 9.647466e+03 -7.672484e+05 -7.527357e+05 -1.325613e+04
-5.757576e-03 -6.853969e+05 9.504148e+03 -1.118310e+04 -5.550766e+05 5.833934e+03 -5.438444e+05 -5.381538e+05 -1.083201e+04 -1.194962e+04 5.551538e+05 5.277702e+05 6.444055e+03 5.380682e+05 -1.159756e+04 3.982355e+03 4.186406e+05 -1.398600e+04 6.326490e+05 6.014433e+05 7.057366e+03 -6.132726e+05 1.358641e+04 -4.158079e+03 -4.771570e+05 6.014405e+05 -8.626248e+03 9.529644e+03 4.870840e+05 5.499339e+03 -4.771504e+05 -4.721616e+05 -9.220549e+03
-5.555556e-03 -4.880057e+05 6.848492e+03 -8.788573e+03 -3.986661e+05 3.811824e+03 -3.871148e+05 -3.865687e+05 -8.549047e+03 -9.316059e+03 3.987181e+05 3.757730e+05 4.644606e+03 3.865101e+05 -9.075977e+03 2.602557e+03 2.979949e+05 -1.094685e+04 4.543771e+05 4.282295e+05 5.035140e+03 -4.405291e+05 1.067446e+04 -2.620386e+03 -3.396470e+05 4.282273e+05 -6.267470e+03 7.457665e+03 3.498319e+05 3.690251e+03 -3.396422e+05 -3.391671e+05 -7.246729e+03
-5.353535e-03 -3.703967e+05 5.325141e+03 -7.277482e+03 -3.057035e+05 2.682203e+03 -2.937434e+05 -2.963582e+05 -7.103386e+03 -7.669238e+03 3.057406e+05 2.852107e+05 3.612429e+03 2.963154e+05 -7.494808e+03 1.831586e+03 2.261203e+05 -9.037926e+03 3.484212e+05 3.250259e+05 3.882695e+03 -3.377267e+05 8.840126e+03 -1.770964e+03 -2.577256e+05 3.250241e+05 -4.906897e+03 6.156485e+03 2.682562e+05 2.669856e+03 -2.577218e+05 -2.600199e+05 -6.003111e+03
-5.151515e-03 -2.923811e+05 4.337042e+03 -6.207216e+03 -2.442108e+05 1.969840e+03 -2.318144e+05 -2.366422e+05 -6.075669e+03 -6.511822e+03 2.442382e+05 2.251366e+05 2.942899e+03 2.366098e+05 -6.380075e+03 1.345319e+03 1.784490e+05 -7.691191e+03 2.783338e+05 2.565662e+05 3.139934e+03 -2.696753e+05 7.541881e+03 -1.241626e+03 -2.033908e+05 2.565647e+05 -4.019596e+03 5.238691e+03 2.142957e+05 2.019962e+03 -2.033877e+05 -2.076274e+05 -5.122747e+03
-4.949495e-03 -2.371479e+05 3.647083e+03 -5.396127e+03 -2.008246e+05 1.486667e+03 -1.879769e+05 -1.944917e+05 -5.294028e+03 -5.640463e+03 2.008453e+05 1.826057e+05 2.475353e+03 1.944665e+05 -5.538249e+03 1.015461e+03 1.447040e+05 -6.673990e+03 2.288837e+05 2.080984e+05 2.624494e+03 -2.216413e+05 6.558229e+03 -8.870408e+02 -1.649288e+05 2.080971e+05 -3.396775e+03 4.545597e+03 1.762239e+05 1.574669e+03 -1.649263e+05 -1.706462e+05 -4.455559e+03
-4.747475e-03 -1.962486e+05 3.140694e+03 -4.753201e+03 -1.688346e+05 1.142356e+03 -1.555212e+05 -1.634055e+05 -4.672369e+03 -4.953687e+03 1.688504e+05 1.511123e+05 2.132168e+03 1.633856e+05 -4.872796e+03 7.803815e+02 1.197203e+05 -5.869999e+03 1.924226e+05 1.722088e+05 2.248457e+03 -1.862158e+05 5.778458e+03 -6.376252e+02 -1.364530e+05 1.722076e+05 -2.937358e+03 3.997863e+03 1.481524e+05 1.254064e+03 -1.364508e+05 -1.433723e+05 -3.926535e+03
-4.545455e-03 -1.649332e+05 2.755348e+03 -4.226828e+03 -1.444706e+05 8.879979e+02 -1.306752e+05 -1.397271e+05 -4.161844e+03 -4.394195e+03 1.444827e+05 1.269988e+05 1.870989e+03 1.397112e+05 -4.329192e+03 6.067058e+02 1.005943e+05 -5.213402e+03 1.646534e+05 1.447292e+05 1.963960e+03 -1.592322e+05 5.139902e+03 -4.558421e+02 -1.146536e+05 1.447281e+05 -2.586070e+03 3.550601e+03 1.267728e+05 1.014735e+03 -1.146517e+05 -1.225977e+05 -3.493219e+03
-4.343434e-03 -1.403178e+05 2.453940e+03 -3.785147e+03 -1.254454e+05 6.948403e+02 -1.111486e+05 -1.212367e+05 -3.732266e+03 -3.926764e+03 1.254547e+05 1.080445e+05 1.666676e+03 1.212238e+05 -3.873889e+03 4.748098e+02 8.556302e+04 -4.663656e+03 1.429692e+05 1.231289e+05 1.742669e+03 -1.381607e+05 4.603926e+03 -3.197116e+02 -9.752140e+04 1.231280e+05 -2.310036e+03 3.176164e+03 1.100781e+05 8.310673e+02 -9.751971e+04 -1.063749e+05 -3.129433e+03
-4.141414e-03 -1.205500e+05 2.213041e+03 -3.407230e+03 -1.102908e+05 5.449212e+02 -9.547040e+04 -1.065084e+05 -3.363771e+03 -3.528352e+03 1.102980e+05 9.282305e+04 1.503361e+03 1.064979e+05 -3.484918e+03 3.724337e+02 7.349415e+04 -4.194187e+03 1.256966e+05 1.057826e+05 1.566749e+03 -1.213766e+05 4.145172e+03 -2.155643e+02 -8.376563e+04 1.057817e+05 -2.088450e+03 2.856431e+03 9.677989e+04 6.869979e+02 -8.376414e+04 -9.345282e+04 -2.817994e+03
-3.939394e-03 -1.043870e+05 2.017144e+03 -3.078657e+03 -9.802288e+04 4.264848e+02 -8.265363e+04 -9.458638e+04 -3.042654e+03 -3.183146e+03 9.802829e+04 8.037728e+04 1.370539e+03 9.457777e+04 -3.147180e+03 2.915530e+02 6.362793e+04 -3.786721e+03 1.117141e+05 9.159937e+04 1.424423e+03 -1.077903e+05 3.746178e+03 -1.344957e+02 -7.252041e+04 9.159859e+04 -1.907509e+03 2.578942e+03 8.601473e+04 5.719714e+02 -7.251907e+04 -8.299278e+04 -2.547070e+03
-3.737374e-03 -9.096494e+04 1.855585e+03 -2.789114e+03 -8.795870e+04 3.315462e+02 -7.201254e+04 -8.480683e+04 -2.759089e+03 -2.879877e+03 8.796271e+04 7.004219e+04 1.260986e+03 8.479976e+04 -2.849897e+03 2.267166e+02 5.543649e+04 -3.428212e+03 1.002434e+05 7.982147e+04 1.307618e+03 -9.664557e+04 3.394456e+03 -7.048721e+01 -6.318406e+04 7.982076e+04 -1.757698e+03 2.334803e+03 7.718338e+04 4.787875e+02 -6.318287e+04 -7.441252e+04 -2.308197e+03
-3.535354e-03 -7.966636e+04 1.720803e+03 -2.530986e+03 -7.961082e+04 2.545145e+02 -6.305675e+04 -7.669595e+04 -2.505810e+03 -2.610258e+03 7.961370e+04 6.134220e+04 1.169579e+03 7.669014e+04 -2.585132e+03 1.741076e+02 4.854236e+04 -3.109048e+03 9.072887e+04 6.990692e+04 1.210624e+03 -8.740244e+04 3.080794e+03 -1.934686e+01 -5.532636e+04 6.990627e+04 -1.632251e+03 2.117464e+03 6.985811e+04 4.023825e+02 -5.532529e+04 -6.729627e+04 -2.095131e+03
-3.333333e-03 -7.003866e+04 1.607296e+03 -2.298512e+03 -7.262297e+04 1.913750e+02 -5.542698e+04 -6.990731e+04 -2.277309e+03 -2.368038e+03 7.262490e+04 5.392882e+04 1.092593e+03 6.990254e+04 -2.346888e+03 1.309851e+02 4.266897e+04 -2.821967e+03 8.276443e+04 6.145858e+04 1.129301e+03 -7.966613e+04 2.798215e+03 2.191940e+01 -4.863207e+04 6.145800e+04 -1.526236e+03 1.921974e+03 6.372627e+04 3.391043e+02 -4.863110e+04 -6.134012e+04 -1.903145e+03
-3.131313e-03 -6.174323e+04 1.510975e+03 -2.087232e+03 -6.672945e+04 1.391830e+02 -4.885440e+04 -6.418256e+04 -2.069313e+03 -2.148396e+03 6.673061e+04 4.754132e+04 1.027256e+03 6.417866e+04 -2.130531e+03 9.533843e+01 3.760937e+04 -2.561358e+03 7.604727e+04 5.417933e+04 1.060577e+03 -7.314222e+04 2.541322e+03 5.549558e+01 -4.286533e+04 5.417879e+04 -1.435977e+03 1.744511e+03 5.855471e+04 2.862615e+02 -4.286446e+04 -5.631739e+04 -1.728580e+03
-2.929293e-03 -5.452198e+04 1.428742e+03 -1.893628e+03 -6.172876e+04 9.573864e+01 -4.313414e+04 -5.932572e+04 -1.878444e+03 -1.947540e+03 6.172927e+04 4.198097e+04 9.714696e+02 5.932254e+04 -1.932410e+03 6.566566e+01 3.320587e+04 -2.322801e+03 7.034771e+04 4.784268e+04 1.002136e+03 -6.760737e+04 2.305857e+03 8.300390e+01 -3.784639e+04 4.784219e+04 -1.358684e+03 1.582063e+03 5.416661e+04 2.418345e+02 -3.784561e+04 -5.205614e+04 -1.568547e+03
-2.727273e-03 -4.817497e+04 1.358218e+03 -1.714878e+03 -5.746577e+04 5.937302e+01 -3.810750e+04 -5.518593e+04 -1.701990e+03 -1.762438e+03 5.746574e+04 3.709379e+04 9.236214e+02 5.518337e+04 -1.749602e+03 4.082715e+01 2.933631e+04 -2.102757e+03 6.548896e+04 4.227318e+04 9.521998e+02 -6.288967e+04 2.088403e+03 1.056680e+02 -3.343602e+04 4.227273e+04 -1.292206e+03 1.432218e+03 5.042585e+04 2.042838e+02 -3.343531e+04 -4.842400e+04 -1.420731e+03
-2.525253e-03 -4.254496e+04 1.297544e+03 -1.548684e+03 -5.381960e+04 2.880282e+01 -3.364967e+04 -5.164561e+04 -1.537735e+03 -1.590626e+03 5.381911e+04 3.275873e+04 8.824534e+02 5.164356e+04 -1.579728e+03 1.994662e+01 2.590461e+04 -1.898345e+03 6.133323e+04 3.733286e+04 9.093861e+02 -5.885511e+04 1.886176e+03 1.244234e+02 -2.952472e+04 3.733246e+04 -1.234863e+03 1.293016e+03 4.722634e+04 1.724201e+02 -2.952408e+04 -4.531781e+04 -1.283245e+03
-2.323232e-03 -3.750661e+04 1.245260e+03 -1.393147e+03 -5.069502e+04 3.029990e+00 -2.966118e+04 -4.861214e+04 -1.383847e+03 -1.430076e+03 5.069415e+04 2.887924e+04 8.469740e+02 4.861053e+04 -1.420824e+03 2.342536e+00 2.283420e+04 -1.707192e+03 5.777200e+04 3.291172e+04 8.726090e+02 -5.539817e+04 1.696877e+03 1.399933e+02 -2.602520e+04 3.291135e+04 -1.185326e+03 1.162838e+03 4.448454e+04 1.453142e+02 -2.602463e+04 -4.265633e+04 -1.154528e+03
-2.121212e-03 -3.295863e+04 1.200200e+03 -1.246677e+03 -4.801637e+04 -1.872912e+01 -2.606165e+04 -4.601193e+04 -1.238789e+03 -1.279093e+03 4.801517e+04 2.537735e+04 8.163949e+02 4.601069e+04 -1.271249e+03 -1.252024e+01 2.006321e+04 -1.527310e+03 5.471901e+04 2.892088e+04 8.410067e+02 -5.243495e+04 1.518579e+03 1.529423e+02 -2.286695e+04 2.892056e+04 -1.142539e+03 1.040333e+03 4.213404e+04 1.222332e+02 -2.286644e+04 -4.037496e+04 -1.033275e+03
-1.919192e-03 -2.881819e+04 1.161432e+03 -1.107928e+03 -4.572311e+04 -3.709456e+01 -2.278537e+04 -4.378608e+04 -1.101256e+03 -1.136244e+03 4.572163e+04 2.218927e+04 7.900838e+02 4.378515e+04 -1.129613e+03 -2.506513e+01 1.754104e+04 -1.357019e+03 5.210527e+04 2.528767e+04 8.138901e+02 -4.989836e+04 1.349650e+03 1.637146e+02 -1.999231e+04 2.528738e+04 -1.105652e+03 9.243547e+02 4.012171e+04 1.025948e+02 -1.999186e+04 -3.842205e+04 -9.183781e+02
-1.717172e-03 -2.501668e+04 1.128205e+03 -9.757423e+02 -4.376653e+04 -5.255972e+01 -1.977789e+04 -4.188723e+04 -9.701270e+02 -1.000302e+03 4.376483e+04 1.926218e+04 7.675319e+02 4.188657e+04 -9.947247e+02 -3.562907e+01 1.522580e+04 -1.194877e+03 4.987527e+04 2.195187e+04 7.907056e+02 -4.773443e+04 1.188687e+03 1.726616e+02 -1.735351e+04 2.195162e+04 -1.073979e+03 8.139227e+02 3.840483e+04 8.593349e+01 -1.735312e+04 -3.675605e+04 -8.088864e+02
-1.515152e-03 -2.149654e+04 1.099912e+03 -8.491161e+02 -4.210739e+04 -6.551861e+01 -1.699354e+04 -4.027721e+04 -8.444257e+02 -8.702049e+02 4.210550e+04 1.655174e+04 7.483278e+02 4.027677e+04 -8.655481e+02 -4.448114e+01 1.308232e+04 -1.039634e+03 4.798427e+04 1.886298e+04 7.710070e+02 -4.589963e+04 1.034473e+03 1.800625e+02 -1.491049e+04 1.886275e+04 -1.046965e+03 7.081852e+02 3.694895e+04 7.187600e+01 -1.491015e+04 -3.534346e+04 -7.039736e+02
-1.313131e-03 -1.820884e+04 1.076063e+03 -7.271651e+02 -4.071403e+04 -7.628610e+01 -1.439353e+04 -3.892522e+04 -7.232920e+02 -7.450175e+02 4.071198e+04 1.402029e+04 7.321394e+02 3.892497e+04 -7.411737e+02 -5.183637e+01 1.108074e+04 -8.901897e+02 4.639619e+04 1.597805e+04 7.544345e+02 -4.435890e+04 8.859354e+02 1.861392e+02 -1.262920e+04 1.597786e+04 -1.024161e+03 6.063938e+02 3.572629e+04 6.012299e+01 -1.262890e+04 -3.415725e+04 -6.029122e+02
-1.111111e-03 -1.511142e+04 1.056264e+03 -6.091018e+02 -3.956103e+04 -8.511308e+01 -1.194439e+04 -3.780654e+04 -6.059586e+02 -6.239096e+02 3.955884e+04 1.163535e+04 7.186993e+02 3.780645e+04 -6.207915e+02 -5.786611e+01 9.195308e+03 -7.455652e+02 4.508206e+04 1.326010e+04 7.406990e+02 -4.308404e+04 7.421180e+02 1.910679e+02 -1.048028e+04 1.325994e+04 -1.005206e+03 5.078821e+02 3.471453e+04 5.043507e+01 -1.048004e+04 -3.317575e+04 -5.050539e+02
-9.090909e-04 -1.216737e+04 1.040200e+03 -4.942146e+02 -3.862813e+04 -9.219791e+01 -9.616871e+03 -3.690148e+04 -4.917315e+02 -5.061324e+02 3.862583e+04 9.368513e+03 7.077943e+02 3.690151e+04 -5.036699e+02 -6.270582e+01 7.403490e+03 -6.048772e+02 4.401879e+04 1.067673e+04 7.295704e+02 -4.205263e+04 6.021577e+02 1.949869e+02 -8.438066e+03 1.067660e+04 -9.898109e+02 4.120489e+02 3.389592e+04 4.262237e+01 -8.437868e+03 -3.238167e+04 -4.098128e+02
-7.070707e-04 -9.343868e+03 1.027625e+03 -3.818521e+02 -3.789948e+04 -9.769498e+01 -7.384926e+03 -3.619462e+04 -3.799745e+02 -3.910012e+02 3.789710e+04 7.194493e+03 6.992570e+02 3.619474e+04 -3.891397e+02 -6.646095e+01 5.685245e+03 -4.673174e+02 4.318832e+04 8.199131e+03 7.208686e+02 -4.124708e+04 4.652634e+02 1.980039e+02 -6.479709e+03 8.199030e+03 -9.777483e+02 3.183443e+02 3.325654e+04 3.653670e+01 -6.479556e+03 -3.176148e+04 -3.166523e+02
-5.050505e-04 -6.611163e+03 1.018349e+03 -2.714086e+02 -3.736302e+04 -1.017211e+02 -5.224975e+03 -3.567423e+04 -2.700957e+02 -2.778803e+02 3.736059e+04 5.090391e+03 6.929602e+02 3.567442e+04 -2.765789e+02 -6.921126e+01 4.022422e+03 -3.321349e+02 4.257690e+04 5.801215e+03 7.144563e+02 -4.065403e+04 3.306999e+02 2.001997e+02 -4.584520e+03 5.801143e+03 -9.688456e+02 2.262571e+02 3.278581e+04 3.206569e+01 -4.584411e+03 -3.130490e+04 -2.250733e+02
-3.030303e-04 -3.941786e+03 1.012239e+03 -1.623125e+02 -3.701007e+04 -1.043602e+02 -3.115234e+03 -3.533185e+04 -1.615359e+02 -1.661705e+02 3.700759e+04 3.035052e+03 6.888119e+02 3.533209e+04 -1.654009e+02 -7.101406e+01 2.398249e+03 -1.986213e+02 4.217462e+04 3.458868e+03 7.102346e+02 -4.026386e+04 1.977730e+02 2.016326e+02 -2.733382e+03 3.458825e+03 -9.629778e+02 1.353055e+02 3.247609e+04 2.912847e+01 -2.733317e+03 -3.100451e+04 -1.346050e+02
-1.010101e-04 -1.309806e+03 1.009206e+03 -5.401586e+01 -3.683498e+04 -1.056664e+02 -1.035143e+03 -3.516201e+04 -5.375883e+01 -5.529771e+01 3.683248e+04 1.008510e+03 6.867524e+02 3.516227e+04 -5.504300e+01 -7.190637e+01 7.969002e+02 -6.609774e+01 4.197506e+04 1.149339e+03 7.081396e+02 -4.007031e+04 6.581705e+01 2.023398e+02 -9.082598e+02 1.149324e+03 -9.600638e+02 4.502741e+01 3.232245e+04 2.767271e+01 -9.082382e+02 -3.085549e+04 -4.479553e+01
1.010101e-04 1.309806e+03 1.009206e+03 5.401586e+01 -3.683498e+04 -1.056664e+02 1.035143e+03 -3.516201e+04 5.375883e+01 5.529771e+01 3.683248e+04 -1.008510e+03 6.867524e+02 3.516227e+04 5.504300e+01 -7.190637e+01 -7.969002e+02 6.609774e+01 4.197506e+04 -1.149339e+03 7.081396e+02 -4.007031e+04 -6.581705e+01 2.023398e+02 9.082598e+02 -1.149324e+03 -9.600638e+02 -4.502741e+01 3.232245e+04 2.767271e+01 9.082382e+02 -3.085549e+04 4.479553e+01
3.030303e-04 3.941786e+03 1.012239e+03 1.623125e+02 -3.701007e+04 -1.043602e+02 3.115234e+03 -3.533185e+04 1.615359e+02 1.661705e+02 3.700759e+04 -3.035052e+03 6.888119e+02 3.533209e+04 1.654009e+02 -7.101406e+01 -2.398249e+03 1.986213e+02 4.217462e+04 -3.458868e+03 7.102346e+02 -4.026386e+04 -1.977730e+02 2.016326e+02 2.733382e+03 -3.458825e+03 -9.629778e+02 -1.353055e+02 3.247609e+04 2.912847e+01 2.733317e+03 -3.100451e+04 1.346050e+02
5.050505e-04 6.611163e+03 1.018349e+03 2.714086e+02 -3.736302e+04 -1.017211e+02 5.224975e+03 -3.567423e+04 2.700957e+02 2.778803e+02 3.736059e+04 -5.090391e+03 6.929602e+02 3.567442e+04 2.765789e+02 -6.921126e+01 -4.022422e+03 3.321349e+02 4.257690e+04 -5.801215e+03 7.144563e+02 -4.065403e+04 -3.306999e+02 2.001997e+02 4.584520e+03 -5.801143e+03 -9.688456e+02 -2.262571e+02 3.278581e+04 3.206569e+01 4.584411e+03 -3.130490e+04 2.250733e+02
7.070707e-04 9.343868e+03 1.027625e+03 3.818521e+02 -3.789948e+04 -9.769498e+01 7.384926e+03 -3.619462e+04 3.799745e+02 3.910012e+02 3.789710e+04 -7.194493e+03 6.992570e+02 3.619474e+04 3.891397e+02 -6.646095e+01 -5.685245e+03 4.673174e+02 4.318832e+04 -8.199131e+03 7.208686e+02 -4.124708e+04 -4.652634e+02 1.980039e+02 6.479709e+03 -8.199030e+03 -9.777483e+02 -3.183443e+02 3.325654e+04 3.653670e+01 6.479556e+03 -3.176148e+04 3.166523e+02
9.090909e-04 1.216737e+04 1.040200e+03 4.942146e+02 -3.862813e+04 -9.219791e+01 9.616871e+03 -3.690148e+04 4.917315e+02 5.061324e+02 3.862583e+04 -9.368513e+03 7.077943e+02 3.690151e+04 5.036699e+02 -6.270582e+01 -7.403490e+03 6.048772e+02 4.401879e+04 -1.067673e+04 7.295704e+02 -4.205263e+04 -6.021577e+02 1.949869e+02 8.438066e+03 -1.067660e+04 -9.898109e+02 -4.120489e+02 3.389592e+04 4.262237e+01 8.437868e+03 -3.238167e+04 4.098128e+02
1.111111e-03 1.511142e+04 1.056264e+03 6.091018e+02 -3.956103e+04 -8.511308e+01 1.194439e+04 -3.780654e+04 6.059586e+02 6.239096e+02 3.955884e+04 -1.163535e+04 7.186993e+02 3.780645e+04 6.207915e+02 -5.786611e+01 -9.195308e+03 7.455652e+02 4.508206e+04 -1.326010e+04 7.406990e+02 -4.308404e+04 -7.421180e+02 1.910679e+02 1.048028e+04 -1.325994e+04 -1.005206e+03 -5.078821e+02 3.471453e+04 5.043507e+01 1.048004e+04 -3.317575e+04 5.050539e+02
1.313131e-03 1.820884e+04 1.076063e+03 7.271651e+02 -4.071403e+04 -7.628610e+01 1.439353e+04 -3.892522e+04 7.232920e+02 7.450175e+02 4.071198e+04 -1.402029e+04 7.321394e+02 3.892497e+04 7.411737e+02 -5.183637e+01 -1.108074e+04 8.901897e+02 4.639619e+04 -1.597805e+04 7.544345e+02 -4.435890e+04 -8.859354e+02 1.861392e+02 1.262920e+04 -1.597786e+04 -1.024161e+03 -6.063938e+02 3.572629e+04 6.012299e+01 1.262890e+04 -3.415725e+04 6.029122e+02
1.515152e-03 2.149654e+04 1.099912e+03 8.491161e+02 -4.210739e+04 -6.551861e+01 1.699354e+04 -4.027721e+04 8.444257e+02 8.702049e+02 4.210550e+04 -1.655174e+04 7.483278e+02 4.027677e+04 8.655481e+02 -4.448114e+01 -1.308232e+04 1.039634e+03 4.798427e+04 -1.886298e+04 7.710070e+02 -4.589963e+04 -1.034473e+03 1.800625e+02 1.491049e+04 -1.886275e+04 -1.046965e+03 -7.081852e+02 3.694895e+04 7.187600e+01 1.491015e+04 -3.534346e+04 7.039736e+02
1.717172e-03 2.501668e+04 1.128205e+03 9.757423e+02 -4.376653e+04 -5.255972e+01 1.977789e+04 -4.188723e+04 9.701270e+02 1.000302e+03 4.376483e+04 -1.926218e+04 7.675319e+02 4.188657e+04 9.947247e+02 -3.562907e+01 -1.522580e+04 1.194877e+03 4.987527e+04 -2.195187e+04 7.907056e+02 -4.773443e+04 -1.188687e+03 1.726616e+02 1.735351e+04 -2.195162e+04 -1.073979e+03 -8.139227e+02 3.840483e+04 8.593349e+01 1.735312e+04 -3.675605e+04 8.088864e+02
1.919192e-03 2.881819e+04 1.161432e+03 1.107928e+03 -4.572311e+04 -3.709456e+01 2.278537e+04 -4.378608e+04 1.101256e+03 1.136244e+03 4.572163e+04 -2.218927e+04 7.900838e+02 4.378515e+04 1.129613e+03 -2.506513e+01 -1.754104e+04 1.357019e+03 5.210527e+04 -2.528767e+04 8.138901e+02 -4.989836e+04 -1.349650e+03 1.637146e+02 1.999231e+04 -2.528738e+04 -1.105652e+03 -9.243547e+02 4.012171e+04 1.025948e+02 1.999186e+04 -3.842205e+04 9.183781e+02
2.121212e-03 3.295863e+04 1.200200e+03 1.246677e+03 -4.801637e+04 -1.872912e+01 2.606165e+04 -4.601193e+04 1.238789e+03 1.279093e+03 4.801517e+04 -2.537735e+04 8.163949e+02 4.601069e+04 1.271249e+03 -1.252024e+01 -2.006321e+04 1.527310e+03 5.471901e+04 -2.892088e+04 8.410067e+02 -5.243495e+04 -1.518579e+03 1.529423e+02 2.286695e+04 -2.892056e+04 -1.142539e+03 -1.040333e+03 4.213404e+04 1.222332e+02 2.286644e+04 -4.037496e+04 1.033275e+03
2.323232e-03 3.750661e+04 1.245260e+03 1.393147e+03 -5.069502e+04 3.029990e+00 2.966118e+04 -4.861214e+04 1.383847e+03 1.430076e+03 5.069415e+04 -2.887924e+04 8.469740e+02 4.861053e+04 1.420824e+03 2.342536e+00 -2.283420e+04 1.707192e+03 5.777200e+04 -3.291172e+04 8.726090e+02 -5.539817e+04 -1.696877e+03 1.399933e+02 2.602520e+04 -3.291135e+04 -1.185326e+03 -1.162838e+03 4.448454e+04 1.453142e+02 2.602463e+04 -4.265633e+04 1.154528e+03
2.525253e-03 4.254496e+04 1.297544e+03 1.548684e+03 -5.381960e+04 2.880282e+01 3.364967e+04 -5.164561e+04 1.537735e+03 1.590626e+03 5.381911e+04 -3.275873e+04 8.824534e+02 5.164356e+04 1.579728e+03 1.994662e+01 -2.590461e+04 1.898345e+03 6.133323e+04 -3.733286e+04 9.093861e+02 -5.885511e+04 -1.886176e+03 1.244234e+02 2.952472e+04 -3.733246e+04 -1.234863e+03 -1.293016e+03 4.722634e+04 1.724201e+02 2.952408e+04 -4.531781e+04 1.283245e+03
2.727273e-03 4.817497e+04 1.358218e+03 1.714878e+03 -5.746577e+04 5.937302e+01 3.810750e+04 -5.518593e+04 1.701990e+03 1.762438e+03 5.746574e+04 -3.709379e+04 9.236214e+02 5.518337e+04 1.749602e+03 4.082715e+01 -2.933631e+04 2.102757e+03 6.548896e+04 -4.227318e+04 9.521998e+02 -6.288967e+04 -2.088403e+03 1.056680e+02 3.343602e+04 -4.227273e+04 -1.292206e+03 -1.432218e+03 5.042585e+04 2.042838e+02 3.343531e+04 -4.842400e+04 1.420731e+03
2.929293e-03 5.452198e+04 1.428742e+03 1.893628e+03 -6.172876e+04 9.573864e+01 4.313414e+04 -5.932572e+04 1.878444e+03 1.947540e+03 6.172927e+04 -4.198097e+04 9.714696e+02 5.932254e+04 1.932410e+03 6.566566e+01 -3.320587e+04 2.322801e+03 7.034771e+04 -4.784268e+04 1.002136e+03 -6.760737e+04 -2.305857e+03 8.300390e+01 3.784639e+04 -4.784219e+04 -1.358684e+03 -1.582063e+03 5.416661e+04 2.418345e+02 3.784561e+04 -5.205614e+04 1.568547e+03
3.131313e-03 6.174323e+04 1.510975e+03 2.087232e+03 -6.672945e+04 1.391830e+02 4.885440e+04 -6.418256e+04 2.069313e+03 2.148396e+03 6.673061e+04 -4.754132e+04 1.027256e+03 6.417866e+04 2.130531e+03 9.533843e+01 -3.760937e+04 2.561358e+03 7.604727e+04 -5.417933e+04 1.060577e+03 -7.314222e+04 -2.541322e+03 5.549558e+01 4.286533e+04 -5.417879e+04 -1.435977e+03 -1.744511e+03 5.855471e+04 2.862615e+02 4.286446e+04 -5.631739e+04 1.728580e+03
3.333333e-03 7.003866e+04 1.607296e+03 2.298512e+03 -7.262297e+04 1.913750e+02 5.542698e+04 -6.990731e+04 2.277309e+03 2.368038e+03 7.262490e+04 -5.392882e+04 1.092593e+03 6.990254e+04 2.346888e+03 1.309851e+02 -4.266897e+04 2.821967e+03 8.276443e+04 -6.145858e+04 1.129301e+03 -7.966613e+04 -2.798215e+03 2.191940e+01 4.863207e+04 -6.145800e+04 -1.526236e+03 -1.921974e+03 6.372627e+04 3.391043e+02 4.863110e+04 -6.134012e+04 1.903145e+03
3.535354e-03 7.966636e+04 1.720803e+03 2.530986e+03 -7.961082e+04 2.545145e+02 6.305675e+04 -7.669595e+04 2.505810e+03 2.610258e+03 7.961370e+04 -6.134220e+04 1.169579e+03 7.669014e+04 2.585132e+03 1.741076e+02 -4.854236e+04 3.109048e+03 9.072887e+04 -6.990692e+04 1.210624e+03 -8.740244e+04 -3.080794e+03 -1.934686e+01 5.532636e+04 -6.990627e+04 -1.632251e+03 -2.117464e+03 6.985811e+04 4.023825e+02 5.532529e+04 -6.729627e+04 2.095131e+03
3.737374e-03 9.096494e+04 1.855585e+03 2.789114e+03 -8.795870e+04 3.315462e+02 7.201254e+04 -8.480683e+04 2.759089e+03 2.879877e+03 8.796271e+04 -7.004219e+04 1.260986e+03 8.479976e+04 2.849897e+03 2.267166e+02 -5.543649e+04 3.428212e+03 1.002434e+05 -7.982147e+04 1.307618e+03 -9.664557e+04 -3.394456e+03 -7.048721e+01 6.318406e+04 -7.982076e+04 -1.757698e+03 -2.334803e+03 7.718338e+04 4.787875e+02 6.318287e+04 -7.441252e+04 2.308197e+03
3.939394e-03 1.043870e+05 2.017144e+03 3.078657e+03 -9.802288e+04 4.264848e+02 8.265363e+04 -9.458638e+04 3.042654e+03 3.183146e+03 9.802829e+04 -8.037728e+04 1.370539e+03 9.457777e+04 3.147180e+03 2.915530e+02 -6.362793e+04 3.786721e+03 1.117141e+05 -9.159937e+04 1.424423e+03 -1.077903e+05 -3.746178e+03 -1.344957e+02 7.252041e+04 -9.159859e+04 -1.907509e+03 -2.578942e+03 8.601473e+04 5.719714e+02 7.251907e+04 -8.299278e+04 2.547070e+03
4.141414e-03 1.205500e+05 2.213041e+03 3.407230e+03 -1.102908e+05 5.449212e+02 9.547040e+04 -1.065084e+05 3.363771e+03 3.528352e+03 1.102980e+05 -9.282305e+04 1.503361e+03 1.064979e+05 3.484918e+03 3.724337e+02 -7.349415e+04 4.194187e+03 1.256966e+05 -1.057826e+05 1.566749e+03 -1.213766e+05 -4.145172e+03 -2.155643e+02 8.376563e+04 -1.057817e+05 -2.088450e+03 -2.856431e+03 9.677989e+04 6.869979e+02 8.376414e+04 -9.345282e+04 2.817994e+03
4.343434e-03 1.403178e+05 2.453940e+03 3.785147e+03 -1.254454e+05 6.948403e+02 1.111486e+05 -1.212367e+05 3.732266e+03 3.926764e+03 1.254547e+05 -1.080445e+05 1.666676e+03 1.212238e+05 3.873889e+03 4.748098e+02 -8.556302e+04 4.663656e+03 1.429692e+05 -1.231289e+05 1.742669e+03 -1.381607e+05 -4.603926e+03 -3.197116e+02 9.752140e+04 -1.231280e+05 -2.310036e+03 -3.176164e+03 1.100781e+05 8.310673e+02 9.751971e+04 -1.063749e+05 3.129433e+03
4.545455e-03 1.649332e+05 2.755348e+03 4.226828e+03 -1.444706e+05 8.879979e+02 1.306752e+05 -1.397271e+05 4.161844e+03 4.394195e+03 1.444827e+05 -1.269988e+05 1.870989e+03 1.397112e+05 4.329192e+03 6.067058e+02 -1.005943e+05 5.213402e+03 1.646534e+05 -1.447292e+05 1.963960e+03 -1.592322e+05 -5.139902e+03 -4.558421e+02 1.146536e+05 -1.447281e+05 -2.586070e+03 -3.550601e+03 1.267728e+05 1.014735e+03 1.146517e+05 -1.225977e+05 3.493219e+03
4.747475e-03 1.962486e+05 3.140694e+03 4.753201e+03 -1.688346e+05 1.142356e+03 1.555212e+05 -1.634055e+05 4.672369e+03 4.953687e+03 1.688504e+05 -1.511123e+05 2.132168e+03 1.633856e+05 4.872796e+03 7.803815e+02 -1.197203e+05 5.869999e+03 1.924226e+05 -1.722088e+05 2.248457e+03 -1.862158e+05 -5.778458e+03 -6.376252e+02 1.364530e+05 -1.722076e+05 -2.937358e+03 -3.997863e+03 1.481524e+05 1.254064e+03 1.364508e+05 -1.433723e+05 3.926535e+03
4.949495e-03 2.371479e+05 3.647083e+03 5.396127e+03 -2.008246e+05 1.486667e+03 1.879769e+05 -1.944917e+05 5.294028e+03 5.640463e+03 2.008453e+05 -1.826057e+05 2.475353e+03 1.944665e+05 5.538249e+03 1.015461e+03 -1.447040e+05 6.673990e+03 2.288837e+05 -2.080984e+05 2.624494e+03 -2.216413e+05 -6.558229e+03 -8.870408e+02 1.649288e+05 -2.080971e+05 -3.396775e+03 -4.545597e+03 1.762239e+05 1.574669e+03 1.649263e+05 -1.706462e+05 4.455559e+03
5.151515e-03 2.923811e+05 4.337042e+03 6.207216e+03 -2.442108e+05 1.969840e+03 2.318144e+05 -2.366422e+05 6.075669e+03 6.511822e+03 2.442382e+05 -2.251366e+05 2.942899e+03 2.366098e+05 6.380075e+03 1.345319e+03 -1.784490e+05 7.691191e+03 2.783338e+05 -2.565662e+05 3.139934e+03 -2.696753e+05 -7.541881e+03 -1.241626e+03 2.033908e+05 -2.565647e+05 -4.019596e+03 -5.238691e+03 2.142957e+05 2.019962e+03 2.033877e+05 -2.076274e+05 5.122747e+03
5.353535e-03 3.703967e+05 5.325141e+03 7.277482e+03 -3.057035e+05 2.682203e+03 2.937434e+05 -2.963582e+05 7.103386e+03 7.669238e+03 3.057406e+05 -2.852107e+05 3.612429e+03 2.963154e+05 7.494808e+03 1.831586e+03 -2.261203e+05 9.037926e+03 3.484212e+05 -3.250259e+05 3.882695e+03 -3.377267e+05 -8.840126e+03 -1.770964e+03 2.577256e+05 -3.250241e+05 -4.906897e+03 -6.156485e+03 2.682562e+05 2.669856e+03 2.577218e+05 -2.600199e+05 6.003111e+03
5.555556e-03 4.880057e+05 6.848492e+03 8.788573e+03 -3.986661e+05 3.811824e+03 3.871148e+05 -3.865687e+05 8.549047e+03 9.316059e+03 3.987181e+05 -3.757730e+05 4.644606e+03 3.865101e+05 9.075977e+03 2.602557e+03 -2.979949e+05 1.094685e+04 4.543771e+05 -4.282295e+05 5.035140e+03 -4.405291e+05 -1.067446e+04 -2.620386e+03 3.396470e+05 -4.282273e+05 -6.267470e+03 -7.457665e+03 3.498319e+05 3.690251e+03 3.396422e+05 -3.391671e+05 7.246729e+03
5.757576e-03 6.853969e+05 9.504148e+03 1.118310e+04 -5.550766e+05 5.833934e+03 5.438444e+05 -5.381538e+05 1.083201e+04 1.194962e+04 5.551538e+05 -5.277702e+05 6.444055e+03 5.380682e+05 1.159756e+04 3.982355e+03 -4.186406e+05 1.398600e+04 6.326490e+05 -6.014433e+05 7.057366e+03 -6.132726e+05 -1.358641e+04 -4.158079e+03 4.771570e+05 -6.014405e+05 -8.626248e+03 -9.529644e+03 4.870840e+05 5.499339e+03 4.771504e+05 -4.721616e+05 9.220549e+03
5.959596e-03 1.101800e+06 1.550906e+04 1.605999e+04 -8.858687e+05 1.051356e+04 8.744935e+05 -8.579478e+05 1.547157e+04 1.737202e+04 8.859993e+05 -8.484138e+05 1.051355e+04 8.578050e+05 1.678167e+04 7.174451e+03 -6.731642e+05 2.021086e+04 1.009676e+06 -9.668440e+05 1.166047e+04 -9.777036e+05 -1.954062e+04 -7.753953e+03 7.672590e+05 -9.668398e+05 -1.393007e+04 -1.377408e+04 7.773583e+05 9.647466e+03 7.672484e+05 -7.527357e+05 1.325613e+04
6.161616e-03 7.146993e+06 1.223283e+05 9.212748e+04 -5.712738e+06 9.491922e+04 5.674123e+06 -5.485335e+06 8.817439e+04 1.031915e+05 5.713618e+06 -5.503395e+06 8.294806e+04 5.484370e+06 9.922000e+04 6.470565e+04 -4.367794e+06 1.180655e+05 6.511164e+06 -6.271597e+06 9.416324e+04 -6.250983e+06 -1.135582e+05 -7.327448e+04 4.978335e+06 -6.271565e+06 -1.077078e+05 -8.048111e+04 5.012991e+06 8.375416e+04 4.978252e+06 -4.812620e+06 7.699977e+04
6.363636e-03 3.939130e+06 4.967390e+04 4.255410e+04 -3.134692e+06 3.820510e+04 3.128314e+06 -3.046014e+06 4.026010e+04 4.702866e+04 3.135206e+06 -3.033255e+06 3.364607e+04 3.045470e+06 4.472598e+04 2.607654e+04 -2.408070e+06 5.413349e+04 3.572831e+06 -3.456650e+06 3.792502e+04 -3.471177e+06 -5.151730e+04 -2.917891e+04 2.744683e+06 -3.456638e+06 -4.400711e+04 -3.692567e+04 2.750734e+06 3.406221e+04 2.744653e+06 -2.672450e+06 3.490744e+04
6.565657e-03 6.263676e+06 6.404020e+04 5.509614e+04 -4.964523e+06 5.085475e+04 4.975936e+06 -4.852389e+06 5.127990e+04 6.095826e+04 4.965380e+06 -4.823250e+06 4.332954e+04 4.851500e+06 5.712916e+04 3.474618e+04 -3.830275e+06 7.009985e+04 5.658454e+06 -5.496486e+06 4.888843e+04 -5.529677e+06 -6.574667e+04 -3.897218e+04 4.365702e+06 -5.496472e+06 -5.668546e+04 -4.786030e+04 4.356445e+06 4.524870e+04 4.365669e+06 -4.257278e+06 4.450463e+04
6.767677e-03 1.926871e+07 1.602258e+05 1.306151e+05 -1.522068e+07 1.342047e+05 1.531214e+07 -1.494246e+07 1.183750e+05 1.456761e+05 1.522342e+07 -1.483763e+07 1.082599e+05 1.493967e+07 1.333994e+05 9.179870e+04 -1.178659e+07 1.667709e+05 1.734830e+07 -1.690866e+07 1.227819e+05 -1.702807e+07 -1.528067e+05 -1.038768e+05 1.343424e+07 -1.690861e+07 -1.411898e+05 -1.140307e+05 1.335640e+07 1.184994e+05 1.343418e+07 -1.310985e+07 1.032723e+05
6.969697e-03 -5.129082e+07 -3.244538e+05 -2.430042e+05 4.039940e+07 -2.926090e+05 -4.077253e+07 3.983553e+07 -2.087339e+05 -2.746477e+05 -4.040726e+07 3.949634e+07 -2.187146e+05 -3.982759e+07 -2.402890e+05 -2.005241e+05 3.138441e+07 -3.120234e+05 -4.604685e+07 4.500879e+07 -2.499817e+05 4.539551e+07 2.729276e+05 2.295003e+05 -3.577196e+07 4.500897e+07 2.839748e+05 2.139787e+05 -3.545149e+07 -2.557770e+05 -3.577164e+07 3.494956e+07 -1.838662e+05
7.171717e-03 -2.472625e+07 -9.638429e+04 -6.605000e+04 1.942396e+07 -9.821428e+04 -1.966212e+07 1.925270e+07 -4.889042e+04 -7.604933e+04 -1.942783e+07 1.904041e+07 -6.460664e+04 -1.924882e+07 -5.885976e+04 -6.759221e+04 1.513473e+07 -8.534975e+04 -2.213936e+07 2.169787e+07 -7.464475e+04 2.193981e+07 6.577843e+04 7.833132e+04 -1.725057e+07 2.169789e+07 8.355833e+04 5.897214e+04 -1.704501e+07 -8.487854e+04 -1.725050e+07 1.689129e+07 -4.390214e+04
7.373737e-03 -1.292858e+08 -4.235274e+04 -7.988371e+04 1.012363e+08 -1.391436e+05 -1.028423e+08 1.010985e+08 1.357870e+04 -8.922240e+04 -1.012572e+08 9.955686e+07 -2.397815e+04 -1.010777e+08 4.270423e+03 -9.930688e+04 7.916129e+07 -9.867265e+04 -1.153893e+08 1.134517e+08 -2.966852e+04 1.152086e+08 -7.860340e+03 1.161308e+05 -9.022827e+07 1.134518e+08 3.482133e+04 7.241196e+04 -8.883758e+07 -1.191370e+05 -9.022814e+07 8.869827e+07 9.609488e+03
7.575758e-03 1.416874e+07 -1.839584e+03 -2.316555e+04 -1.110381e+07 1.800406e+04 1.127468e+07 -1.109262e+07 -3.382188e+04 -2.234401e+04 1.110617e+07 -1.091073e+07 -1.801331e+03 1.109026e+07 -3.300338e+04 1.278038e+04 -8.678448e+06 -2.798065e+04 1.265619e+07 -1.243348e+07 -7.083976e+01 -1.264074e+07 4.012740e+04 -1.703631e+04 9.891749e+06 -1.243347e+07 3.596572e+03 1.838928e+04 9.743909e+06 1.332708e+04 9.891753e+06 -9.732024e+06 -2.774137e+04
7.777778e-03 5.687953e+06 4.642804e+03 -2.265550e+04 -4.468828e+06 1.617023e+04 4.527773e+06 -4.452782e+06 -2.710064e+04 -2.159308e+04 4.469803e+06 -4.380070e+06 2.920259e+03 4.451808e+06 -2.604238e+04 1.121449e+04 -3.485132e+06 -2.697179e+04 5.093613e+06 -4.991357e+06 5.196338e+03 -5.074215e+06 3.204012e+04 -1.509576e+04 3.972391e+06 -4.991355e+06 -2.205302e+03 1.805961e+04 3.921536e+06 1.187390e+04 3.972391e+06 -3.906602e+06 -2.196238e+04
7.979798e-03 3.572038e+06 8.269506e+03 -2.270997e+04 -2.814692e+06 1.763546e+04 2.844482e+06 -2.794664e+06 -2.560635e+04 -2.138316e+04 2.815323e+06 -2.750704e+06 5.461861e+03 2.794036e+06 -2.428506e+04 1.212888e+04 -2.189448e+06 -2.681773e+04 3.208221e+06 -3.134584e+06 8.166324e+03 -3.184680e+06 3.012147e+04 -1.621508e+04 2.495566e+06 -3.134585e+06 -5.314148e+03 1.804182e+04 2.469988e+06 1.308233e+04 2.495565e+06 -2.451862e+06 -2.058646e+04
8.181818e-03 2.879215e+06 1.308142e+04 -2.515389e+04 -2.275926e+06 2.223853e+04 2.293623e+06 -2.248966e+06 -2.757152e+04 -2.333865e+04 2.276450e+06 -2.217199e+06 8.751961e+03 2.248448e+06 -2.576426e+04 1.522907e+04 -1.765431e+06 -2.946475e+04 2.594135e+06 -2.526616e+06 1.225319e+04 -2.562819e+06 3.222391e+04 -2.014878e+04 2.012272e+06 -2.526619e+06 -9.199073e+03 1.986407e+04 1.997210e+06 1.672081e+04 2.012270e+06 -1.973095e+06 -2.199006e+04
8.383838e-03 2.948871e+06 2.251661e+04 -3.270876e+04 -2.338262e+06 3.341423e+04 2.349993e+06 -2.296330e+06 -3.526697e+04 -2.982459e+04 2.338817e+06 -2.270856e+06 1.514660e+04 2.295788e+06 -3.239618e+04 2.282369e+04 -1.808810e+06 -3.797616e+04 2.665195e+06 -2.587749e+06 2.043587e+04 -2.616785e+06 4.089795e+04 -2.988147e+04 2.061722e+06 -2.587756e+06 -1.658294e+04 2.563100e+04 2.051922e+06 2.544968e+04 2.061720e+06 -2.014644e+06 -2.788341e+04
8.585859e-03 4.912103e+06 5.794132e+04 -6.577269e+04 -3.905931e+06 7.836927e+04 3.915997e+06 -3.805761e+06 -7.016257e+04 -5.872056e+04 3.906887e+06 -3.782722e+06 3.908672e+04 3.804842e+06 -6.314483e+04 5.343963e+04 -3.014166e+06 -7.558044e+04 4.452064e+06 -4.310572e+06 5.144369e+04 -4.336846e+06 8.059942e+04 -6.927566e+04 3.435620e+06 -4.310593e+06 -4.394176e+04 5.104511e+04 3.427632e+06 6.039371e+04 3.435616e+06 -3.338906e+06 -5.491656e+04
8.787879e-03 1.327885e+06 1.290194e+04 -2.120795e+04 -1.059034e+06 1.921341e+04 1.059033e+06 -1.036156e+06 -2.244101e+04 -1.955095e+04 1.059299e+06 -1.022586e+06 8.687682e+03 1.035901e+06 -2.079260e+04 1.310917e+04 -8.151364e+05 -2.473900e+04 1.207112e+06 -1.165277e+06 1.187355e+04 -1.180746e+06 2.614780e+04 -1.732047e+04 9.291164e+05 -1.165283e+06 -9.348014e+03 1.671667e+04 9.293539e+05 1.447871e+04 9.291160e+05 -9.090493e+05 -1.780398e+04
8.989899e-03 7.763208e+05 6.675324e+03 -1.442876e+04 -6.213407e+05 1.080430e+04 6.193940e+05 -6.092609e+05 -1.517675e+04 -1.352950e+04 6.214994e+05 -5.978379e+05 4.487771e+03 6.091084e+05 -1.428244e+04 7.374204e+03 -4.767427e+05 -1.696707e+04 7.082206e+05 -6.812576e+05 6.365948e+03 -6.942779e+05 1.782126e+04 -9.906132e+03 5.434077e+05 -6.812614e+05 -4.605681e+03 1.146857e+04 5.452588e+05 7.978433e+03 5.434081e+05 -5.345216e+05 -1.212826e+04
9.191919e-03 5.427637e+05 4.318431e+03 -1.152781e+04 -4.361163e+05 7.501303e+03 4.332277e+05 -4.281858e+05 -1.206980e+04 -1.092149e+04 4.362300e+05 -4.179803e+05 2.899267e+03 4.280767e+05 -1.146702e+04 5.120745e+03 -3.334490e+05 -1.362265e+04 4.970979e+05 -4.763020e+05 4.261306e+03 -4.879339e+05 1.424135e+04 -6.978834e+03 3.800784e+05 -4.763048e+05 -2.831948e+03 9.209704e+03 3.827162e+05 5.439288e+03 3.800789e+05 -3.756591e+05 -9.687890e+03
9.393939e-03 4.090993e+05 3.064968e+03 -9.793629e+03 -3.301128e+05 5.681878e+03 3.266757e+05 -3.244129e+05 -1.021672e+04 -9.346323e+03 3.302006e+05 -3.150480e+05 2.055005e+03 3.243288e+05 -9.772167e+03 3.879164e+03 -2.514354e+05 -1.161390e+04 3.762729e+05 -3.590062e+05 3.130717e+03 -3.696796e+05 1.209669e+04 -5.358108e+03 2.865972e+05 -3.590084e+05 -1.900535e+03 7.852511e+03 2.896935e+05 4.048548e+03 2.865979e+05 -2.846162e+05 -8.225954e+03
9.595960e-03 3.223540e+05 2.294909e+03 -8.603422e+03 -2.612952e+05 4.525183e+03 2.575176e+05 -2.569775e+05 -8.948491e+03 -8.255787e+03 2.613660e+05 -2.482470e+05 1.536640e+03 2.569097e+05 -8.603109e+03 3.089709e+03 -1.982041e+05 -1.022975e+04 2.978329e+05 -2.828836e+05 2.428861e+03 -2.928337e+05 1.062334e+04 -4.322574e+03 2.259229e+05 -2.828855e+05 -1.335958e+03 6.916974e+03 2.293029e+05 3.169409e+03 2.259236e+05 -2.254532e+05 -7.221699e+03
9.797980e-03 2.618260e+05 1.780842e+03 -7.721055e+03 -2.132479e+05 3.726551e+03 2.092550e+05 -2.098599e+05 -8.011003e+03 -7.441301e+03 2.133068e+05 -2.016354e+05 1.190787e+03 2.098037e+05 -7.733155e+03 2.544575e+03 -1.610563e+05 -9.200130e+03 2.430675e+05 -2.297678e+05 1.955256e+03 -2.391411e+05 9.530699e+03 -3.604116e+03 1.835808e+05 -2.297695e+05 -9.643515e+02 6.220808e+03 1.871393e+05 2.565824e+03 1.835815e+05 -1.841156e+05 -6.476994e+03
1.000000e-02 2.174954e+05 1.418228e+03 -7.033630e+03 -1.780299e+05 3.144135e+03 1.739022e+05 -1.753021e+05 -7.282672e+03 -6.802720e+03 1.780799e+05 -1.674971e+05 9.469590e+02 1.752544e+05 -7.053415e+03 2.146994e+03 -1.338453e+05 -8.395666e+03 2.029251e+05 -1.908658e+05 1.617474e+03 -1.997609e+05 8.679465e+03 -3.077701e+03 1.525649e+05 -1.908673e+05 -7.060854e+02 5.676687e+03 1.562338e+05 2.128079e+03 1.525657e+05 -1.537972e+05 -5.896858e+03
