-1.000000e-02 -7.380919e+04 -2.280071e+03 2.613604e+03 -2.592905e+04 3.426079e+03 -2.634290e+03 -2.161915e+04 3.198415e+03 2.566658e+03 2.601171e+04 5.688061e+04 -1.576823e+03 2.153664e+04 3.155827e+03 2.353946e+03 1.974279e+03 3.182259e+03 2.963926e+04 6.479634e+04 -1.648566e+03 -2.463385e+04 -3.843251e+03 -3.124749e+03 -2.284326e+03 6.479253e+04 2.149355e+03 -2.095179e+03 2.275623e+04 2.564397e+03 -2.279219e+03 -1.890174e+04 2.617055e+03
-9.797980e-03 -7.868357e+04 -2.364336e+03 2.663505e+03 -2.721900e+04 3.587541e+03 -2.731000e+03 -2.251804e+04 3.272107e+03 2.613606e+03 2.730532e+04 6.063489e+04 -1.634945e+03 2.243183e+04 3.226713e+03 2.464522e+03 2.047312e+03 3.242207e+03 3.111342e+04 6.907429e+04 -1.713853e+03 -2.565819e+04 -3.930565e+03 -3.266073e+03 -2.368538e+03 6.907022e+04 2.224256e+03 -2.134003e+03 2.388816e+04 2.690776e+03 -2.363051e+03 -1.968726e+04 2.676700e+03
-9.595960e-03 -8.401641e+04 -2.453417e+03 2.715514e+03 -2.861421e+04 3.761794e+03 -2.835088e+03 -2.347595e+04 3.349860e+03 2.662382e+03 2.870445e+04 6.474222e+04 -1.696405e+03 2.338577e+04 3.301392e+03 2.583855e+03 2.125947e+03 3.304669e+03 3.270783e+04 7.375458e+04 -1.782862e+03 -2.674979e+04 -4.022626e+03 -3.418604e+03 -2.459196e+03 7.375022e+04 2.303465e+03 -2.174345e+03 2.511246e+04 2.827153e+03 -2.453292e+03 -2.052434e+04 2.739584e+03
-9.393939e-03 -8.986513e+04 -2.547672e+03 2.769784e+03 -3.012708e+04 3.950312e+03 -2.947406e+03 -2.449839e+04 3.432059e+03 2.713104e+03 3.022153e+04 6.924683e+04 -1.761452e+03 2.440393e+04 3.380215e+03 2.712955e+03 2.210830e+03 3.369825e+03 3.443666e+04 7.888759e+04 -1.855869e+03 -2.791494e+04 -4.119877e+03 -3.583632e+03 -2.557049e+03 7.888291e+04 2.387305e+03 -2.216304e+03 2.644000e+04 2.974679e+03 -2.550683e+03 -2.141777e+04 2.806009e+03
-9.191919e-03 -9.629642e+04 -2.647494e+03 2.826489e+03 -3.177200e+04 4.154799e+03 -3.068940e+03 -2.559158e+04 3.519145e+03 2.765904e+03 3.187101e+04 7.420006e+04 -1.830362e+03 2.549250e+04 3.463583e+03 2.852986e+03 2.302714e+03 3.437879e+03 3.631637e+04 8.453184e+04 -1.933174e+03 -2.916071e+04 -4.222828e+03 -3.762652e+03 -2.662957e+03 8.452681e+04 2.476133e+03 -2.259992e+03 2.788342e+04 3.134684e+03 -2.656082e+03 -2.237298e+04 2.876324e+03
-8.989899e-03 -1.033881e+05 -2.753309e+03 2.885823e+03 -3.356577e+04 4.377236e+03 -3.200839e+03 -2.676254e+04 3.611628e+03 2.820927e+03 3.366968e+04 7.966184e+04 -1.903432e+03 2.665847e+04 3.551957e+03 3.005305e+03 2.402470e+03 3.509058e+03 3.836611e+04 9.075563e+04 -2.015106e+03 -3.049511e+04 -4.332064e+03 -3.957402e+03 -2.777927e+03 9.075021e+04 2.570334e+03 -2.305533e+03 2.945745e+04 3.308715e+03 -2.770486e+03 -2.339612e+04 2.950927e+03
-8.787879e-03 -1.112315e+05 -2.865581e+03 2.948011e+03 -3.552806e+04 4.619946e+03 -3.344443e+03 -2.801929e+04 3.710095e+03 2.878339e+03 3.563729e+04 8.570250e+04 -1.980990e+03 2.790980e+04 3.645870e+03 3.171502e+03 2.511121e+03 3.583622e+03 4.060837e+04 9.763911e+04 -2.102019e+03 -3.192728e+04 -4.448264e+03 -4.169917e+03 -2.903133e+03 9.763326e+04 2.670334e+03 -2.353068e+03 3.117935e+04 3.498583e+03 -2.895063e+03 -2.449415e+04 3.030283e+03
-8.585859e-03 -1.199345e+05 -2.984818e+03 3.013309e+03 -3.768211e+04 4.885663e+03 -3.501336e+03 -2.937097e+04 3.815235e+03 2.938329e+03 3.779712e+04 9.240508e+04 -2.063392e+03 2.925557e+04 3.745945e+03 3.353447e+03 2.629871e+03 3.661871e+03 4.306969e+04 1.052769e+05 -2.194304e+03 -3.346763e+04 -4.572219e+03 -4.402595e+03 -3.039959e+03 1.052706e+05 2.776596e+03 -2.402756e+03 3.306953e+04 3.706425e+03 -3.031187e+03 -2.567506e+04 3.114930e+03
-8.383838e-03 -1.296251e+05 -3.111573e+03 3.082016e+03 -4.005557e+04 5.177636e+03 -3.673390e+03 -3.082810e+04 3.927860e+03 3.001112e+03 4.017687e+04 9.986826e+04 -2.151030e+03 3.070627e+04 3.852912e+03 3.553362e+03 2.760144e+03 3.744150e+03 4.578164e+04 1.137815e+05 -2.292381e+03 -3.512816e+04 -4.704861e+03 -4.658284e+03 -3.190047e+03 1.137746e+05 2.889626e+03 -2.454783e+03 3.515223e+04 3.934773e+03 -3.180487e+03 -2.694803e+04 3.205505e+03
-8.181818e-03 -1.404569e+05 -3.246447e+03 3.154483e+03 -4.268159e+04 5.499751e+03 -3.862845e+03 -3.240288e+04 4.048931e+03 3.066940e+03 4.280977e+04 1.082102e+05 -2.244329e+03 3.227399e+04 3.967639e+03 3.773908e+03 2.903647e+03 3.830868e+03 4.878208e+04 1.232875e+05 -2.396711e+03 -3.692277e+04 -4.847297e+03 -4.940394e+03 -3.355356e+03 1.232800e+05 3.009981e+03 -2.509365e+03 3.745655e+04 4.186662e+03 -3.344912e+03 -2.832370e+04 3.302763e+03
-7.979798e-03 -1.526149e+05 -3.390096e+03 3.231129e+03 -4.560024e+04 5.856705e+03 -4.072401e+03 -3.410953e+04 4.179606e+03 3.136111e+03 4.573598e+04 1.175733e+05 -2.343755e+03 3.397287e+04 4.091166e+03 4.018297e+03 3.062434e+03 3.922507e+03 5.211679e+04 1.339573e+05 -2.507792e+03 -3.886765e+04 -5.000852e+03 -5.253042e+03 -3.538251e+03 1.339491e+05 3.138269e+03 -2.566757e+03 4.001765e+04 4.465753e+03 -3.526806e+03 -2.981446e+04 3.407609e+03
-7.777778e-03 -1.663245e+05 -3.543231e+03 3.312457e+03 -4.886050e+04 6.254225e+03 -4.305342e+03 -3.596476e+04 4.321285e+03 3.208980e+03 4.900457e+04 1.281314e+05 -2.449817e+03 3.581952e+04 4.224751e+03 4.290447e+03 3.239004e+03 4.019649e+03 5.584167e+04 1.459887e+05 -2.626162e+03 -4.098186e+04 -5.167134e+03 -5.601253e+03 -3.741607e+03 1.459798e+05 3.275153e+03 -2.627266e+03 4.287850e+04 4.776516e+03 -3.729025e+03 -3.143488e+04 3.521140e+03
-7.575758e-03 -1.818631e+05 -3.706621e+03 3.399087e+03 -5.252283e+04 6.699379e+03 -4.565704e+03 -3.798843e+04 4.475693e+03 3.285981e+03 5.267613e+04 1.400977e+05 -2.563069e+03 3.783366e+04 4.369939e+03 4.595193e+03 3.436431e+03 4.123008e+03 6.002579e+04 1.596251e+05 -2.752402e+03 -4.328802e+04 -5.348118e+03 -5.991227e+03 -3.968959e+03 1.596153e+05 3.421359e+03 -2.691266e+03 4.609218e+04 5.124463e+03 -3.955079e+03 -3.320228e+04 3.644703e+03
-7.373737e-03 -1.995755e+05 -3.881092e+03 3.491790e+03 -5.666287e+04 7.201003e+03 -4.858515e+03 -4.020438e+04 4.644974e+03 3.367652e+03 5.682645e+04 1.537381e+05 -2.684109e+03 4.003897e+04 4.528650e+03 4.938579e+03 3.658541e+03 4.233469e+03 6.475551e+04 1.751693e+05 -2.887132e+03 -4.581331e+04 -5.546261e+03 -6.430713e+03 -4.224709e+03 1.751584e+05 3.577676e+03 -2.759225e+03 4.972503e+04 5.516483e+03 -4.209337e+03 -3.513743e+04 3.779975e+03
-7.171717e-03 -2.198970e+05 -4.067523e+03 3.591549e+03 -6.137657e+04 7.770299e+03 -5.190117e+03 -4.264162e+04 4.831843e+03 3.454676e+03 6.155167e+04 1.693876e+05 -2.813583e+03 4.246424e+04 4.703312e+03 5.328268e+03 3.910162e+03 4.352161e+03 7.014040e+04 1.930030e+05 -3.031005e+03 -4.859077e+04 -5.764668e+03 -6.929538e+03 -4.514411e+03 1.929909e+05 3.744955e+03 -2.831736e+03 5.386126e+04 5.961312e+03 -4.497311e+03 -3.726558e+04 3.929077e+03
-6.969697e-03 -2.433844e+05 -4.266834e+03 3.699640e+03 -6.678766e+04 8.421718e+03 -5.568644e+03 -4.533592e+04 5.039796e+03 3.547943e+03 6.697576e+04 1.874751e+05 -2.952177e+03 4.514499e+04 4.897049e+03 5.774143e+03 4.197486e+03 4.480545e+03 7.632174e+04 2.136151e+05 -3.184698e+03 -5.166119e+04 -6.007342e+03 -7.500381e+03 -4.845190e+03 2.136016e+05 3.924111e+03 -2.909572e+03 5.860945e+04 6.470217e+03 -4.826074e+03 -3.961793e+04 4.094738e+03
-6.767677e-03 -2.707642e+05 -4.479964e+03 3.817765e+03 -7.305879e+04 9.174266e+03 -6.004727e+03 -4.833230e+04 5.273436e+03 3.648641e+03 7.326172e+04 2.085598e+05 -3.100608e+03 4.812587e+04 5.113966e+03 6.289203e+03 4.528604e+03 4.620569e+03 8.348527e+04 2.376428e+05 -3.348886e+03 -5.507584e+04 -6.279541e+03 -8.159916e+03 -5.226355e+03 2.376277e+05 4.116110e+03 -2.993771e+03 6.411231e+04 7.058015e+03 -5.204862e+03 -4.223365e+04 4.280549e+03
-6.565657e-03 -3.030036e+05 -4.707823e+03 3.948258e+03 -8.040873e+04 1.005353e+04 -6.512568e+03 -5.168853e+04 5.538964e+03 3.758405e+03 8.062870e+04 2.333866e+05 -3.259603e+03 5.146421e+04 5.359595e+03 6.890949e+03 4.914326e+03 4.774902e+03 9.188075e+04 2.659352e+05 -3.524205e+03 -5.890058e+04 -6.588357e+03 -8.930595e+03 -5.670345e+03 2.659182e+05 4.321942e+03 -3.085760e+03 7.056182e+04 7.744651e+03 -5.646018e+03 -4.516305e+04 4.491346e+03
-6.363636e-03 -3.414250e+05 -4.951206e+03 4.094428e+03 -8.913975e+04 1.109494e+04 -7.111659e+03 -5.548083e+04 5.844988e+03 3.879570e+03 8.937956e+04 2.629739e+05 -3.429846e+03 5.523560e+04 5.641605e+03 7.603602e+03 5.369486e+03 4.947322e+03 1.018533e+05 2.996526e+05 -3.711164e+03 -6.322225e+04 -6.943624e+03 -9.843495e+03 -6.194232e+03 2.996332e+05 4.542576e+03 -3.187584e+03 7.822320e+04 8.557733e+03 -6.166478e+03 -4.847245e+04 4.733844e+03
-6.161616e-03 -3.878949e+05 -5.210630e+03 4.261151e+03 -9.968377e+04 1.234921e+04 -7.829647e+03 -5.981307e+04 6.203888e+03 4.015603e+03 9.994705e+04 2.987590e+05 -3.611895e+03 5.954299e+04 5.971021e+03 8.461854e+03 5.915122e+03 5.143394e+03 1.138962e+05 3.404331e+05 -3.910007e+03 -6.815922e+04 -7.359484e+03 -1.094313e+04 -6.822231e+03 3.404108e+05 4.778859e+03 -3.302277e+03 8.747547e+04 9.536796e+03 -6.790264e+03 -5.225221e+04 5.017692e+03
-5.959596e-03 -4.451572e+05 -5.486003e+03 4.455957e+03 -1.126843e+05 1.389216e+04 -8.707409e+03 -6.483283e+04 6.634260e+03 4.171914e+03 1.129759e+05 3.428546e+05 -3.805995e+03 6.453266e+04 6.364398e+03 9.517542e+03 6.582335e+03 5.371706e+03 1.287440e+05 3.906844e+05 -4.120417e+03 -7.387967e+04 -7.857177e+03 -1.229602e+04 -7.590145e+03 3.906585e+05 5.031308e+03 -3.434581e+03 9.888328e+04 1.074092e+04 -7.552884e+03 -5.663069e+04 5.357383e+03
-5.757576e-03 -5.174630e+05 -5.775959e+03 4.691179e+03 -1.291532e+05 1.584346e+04 -9.808720e+03 -7.076162e+04 7.165658e+03 4.357451e+03 1.294798e+05 3.985346e+05 -4.011697e+03 7.042402e+04 6.848035e+03 1.085250e+04 7.419642e+03 5.646319e+03 1.475520e+05 4.541375e+05 -4.340925e+03 -8.063600e+04 -8.470451e+03 -1.400719e+04 -8.553834e+03 4.541068e+05 5.299681e+03 -3.592344e+03 1.133346e+05 1.226335e+04 -8.509729e+03 -6.180043e+04 5.775947e+03
-5.555556e-03 -6.118877e+05 -6.076344e+03 4.988623e+03 -1.508016e+05 1.840642e+04 -1.124055e+04 -7.795733e+04 7.848681e+03 4.588219e+03 1.511731e+05 4.712472e+05 -4.226990e+03 7.757145e+04 7.466949e+03 1.260572e+04 8.508406e+03 5.992090e+03 1.722740e+05 5.370012e+05 -4.567585e+03 -8.883605e+04 -9.257083e+03 -1.625504e+04 -9.806991e+03 5.369642e+05 5.581992e+03 -3.789604e+03 1.323308e+05 1.426250e+04 -9.753692e+03 -6.807243e+04 6.312810e+03
-5.353535e-03 -7.414682e+05 -6.376396e+03 5.391156e+03 -1.808362e+05 2.196410e+04 -1.320178e+04 -8.706230e+04 8.779540e+03 4.896033e+03 1.812685e+05 5.710319e+05 -4.446077e+03 8.661076e+04 8.306727e+03 1.503912e+04 9.999862e+03 6.457870e+03 2.065711e+05 6.507164e+05 -4.790616e+03 -9.921177e+04 -1.032692e+04 -1.937573e+04 -1.152381e+04 6.506705e+05 5.871978e+03 -4.054277e+03 1.586859e+05 1.703681e+04 -1.145744e+04 -7.600465e+04 7.042929e+03
-5.151515e-03 -9.343247e+05 -6.647031e+03 5.997724e+03 -2.262965e+05 2.736260e+04 -1.612563e+04 -9.943147e+04 1.017294e+04 5.355153e+03 2.268184e+05 7.195427e+05 -4.652530e+03 9.888254e+04 9.558343e+03 1.873116e+04 1.222339e+04 7.156415e+03 2.584804e+05 8.199608e+05 -4.984133e+03 -1.133071e+05 -1.192511e+04 -2.411177e+04 -1.408374e+04 8.199009e+05 6.151293e+03 -4.451527e+03 1.985769e+05 2.124544e+04 -1.399703e+04 -8.677355e+04 8.133570e+03
-4.949495e-03 -1.270768e+06 -6.790834e+03 7.111472e+03 -3.076535e+05 3.707917e+04 -2.126300e+04 -1.188671e+05 1.266484e+04 6.195552e+03 3.083316e+05 9.786249e+05 -4.789880e+03 1.181473e+05 1.178744e+04 2.537542e+04 1.612981e+04 8.433162e+03 3.513738e+05 1.115213e+06 -5.062339e+03 -1.354548e+05 -1.477773e+04 -3.263713e+04 -1.858243e+04 1.115128e+06 6.355943e+03 -5.183171e+03 2.699669e+05 2.881825e+04 -1.845801e+04 -1.036793e+05 1.008016e+04
-4.747475e-03 -2.225993e+06 -6.155349e+03 1.066898e+04 -5.483745e+05 6.617330e+04 -3.611041e+04 -1.675855e+05 2.017650e+04 8.902348e+03 5.495038e+05 1.714214e+06 -4.473779e+03 1.663694e+05 1.848154e+04 4.526715e+04 2.741578e+04 1.249483e+04 6.262160e+05 1.953498e+06 -4.453208e+03 -1.909701e+05 -2.336174e+04 -5.816781e+04 -3.158588e+04 1.953332e+06 6.047666e+03 -7.552525e+03 4.811980e+05 5.148658e+04 -3.134436e+04 -1.459974e+05 1.593735e+04
-4.545455e-03 1.331062e+06 -1.219161e+04 -5.142543e+03 3.989904e+05 -5.044611e+04 2.087535e+04 -6.963099e+03 -1.062841e+04 -3.346282e+03 -3.996096e+05 -1.025007e+06 -8.121047e+03 7.677912e+03 -8.901893e+03 -3.445451e+04 -1.587463e+04 -5.514026e+03 -4.553995e+05 -1.168136e+06 -9.682257e+03 -7.944037e+03 1.180067e+04 4.417791e+04 1.832745e+04 -1.167970e+06 1.026987e+04 3.203011e+03 -3.501109e+05 -3.935328e+04 1.808008e+04 -6.730810e+03 -8.053292e+03
-4.343434e-03 -5.104186e+05 -1.048651e+04 1.866338e+03 -6.820352e+04 6.133628e+03 -7.850167e+03 -9.820620e+04 4.016774e+03 1.991531e+03 6.845499e+04 3.930607e+05 -7.186531e+03 9.796178e+04 4.137695e+03 4.228009e+03 5.959280e+03 2.481008e+03 7.801107e+04 4.479072e+05 -8.124647e+03 -1.119164e+05 -4.928333e+03 -5.473319e+03 -6.831489e+03 4.479175e+05 9.267187e+03 -1.474854e+03 5.984889e+04 4.727352e+03 -6.849010e+03 -8.596129e+04 3.361333e+03
-4.141414e-03 -9.606053e+05 -1.094801e+04 2.718764e+03 -1.653613e+05 1.717082e+04 -1.430900e+04 -1.256303e+05 6.644576e+03 2.557599e+03 1.657989e+05 7.397204e+05 -7.546588e+03 1.251825e+05 6.489824e+03 1.177712e+04 1.087770e+04 3.461097e+03 1.889460e+05 8.429671e+05 -8.457589e+03 -1.431679e+05 -7.937165e+03 -1.515689e+04 -1.248761e+04 8.429502e+05 9.749672e+03 -1.964895e+03 1.451036e+05 1.333196e+04 -1.246541e+04 -1.098482e+05 5.414878e+03
-3.939394e-03 -6.619941e+05 -1.213611e+04 1.479269e+03 -8.105893e+04 6.855355e+03 -9.601831e+03 -1.181930e+05 4.156401e+03 1.619327e+03 8.135445e+04 5.097669e+05 -8.317345e+03 1.179067e+05 4.291885e+03 4.727768e+03 7.301108e+03 2.057682e+03 9.271187e+04 5.809094e+05 -9.418715e+03 -1.346944e+05 -5.105444e+03 -6.102010e+03 -8.363441e+03 5.809214e+05 1.070931e+04 -1.134566e+03 7.112907e+04 5.301490e+03 -8.383197e+03 -1.034621e+05 3.482810e+03
-3.737374e-03 3.475778e+05 -1.357083e+04 -4.132023e+02 1.534754e+05 -1.988936e+04 4.829520e+03 -7.606926e+04 -1.712296e+03 4.142556e+02 -1.535861e+05 -2.676382e+05 -9.190816e+03 7.624014e+04 -9.132172e+02 -1.355650e+04 -3.688619e+03 -8.956884e+01 -1.750318e+05 -3.050392e+05 -1.058624e+04 -8.669372e+04 1.585319e+03 1.737016e+04 4.278466e+03 -3.049611e+05 1.179584e+04 -6.990056e+01 -1.346708e+05 -1.553173e+04 4.162144e+03 -6.689697e+04 -1.083558e+03
-3.535354e-03 8.831250e+06 -1.653098e+04 -7.721319e+03 1.923348e+06 -2.122680e+05 1.205851e+05 3.443185e+05 -4.149021e+04 -2.337605e+03 -1.926570e+06 -6.800167e+06 -1.043598e+04 -3.406662e+05 -3.628804e+04 -1.451167e+05 -9.194171e+04 -8.408054e+03 -2.195574e+06 -7.749689e+06 -1.307860e+04 3.923652e+05 4.698779e+04 1.861902e+05 1.056738e+05 -7.749211e+06 1.331808e+04 2.352323e+03 -1.687698e+06 -1.654508e+05 1.049142e+05 2.989502e+05 -3.207688e+04
-3.333333e-03 -4.484635e+05 -1.551172e+04 1.862061e+02 5.526135e+03 -4.140936e+03 -6.011953e+03 -1.334282e+05 1.929272e+03 6.305376e+02 -5.339781e+03 3.453253e+05 -1.058271e+04 1.332798e+05 2.359374e+03 -2.778645e+03 4.578158e+03 6.130557e+02 -6.087096e+03 3.935091e+05 -1.207169e+04 -1.520598e+05 -2.591681e+03 3.555789e+03 -5.215154e+03 3.935508e+05 1.359989e+04 -2.446310e+02 -4.847724e+03 -3.244328e+03 -5.278235e+03 -1.169494e+05 1.767956e+03
-3.131313e-03 -5.105844e+06 -1.707950e+04 -9.864887e+02 -8.478727e+05 8.175215e+04 -6.627941e+04 -3.935447e+05 1.804847e+04 -2.356451e+03 8.495708e+05 3.931497e+06 -1.201364e+04 3.917191e+05 1.672275e+04 5.598607e+04 5.059202e+04 -7.129461e+02 9.681975e+05 4.480430e+06 -1.331438e+04 -4.484846e+05 -2.100412e+04 -7.181375e+04 -5.800468e+04 4.480286e+06 1.536429e+04 2.384489e+03 7.439887e+05 6.372582e+04 -5.781018e+04 -3.437332e+05 1.434153e+04
-2.929293e-03 1.499708e+07 -1.598016e+04 1.026344e+04 2.745779e+06 -2.706185e+05 1.897818e+05 6.996558e+05 -4.458900e+04 1.601708e+04 -2.750291e+06 -1.154749e+07 -9.768790e+03 -6.945514e+05 -3.901414e+04 -1.850993e+05 -1.449948e+05 1.211837e+04 -3.134333e+06 -1.315998e+07 -1.220033e+04 7.973210e+05 5.049271e+04 2.373963e+05 1.662947e+05 -1.315950e+07 1.295288e+04 -1.372994e+04 -2.409345e+06 -2.110107e+05 1.654726e+05 6.094746e+05 -3.448976e+04
-2.727273e-03 4.204414e+07 -9.762608e+03 4.823928e+04 7.028696e+06 -6.477948e+05 5.197244e+05 2.288417e+06 -1.033632e+05 6.063589e+04 -7.040481e+06 -3.237269e+07 -3.805907e+03 -2.275218e+06 -9.134214e+04 -4.433007e+05 -3.973346e+05 5.540821e+04 -8.023608e+06 -3.689321e+07 -6.576652e+03 2.607916e+06 1.175765e+05 5.683634e+05 4.553180e+05 -3.689247e+07 6.323311e+03 -5.287314e+04 -6.167475e+06 -5.052615e+05 4.535382e+05 1.996479e+06 -8.033691e+04
-2.525253e-03 -3.952539e+06 -2.341175e+04 -6.383239e+03 -4.572778e+05 3.112332e+04 -4.782690e+04 -4.035667e+05 7.761101e+03 -6.515499e+03 4.583604e+05 3.043349e+06 -1.616241e+04 4.024678e+05 7.633060e+03 2.140647e+04 3.658122e+04 -6.827517e+03 5.223638e+05 3.468288e+06 -1.832069e+04 -4.599171e+05 -9.295090e+03 -2.737519e+04 -4.183756e+04 3.468269e+06 2.064195e+04 6.061403e+03 4.012491e+05 2.433043e+04 -4.181873e+04 -3.531564e+05 6.352392e+03
-2.323232e-03 6.908193e+05 -2.448480e+04 1.261971e+03 2.638141e+05 -3.000270e+04 8.145112e+03 -1.387829e+05 -1.130651e+03 2.154522e+03 -2.639250e+05 -5.319007e+05 -1.660843e+04 1.390139e+05 -2.636276e+02 -2.044207e+04 -6.241528e+03 1.900405e+03 -3.007833e+05 -6.062171e+05 -1.899906e+04 -1.581671e+05 8.404892e+02 2.626571e+04 7.194230e+03 -6.061316e+05 2.141316e+04 -1.534648e+03 -2.314861e+05 -2.335732e+04 7.065424e+03 -1.219772e+05 -5.765052e+02
-2.121212e-03 -6.278544e+06 -3.058872e+04 -1.508506e+04 -6.194526e+05 2.785018e+04 -7.289988e+04 -6.427546e+05 6.826190e+03 -1.504093e+04 6.208934e+05 4.834219e+06 -2.112053e+04 6.413203e+05 6.869323e+03 1.925872e+04 5.583592e+04 -1.670916e+04 7.075950e+05 5.509254e+06 -2.400756e+04 -7.325085e+05 -8.262558e+03 -2.449583e+04 -6.379692e+04 5.509250e+06 2.690305e+04 1.356938e+04 5.435511e+05 2.188999e+04 -6.380347e+04 -5.627397e+05 5.656717e+03
-1.919192e-03 8.888592e+07 4.071686e+03 2.411321e+05 1.066972e+07 -5.792306e+05 1.012614e+06 6.380159e+06 -6.461586e+04 2.490039e+05 -1.068718e+07 -6.843707e+07 6.862072e+03 -6.361370e+06 -5.696359e+04 -3.979762e+05 -7.761540e+05 2.753188e+05 -1.217961e+07 -7.799417e+07 6.832950e+03 7.271137e+06 7.326290e+04 5.081986e+05 8.871085e+05 -7.799420e+07 -4.561793e+03 -2.180969e+05 -9.362294e+06 -4.536082e+05 8.859611e+05 5.581871e+06 -5.028353e+04
-1.717172e-03 1.727247e+08 3.065546e+04 5.225872e+05 1.850819e+07 -6.599650e+05 1.934800e+06 1.379192e+07 -6.575596e+04 5.303450e+05 -1.853855e+07 -1.329871e+08 2.792024e+04 -1.376011e+07 -5.821334e+04 -4.558638e+05 -1.483846e+06 5.961474e+05 -2.112744e+07 -1.515586e+08 3.095386e+04 1.571805e+07 7.450044e+04 5.790361e+05 1.694957e+06 -1.515595e+08 -2.776589e+04 -4.649105e+05 -1.624025e+07 -5.195832e+05 1.693817e+06 1.207391e+07 -5.142733e+04
-1.515152e-03 -2.845328e+08 -2.149102e+05 -9.438618e+05 -2.581108e+07 1.145723e+05 -3.139594e+06 -2.661884e+07 1.899759e+04 -9.427631e+05 2.585580e+07 2.190737e+08 -1.563916e+05 2.657435e+07 2.006722e+04 8.815854e+04 2.409084e+06 -1.074419e+06 2.946653e+07 2.496670e+08 -1.782263e+05 -3.033613e+07 -2.290753e+04 -1.006442e+05 -2.750110e+06 2.496671e+08 1.885810e+05 8.282040e+05 2.264828e+07 1.003587e+05 -2.750270e+06 -2.331801e+07 1.664203e+04
-1.313131e-03 -6.755454e+06 -2.907702e+04 -2.411898e+04 -3.619905e+05 -4.112100e+04 -7.355026e+04 -9.003593e+05 -1.428793e+03 -2.344882e+04 3.629672e+05 5.201259e+06 -1.998134e+04 8.995509e+05 -7.760656e+02 -2.775604e+04 5.646065e+04 -2.719855e+04 4.136542e+05 5.927606e+06 -2.280543e+04 -1.026102e+06 1.349005e+03 3.606465e+04 -6.439261e+04 5.927666e+06 2.548023e+04 2.079770e+04 3.176341e+05 -3.164961e+04 -6.449050e+04 -7.893165e+05 -8.963113e+02
-1.111111e-03 3.838596e+06 -6.145605e+04 1.411008e+04 7.287515e+05 -3.609938e+04 4.127731e+04 -2.087743e+04 1.338567e+03 1.490092e+04 -7.290385e+05 -2.955460e+06 -4.169068e+04 2.140116e+04 2.109075e+03 -2.465166e+04 -3.170522e+04 1.665989e+04 -8.308574e+05 -3.368243e+06 -4.753062e+04 -2.379756e+04 -2.093504e+03 3.164209e+04 3.623376e+04 -3.368170e+06 5.390745e+04 -1.262895e+04 -6.394453e+05 -2.812793e+04 3.611810e+04 -1.877526e+04 1.413587e+03
-9.090909e-04 6.397134e+06 -1.049015e+05 2.466617e+04 1.166414e+06 -3.267073e+04 6.812250e+04 1.054650e+05 3.486518e+03 2.558145e+04 -1.166752e+06 -4.925344e+06 -7.120035e+04 -1.047907e+05 4.378473e+03 -2.235630e+04 -5.234163e+04 2.891986e+04 -1.329704e+06 -5.613247e+06 -8.115306e+04 1.201896e+05 -4.769627e+03 2.862797e+04 5.977994e+04 -5.613166e+06 9.203743e+04 -2.182384e+04 -1.023473e+06 -2.551763e+04 5.964589e+04 9.195263e+04 3.229597e+03
-7.070707e-04 2.060594e+06 -6.786835e+04 8.165635e+03 6.019476e+05 -2.898133e+04 2.176104e+04 -1.482099e+05 1.383832e+03 8.668583e+03 -6.019288e+05 -1.586506e+06 -4.611842e+04 1.484302e+05 1.874127e+03 -1.974498e+04 -1.672624e+04 9.710146e+03 -6.859983e+05 -1.808102e+06 -5.256267e+04 -1.689118e+05 -1.974369e+03 2.541872e+04 1.911506e+04 -1.808054e+06 5.954801e+04 -7.295163e+03 -5.281786e+05 -2.251361e+04 1.904133e+04 -1.302387e+05 1.338860e+03
-5.050505e-04 -1.679634e+05 -2.451282e+04 -7.299177e+02 1.674360e+05 -2.703914e+04 -1.771205e+03 -2.337121e+05 -1.693137e+02 -5.379070e+02 -1.673664e+05 1.293193e+05 -1.667015e+04 2.337705e+05 1.793370e+01 -1.838816e+04 1.360084e+03 -7.280781e+02 -1.907424e+05 1.473709e+05 -1.899782e+04 -2.663546e+05 9.178882e+01 2.372915e+04 -1.538055e+03 1.473895e+05 2.150935e+04 5.518919e+02 -1.469163e+05 -2.095270e+04 -1.566235e+03 -2.051214e+05 -6.219142e+01
-3.030303e-04 2.733633e+06 -1.716747e+05 1.132761e+04 1.369528e+06 -2.650762e+04 2.858701e+04 -1.705974e+05 2.370146e+03 1.176987e+04 -1.369188e+06 -2.104692e+06 -1.167290e+05 1.707480e+05 2.801347e+03 -1.804809e+04 -2.197950e+04 1.334675e+04 -1.560419e+06 -2.398654e+06 -1.330294e+05 -1.944255e+05 -3.132478e+03 2.325784e+04 2.509892e+04 -2.398617e+06 1.506387e+05 -9.990975e+03 -1.201691e+06 -2.057004e+04 2.503398e+04 -1.498217e+05 2.126424e+03
-1.010101e-04 -3.633485e+05 3.120783e+04 -1.527141e+03 -2.619844e+05 -2.581193e+04 -3.793807e+03 -2.216635e+05 -3.362905e+02 -1.530995e+03 2.619096e+05 2.797498e+05 2.122475e+04 2.217242e+05 -3.400383e+02 -1.755481e+04 2.916742e+03 -1.766842e+03 2.984916e+05 3.188211e+05 2.419327e+04 -2.526233e+05 4.096458e+02 2.265587e+04 -3.326784e+03 3.188203e+05 -2.737913e+04 1.323038e+03 2.298765e+05 -1.999942e+04 -3.326227e+03 -1.945512e+05 -2.781149e+02
1.010101e-04 3.633485e+05 3.120783e+04 1.527141e+03 -2.619844e+05 -2.581193e+04 3.793807e+03 -2.216635e+05 3.362905e+02 1.530995e+03 2.619096e+05 -2.797498e+05 2.122475e+04 2.217242e+05 3.400383e+02 -1.755481e+04 -2.916742e+03 1.766842e+03 2.984916e+05 -3.188211e+05 2.419327e+04 -2.526233e+05 -4.096458e+02 2.265587e+04 3.326784e+03 -3.188203e+05 -2.737913e+04 -1.323038e+03 2.298765e+05 -1.999942e+04 3.326227e+03 -1.945512e+05 2.781149e+02
3.030303e-04 -2.733633e+06 -1.716747e+05 -1.132761e+04 1.369528e+06 -2.650762e+04 -2.858701e+04 -1.705974e+05 -2.370146e+03 -1.176987e+04 -1.369188e+06 2.104692e+06 -1.167290e+05 1.707480e+05 -2.801347e+03 -1.804809e+04 2.197950e+04 -1.334675e+04 -1.560419e+06 2.398654e+06 -1.330294e+05 -1.944255e+05 3.132478e+03 2.325784e+04 -2.509892e+04 2.398617e+06 1.506387e+05 9.990975e+03 -1.201691e+06 -2.057004e+04 -2.503398e+04 -1.498217e+05 -2.126424e+03
5.050505e-04 1.679634e+05 -2.451282e+04 7.299177e+02 1.674360e+05 -2.703914e+04 1.771205e+03 -2.337121e+05 1.693137e+02 5.379070e+02 -1.673664e+05 -1.293193e+05 -1.667015e+04 2.337705e+05 -1.793370e+01 -1.838816e+04 -1.360084e+03 7.280781e+02 -1.907424e+05 -1.473709e+05 -1.899782e+04 -2.663546e+05 -9.178882e+01 2.372915e+04 1.538055e+03 -1.473895e+05 2.150935e+04 -5.518919e+02 -1.469163e+05 -2.095270e+04 1.566235e+03 -2.051214e+05 6.219142e+01
7.070707e-04 -2.060594e+06 -6.786835e+04 -8.165635e+03 6.019476e+05 -2.898133e+04 -2.176104e+04 -1.482099e+05 -1.383832e+03 -8.668583e+03 -6.019288e+05 1.586506e+06 -4.611842e+04 1.484302e+05 -1.874127e+03 -1.974498e+04 1.672624e+04 -9.710146e+03 -6.859983e+05 1.808102e+06 -5.256267e+04 -1.689118e+05 1.974369e+03 2.541872e+04 -1.911506e+04 1.808054e+06 5.954801e+04 7.295163e+03 -5.281786e+05 -2.251361e+04 -1.904133e+04 -1.302387e+05 -1.338860e+03
9.090909e-04 -6.397134e+06 -1.049015e+05 -2.466617e+04 1.166414e+06 -3.267073e+04 -6.812250e+04 1.054650e+05 -3.486518e+03 -2.558145e+04 -1.166752e+06 4.925344e+06 -7.120035e+04 -1.047907e+05 -4.378473e+03 -2.235630e+04 5.234163e+04 -2.891986e+04 -1.329704e+06 5.613247e+06 -8.115306e+04 1.201896e+05 4.769627e+03 2.862797e+04 -5.977994e+04 5.613166e+06 9.203743e+04 2.182384e+04 -1.023473e+06 -2.551763e+04 -5.964589e+04 9.195263e+04 -3.229597e+03
1.111111e-03 -3.838596e+06 -6.145605e+04 -1.411008e+04 7.287515e+05 -3.609938e+04 -4.127731e+04 -2.087743e+04 -1.338567e+03 -1.490092e+04 -7.290385e+05 2.955460e+06 -4.169068e+04 2.140116e+04 -2.109075e+03 -2.465166e+04 3.170522e+04 -1.665989e+04 -8.308574e+05 3.368243e+06 -4.753062e+04 -2.379756e+04 2.093504e+03 3.164209e+04 -3.623376e+04 3.368170e+06 5.390745e+04 1.262895e+04 -6.394453e+05 -2.812793e+04 -3.611810e+04 -1.877526e+04 -1.413587e+03
1.313131e-03 6.755454e+06 -2.907702e+04 2.411898e+04 -3.619905e+05 -4.112100e+04 7.355026e+04 -9.003593e+05 1.428793e+03 2.344882e+04 3.629672e+05 -5.201259e+06 -1.998134e+04 8.995509e+05 7.760656e+02 -2.775604e+04 -5.646065e+04 2.719855e+04 4.136542e+05 -5.927606e+06 -2.280543e+04 -1.026102e+06 -1.349005e+03 3.606465e+04 6.439261e+04 -5.927666e+06 2.548023e+04 -2.079770e+04 3.176341e+05 -3.164961e+04 6.449050e+04 -7.893165e+05 8.963113e+02
1.515152e-03 2.845328e+08 -2.149102e+05 9.438618e+05 -2.581108e+07 1.145723e+05 3.139594e+06 -2.661884e+07 -1.899759e+04 9.427631e+05 2.585580e+07 -2.190737e+08 -1.563916e+05 2.657435e+07 -2.006722e+04 8.815854e+04 -2.409084e+06 1.074419e+06 2.946653e+07 -2.496670e+08 -1.782263e+05 -3.033613e+07 2.290753e+04 -1.006442e+05 2.750110e+06 -2.496671e+08 1.885810e+05 -8.282040e+05 2.264828e+07 1.003587e+05 2.750270e+06 -2.331801e+07 -1.664203e+04
1.717172e-03 -1.727247e+08 3.065546e+04 -5.225872e+05 1.850819e+07 -6.599649e+05 -1.934800e+06 1.379192e+07 6.575596e+04 -5.303450e+05 -1.853855e+07 1.329871e+08 2.792024e+04 -1.376011e+07 5.821334e+04 -4.558638e+05 1.483846e+06 -5.961474e+05 -2.112744e+07 1.515586e+08 3.095386e+04 1.571805e+07 -7.450044e+04 5.790361e+05 -1.694956e+06 1.515595e+08 -2.776589e+04 4.649105e+05 -1.624025e+07 -5.195832e+05 -1.693817e+06 1.207391e+07 5.142733e+04
1.919192e-03 -8.888592e+07 4.071686e+03 -2.411321e+05 1.066972e+07 -5.792306e+05 -1.012614e+06 6.380159e+06 6.461586e+04 -2.490039e+05 -1.068718e+07 6.843707e+07 6.862072e+03 -6.361370e+06 5.696359e+04 -3.979762e+05 7.761540e+05 -2.753188e+05 -1.217961e+07 7.799417e+07 6.832950e+03 7.271137e+06 -7.326290e+04 5.081986e+05 -8.871085e+05 7.799420e+07 -4.561793e+03 2.180969e+05 -9.362294e+06 -4.536082e+05 -8.859611e+05 5.581871e+06 5.028353e+04
2.121212e-03 6.278544e+06 -3.058872e+04 1.508506e+04 -6.194526e+05 2.785018e+04 7.289988e+04 -6.427546e+05 -6.826190e+03 1.504093e+04 6.208934e+05 -4.834219e+06 -2.112053e+04 6.413203e+05 -6.869323e+03 1.925872e+04 -5.583592e+04 1.670916e+04 7.075950e+05 -5.509254e+06 -2.400756e+04 -7.325085e+05 8.262558e+03 -2.449583e+04 6.379692e+04 -5.509250e+06 2.690305e+04 -1.356938e+04 5.435511e+05 2.188999e+04 6.380347e+04 -5.627397e+05 -5.656717e+03
2.323232e-03 -6.908193e+05 -2.448480e+04 -1.261971e+03 2.638141e+05 -3.000270e+04 -8.145112e+03 -1.387829e+05 1.130651e+03 -2.154522e+03 -2.639250e+05 5.319007e+05 -1.660843e+04 1.390139e+05 2.636276e+02 -2.044207e+04 6.241528e+03 -1.900405e+03 -3.007833e+05 6.062171e+05 -1.899906e+04 -1.581671e+05 -8.404892e+02 2.626571e+04 -7.194230e+03 6.061316e+05 2.141316e+04 1.534648e+03 -2.314861e+05 -2.335732e+04 -7.065424e+03 -1.219772e+05 5.765052e+02
2.525253e-03 3.952539e+06 -2.341175e+04 6.383239e+03 -4.572778e+05 3.112332e+04 4.782690e+04 -4.035667e+05 -7.761101e+03 6.515499e+03 4.583604e+05 -3.043349e+06 -1.616241e+04 4.024678e+05 -7.633060e+03 2.140647e+04 -3.658122e+04 6.827517e+03 5.223638e+05 -3.468288e+06 -1.832069e+04 -4.599171e+05 9.295090e+03 -2.737519e+04 4.183756e+04 -3.468269e+06 2.064195e+04 -6.061403e+03 4.012491e+05 2.433043e+04 4.181873e+04 -3.531564e+05 -6.352392e+03
2.727273e-03 -4.204414e+07 -9.762608e+03 -4.823928e+04 7.028696e+06 -6.477948e+05 -5.197244e+05 2.288417e+06 1.033632e+05 -6.063589e+04 -7.040481e+06 3.237269e+07 -3.805907e+03 -2.275218e+06 9.134214e+04 -4.433007e+05 3.973346e+05 -5.540821e+04 -8.023608e+06 3.689321e+07 -6.576652e+03 2.607916e+06 -1.175765e+05 5.683634e+05 -4.553180e+05 3.689247e+07 6.323311e+03 5.287314e+04 -6.167475e+06 -5.052615e+05 -4.535382e+05 1.996479e+06 8.033691e+04
2.929293e-03 -1.499708e+07 -1.598016e+04 -1.026344e+04 2.745779e+06 -2.706185e+05 -1.897818e+05 6.996558e+05 4.458900e+04 -1.601708e+04 -2.750291e+06 1.154749e+07 -9.768790e+03 -6.945514e+05 3.901414e+04 -1.850993e+05 1.449948e+05 -1.211837e+04 -3.134333e+06 1.315998e+07 -1.220033e+04 7.973210e+05 -5.049271e+04 2.373963e+05 -1.662947e+05 1.315950e+07 1.295288e+04 1.372994e+04 -2.409345e+06 -2.110107e+05 -1.654726e+05 6.094746e+05 3.448976e+04
3.131313e-03 5.105844e+06 -1.707950e+04 9.864887e+02 -8.478727e+05 8.175215e+04 6.627941e+04 -3.935447e+05 -1.804847e+04 2.356451e+03 8.495708e+05 -3.931497e+06 -1.201364e+04 3.917191e+05 -1.672275e+04 5.598607e+04 -5.059202e+04 7.129461e+02 9.681975e+05 -4.480430e+06 -1.331438e+04 -4.484845e+05 2.100412e+04 -7.181375e+04 5.800468e+04 -4.480286e+06 1.536429e+04 -2.384489e+03 7.439887e+05 6.372582e+04 5.781018e+04 -3.437332e+05 -1.434153e+04
3.333333e-03 4.484635e+05 -1.551172e+04 -1.862061e+02 5.526135e+03 -4.140936e+03 6.011953e+03 -1.334282e+05 -1.929272e+03 -6.305376e+02 -5.339781e+03 -3.453253e+05 -1.058271e+04 1.332798e+05 -2.359374e+03 -2.778645e+03 -4.578158e+03 -6.130557e+02 -6.087096e+03 -3.935091e+05 -1.207169e+04 -1.520598e+05 2.591681e+03 3.555789e+03 5.215154e+03 -3.935508e+05 1.359989e+04 2.446310e+02 -4.847724e+03 -3.244328e+03 5.278235e+03 -1.169494e+05 -1.767956e+03
3.535354e-03 -8.831250e+06 -1.653098e+04 7.721319e+03 1.923348e+06 -2.122680e+05 -1.205851e+05 3.443185e+05 4.149021e+04 2.337605e+03 -1.926570e+06 6.800167e+06 -1.043598e+04 -3.406662e+05 3.628804e+04 -1.451167e+05 9.194171e+04 8.408054e+03 -2.195574e+06 7.749689e+06 -1.307860e+04 3.923652e+05 -4.698779e+04 1.861902e+05 -1.056738e+05 7.749211e+06 1.331808e+04 -2.352323e+03 -1.687698e+06 -1.654508e+05 -1.049142e+05 2.989502e+05 3.207688e+04
3.737374e-03 -3.475778e+05 -1.357083e+04 4.132023e+02 1.534754e+05 -1.988936e+04 -4.829520e+03 -7.606926e+04 1.712296e+03 -4.142556e+02 -1.535861e+05 2.676382e+05 -9.190816e+03 7.624014e+04 9.132172e+02 -1.355650e+04 3.688619e+03 8.956884e+01 -1.750318e+05 3.050392e+05 -1.058624e+04 -8.669372e+04 -1.585319e+03 1.737016e+04 -4.278466e+03 3.049611e+05 1.179584e+04 6.990056e+01 -1.346708e+05 -1.553173e+04 -4.162144e+03 -6.689697e+04 1.083558e+03
3.939394e-03 6.619941e+05 -1.213611e+04 -1.479269e+03 -8.105893e+04 6.855355e+03 9.601831e+03 -1.181930e+05 -4.156401e+03 -1.619327e+03 8.135445e+04 -5.097669e+05 -8.317345e+03 1.179067e+05 -4.291885e+03 4.727768e+03 -7.301108e+03 -2.057682e+03 9.271187e+04 -5.809094e+05 -9.418715e+03 -1.346944e+05 5.105444e+03 -6.102010e+03 8.363441e+03 -5.809214e+05 1.070931e+04 1.134566e+03 7.112907e+04 5.301490e+03 8.383197e+03 -1.034621e+05 -3.482810e+03
4.141414e-03 9.606053e+05 -1.094801e+04 -2.718764e+03 -1.653613e+05 1.717082e+04 1.430900e+04 -1.256303e+05 -6.644576e+03 -2.557599e+03 1.657989e+05 -7.397204e+05 -7.546588e+03 1.251825e+05 -6.489824e+03 1.177712e+04 -1.087770e+04 -3.461097e+03 1.889460e+05 -8.429671e+05 -8.457589e+03 -1.431679e+05 7.937165e+03 -1.515689e+04 1.248761e+04 -8.429502e+05 9.749672e+03 1.964895e+03 1.451036e+05 1.333196e+04 1.246541e+04 -1.098482e+05 -5.414878e+03
4.343434e-03 5.104186e+05 -1.048651e+04 -1.866338e+03 -6.820352e+04 6.133628e+03 7.850167e+03 -9.820620e+04 -4.016774e+03 -1.991531e+03 6.845499e+04 -3.930607e+05 -7.186531e+03 9.796178e+04 -4.137695e+03 4.228009e+03 -5.959280e+03 -2.481008e+03 7.801107e+04 -4.479072e+05 -8.124647e+03 -1.119164e+05 4.928333e+03 -5.473319e+03 6.831489e+03 -4.479175e+05 9.267187e+03 1.474854e+03 5.984889e+04 4.727352e+03 6.849010e+03 -8.596129e+04 -3.361333e+03
4.545455e-03 -1.331062e+06 -1.219161e+04 5.142543e+03 3.989904e+05 -5.044611e+04 -2.087535e+04 -6.963099e+03 1.062841e+04 3.346282e+03 -3.996096e+05 1.025007e+06 -8.121047e+03 7.677912e+03 8.901893e+03 -3.445451e+04 1.587463e+04 5.514026e+03 -4.553995e+05 1.168136e+06 -9.682257e+03 -7.944037e+03 -1.180067e+04 4.417791e+04 -1.832745e+04 1.167970e+06 1.026987e+04 -3.203011e+03 -3.501109e+05 -3.935328e+04 -1.808008e+04 -6.730810e+03 8.053292e+03
4.747475e-03 2.225993e+06 -6.155349e+03 -1.066898e+04 -5.483745e+05 6.617330e+04 3.611041e+04 -1.675855e+05 -2.017650e+04 -8.902348e+03 5.495038e+05 -1.714214e+06 -4.473779e+03 1.663694e+05 -1.848154e+04 4.526715e+04 -2.741578e+04 -1.249483e+04 6.262160e+05 -1.953498e+06 -4.453208e+03 -1.909701e+05 2.336174e+04 -5.816781e+04 3.158588e+04 -1.953332e+06 6.047666e+03 7.552525e+03 4.811980e+05 5.148658e+04 3.134436e+04 -1.459974e+05 -1.593735e+04
4.949495e-03 1.270768e+06 -6.790834e+03 -7.111472e+03 -3.076535e+05 3.707917e+04 2.126300e+04 -1.188671e+05 -1.266484e+04 -6.195552e+03 3.083316e+05 -9.786249e+05 -4.789880e+03 1.181473e+05 -1.178744e+04 2.537542e+04 -1.612981e+04 -8.433162e+03 3.513738e+05 -1.115213e+06 -5.062339e+03 -1.354548e+05 1.477773e+04 -3.263713e+04 1.858243e+04 -1.115128e+06 6.355943e+03 5.183171e+03 2.699669e+05 2.881825e+04 1.845801e+04 -1.036793e+05 -1.008016e+04
5.151515e-03 9.343247e+05 -6.647031e+03 -5.997724e+03 -2.262965e+05 2.736260e+04 1.612563e+04 -9.943147e+04 -1.017294e+04 -5.355153e+03 2.268184e+05 -7.195427e+05 -4.652530e+03 9.888254e+04 -9.558343e+03 1.873116e+04 -1.222339e+04 -7.156415e+03 2.584804e+05 -8.199608e+05 -4.984133e+03 -1.133071e+05 1.192511e+04 -2.411177e+04 1.408374e+04 -8.199009e+05 6.151293e+03 4.451527e+03 1.985769e+05 2.124544e+04 1.399703e+04 -8.677355e+04 -8.133570e+03
5.353535e-03 7.414682e+05 -6.376396e+03 -5.391156e+03 -1.808362e+05 2.196410e+04 1.320178e+04 -8.706230e+04 -8.779540e+03 -4.896033e+03 1.812685e+05 -5.710319e+05 -4.446077e+03 8.661076e+04 -8.306727e+03 1.503912e+04 -9.999862e+03 -6.457870e+03 2.065711e+05 -6.507164e+05 -4.790616e+03 -9.921177e+04 1.032692e+04 -1.937573e+04 1.152381e+04 -6.506705e+05 5.871978e+03 4.054277e+03 1.586859e+05 1.703681e+04 1.145744e+04 -7.600465e+04 -7.042929e+03
5.555556e-03 6.118877e+05 -6.076344e+03 -4.988623e+03 -1.508016e+05 1.840642e+04 1.124055e+04 -7.795733e+04 -7.848681e+03 -4.588219e+03 1.511731e+05 -4.712472e+05 -4.226990e+03 7.757145e+04 -7.466949e+03 1.260572e+04 -8.508406e+03 -5.992090e+03 1.722740e+05 -5.370012e+05 -4.567585e+03 -8.883605e+04 9.257083e+03 -1.625504e+04 9.806991e+03 -5.369642e+05 5.581992e+03 3.789604e+03 1.323308e+05 1.426250e+04 9.753692e+03 -6.807243e+04 -6.312810e+03
5.757576e-03 5.174630e+05 -5.775959e+03 -4.691179e+03 -1.291532e+05 1.584346e+04 9.808720e+03 -7.076162e+04 -7.165658e+03 -4.357451e+03 1.294798e+05 -3.985346e+05 -4.011697e+03 7.042402e+04 -6.848035e+03 1.085250e+04 -7.419642e+03 -5.646319e+03 1.475520e+05 -4.541375e+05 -4.340925e+03 -8.063600e+04 8.470451e+03 -1.400719e+04 8.553834e+03 -4.541068e+05 5.299681e+03 3.592344e+03 1.133346e+05 1.226335e+04 8.509729e+03 -6.180043e+04 -5.775947e+03
5.959596e-03 4.451572e+05 -5.486003e+03 -4.455957e+03 -1.126843e+05 1.389216e+04 8.707409e+03 -6.483283e+04 -6.634260e+03 -4.171914e+03 1.129759e+05 -3.428546e+05 -3.805995e+03 6.453266e+04 -6.364398e+03 9.517542e+03 -6.582335e+03 -5.371706e+03 1.287440e+05 -3.906844e+05 -4.120417e+03 -7.387967e+04 7.857177e+03 -1.229602e+04 7.590145e+03 -3.906585e+05 5.031308e+03 3.434581e+03 9.888328e+04 1.074092e+04 7.552884e+03 -5.663069e+04 -5.357383e+03
6.161616e-03 3.878949e+05 -5.210630e+03 -4.261151e+03 -9.968377e+04 1.234921e+04 7.829647e+03 -5.981307e+04 -6.203888e+03 -4.015603e+03 9.994705e+04 -2.987590e+05 -3.611895e+03 5.954299e+04 -5.971021e+03 8.461854e+03 -5.915122e+03 -5.143394e+03 1.138962e+05 -3.404331e+05 -3.910007e+03 -6.815922e+04 7.359484e+03 -1.094313e+04 6.822231e+03 -3.404108e+05 4.778859e+03 3.302277e+03 8.747547e+04 9.536796e+03 6.790264e+03 -5.225221e+04 -5.017692e+03
6.363636e-03 3.414250e+05 -4.951206e+03 -4.094428e+03 -8.913975e+04 1.109494e+04 7.111659e+03 -5.548083e+04 -5.844988e+03 -3.879570e+03 8.937956e+04 -2.629739e+05 -3.429846e+03 5.523560e+04 -5.641605e+03 7.603602e+03 -5.369486e+03 -4.947322e+03 1.018533e+05 -2.996526e+05 -3.711164e+03 -6.322225e+04 6.943624e+03 -9.843495e+03 6.194232e+03 -2.996332e+05 4.542576e+03 3.187584e+03 7.822320e+04 8.557733e+03 6.166478e+03 -4.847245e+04 -4.733844e+03
6.565657e-03 3.030036e+05 -4.707823e+03 -3.948258e+03 -8.040873e+04 1.005353e+04 6.512568e+03 -5.168853e+04 -5.538964e+03 -3.758405e+03 8.062870e+04 -2.333866e+05 -3.259603e+03 5.146421e+04 -5.359595e+03 6.890949e+03 -4.914326e+03 -4.774902e+03 9.188075e+04 -2.659352e+05 -3.524205e+03 -5.890058e+04 6.588357e+03 -8.930595e+03 5.670345e+03 -2.659182e+05 4.321942e+03 3.085760e+03 7.056182e+04 7.744651e+03 5.646018e+03 -4.516305e+04 -4.491346e+03
6.767677e-03 2.707642e+05 -4.479964e+03 -3.817765e+03 -7.305879e+04 9.174266e+03 6.004727e+03 -4.833230e+04 -5.273436e+03 -3.648641e+03 7.326172e+04 -2.085598e+05 -3.100608e+03 4.812587e+04 -5.113966e+03 6.289203e+03 -4.528604e+03 -4.620569e+03 8.348527e+04 -2.376428e+05 -3.348886e+03 -5.507584e+04 6.279541e+03 -8.159916e+03 5.226355e+03 -2.376277e+05 4.116110e+03 2.993771e+03 6.411231e+04 7.058015e+03 5.204862e+03 -4.223365e+04 -4.280549e+03
6.969697e-03 2.433844e+05 -4.266834e+03 -3.699640e+03 -6.678766e+04 8.421718e+03 5.568644e+03 -4.533592e+04 -5.039796e+03 -3.547943e+03 6.697576e+04 -1.874751e+05 -2.952177e+03 4.514499e+04 -4.897049e+03 5.774143e+03 -4.197486e+03 -4.480545e+03 7.632174e+04 -2.136151e+05 -3.184698e+03 -5.166119e+04 6.007342e+03 -7.500381e+03 4.845190e+03 -2.136016e+05 3.924111e+03 2.909572e+03 5.860945e+04 6.470217e+03 4.826074e+03 -3.961793e+04 -4.094738e+03
7.171717e-03 2.198970e+05 -4.067523e+03 -3.591549e+03 -6.137657e+04 7.770299e+03 5.190117e+03 -4.264162e+04 -4.831843e+03 -3.454676e+03 6.155167e+04 -1.693876e+05 -2.813583e+03 4.246424e+04 -4.703312e+03 5.328268e+03 -3.910162e+03 -4.352161e+03 7.014040e+04 -1.930030e+05 -3.031005e+03 -4.859077e+04 5.764668e+03 -6.929538e+03 4.514411e+03 -1.929909e+05 3.744955e+03 2.831736e+03 5.386126e+04 5.961312e+03 4.497311e+03 -3.726558e+04 -3.929077e+03
7.373737e-03 1.995755e+05 -3.881092e+03 -3.491790e+03 -5.666287e+04 7.201003e+03 4.858515e+03 -4.020438e+04 -4.644974e+03 -3.367652e+03 5.682645e+04 -1.537381e+05 -2.684109e+03 4.003897e+04 -4.528650e+03 4.938579e+03 -3.658541e+03 -4.233469e+03 6.475551e+04 -1.751693e+05 -2.887132e+03 -4.581331e+04 5.546261e+03 -6.430713e+03 4.224709e+03 -1.751584e+05 3.577676e+03 2.759225e+03 4.972503e+04 5.516483e+03 4.209337e+03 -3.513743e+04 -3.779975e+03
7.575758e-03 1.818631e+05 -3.706621e+03 -3.399087e+03 -5.252283e+04 6.699379e+03 4.565704e+03 -3.798843e+04 -4.475693e+03 -3.285981e+03 5.267613e+04 -1.400977e+05 -2.563069e+03 3.783366e+04 -4.369939e+03 4.595193e+03 -3.436431e+03 -4.123008e+03 6.002579e+04 -1.596251e+05 -2.752402e+03 -4.328802e+04 5.348118e+03 -5.991227e+03 3.968959e+03 -1.596153e+05 3.421359e+03 2.691266e+03 4.609218e+04 5.124463e+03 3.955079e+03 -3.320228e+04 -3.644703e+03
7.777778e-03 1.663245e+05 -3.543231e+03 -3.312457e+03 -4.886050e+04 6.254225e+03 4.305342e+03 -3.596476e+04 -4.321285e+03 -3.208980e+03 4.900457e+04 -1.281314e+05 -2.449817e+03 3.581952e+04 -4.224751e+03 4.290447e+03 -3.239004e+03 -4.019649e+03 5.584167e+04 -1.459887e+05 -2.626162e+03 -4.098186e+04 5.167134e+03 -5.601253e+03 3.741607e+03 -1.459798e+05 3.275153e+03 2.627266e+03 4.287850e+04 4.776516e+03 3.729025e+03 -3.143488e+04 -3.521140e+03
7.979798e-03 1.526149e+05 -3.390096e+03 -3.231129e+03 -4.560024e+04 5.856705e+03 4.072401e+03 -3.410953e+04 -4.179606e+03 -3.136111e+03 4.573598e+04 -1.175733e+05 -2.343755e+03 3.397287e+04 -4.091166e+03 4.018297e+03 -3.062434e+03 -3.922507e+03 5.211679e+04 -1.339573e+05 -2.507792e+03 -3.886765e+04 5.000852e+03 -5.253042e+03 3.538251e+03 -1.339491e+05 3.138269e+03 2.566757e+03 4.001765e+04 4.465753e+03 3.526806e+03 -2.981446e+04 -3.407609e+03
8.181818e-03 1.404569e+05 -3.246447e+03 -3.154483e+03 -4.268159e+04 5.499751e+03 3.862845e+03 -3.240288e+04 -4.048931e+03 -3.066940e+03 4.280977e+04 -1.082102e+05 -2.244329e+03 3.227399e+04 -3.967639e+03 3.773908e+03 -2.903647e+03 -3.830868e+03 4.878208e+04 -1.232875e+05 -2.396711e+03 -3.692277e+04 4.847297e+03 -4.940394e+03 3.355356e+03 -1.232800e+05 3.009981e+03 2.509365e+03 3.745655e+04 4.186662e+03 3.344912e+03 -2.832370e+04 -3.302763e+03
8.383838e-03 1.296251e+05 -3.111573e+03 -3.082016e+03 -4.005557e+04 5.177636e+03 3.673390e+03 -3.082810e+04 -3.927860e+03 -3.001112e+03 4.017687e+04 -9.986826e+04 -2.151030e+03 3.070627e+04 -3.852912e+03 3.553362e+03 -2.760144e+03 -3.744150e+03 4.578164e+04 -1.137815e+05 -2.292381e+03 -3.512816e+04 4.704861e+03 -4.658284e+03 3.190047e+03 -1.137746e+05 2.889626e+03 2.454783e+03 3.515223e+04 3.934773e+03 3.180487e+03 -2.694803e+04 -3.205505e+03
8.585859e-03 1.199345e+05 -2.984818e+03 -3.013309e+03 -3.768211e+04 4.885663e+03 3.501336e+03 -2.937097e+04 -3.815235e+03 -2.938329e+03 3.779712e+04 -9.240508e+04 -2.063392e+03 2.925557e+04 -3.745945e+03 3.353447e+03 -2.629871e+03 -3.661871e+03 4.306969e+04 -1.052769e+05 -2.194304e+03 -3.346763e+04 4.572219e+03 -4.402595e+03 3.039959e+03 -1.052706e+05 2.776596e+03 2.402756e+03 3.306953e+04 3.706425e+03 3.031187e+03 -2.567506e+04 -3.114930e+03
8.787879e-03 1.112315e+05 -2.865581e+03 -2.948011e+03 -3.552806e+04 4.619946e+03 3.344443e+03 -2.801929e+04 -3.710095e+03 -2.878339e+03 3.563729e+04 -8.570250e+04 -1.980990e+03 2.790980e+04 -3.645870e+03 3.171502e+03 -2.511121e+03 -3.583622e+03 4.060837e+04 -9.763911e+04 -2.102019e+03 -3.192728e+04 4.448264e+03 -4.169917e+03 2.903133e+03 -9.763326e+04 2.670334e+03 2.353068e+03 3.117935e+04 3.498583e+03 2.895063e+03 -2.449415e+04 -3.030283e+03
8.989899e-03 1.033881e+05 -2.753309e+03 -2.885823e+03 -3.356577e+04 4.377236e+03 3.200839e+03 -2.676254e+04 -3.611628e+03 -2.820927e+03 3.366968e+04 -7.966184e+04 -1.903432e+03 2.665847e+04 -3.551957e+03 3.005305e+03 -2.402470e+03 -3.509058e+03 3.836611e+04 -9.075563e+04 -2.015106e+03 -3.049511e+04 4.332064e+03 -3.957402e+03 2.777927e+03 -9.075021e+04 2.570334e+03 2.305533e+03 2.945745e+04 3.308715e+03 2.770486e+03 -2.339612e+04 -2.950927e+03
9.191919e-03 9.629642e+04 -2.647494e+03 -2.826489e+03 -3.177200e+04 4.154799e+03 3.068940e+03 -2.559158e+04 -3.519145e+03 -2.765904e+03 3.187101e+04 -7.420006e+04 -1.830362e+03 2.549250e+04 -3.463583e+03 2.852986e+03 -2.302714e+03 -3.437879e+03 3.631637e+04 -8.453184e+04 -1.933174e+03 -2.916071e+04 4.222828e+03 -3.762652e+03 2.662957e+03 -8.452681e+04 2.476133e+03 2.259992e+03 2.788342e+04 3.134684e+03 2.656082e+03 -2.237298e+04 -2.876324e+03
9.393939e-03 8.986513e+04 -2.547672e+03 -2.769784e+03 -3.012708e+04 3.950312e+03 2.947406e+03 -2.449839e+04 -3.432059e+03 -2.713104e+03 3.022153e+04 -6.924683e+04 -1.761452e+03 2.440393e+04 -3.380215e+03 2.712955e+03 -2.210830e+03 -3.369825e+03 3.443666e+04 -7.888759e+04 -1.855869e+03 -2.791494e+04 4.119877e+03 -3.583632e+03 2.557049e+03 -7.888291e+04 2.387305e+03 2.216304e+03 2.644000e+04 2.974679e+03 2.550683e+03 -2.141777e+04 -2.806009e+03
9.595960e-03 8.401641e+04 -2.453417e+03 -2.715514e+03 -2.861421e+04 3.761794e+03 2.835088e+03 -2.347595e+04 -3.349860e+03 -2.662382e+03 2.870445e+04 -6.474222e+04 -1.696405e+03 2.338577e+04 -3.301392e+03 2.583855e+03 -2.125947e+03 -3.304669e+03 3.270783e+04 -7.375458e+04 -1.782862e+03 -2.674979e+04 4.022626e+03 -3.418604e+03 2.459196e+03 -7.375022e+04 2.303465e+03 2.174345e+03 2.511246e+04 2.827153e+03 2.453292e+03 -2.052434e+04 -2.739584e+03
9.797980e-03 7.868357e+04 -2.364336e+03 -2.663505e+03 -2.721900e+04 3.587541e+03 2.731000e+03 -2.251804e+04 -3.272107e+03 -2.613606e+03 2.730532e+04 -6.063489e+04 -1.634945e+03 2.243183e+04 -3.226713e+03 2.464522e+03 -2.047312e+03 -3.242207e+03 3.111342e+04 -6.907429e+04 -1.713853e+03 -2.565819e+04 3.930565e+03 -3.266073e+03 2.368538e+03 -6.907022e+04 2.224256e+03 2.134003e+03 2.388816e+04 2.690776e+03 2.363051e+03 -1.968726e+04 -2.676700e+03
1.000000e-02 7.380919e+04 -2.280071e+03 -2.613604e+03 -2.592905e+04 3.426079e+03 2.634290e+03 -2.161915e+04 -3.198415e+03 -2.566658e+03 2.601171e+04 -5.688061e+04 -1.576823e+03 2.153664e+04 -3.155827e+03 2.353946e+03 -1.974279e+03 -3.182259e+03 2.963926e+04 -6.479634e+04 -1.648566e+03 -2.463385e+04 3.843251e+03 -3.124749e+03 2.284326e+03 -6.479253e+04 2.149355e+03 2.095179e+03 2.275623e+04 2.564397e+03 2.279219e+03 -1.890174e+04 -2.617055e+03
