-1.000000e-02 -1.370809e+05 -1.724701e+03 4.163833e+03 -7.132588e+04 3.947248e+03 -3.526360e+04 -6.509288e+04 4.845975e+03 4.061170e+03 7.144192e+04 1.056336e+05 -1.208050e+03 6.497756e+04 4.748081e+03 2.715148e+03 2.705678e+04 5.025331e+03 8.139086e+04 1.203360e+05 -1.125571e+03 -7.415624e+04 -5.800425e+03 -3.642192e+03 -3.089203e+04 1.203332e+05 1.764807e+03 -3.347772e+03 6.260809e+04 2.915958e+03 -3.088741e+04 -5.703694e+04 3.952915e+03
-9.797980e-03 -1.529195e+05 -1.799316e+03 4.348764e+03 -7.891276e+04 4.277526e+03 -3.919797e+04 -7.178502e+04 5.087943e+03 4.234314e+03 7.903945e+04 1.178356e+05 -1.261513e+03 7.165905e+04 4.978614e+03 2.942202e+03 3.007833e+04 5.245075e+03 9.004701e+04 1.342380e+05 -1.176491e+03 -8.178067e+04 -6.085469e+03 -3.934934e+03 -3.434020e+04 1.342348e+05 1.840303e+03 -3.492773e+03 6.926709e+04 3.171801e+03 -3.433496e+04 -6.290141e+04 4.148069e+03
-9.595960e-03 -1.716662e+05 -1.877401e+03 4.555646e+03 -8.787130e+04 4.660291e+03 -4.384886e+04 -7.966206e+04 5.361491e+03 4.427187e+03 8.801041e+04 1.322777e+05 -1.317789e+03 7.952366e+04 5.238563e+03 3.205359e+03 3.365028e+04 5.490593e+03 1.002680e+05 1.506925e+05 -1.229070e+03 -9.075510e+04 -6.407291e+03 -4.274022e+03 -3.841644e+04 1.506889e+05 1.920396e+03 -3.654499e+03 7.712996e+04 3.468499e+03 -3.841044e+04 -6.980430e+04 4.368430e+03
-9.393939e-03 -1.941011e+05 -1.958410e+03 4.789221e+03 -9.856975e+04 5.108852e+03 -4.940794e+04 -8.903753e+04 5.673864e+03 4.643910e+03 9.872352e+04 1.495611e+05 -1.376625e+03 8.888444e+04 5.534566e+03 3.513773e+03 3.791989e+04 5.767395e+03 1.124740e+05 1.703841e+05 -1.282629e+03 -1.014368e+05 -6.774260e+03 -4.671179e+03 -4.328874e+04 1.703800e+05 2.004993e+03 -3.836489e+03 8.651992e+04 3.816442e+03 -4.328184e+04 -7.802039e+04 4.619739e+03
-9.191919e-03 -2.212966e+05 -2.041259e+03 5.055857e+03 -1.115149e+05 5.641467e+03 -5.613860e+04 -1.003415e+05 6.034852e+03 4.889985e+03 1.116862e+05 1.705117e+05 -1.437442e+03 1.001709e+05 5.875573e+03 3.880005e+03 4.308951e+04 6.082859e+03 1.272430e+05 1.942541e+05 -1.335979e+03 -1.143157e+05 -7.197668e+03 -5.142476e+03 -4.918800e+04 1.942494e+05 2.093673e+03 -4.043473e+03 9.788178e+04 4.229891e+03 -4.917998e+04 -8.792662e+04 4.909744e+03
-8.989899e-03 -2.547665e+05 -2.123944e+03 5.364354e+03 -1.274233e+05 6.283914e+03 -6.441255e+04 -1.141799e+05 6.458079e+03 5.172974e+03 1.276159e+05 1.962956e+05 -1.499103e+03 1.139879e+05 6.273998e+03 4.321785e+03 4.944470e+04 6.447167e+03 1.453926e+05 2.236311e+05 -1.387078e+03 -1.300821e+05 -7.693206e+03 -5.710600e+03 -5.644006e+04 2.236256e+05 2.185426e+03 -4.281973e+03 1.118444e+05 4.728990e+03 -5.643065e+04 -1.000539e+05 5.249213e+03
-8.787879e-03 -2.967178e+05 -2.202837e+03 5.727342e+03 -1.473413e+05 7.073904e+03 -7.477165e+04 -1.314338e+05 6.963189e+03 5.503664e+03 1.475601e+05 2.286131e+05 -1.559469e+03 1.312154e+05 6.747686e+03 4.865052e+03 5.740176e+04 6.874893e+03 1.681163e+05 2.604523e+05 -1.432392e+03 -1.497400e+05 -8.283465e+03 -6.408722e+03 -6.551992e+04 2.604457e+05 2.278164e+03 -4.561313e+03 1.293261e+05 5.343218e+03 -6.550872e+04 -1.151746e+05 5.653651e+03
-8.585859e-03 -3.505011e+05 -2.271330e+03 6.163800e+03 -1.728608e+05 8.069083e+03 -8.803843e+04 -1.534377e+05 7.579791e+03 5.898174e+03 1.731128e+05 2.700451e+05 -1.614541e+03 1.531860e+05 7.323460e+03 5.549450e+03 6.759258e+04 7.387890e+03 1.972301e+05 3.076584e+05 -1.465693e+03 -1.748099e+05 -9.002450e+03 -7.287526e+03 -7.714859e+04 3.076504e+05 2.367763e+03 -4.895464e+03 1.517240e+05 6.117654e+03 -7.713507e+04 -1.344583e+05 6.146395e+03
-8.383838e-03 -4.214751e+05 -2.317033e+03 6.704019e+03 -2.065341e+05 9.362721e+03 -1.055283e+05 -1.823197e+05 8.355170e+03 6.382098e+03 2.068293e+05 3.247196e+05 -1.656689e+03 1.820245e+05 8.044022e+03 6.439112e+03 8.102778e+04 8.020959e+03 2.356457e+05 3.699527e+05 -1.475575e+03 -2.077163e+05 -9.904383e+03 -8.428990e+03 -9.247921e+04 3.699429e+05 2.446064e+03 -5.306666e+03 1.812783e+05 7.125254e+03 -9.246255e+04 -1.597699e+05 6.764660e+03
-8.181818e-03 -5.188360e+05 -2.315412e+03 7.400405e+03 -2.527549e+05 1.111770e+04 -1.294990e+05 -2.217201e+05 9.370915e+03 6.999514e+03 2.531086e+05 3.997205e+05 -1.670599e+03 2.213658e+05 8.982837e+03 7.646017e+03 9.944184e+04 8.834174e+03 2.883752e+05 4.554066e+05 -1.439839e+03 -2.526067e+05 -1.108270e+04 -9.976220e+03 -1.134909e+05 4.553942e+05 2.496290e+03 -5.833326e+03 2.218451e+05 8.493458e+03 -1.134698e+05 -1.942997e+05 7.572571e+03
-7.979798e-03 -6.600497e+05 -2.213295e+03 8.354636e+03 -3.198997e+05 1.365116e+04 -1.642395e+05 -2.785262e+05 1.078426e+04 7.835647e+03 3.203374e+05 5.085023e+05 -1.622726e+03 2.780872e+05 1.028109e+04 9.388135e+03 1.261298e+05 9.943855e+03 3.649741e+05 5.793500e+05 -1.310975e+03 -3.173284e+05 -1.271723e+04 -1.220775e+04 -1.439434e+05 5.793337e+05 2.481073e+03 -6.549879e+03 2.807762e+05 1.047042e+04 -1.439156e+05 -2.440840e+05 8.693532e+03
-7.777778e-03 -8.840651e+05 -1.876361e+03 9.802158e+03 -4.267364e+05 1.769473e+04 -2.193185e+05 -3.680276e+05 1.295507e+04 9.087448e+03 4.273060e+05 6.810682e+05 -1.427615e+03 3.674554e+05 1.226112e+04 1.216816e+04 1.684428e+05 1.161888e+04 4.868521e+05 7.759681e+05 -9.700522e+02 -4.193013e+05 -1.521911e+04 -1.576599e+04 -1.922247e+05 7.759454e+05 2.304115e+03 -7.628708e+03 3.745435e+05 1.362862e+04 -1.921859e+05 -3.225222e+05 1.040963e+04
-7.575758e-03 -1.308172e+06 -8.482973e+02 1.249411e+04 -6.301175e+05 2.555341e+04 -3.235716e+05 -5.360161e+05 1.701193e+04 1.138315e+04 6.309357e+05 1.007770e+06 -7.929524e+02 5.351925e+05 1.593165e+04 1.756921e+04 2.485333e+05 1.471590e+04 7.188641e+05 1.148206e+06 -1.546688e+01 -6.106979e+05 -1.987662e+04 -2.267440e+04 -2.836125e+05 1.148170e+06 1.633556e+03 -9.620560e+03 5.530447e+05 1.977145e+04 -2.835513e+05 -4.697448e+05 1.360450e+04
-7.373737e-03 -2.810909e+06 4.750869e+03 2.257264e+04 -1.359283e+06 5.561241e+04 -6.932434e+05 -1.123074e+06 3.195817e+04 1.987123e+04 1.360986e+06 2.165379e+06 2.781838e+03 1.121353e+06 2.932748e+04 3.821241e+04 5.325229e+05 2.623405e+04 1.550671e+06 2.467165e+06 4.956213e+03 -1.279555e+06 -3.696158e+04 -4.907026e+04 -6.076682e+05 2.467076e+06 -2.380945e+03 -1.704339e+04 1.193010e+06 4.327805e+04 -6.075170e+05 -9.842203e+05 2.532057e+04
-7.171717e-03 -2.482563e+06 -1.509517e+02 1.659151e+04 -1.174887e+06 4.074885e+04 -6.105889e+05 -1.013075e+06 2.466802e+04 1.479401e+04 1.176349e+06 1.912403e+06 -4.770405e+02 1.011599e+06 2.291569e+04 2.805098e+04 4.690593e+05 1.946213e+04 1.340308e+06 2.178945e+06 7.359732e+02 -1.154244e+06 -2.868680e+04 -3.603964e+04 -5.352169e+05 2.178881e+06 1.413465e+03 -1.255431e+04 1.031165e+06 3.168554e+04 -5.351159e+05 -8.878766e+05 1.966800e+04
-6.969697e-03 8.204151e+04 -1.187606e+04 -1.868819e+02 7.752341e+04 -1.179178e+04 2.005657e+04 -2.090298e+04 -3.826694e+02 8.631626e+02 -7.756319e+04 -6.319146e+04 -8.055141e+03 2.095215e+04 6.430378e+02 -8.021102e+03 -1.542085e+04 3.978425e+02 -8.838102e+04 -7.201847e+04 -9.447719e+03 -2.382699e+04 -1.614800e+02 1.005576e+04 1.761661e+04 -7.198572e+04 1.015301e+04 -2.871267e+02 -6.803407e+04 -9.432371e+03 1.755543e+04 -1.838153e+04 1.040310e+02
-6.767677e-03 4.584207e+06 -2.405432e+04 -1.775510e+04 2.205623e+06 -7.951589e+04 1.121292e+06 1.770187e+06 -3.167576e+04 -1.323356e+04 -2.208131e+06 -3.531206e+06 -1.571358e+04 -1.767630e+06 -2.725539e+04 -5.464318e+04 -8.615344e+05 -1.955309e+04 -2.515950e+06 -4.023474e+06 -2.000314e+04 2.016885e+06 3.547029e+04 6.947053e+04 9.830016e+05 -4.023333e+06 1.900979e+04 1.213592e+04 -1.935771e+06 -6.257733e+04 9.827351e+05 1.551420e+06 -2.440270e+04
-6.565657e-03 -3.957819e+06 -8.796340e+03 1.039592e+04 -1.779141e+06 3.387399e+04 -9.657046e+05 -1.673844e+06 2.219660e+04 9.322992e+03 1.781258e+06 3.048668e+06 -6.491424e+03 1.671712e+06 2.114713e+04 2.352890e+04 7.420153e+05 1.260827e+04 2.029568e+06 3.473649e+06 -6.467733e+03 -1.907156e+06 -2.606894e+04 -3.008281e+04 -8.465344e+05 3.473604e+06 8.649752e+03 -7.594518e+03 1.561470e+06 2.645609e+04 -8.464730e+05 -1.467204e+06 1.796279e+04
-6.363636e-03 9.193438e+05 -1.842517e+04 -1.220912e+03 4.859774e+05 -2.483890e+04 2.236734e+05 2.946199e+05 -3.802889e+03 6.304877e+02 -4.864363e+05 -7.081380e+05 -1.240482e+04 -2.941346e+05 -1.988448e+03 -1.699004e+04 -1.718896e+05 -5.052576e+02 -5.542636e+05 -8.068898e+05 -1.468333e+04 3.356732e+05 3.468030e+03 2.139929e+04 1.961347e+05 -8.068290e+05 1.562096e+04 1.289675e+02 -4.265061e+05 -1.975877e+04 1.960230e+05 2.581610e+05 -2.411859e+03
-6.161616e-03 -2.418833e+07 -2.162831e+04 4.438576e+02 -1.071106e+07 1.323250e+05 -5.872238e+06 -1.022428e+07 6.816437e+04 -4.205894e+03 1.072312e+07 1.863137e+07 -1.754335e+04 1.021213e+07 6.360417e+04 9.276123e+04 4.512685e+06 1.585605e+03 1.221813e+07 2.122893e+07 -1.713507e+04 -1.164959e+07 -7.881595e+04 -1.166142e+05 -5.147902e+06 2.122866e+07 2.183917e+04 4.523083e+03 9.400453e+06 1.052141e+05 -5.147644e+06 -8.962696e+06 5.494344e+04
-5.959596e-03 3.119955e+06 -2.879943e+04 3.285360e+03 1.497384e+06 -4.010621e+04 7.555366e+05 1.179655e+06 -5.092444e+03 6.154903e+03 -1.498847e+06 -2.403114e+06 -1.922220e+04 -1.178141e+06 -2.274040e+03 -2.760173e+04 -5.806699e+05 5.233843e+03 -1.707849e+06 -2.738221e+06 -2.267544e+04 1.344105e+06 4.342565e+03 3.455100e+04 6.624461e+05 -2.738131e+06 2.450131e+04 -4.253803e+03 -1.314137e+06 -3.209710e+04 6.622677e+05 1.033996e+06 -3.120610e+03
-5.757576e-03 3.251886e+07 -3.133497e+04 7.839278e+04 1.428253e+07 -8.583904e+04 7.857075e+06 1.374276e+07 -6.993109e+03 8.319827e+04 -1.429749e+07 -2.504710e+07 -1.785078e+04 -1.372771e+07 -2.268444e+03 -6.177915e+04 -6.038849e+06 9.290749e+04 -1.629107e+07 -2.853955e+07 -2.114588e+04 1.565893e+07 4.448448e+03 7.380399e+04 6.888384e+06 -2.853945e+07 2.669344e+04 -7.025663e+04 -1.253475e+07 -7.192249e+04 6.888072e+06 1.204787e+07 -4.700605e+03
-5.555556e-03 -2.174743e+07 3.560061e+04 -7.682388e+04 -9.508304e+06 2.034309e+04 -5.242619e+06 -9.248375e+06 -2.151244e+04 -7.907074e+04 9.517845e+06 1.675021e+07 2.201683e+04 9.238775e+06 -2.372375e+04 1.600483e+04 4.029688e+06 -9.116988e+04 1.084512e+07 1.908604e+07 2.464115e+04 -1.053799e+07 2.811648e+04 -1.632187e+04 -4.596380e+06 1.908589e+07 -3.169011e+04 6.659565e+04 8.344635e+06 1.976661e+04 -4.596253e+06 -8.108156e+06 -1.804827e+04
-5.353535e-03 -2.595773e+06 -3.970293e+03 -1.197655e+04 -1.088193e+06 -1.130411e+04 -6.244278e+05 -1.165961e+06 -5.537576e+03 -1.136214e+04 1.089295e+06 1.999278e+06 -2.944312e+03 1.164873e+06 -4.931798e+03 -7.437140e+03 4.799831e+05 -1.375320e+04 1.241201e+06 2.278076e+06 -3.682644e+03 -1.328568e+06 6.420230e+03 9.973267e+03 -5.474425e+05 2.278095e+06 3.156253e+03 9.889547e+03 9.550138e+05 -8.421736e+03 -5.474827e+05 -1.022302e+06 -4.243997e+03
-5.151515e-03 -5.702579e+05 -1.110040e+04 -3.163331e+03 -1.929166e+05 -1.311102e+04 -1.369293e+05 -3.169166e+05 -1.755636e+03 -2.211167e+03 1.931594e+05 4.392100e+05 -7.595755e+03 3.166990e+05 -8.160520e+02 -8.861001e+03 1.052535e+05 -3.171385e+03 2.200917e+05 5.004462e+05 -8.914058e+03 -3.611266e+05 1.573810e+03 1.134366e+04 -1.200207e+05 5.004795e+05 9.482480e+03 2.274095e+03 1.693101e+05 -1.025931e+04 -1.200825e+05 -2.779284e+05 -1.045068e+03
-4.949495e-03 -2.649419e+05 -1.091292e+04 -1.635210e+03 -6.420350e+04 -1.178740e+04 -6.351524e+04 -1.831810e+05 -9.772191e+02 -7.585753e+02 6.431855e+04 2.040550e+05 -7.439980e+03 1.830913e+05 -1.112219e+02 -7.990519e+03 4.882023e+04 -1.410738e+03 7.328310e+04 2.324983e+05 -8.689892e+03 -2.087407e+05 6.662886e+02 1.018029e+04 -5.565680e+04 2.325297e+05 9.364659e+03 1.014241e+03 5.634996e+04 -9.269161e+03 -5.571422e+04 -1.606727e+05 -4.422270e+02
-4.747475e-03 -7.719222e+05 -5.756470e+01 -5.736268e+03 -3.212609e+05 -7.978087e+03 -1.845723e+05 -3.654186e+05 -3.973592e+03 -5.426638e+03 3.215467e+05 5.945122e+05 -1.001728e+02 3.651419e+05 -3.667151e+03 -5.362163e+03 1.418984e+05 -6.651995e+03 3.663968e+05 6.774292e+05 -2.919369e+02 -4.163932e+05 4.645526e+03 7.058150e+03 -1.618248e+05 6.774394e+05 -1.274859e+02 4.673312e+03 2.819362e+05 -6.053517e+03 -1.618457e+05 -3.204419e+05 -3.128158e+03
-4.545455e-03 -2.537037e+06 3.980042e+04 -2.175073e+04 -1.221613e+06 1.607770e+03 -6.053151e+05 -9.988319e+05 -1.625776e+04 -2.325904e+04 1.222456e+06 1.953917e+06 2.686706e+04 9.979346e+05 -1.774982e+04 1.283645e+03 4.654183e+05 -2.691162e+04 1.393000e+06 2.226499e+06 3.046403e+04 -1.138147e+06 2.064826e+04 -6.170898e+02 -5.308273e+05 2.226438e+06 -3.507907e+04 1.877379e+04 1.072052e+06 2.255791e+03 -5.307283e+05 -8.757822e+05 -1.394413e+04
-4.343434e-03 8.758461e+06 -2.228529e+05 8.463618e+04 4.569425e+06 -5.204728e+04 2.085543e+06 3.042450e+06 6.648715e+04 9.447460e+04 -4.572077e+06 -6.745318e+06 -1.508864e+05 -3.039430e+06 7.623127e+04 -3.600681e+04 -1.603689e+06 1.072970e+05 -5.209975e+06 -7.686436e+06 -1.720684e+05 3.466774e+06 -8.659252e+04 4.184014e+04 1.829146e+06 -7.686085e+06 1.954369e+05 -7.454982e+04 -4.009954e+06 -4.486156e+04 1.828482e+06 2.667411e+06 5.856542e+04
-4.141414e-03 -4.599560e+06 1.209821e+05 -4.837678e+04 -2.414238e+06 1.588640e+04 -1.093337e+06 -1.638230e+06 -3.912155e+04 -5.313445e+04 2.415526e+06 3.542285e+06 8.194862e+04 1.636743e+06 -4.383800e+04 1.110670e+04 8.407712e+05 -6.086678e+04 2.752575e+06 4.036547e+06 9.327023e+04 -1.866734e+06 5.031501e+04 -1.195735e+04 -9.589342e+05 4.036358e+06 -1.062811e+05 4.220802e+04 2.118618e+06 1.463844e+04 -9.586133e+05 -1.436392e+06 -3.405814e+04
-3.939394e-03 -1.286937e+06 3.315458e+04 -1.450843e+04 -6.732865e+05 -4.258549e+02 -3.054184e+05 -4.845540e+05 -1.197913e+04 -1.560725e+04 6.736238e+05 9.911050e+05 2.246270e+04 4.841665e+05 -1.306918e+04 -2.097537e+02 2.348740e+05 -1.806908e+04 7.676225e+05 1.129398e+06 2.549834e+04 -5.521494e+05 1.518745e+04 8.991412e+02 -2.678713e+05 1.129354e+06 -2.919361e+04 1.251312e+04 5.908400e+05 2.859282e+02 -2.677966e+05 -4.248941e+05 -1.028671e+04
-3.737374e-03 -8.398821e+05 2.299115e+04 -1.011043e+04 -4.465932e+05 -2.134024e+03 -1.990086e+05 -3.241061e+05 -8.503674e+03 -1.078573e+04 4.467954e+05 6.468084e+05 1.558432e+04 3.238703e+05 -9.174074e+03 -1.402529e+03 1.530492e+05 -1.254537e+04 5.091461e+05 7.370637e+05 1.767223e+04 -3.693230e+05 1.071575e+04 2.217086e+03 -1.745460e+05 7.370366e+05 -2.026261e+04 8.676307e+03 3.919030e+05 -1.254168e+03 -1.744997e+05 -2.842186e+05 -7.261921e+03
-3.535354e-03 -6.166332e+05 1.820307e+04 -7.873542e+03 -3.353898e+05 -2.819581e+03 -1.458908e+05 -2.434171e+05 -6.725143e+03 -8.352327e+03 3.355245e+05 4.748751e+05 1.234460e+04 2.432564e+05 -7.200784e+03 -1.884195e+03 1.122035e+05 -9.746742e+03 3.823505e+05 5.411417e+05 1.399067e+04 -2.773797e+05 8.439708e+03 2.730394e+03 -1.279600e+05 5.411223e+05 -1.605058e+04 6.733110e+03 2.943153e+05 -1.891260e+03 -1.279269e+05 -2.134722e+05 -5.722082e+03
-3.333333e-03 -4.780506e+05 1.532213e+04 -6.435253e+03 -2.673720e+05 -3.156303e+03 -1.129422e+05 -1.933664e+05 -5.568057e+03 -6.797853e+03 2.674654e+05 3.681475e+05 1.039536e+04 1.932516e+05 -5.928518e+03 -2.122601e+03 8.686658e+04 -7.952660e+03 3.047955e+05 4.195228e+05 1.177821e+04 -2.203479e+05 6.966171e+03 2.971433e+03 -9.906287e+04 4.195080e+05 -1.351364e+04 5.488425e+03 2.346256e+05 -2.217327e+03 -9.903766e+04 -1.695883e+05 -4.724838e+03
-3.131313e-03 -3.827549e+05 1.337762e+04 -5.402607e+03 -2.212869e+05 -3.333218e+03 -9.030641e+04 -1.591614e+05 -4.725787e+03 -5.688075e+03 2.213525e+05 2.947572e+05 9.079644e+03 1.590774e+05 -5.009749e+03 -2.249222e+03 6.945968e+04 -6.667738e+03 2.522487e+05 3.358924e+05 1.028646e+04 -1.813719e+05 5.898203e+03 3.089234e+03 -7.921035e+04 3.358807e+05 -1.179966e+04 4.597854e+03 1.941832e+05 -2.399028e+03 -7.919037e+04 -1.395974e+05 -4.001781e+03
-2.929293e-03 -3.130367e+05 1.197361e+04 -4.610651e+03 -1.881244e+05 -3.426300e+03 -7.376386e+04 -1.344126e+05 -4.070578e+03 -4.841171e+03 1.881702e+05 2.410654e+05 8.129532e+03 1.343504e+05 -4.300018e+03 -2.316995e+03 5.673805e+04 -5.684350e+03 2.144366e+05 2.747089e+05 9.210325e+03 -1.531709e+05 5.070607e+03 3.143467e+03 -6.470163e+04 2.746993e+05 -1.056100e+04 3.916974e+03 1.650813e+05 -2.503678e+03 -6.468540e+04 -1.178973e+05 -3.441232e+03
-2.727273e-03 -2.597949e+05 1.091418e+04 -3.975455e+03 -1.632917e+05 -3.472070e+03 -6.114557e+04 -1.158150e+05 -3.537690e+03 -4.164881e+03 1.633229e+05 2.000628e+05 7.412509e+03 1.157690e+05 -3.726335e+03 -2.351410e+03 4.703395e+04 -4.897021e+03 1.861224e+05 2.279849e+05 8.398954e+03 -1.319791e+05 4.399796e+03 3.162661e+03 -5.363453e+04 2.279771e+05 -9.625594e+03 3.372398e+03 1.432891e+05 -2.563843e+03 -5.362111e+04 -1.015906e+05 -2.986689e+03
-2.525253e-03 -2.177966e+05 1.009005e+04 -3.448876e+03 -1.441677e+05 -3.490087e+03 -5.120438e+04 -1.014612e+05 -3.090029e+03 -3.606431e+03 1.441879e+05 1.677194e+05 6.854642e+03 1.014275e+05 -3.247015e+03 -2.366148e+03 3.938837e+04 -4.245340e+03 1.643174e+05 1.911282e+05 7.768217e+03 -1.156230e+05 3.837957e+03 3.161989e+03 -4.491526e+04 1.911216e+05 -8.897390e+03 2.922086e+03 1.265068e+05 -2.597101e+03 -4.490404e+04 -8.900468e+04 -2.605835e+03
-2.323232e-03 -1.837926e+05 9.434950e+03 -3.000913e+03 -1.291377e+05 -3.491615e+03 -4.316598e+04 -9.016539e+04 -2.704445e+03 -3.133021e+03 1.291494e+05 1.415328e+05 6.411132e+03 9.014113e+04 -2.836139e+03 -2.369101e+03 3.320596e+04 -3.691711e+03 1.471805e+05 1.612873e+05 7.267160e+03 -1.027514e+05 3.355311e+03 3.150114e+03 -3.786477e+04 1.612817e+05 -8.318164e+03 2.539882e+03 1.133173e+05 -2.613667e+03 -3.785532e+04 -7.909999e+04 -2.278542e+03
-2.121212e-03 -1.556484e+05 8.906259e+03 -2.611683e+03 -1.171506e+05 -3.483476e+03 -3.652177e+04 -8.114996e+04 -2.365550e+03 -2.722975e+03 1.171556e+05 1.198590e+05 6.053145e+03 8.113314e+04 -2.476542e+03 -2.365063e+03 2.809562e+04 -3.211252e+03 1.335131e+05 1.365888e+05 6.863002e+03 -9.247833e+04 2.932101e+03 3.132227e+03 -3.203701e+04 1.365841e+05 -7.850421e+03 2.208475e+03 1.027980e+05 -2.619798e+03 -3.202901e+04 -7.119479e+04 -1.991453e+03
-1.919192e-03 -1.318984e+05 8.475255e+03 -2.267362e+03 -1.074928e+05 -3.469966e+03 -3.092266e+04 -7.388429e+04 -2.062590e+03 -2.361264e+03 1.074926e+05 1.015694e+05 5.761261e+03 7.387337e+04 -2.156277e+03 -2.357058e+03 2.378894e+04 -2.786685e+03 1.225017e+05 1.157467e+05 6.533678e+03 -8.419906e+04 2.554551e+03 3.111555e+03 -2.712582e+04 1.157428e+05 -7.468900e+03 1.915853e+03 9.432282e+04 -2.619480e+03 -2.711904e+04 -6.482380e+04 -1.735257e+03
-1.717172e-03 -1.114999e+05 8.121911e+03 -1.957954e+03 -9.966458e+04 -3.453861e+03 -2.612030e+04 -6.799492e+04 -1.787747e+03 -2.037048e+03 9.966014e+04 8.586084e+04 5.521938e+03 6.798873e+04 -1.866688e+03 -2.347047e+03 2.009494e+04 -2.405531e+03 1.135763e+05 9.784584e+04 6.263805e+03 -7.748809e+04 2.212665e+03 3.090157e+03 -2.291340e+04 9.784248e+04 -7.155974e+03 1.653339e+03 8.745316e+04 -2.615328e+03 -2.290767e+04 -5.965960e+04 -1.503194e+03
-1.515152e-03 -9.368739e+04 7.831882e+03 -1.675983e+03 -9.330703e+04 -3.437000e+03 -2.193250e+04 -6.321285e+04 -1.535132e+03 -1.742244e+03 9.329923e+04 7.214391e+04 5.325475e+03 6.321043e+04 -1.601285e+03 -2.336330e+03 1.687352e+04 -2.058469e+03 1.063278e+05 8.221443e+04 6.042370e+03 -7.203886e+04 1.898931e+03 3.069370e+03 -1.923997e+04 8.221160e+04 -6.899014e+03 1.414460e+03 8.187413e+04 -2.609100e+03 -1.923515e+04 -5.546630e+04 -1.290183e+03
-1.313131e-03 -7.788348e+04 7.594690e+03 -1.415691e+03 -8.815798e+04 -3.420615e+03 -1.822185e+04 -5.934090e+04 -1.300174e+03 -1.470639e+03 8.814751e+04 5.997386e+04 5.164785e+03 5.934150e+04 -1.355049e+03 -2.325786e+03 1.401903e+04 -1.738326e+03 1.004571e+05 6.834572e+04 5.861331e+03 -6.762673e+04 1.607531e+03 3.050073e+03 -1.598500e+04 6.834336e+04 -6.688789e+03 1.194234e+03 7.735563e+04 -2.601996e+03 -1.598100e+04 -5.207105e+04 -1.092290e+03
-1.111111e-03 -6.364094e+04 7.402580e+03 -1.172516e+03 -8.402355e+04 -3.405542e+03 -1.488198e+04 -5.623297e+04 -1.079226e+03 -1.217325e+03 8.401095e+04 4.900626e+04 5.034625e+03 5.623597e+04 -1.123987e+03 -2.316009e+03 1.144967e+04 -1.439424e+03 9.574332e+04 5.584724e+04 5.714740e+03 -6.408519e+04 1.333831e+03 3.032849e+03 -1.305523e+04 5.584531e+04 -6.518468e+03 9.887208e+02 7.372749e+04 -2.594847e+03 -1.305195e+04 -4.934574e+04 -9.063780e+02
-9.090909e-04 -5.060425e+04 7.249784e+03 -9.427424e+02 -8.075968e+04 -3.392354e+03 -1.182837e+04 -5.378032e+04 -8.692940e+02 -9.783153e+02 8.074543e+04 3.896732e+04 4.931092e+03 5.378519e+04 -9.048352e+02 -2.307409e+03 9.100457e+03 -1.157146e+03 9.202209e+04 4.440700e+04 5.598173e+03 -6.129035e+04 1.074034e+03 3.018089e+03 -1.037652e+04 4.440547e+04 -6.382967e+03 7.947195e+02 7.086331e+04 -2.588229e+03 -1.037392e+04 -4.719502e+04 -7.298797e+02
-7.070707e-04 -3.848303e+04 7.132025e+03 -7.232643e+02 -7.825982e+04 -3.381440e+03 -8.992041e+03 -5.190239e+04 -6.678538e+02 -7.502827e+02 7.824431e+04 2.963342e+04 4.851295e+03 5.190869e+04 -6.948524e+02 -2.300266e+03 6.918328e+03 -8.876331e+02 8.917193e+04 3.377016e+04 5.508352e+03 -5.915043e+04 8.249466e+02 3.006050e+03 -7.888377e+03 3.376900e+04 -6.278515e+03 6.095552e+02 6.866958e+04 -2.582548e+03 -7.886394e+03 -4.554827e+04 -5.606329e+02
-5.050505e-04 -2.703299e+04 7.046189e+03 -5.114069e+02 -7.644653e+04 -3.373061e+03 -6.314971e+03 -5.054062e+04 -4.727173e+02 -5.303691e+02 7.643012e+04 2.081640e+04 4.793126e+03 5.054794e+04 -4.916679e+02 -2.294769e+03 4.858673e+03 -6.275668e+02 8.710457e+04 2.372234e+04 5.442889e+03 -5.759865e+04 5.838046e+02 2.996900e+03 -5.539907e+03 2.372152e+04 -6.202366e+03 4.309287e+02 6.707836e+04 -2.578079e+03 -5.538514e+03 -4.435412e+04 -3.967661e+02
-3.030303e-04 -1.604177e+04 6.990104e+03 -3.047975e+02 -7.526592e+04 -3.367391e+03 -3.746754e+03 -4.965416e+04 -2.819313e+02 -3.160432e+02 7.524892e+04 1.235275e+04 4.755118e+03 4.966214e+04 -2.931710e+02 -2.291043e+03 2.882729e+03 -3.740041e+02 8.575853e+04 1.407718e+04 5.400120e+03 -5.658852e+04 3.481429e+02 2.990748e+03 -3.286908e+03 1.407669e+04 -6.152606e+03 2.568026e+02 6.604232e+04 -2.575006e+03 -3.286081e+03 -4.357678e+04 -2.366105e+02
-1.010101e-04 -5.317972e+03 6.962396e+03 -1.012617e+02 -7.468387e+04 -3.364531e+03 -1.241971e+03 -4.921719e+04 -9.369675e+01 -1.049887e+02 7.466658e+04 4.095028e+03 4.736340e+03 4.922550e+04 -9.742185e+01 -2.289162e+03 9.555674e+02 -1.242499e+02 8.509493e+04 4.666692e+03 5.378991e+03 -5.609058e+04 1.156947e+02 2.987658e+03 -1.089543e+03 4.666531e+03 -6.128020e+03 8.531160e+01 6.553155e+04 -2.573443e+03 -1.089269e+03 -4.319360e+04 -7.863112e+01
1.010101e-04 5.317972e+03 6.962396e+03 1.012617e+02 -7.468387e+04 -3.364531e+03 1.241971e+03 -4.921719e+04 9.369675e+01 1.049887e+02 7.466658e+04 -4.095028e+03 4.736340e+03 4.922550e+04 9.742185e+01 -2.289162e+03 -9.555674e+02 1.242499e+02 8.509493e+04 -4.666692e+03 5.378991e+03 -5.609058e+04 -1.156947e+02 2.987658e+03 1.089543e+03 -4.666531e+03 -6.128020e+03 -8.531160e+01 6.553155e+04 -2.573443e+03 1.089269e+03 -4.319360e+04 7.863112e+01
3.030303e-04 1.604177e+04 6.990104e+03 3.047975e+02 -7.526592e+04 -3.367391e+03 3.746754e+03 -4.965416e+04 2.819313e+02 3.160432e+02 7.524892e+04 -1.235275e+04 4.755118e+03 4.966214e+04 2.931710e+02 -2.291043e+03 -2.882729e+03 3.740041e+02 8.575853e+04 -1.407718e+04 5.400120e+03 -5.658852e+04 -3.481429e+02 2.990748e+03 3.286908e+03 -1.407669e+04 -6.152606e+03 -2.568026e+02 6.604232e+04 -2.575006e+03 3.286081e+03 -4.357678e+04 2.366105e+02
5.050505e-04 2.703299e+04 7.046189e+03 5.114069e+02 -7.644653e+04 -3.373061e+03 6.314971e+03 -5.054062e+04 4.727173e+02 5.303691e+02 7.643012e+04 -2.081640e+04 4.793126e+03 5.054794e+04 4.916679e+02 -2.294769e+03 -4.858673e+03 6.275668e+02 8.710457e+04 -2.372234e+04 5.442889e+03 -5.759865e+04 -5.838046e+02 2.996900e+03 5.539907e+03 -2.372152e+04 -6.202366e+03 -4.309287e+02 6.707836e+04 -2.578079e+03 5.538514e+03 -4.435412e+04 3.967661e+02
7.070707e-04 3.848303e+04 7.132025e+03 7.232643e+02 -7.825982e+04 -3.381440e+03 8.992041e+03 -5.190239e+04 6.678538e+02 7.502827e+02 7.824431e+04 -2.963342e+04 4.851295e+03 5.190869e+04 6.948524e+02 -2.300266e+03 -6.918328e+03 8.876331e+02 8.917193e+04 -3.377016e+04 5.508352e+03 -5.915043e+04 -8.249466e+02 3.006050e+03 7.888377e+03 -3.376900e+04 -6.278515e+03 -6.095552e+02 6.866958e+04 -2.582548e+03 7.886394e+03 -4.554827e+04 5.606329e+02
9.090909e-04 5.060425e+04 7.249784e+03 9.427424e+02 -8.075968e+04 -3.392354e+03 1.182837e+04 -5.378032e+04 8.692940e+02 9.783153e+02 8.074543e+04 -3.896732e+04 4.931092e+03 5.378519e+04 9.048352e+02 -2.307409e+03 -9.100457e+03 1.157146e+03 9.202209e+04 -4.440700e+04 5.598173e+03 -6.129035e+04 -1.074034e+03 3.018089e+03 1.037652e+04 -4.440547e+04 -6.382967e+03 -7.947195e+02 7.086331e+04 -2.588229e+03 1.037392e+04 -4.719502e+04 7.298797e+02
1.111111e-03 6.364094e+04 7.402580e+03 1.172516e+03 -8.402355e+04 -3.405542e+03 1.488198e+04 -5.623297e+04 1.079226e+03 1.217325e+03 8.401095e+04 -4.900626e+04 5.034625e+03 5.623597e+04 1.123987e+03 -2.316009e+03 -1.144967e+04 1.439424e+03 9.574332e+04 -5.584724e+04 5.714740e+03 -6.408519e+04 -1.333831e+03 3.032849e+03 1.305523e+04 -5.584531e+04 -6.518468e+03 -9.887208e+02 7.372749e+04 -2.594847e+03 1.305195e+04 -4.934574e+04 9.063780e+02
1.313131e-03 7.788348e+04 7.594690e+03 1.415691e+03 -8.815798e+04 -3.420615e+03 1.822185e+04 -5.934090e+04 1.300174e+03 1.470639e+03 8.814751e+04 -5.997386e+04 5.164785e+03 5.934150e+04 1.355049e+03 -2.325786e+03 -1.401903e+04 1.738326e+03 1.004571e+05 -6.834572e+04 5.861331e+03 -6.762673e+04 -1.607531e+03 3.050073e+03 1.598500e+04 -6.834336e+04 -6.688789e+03 -1.194234e+03 7.735563e+04 -2.601996e+03 1.598100e+04 -5.207105e+04 1.092290e+03
1.515152e-03 9.368739e+04 7.831882e+03 1.675983e+03 -9.330703e+04 -3.437000e+03 2.193250e+04 -6.321285e+04 1.535132e+03 1.742244e+03 9.329923e+04 -7.214391e+04 5.325475e+03 6.321043e+04 1.601285e+03 -2.336330e+03 -1.687352e+04 2.058469e+03 1.063278e+05 -8.221443e+04 6.042370e+03 -7.203886e+04 -1.898931e+03 3.069370e+03 1.923997e+04 -8.221160e+04 -6.899014e+03 -1.414460e+03 8.187413e+04 -2.609100e+03 1.923515e+04 -5.546630e+04 1.290183e+03
1.717172e-03 1.114999e+05 8.121911e+03 1.957954e+03 -9.966458e+04 -3.453861e+03 2.612030e+04 -6.799492e+04 1.787747e+03 2.037048e+03 9.966014e+04 -8.586084e+04 5.521938e+03 6.798873e+04 1.866688e+03 -2.347047e+03 -2.009494e+04 2.405531e+03 1.135763e+05 -9.784584e+04 6.263805e+03 -7.748809e+04 -2.212665e+03 3.090157e+03 2.291340e+04 -9.784248e+04 -7.155974e+03 -1.653339e+03 8.745316e+04 -2.615328e+03 2.290767e+04 -5.965960e+04 1.503194e+03
1.919192e-03 1.318984e+05 8.475255e+03 2.267362e+03 -1.074928e+05 -3.469966e+03 3.092266e+04 -7.388429e+04 2.062590e+03 2.361264e+03 1.074926e+05 -1.015694e+05 5.761261e+03 7.387337e+04 2.156277e+03 -2.357058e+03 -2.378894e+04 2.786685e+03 1.225017e+05 -1.157467e+05 6.533678e+03 -8.419906e+04 -2.554551e+03 3.111555e+03 2.712582e+04 -1.157428e+05 -7.468900e+03 -1.915853e+03 9.432282e+04 -2.619480e+03 2.711904e+04 -6.482380e+04 1.735257e+03
2.121212e-03 1.556484e+05 8.906259e+03 2.611683e+03 -1.171506e+05 -3.483476e+03 3.652177e+04 -8.114996e+04 2.365550e+03 2.722975e+03 1.171556e+05 -1.198590e+05 6.053145e+03 8.113314e+04 2.476542e+03 -2.365063e+03 -2.809562e+04 3.211252e+03 1.335131e+05 -1.365888e+05 6.863002e+03 -9.247833e+04 -2.932101e+03 3.132227e+03 3.203701e+04 -1.365841e+05 -7.850421e+03 -2.208475e+03 1.027980e+05 -2.619798e+03 3.202901e+04 -7.119479e+04 1.991453e+03
2.323232e-03 1.837926e+05 9.434950e+03 3.000913e+03 -1.291377e+05 -3.491615e+03 4.316598e+04 -9.016539e+04 2.704445e+03 3.133021e+03 1.291494e+05 -1.415328e+05 6.411132e+03 9.014113e+04 2.836139e+03 -2.369101e+03 -3.320596e+04 3.691711e+03 1.471805e+05 -1.612873e+05 7.267160e+03 -1.027514e+05 -3.355311e+03 3.150114e+03 3.786477e+04 -1.612817e+05 -8.318164e+03 -2.539882e+03 1.133173e+05 -2.613667e+03 3.785532e+04 -7.909999e+04 2.278542e+03
2.525253e-03 2.177966e+05 1.009005e+04 3.448876e+03 -1.441677e+05 -3.490087e+03 5.120438e+04 -1.014612e+05 3.090029e+03 3.606431e+03 1.441879e+05 -1.677194e+05 6.854642e+03 1.014275e+05 3.247015e+03 -2.366148e+03 -3.938837e+04 4.245340e+03 1.643174e+05 -1.911282e+05 7.768217e+03 -1.156230e+05 -3.837957e+03 3.161989e+03 4.491526e+04 -1.911216e+05 -8.897390e+03 -2.922086e+03 1.265068e+05 -2.597101e+03 4.490404e+04 -8.900468e+04 2.605835e+03
2.727273e-03 2.597949e+05 1.091418e+04 3.975455e+03 -1.632917e+05 -3.472070e+03 6.114557e+04 -1.158150e+05 3.537690e+03 4.164881e+03 1.633229e+05 -2.000628e+05 7.412509e+03 1.157690e+05 3.726335e+03 -2.351410e+03 -4.703395e+04 4.897021e+03 1.861224e+05 -2.279849e+05 8.398954e+03 -1.319791e+05 -4.399796e+03 3.162661e+03 5.363453e+04 -2.279771e+05 -9.625594e+03 -3.372398e+03 1.432891e+05 -2.563843e+03 5.362111e+04 -1.015906e+05 2.986689e+03
2.929293e-03 3.130367e+05 1.197361e+04 4.610651e+03 -1.881244e+05 -3.426300e+03 7.376386e+04 -1.344126e+05 4.070578e+03 4.841171e+03 1.881702e+05 -2.410654e+05 8.129532e+03 1.343504e+05 4.300018e+03 -2.316995e+03 -5.673805e+04 5.684350e+03 2.144366e+05 -2.747089e+05 9.210325e+03 -1.531709e+05 -5.070607e+03 3.143467e+03 6.470163e+04 -2.746993e+05 -1.056100e+04 -3.916974e+03 1.650813e+05 -2.503678e+03 6.468540e+04 -1.178973e+05 3.441232e+03
3.131313e-03 3.827549e+05 1.337762e+04 5.402607e+03 -2.212869e+05 -3.333218e+03 9.030641e+04 -1.591614e+05 4.725787e+03 5.688075e+03 2.213525e+05 -2.947572e+05 9.079644e+03 1.590774e+05 5.009749e+03 -2.249222e+03 -6.945968e+04 6.667738e+03 2.522487e+05 -3.358924e+05 1.028646e+04 -1.813719e+05 -5.898203e+03 3.089234e+03 7.921035e+04 -3.358807e+05 -1.179966e+04 -4.597854e+03 1.941832e+05 -2.399028e+03 7.919037e+04 -1.395974e+05 4.001781e+03
3.333333e-03 4.780506e+05 1.532213e+04 6.435253e+03 -2.673720e+05 -3.156303e+03 1.129422e+05 -1.933664e+05 5.568057e+03 6.797853e+03 2.674654e+05 -3.681475e+05 1.039536e+04 1.932516e+05 5.928518e+03 -2.122601e+03 -8.686658e+04 7.952660e+03 3.047955e+05 -4.195228e+05 1.177821e+04 -2.203479e+05 -6.966171e+03 2.971433e+03 9.906287e+04 -4.195080e+05 -1.351364e+04 -5.488425e+03 2.346256e+05 -2.217327e+03 9.903766e+04 -1.695883e+05 4.724838e+03
3.535354e-03 6.166332e+05 1.820307e+04 7.873542e+03 -3.353898e+05 -2.819581e+03 1.458908e+05 -2.434171e+05 6.725143e+03 8.352327e+03 3.355245e+05 -4.748751e+05 1.234460e+04 2.432564e+05 7.200784e+03 -1.884195e+03 -1.122035e+05 9.746742e+03 3.823505e+05 -5.411417e+05 1.399067e+04 -2.773797e+05 -8.439708e+03 2.730394e+03 1.279600e+05 -5.411223e+05 -1.605058e+04 -6.733110e+03 2.943153e+05 -1.891260e+03 1.279269e+05 -2.134722e+05 5.722082e+03
3.737374e-03 8.398821e+05 2.299115e+04 1.011043e+04 -4.465932e+05 -2.134024e+03 1.990086e+05 -3.241061e+05 8.503674e+03 1.078573e+04 4.467954e+05 -6.468084e+05 1.558432e+04 3.238703e+05 9.174074e+03 -1.402529e+03 -1.530492e+05 1.254537e+04 5.091461e+05 -7.370637e+05 1.767223e+04 -3.693230e+05 -1.071575e+04 2.217086e+03 1.745460e+05 -7.370366e+05 -2.026261e+04 -8.676307e+03 3.919030e+05 -1.254168e+03 1.744997e+05 -2.842186e+05 7.261921e+03
3.939394e-03 1.286937e+06 3.315458e+04 1.450843e+04 -6.732865e+05 -4.258549e+02 3.054184e+05 -4.845540e+05 1.197913e+04 1.560725e+04 6.736238e+05 -9.911050e+05 2.246270e+04 4.841665e+05 1.306918e+04 -2.097537e+02 -2.348740e+05 1.806908e+04 7.676225e+05 -1.129398e+06 2.549834e+04 -5.521494e+05 -1.518745e+04 8.991412e+02 2.678713e+05 -1.129354e+06 -2.919361e+04 -1.251312e+04 5.908400e+05 2.859282e+02 2.677966e+05 -4.248941e+05 1.028671e+04
4.141414e-03 4.599560e+06 1.209821e+05 4.837678e+04 -2.414238e+06 1.588640e+04 1.093337e+06 -1.638230e+06 3.912155e+04 5.313445e+04 2.415526e+06 -3.542285e+06 8.194862e+04 1.636743e+06 4.383800e+04 1.110670e+04 -8.407712e+05 6.086678e+04 2.752575e+06 -4.036547e+06 9.327023e+04 -1.866734e+06 -5.031501e+04 -1.195735e+04 9.589342e+05 -4.036358e+06 -1.062811e+05 -4.220802e+04 2.118618e+06 1.463844e+04 9.586133e+05 -1.436392e+06 3.405814e+04
4.343434e-03 -8.758461e+06 -2.228529e+05 -8.463618e+04 4.569425e+06 -5.204728e+04 -2.085543e+06 3.042450e+06 -6.648715e+04 -9.447460e+04 -4.572077e+06 6.745318e+06 -1.508864e+05 -3.039430e+06 -7.623127e+04 -3.600681e+04 1.603689e+06 -1.072970e+05 -5.209975e+06 7.686436e+06 -1.720684e+05 3.466774e+06 8.659252e+04 4.184014e+04 -1.829146e+06 7.686085e+06 1.954369e+05 7.454982e+04 -4.009954e+06 -4.486156e+04 -1.828482e+06 2.667411e+06 -5.856542e+04
4.545455e-03 2.537037e+06 3.980042e+04 2.175073e+04 -1.221613e+06 1.607770e+03 6.053151e+05 -9.988319e+05 1.625776e+04 2.325904e+04 1.222456e+06 -1.953917e+06 2.686706e+04 9.979346e+05 1.774982e+04 1.283645e+03 -4.654183e+05 2.691162e+04 1.393000e+06 -2.226499e+06 3.046403e+04 -1.138147e+06 -2.064826e+04 -6.170898e+02 5.308273e+05 -2.226438e+06 -3.507907e+04 -1.877379e+04 1.072052e+06 2.255791e+03 5.307283e+05 -8.757822e+05 1.394413e+04
4.747475e-03 7.719222e+05 -5.756470e+01 5.736268e+03 -3.212609e+05 -7.978087e+03 1.845723e+05 -3.654186e+05 3.973592e+03 5.426638e+03 3.215467e+05 -5.945122e+05 -1.001728e+02 3.651419e+05 3.667151e+03 -5.362163e+03 -1.418984e+05 6.651995e+03 3.663968e+05 -6.774292e+05 -2.919369e+02 -4.163932e+05 -4.645526e+03 7.058150e+03 1.618248e+05 -6.774394e+05 -1.274859e+02 -4.673312e+03 2.819362e+05 -6.053517e+03 1.618457e+05 -3.204419e+05 3.128158e+03
4.949495e-03 2.649419e+05 -1.091292e+04 1.635210e+03 -6.420350e+04 -1.178740e+04 6.351524e+04 -1.831810e+05 9.772191e+02 7.585753e+02 6.431855e+04 -2.040550e+05 -7.439980e+03 1.830913e+05 1.112219e+02 -7.990519e+03 -4.882023e+04 1.410738e+03 7.328310e+04 -2.324983e+05 -8.689892e+03 -2.087407e+05 -6.662886e+02 1.018029e+04 5.565680e+04 -2.325297e+05 9.364659e+03 -1.014241e+03 5.634996e+04 -9.269161e+03 5.571422e+04 -1.606727e+05 4.422270e+02
5.151515e-03 5.702579e+05 -1.110040e+04 3.163331e+03 -1.929166e+05 -1.311102e+04 1.369293e+05 -3.169166e+05 1.755636e+03 2.211167e+03 1.931594e+05 -4.392100e+05 -7.595755e+03 3.166990e+05 8.160520e+02 -8.861001e+03 -1.052535e+05 3.171385e+03 2.200917e+05 -5.004462e+05 -8.914058e+03 -3.611266e+05 -1.573810e+03 1.134366e+04 1.200207e+05 -5.004795e+05 9.482480e+03 -2.274095e+03 1.693101e+05 -1.025931e+04 1.200825e+05 -2.779284e+05 1.045068e+03
5.353535e-03 2.595773e+06 -3.970293e+03 1.197655e+04 -1.088193e+06 -1.130411e+04 6.244278e+05 -1.165961e+06 5.537576e+03 1.136214e+04 1.089295e+06 -1.999278e+06 -2.944312e+03 1.164873e+06 4.931798e+03 -7.437140e+03 -4.799831e+05 1.375320e+04 1.241201e+06 -2.278076e+06 -3.682644e+03 -1.328568e+06 -6.420230e+03 9.973267e+03 5.474425e+05 -2.278095e+06 3.156253e+03 -9.889547e+03 9.550138e+05 -8.421736e+03 5.474827e+05 -1.022302e+06 4.243997e+03
5.555556e-03 2.174743e+07 3.560061e+04 7.682388e+04 -9.508304e+06 2.034309e+04 5.242619e+06 -9.248375e+06 2.151244e+04 7.907074e+04 9.517845e+06 -1.675021e+07 2.201683e+04 9.238775e+06 2.372375e+04 1.600483e+04 -4.029688e+06 9.116988e+04 1.084512e+07 -1.908604e+07 2.464115e+04 -1.053799e+07 -2.811648e+04 -1.632187e+04 4.596380e+06 -1.908589e+07 -3.169011e+04 -6.659565e+04 8.344635e+06 1.976661e+04 4.596253e+06 -8.108156e+06 1.804827e+04
5.757576e-03 -3.251886e+07 -3.133497e+04 -7.839278e+04 1.428253e+07 -8.583904e+04 -7.857075e+06 1.374276e+07 6.993109e+03 -8.319827e+04 -1.429749e+07 2.504710e+07 -1.785078e+04 -1.372771e+07 2.268444e+03 -6.177915e+04 6.038849e+06 -9.290749e+04 -1.629107e+07 2.853955e+07 -2.114588e+04 1.565893e+07 -4.448448e+03 7.380399e+04 -6.888384e+06 2.853945e+07 2.669344e+04 7.025663e+04 -1.253475e+07 -7.192249e+04 -6.888072e+06 1.204787e+07 4.700605e+03
5.959596e-03 -3.119955e+06 -2.879943e+04 -3.285360e+03 1.497384e+06 -4.010621e+04 -7.555366e+05 1.179655e+06 5.092444e+03 -6.154903e+03 -1.498847e+06 2.403114e+06 -1.922220e+04 -1.178141e+06 2.274040e+03 -2.760173e+04 5.806699e+05 -5.233843e+03 -1.707849e+06 2.738221e+06 -2.267544e+04 1.344105e+06 -4.342565e+03 3.455100e+04 -6.624461e+05 2.738131e+06 2.450131e+04 4.253803e+03 -1.314137e+06 -3.209710e+04 -6.622677e+05 1.033996e+06 3.120610e+03
6.161616e-03 2.418833e+07 -2.162831e+04 -4.438576e+02 -1.071106e+07 1.323250e+05 5.872238e+06 -1.022428e+07 -6.816437e+04 4.205894e+03 1.072312e+07 -1.863137e+07 -1.754335e+04 1.021213e+07 -6.360417e+04 9.276123e+04 -4.512685e+06 -1.585605e+03 1.221813e+07 -2.122893e+07 -1.713507e+04 -1.164959e+07 7.881595e+04 -1.166142e+05 5.147902e+06 -2.122866e+07 2.183917e+04 -4.523083e+03 9.400453e+06 1.052141e+05 5.147644e+06 -8.962696e+06 -5.494344e+04
6.363636e-03 -9.193438e+05 -1.842517e+04 1.220912e+03 4.859774e+05 -2.483890e+04 -2.236734e+05 2.946199e+05 3.802889e+03 -6.304877e+02 -4.864363e+05 7.081380e+05 -1.240482e+04 -2.941346e+05 1.988448e+03 -1.699004e+04 1.718896e+05 5.052576e+02 -5.542636e+05 8.068898e+05 -1.468333e+04 3.356732e+05 -3.468030e+03 2.139929e+04 -1.961347e+05 8.068290e+05 1.562096e+04 -1.289675e+02 -4.265061e+05 -1.975877e+04 -1.960230e+05 2.581610e+05 2.411859e+03
6.565657e-03 3.957819e+06 -8.796340e+03 -1.039592e+04 -1.779141e+06 3.387399e+04 9.657046e+05 -1.673844e+06 -2.219660e+04 -9.322992e+03 1.781258e+06 -3.048668e+06 -6.491424e+03 1.671712e+06 -2.114713e+04 2.352890e+04 -7.420153e+05 -1.260827e+04 2.029568e+06 -3.473649e+06 -6.467733e+03 -1.907156e+06 2.606894e+04 -3.008281e+04 8.465344e+05 -3.473604e+06 8.649752e+03 7.594518e+03 1.561470e+06 2.645609e+04 8.464730e+05 -1.467204e+06 -1.796279e+04
6.767677e-03 -4.584207e+06 -2.405432e+04 1.775510e+04 2.205623e+06 -7.951589e+04 -1.121292e+06 1.770187e+06 3.167576e+04 1.323356e+04 -2.208131e+06 3.531206e+06 -1.571358e+04 -1.767630e+06 2.725539e+04 -5.464318e+04 8.615344e+05 1.955309e+04 -2.515950e+06 4.023474e+06 -2.000314e+04 2.016885e+06 -3.547029e+04 6.947053e+04 -9.830016e+05 4.023333e+06 1.900979e+04 -1.213592e+04 -1.935771e+06 -6.257733e+04 -9.827351e+05 1.551420e+06 2.440270e+04
6.969697e-03 -8.204151e+04 -1.187606e+04 1.868819e+02 7.752341e+04 -1.179178e+04 -2.005657e+04 -2.090298e+04 3.826694e+02 -8.631626e+02 -7.756319e+04 6.319146e+04 -8.055141e+03 2.095215e+04 -6.430378e+02 -8.021102e+03 1.542085e+04 -3.978425e+02 -8.838102e+04 7.201847e+04 -9.447719e+03 -2.382699e+04 1.614800e+02 1.005576e+04 -1.761661e+04 7.198572e+04 1.015301e+04 2.871267e+02 -6.803407e+04 -9.432371e+03 -1.755543e+04 -1.838153e+04 -1.040310e+02
7.171717e-03 2.482563e+06 -1.509517e+02 -1.659151e+04 -1.174887e+06 4.074885e+04 6.105889e+05 -1.013075e+06 -2.466802e+04 -1.479401e+04 1.176349e+06 -1.912403e+06 -4.770405e+02 1.011599e+06 -2.291569e+04 2.805098e+04 -4.690593e+05 -1.946213e+04 1.340308e+06 -2.178945e+06 7.359732e+02 -1.154244e+06 2.868680e+04 -3.603964e+04 5.352169e+05 -2.178881e+06 1.413465e+03 1.255431e+04 1.031165e+06 3.168554e+04 5.351159e+05 -8.878766e+05 -1.966800e+04
7.373737e-03 2.810909e+06 4.750869e+03 -2.257264e+04 -1.359283e+06 5.561241e+04 6.932434e+05 -1.123074e+06 -3.195817e+04 -1.987123e+04 1.360986e+06 -2.165379e+06 2.781838e+03 1.121353e+06 -2.932748e+04 3.821241e+04 -5.325229e+05 -2.623405e+04 1.550671e+06 -2.467165e+06 4.956213e+03 -1.279555e+06 3.696158e+04 -4.907026e+04 6.076682e+05 -2.467076e+06 -2.380945e+03 1.704339e+04 1.193010e+06 4.327805e+04 6.075170e+05 -9.842203e+05 -2.532057e+04
7.575758e-03 1.308172e+06 -8.482973e+02 -1.249411e+04 -6.301175e+05 2.555341e+04 3.235716e+05 -5.360161e+05 -1.701193e+04 -1.138315e+04 6.309357e+05 -1.007770e+06 -7.929524e+02 5.351925e+05 -1.593165e+04 1.756921e+04 -2.485333e+05 -1.471590e+04 7.188641e+05 -1.148206e+06 -1.546688e+01 -6.106979e+05 1.987662e+04 -2.267440e+04 2.836125e+05 -1.148170e+06 1.633556e+03 9.620560e+03 5.530447e+05 1.977145e+04 2.835513e+05 -4.697448e+05 -1.360450e+04
7.777778e-03 8.840651e+05 -1.876361e+03 -9.802158e+03 -4.267364e+05 1.769473e+04 2.193185e+05 -3.680276e+05 -1.295507e+04 -9.087448e+03 4.273060e+05 -6.810682e+05 -1.427615e+03 3.674554e+05 -1.226112e+04 1.216816e+04 -1.684428e+05 -1.161888e+04 4.868521e+05 -7.759681e+05 -9.700522e+02 -4.193013e+05 1.521911e+04 -1.576599e+04 1.922247e+05 -7.759454e+05 2.304115e+03 7.628708e+03 3.745435e+05 1.362862e+04 1.921859e+05 -3.225222e+05 -1.040963e+04
7.979798e-03 6.600497e+05 -2.213295e+03 -8.354636e+03 -3.198997e+05 1.365116e+04 1.642395e+05 -2.785262e+05 -1.078426e+04 -7.835647e+03 3.203374e+05 -5.085023e+05 -1.622726e+03 2.780872e+05 -1.028109e+04 9.388135e+03 -1.261298e+05 -9.943855e+03 3.649741e+05 -5.793500e+05 -1.310975e+03 -3.173284e+05 1.271723e+04 -1.220775e+04 1.439434e+05 -5.793337e+05 2.481073e+03 6.549879e+03 2.807762e+05 1.047042e+04 1.439156e+05 -2.440840e+05 -8.693532e+03
8.181818e-03 5.188360e+05 -2.315412e+03 -7.400405e+03 -2.527549e+05 1.111770e+04 1.294990e+05 -2.217201e+05 -9.370915e+03 -6.999514e+03 2.531086e+05 -3.997205e+05 -1.670599e+03 2.213658e+05 -8.982837e+03 7.646017e+03 -9.944184e+04 -8.834174e+03 2.883752e+05 -4.554066e+05 -1.439839e+03 -2.526067e+05 1.108270e+04 -9.976220e+03 1.134909e+05 -4.553942e+05 2.496290e+03 5.833326e+03 2.218451e+05 8.493458e+03 1.134698e+05 -1.942997e+05 -7.572571e+03
8.383838e-03 4.214751e+05 -2.317033e+03 -6.704019e+03 -2.065341e+05 9.362721e+03 1.055283e+05 -1.823197e+05 -8.355170e+03 -6.382098e+03 2.068293e+05 -3.247196e+05 -1.656689e+03 1.820245e+05 -8.044022e+03 6.439112e+03 -8.102778e+04 -8.020959e+03 2.356457e+05 -3.699527e+05 -1.475575e+03 -2.077163e+05 9.904383e+03 -8.428990e+03 9.247921e+04 -3.699429e+05 2.446064e+03 5.306666e+03 1.812783e+05 7.125254e+03 9.246255e+04 -1.597699e+05 -6.764660e+03
8.585859e-03 3.505011e+05 -2.271330e+03 -6.163800e+03 -1.728608e+05 8.069083e+03 8.803843e+04 -1.534377e+05 -7.579791e+03 -5.898174e+03 1.731128e+05 -2.700451e+05 -1.614541e+03 1.531860e+05 -7.323460e+03 5.549450e+03 -6.759258e+04 -7.387890e+03 1.972301e+05 -3.076584e+05 -1.465693e+03 -1.748099e+05 9.002450e+03 -7.287526e+03 7.714859e+04 -3.076504e+05 2.367763e+03 4.895464e+03 1.517240e+05 6.117654e+03 7.713507e+04 -1.344583e+05 -6.146395e+03
8.787879e-03 2.967178e+05 -2.202837e+03 -5.727342e+03 -1.473413e+05 7.073904e+03 7.477165e+04 -1.314338e+05 -6.963189e+03 -5.503664e+03 1.475601e+05 -2.286131e+05 -1.559469e+03 1.312154e+05 -6.747686e+03 4.865052e+03 -5.740176e+04 -6.874893e+03 1.681163e+05 -2.604523e+05 -1.432392e+03 -1.497400e+05 8.283465e+03 -6.408722e+03 6.551992e+04 -2.604457e+05 2.278164e+03 4.561313e+03 1.293261e+05 5.343218e+03 6.550872e+04 -1.151746e+05 -5.653651e+03
8.989899e-03 2.547665e+05 -2.123944e+03 -5.364354e+03 -1.274233e+05 6.283914e+03 6.441255e+04 -1.141799e+05 -6.458079e+03 -5.172974e+03 1.276159e+05 -1.962956e+05 -1.499103e+03 1.139879e+05 -6.273998e+03 4.321785e+03 -4.944470e+04 -6.447167e+03 1.453926e+05 -2.236311e+05 -1.387078e+03 -1.300821e+05 7.693206e+03 -5.710600e+03 5.644006e+04 -2.236256e+05 2.185426e+03 4.281973e+03 1.118444e+05 4.728990e+03 5.643065e+04 -1.000539e+05 -5.249213e+03
9.191919e-03 2.212966e+05 -2.041259e+03 -5.055857e+03 -1.115149e+05 5.641467e+03 5.613860e+04 -1.003415e+05 -6.034852e+03 -4.889985e+03 1.116862e+05 -1.705117e+05 -1.437442e+03 1.001709e+05 -5.875573e+03 3.880005e+03 -4.308951e+04 -6.082859e+03 1.272430e+05 -1.942541e+05 -1.335979e+03 -1.143157e+05 7.197668e+03 -5.142476e+03 4.918800e+04 -1.942494e+05 2.093673e+03 4.043473e+03 9.788178e+04 4.229891e+03 4.917998e+04 -8.792662e+04 -4.909744e+03
9.393939e-03 1.941011e+05 -1.958410e+03 -4.789221e+03 -9.856975e+04 5.108852e+03 4.940794e+04 -8.903753e+04 -5.673864e+03 -4.643910e+03 9.872352e+04 -1.495611e+05 -1.376625e+03 8.888444e+04 -5.534566e+03 3.513773e+03 -3.791989e+04 -5.767395e+03 1.124740e+05 -1.703841e+05 -1.282629e+03 -1.014368e+05 6.774260e+03 -4.671179e+03 4.328874e+04 -1.703800e+05 2.004993e+03 3.836489e+03 8.651992e+04 3.816442e+03 4.328184e+04 -7.802039e+04 -4.619739e+03
9.595960e-03 1.716662e+05 -1.877401e+03 -4.555646e+03 -8.787130e+04 4.660291e+03 4.384886e+04 -7.966206e+04 -5.361491e+03 -4.427187e+03 8.801041e+04 -1.322777e+05 -1.317789e+03 7.952366e+04 -5.238563e+03 3.205359e+03 -3.365028e+04 -5.490593e+03 1.002680e+05 -1.506925e+05 -1.229070e+03 -9.075510e+04 6.407291e+03 -4.274022e+03 3.841644e+04 -1.506889e+05 1.920396e+03 3.654499e+03 7.712996e+04 3.468499e+03 3.841044e+04 -6.980430e+04 -4.368430e+03
9.797980e-03 1.529195e+05 -1.799316e+03 -4.348764e+03 -7.891276e+04 4.277526e+03 3.919797e+04 -7.178502e+04 -5.087943e+03 -4.234314e+03 7.903945e+04 -1.178356e+05 -1.261513e+03 7.165905e+04 -4.978614e+03 2.942202e+03 -3.007833e+04 -5.245075e+03 9.004701e+04 -1.342380e+05 -1.176491e+03 -8.178067e+04 6.085469e+03 -3.934934e+03 3.434020e+04 -1.342348e+05 1.840303e+03 3.492773e+03 6.926709e+04 3.171801e+03 3.433496e+04 -6.290141e+04 -4.148069e+03
1.000000e-02 1.370809e+05 -1.724701e+03 -4.163833e+03 -7.132588e+04 3.947248e+03 3.526360e+04 -6.509288e+04 -4.845975e+03 -4.061170e+03 7.144192e+04 -1.056336e+05 -1.208050e+03 6.497756e+04 -4.748081e+03 2.715148e+03 -2.705678e+04 -5.025331e+03 8.139086e+04 -1.203360e+05 -1.125571e+03 -7.415624e+04 5.800425e+03 -3.642192e+03 3.089203e+04 -1.203332e+05 1.764807e+03 3.347772e+03 6.260809e+04 2.915958e+03 3.088741e+04 -5.703694e+04 -3.952915e+03
