-1.000000e-02 -1.963136e+05 2.608068e+03 7.344765e+03 -1.834065e+05 2.104287e+03 -2.092170e+05 -1.842150e+05 7.271481e+03 7.106392e+03 1.833932e+05 1.511313e+05 1.773027e+03 1.842307e+05 7.032622e+03 1.422657e+03 1.610922e+05 8.755056e+03 2.090139e+05 1.722472e+05 2.629586e+03 -2.099517e+05 -8.671537e+03 -2.203218e+03 -1.835842e+05 1.722486e+05 -1.679560e+03 -5.939557e+03 1.609257e+05 1.264525e+03 -1.835857e+05 -1.616479e+05 5.874775e+03
-9.797980e-03 -2.373177e+05 3.142742e+03 8.097826e+03 -2.206111e+05 2.572999e+03 -2.529479e+05 -2.216203e+05 8.012142e+03 7.807544e+03 2.205954e+05 1.826986e+05 2.136610e+03 2.216387e+05 7.721297e+03 1.740081e+03 1.947635e+05 9.635120e+03 2.514135e+05 2.082247e+05 3.116106e+03 -2.525830e+05 -9.537423e+03 -2.633103e+03 -2.219569e+05 2.082263e+05 -2.076555e+03 -6.537978e+03 1.935697e+05 1.607667e+03 -2.219587e+05 -1.944703e+05 6.462279e+03
-9.595960e-03 -2.938093e+05 3.889745e+03 9.074968e+03 -2.718140e+05 3.233854e+03 -3.131986e+05 -2.731085e+05 8.972421e+03 8.711806e+03 2.717949e+05 2.261892e+05 2.644570e+03 2.731308e+05 8.608591e+03 2.187684e+03 2.411546e+05 1.077374e+04 3.097660e+05 2.577912e+05 3.791597e+03 -3.112647e+05 -1.065677e+04 -3.234425e+03 -2.748254e+05 2.577930e+05 -2.635429e+03 -7.312170e+03 2.384960e+05 2.096325e+03 -2.748275e+05 -2.396502e+05 7.221622e+03
-9.393939e-03 -3.758130e+05 4.997306e+03 1.041313e+04 -3.460698e+05 4.222850e+03 -4.006623e+05 -3.477947e+05 1.028640e+04 9.941381e+03 3.460458e+05 2.893204e+05 3.397685e+03 3.478225e+05 9.813829e+03 2.857629e+03 3.084987e+05 1.232777e+04 3.943903e+05 3.297424e+05 4.786782e+03 -3.963854e+05 -1.218315e+04 -4.127217e+03 -3.515725e+05 3.297444e+05 -3.470378e+03 -8.368758e+03 3.036494e+05 2.834835e+03 -3.515750e+05 -3.051858e+05 8.256912e+03
-9.191919e-03 -5.047663e+05 6.796949e+03 1.240944e+04 -4.627388e+05 5.845245e+03 -5.382062e+05 -4.651744e+05 1.224509e+04 1.176038e+04 4.627073e+05 3.885963e+05 4.621336e+03 4.652109e+05 1.159496e+04 3.956789e+03 4.144028e+05 1.463690e+04 5.273503e+05 4.428880e+05 6.393462e+03 -5.301644e+05 -1.444928e+04 -5.580277e+03 -4.722639e+05 4.428904e+05 -4.837355e+03 -9.938661e+03 4.060169e+05 4.058011e+03 -4.722670e+05 -4.081840e+05 9.793673e+03
-8.989899e-03 -7.392134e+05 1.024823e+04 1.590260e+04 -6.746798e+05 8.987490e+03 -7.882770e+05 -6.784977e+05 1.567039e+04 1.491177e+04 6.746347e+05 5.690877e+05 6.967807e+03 6.785497e+05 1.467802e+04 6.085966e+03 6.069488e+05 1.865851e+04 7.688854e+05 6.485953e+05 9.454885e+03 -7.732913e+05 -1.839331e+04 -8.372748e+03 -6.916947e+05 6.485985e+05 -7.478462e+03 -1.267263e+04 5.919778e+05 6.449239e+03 -6.916989e+05 -5.953708e+05 1.246784e+04
-8.787879e-03 -1.371544e+06 2.053243e+04 2.534227e+04 -1.245806e+06 1.845081e+04 -1.462745e+06 -1.253786e+06 2.492717e+04 2.332744e+04 1.245725e+06 1.055894e+06 1.395882e+04 1.253880e+06 2.290939e+04 1.249947e+04 1.126267e+06 2.946609e+04 1.419760e+06 1.203412e+06 1.851935e+04 -1.428953e+06 -2.899177e+04 -1.671927e+04 -1.283524e+06 1.203417e+06 -1.540532e+04 -2.001887e+04 1.093095e+06 1.371551e+04 -1.283531e+06 -1.100174e+06 1.965283e+04
-8.585859e-03 -4.594860e+05 -1.356371e+03 7.487168e+03 -4.239258e+05 -2.025509e+03 -4.900888e+05 -4.231387e+05 7.349652e+03 7.671807e+03 4.238961e+05 3.537358e+05 -9.131300e+02 4.231670e+05 7.534510e+03 -1.382305e+03 3.773491e+05 9.177528e+03 4.831187e+05 4.031588e+05 -6.370504e+02 -4.822550e+05 -9.021008e+03 1.192807e+03 -4.300409e+05 4.031588e+05 1.593725e+03 -6.235335e+03 3.719601e+05 -2.159857e+03 -4.300404e+05 -3.712947e+05 6.114661e+03
-8.383838e-03 -2.371212e+05 -7.468139e+03 3.343270e+03 -2.239254e+05 -7.807675e+03 -2.529380e+05 -2.205300e+05 3.272552e+03 4.144283e+03 2.239087e+05 1.825458e+05 -5.066196e+03 2.205426e+05 4.074571e+03 -5.304113e+03 1.947500e+05 4.533235e+03 2.551918e+05 2.080526e+05 -5.934730e+03 -2.513395e+05 -4.453216e+03 6.196222e+03 -2.219467e+05 2.080516e+05 6.391939e+03 -3.079752e+03 1.964759e+05 -6.699536e+03 -2.219446e+05 -1.935090e+05 3.018124e+03
-8.181818e-03 -3.826883e+05 -8.301922e+03 4.069946e+03 -3.563133e+05 -8.744695e+03 -4.082623e+05 -3.524205e+05 3.961686e+03 4.962154e+03 3.562885e+05 2.946123e+05 -5.630967e+03 3.524416e+05 4.854951e+03 -5.942951e+03 3.143431e+05 5.467060e+03 4.060660e+05 3.357755e+05 -6.578187e+03 -4.016563e+05 -5.344275e+03 6.923888e+03 -3.582394e+05 3.357748e+05 7.123732e+03 -3.716047e+03 3.126355e+05 -7.522123e+03 -3.582374e+05 -3.092394e+05 3.621501e+03
-7.979798e-03 -7.880040e+05 -8.621405e+03 5.865769e+03 -7.240640e+05 -9.319954e+03 -8.407589e+05 -7.198353e+05 5.654241e+03 6.803728e+03 7.240168e+05 6.066495e+05 -5.843165e+03 7.198796e+05 6.593240e+03 -6.339723e+03 6.473473e+05 7.665881e+03 8.251685e+05 6.914065e+05 -6.730962e+03 -8.204020e+05 -7.425387e+03 7.291973e+03 -7.377431e+05 6.914063e+05 7.493115e+03 -5.214772e+03 6.353068e+05 -8.110992e+03 -7.377414e+05 -6.316358e+05 5.029602e+03
-7.777778e-03 -1.910103e+06 -9.269453e+03 8.675418e+03 -1.741685e+06 -1.050191e+04 -2.038198e+06 -1.736843e+06 8.185935e+03 9.707417e+03 1.741577e+06 1.470512e+06 -6.269468e+03 1.736949e+06 9.219002e+03 -7.157645e+03 1.569324e+06 1.111551e+04 1.984888e+06 1.675957e+06 -7.091161e+03 -1.979493e+06 -1.055824e+04 8.105876e+03 -1.788462e+06 1.675957e+06 8.187378e+03 -7.572015e+03 1.528187e+06 -9.266363e+03 -1.788461e+06 -1.524031e+06 7.142964e+03
-7.575758e-03 -7.651628e+06 -1.194824e+04 1.383758e+04 -6.947441e+06 -1.514269e+04 -8.165600e+06 -6.940366e+06 1.195965e+04 1.524696e+04 6.947022e+06 5.890706e+06 -8.017718e+03 6.940783e+06 1.337039e+04 -1.038239e+04 6.287153e+06 1.754700e+04 7.917567e+06 6.713679e+06 -8.977963e+03 -7.909982e+06 -1.540747e+04 1.168186e+04 -7.165082e+06 6.713681e+06 1.064348e+04 -1.201052e+04 6.095816e+06 -1.343759e+04 -7.165080e+06 -6.089973e+06 1.036332e+04
-7.373737e-03 2.116036e+07 -6.086106e+04 1.428392e+04 1.915882e+07 -5.675733e+04 2.258399e+07 1.918727e+07 1.926302e+04 2.036320e+04 -1.915769e+07 -1.629063e+07 -4.159790e+04 -1.918839e+07 2.534784e+04 -3.829751e+04 -1.738866e+07 2.115054e+04 -2.183414e+07 -1.856652e+07 -4.927048e+04 2.186784e+07 -2.682807e+04 4.538937e+04 1.981679e+07 -1.856651e+07 5.153967e+04 -1.411699e+04 -1.681031e+07 -4.805876e+04 1.981680e+07 1.683628e+07 1.848833e+04
-7.171717e-03 1.387092e+07 -7.918593e+04 4.307593e+04 1.254547e+07 -7.959990e+04 1.480555e+07 1.258587e+07 4.620893e+04 5.127313e+04 -1.254475e+07 -1.067876e+07 -5.395463e+04 -1.258658e+07 5.441301e+04 -5.391620e+04 -1.139960e+07 5.723212e+04 -1.429732e+07 -1.217064e+07 -6.258205e+04 1.434416e+07 -6.080612e+04 6.246420e+04 1.299143e+07 -1.217062e+07 6.838969e+04 -3.872269e+04 -1.100765e+07 -6.882731e+04 1.299144e+07 1.104373e+07 4.147484e+04
-6.969697e-03 -3.780480e+07 2.536488e+05 -2.087445e+05 -3.421373e+07 2.634060e+05 -4.035600e+07 -3.434964e+07 -2.168898e+05 -2.353698e+05 3.421187e+07 2.910477e+07 1.727450e+05 3.435143e+07 -2.435349e+05 1.785512e+05 3.107218e+07 -2.691541e+05 3.899134e+07 3.317078e+07 1.960596e+05 -3.914834e+07 2.784459e+05 -2.027208e+05 -3.541117e+07 3.317077e+07 -2.233752e+05 1.824622e+05 3.001988e+07 2.318942e+05 -3.541111e+07 -3.014072e+07 -1.896185e+05
-6.767677e-03 -4.198050e+06 2.911597e+04 -3.306538e+04 -3.807062e+06 3.116294e+04 -4.481754e+06 -3.823371e+06 -3.393746e+04 -3.615672e+04 3.806856e+06 3.231954e+06 1.982744e+04 3.823565e+06 -3.703093e+04 2.113122e+04 3.450733e+06 -4.193553e+04 4.338682e+06 3.683468e+06 2.193596e+04 -4.357495e+06 4.293013e+04 -2.346587e+04 -3.932601e+06 3.683460e+06 -2.620839e+04 2.845212e+04 3.340401e+06 2.796070e+04 -3.932597e+06 -3.354888e+06 -2.921843e+04
-6.565657e-03 -1.796471e+06 1.216655e+04 -1.824750e+04 -1.634705e+06 1.346534e+04 -1.918046e+06 -1.641831e+06 -1.860592e+04 -1.955400e+04 1.634619e+06 1.383051e+06 8.285496e+03 1.641910e+06 -1.991324e+04 9.132709e+03 1.476800e+06 -2.289514e+04 1.862976e+06 1.576267e+06 8.886956e+03 -1.871191e+06 2.330377e+04 -9.891118e+03 -1.683026e+06 1.576263e+06 -1.123121e+04 1.554161e+04 1.434329e+06 1.233235e+04 -1.683023e+06 -1.440655e+06 -1.585659e+04
-6.363636e-03 -1.149887e+06 8.589398e+03 -1.426076e+04 -1.049758e+06 9.709019e+03 -1.227812e+06 -1.055004e+06 -1.448062e+04 -1.518902e+04 1.049705e+06 8.852667e+05 5.848222e+03 1.055052e+06 -1.540940e+04 6.587656e+03 9.453524e+05 -1.783381e+04 1.196347e+06 1.008940e+06 6.185860e+03 -1.202382e+06 1.808440e+04 -7.062898e+03 -1.077366e+06 1.008937e+06 -8.015880e+03 1.211018e+04 9.210846e+05 8.964063e+03 -1.077364e+06 -9.257323e+05 -1.230346e+04
-6.161616e-03 -1.831742e+06 2.610200e+04 -2.731164e+04 -1.662819e+06 2.848009e+04 -1.956048e+06 -1.679222e+06 -2.764299e+04 -3.010296e+04 1.662731e+06 1.410217e+06 1.775687e+04 1.679289e+06 -3.043560e+04 1.934077e+04 1.506060e+06 -3.476459e+04 1.895012e+06 1.607226e+06 1.981677e+04 -1.913792e+06 3.514224e+04 -2.165215e+04 -1.716375e+06 1.607214e+06 -2.332324e+04 2.361265e+04 1.458999e+06 2.537981e+04 -1.716366e+06 -1.473462e+06 -2.390434e+04
-5.959596e-03 -8.195637e+05 1.018389e+04 -1.390465e+04 -7.502398e+05 1.145540e+04 -8.752518e+05 -7.569222e+05 -1.404711e+04 -1.500248e+04 7.502014e+05 6.309642e+05 6.929127e+03 7.569506e+05 -1.514538e+04 7.779662e+03 6.738992e+05 -1.750137e+04 8.550017e+05 7.191103e+05 7.522777e+03 -8.626544e+05 1.766360e+04 -8.520320e+03 -7.680070e+05 7.191050e+05 -9.309927e+03 1.188999e+04 6.582810e+05 1.039748e+04 -7.680032e+05 -6.641746e+05 -1.201539e+04
-5.757576e-03 -5.366239e+05 6.297883e+03 -1.019429e+04 -4.952160e+05 7.277546e+03 -5.731318e+05 -4.995285e+05 -1.028370e+04 -1.087727e+04 4.951914e+05 4.131355e+05 4.285447e+03 4.995459e+05 -1.096692e+04 4.942890e+03 4.412814e+05 -1.275628e+04 5.643665e+05 4.708507e+05 4.547441e+03 -5.693046e+05 1.285801e+04 -5.322907e+03 -5.029056e+05 4.708471e+05 -5.862584e+03 8.667997e+03 4.345173e+05 6.696056e+03 -5.029029e+05 -4.383202e+05 -8.746718e+03
-5.555556e-03 -3.902260e+05 4.426671e+03 -8.183249e+03 -3.634012e+05 5.251828e+03 -4.168059e+05 -3.665644e+05 -8.245517e+03 -8.665559e+03 3.633837e+05 3.004272e+05 3.012339e+03 3.665760e+05 -8.727964e+03 3.567456e+03 3.209182e+05 -1.019909e+04 4.141451e+05 3.423970e+05 3.127669e+03 -4.177662e+05 1.026988e+04 -3.784796e+03 -3.657343e+05 3.423942e+05 -4.189552e+03 6.931559e+03 3.188599e+05 4.889159e+03 -3.657322e+05 -3.216487e+05 -6.986401e+03
-5.353535e-03 -2.997857e+05 3.324837e+03 -6.859242e+03 -2.821075e+05 4.049833e+03 -3.202291e+05 -2.845871e+05 -6.905029e+03 -7.222748e+03 2.820944e+05 2.307994e+05 2.262642e+03 2.845951e+05 -7.268617e+03 2.751307e+03 2.465589e+05 -8.523641e+03 3.214996e+05 2.630420e+05 2.299471e+03 -3.243371e+05 8.575646e+03 -2.879402e+03 -2.809910e+05 2.630397e+05 -3.196546e+03 5.793771e+03 2.475310e+05 3.809722e+03 -2.809893e+05 -2.497163e+05 -5.834113e+03
-5.151515e-03 -2.385526e+05 2.604855e+03 -5.898145e+03 -2.271986e+05 3.258061e+03 -2.548384e+05 -2.292260e+05 -5.933003e+03 -6.183536e+03 2.271883e+05 1.836574e+05 1.772735e+03 2.292317e+05 -6.218443e+03 2.213681e+03 1.962114e+05 -7.312405e+03 2.589231e+05 2.093143e+05 1.763467e+03 -2.612424e+05 7.351956e+03 -2.287759e+03 -2.236127e+05 2.093123e+05 -2.542474e+03 4.971150e+03 1.993526e+05 3.093906e+03 -2.236112e+05 -2.011388e+05 -5.001879e+03
-4.949495e-03 -1.946143e+05 2.102664e+03 -5.157683e+03 -1.879242e+05 2.701238e+03 -2.079148e+05 -1.896322e+05 -5.184881e+03 -5.388202e+03 1.879160e+05 1.498303e+05 1.431007e+03 1.896364e+05 -5.415427e+03 1.835571e+03 1.600826e+05 -6.382488e+03 2.141644e+05 1.707615e+05 1.393231e+03 -2.161177e+05 6.413313e+03 -1.874975e+03 -1.824387e+05 1.707598e+05 -2.082611e+03 4.339524e+03 1.648923e+05 2.587184e+03 -1.824374e+05 -1.663967e+05 -4.363513e+03
-4.747475e-03 -1.617633e+05 1.736137e+03 -4.563634e+03 -1.586822e+05 2.291457e+03 -1.728301e+05 -1.601540e+05 -4.585249e+03 -4.753782e+03 1.586755e+05 1.245390e+05 1.181586e+03 1.601570e+05 -4.775410e+03 1.557296e+03 1.330692e+05 -5.638694e+03 1.808389e+05 1.419370e+05 1.125660e+03 -1.825216e+05 5.663162e+03 -1.573577e+03 -1.516530e+05 1.419355e+05 -1.744317e+03 3.834262e+03 1.392347e+05 2.211877e+03 -1.516518e+05 -1.405306e+05 -3.853340e+03
-4.545455e-03 -1.364250e+05 1.459488e+03 -4.072738e+03 -1.362467e+05 1.979595e+03 -1.457676e+05 -1.375379e+05 -4.090166e+03 -4.232137e+03 1.362412e+05 1.050316e+05 9.933201e+02 1.375400e+05 -4.249567e+03 1.345503e+03 1.122325e+05 -5.025671e+03 1.552705e+05 1.197044e+05 9.256917e+02 -1.567462e+05 5.045372e+03 -1.345970e+03 -1.279065e+05 1.197031e+05 -1.486982e+03 3.417785e+03 1.195493e+05 1.924467e+03 -1.279054e+05 -1.206858e+05 -3.433178e+03
-4.343434e-03 -1.163919e+05 1.245186e+03 -3.657749e+03 -1.186262e+05 1.736030e+03 -1.243702e+05 -1.197756e+05 -3.671962e+03 -3.793079e+03 1.186215e+05 8.960852e+04 8.474787e+02 1.197770e+05 -3.807287e+03 1.180083e+03 9.575770e+04 -4.508632e+03 1.351894e+05 1.021268e+05 7.723175e+02 -1.365026e+05 4.524676e+03 -1.169555e+03 -1.091309e+05 1.021256e+05 -1.286108e+03 3.066477e+03 1.040887e+05 1.698640e+03 -1.091300e+05 -1.051000e+05 -3.079041e+03
-4.141414e-03 -1.002276e+05 1.075714e+03 -3.300484e+03 -1.045253e+05 1.541857e+03 -1.071042e+05 -1.055610e+05 -3.312183e+03 -3.416552e+03 1.045213e+05 7.716394e+04 7.321421e+02 1.055619e+05 -3.428242e+03 1.048200e+03 8.246377e+04 -4.064421e+03 1.191194e+05 8.794367e+04 6.522207e+02 -1.203024e+05 4.077608e+03 -1.029957e+03 -9.398050e+04 8.794263e+04 -1.126057e+03 2.764616e+03 9.171617e+04 1.517556e+03 -9.397964e+04 -9.262721e+04 -2.774967e+03
-3.939394e-03 -8.695851e+04 9.394216e+02 -2.988257e+03 -9.306662e+04 1.384460e+03 -9.292987e+04 -9.400975e+04 -2.997962e+03 -3.088621e+03 9.306319e+04 6.694830e+04 6.393841e+02 9.401016e+04 -3.098313e+03 9.412884e+02 7.155032e+04 -3.676915e+03 1.060606e+05 7.630091e+04 5.565815e+02 -1.071374e+05 3.687835e+03 -9.176161e+02 -8.154298e+04 7.629997e+04 -9.963944e+02 2.501256e+03 8.166204e+04 1.369945e+03 -8.154220e+04 -8.249139e+04 -2.509851e+03
-3.737374e-03 -7.590255e+04 8.282853e+02 -2.711897e+03 -8.363625e+04 1.255120e+03 -8.111900e+04 -8.450292e+04 -2.719998e+03 -2.799251e+03 8.363329e+04 5.843651e+04 5.637449e+02 8.450299e+04 -2.807337e+03 8.534298e+02 6.245661e+04 -3.334482e+03 9.531330e+04 6.660003e+04 4.793497e+02 -9.630259e+04 3.343581e+03 -8.259488e+02 -7.117932e+04 6.659918e+04 -8.899071e+02 2.268501e+03 7.338760e+04 1.247993e+03 -7.117861e+04 -7.414950e+04 -2.275682e+03
-3.535354e-03 -6.656865e+04 7.366144e+02 -2.464577e+03 -7.579293e+04 1.147632e+03 -7.114721e+04 -7.659574e+04 -2.471373e+03 -2.541002e+03 7.579035e+04 5.125050e+04 5.013523e+02 7.659554e+04 -2.547783e+03 7.804102e+02 5.477890e+04 -3.028481e+03 8.637470e+04 5.841014e+04 4.162528e+02 -8.729085e+04 3.036101e+03 -7.502857e+02 -6.242939e+04 5.840937e+04 -8.014615e+02 2.060484e+03 6.650568e+04 1.146122e+03 -6.242873e+04 -6.721125e+04 -2.066515e+03
-3.333333e-03 -5.859492e+04 6.602748e+02 -2.241087e+03 -6.921225e+04 1.057470e+03 -6.262803e+04 -6.996124e+04 -2.246813e+03 -2.308216e+03 6.920998e+04 4.511166e+04 4.493932e+02 6.996081e+04 -2.313926e+03 7.191568e+02 4.821962e+04 -2.752332e+03 7.887505e+04 5.141370e+04 3.642004e+02 -7.972957e+04 2.758740e+03 -6.872339e+02 -5.495408e+04 5.141300e+04 -7.273142e+02 1.872736e+03 6.073163e+04 1.060251e+03 -5.495348e+04 -6.138973e+04 -1.877823e+03
-3.131313e-03 -5.170922e+04 5.962000e+02 -2.037369e+03 -6.365108e+04 9.812633e+02 -5.527086e+04 -6.435439e+04 -2.042209e+03 -2.096502e+03 6.364908e+04 3.981046e+04 4.057810e+02 6.435377e+04 -2.101326e+03 6.673818e+02 4.255503e+04 -2.500916e+03 7.253728e+04 4.537193e+04 3.209105e+02 -7.333948e+04 2.506322e+03 -6.342768e+02 -4.849840e+04 4.537129e+04 -6.646789e+02 1.701783e+03 5.585212e+04 9.873343e+02 -4.849786e+04 -5.646993e+04 -1.706089e+03
-2.929293e-03 -4.570325e+04 5.420757e+02 -1.850204e+03 -5.892425e+04 9.164603e+02 -4.885327e+04 -5.958853e+04 -1.854306e+03 -1.902385e+03 5.892247e+04 3.518655e+04 3.689408e+02 5.958777e+04 -1.906471e+03 6.233520e+02 3.761387e+04 -2.270182e+03 6.715036e+04 4.010206e+04 2.846683e+02 -6.790788e+04 2.274753e+03 -5.895143e+02 -4.286717e+04 4.010148e+04 -6.114448e+02 1.544873e+03 5.170468e+04 9.250554e+02 -4.286667e+04 -5.228809e+04 -1.548526e+03
-2.727273e-03 -4.041502e+04 4.961286e+02 -1.676995e+03 -5.488868e+04 8.610970e+02 -4.320225e+04 -5.551949e+04 -1.680476e+03 -1.723074e+03 5.488709e+04 3.111520e+04 3.376658e+02 5.551860e+04 -1.726539e+03 5.857339e+02 3.326292e+04 -2.056864e+03 6.255123e+04 3.546196e+04 2.541657e+02 -6.327044e+04 2.060736e+03 -5.514905e+02 -3.790858e+04 3.546143e+04 -5.659885e+02 1.399790e+03 4.816377e+04 8.716281e+02 -3.790813e+04 -4.871766e+04 -1.402895e+03
-2.525253e-03 -3.571670e+04 4.569824e+02 -1.515616e+03 -5.143250e+04 8.136436e+02 -3.818131e+04 -5.203452e+04 -1.518573e+03 -1.556288e+03 5.143108e+04 2.749803e+04 3.110195e+02 5.203352e+04 -1.559230e+03 5.534888e+02 2.939711e+04 -1.858295e+03 5.861242e+04 3.133947e+04 2.283922e+02 -5.929865e+04 1.861576e+03 -5.190750e+02 -3.350287e+04 3.133899e+04 -5.270457e+02 1.264722e+03 4.513124e+04 8.256565e+02 -3.350246e+04 -4.565974e+04 -1.267363e+03
-2.323232e-03 -3.150608e+04 4.235569e+02 -1.364303e+03 -4.846737e+04 7.728950e+02 -3.368128e+04 -4.904457e+04 -1.366814e+03 -1.400142e+03 4.846609e+04 2.425632e+04 2.882669e+02 4.904348e+04 -1.402638e+03 5.257985e+02 2.593236e+04 -1.672265e+03 5.523321e+04 2.764489e+04 2.065579e+02 -5.589103e+04 1.675045e+03 -4.913805e+02 -2.955423e+04 2.764447e+04 -4.936207e+02 1.138169e+03 4.252955e+04 7.860380e+02 -2.955387e+04 -4.303618e+04 -1.140415e+03
-2.121212e-03 -2.770036e+04 3.949970e+02 -1.221575e+03 -4.592288e+04 7.378936e+02 -2.961372e+04 -4.647869e+04 -1.223704e+03 -1.253054e+03 4.592171e+04 2.132633e+04 2.688259e+02 4.647752e+04 -1.255170e+03 5.020126e+02 2.280060e+04 -1.496919e+03 5.233338e+04 2.430559e+04 1.880404e+02 -5.296672e+04 1.499271e+03 -4.677042e+02 -2.598509e+04 2.430521e+04 -4.649224e+02 1.018872e+03 4.029695e+04 7.518938e+02 -2.598476e+04 -4.078472e+04 -1.020778e+03
-1.919192e-03 -2.423163e+04 3.706204e+02 -1.086170e+03 -4.374257e+04 7.078728e+02 -2.590612e+04 -4.427999e+04 -1.087969e+03 -1.113684e+03 4.374151e+04 1.865579e+04 2.522323e+02 4.427876e+04 -1.115472e+03 4.816106e+02 1.994598e+04 -1.330681e+03 4.984860e+04 2.126198e+04 1.723450e+02 -5.046088e+04 1.332665e+03 -4.474856e+02 -2.273179e+04 2.126164e+04 -4.403176e+02 9.057588e+02 3.838390e+04 7.225188e+02 -2.273149e+04 -3.885545e+04 -9.073727e+02
-1.717172e-03 -2.104351e+04 3.498803e+02 -9.570015e+02 -4.188098e+04 6.822159e+02 -2.249826e+04 -4.240262e+04 -9.585154e+02 -9.808787e+02 4.188000e+04 1.620128e+04 2.381139e+02 4.240134e+04 -9.823818e+02 4.641736e+02 1.732215e+04 -1.172194e+03 4.772703e+04 1.846458e+04 1.590769e+02 -4.832126e+04 1.173860e+03 -4.302750e+02 -1.974150e+04 1.846428e+04 -4.192973e+02 7.979102e+02 3.675049e+04 6.973443e+02 -1.974124e+04 -3.720814e+04 -7.992697e+02
-1.515152e-03 -1.808860e+04 3.323367e+02 -8.331233e+02 -4.030136e+04 6.604255e+02 -1.933952e+04 -4.080957e+04 -8.343872e+02 -8.536349e+02 4.030045e+04 1.392632e+04 2.261714e+02 4.080825e+04 -8.548891e+02 4.493639e+02 1.489013e+04 -1.020279e+03 4.592681e+04 1.587181e+04 1.479198e+02 -4.650568e+04 1.021667e+03 -4.157106e+02 -1.696981e+04 1.587155e+04 -4.014505e+02 6.945241e+02 3.536449e+04 6.759102e+02 -1.696958e+04 -3.581031e+04 -6.956605e+02
-1.313131e-03 -1.532655e+04 3.176360e+02 -7.136997e+02 -3.897404e+04 6.421001e+02 -1.638679e+04 -3.947094e+04 -7.147429e+02 -7.310700e+02 3.897319e+04 1.179984e+04 2.161639e+02 3.946958e+04 -7.321048e+02 4.369089e+02 1.261671e+04 -8.738947e+02 4.441414e+04 1.344826e+04 1.386199e+02 -4.498005e+04 8.750381e+02 -4.035015e+02 -1.437888e+04 1.344804e+04 -3.864462e+02 5.948941e+02 3.419987e+04 6.578448e+02 -1.437868e+04 -3.463571e+04 -5.958332e+02
-1.111111e-03 -1.272250e+04 3.054944e+02 -5.979844e+02 -3.787517e+04 6.269172e+02 -1.360282e+04 -3.836268e+04 -5.988306e+02 -6.123970e+02 3.787437e+04 9.794992e+03 2.078985e+02 3.836128e+04 -6.132360e+02 4.265893e+02 1.047325e+04 -7.321126e+02 4.316181e+04 1.116334e+04 1.309748e+02 -4.371698e+04 7.330385e+02 -3.934144e+02 -1.193604e+04 1.116315e+04 -3.740181e+02 4.983894e+02 3.323569e+04 6.428487e+02 -1.193588e+04 -3.366326e+04 -4.991520e+02
-9.090909e-04 -1.024588e+04 2.956866e+02 -4.853015e+02 -3.698573e+04 6.146197e+02 -1.095500e+04 -3.746562e+04 -4.859697e+02 -4.969042e+02 3.698497e+04 7.888260e+03 2.012218e+02 3.746420e+04 -4.975665e+02 4.182308e+02 8.434598e+03 -5.940924e+02 4.214816e+04 8.990239e+03 1.248239e+02 -4.269461e+04 5.948226e+02 -3.852638e+02 -9.612655e+03 8.990088e+03 -3.639540e+02 4.044396e+02 3.245528e+04 6.306828e+02 -9.612522e+03 -3.287613e+04 -4.050423e+02
-7.070707e-04 -7.869484e+03 2.880365e+02 -3.750307e+02 -3.629081e+04 6.050064e+02 -8.414224e+03 -3.676473e+04 -3.755358e+02 -3.839397e+02 3.629008e+04 6.058683e+03 1.960139e+02 3.676330e+04 -3.844402e+02 4.116966e+02 6.478377e+03 -4.590640e+02 4.135619e+04 6.905074e+03 1.200420e+02 -4.189581e+04 4.596152e+02 -3.789047e+02 -7.383210e+03 6.904956e+03 -3.560881e+02 3.125214e+02 3.184554e+04 6.211596e+02 -7.383107e+03 -3.226113e+04 -3.129773e+02
-5.050505e-04 -5.568614e+03 2.824100e+02 -2.665945e+02 -3.577907e+04 5.979239e+02 -5.954135e+03 -3.624859e+04 -2.669477e+02 -2.728974e+02 3.577836e+04 4.287254e+03 1.921836e+02 3.624714e+04 -2.732472e+02 4.068825e+02 4.584275e+03 -3.263104e+02 4.077299e+04 4.886178e+03 1.165343e+02 -4.130757e+04 3.266954e+02 -3.742269e+02 -5.224561e+03 4.886094e+03 -3.502938e+02 2.221481e+02 3.139652e+04 6.141363e+02 -5.224488e+03 -3.180824e+04 -2.224670e+02
-3.030303e-04 -3.320436e+03 2.787110e+02 -1.594472e+02 -3.544232e+04 5.932617e+02 -3.550333e+03 -3.590894e+04 -1.596560e+02 -1.632049e+02 3.544162e+04 2.556391e+03 1.896654e+02 3.590748e+04 -1.634117e+02 4.037135e+02 2.733513e+03 -1.951546e+02 4.038920e+04 2.913515e+03 1.142324e+02 -4.092047e+04 1.953821e+02 -3.711511e+02 -3.115303e+03 2.913465e+03 -3.464800e+02 1.328599e+02 3.110104e+04 6.095097e+02 -3.115259e+03 -3.151021e+04 -1.330486e+02
-1.010101e-04 -1.103381e+03 2.768768e+02 -5.306454e+01 -3.527525e+04 5.909483e+02 -1.179779e+03 -3.574043e+04 -5.313366e+01 -5.431315e+01 3.527456e+04 8.494886e+02 1.884167e+02 3.573896e+04 -5.438159e+01 4.021410e+02 9.083487e+02 -6.494678e+01 4.019880e+04 9.681611e+02 1.130923e+02 -4.072842e+04 6.502205e+01 -3.696258e+02 -1.035218e+03 9.681445e+02 -3.445876e+02 4.421550e+01 3.095445e+04 6.072129e+02 -1.035203e+03 -3.136235e+04 -4.427795e+01
1.010101e-04 1.103381e+03 2.768768e+02 5.306454e+01 -3.527525e+04 5.909483e+02 1.179779e+03 -3.574043e+04 5.313366e+01 5.431315e+01 3.527456e+04 -8.494886e+02 1.884167e+02 3.573896e+04 5.438159e+01 4.021410e+02 -9.083487e+02 6.494678e+01 4.019880e+04 -9.681611e+02 1.130923e+02 -4.072842e+04 -6.502205e+01 -3.696258e+02 1.035218e+03 -9.681445e+02 -3.445876e+02 -4.421550e+01 3.095445e+04 6.072129e+02 1.035203e+03 -3.136235e+04 4.427795e+01
3.030303e-04 3.320436e+03 2.787110e+02 1.594472e+02 -3.544232e+04 5.932617e+02 3.550333e+03 -3.590894e+04 1.596560e+02 1.632049e+02 3.544162e+04 -2.556391e+03 1.896654e+02 3.590748e+04 1.634117e+02 4.037135e+02 -2.733513e+03 1.951546e+02 4.038920e+04 -2.913515e+03 1.142324e+02 -4.092047e+04 -1.953821e+02 -3.711511e+02 3.115303e+03 -2.913465e+03 -3.464800e+02 -1.328599e+02 3.110104e+04 6.095097e+02 3.115259e+03 -3.151021e+04 1.330486e+02
5.050505e-04 5.568614e+03 2.824100e+02 2.665945e+02 -3.577907e+04 5.979239e+02 5.954135e+03 -3.624859e+04 2.669477e+02 2.728974e+02 3.577836e+04 -4.287254e+03 1.921836e+02 3.624714e+04 2.732472e+02 4.068825e+02 -4.584275e+03 3.263104e+02 4.077299e+04 -4.886178e+03 1.165343e+02 -4.130757e+04 -3.266954e+02 -3.742269e+02 5.224561e+03 -4.886094e+03 -3.502938e+02 -2.221481e+02 3.139652e+04 6.141363e+02 5.224488e+03 -3.180824e+04 2.224670e+02
7.070707e-04 7.869484e+03 2.880365e+02 3.750307e+02 -3.629081e+04 6.050064e+02 8.414224e+03 -3.676473e+04 3.755358e+02 3.839397e+02 3.629008e+04 -6.058683e+03 1.960139e+02 3.676330e+04 3.844402e+02 4.116966e+02 -6.478377e+03 4.590640e+02 4.135619e+04 -6.905074e+03 1.200420e+02 -4.189581e+04 -4.596152e+02 -3.789047e+02 7.383210e+03 -6.904956e+03 -3.560881e+02 -3.125214e+02 3.184554e+04 6.211596e+02 7.383107e+03 -3.226113e+04 3.129773e+02
9.090909e-04 1.024588e+04 2.956866e+02 4.853015e+02 -3.698573e+04 6.146197e+02 1.095500e+04 -3.746562e+04 4.859697e+02 4.969042e+02 3.698497e+04 -7.888260e+03 2.012218e+02 3.746420e+04 4.975665e+02 4.182308e+02 -8.434598e+03 5.940924e+02 4.214816e+04 -8.990239e+03 1.248239e+02 -4.269461e+04 -5.948226e+02 -3.852638e+02 9.612655e+03 -8.990088e+03 -3.639540e+02 -4.044396e+02 3.245528e+04 6.306828e+02 9.612522e+03 -3.287613e+04 4.050423e+02
1.111111e-03 1.272250e+04 3.054944e+02 5.979844e+02 -3.787517e+04 6.269172e+02 1.360282e+04 -3.836268e+04 5.988306e+02 6.123970e+02 3.787437e+04 -9.794992e+03 2.078985e+02 3.836128e+04 6.132360e+02 4.265893e+02 -1.047325e+04 7.321126e+02 4.316181e+04 -1.116334e+04 1.309748e+02 -4.371698e+04 -7.330385e+02 -3.934144e+02 1.193604e+04 -1.116315e+04 -3.740181e+02 -4.983894e+02 3.323569e+04 6.428487e+02 1.193588e+04 -3.366326e+04 4.991520e+02
1.313131e-03 1.532655e+04 3.176360e+02 7.136997e+02 -3.897404e+04 6.421001e+02 1.638679e+04 -3.947094e+04 7.147429e+02 7.310700e+02 3.897319e+04 -1.179984e+04 2.161639e+02 3.946958e+04 7.321048e+02 4.369089e+02 -1.261671e+04 8.738947e+02 4.441414e+04 -1.344826e+04 1.386199e+02 -4.498005e+04 -8.750381e+02 -4.035015e+02 1.437888e+04 -1.344804e+04 -3.864462e+02 -5.948941e+02 3.419987e+04 6.578448e+02 1.437868e+04 -3.463571e+04 5.958332e+02
1.515152e-03 1.808860e+04 3.323367e+02 8.331233e+02 -4.030136e+04 6.604255e+02 1.933952e+04 -4.080957e+04 8.343872e+02 8.536349e+02 4.030045e+04 -1.392632e+04 2.261714e+02 4.080825e+04 8.548891e+02 4.493639e+02 -1.489013e+04 1.020279e+03 4.592681e+04 -1.587181e+04 1.479198e+02 -4.650568e+04 -1.021667e+03 -4.157106e+02 1.696981e+04 -1.587155e+04 -4.014505e+02 -6.945241e+02 3.536449e+04 6.759102e+02 1.696958e+04 -3.581031e+04 6.956605e+02
1.717172e-03 2.104351e+04 3.498803e+02 9.570015e+02 -4.188098e+04 6.822159e+02 2.249826e+04 -4.240262e+04 9.585154e+02 9.808787e+02 4.188000e+04 -1.620128e+04 2.381139e+02 4.240134e+04 9.823818e+02 4.641736e+02 -1.732215e+04 1.172194e+03 4.772703e+04 -1.846458e+04 1.590769e+02 -4.832126e+04 -1.173860e+03 -4.302750e+02 1.974150e+04 -1.846428e+04 -4.192973e+02 -7.979102e+02 3.675049e+04 6.973443e+02 1.974124e+04 -3.720814e+04 7.992697e+02
1.919192e-03 2.423163e+04 3.706204e+02 1.086170e+03 -4.374257e+04 7.078728e+02 2.590612e+04 -4.427999e+04 1.087969e+03 1.113684e+03 4.374151e+04 -1.865579e+04 2.522323e+02 4.427876e+04 1.115472e+03 4.816106e+02 -1.994598e+04 1.330681e+03 4.984860e+04 -2.126198e+04 1.723450e+02 -5.046088e+04 -1.332665e+03 -4.474856e+02 2.273179e+04 -2.126164e+04 -4.403176e+02 -9.057588e+02 3.838390e+04 7.225188e+02 2.273149e+04 -3.885545e+04 9.073727e+02
2.121212e-03 2.770036e+04 3.949970e+02 1.221575e+03 -4.592288e+04 7.378936e+02 2.961372e+04 -4.647869e+04 1.223704e+03 1.253054e+03 4.592171e+04 -2.132633e+04 2.688259e+02 4.647752e+04 1.255170e+03 5.020126e+02 -2.280060e+04 1.496919e+03 5.233338e+04 -2.430559e+04 1.880404e+02 -5.296672e+04 -1.499271e+03 -4.677042e+02 2.598509e+04 -2.430521e+04 -4.649224e+02 -1.018872e+03 4.029695e+04 7.518938e+02 2.598476e+04 -4.078472e+04 1.020778e+03
2.323232e-03 3.150608e+04 4.235569e+02 1.364303e+03 -4.846737e+04 7.728950e+02 3.368128e+04 -4.904457e+04 1.366814e+03 1.400142e+03 4.846609e+04 -2.425632e+04 2.882669e+02 4.904348e+04 1.402638e+03 5.257985e+02 -2.593236e+04 1.672265e+03 5.523321e+04 -2.764489e+04 2.065579e+02 -5.589103e+04 -1.675045e+03 -4.913805e+02 2.955423e+04 -2.764447e+04 -4.936207e+02 -1.138169e+03 4.252955e+04 7.860380e+02 2.955387e+04 -4.303618e+04 1.140415e+03
2.525253e-03 3.571670e+04 4.569824e+02 1.515616e+03 -5.143250e+04 8.136436e+02 3.818131e+04 -5.203452e+04 1.518573e+03 1.556288e+03 5.143108e+04 -2.749803e+04 3.110195e+02 5.203352e+04 1.559230e+03 5.534888e+02 -2.939711e+04 1.858295e+03 5.861242e+04 -3.133947e+04 2.283922e+02 -5.929865e+04 -1.861576e+03 -5.190750e+02 3.350287e+04 -3.133899e+04 -5.270457e+02 -1.264722e+03 4.513124e+04 8.256565e+02 3.350246e+04 -4.565974e+04 1.267363e+03
2.727273e-03 4.041502e+04 4.961286e+02 1.676995e+03 -5.488868e+04 8.610970e+02 4.320225e+04 -5.551949e+04 1.680476e+03 1.723074e+03 5.488709e+04 -3.111520e+04 3.376658e+02 5.551860e+04 1.726539e+03 5.857339e+02 -3.326292e+04 2.056864e+03 6.255123e+04 -3.546196e+04 2.541657e+02 -6.327044e+04 -2.060736e+03 -5.514905e+02 3.790858e+04 -3.546143e+04 -5.659885e+02 -1.399790e+03 4.816377e+04 8.716281e+02 3.790813e+04 -4.871766e+04 1.402895e+03
2.929293e-03 4.570325e+04 5.420757e+02 1.850204e+03 -5.892425e+04 9.164603e+02 4.885327e+04 -5.958853e+04 1.854306e+03 1.902385e+03 5.892247e+04 -3.518655e+04 3.689408e+02 5.958777e+04 1.906471e+03 6.233520e+02 -3.761387e+04 2.270182e+03 6.715036e+04 -4.010206e+04 2.846683e+02 -6.790788e+04 -2.274753e+03 -5.895143e+02 4.286717e+04 -4.010148e+04 -6.114448e+02 -1.544873e+03 5.170468e+04 9.250554e+02 4.286667e+04 -5.228809e+04 1.548526e+03
3.131313e-03 5.170922e+04 5.962000e+02 2.037369e+03 -6.365108e+04 9.812633e+02 5.527086e+04 -6.435439e+04 2.042209e+03 2.096502e+03 6.364908e+04 -3.981046e+04 4.057810e+02 6.435377e+04 2.101326e+03 6.673818e+02 -4.255503e+04 2.500916e+03 7.253728e+04 -4.537193e+04 3.209105e+02 -7.333948e+04 -2.506322e+03 -6.342768e+02 4.849840e+04 -4.537129e+04 -6.646789e+02 -1.701783e+03 5.585212e+04 9.873343e+02 4.849786e+04 -5.646993e+04 1.706089e+03
3.333333e-03 5.859492e+04 6.602748e+02 2.241087e+03 -6.921225e+04 1.057470e+03 6.262803e+04 -6.996124e+04 2.246813e+03 2.308216e+03 6.920998e+04 -4.511166e+04 4.493932e+02 6.996081e+04 2.313926e+03 7.191568e+02 -4.821962e+04 2.752332e+03 7.887505e+04 -5.141370e+04 3.642004e+02 -7.972957e+04 -2.758740e+03 -6.872339e+02 5.495408e+04 -5.141300e+04 -7.273142e+02 -1.872736e+03 6.073163e+04 1.060251e+03 5.495348e+04 -6.138973e+04 1.877823e+03
3.535354e-03 6.656865e+04 7.366144e+02 2.464577e+03 -7.579293e+04 1.147632e+03 7.114721e+04 -7.659574e+04 2.471373e+03 2.541002e+03 7.579035e+04 -5.125050e+04 5.013523e+02 7.659554e+04 2.547783e+03 7.804102e+02 -5.477890e+04 3.028481e+03 8.637470e+04 -5.841014e+04 4.162528e+02 -8.729085e+04 -3.036101e+03 -7.502857e+02 6.242939e+04 -5.840937e+04 -8.014615e+02 -2.060484e+03 6.650568e+04 1.146122e+03 6.242873e+04 -6.721125e+04 2.066515e+03
3.737374e-03 7.590255e+04 8.282853e+02 2.711897e+03 -8.363625e+04 1.255120e+03 8.111900e+04 -8.450292e+04 2.719998e+03 2.799251e+03 8.363329e+04 -5.843651e+04 5.637449e+02 8.450299e+04 2.807337e+03 8.534298e+02 -6.245661e+04 3.334482e+03 9.531330e+04 -6.660003e+04 4.793497e+02 -9.630259e+04 -3.343581e+03 -8.259488e+02 7.117932e+04 -6.659918e+04 -8.899071e+02 -2.268501e+03 7.338760e+04 1.247993e+03 7.117861e+04 -7.414950e+04 2.275682e+03
3.939394e-03 8.695851e+04 9.394216e+02 2.988257e+03 -9.306662e+04 1.384460e+03 9.292987e+04 -9.400975e+04 2.997962e+03 3.088621e+03 9.306319e+04 -6.694830e+04 6.393841e+02 9.401016e+04 3.098313e+03 9.412884e+02 -7.155032e+04 3.676915e+03 1.060606e+05 -7.630091e+04 5.565815e+02 -1.071374e+05 -3.687835e+03 -9.176161e+02 8.154298e+04 -7.629997e+04 -9.963944e+02 -2.501256e+03 8.166204e+04 1.369945e+03 8.154220e+04 -8.249139e+04 2.509851e+03
4.141414e-03 1.002276e+05 1.075714e+03 3.300484e+03 -1.045253e+05 1.541857e+03 1.071042e+05 -1.055610e+05 3.312183e+03 3.416552e+03 1.045213e+05 -7.716394e+04 7.321421e+02 1.055619e+05 3.428242e+03 1.048200e+03 -8.246377e+04 4.064421e+03 1.191194e+05 -8.794367e+04 6.522207e+02 -1.203024e+05 -4.077608e+03 -1.029957e+03 9.398050e+04 -8.794263e+04 -1.126057e+03 -2.764616e+03 9.171617e+04 1.517556e+03 9.397964e+04 -9.262721e+04 2.774967e+03
4.343434e-03 1.163919e+05 1.245186e+03 3.657749e+03 -1.186262e+05 1.736030e+03 1.243702e+05 -1.197756e+05 3.671962e+03 3.793079e+03 1.186215e+05 -8.960852e+04 8.474787e+02 1.197770e+05 3.807287e+03 1.180083e+03 -9.575770e+04 4.508632e+03 1.351894e+05 -1.021268e+05 7.723175e+02 -1.365026e+05 -4.524676e+03 -1.169555e+03 1.091309e+05 -1.021256e+05 -1.286108e+03 -3.066477e+03 1.040887e+05 1.698640e+03 1.091300e+05 -1.051000e+05 3.079041e+03
4.545455e-03 1.364250e+05 1.459488e+03 4.072738e+03 -1.362467e+05 1.979595e+03 1.457676e+05 -1.375379e+05 4.090166e+03 4.232137e+03 1.362412e+05 -1.050316e+05 9.933201e+02 1.375400e+05 4.249567e+03 1.345503e+03 -1.122325e+05 5.025671e+03 1.552705e+05 -1.197044e+05 9.256917e+02 -1.567462e+05 -5.045372e+03 -1.345970e+03 1.279065e+05 -1.197031e+05 -1.486982e+03 -3.417785e+03 1.195493e+05 1.924467e+03 1.279054e+05 -1.206858e+05 3.433178e+03
4.747475e-03 1.617633e+05 1.736137e+03 4.563634e+03 -1.586822e+05 2.291457e+03 1.728301e+05 -1.601540e+05 4.585249e+03 4.753782e+03 1.586755e+05 -1.245390e+05 1.181586e+03 1.601570e+05 4.775410e+03 1.557296e+03 -1.330692e+05 5.638694e+03 1.808389e+05 -1.419370e+05 1.125660e+03 -1.825216e+05 -5.663162e+03 -1.573577e+03 1.516530e+05 -1.419355e+05 -1.744317e+03 -3.834262e+03 1.392347e+05 2.211877e+03 1.516518e+05 -1.405306e+05 3.853340e+03
4.949495e-03 1.946143e+05 2.102664e+03 5.157683e+03 -1.879242e+05 2.701238e+03 2.079148e+05 -1.896322e+05 5.184881e+03 5.388202e+03 1.879160e+05 -1.498303e+05 1.431007e+03 1.896364e+05 5.415427e+03 1.835571e+03 -1.600826e+05 6.382488e+03 2.141644e+05 -1.707615e+05 1.393231e+03 -2.161177e+05 -6.413313e+03 -1.874975e+03 1.824387e+05 -1.707598e+05 -2.082611e+03 -4.339524e+03 1.648923e+05 2.587184e+03 1.824374e+05 -1.663967e+05 4.363513e+03
5.151515e-03 2.385526e+05 2.604855e+03 5.898145e+03 -2.271986e+05 3.258061e+03 2.548384e+05 -2.292260e+05 5.933003e+03 6.183536e+03 2.271883e+05 -1.836574e+05 1.772735e+03 2.292317e+05 6.218443e+03 2.213681e+03 -1.962114e+05 7.312405e+03 2.589231e+05 -2.093143e+05 1.763467e+03 -2.612424e+05 -7.351956e+03 -2.287759e+03 2.236127e+05 -2.093123e+05 -2.542474e+03 -4.971150e+03 1.993526e+05 3.093906e+03 2.236112e+05 -2.011388e+05 5.001879e+03
5.353535e-03 2.997857e+05 3.324837e+03 6.859242e+03 -2.821075e+05 4.049833e+03 3.202291e+05 -2.845871e+05 6.905029e+03 7.222748e+03 2.820944e+05 -2.307994e+05 2.262642e+03 2.845951e+05 7.268617e+03 2.751307e+03 -2.465589e+05 8.523641e+03 3.214996e+05 -2.630420e+05 2.299471e+03 -3.243371e+05 -8.575646e+03 -2.879402e+03 2.809910e+05 -2.630397e+05 -3.196546e+03 -5.793771e+03 2.475310e+05 3.809722e+03 2.809893e+05 -2.497163e+05 5.834113e+03
5.555556e-03 3.902260e+05 4.426671e+03 8.183249e+03 -3.634012e+05 5.251828e+03 4.168059e+05 -3.665644e+05 8.245517e+03 8.665559e+03 3.633837e+05 -3.004272e+05 3.012339e+03 3.665760e+05 8.727964e+03 3.567456e+03 -3.209182e+05 1.019909e+04 4.141451e+05 -3.423970e+05 3.127669e+03 -4.177662e+05 -1.026988e+04 -3.784796e+03 3.657343e+05 -3.423942e+05 -4.189552e+03 -6.931559e+03 3.188599e+05 4.889159e+03 3.657322e+05 -3.216487e+05 6.986401e+03
5.757576e-03 5.366239e+05 6.297883e+03 1.019429e+04 -4.952160e+05 7.277546e+03 5.731318e+05 -4.995285e+05 1.028370e+04 1.087727e+04 4.951914e+05 -4.131355e+05 4.285447e+03 4.995459e+05 1.096692e+04 4.942890e+03 -4.412814e+05 1.275628e+04 5.643665e+05 -4.708507e+05 4.547441e+03 -5.693046e+05 -1.285801e+04 -5.322907e+03 5.029056e+05 -4.708471e+05 -5.862584e+03 -8.667997e+03 4.345173e+05 6.696056e+03 5.029029e+05 -4.383202e+05 8.746718e+03
5.959596e-03 8.195637e+05 1.018389e+04 1.390465e+04 -7.502398e+05 1.145540e+04 8.752518e+05 -7.569222e+05 1.404711e+04 1.500248e+04 7.502014e+05 -6.309642e+05 6.929127e+03 7.569506e+05 1.514538e+04 7.779662e+03 -6.738992e+05 1.750137e+04 8.550017e+05 -7.191103e+05 7.522777e+03 -8.626544e+05 -1.766360e+04 -8.520320e+03 7.680070e+05 -7.191050e+05 -9.309927e+03 -1.188999e+04 6.582810e+05 1.039748e+04 7.680032e+05 -6.641746e+05 1.201539e+04
6.161616e-03 1.831742e+06 2.610200e+04 2.731164e+04 -1.662819e+06 2.848009e+04 1.956048e+06 -1.679222e+06 2.764299e+04 3.010296e+04 1.662731e+06 -1.410217e+06 1.775687e+04 1.679289e+06 3.043560e+04 1.934077e+04 -1.506060e+06 3.476459e+04 1.895012e+06 -1.607226e+06 1.981677e+04 -1.913792e+06 -3.514224e+04 -2.165215e+04 1.716375e+06 -1.607214e+06 -2.332324e+04 -2.361265e+04 1.458999e+06 2.537981e+04 1.716366e+06 -1.473462e+06 2.390434e+04
6.363636e-03 1.149887e+06 8.589398e+03 1.426076e+04 -1.049758e+06 9.709019e+03 1.227812e+06 -1.055004e+06 1.448062e+04 1.518902e+04 1.049705e+06 -8.852667e+05 5.848222e+03 1.055052e+06 1.540940e+04 6.587656e+03 -9.453524e+05 1.783381e+04 1.196347e+06 -1.008940e+06 6.185860e+03 -1.202382e+06 -1.808440e+04 -7.062898e+03 1.077366e+06 -1.008937e+06 -8.015880e+03 -1.211018e+04 9.210846e+05 8.964063e+03 1.077364e+06 -9.257323e+05 1.230346e+04
6.565657e-03 1.796471e+06 1.216655e+04 1.824750e+04 -1.634705e+06 1.346534e+04 1.918046e+06 -1.641831e+06 1.860592e+04 1.955400e+04 1.634619e+06 -1.383051e+06 8.285496e+03 1.641910e+06 1.991324e+04 9.132709e+03 -1.476800e+06 2.289514e+04 1.862976e+06 -1.576267e+06 8.886956e+03 -1.871191e+06 -2.330377e+04 -9.891118e+03 1.683026e+06 -1.576263e+06 -1.123121e+04 -1.554161e+04 1.434329e+06 1.233235e+04 1.683023e+06 -1.440655e+06 1.585659e+04
6.767677e-03 4.198050e+06 2.911597e+04 3.306538e+04 -3.807062e+06 3.116294e+04 4.481754e+06 -3.823371e+06 3.393746e+04 3.615672e+04 3.806856e+06 -3.231954e+06 1.982744e+04 3.823565e+06 3.703093e+04 2.113122e+04 -3.450733e+06 4.193553e+04 4.338682e+06 -3.683468e+06 2.193596e+04 -4.357495e+06 -4.293013e+04 -2.346587e+04 3.932601e+06 -3.683460e+06 -2.620839e+04 -2.845212e+04 3.340401e+06 2.796070e+04 3.932597e+06 -3.354888e+06 2.921843e+04
6.969697e-03 3.780480e+07 2.536488e+05 2.087445e+05 -3.421373e+07 2.634060e+05 4.035600e+07 -3.434964e+07 2.168898e+05 2.353698e+05 3.421187e+07 -2.910477e+07 1.727450e+05 3.435143e+07 2.435349e+05 1.785512e+05 -3.107218e+07 2.691541e+05 3.899134e+07 -3.317078e+07 1.960596e+05 -3.914834e+07 -2.784459e+05 -2.027208e+05 3.541117e+07 -3.317077e+07 -2.233752e+05 -1.824622e+05 3.001988e+07 2.318942e+05 3.541110e+07 -3.014072e+07 1.896185e+05
7.171717e-03 -1.387092e+07 -7.918593e+04 -4.307593e+04 1.254547e+07 -7.959990e+04 -1.480555e+07 1.258587e+07 -4.620893e+04 -5.127313e+04 -1.254475e+07 1.067876e+07 -5.395463e+04 -1.258658e+07 -5.441301e+04 -5.391620e+04 1.139960e+07 -5.723212e+04 -1.429732e+07 1.217064e+07 -6.258205e+04 1.434416e+07 6.080612e+04 6.246420e+04 -1.299143e+07 1.217062e+07 6.838969e+04 3.872269e+04 -1.100765e+07 -6.882731e+04 -1.299144e+07 1.104373e+07 -4.147484e+04
7.373737e-03 -2.116036e+07 -6.086106e+04 -1.428392e+04 1.915882e+07 -5.675733e+04 -2.258399e+07 1.918727e+07 -1.926302e+04 -2.036320e+04 -1.915769e+07 1.629063e+07 -4.159790e+04 -1.918839e+07 -2.534784e+04 -3.829751e+04 1.738866e+07 -2.115054e+04 -2.183414e+07 1.856652e+07 -4.927048e+04 2.186784e+07 2.682807e+04 4.538937e+04 -1.981679e+07 1.856651e+07 5.153967e+04 1.411699e+04 -1.681031e+07 -4.805876e+04 -1.981680e+07 1.683628e+07 -1.848833e+04
7.575758e-03 7.651628e+06 -1.194824e+04 -1.383758e+04 -6.947441e+06 -1.514269e+04 8.165600e+06 -6.940366e+06 -1.195965e+04 -1.524696e+04 6.947022e+06 -5.890706e+06 -8.017718e+03 6.940783e+06 -1.337039e+04 -1.038239e+04 -6.287153e+06 -1.754700e+04 7.917567e+06 -6.713679e+06 -8.977963e+03 -7.909982e+06 1.540747e+04 1.168186e+04 7.165082e+06 -6.713681e+06 1.064348e+04 1.201052e+04 6.095816e+06 -1.343759e+04 7.165080e+06 -6.089973e+06 -1.036332e+04
7.777778e-03 1.910103e+06 -9.269453e+03 -8.675418e+03 -1.741685e+06 -1.050191e+04 2.038198e+06 -1.736843e+06 -8.185935e+03 -9.707417e+03 1.741577e+06 -1.470512e+06 -6.269468e+03 1.736949e+06 -9.219002e+03 -7.157645e+03 -1.569324e+06 -1.111551e+04 1.984888e+06 -1.675957e+06 -7.091161e+03 -1.979493e+06 1.055824e+04 8.105876e+03 1.788462e+06 -1.675957e+06 8.187378e+03 7.572015e+03 1.528187e+06 -9.266363e+03 1.788461e+06 -1.524031e+06 -7.142964e+03
7.979798e-03 7.880040e+05 -8.621405e+03 -5.865769e+03 -7.240640e+05 -9.319954e+03 8.407589e+05 -7.198353e+05 -5.654241e+03 -6.803728e+03 7.240168e+05 -6.066495e+05 -5.843165e+03 7.198796e+05 -6.593240e+03 -6.339723e+03 -6.473473e+05 -7.665881e+03 8.251685e+05 -6.914065e+05 -6.730962e+03 -8.204020e+05 7.425387e+03 7.291973e+03 7.377431e+05 -6.914063e+05 7.493115e+03 5.214772e+03 6.353068e+05 -8.110992e+03 7.377414e+05 -6.316358e+05 -5.029602e+03
8.181818e-03 3.826883e+05 -8.301922e+03 -4.069946e+03 -3.563133e+05 -8.744695e+03 4.082623e+05 -3.524205e+05 -3.961686e+03 -4.962154e+03 3.562885e+05 -2.946123e+05 -5.630967e+03 3.524416e+05 -4.854951e+03 -5.942951e+03 -3.143431e+05 -5.467060e+03 4.060660e+05 -3.357755e+05 -6.578187e+03 -4.016563e+05 5.344275e+03 6.923888e+03 3.582394e+05 -3.357748e+05 7.123732e+03 3.716047e+03 3.126355e+05 -7.522123e+03 3.582374e+05 -3.092394e+05 -3.621501e+03
8.383838e-03 2.371212e+05 -7.468139e+03 -3.343270e+03 -2.239254e+05 -7.807675e+03 2.529380e+05 -2.205300e+05 -3.272552e+03 -4.144283e+03 2.239087e+05 -1.825458e+05 -5.066196e+03 2.205426e+05 -4.074571e+03 -5.304113e+03 -1.947500e+05 -4.533235e+03 2.551918e+05 -2.080526e+05 -5.934730e+03 -2.513395e+05 4.453216e+03 6.196222e+03 2.219467e+05 -2.080516e+05 6.391939e+03 3.079752e+03 1.964759e+05 -6.699536e+03 2.219446e+05 -1.935090e+05 -3.018124e+03
8.585859e-03 4.594860e+05 -1.356371e+03 -7.487168e+03 -4.239258e+05 -2.025509e+03 4.900888e+05 -4.231387e+05 -7.349652e+03 -7.671807e+03 4.238961e+05 -3.537358e+05 -9.131300e+02 4.231670e+05 -7.534510e+03 -1.382305e+03 -3.773491e+05 -9.177528e+03 4.831187e+05 -4.031588e+05 -6.370504e+02 -4.822550e+05 9.021008e+03 1.192807e+03 4.300409e+05 -4.031588e+05 1.593725e+03 6.235335e+03 3.719601e+05 -2.159857e+03 4.300404e+05 -3.712947e+05 -6.114661e+03
8.787879e-03 1.371544e+06 2.053243e+04 -2.534227e+04 -1.245806e+06 1.845081e+04 1.462745e+06 -1.253786e+06 -2.492717e+04 -2.332744e+04 1.245725e+06 -1.055894e+06 1.395882e+04 1.253880e+06 -2.290939e+04 1.249947e+04 -1.126267e+06 -2.946609e+04 1.419760e+06 -1.203412e+06 1.851935e+04 -1.428953e+06 2.899177e+04 -1.671927e+04 1.283524e+06 -1.203417e+06 -1.540532e+04 2.001887e+04 1.093095e+06 1.371551e+04 1.283531e+06 -1.100174e+06 -1.965283e+04
8.989899e-03 7.392134e+05 1.024823e+04 -1.590260e+04 -6.746798e+05 8.987490e+03 7.882770e+05 -6.784977e+05 -1.567039e+04 -1.491177e+04 6.746347e+05 -5.690877e+05 6.967807e+03 6.785497e+05 -1.467802e+04 6.085966e+03 -6.069488e+05 -1.865851e+04 7.688854e+05 -6.485953e+05 9.454885e+03 -7.732913e+05 1.839331e+04 -8.372748e+03 6.916947e+05 -6.485985e+05 -7.478462e+03 1.267263e+04 5.919778e+05 6.449239e+03 6.916989e+05 -5.953708e+05 -1.246784e+04
9.191919e-03 5.047663e+05 6.796949e+03 -1.240944e+04 -4.627388e+05 5.845245e+03 5.382062e+05 -4.651744e+05 -1.224509e+04 -1.176038e+04 4.627073e+05 -3.885963e+05 4.621336e+03 4.652109e+05 -1.159496e+04 3.956789e+03 -4.144028e+05 -1.463690e+04 5.273503e+05 -4.428880e+05 6.393462e+03 -5.301644e+05 1.444928e+04 -5.580277e+03 4.722639e+05 -4.428904e+05 -4.837355e+03 9.938661e+03 4.060169e+05 4.058011e+03 4.722670e+05 -4.081840e+05 -9.793673e+03
9.393939e-03 3.758130e+05 4.997306e+03 -1.041313e+04 -3.460698e+05 4.222850e+03 4.006623e+05 -3.477947e+05 -1.028640e+04 -9.941381e+03 3.460458e+05 -2.893204e+05 3.397685e+03 3.478225e+05 -9.813829e+03 2.857629e+03 -3.084987e+05 -1.232777e+04 3.943903e+05 -3.297424e+05 4.786782e+03 -3.963854e+05 1.218315e+04 -4.127217e+03 3.515725e+05 -3.297444e+05 -3.470378e+03 8.368758e+03 3.036494e+05 2.834835e+03 3.515750e+05 -3.051858e+05 -8.256912e+03
9.595960e-03 2.938093e+05 3.889745e+03 -9.074968e+03 -2.718140e+05 3.233854e+03 3.131986e+05 -2.731085e+05 -8.972421e+03 -8.711806e+03 2.717949e+05 -2.261892e+05 2.644570e+03 2.731308e+05 -8.608591e+03 2.187684e+03 -2.411546e+05 -1.077374e+04 3.097660e+05 -2.577912e+05 3.791597e+03 -3.112647e+05 1.065677e+04 -3.234425e+03 2.748254e+05 -2.577930e+05 -2.635429e+03 7.312170e+03 2.384960e+05 2.096325e+03 2.748275e+05 -2.396502e+05 -7.221622e+03
9.797980e-03 2.373177e+05 3.142742e+03 -8.097826e+03 -2.206111e+05 2.572999e+03 2.529479e+05 -2.216203e+05 -8.012142e+03 -7.807544e+03 2.205954e+05 -1.826986e+05 2.136610e+03 2.216387e+05 -7.721297e+03 1.740081e+03 -1.947635e+05 -9.635120e+03 2.514135e+05 -2.082247e+05 3.116106e+03 -2.525830e+05 9.537423e+03 -2.633103e+03 2.219569e+05 -2.082263e+05 -2.076555e+03 6.537978e+03 1.935697e+05 1.607667e+03 2.219587e+05 -1.944703e+05 -6.462279e+03
1.000000e-02 1.963136e+05 2.608068e+03 -7.344765e+03 -1.834065e+05 2.104287e+03 2.092170e+05 -1.842150e+05 -7.271481e+03 -7.106392e+03 1.833932e+05 -1.511313e+05 1.773027e+03 1.842307e+05 -7.032622e+03 1.422657e+03 -1.610922e+05 -8.755056e+03 2.090139e+05 -1.722472e+05 2.629586e+03 -2.099517e+05 8.671537e+03 -2.203218e+03 1.835842e+05 -1.722486e+05 -1.679560e+03 5.939557e+03 1.609257e+05 1.264525e+03 1.835857e+05 -1.616479e+05 -5.874775e+03
