-1.000000e-02 -1.523455e+05 -1.488319e+03 4.543859e+03 -8.458282e+04 4.006380e+03 -4.725335e+04 -7.813082e+04 5.225832e+03 4.425315e+03 8.470232e+04 1.173914e+05 -1.048168e+03 7.801222e+04 5.112005e+03 2.755667e+03 3.628255e+04 5.474632e+03 9.649815e+04 1.337327e+05 -9.136291e+02 -8.901011e+04 -6.250047e+03 -3.709928e+03 -4.140914e+04 1.337304e+05 1.587121e+03 -3.654821e+03 7.424438e+04 2.946287e+03 -4.140493e+04 -6.847808e+04 4.259348e+03
-9.797980e-03 -1.717921e+05 -1.544293e+03 4.775728e+03 -9.466975e+04 4.382556e+03 -5.313289e+04 -8.720674e+04 5.522098e+03 4.642044e+03 9.480161e+04 1.323728e+05 -1.089428e+03 8.707580e+04 5.393528e+03 3.014321e+03 4.080004e+04 5.749477e+03 1.080046e+05 1.508015e+05 -9.469429e+02 -9.935043e+04 -6.598592e+03 -4.044100e+03 -4.656316e+04 1.507988e+05 1.649962e+03 -3.836825e+03 8.309771e+04 3.236987e+03 -4.655831e+04 -7.643336e+04 4.497997e+03
-9.595960e-03 -1.952516e+05 -1.599595e+03 5.039582e+03 -1.068159e+05 4.827024e+03 -6.021860e+04 -9.810651e+04 5.862647e+03 4.887533e+03 1.069624e+05 1.504456e+05 -1.130837e+03 9.796087e+04 5.716184e+03 3.319954e+03 4.624442e+04 6.061765e+03 1.218599e+05 1.713924e+05 -9.780302e+02 -1.117687e+05 -6.998634e+03 -4.438635e+03 -5.277460e+04 1.713893e+05 1.714613e+03 -4.043300e+03 9.375834e+04 3.580789e+03 -5.276896e+04 -8.598736e+04 4.771950e+03
-9.393939e-03 -2.239544e+05 -1.651998e+03 5.343529e+03 -1.216534e+05 5.359859e+03 -6.887948e+04 -1.113838e+05 6.259249e+03 5.168857e+03 1.218177e+05 1.725575e+05 -1.171058e+03 1.112204e+05 6.090731e+03 3.686375e+03 5.289930e+04 6.420890e+03 1.387851e+05 1.965854e+05 -1.004678e+03 -1.268958e+05 -7.463749e+03 -4.911219e+03 -6.036698e+04 1.965818e+05 1.779808e+03 -4.280337e+03 1.067812e+05 3.993362e+03 -6.036036e+04 -9.762543e+04 5.090520e+03
-9.191919e-03 -2.596674e+05 -1.697758e+03 5.698974e+03 -1.400914e+05 6.009935e+03 -7.964545e+04 -1.278324e+05 6.728550e+03 5.495909e+03 1.402775e+05 2.000697e+05 -1.207804e+03 1.276472e+05 6.532340e+03 4.133447e+03 6.117192e+04 6.840032e+03 1.598173e+05 2.279313e+05 -1.023291e+03 -1.456362e+05 -8.013111e+03 -5.487278e+03 -6.980489e+04 2.279270e+05 1.843253e+03 -4.556475e+03 1.229641e+05 4.497251e+03 -6.979703e+04 -1.120435e+05 5.466867e+03
-8.989899e-03 -3.050215e+05 -1.730472e+03 6.122627e+03 -1.634857e+05 6.820433e+03 -9.330538e+04 -1.486322e+05 7.295044e+03 5.883105e+03 1.636991e+05 2.350088e+05 -1.237099e+03 1.484196e+05 7.063261e+03 4.690870e+03 7.166853e+04 7.338461e+03 1.865028e+05 2.677392e+05 -1.027861e+03 -1.693339e+05 -8.674885e+03 -6.204814e+03 -8.177993e+04 2.677340e+05 1.900806e+03 -4.884188e+03 1.434971e+05 5.126194e+03 -8.177048e+04 -1.302755e+05 5.920322e+03
-8.787879e-03 -3.641159e+05 -1.738806e+03 6.640264e+03 -1.939522e+05 7.859223e+03 -1.110883e+05 -1.756171e+05 7.996621e+03 6.352561e+03 1.942007e+05 2.805326e+05 -1.251830e+03 1.753694e+05 7.717803e+03 5.405321e+03 8.533367e+04 7.945835e+03 2.212549e+05 3.196068e+05 -1.007963e+03 -2.000788e+05 -9.492574e+03 -7.123526e+03 -9.736961e+04 3.196005e+05 1.944845e+03 -5.282665e+03 1.702371e+05 5.933242e+03 -9.735803e+04 -1.539295e+05 6.480746e+03
-8.585859e-03 -4.437309e+05 -1.701650e+03 7.294470e+03 -2.349985e+05 9.240153e+03 -1.350270e+05 -2.118140e+05 8.895888e+03 6.940627e+03 2.352938e+05 3.418642e+05 -1.238628e+03 2.115194e+05 8.552477e+03 6.355079e+03 1.037296e+05 8.711042e+03 2.680748e+05 3.894855e+05 -9.444682e+02 -2.413191e+05 -1.053795e+04 -8.343500e+03 -1.183562e+05 3.894776e+05 1.960740e+03 -5.783525e+03 2.062629e+05 7.007418e+03 -1.183417e+05 -1.856585e+05 7.197404e+03
-8.383838e-03 -5.560514e+05 -1.576517e+03 8.162534e+03 -2.929457e+05 1.117209e+04 -1.687751e+05 -2.626465e+05 1.010615e+04 7.712986e+03 2.933061e+05 4.283898e+05 -1.170372e+03 2.622865e+05 9.669240e+03 7.683731e+03 1.296643e+05 9.722616e+03 3.341719e+05 4.880697e+05 -7.993226e+02 -2.992346e+05 -1.194073e+04 -1.004828e+04 -1.479429e+05 4.880594e+05 1.918365e+03 -6.444051e+03 2.571221e+05 8.512104e+03 -1.479241e+05 -2.302169e+05 8.159322e+03
-8.181818e-03 -7.258671e+05 -1.266868e+03 9.405592e+03 -3.806972e+05 1.409262e+04 -2.197674e+05 -3.391123e+05 1.186204e+04 8.806112e+03 3.811551e+05 5.592059e+05 -9.850514e+02 3.386543e+05 1.127859e+04 9.691991e+03 1.688515e+05 1.116478e+04 4.342642e+05 6.371172e+05 -4.868288e+02 -3.863552e+05 -1.396913e+04 -1.262220e+04 -1.926480e+05 6.371032e+05 1.748046e+03 -7.383543e+03 3.341398e+05 1.078963e+04 -1.926224e+05 -2.972450e+05 9.550578e+03
-7.979798e-03 -1.015385e+06 -5.022465e+02 1.144575e+04 -5.307741e+05 1.914468e+04 -3.066691e+05 -4.686969e+05 1.477106e+04 1.057681e+04 5.313968e+05 7.822331e+05 -5.079805e+02 4.680730e+05 1.392420e+04 1.316503e+04 2.356357e+05 1.351930e+04 6.054452e+05 8.912277e+05 2.315557e+02 -5.339962e+05 -1.731694e+04 -1.706881e+04 -2.688358e+05 8.912071e+05 1.251968e+03 -8.914512e+03 4.658589e+05 1.473421e+04 -2.687981e+05 -4.108357e+05 1.184717e+04
-7.777778e-03 -1.670765e+06 1.915882e+03 1.606840e+04 -8.725843e+05 3.110217e+04 -5.033918e+05 -7.596116e+05 2.135892e+04 1.453411e+04 8.735794e+05 1.287098e+06 1.038690e+03 7.586126e+05 1.986162e+04 2.138088e+04 3.868181e+05 1.882150e+04 9.953183e+05 1.466456e+06 2.408597e+03 -8.654468e+05 -2.486615e+04 -2.757873e+04 -4.413067e+05 1.466419e+06 -4.551119e+02 -1.236055e+04 7.658578e+05 2.408005e+04 -4.412388e+05 -6.658427e+05 1.702572e+04
-7.575758e-03 3.064203e+06 -2.660437e+04 -2.396093e+04 1.648166e+06 -7.233943e+04 9.209318e+05 1.298235e+06 -3.323455e+04 -1.936471e+04 -1.649926e+06 -2.360487e+06 -1.760841e+04 -1.296458e+06 -2.874211e+04 -4.958170e+04 -7.077348e+05 -2.674255e+04 -1.879877e+06 -2.689476e+06 -2.252693e+04 1.479114e+06 3.736180e+04 6.319507e+04 8.074307e+05 -2.689374e+06 2.088288e+04 1.742553e+04 -1.446557e+06 -5.678754e+04 8.072202e+05 1.137915e+06 -2.561857e+04
-7.373737e-03 1.787672e+06 -1.882633e+04 -1.127945e+04 9.648535e+05 -4.212638e+04 5.360448e+05 7.439727e+05 -1.651351e+04 -8.466088e+03 -9.658485e+05 -1.377094e+06 -1.253102e+04 -7.429638e+05 -1.376049e+04 -2.886462e+04 -4.119750e+05 -1.224219e+04 -1.100470e+06 -1.569043e+06 -1.562295e+04 8.476322e+05 1.823786e+04 3.665426e+04 4.699976e+05 -1.568977e+06 1.517645e+04 7.899762e+03 -8.468218e+05 -3.320644e+04 4.698672e+05 6.521039e+05 -1.252358e+04
-7.171717e-03 1.571429e+06 -1.762227e+04 -7.664439e+03 8.465572e+05 -3.527234e+04 4.701581e+05 6.502939e+05 -1.212410e+04 -5.241137e+03 -8.474035e+05 -1.210493e+06 -1.175581e+04 -6.494321e+05 -9.750119e+03 -2.417081e+04 -3.613582e+05 -8.057830e+03 -9.655240e+05 -1.379233e+06 -1.445969e+04 7.409072e+05 1.316608e+04 3.060975e+04 4.122402e+05 -1.379175e+06 1.439998e+04 5.119792e+03 -7.429903e+05 -2.788724e+04 4.121262e+05 5.700057e+05 -9.057695e+03
-6.969697e-03 2.024764e+06 -1.891882e+04 -7.106371e+03 1.073124e+06 -3.835500e+04 6.045031e+05 8.557885e+05 -1.269683e+04 -4.504954e+03 -1.074180e+06 -1.559676e+06 -1.258915e+04 -8.547119e+05 -1.014560e+04 -2.631565e+04 -4.646355e+05 -7.335723e+03 -1.223920e+06 -1.777101e+06 -1.545443e+04 9.750493e+05 1.373366e+04 3.327722e+04 5.300367e+05 -1.777038e+06 1.549264e+04 4.540124e+03 -9.418331e+05 -3.036906e+04 5.299124e+05 7.501694e+05 -9.470266e+03
-6.767677e-03 3.796171e+06 -2.194795e+04 -8.139905e+03 1.955425e+06 -5.228633e+04 1.131026e+06 1.667766e+06 -1.835121e+04 -4.800386e+03 -1.957344e+06 -2.924142e+06 -1.444264e+04 -1.665815e+06 -1.507268e+04 -3.598775e+04 -8.693702e+05 -8.392841e+03 -2.230206e+06 -3.331788e+06 -1.791154e+04 1.900214e+06 2.006334e+04 4.545051e+04 9.916856e+05 -3.331708e+06 1.780559e+04 4.892232e+03 -1.716181e+06 -4.144299e+04 9.915232e+05 1.462040e+06 -1.388197e+04
-6.565657e-03 1.285048e+07 -2.656504e+04 -9.619242e+03 6.404520e+06 -1.068740e+05 3.820888e+06 5.878386e+06 -4.324272e+04 -3.679560e+03 -6.410813e+06 -9.898384e+06 -1.654388e+04 -5.872029e+06 -3.740549e+04 -7.411484e+04 -2.937085e+06 -9.891783e+03 -7.304537e+06 -1.127831e+07 -2.165211e+04 6.697816e+06 4.826826e+04 9.327519e+04 3.350115e+06 -1.127820e+07 2.051005e+04 4.052300e+03 -5.620914e+06 -8.496930e+04 3.349816e+06 5.153628e+06 -3.360496e+04
-6.363636e-03 -6.305008e+07 -5.462463e+04 -4.270467e+04 -3.045618e+07 2.171111e+05 -1.870972e+07 -2.982423e+07 1.178143e+05 -4.984534e+04 3.048636e+07 4.856547e+07 -4.414511e+04 2.979393e+07 1.107907e+05 1.545497e+05 1.438259e+07 -4.722322e+04 3.473656e+07 5.533615e+07 -4.565473e+04 -3.398177e+07 -1.357852e+05 -1.912396e+05 -1.640422e+07 5.533557e+07 5.259034e+04 4.485191e+04 2.672970e+07 1.754036e+05 -1.640396e+07 -2.614876e+07 9.605228e+04
-6.161616e-03 3.774202e+07 -2.413069e+04 7.527496e+04 1.826634e+07 -1.029284e+05 1.117750e+07 1.775160e+07 -1.752855e+04 8.081497e+04 -1.828369e+07 -2.907088e+07 -1.240475e+04 -1.773418e+07 -1.207277e+04 -7.393360e+04 -8.592911e+06 8.937945e+04 -2.083279e+07 -3.312394e+07 -1.541700e+04 2.022649e+07 1.643270e+04 8.861952e+04 9.800523e+06 -3.312389e+07 1.989396e+04 -6.814610e+04 -1.603127e+07 -8.595436e+04 9.800218e+06 1.556424e+07 -1.332143e+04
-5.959596e-03 -1.160821e+06 -2.322216e+04 -4.118858e+03 -4.645914e+05 -2.212913e+04 -3.431798e+05 -6.603160e+05 -1.307270e+03 -2.158308e+03 4.651172e+05 8.941040e+05 -1.589695e+04 6.598216e+05 6.258304e+02 -1.492211e+04 2.638317e+05 -3.645098e+03 5.299583e+05 1.018747e+06 -1.866455e+04 -7.524033e+05 4.558163e+02 1.893842e+04 -3.008512e+05 1.018796e+06 1.982883e+04 2.701421e+03 4.077485e+05 -1.748509e+04 -3.009528e+05 -5.790659e+05 -2.471667e+02
-5.757576e-03 -9.242795e+06 3.060877e+04 -4.109682e+04 -4.498669e+06 8.043766e+03 -2.726981e+06 -4.333780e+06 -1.985853e+04 -4.273042e+04 4.502555e+06 7.119005e+06 1.992505e+04 4.329860e+06 -2.147035e+04 6.344114e+03 2.096647e+06 -4.956005e+04 5.130423e+06 8.111723e+06 2.230661e+04 -4.938072e+06 2.534645e+04 -5.796530e+03 -2.391173e+06 8.111656e+06 -2.726017e+04 3.539646e+04 3.948116e+06 8.490406e+03 -2.391094e+06 -3.799998e+06 -1.675141e+04
-5.555556e-03 2.256879e+06 -3.593709e+04 1.274031e+04 1.199764e+06 -2.298474e+04 6.645838e+05 9.343855e+05 7.793058e+03 1.522086e+04 -1.200654e+06 -1.738274e+06 -2.422165e+04 -9.334453e+05 1.024384e+04 -1.582515e+04 -5.110067e+05 1.664675e+04 -1.368103e+06 -1.980709e+06 -2.791131e+04 1.064662e+06 -1.099453e+04 1.922512e+04 5.828229e+05 -1.980641e+06 3.122666e+04 -1.171772e+04 -1.052919e+06 -1.897781e+04 5.826920e+05 8.192248e+05 7.362274e+03
-5.353535e-03 -2.627183e+06 1.780855e+04 -1.767057e+04 -1.299648e+06 -1.449960e+03 -7.723800e+05 -1.226183e+06 -1.201968e+04 -1.833760e+04 1.300656e+06 2.023454e+06 1.188154e+04 1.225158e+06 -1.267892e+04 -7.622544e+02 5.939051e+05 -2.147599e+04 1.482055e+06 2.305654e+06 1.328356e+04 -1.397181e+06 1.503418e+04 1.873785e+03 -6.773065e+05 2.305630e+06 -1.588417e+04 1.506033e+04 1.140575e+06 -2.678340e+02 -6.772724e+05 -1.075214e+06 -1.009782e+04
-5.151515e-03 1.039688e+06 -2.865297e+04 8.465737e+03 5.933295e+05 -1.606875e+04 3.050600e+05 3.808293e+05 6.372408e+03 1.029586e+04 -5.936900e+05 -8.007540e+05 -1.939266e+04 -3.804242e+05 8.184339e+03 -1.100660e+04 -2.345960e+05 1.123568e+04 -6.765044e+05 -9.124594e+05 -2.231173e+04 4.339248e+05 -8.842805e+03 1.343297e+04 2.675670e+05 -9.124071e+05 2.493124e+04 -7.811695e+03 -5.206966e+05 -1.321013e+04 2.674680e+05 3.338747e+05 5.965066e+03
-4.949495e-03 -3.309846e+07 6.274188e+05 -2.996505e+05 -1.778542e+07 1.711523e+05 -9.697122e+06 -1.391884e+07 -2.343193e+05 -3.316079e+05 1.779635e+07 2.549133e+07 4.240039e+05 1.390696e+07 -2.659903e+05 1.188523e+05 7.457416e+06 -3.783013e+05 2.027909e+07 2.904758e+07 4.829734e+05 -1.585992e+07 3.037715e+05 -1.347570e+05 -8.504677e+06 2.904627e+07 -5.507876e+05 2.626325e+05 1.560797e+07 1.508620e+05 -8.503025e+06 -1.220490e+07 -2.051367e+05
-4.747475e-03 -3.350497e+06 6.723726e+04 -3.381665e+04 -1.812999e+06 1.137245e+04 -9.800996e+05 -1.423522e+06 -2.739414e+04 -3.689763e+04 1.814060e+06 2.580434e+06 4.547003e+04 1.422367e+06 -3.044958e+04 7.970781e+03 7.537563e+05 -4.242432e+04 2.067132e+06 2.940412e+06 5.165537e+04 -1.622058e+06 3.510155e+04 -8.378221e+03 -8.595940e+05 2.940314e+06 -5.916377e+04 2.938450e+04 1.591040e+06 1.068336e+04 -8.594254e+05 -1.248273e+06 -2.373194e+04
-4.545455e-03 -1.882911e+06 4.164775e+04 -2.091282e+04 -1.034072e+06 4.289115e+03 -5.499619e+05 -8.010045e+05 -1.742269e+04 -2.267388e+04 1.034632e+06 1.450134e+06 2.818801e+04 8.003874e+05 -1.917065e+04 3.042620e+03 4.229733e+05 -2.617372e+04 1.178978e+06 1.652442e+06 3.198272e+04 -9.127268e+05 2.219635e+04 -2.818001e+03 -4.823555e+05 1.652387e+06 -3.668675e+04 1.809322e+04 9.074677e+05 4.412314e+03 -4.822575e+05 -7.024164e+05 -1.502090e+04
-4.343434e-03 -1.036968e+06 2.373650e+04 -1.246877e+04 -5.740065e+05 -6.131719e+01 -3.024467e+05 -4.514003e+05 -1.060360e+04 -1.335224e+04 5.742952e+05 7.986167e+05 1.607294e+04 4.510800e+05 -1.148114e+04 2.370504e+01 2.326191e+05 -1.551578e+04 6.544229e+05 9.100361e+05 1.819414e+04 -5.143663e+05 1.339153e+04 5.753027e+02 -2.652701e+05 9.100084e+05 -2.095166e+04 1.071059e+04 5.037253e+05 5.480783e+02 -2.652205e+05 -3.958616e+05 -9.068766e+03
-4.141414e-03 -7.202305e+05 1.757572e+04 -9.301574e+03 -4.045869e+05 -1.398657e+03 -2.097769e+05 -3.190669e+05 -8.045469e+03 -9.887949e+03 4.047732e+05 5.546758e+05 1.190772e+04 3.188577e+05 -8.628332e+03 -9.084822e+02 1.613507e+05 -1.153751e+04 4.612524e+05 6.320651e+05 1.346182e+04 -3.635772e+05 1.010776e+04 1.596867e+03 -1.839943e+05 6.320465e+05 -1.553114e+04 7.954781e+03 3.550466e+05 -6.660719e+02 -1.839610e+05 -2.798225e+05 -6.848959e+03
-3.939394e-03 -5.421261e+05 1.424208e+04 -7.463632e+03 -3.103884e+05 -2.023234e+03 -1.576939e+05 -2.444733e+05 -6.546731e+03 -7.892678e+03 3.105175e+05 4.175063e+05 9.654174e+03 2.443260e+05 -6.973506e+03 -1.345856e+03 1.212954e+05 -9.237251e+03 3.538479e+05 4.757601e+05 1.090574e+04 -2.785804e+05 8.194206e+03 2.060435e+03 -1.383150e+05 4.757463e+05 -1.259376e+04 6.362370e+03 2.723801e+05 -1.248931e+03 -1.382904e+05 -2.144131e+05 -5.555019e+03
-3.737374e-03 -4.262744e+05 1.211357e+04 -6.214920e+03 -2.497299e+05 -2.357754e+03 -1.238395e+05 -1.960551e+05 -5.515445e+03 -6.545737e+03 2.498224e+05 3.282822e+05 8.215235e+03 1.959472e+05 -5.844732e+03 -1.581398e+03 9.525861e+04 -7.678985e+03 2.846857e+05 3.740887e+05 9.276222e+03 -2.234093e+05 6.883759e+03 2.298883e+03 -1.086228e+05 3.740780e+05 -1.071566e+04 5.284571e+03 2.191477e+05 -1.572399e+03 -1.086037e+05 -1.719558e+05 -4.668525e+03
-3.535354e-03 -3.447016e+05 1.062799e+04 -5.291369e+03 -2.074673e+05 -2.547705e+03 -1.000220e+05 -1.621553e+05 -4.742267e+03 -5.555060e+03 2.075346e+05 2.654586e+05 7.210811e+03 1.620746e+05 -5.004904e+03 -1.716101e+03 7.694058e+04 -6.529284e+03 2.364985e+05 3.025007e+05 8.140457e+03 -1.847814e+05 5.905402e+03 2.426461e+03 -8.773339e+04 3.024920e+05 -9.403157e+03 4.490122e+03 1.820591e+05 -1.764975e+03 -8.771803e+04 -1.422293e+05 -4.006384e+03
-3.333333e-03 -2.842277e+05 9.531441e+03 -4.570298e+03 -1.765109e+05 -2.657454e+03 -8.238125e+04 -1.372491e+05 -4.130423e+03 -4.785347e+03 1.765601e+05 2.188848e+05 6.469294e+03 1.371879e+05 -4.344742e+03 -1.794714e+03 6.337276e+04 -5.633502e+03 2.012028e+05 2.494292e+05 7.303126e+03 -1.564013e+05 5.134041e+03 2.493496e+03 -7.226119e+04 2.494221e+05 -8.433213e+03 3.871724e+03 1.548927e+05 -1.883804e+03 -7.224856e+04 -1.203888e+05 -3.484096e+03
-3.131313e-03 -2.376978e+05 8.690458e+03 -3.985406e+03 -1.530327e+05 -2.719781e+03 -6.882157e+04 -1.183245e+05 -3.627705e+03 -4.163696e+03 1.530684e+05 1.830503e+05 5.900487e+03 1.182780e+05 -3.805491e+03 -1.840057e+03 5.294346e+04 -4.908198e+03 1.744337e+05 2.085951e+05 6.661632e+03 -1.348371e+05 4.502307e+03 2.525472e+03 -6.036820e+04 2.085892e+05 -7.688515e+03 3.371475e+03 1.342890e+05 -1.958170e+03 -6.035766e+04 -1.037936e+05 -3.056161e+03
-2.929293e-03 -2.008526e+05 8.027487e+03 -3.497110e+03 -1.347654e+05 -2.752960e+03 -5.809548e+04 -1.035845e+05 -3.202917e+03 -3.646714e+03 1.347907e+05 1.546746e+05 5.451991e+03 1.035493e+05 -3.352177e+03 -1.864874e+03 4.469334e+04 -4.303636e+03 1.536060e+05 1.762603e+05 6.156406e+03 -1.180411e+05 3.970028e+03 2.536497e+03 -5.096037e+04 1.762553e+05 -7.100863e+03 2.954864e+03 1.182581e+05 -2.004523e+03 -5.095146e+04 -9.086781e+04 -2.695446e+03
-2.727273e-03 -1.709856e+05 7.494147e+03 -3.080042e+03 -1.202753e+05 -2.767841e+03 -4.941036e+04 -9.188648e+04 -2.836005e+03 -3.206671e+03 1.202925e+05 1.316732e+05 5.091116e+03 9.185999e+04 -2.962406e+03 -1.876745e+03 3.801285e+04 -3.787983e+03 1.370851e+05 1.500496e+05 5.750313e+03 -1.047114e+05 3.511435e+03 2.534875e+03 -4.334256e+04 1.500453e+05 -6.627686e+03 2.599809e+03 1.055421e+05 -2.032716e+03 -4.333496e+04 -8.060943e+04 -2.384544e+03
-2.525253e-03 -1.462901e+05 7.058599e+03 -2.717041e+03 -1.086110e+05 -2.771174e+03 -4.223724e+04 -8.246849e+04 -2.513346e+03 -2.824866e+03 1.086219e+05 1.126548e+05 4.796354e+03 8.244893e+04 -2.621027e+03 -1.880391e+03 3.249518e+04 -3.339738e+03 1.237862e+05 1.283774e+05 5.418932e+03 -9.397963e+04 3.109058e+03 2.525720e+03 -3.705082e+04 1.283738e+05 -6.240950e+03 2.291396e+03 9.530603e+04 -2.048938e+03 -3.704431e+04 -7.235043e+04 -2.111654e+03
-2.323232e-03 -1.255123e+05 6.699010e+03 -2.395999e+03 -9.911703e+04 -2.767303e+03 -3.620907e+04 -7.480375e+04 -2.225272e+03 -2.488141e+03 9.912280e+04 9.665358e+04 4.552953e+03 7.478976e+04 -2.317330e+03 -1.878858e+03 2.785808e+04 -2.943747e+03 1.129617e+05 1.101434e+05 5.145530e+03 -8.524571e+04 2.750528e+03 2.512284e+03 -3.176326e+04 1.101403e+05 -5.921425e+03 2.019123e+03 8.697446e+04 -2.057220e+03 -3.175767e+04 -6.562887e+04 -1.868418e+03
-2.121212e-03 -1.077538e+05 6.399917e+03 -2.108066e+03 -9.132796e+04 -2.759106e+03 -3.106295e+04 -6.851733e+04 -1.964673e+03 -2.186904e+03 9.132963e+04 8.297771e+04 4.350467e+03 6.850782e+04 -2.043471e+03 -1.874167e+03 2.389934e+04 -2.588951e+03 1.040812e+05 9.455915e+04 4.918262e+03 -7.808235e+04 2.426769e+03 2.496692e+03 -2.724931e+04 9.455643e+04 -5.655477e+03 1.775324e+03 8.013910e+04 -2.060263e+03 -2.724450e+04 -6.011597e+04 -1.648704e+03
-1.919192e-03 -9.235306e+04 6.150079e+03 -1.846582e+03 -8.490568e+04 -2.748525e+03 -2.660536e+04 -6.333615e+04 -1.726161e+03 -1.913960e+03 8.490402e+04 7.111766e+04 4.181299e+03 6.333028e+04 -1.793529e+03 -1.867686e+03 2.047015e+04 -2.267034e+03 9.675900e+04 8.104400e+04 4.728523e+03 -7.217838e+04 2.130917e+03 2.480356e+03 -2.333922e+04 8.104166e+04 -5.433192e+03 1.554242e+03 7.450318e+04 -2.059921e+03 -2.333510e+04 -5.557227e+04 -1.447870e+03
-1.717172e-03 -7.881107e+04 5.941157e+03 -1.606402e+03 -7.959980e+04 -2.736896e+03 -2.269038e+04 -5.905765e+04 -1.505542e+03 -1.663763e+03 7.959544e+04 6.068916e+04 4.039815e+03 5.905476e+04 -1.562912e+03 -1.860358e+03 1.745828e+04 -1.971583e+03 9.070971e+04 6.916011e+04 4.569933e+03 -6.730302e+04 1.857642e+03 2.464229e+03 -1.990505e+04 6.915811e+04 -5.247213e+03 1.351437e+03 6.984698e+04 -2.057485e+03 -1.990152e+04 -5.182017e+04 -1.262315e+03
-1.515152e-03 -6.674315e+04 5.766869e+03 -1.383459e+03 -7.522226e+04 -2.725150e+03 -1.920556e+04 -5.552949e+04 -1.299476e+03 -1.431937e+03 7.521570e+04 5.139591e+04 3.921771e+03 5.552902e+04 -1.347976e+03 -1.852840e+03 1.477725e+04 -1.697528e+03 8.571885e+04 5.856986e+04 4.437688e+03 -6.328266e+04 1.602704e+03 2.448963e+03 -1.684815e+04 5.856816e+04 -5.091992e+03 1.163401e+03 6.600546e+04 -2.053871e+03 -1.684515e+04 -4.872607e+04 -1.089170e+03
-1.313131e-03 -5.584637e+04 5.622432e+03 -1.174460e+03 -7.163035e+04 -2.713939e+03 -1.606239e+04 -5.263597e+04 -1.105238e+03 -1.214955e+03 7.162201e+04 4.300461e+04 3.823933e+03 5.263745e+04 -1.145761e+03 -1.845596e+03 1.235898e+04 -1.440775e+03 8.162372e+04 4.900739e+04 4.328132e+03 -5.998546e+04 1.362655e+03 2.435003e+03 -1.409089e+04 4.900596e+04 -4.963305e+03 9.873055e+02 6.285337e+04 -2.049734e+03 -1.408838e+04 -4.618851e+04 -9.261033e+02
-1.111111e-03 -4.587711e+04 5.504182e+03 -9.766880e+02 -6.871524e+04 -2.703726e+03 -1.318971e+04 -5.028876e+04 -9.205614e+02 -1.009907e+03 6.870548e+04 3.532764e+04 3.743826e+03 5.029182e+04 -9.538114e+02 -1.838954e+03 1.014876e+04 -1.197944e+03 7.830022e+04 4.025890e+04 4.238466e+03 -5.731079e+04 1.134630e+03 2.422655e+03 -1.157088e+04 4.025773e+04 -4.857912e+03 8.208129e+02 6.029522e+04 -2.045545e+03 -1.156881e+04 -4.413005e+04 -7.711769e+02
-9.090909e-04 -3.663522e+04 5.409315e+03 -7.878448e+02 -6.639399e+04 -2.694836e+03 -1.052910e+04 -4.842051e+04 -7.435166e+02 -8.143422e+02 6.638310e+04 2.821084e+04 3.679554e+03 4.842481e+04 -7.700431e+02 -1.833148e+03 8.101649e+03 -9.661808e+02 7.565378e+04 3.214875e+04 4.166550e+03 -5.518190e+04 9.161951e+02 2.412133e+03 -9.236865e+03 3.214781e+04 -4.773336e+03 6.619537e+02 5.825820e+04 -2.041647e+03 -9.235214e+03 -4.249162e+04 -6.227432e+02
-7.070707e-04 -2.795233e+04 5.335706e+03 -6.059471e+02 -6.460394e+04 -2.687500e+03 -8.031431e+03 -4.698032e+04 -5.724252e+02 -6.261465e+02 6.459219e+04 2.152456e+04 3.629681e+03 4.698557e+04 -5.926498e+02 -1.828341e+03 6.179860e+03 -7.430245e+02 7.361297e+04 2.452917e+04 4.110760e+03 -5.354079e+04 7.052359e+02 2.403580e+03 -7.045766e+03 2.452845e+04 -4.707695e+03 5.090286e+02 5.668735e+04 -2.038282e+03 -7.044505e+03 -4.122859e+04 -4.793716e+02
-5.050505e-04 -1.968320e+04 5.281778e+03 -4.292404e+02 -6.329882e+04 -2.681878e+03 -5.654344e+03 -4.593060e+04 -4.057938e+02 -4.434549e+02 6.328645e+04 1.515692e+04 3.593140e+03 4.593654e+04 -4.200276e+02 -1.824650e+03 4.350815e+03 -5.262990e+02 7.212502e+04 1.727269e+04 4.069893e+03 -5.234461e+04 4.998743e+02 2.397095e+03 -4.960426e+03 1.727218e+04 -4.659597e+03 3.605366e+02 5.554204e+04 -2.035626e+03 -4.959537e+03 -4.030799e+04 -3.397905e+02
-3.030303e-04 -1.169888e+04 5.246417e+03 -2.561335e+02 -6.244600e+04 -2.678076e+03 -3.360254e+03 -4.524481e+04 -2.422607e+02 -2.645784e+02 6.243323e+04 9.008639e+03 3.569180e+03 4.525120e+04 -2.507176e+02 -1.822150e+03 2.585605e+03 -3.140323e+02 7.115274e+04 1.026617e+04 4.043100e+03 -5.156314e+04 2.983999e+02 2.392739e+03 -2.947879e+03 1.026587e+04 -4.628055e+03 2.151179e+02 5.479365e+04 -2.033794e+03 -2.947351e+03 -3.970656e+04 -2.028417e+02
-1.010101e-04 -3.881322e+03 5.228911e+03 -8.514476e+01 -6.202466e+04 -2.676159e+03 -1.114752e+03 -4.490604e+04 -8.055261e+01 -8.794593e+01 6.201169e+04 2.988783e+03 3.557317e+03 4.491265e+04 -8.335787e+01 -1.820889e+03 8.577665e+02 -1.043888e+02 7.067238e+04 3.405992e+03 4.029836e+03 -5.117711e+04 9.921461e+01 2.390553e+03 -9.779490e+02 3.405893e+03 -4.612437e+03 7.150706e+01 5.442391e+04 -2.032861e+03 -9.777737e+02 -3.940946e+04 -6.744323e+01
1.010101e-04 3.881322e+03 5.228911e+03 8.514476e+01 -6.202466e+04 -2.676159e+03 1.114752e+03 -4.490604e+04 8.055261e+01 8.794593e+01 6.201169e+04 -2.988783e+03 3.557317e+03 4.491265e+04 8.335787e+01 -1.820889e+03 -8.577665e+02 1.043888e+02 7.067238e+04 -3.405992e+03 4.029836e+03 -5.117711e+04 -9.921461e+01 2.390553e+03 9.779490e+02 -3.405893e+03 -4.612437e+03 -7.150706e+01 5.442391e+04 -2.032861e+03 9.777737e+02 -3.940946e+04 6.744323e+01
3.030303e-04 1.169888e+04 5.246417e+03 2.561335e+02 -6.244600e+04 -2.678076e+03 3.360254e+03 -4.524481e+04 2.422607e+02 2.645784e+02 6.243323e+04 -9.008639e+03 3.569180e+03 4.525120e+04 2.507176e+02 -1.822150e+03 -2.585605e+03 3.140323e+02 7.115274e+04 -1.026617e+04 4.043100e+03 -5.156314e+04 -2.983999e+02 2.392739e+03 2.947879e+03 -1.026587e+04 -4.628055e+03 -2.151179e+02 5.479365e+04 -2.033794e+03 2.947351e+03 -3.970656e+04 2.028417e+02
5.050505e-04 1.968320e+04 5.281778e+03 4.292404e+02 -6.329882e+04 -2.681878e+03 5.654344e+03 -4.593060e+04 4.057938e+02 4.434549e+02 6.328645e+04 -1.515692e+04 3.593140e+03 4.593654e+04 4.200276e+02 -1.824650e+03 -4.350815e+03 5.262990e+02 7.212502e+04 -1.727269e+04 4.069893e+03 -5.234461e+04 -4.998743e+02 2.397095e+03 4.960426e+03 -1.727218e+04 -4.659597e+03 -3.605366e+02 5.554204e+04 -2.035626e+03 4.959537e+03 -4.030799e+04 3.397905e+02
7.070707e-04 2.795233e+04 5.335706e+03 6.059471e+02 -6.460394e+04 -2.687500e+03 8.031431e+03 -4.698032e+04 5.724252e+02 6.261465e+02 6.459219e+04 -2.152456e+04 3.629681e+03 4.698557e+04 5.926498e+02 -1.828341e+03 -6.179860e+03 7.430245e+02 7.361297e+04 -2.452917e+04 4.110760e+03 -5.354079e+04 -7.052359e+02 2.403580e+03 7.045766e+03 -2.452845e+04 -4.707695e+03 -5.090286e+02 5.668735e+04 -2.038282e+03 7.044505e+03 -4.122859e+04 4.793716e+02
9.090909e-04 3.663522e+04 5.409315e+03 7.878448e+02 -6.639399e+04 -2.694836e+03 1.052910e+04 -4.842051e+04 7.435166e+02 8.143422e+02 6.638310e+04 -2.821084e+04 3.679554e+03 4.842481e+04 7.700431e+02 -1.833148e+03 -8.101649e+03 9.661808e+02 7.565378e+04 -3.214875e+04 4.166550e+03 -5.518190e+04 -9.161951e+02 2.412133e+03 9.236865e+03 -3.214781e+04 -4.773336e+03 -6.619537e+02 5.825820e+04 -2.041647e+03 9.235214e+03 -4.249162e+04 6.227432e+02
1.111111e-03 4.587711e+04 5.504182e+03 9.766880e+02 -6.871524e+04 -2.703726e+03 1.318971e+04 -5.028876e+04 9.205614e+02 1.009907e+03 6.870548e+04 -3.532764e+04 3.743826e+03 5.029182e+04 9.538114e+02 -1.838954e+03 -1.014876e+04 1.197944e+03 7.830022e+04 -4.025890e+04 4.238466e+03 -5.731079e+04 -1.134630e+03 2.422655e+03 1.157088e+04 -4.025773e+04 -4.857912e+03 -8.208129e+02 6.029522e+04 -2.045545e+03 1.156881e+04 -4.413005e+04 7.711769e+02
1.313131e-03 5.584637e+04 5.622432e+03 1.174460e+03 -7.163035e+04 -2.713939e+03 1.606239e+04 -5.263597e+04 1.105238e+03 1.214955e+03 7.162201e+04 -4.300461e+04 3.823933e+03 5.263745e+04 1.145761e+03 -1.845596e+03 -1.235898e+04 1.440775e+03 8.162372e+04 -4.900739e+04 4.328132e+03 -5.998546e+04 -1.362655e+03 2.435003e+03 1.409089e+04 -4.900596e+04 -4.963305e+03 -9.873055e+02 6.285337e+04 -2.049734e+03 1.408838e+04 -4.618851e+04 9.261033e+02
1.515152e-03 6.674315e+04 5.766869e+03 1.383459e+03 -7.522226e+04 -2.725150e+03 1.920556e+04 -5.552949e+04 1.299476e+03 1.431937e+03 7.521570e+04 -5.139591e+04 3.921771e+03 5.552902e+04 1.347976e+03 -1.852840e+03 -1.477725e+04 1.697528e+03 8.571885e+04 -5.856986e+04 4.437688e+03 -6.328266e+04 -1.602704e+03 2.448963e+03 1.684815e+04 -5.856816e+04 -5.091992e+03 -1.163401e+03 6.600546e+04 -2.053871e+03 1.684515e+04 -4.872607e+04 1.089170e+03
1.717172e-03 7.881107e+04 5.941157e+03 1.606402e+03 -7.959980e+04 -2.736896e+03 2.269038e+04 -5.905765e+04 1.505542e+03 1.663763e+03 7.959544e+04 -6.068916e+04 4.039815e+03 5.905476e+04 1.562912e+03 -1.860358e+03 -1.745828e+04 1.971583e+03 9.070971e+04 -6.916011e+04 4.569933e+03 -6.730302e+04 -1.857642e+03 2.464229e+03 1.990505e+04 -6.915811e+04 -5.247213e+03 -1.351437e+03 6.984698e+04 -2.057485e+03 1.990152e+04 -5.182017e+04 1.262315e+03
1.919192e-03 9.235306e+04 6.150079e+03 1.846582e+03 -8.490568e+04 -2.748525e+03 2.660536e+04 -6.333615e+04 1.726161e+03 1.913960e+03 8.490402e+04 -7.111766e+04 4.181299e+03 6.333028e+04 1.793529e+03 -1.867686e+03 -2.047015e+04 2.267034e+03 9.675900e+04 -8.104400e+04 4.728523e+03 -7.217838e+04 -2.130917e+03 2.480356e+03 2.333922e+04 -8.104166e+04 -5.433192e+03 -1.554242e+03 7.450318e+04 -2.059921e+03 2.333510e+04 -5.557227e+04 1.447870e+03
2.121212e-03 1.077538e+05 6.399917e+03 2.108066e+03 -9.132796e+04 -2.759106e+03 3.106295e+04 -6.851733e+04 1.964673e+03 2.186904e+03 9.132963e+04 -8.297771e+04 4.350467e+03 6.850782e+04 2.043471e+03 -1.874167e+03 -2.389934e+04 2.588951e+03 1.040812e+05 -9.455915e+04 4.918262e+03 -7.808235e+04 -2.426769e+03 2.496692e+03 2.724931e+04 -9.455643e+04 -5.655477e+03 -1.775324e+03 8.013910e+04 -2.060263e+03 2.724450e+04 -6.011597e+04 1.648704e+03
2.323232e-03 1.255123e+05 6.699010e+03 2.395999e+03 -9.911703e+04 -2.767303e+03 3.620907e+04 -7.480375e+04 2.225272e+03 2.488141e+03 9.912280e+04 -9.665358e+04 4.552953e+03 7.478976e+04 2.317330e+03 -1.878858e+03 -2.785808e+04 2.943747e+03 1.129617e+05 -1.101434e+05 5.145530e+03 -8.524571e+04 -2.750528e+03 2.512284e+03 3.176326e+04 -1.101403e+05 -5.921425e+03 -2.019123e+03 8.697446e+04 -2.057220e+03 3.175767e+04 -6.562887e+04 1.868418e+03
2.525253e-03 1.462901e+05 7.058599e+03 2.717041e+03 -1.086110e+05 -2.771174e+03 4.223724e+04 -8.246849e+04 2.513346e+03 2.824866e+03 1.086219e+05 -1.126548e+05 4.796354e+03 8.244893e+04 2.621027e+03 -1.880391e+03 -3.249518e+04 3.339738e+03 1.237862e+05 -1.283774e+05 5.418932e+03 -9.397963e+04 -3.109058e+03 2.525720e+03 3.705082e+04 -1.283738e+05 -6.240950e+03 -2.291396e+03 9.530603e+04 -2.048938e+03 3.704431e+04 -7.235043e+04 2.111654e+03
2.727273e-03 1.709856e+05 7.494147e+03 3.080042e+03 -1.202753e+05 -2.767841e+03 4.941036e+04 -9.188648e+04 2.836005e+03 3.206671e+03 1.202925e+05 -1.316732e+05 5.091116e+03 9.185999e+04 2.962406e+03 -1.876745e+03 -3.801285e+04 3.787983e+03 1.370851e+05 -1.500496e+05 5.750313e+03 -1.047114e+05 -3.511435e+03 2.534875e+03 4.334256e+04 -1.500453e+05 -6.627686e+03 -2.599809e+03 1.055421e+05 -2.032716e+03 4.333496e+04 -8.060943e+04 2.384544e+03
2.929293e-03 2.008526e+05 8.027487e+03 3.497110e+03 -1.347654e+05 -2.752960e+03 5.809548e+04 -1.035845e+05 3.202917e+03 3.646714e+03 1.347907e+05 -1.546746e+05 5.451991e+03 1.035493e+05 3.352177e+03 -1.864874e+03 -4.469334e+04 4.303636e+03 1.536060e+05 -1.762603e+05 6.156406e+03 -1.180411e+05 -3.970028e+03 2.536497e+03 5.096037e+04 -1.762553e+05 -7.100863e+03 -2.954864e+03 1.182581e+05 -2.004523e+03 5.095146e+04 -9.086781e+04 2.695446e+03
3.131313e-03 2.376978e+05 8.690458e+03 3.985406e+03 -1.530327e+05 -2.719781e+03 6.882157e+04 -1.183245e+05 3.627705e+03 4.163696e+03 1.530684e+05 -1.830503e+05 5.900487e+03 1.182780e+05 3.805491e+03 -1.840057e+03 -5.294346e+04 4.908198e+03 1.744337e+05 -2.085951e+05 6.661632e+03 -1.348371e+05 -4.502307e+03 2.525472e+03 6.036820e+04 -2.085892e+05 -7.688515e+03 -3.371475e+03 1.342890e+05 -1.958170e+03 6.035766e+04 -1.037936e+05 3.056161e+03
3.333333e-03 2.842277e+05 9.531441e+03 4.570298e+03 -1.765109e+05 -2.657454e+03 8.238125e+04 -1.372491e+05 4.130423e+03 4.785347e+03 1.765601e+05 -2.188848e+05 6.469294e+03 1.371879e+05 4.344742e+03 -1.794714e+03 -6.337276e+04 5.633502e+03 2.012028e+05 -2.494292e+05 7.303126e+03 -1.564013e+05 -5.134041e+03 2.493496e+03 7.226119e+04 -2.494221e+05 -8.433213e+03 -3.871724e+03 1.548927e+05 -1.883804e+03 7.224856e+04 -1.203888e+05 3.484096e+03
3.535354e-03 3.447016e+05 1.062799e+04 5.291369e+03 -2.074673e+05 -2.547705e+03 1.000220e+05 -1.621553e+05 4.742267e+03 5.555060e+03 2.075346e+05 -2.654586e+05 7.210811e+03 1.620746e+05 5.004904e+03 -1.716101e+03 -7.694058e+04 6.529284e+03 2.364985e+05 -3.025007e+05 8.140457e+03 -1.847814e+05 -5.905402e+03 2.426461e+03 8.773339e+04 -3.024920e+05 -9.403157e+03 -4.490122e+03 1.820591e+05 -1.764975e+03 8.771803e+04 -1.422293e+05 4.006384e+03
3.737374e-03 4.262744e+05 1.211357e+04 6.214920e+03 -2.497299e+05 -2.357754e+03 1.238395e+05 -1.960551e+05 5.515445e+03 6.545737e+03 2.498224e+05 -3.282822e+05 8.215235e+03 1.959472e+05 5.844732e+03 -1.581398e+03 -9.525861e+04 7.678985e+03 2.846857e+05 -3.740887e+05 9.276222e+03 -2.234093e+05 -6.883759e+03 2.298883e+03 1.086228e+05 -3.740780e+05 -1.071566e+04 -5.284571e+03 2.191477e+05 -1.572399e+03 1.086037e+05 -1.719558e+05 4.668525e+03
3.939394e-03 5.421261e+05 1.424208e+04 7.463632e+03 -3.103884e+05 -2.023234e+03 1.576939e+05 -2.444733e+05 6.546731e+03 7.892678e+03 3.105175e+05 -4.175063e+05 9.654174e+03 2.443260e+05 6.973506e+03 -1.345856e+03 -1.212954e+05 9.237251e+03 3.538479e+05 -4.757601e+05 1.090574e+04 -2.785804e+05 -8.194206e+03 2.060435e+03 1.383150e+05 -4.757463e+05 -1.259376e+04 -6.362370e+03 2.723801e+05 -1.248931e+03 1.382904e+05 -2.144131e+05 5.555019e+03
4.141414e-03 7.202305e+05 1.757572e+04 9.301574e+03 -4.045869e+05 -1.398657e+03 2.097769e+05 -3.190669e+05 8.045469e+03 9.887949e+03 4.047732e+05 -5.546758e+05 1.190772e+04 3.188577e+05 8.628332e+03 -9.084822e+02 -1.613507e+05 1.153751e+04 4.612524e+05 -6.320651e+05 1.346182e+04 -3.635772e+05 -1.010776e+04 1.596867e+03 1.839943e+05 -6.320465e+05 -1.553114e+04 -7.954781e+03 3.550466e+05 -6.660719e+02 1.839610e+05 -2.798225e+05 6.848959e+03
4.343434e-03 1.036968e+06 2.373650e+04 1.246877e+04 -5.740065e+05 -6.131719e+01 3.024467e+05 -4.514003e+05 1.060360e+04 1.335224e+04 5.742952e+05 -7.986167e+05 1.607294e+04 4.510800e+05 1.148114e+04 2.370504e+01 -2.326191e+05 1.551578e+04 6.544229e+05 -9.100361e+05 1.819414e+04 -5.143663e+05 -1.339153e+04 5.753027e+02 2.652701e+05 -9.100084e+05 -2.095166e+04 -1.071059e+04 5.037253e+05 5.480783e+02 2.652205e+05 -3.958616e+05 9.068766e+03
4.545455e-03 1.882911e+06 4.164775e+04 2.091282e+04 -1.034072e+06 4.289115e+03 5.499619e+05 -8.010045e+05 1.742269e+04 2.267388e+04 1.034632e+06 -1.450134e+06 2.818801e+04 8.003874e+05 1.917065e+04 3.042620e+03 -4.229733e+05 2.617372e+04 1.178978e+06 -1.652442e+06 3.198272e+04 -9.127268e+05 -2.219635e+04 -2.818001e+03 4.823555e+05 -1.652387e+06 -3.668675e+04 -1.809322e+04 9.074677e+05 4.412314e+03 4.822575e+05 -7.024164e+05 1.502090e+04
4.747475e-03 3.350497e+06 6.723726e+04 3.381665e+04 -1.812999e+06 1.137245e+04 9.800996e+05 -1.423522e+06 2.739414e+04 3.689763e+04 1.814060e+06 -2.580434e+06 4.547003e+04 1.422367e+06 3.044958e+04 7.970781e+03 -7.537563e+05 4.242432e+04 2.067132e+06 -2.940412e+06 5.165537e+04 -1.622058e+06 -3.510155e+04 -8.378221e+03 8.595940e+05 -2.940314e+06 -5.916377e+04 -2.938450e+04 1.591040e+06 1.068336e+04 8.594254e+05 -1.248273e+06 2.373194e+04
4.949495e-03 3.309846e+07 6.274188e+05 2.996505e+05 -1.778542e+07 1.711523e+05 9.697121e+06 -1.391884e+07 2.343193e+05 3.316079e+05 1.779635e+07 -2.549133e+07 4.240039e+05 1.390696e+07 2.659903e+05 1.188523e+05 -7.457416e+06 3.783013e+05 2.027909e+07 -2.904758e+07 4.829733e+05 -1.585992e+07 -3.037715e+05 -1.347570e+05 8.504677e+06 -2.904627e+07 -5.507876e+05 -2.626325e+05 1.560797e+07 1.508620e+05 8.503025e+06 -1.220490e+07 2.051367e+05
5.151515e-03 -1.039688e+06 -2.865297e+04 -8.465737e+03 5.933295e+05 -1.606875e+04 -3.050600e+05 3.808293e+05 -6.372408e+03 -1.029586e+04 -5.936900e+05 8.007540e+05 -1.939266e+04 -3.804242e+05 -8.184339e+03 -1.100660e+04 2.345960e+05 -1.123568e+04 -6.765044e+05 9.124594e+05 -2.231173e+04 4.339248e+05 8.842805e+03 1.343297e+04 -2.675670e+05 9.124071e+05 2.493124e+04 7.811695e+03 -5.206966e+05 -1.321013e+04 -2.674680e+05 3.338747e+05 -5.965066e+03
5.353535e-03 2.627183e+06 1.780855e+04 1.767057e+04 -1.299648e+06 -1.449960e+03 7.723800e+05 -1.226183e+06 1.201968e+04 1.833760e+04 1.300656e+06 -2.023454e+06 1.188154e+04 1.225158e+06 1.267892e+04 -7.622544e+02 -5.939051e+05 2.147599e+04 1.482055e+06 -2.305654e+06 1.328356e+04 -1.397181e+06 -1.503418e+04 1.873785e+03 6.773065e+05 -2.305630e+06 -1.588417e+04 -1.506033e+04 1.140575e+06 -2.678340e+02 6.772724e+05 -1.075214e+06 1.009782e+04
5.555556e-03 -2.256879e+06 -3.593709e+04 -1.274031e+04 1.199764e+06 -2.298474e+04 -6.645838e+05 9.343855e+05 -7.793058e+03 -1.522086e+04 -1.200654e+06 1.738274e+06 -2.422165e+04 -9.334453e+05 -1.024384e+04 -1.582515e+04 5.110067e+05 -1.664675e+04 -1.368103e+06 1.980709e+06 -2.791131e+04 1.064662e+06 1.099453e+04 1.922512e+04 -5.828229e+05 1.980641e+06 3.122666e+04 1.171772e+04 -1.052919e+06 -1.897781e+04 -5.826920e+05 8.192248e+05 -7.362274e+03
5.757576e-03 9.242795e+06 3.060877e+04 4.109682e+04 -4.498669e+06 8.043766e+03 2.726981e+06 -4.333780e+06 1.985853e+04 4.273042e+04 4.502555e+06 -7.119005e+06 1.992505e+04 4.329860e+06 2.147035e+04 6.344114e+03 -2.096647e+06 4.956005e+04 5.130423e+06 -8.111723e+06 2.230661e+04 -4.938072e+06 -2.534645e+04 -5.796530e+03 2.391173e+06 -8.111656e+06 -2.726017e+04 -3.539646e+04 3.948116e+06 8.490406e+03 2.391094e+06 -3.799998e+06 1.675141e+04
5.959596e-03 1.160821e+06 -2.322216e+04 4.118858e+03 -4.645914e+05 -2.212913e+04 3.431798e+05 -6.603160e+05 1.307270e+03 2.158308e+03 4.651172e+05 -8.941040e+05 -1.589695e+04 6.598216e+05 -6.258304e+02 -1.492211e+04 -2.638317e+05 3.645098e+03 5.299583e+05 -1.018747e+06 -1.866455e+04 -7.524033e+05 -4.558163e+02 1.893842e+04 3.008512e+05 -1.018796e+06 1.982883e+04 -2.701421e+03 4.077485e+05 -1.748509e+04 3.009528e+05 -5.790659e+05 2.471667e+02
6.161616e-03 -3.774202e+07 -2.413069e+04 -7.527496e+04 1.826634e+07 -1.029284e+05 -1.117750e+07 1.775160e+07 1.752855e+04 -8.081497e+04 -1.828369e+07 2.907088e+07 -1.240475e+04 -1.773418e+07 1.207277e+04 -7.393360e+04 8.592911e+06 -8.937945e+04 -2.083279e+07 3.312394e+07 -1.541700e+04 2.022649e+07 -1.643270e+04 8.861952e+04 -9.800523e+06 3.312389e+07 1.989396e+04 6.814610e+04 -1.603127e+07 -8.595436e+04 -9.800218e+06 1.556424e+07 1.332143e+04
6.363636e-03 6.305008e+07 -5.462463e+04 4.270467e+04 -3.045618e+07 2.171111e+05 1.870972e+07 -2.982423e+07 -1.178143e+05 4.984534e+04 3.048636e+07 -4.856548e+07 -4.414511e+04 2.979393e+07 -1.107907e+05 1.545497e+05 -1.438259e+07 4.722322e+04 3.473656e+07 -5.533615e+07 -4.565473e+04 -3.398177e+07 1.357852e+05 -1.912396e+05 1.640422e+07 -5.533557e+07 5.259034e+04 -4.485191e+04 2.672970e+07 1.754036e+05 1.640396e+07 -2.614876e+07 -9.605228e+04
6.565657e-03 -1.285048e+07 -2.656504e+04 9.619242e+03 6.404520e+06 -1.068740e+05 -3.820888e+06 5.878386e+06 4.324272e+04 3.679560e+03 -6.410813e+06 9.898384e+06 -1.654388e+04 -5.872029e+06 3.740549e+04 -7.411484e+04 2.937085e+06 9.891783e+03 -7.304537e+06 1.127831e+07 -2.165211e+04 6.697816e+06 -4.826826e+04 9.327519e+04 -3.350115e+06 1.127820e+07 2.051005e+04 -4.052300e+03 -5.620914e+06 -8.496930e+04 -3.349816e+06 5.153628e+06 3.360496e+04
6.767677e-03 -3.796171e+06 -2.194795e+04 8.139905e+03 1.955425e+06 -5.228633e+04 -1.131026e+06 1.667766e+06 1.835121e+04 4.800386e+03 -1.957344e+06 2.924142e+06 -1.444264e+04 -1.665815e+06 1.507268e+04 -3.598775e+04 8.693702e+05 8.392841e+03 -2.230206e+06 3.331788e+06 -1.791154e+04 1.900214e+06 -2.006334e+04 4.545051e+04 -9.916856e+05 3.331708e+06 1.780559e+04 -4.892232e+03 -1.716181e+06 -4.144299e+04 -9.915232e+05 1.462040e+06 1.388197e+04
6.969697e-03 -2.024764e+06 -1.891882e+04 7.106371e+03 1.073124e+06 -3.835500e+04 -6.045031e+05 8.557885e+05 1.269683e+04 4.504954e+03 -1.074180e+06 1.559676e+06 -1.258915e+04 -8.547119e+05 1.014560e+04 -2.631565e+04 4.646355e+05 7.335723e+03 -1.223920e+06 1.777101e+06 -1.545443e+04 9.750493e+05 -1.373366e+04 3.327722e+04 -5.300367e+05 1.777038e+06 1.549264e+04 -4.540124e+03 -9.418332e+05 -3.036906e+04 -5.299124e+05 7.501694e+05 9.470266e+03
7.171717e-03 -1.571429e+06 -1.762227e+04 7.664439e+03 8.465572e+05 -3.527234e+04 -4.701581e+05 6.502939e+05 1.212410e+04 5.241137e+03 -8.474035e+05 1.210493e+06 -1.175581e+04 -6.494321e+05 9.750119e+03 -2.417081e+04 3.613582e+05 8.057830e+03 -9.655240e+05 1.379233e+06 -1.445969e+04 7.409072e+05 -1.316608e+04 3.060975e+04 -4.122402e+05 1.379175e+06 1.439998e+04 -5.119792e+03 -7.429903e+05 -2.788724e+04 -4.121262e+05 5.700057e+05 9.057695e+03
7.373737e-03 -1.787672e+06 -1.882633e+04 1.127945e+04 9.648535e+05 -4.212638e+04 -5.360448e+05 7.439727e+05 1.651351e+04 8.466088e+03 -9.658485e+05 1.377094e+06 -1.253102e+04 -7.429638e+05 1.376049e+04 -2.886462e+04 4.119750e+05 1.224219e+04 -1.100470e+06 1.569043e+06 -1.562295e+04 8.476322e+05 -1.823786e+04 3.665426e+04 -4.699976e+05 1.568977e+06 1.517645e+04 -7.899762e+03 -8.468218e+05 -3.320644e+04 -4.698672e+05 6.521039e+05 1.252358e+04
7.575758e-03 -3.064203e+06 -2.660437e+04 2.396093e+04 1.648166e+06 -7.233943e+04 -9.209318e+05 1.298235e+06 3.323455e+04 1.936471e+04 -1.649926e+06 2.360487e+06 -1.760841e+04 -1.296458e+06 2.874211e+04 -4.958170e+04 7.077348e+05 2.674255e+04 -1.879877e+06 2.689476e+06 -2.252693e+04 1.479114e+06 -3.736180e+04 6.319507e+04 -8.074307e+05 2.689374e+06 2.088288e+04 -1.742553e+04 -1.446557e+06 -5.678754e+04 -8.072202e+05 1.137915e+06 2.561857e+04
7.777778e-03 1.670765e+06 1.915882e+03 -1.606840e+04 -8.725843e+05 3.110217e+04 5.033918e+05 -7.596116e+05 -2.135892e+04 -1.453411e+04 8.735794e+05 -1.287098e+06 1.038690e+03 7.586126e+05 -1.986162e+04 2.138088e+04 -3.868181e+05 -1.882150e+04 9.953183e+05 -1.466456e+06 2.408597e+03 -8.654468e+05 2.486615e+04 -2.757873e+04 4.413067e+05 -1.466419e+06 -4.551119e+02 1.236055e+04 7.658578e+05 2.408005e+04 4.412388e+05 -6.658427e+05 -1.702572e+04
7.979798e-03 1.015385e+06 -5.022465e+02 -1.144575e+04 -5.307741e+05 1.914468e+04 3.066691e+05 -4.686969e+05 -1.477106e+04 -1.057681e+04 5.313968e+05 -7.822331e+05 -5.079805e+02 4.680730e+05 -1.392420e+04 1.316503e+04 -2.356357e+05 -1.351930e+04 6.054452e+05 -8.912277e+05 2.315557e+02 -5.339962e+05 1.731694e+04 -1.706881e+04 2.688358e+05 -8.912071e+05 1.251968e+03 8.914512e+03 4.658589e+05 1.473421e+04 2.687981e+05 -4.108357e+05 -1.184717e+04
8.181818e-03 7.258671e+05 -1.266868e+03 -9.405592e+03 -3.806972e+05 1.409262e+04 2.197674e+05 -3.391123e+05 -1.186204e+04 -8.806112e+03 3.811551e+05 -5.592059e+05 -9.850514e+02 3.386543e+05 -1.127859e+04 9.691991e+03 -1.688515e+05 -1.116478e+04 4.342642e+05 -6.371172e+05 -4.868288e+02 -3.863552e+05 1.396913e+04 -1.262220e+04 1.926480e+05 -6.371032e+05 1.748046e+03 7.383543e+03 3.341398e+05 1.078963e+04 1.926224e+05 -2.972450e+05 -9.550578e+03
8.383838e-03 5.560514e+05 -1.576517e+03 -8.162534e+03 -2.929457e+05 1.117209e+04 1.687751e+05 -2.626465e+05 -1.010615e+04 -7.712986e+03 2.933061e+05 -4.283898e+05 -1.170372e+03 2.622865e+05 -9.669240e+03 7.683731e+03 -1.296643e+05 -9.722616e+03 3.341719e+05 -4.880697e+05 -7.993226e+02 -2.992346e+05 1.194073e+04 -1.004828e+04 1.479429e+05 -4.880594e+05 1.918365e+03 6.444051e+03 2.571221e+05 8.512104e+03 1.479241e+05 -2.302169e+05 -8.159322e+03
8.585859e-03 4.437309e+05 -1.701650e+03 -7.294470e+03 -2.349985e+05 9.240153e+03 1.350270e+05 -2.118140e+05 -8.895888e+03 -6.940627e+03 2.352938e+05 -3.418642e+05 -1.238628e+03 2.115194e+05 -8.552477e+03 6.355079e+03 -1.037296e+05 -8.711042e+03 2.680748e+05 -3.894855e+05 -9.444682e+02 -2.413191e+05 1.053795e+04 -8.343500e+03 1.183562e+05 -3.894776e+05 1.960740e+03 5.783525e+03 2.062629e+05 7.007418e+03 1.183417e+05 -1.856585e+05 -7.197404e+03
8.787879e-03 3.641159e+05 -1.738806e+03 -6.640264e+03 -1.939522e+05 7.859223e+03 1.110883e+05 -1.756171e+05 -7.996621e+03 -6.352561e+03 1.942007e+05 -2.805326e+05 -1.251830e+03 1.753694e+05 -7.717803e+03 5.405321e+03 -8.533367e+04 -7.945835e+03 2.212549e+05 -3.196068e+05 -1.007963e+03 -2.000788e+05 9.492574e+03 -7.123526e+03 9.736961e+04 -3.196005e+05 1.944845e+03 5.282665e+03 1.702371e+05 5.933242e+03 9.735803e+04 -1.539295e+05 -6.480746e+03
8.989899e-03 3.050215e+05 -1.730472e+03 -6.122627e+03 -1.634857e+05 6.820433e+03 9.330538e+04 -1.486322e+05 -7.295044e+03 -5.883105e+03 1.636991e+05 -2.350088e+05 -1.237099e+03 1.484196e+05 -7.063261e+03 4.690870e+03 -7.166853e+04 -7.338461e+03 1.865028e+05 -2.677392e+05 -1.027861e+03 -1.693339e+05 8.674885e+03 -6.204814e+03 8.177993e+04 -2.677340e+05 1.900806e+03 4.884188e+03 1.434971e+05 5.126194e+03 8.177048e+04 -1.302755e+05 -5.920322e+03
9.191919e-03 2.596674e+05 -1.697758e+03 -5.698974e+03 -1.400914e+05 6.009935e+03 7.964545e+04 -1.278324e+05 -6.728550e+03 -5.495909e+03 1.402775e+05 -2.000697e+05 -1.207804e+03 1.276472e+05 -6.532340e+03 4.133447e+03 -6.117192e+04 -6.840032e+03 1.598173e+05 -2.279313e+05 -1.023291e+03 -1.456362e+05 8.013111e+03 -5.487278e+03 6.980489e+04 -2.279270e+05 1.843253e+03 4.556475e+03 1.229641e+05 4.497251e+03 6.979703e+04 -1.120435e+05 -5.466867e+03
9.393939e-03 2.239544e+05 -1.651998e+03 -5.343529e+03 -1.216534e+05 5.359859e+03 6.887948e+04 -1.113838e+05 -6.259249e+03 -5.168857e+03 1.218177e+05 -1.725575e+05 -1.171058e+03 1.112204e+05 -6.090731e+03 3.686375e+03 -5.289930e+04 -6.420890e+03 1.387851e+05 -1.965854e+05 -1.004678e+03 -1.268958e+05 7.463749e+03 -4.911219e+03 6.036698e+04 -1.965818e+05 1.779808e+03 4.280337e+03 1.067812e+05 3.993362e+03 6.036036e+04 -9.762543e+04 -5.090520e+03
9.595960e-03 1.952516e+05 -1.599595e+03 -5.039582e+03 -1.068159e+05 4.827024e+03 6.021860e+04 -9.810651e+04 -5.862647e+03 -4.887533e+03 1.069624e+05 -1.504456e+05 -1.130837e+03 9.796087e+04 -5.716184e+03 3.319954e+03 -4.624442e+04 -6.061765e+03 1.218599e+05 -1.713924e+05 -9.780302e+02 -1.117687e+05 6.998634e+03 -4.438635e+03 5.277460e+04 -1.713893e+05 1.714613e+03 4.043300e+03 9.375834e+04 3.580789e+03 5.276896e+04 -8.598736e+04 -4.771950e+03
9.797980e-03 1.717921e+05 -1.544293e+03 -4.775728e+03 -9.466975e+04 4.382556e+03 5.313289e+04 -8.720674e+04 -5.522098e+03 -4.642044e+03 9.480161e+04 -1.323728e+05 -1.089428e+03 8.707580e+04 -5.393528e+03 3.014321e+03 -4.080004e+04 -5.749477e+03 1.080046e+05 -1.508015e+05 -9.469429e+02 -9.935043e+04 6.598592e+03 -4.044100e+03 4.656316e+04 -1.507988e+05 1.649962e+03 3.836825e+03 8.309771e+04 3.236987e+03 4.655831e+04 -7.643336e+04 -4.497997e+03
1.000000e-02 1.523455e+05 -1.488319e+03 -4.543859e+03 -8.458282e+04 4.006380e+03 4.725335e+04 -7.813082e+04 -5.225832e+03 -4.425315e+03 8.470232e+04 -1.173914e+05 -1.048168e+03 7.801222e+04 -5.112005e+03 2.755667e+03 -3.628255e+04 -5.474632e+03 9.649815e+04 -1.337327e+05 -9.136291e+02 -8.901011e+04 6.250047e+03 -3.709928e+03 4.140914e+04 -1.337304e+05 1.587121e+03 3.654821e+03 7.424438e+04 2.946287e+03 4.140493e+04 -6.847808e+04 -4.259348e+03
