-1.000000e-02 -1.688057e+05 3.236417e+03 7.250532e+03 -1.728325e+05 1.277754e+03 -2.180503e+05 -1.759127e+05 6.968655e+03 7.024122e+03 1.727785e+05 1.299157e+05 2.211513e+03 1.759690e+05 6.740374e+03 8.497536e+02 1.679300e+05 8.641253e+03 1.969437e+05 1.480899e+05 3.153948e+03 -2.005166e+05 -8.320047e+03 -1.496969e+03 -1.913560e+05 1.480904e+05 -2.206347e+03 -5.872388e+03 1.516268e+05 5.925373e+02 -1.913574e+05 -1.543781e+05 5.623179e+03
-9.797980e-03 -2.028228e+05 3.823342e+03 7.969000e+03 -2.065902e+05 1.617483e+03 -2.621241e+05 -2.104098e+05 7.641273e+03 7.695030e+03 2.065266e+05 1.560975e+05 2.612429e+03 2.104760e+05 7.365147e+03 1.077778e+03 2.018715e+05 9.481030e+03 2.354116e+05 1.779333e+05 3.683876e+03 -2.398381e+05 -9.107399e+03 -1.814789e+03 -2.300331e+05 1.779338e+05 -2.648337e+03 -6.444942e+03 1.812426e+05 8.326718e+02 -2.300347e+05 -1.846513e+05 6.155366e+03
-9.595960e-03 -2.491267e+05 4.624430e+03 8.891313e+03 -2.524805e+05 2.099434e+03 -3.221270e+05 -2.573379e+05 8.501982e+03 8.551454e+03 2.524039e+05 1.917361e+05 3.159589e+03 2.574174e+05 8.159581e+03 1.401477e+03 2.480800e+05 1.055611e+04 2.877049e+05 2.185561e+05 4.403966e+03 -2.933291e+05 -1.011205e+04 -2.260331e+03 -2.826889e+05 2.185565e+05 -3.254755e+03 -7.177982e+03 2.215024e+05 1.178911e+03 -2.826908e+05 -2.258335e+05 6.834160e+03
-9.393939e-03 -3.152069e+05 5.777664e+03 1.013406e+04 -3.178875e+05 2.820815e+03 -4.077705e+05 -3.242811e+05 9.657884e+03 9.697886e+03 3.177927e+05 2.425961e+05 3.947181e+03 3.243794e+05 9.218618e+03 1.886320e+03 3.140343e+05 1.200008e+04 3.622384e+05 2.765288e+05 5.435842e+03 -3.696341e+05 -1.145674e+04 -2.919584e+03 -3.578456e+05 2.765291e+05 -4.132396e+03 -8.162640e+03 2.788846e+05 1.705174e+03 -3.578478e+05 -2.845799e+05 7.742335e+03
-9.191919e-03 -4.163721e+05 7.575844e+03 1.193807e+04 -4.178951e+05 3.990950e+03 -5.389039e+05 -4.267499e+05 1.133040e+04 1.134934e+04 4.177726e+05 3.204601e+05 5.175032e+03 4.268768e+05 1.073772e+04 2.673338e+03 4.150203e+05 1.408840e+04 4.762003e+05 3.652821e+05 7.037172e+03 -4.864328e+05 -1.339476e+04 -3.977148e+03 -4.729220e+05 3.652822e+05 -5.508245e+03 -9.586818e+03 3.666221e+05 2.571254e+03 -4.729246e+05 -3.745020e+05 9.050682e+03
-8.989899e-03 -5.910378e+05 1.079126e+04 1.492427e+04 -5.903227e+05 6.169568e+03 -7.653342e+05 -6.036955e+05 1.409153e+04 1.405823e+04 5.901528e+05 4.548958e+05 7.370087e+03 6.038713e+05 1.322000e+04 4.139803e+03 5.893941e+05 1.753017e+04 6.726875e+05 5.185185e+05 9.886694e+03 -6.881233e+05 -1.657923e+04 -5.925419e+03 -6.716262e+05 5.185181e+05 -7.981764e+03 -1.193414e+04 5.178946e+05 4.205845e+03 -6.716296e+05 -5.297815e+05 1.119969e+04
-8.787879e-03 -9.893602e+05 1.865203e+04 2.164498e+04 -9.828313e+05 1.172585e+04 -1.281720e+06 -1.007518e+06 2.030074e+04 2.008894e+04 9.825536e+05 7.614749e+05 1.273427e+04 1.007805e+06 1.873539e+04 7.883303e+03 9.870624e+05 2.523652e+04 1.119965e+06 8.679719e+05 1.681870e+04 -1.148417e+06 -2.370076e+04 -1.084484e+04 -1.124781e+06 8.679704e+05 -1.406067e+04 -1.718972e+04 8.622464e+05 8.428024e+03 -1.124786e+06 -8.841577e+05 1.600437e+04
-8.585859e-03 1.051557e+06 -3.396632e+04 -1.895804e+04 1.017376e+06 -2.785553e+04 1.362964e+06 1.069625e+06 -1.760393e+04 -1.576761e+04 -1.017094e+06 -8.093632e+05 -2.313168e+04 -1.069925e+06 -1.439581e+04 -1.883204e+04 -1.049623e+06 -2.098816e+04 -1.159335e+06 -9.225491e+05 -2.931477e+04 1.219204e+06 1.943617e+04 2.382481e+04 1.196071e+06 -9.225424e+05 2.685166e+04 1.431115e+04 -8.925514e+05 -2.207894e+04 1.196082e+06 9.386590e+05 -1.311366e+04
-8.383838e-03 1.441052e+06 -3.890049e+04 -2.186302e+04 1.402229e+06 -3.147287e+04 1.868609e+06 1.463176e+06 -2.005944e+04 -1.823639e+04 -1.401848e+06 -1.109154e+06 -2.650784e+04 -1.463574e+06 -1.641377e+04 -2.126667e+04 -1.439011e+06 -2.422751e+04 -1.597892e+06 -1.264262e+06 -3.359108e+04 1.667787e+06 2.216240e+04 2.692745e+04 1.639796e+06 -1.264253e+06 3.075256e+04 1.653236e+04 -1.230189e+06 -2.492495e+04 1.639806e+06 1.284017e+06 -1.493991e+04
-8.181818e-03 1.672820e+06 -3.874239e+04 -2.048848e+04 1.633269e+06 -3.134508e+04 2.170071e+06 1.695533e+06 -1.846016e+04 -1.688033e+04 -1.632835e+06 -1.287549e+06 -2.641450e+04 -1.695980e+06 -1.483417e+04 -2.117182e+04 -1.671153e+06 -2.256573e+04 -1.861177e+06 -1.467601e+06 -3.338097e+04 1.932629e+06 2.024484e+04 2.672115e+04 1.904338e+06 -1.467590e+06 3.071753e+04 1.541580e+04 -1.432888e+06 -2.491106e+04 1.904347e+06 1.487915e+06 -1.362699e+04
-7.979798e-03 2.065980e+06 -3.939074e+04 -1.926837e+04 2.025055e+06 -3.183153e+04 2.681226e+06 2.089962e+06 -1.684355e+04 -1.560579e+04 -2.024530e+06 -1.590169e+06 -2.687752e+04 -2.090497e+06 -1.316399e+04 -2.148510e+04 -2.064773e+06 -2.104172e+04 -2.307640e+06 -1.812534e+06 -3.384929e+04 2.382206e+06 1.826916e+04 2.701521e+04 2.352893e+06 -1.812521e+06 3.134577e+04 1.440021e+04 -1.776613e+06 -2.540089e+04 2.352900e+06 1.834039e+06 -1.226414e+04
-7.777778e-03 2.839223e+06 -4.136847e+04 -1.817284e+04 2.795904e+06 -3.324100e+04 3.686261e+06 2.865628e+06 -1.494991e+04 -1.434056e+04 -2.795200e+06 -2.185342e+06 -2.826394e+04 -2.866339e+06 -1.110102e+04 -2.240462e+04 -2.838714e+06 -1.958654e+04 -3.186068e+06 -2.490926e+06 -3.542810e+04 3.266324e+06 1.590436e+04 2.804546e+04 3.234844e+06 -2.490910e+06 3.308235e+04 1.344910e+04 -2.452901e+06 -2.665537e+04 3.234851e+06 2.514711e+06 -1.061313e+04
-7.575758e-03 5.115358e+06 -4.714994e+04 -1.766443e+04 5.067107e+06 -3.675351e+04 6.644130e+06 5.147283e+06 -1.205266e+04 -1.336058e+04 -5.065870e+06 -3.937302e+06 -3.231551e+04 -5.148522e+06 -7.731446e+03 -2.467117e+04 -5.116471e+06 -1.861054e+04 -5.774230e+06 -4.487851e+06 -4.019877e+04 5.867000e+06 1.220525e+04 3.072986e+04 5.830477e+06 -4.487829e+06 3.800201e+04 1.289451e+04 -4.445493e+06 -2.963617e+04 5.830483e+06 4.516942e+06 -7.962356e+03
-7.373737e-03 -3.355381e+08 1.453025e+05 1.234043e+05 -3.356991e+08 -2.474021e+05 -4.359893e+08 -3.355186e+08 -2.321981e+05 1.286336e+05 3.356205e+08 2.582662e+08 1.168988e+05 3.355972e+08 -2.269492e+05 -1.862518e+05 3.357416e+08 1.416059e+05 3.825477e+08 2.943775e+08 1.282335e+05 -3.824316e+08 2.636525e+05 2.161114e+05 -3.825961e+08 2.943776e+08 -1.324874e+05 -1.121252e+05 2.945188e+08 -2.132360e+05 -3.825961e+08 -2.944294e+08 -1.998876e+05
-7.171717e-03 -4.139753e+06 -8.963784e+03 -9.791417e+03 -4.160301e+06 -1.009866e+04 -5.381166e+06 -4.139601e+06 -1.402353e+04 -8.807240e+03 4.159360e+06 3.186419e+06 -5.875751e+03 4.140544e+06 -1.303606e+04 -7.073963e+03 4.143838e+06 -1.139011e+04 4.740907e+06 3.631936e+06 -8.050467e+03 -4.718395e+06 1.621132e+04 9.097431e+03 -4.722149e+06 3.631944e+06 6.511365e+03 7.550123e+03 3.649976e+06 -7.825403e+03 -4.722147e+06 -3.632635e+06 -1.126191e+04
-6.969697e-03 -1.834780e+06 -5.495278e+03 -9.082942e+03 -1.850212e+06 -4.298178e+03 -2.385887e+06 -1.839237e+06 -1.089030e+04 -8.572280e+03 1.849809e+06 1.412262e+06 -3.643466e+03 1.839641e+06 -1.037814e+04 -3.010125e+03 1.837272e+06 -1.074354e+04 2.108432e+06 1.609716e+06 -5.131004e+03 -2.096387e+06 1.280227e+04 4.173373e+03 -2.093687e+06 1.609720e+06 3.843304e+03 7.220089e+03 1.623263e+06 -3.028440e+03 -2.093687e+06 -1.613985e+06 -8.805182e+03
-6.767677e-03 -1.100380e+06 -3.664395e+03 -8.205844e+03 -1.113655e+06 -1.888989e+03 -1.431425e+06 -1.107133e+06 -9.249576e+03 -7.911435e+03 1.113422e+06 8.469873e+05 -2.438523e+03 1.107367e+06 -8.954440e+03 -1.334693e+03 1.102274e+06 -9.788469e+03 1.269084e+06 9.654046e+05 -3.558832e+03 -1.261918e+06 1.097729e+04 2.108349e+03 -1.256114e+06 9.654074e+05 2.435717e+03 6.605928e+03 9.770581e+05 -1.070109e+03 -1.256114e+06 -9.715390e+05 -7.521401e+03
-6.565657e-03 -7.775053e+05 -2.226643e+03 -7.706862e+03 -7.892755e+05 -1.833195e+02 -1.011779e+06 -7.861518e+05 -8.416019e+03 -7.572394e+03 7.891162e+05 5.984673e+05 -1.478638e+03 7.863114e+05 -8.281322e+03 -1.588576e+02 7.791188e+05 -9.270460e+03 8.994342e+05 6.821370e+05 -2.335925e+03 -8.960570e+05 1.007819e+04 6.672781e+02 -8.878607e+05 6.821387e+05 1.303108e+03 6.269420e+03 6.924693e+05 3.255069e+02 -8.878605e+05 -6.898676e+05 -6.891615e+03
-6.363636e-03 -6.916064e+05 3.106473e+02 -8.588356e+03 -7.005179e+05 2.926333e+03 -9.003189e+05 -7.038632e+05 -9.191950e+03 -8.740649e+03 7.003806e+05 5.323535e+05 2.401767e+02 7.039989e+05 -9.344693e+03 1.959824e+03 6.932854e+05 -1.050768e+04 7.982905e+05 6.067783e+05 -2.850265e+02 -8.022586e+05 1.119530e+04 -1.819254e+03 -7.900500e+05 6.067777e+05 -8.312030e+02 7.115421e+03 6.146003e+05 2.982135e+03 -7.900493e+05 -6.176554e+05 -7.645420e+03
-6.161616e-03 -1.790986e+06 2.337635e+04 -2.755206e+04 -1.770362e+06 3.302216e+04 -2.332337e+06 -1.837352e+06 -2.902074e+04 -3.040174e+04 1.770012e+06 1.378609e+06 1.595903e+04 1.837680e+06 -3.187601e+04 2.237257e+04 1.795999e+06 -3.512532e+04 2.017455e+06 1.571339e+06 1.770055e+04 -2.094177e+06 3.679955e+04 -2.513560e+04 -2.046679e+06 1.571316e+06 -2.099861e+04 2.380834e+04 1.553226e+06 2.933731e+04 -2.046670e+06 -1.612311e+06 -2.510094e+04
-5.959596e-03 -9.095357e+05 1.096477e+04 -1.616322e+04 -9.045073e+05 1.693754e+04 -1.184849e+06 -9.386398e+05 -1.687869e+04 -1.756449e+04 9.043351e+05 7.001185e+05 7.487138e+03 9.387989e+05 -1.828235e+04 1.147844e+04 9.123797e+05 -2.043671e+04 1.030753e+06 7.979933e+05 8.098515e+03 -1.069836e+06 2.125173e+04 -1.276364e+04 -1.039730e+06 7.979808e+05 -1.005514e+04 1.386002e+04 7.935734e+05 1.518001e+04 -1.039725e+06 -8.236724e+05 -1.448981e+04
-5.757576e-03 -5.534193e+05 5.858795e+03 -1.108945e+04 -5.552142e+05 1.015771e+04 -7.211682e+05 -5.753587e+05 -1.150725e+04 -1.188680e+04 5.551134e+05 4.259992e+05 4.002349e+03 5.754507e+05 -1.230578e+04 6.885184e+03 5.553244e+05 -1.391917e+04 6.327093e+05 4.855514e+05 4.170269e+03 -6.557739e+05 1.439473e+04 -7.563715e+03 -6.328385e+05 4.855439e+05 -5.531729e+03 9.444055e+03 4.871229e+05 9.196128e+03 -6.328354e+05 -5.048858e+05 -9.811877e+03
-5.555556e-03 -3.907444e+05 3.745860e+03 -8.692948e+03 -3.956044e+05 7.278145e+03 -5.093426e+05 -4.098639e+05 -8.975755e+03 -9.236410e+03 3.955359e+05 3.007807e+05 2.559690e+03 4.099255e+05 -9.519886e+03 4.934683e+03 3.922093e+05 -1.085988e+04 4.508226e+05 3.428272e+05 2.561919e+03 -4.671454e+05 1.118151e+04 -5.369331e+03 -4.469566e+05 3.428218e+05 -3.641968e+03 7.371035e+03 3.470900e+05 6.640884e+03 -4.469543e+05 -3.596608e+05 -7.620077e+03
-5.353535e-03 -2.951658e+05 2.586789e+03 -7.198259e+03 -3.019096e+05 5.650286e+03 -3.848698e+05 -3.128664e+05 -7.402938e+03 -7.599815e+03 3.018599e+05 2.272092e+05 1.768090e+03 3.129102e+05 -7.804896e+03 3.832085e+03 2.963600e+05 -8.961959e+03 3.440506e+05 2.589703e+05 1.689788e+03 -3.565892e+05 9.194530e+03 -4.136585e+03 -3.377289e+05 2.589661e+05 -2.594935e+03 6.084710e+03 2.648872e+05 5.188652e+03 -3.377270e+05 -2.745436e+05 -6.265019e+03
-5.151515e-03 -2.322500e+05 1.864053e+03 -6.144097e+03 -2.403463e+05 4.602057e+03 -3.029213e+05 -2.491895e+05 -6.298333e+03 -6.455317e+03 2.403089e+05 1.787798e+05 1.274394e+03 2.492219e+05 -6.609796e+03 3.122063e+03 2.332563e+05 -7.629473e+03 2.738947e+05 2.037705e+05 1.152643e+03 -2.840113e+05 7.804557e+03 -3.347616e+03 -2.658173e+05 2.037671e+05 -1.935281e+03 5.181385e+03 2.108748e+05 4.248649e+03 -2.658157e+05 -2.186660e+05 -5.317320e+03
-4.949495e-03 -1.879305e+05 1.377927e+03 -5.346237e+03 -1.970990e+05 3.873123e+03 -2.451845e+05 -2.044805e+05 -5.465722e+03 -5.595325e+03 1.970700e+05 1.446647e+05 9.422767e+02 2.045049e+05 -5.714951e+03 2.628279e+03 1.887967e+05 -6.624862e+03 2.246111e+05 1.648862e+05 7.960327e+02 -2.330527e+05 6.760353e+03 -2.802207e+03 -2.151521e+05 1.648834e+05 -1.486849e+03 4.500160e+03 1.729318e+05 3.591695e+03 -2.151507e+05 -1.794331e+05 -4.605523e+03
-4.747475e-03 -1.552316e+05 1.033882e+03 -4.713758e+03 -1.653115e+05 3.339450e+03 -2.025783e+05 -1.716280e+05 -4.808226e+03 -4.917812e+03 1.652886e+05 1.194945e+05 7.071997e+02 1.716467e+05 -5.012353e+03 2.266728e+03 1.559885e+05 -5.831139e+03 1.883868e+05 1.361974e+05 5.470852e+02 -1.956082e+05 5.938138e+03 -2.405168e+03 -1.777644e+05 1.361950e+05 -1.166014e+03 3.961801e+03 1.450430e+05 3.108406e+03 -1.777631e+05 -1.506045e+05 -4.045154e+03
-4.545455e-03 -1.302650e+05 7.812412e+02 -4.195571e+03 -1.411605e+05 2.933954e+03 -1.700407e+05 -1.466715e+05 -4.271439e+03 -4.365708e+03 1.411422e+05 1.002762e+05 5.345607e+02 1.466859e+05 -4.441603e+03 1.991981e+03 1.309334e+05 -5.182726e+03 1.608648e+05 1.142925e+05 3.668807e+02 -1.671633e+05 5.268550e+03 -2.105140e+03 -1.492121e+05 1.142904e+05 -9.277951e+02 3.521892e+03 1.238541e+05 2.739504e+03 -1.492110e+05 -1.287048e+05 -3.588880e+03
-4.343434e-03 -1.106844e+05 5.904313e+02 -3.760318e+03 -1.223386e+05 2.617067e+03 -1.445171e+05 -1.272228e+05 -3.822009e+03 -3.904141e+03 1.223238e+05 8.520375e+04 4.041626e+02 1.272339e+05 -3.965829e+03 1.777245e+03 1.112795e+05 -4.639467e+03 1.394158e+05 9.711308e+04 2.327991e+02 -1.449960e+05 4.709160e+03 -1.871904e+03 -1.268147e+05 9.711124e+04 -7.458462e+02 3.153237e+03 1.073407e+05 2.449954e+03 -1.268137e+05 -1.116383e+05 -3.207748e+03
-4.141414e-03 -9.498948e+04 4.430865e+02 -3.387473e+03 -1.073705e+05 2.363924e+03 -1.240542e+05 -1.117559e+05 -3.438142e+03 -3.510389e+03 1.073586e+05 7.312236e+04 3.034612e+02 1.117645e+05 -3.561032e+03 1.605681e+03 9.552253e+04 -4.175141e+03 1.223585e+05 8.334285e+04 1.308569e+02 -1.273673e+05 4.232300e+03 -1.686520e+03 -1.088582e+05 8.334123e+04 -6.037400e+02 2.838073e+03 9.420844e+04 2.217687e+03 -1.088573e+05 -9.806596e+04 -2.882882e+03
-3.939394e-03 -8.217733e+04 3.272454e+02 -3.062925e+03 -9.527059e+04 2.158114e+03 -1.073462e+05 -9.925187e+04 -3.104884e+03 -3.168896e+03 9.526083e+04 6.325994e+04 2.242859e+02 9.925838e+04 -3.210814e+03 1.466180e+03 8.265689e+04 -3.771764e+03 1.085696e+05 7.210181e+04 5.199038e+01 -1.131155e+05 3.819024e+03 -1.536522e+03 -9.419664e+04 7.210036e+04 -4.907327e+02 2.564218e+03 8.359248e+04 2.028108e+03 -9.419584e+04 -8.709351e+04 -2.601357e+03
-3.737374e-03 -7.155300e+04 2.348173e+02 -2.776591e+03 -8.535630e+04 1.988386e+03 -9.348802e+04 -8.900544e+04 -2.811571e+03 -2.868595e+03 8.534832e+04 5.508162e+04 1.611095e+02 8.901031e+04 -2.903525e+03 1.351119e+03 7.198582e+04 -3.416513e+03 9.727142e+04 6.278028e+04 -9.899533e+00 -1.014369e+05 3.455849e+03 -1.413385e+03 -8.203596e+04 6.277899e+04 -3.995254e+02 2.322986e+03 7.489412e+04 1.871182e+03 -8.203524e+04 -7.810216e+04 -2.353978e+03
-3.535354e-03 -6.262077e+04 1.601584e+02 -2.521035e+03 -7.714158e+04 1.846773e+03 -8.183430e+04 -8.051444e+04 -2.550358e+03 -2.601357e+03 7.713505e+04 4.820578e+04 1.100762e+02 8.051798e+04 -2.630624e+03 1.255107e+03 6.301223e+04 -3.099951e+03 8.791003e+04 5.494333e+04 -5.904459e+01 -9.175912e+04 3.132871e+03 -1.311090e+03 -7.180970e+04 5.494217e+04 -3.250034e+02 2.107981e+03 6.768687e+04 1.739794e+03 -7.180903e+04 -7.065124e+04 -2.133989e+03
-3.333333e-03 -5.501813e+04 9.922978e+01 -2.290627e+03 -7.027172e+04 1.727491e+03 -7.191291e+04 -7.341255e+04 -2.315319e+03 -2.361050e+03 7.026639e+04 4.235341e+04 6.842628e+01 7.341499e+04 -2.385682e+03 1.174225e+03 5.537261e+04 -2.814951e+03 8.008123e+04 4.827292e+04 -9.845630e+01 -8.366461e+04 2.842622e+03 -1.225279e+03 -6.310358e+04 4.827188e+04 -2.634892e+02 1.914375e+03 6.165954e+04 1.628760e+03 -6.310298e+04 -6.441928e+04 -1.936299e+03
-3.131313e-03 -4.847432e+04 4.907790e+01 -2.081010e+03 -6.448265e+04 1.626243e+03 -6.337122e+04 -6.742706e+04 -2.101877e+03 -2.142945e+03 6.447832e+04 3.731609e+04 3.414173e+01 6.742860e+04 -2.163751e+03 1.105563e+03 4.879540e+04 -2.556006e+03 7.348407e+04 4.253149e+04 -1.303241e+02 -7.684254e+04 2.579345e+03 -1.152722e+03 -5.560818e+04 4.253055e+04 -2.122809e+02 1.738435e+03 5.658045e+04 1.534223e+03 -5.560763e+04 -5.916698e+04 -1.756983e+03
-2.929293e-03 -4.278333e+04 7.502872e+00 -1.888746e+03 -5.957434e+04 1.539780e+03 -5.594088e+04 -6.235142e+04 -1.906427e+03 -1.943325e+03 5.957084e+04 3.293521e+04 5.719309e+00 6.235221e+04 -1.960945e+03 1.046921e+03 4.307396e+04 -2.318776e+03 6.789060e+04 3.753828e+04 -1.562691e+02 -7.105750e+04 2.338514e+03 -1.090985e+03 -4.908801e+04 3.753744e+04 -1.693561e+02 1.577221e+03 5.227409e+04 1.453257e+03 -4.908751e+04 -5.471308e+04 -1.592956e+03
-2.727273e-03 -3.778574e+04 -2.715988e+01 -1.711076e+03 -5.539298e+04 1.465602e+03 -4.941425e+04 -5.802685e+04 -1.726085e+03 -1.759214e+03 5.539019e+04 2.908810e+04 -1.797848e+01 5.802700e+04 -1.774163e+03 9.966064e+02 3.804841e+04 -2.099787e+03 6.312556e+04 3.315345e+04 -1.775106e+02 -6.612851e+04 2.116508e+03 -1.038200e+03 -4.336086e+04 3.315269e+04 -1.331772e+02 1.428377e+03 4.860553e+04 1.383611e+03 -4.336040e+04 -5.091825e+04 -1.441750e+03
-2.525253e-03 -3.335637e+04 -5.618704e+01 -1.545750e+03 -5.181885e+04 1.401765e+03 -4.362824e+04 -5.432973e+04 -1.558501e+03 -1.588195e+03 5.181665e+04 2.567838e+04 -3.782410e+01 5.432935e+04 -1.600888e+03 9.533015e+02 3.359317e+04 -1.896209e+03 5.905251e+04 2.926716e+04 -1.949778e+02 -6.191467e+04 1.910387e+03 -9.929170e+02 -3.828362e+04 2.926648e+04 -1.025589e+02 1.289986e+03 4.546972e+04 1.323525e+03 -3.828321e+04 -4.767402e+04 -1.301361e+03
-2.323232e-03 -2.939553e+04 -8.056910e+01 -1.390907e+03 -4.875772e+04 1.346736e+03 -3.845297e+04 -5.116279e+04 -1.401739e+03 -1.428274e+03 4.875603e+04 2.262932e+04 -5.449446e+01 5.116196e+04 -1.439051e+03 9.159681e+02 2.960821e+04 -1.705709e+03 5.556407e+04 2.579193e+04 -2.093874e+02 -5.830511e+04 1.717728e+03 -9.539958e+02 -3.374231e+04 2.579132e+04 -7.657734e+01 1.160463e+03 4.278400e+04 1.271612e+03 -3.374194e+04 -4.489502e+04 -1.170139e+03
-2.121212e-03 -2.582276e+04 -1.010820e+02 -1.244991e+03 -4.613479e+04 1.299295e+03 -3.378361e+04 -4.844880e+04 -1.254179e+03 -1.277786e+03 4.613352e+04 1.987897e+04 -6.851987e+01 4.844759e+04 -1.286924e+03 8.837802e+02 2.601282e+04 -1.526332e+03 5.257498e+04 2.265718e+04 -2.212971e+02 -5.521180e+04 1.536507e+03 -9.205322e+02 -2.964494e+04 2.265664e+04 -5.450517e+01 1.038486e+03 4.048273e+04 1.226764e+03 -2.964461e+04 -4.251349e+04 -1.046704e+03
-1.919192e-03 -2.257231e+04 -1.183384e+02 -1.106678e+03 -4.389023e+04 1.258466e+03 -2.953448e+04 -4.612599e+04 -1.114451e+03 -1.135323e+03 4.388932e+04 1.737675e+04 -8.031903e+01 4.612447e+04 -1.143048e+03 8.560763e+02 2.274102e+04 -1.356424e+03 5.001709e+04 1.980523e+04 -2.311449e+02 -5.256436e+04 1.365013e+03 -8.918031e+02 -2.591633e+04 1.980475e+04 -3.576543e+01 9.229326e+02 3.851343e+04 1.188093e+03 -2.591604e+04 -4.047523e+04 -9.298924e+02
-1.717172e-03 -1.958978e+04 -1.328249e+02 -9.748343e+02 -4.197598e+04 1.223463e+03 -2.563468e+04 -4.414476e+04 -9.813766e+02 -9.996774e+02 4.197537e+04 1.508076e+04 -9.022448e+01 4.414297e+04 -1.006177e+03 8.323233e+02 1.973821e+04 -1.194565e+03 4.783561e+04 1.718835e+04 -2.392764e+02 -5.030623e+04 1.201782e+03 -8.672276e+02 -2.249427e+04 1.718793e+04 -1.989787e+01 8.128391e+02 3.683393e+04 1.154883e+03 -2.249400e+04 -3.873670e+04 -8.187045e+02
-1.515152e-03 -1.682957e+04 -1.449292e+02 -8.484713e+02 -4.035330e+04 1.193649e+03 -2.202477e+04 -4.246511e+04 -8.539367e+02 -8.698016e+02 4.035295e+04 1.295590e+04 -9.850125e+01 4.246309e+04 -8.752288e+02 8.120910e+02 1.695862e+04 -1.039522e+03 4.598641e+04 1.476652e+04 -2.459653e+02 -4.839183e+04 1.045540e+03 -8.463376e+02 -1.932658e+04 1.476616e+04 -6.534038e+00 7.073697e+02 3.541025e+04 1.126554e+03 -1.932635e+04 -3.726280e+04 -7.122753e+02
-1.313131e-03 -1.425295e+04 -1.549606e+02 -7.267197e+02 -3.899098e+04 1.168512e+03 -1.865426e+04 -4.105481e+04 -7.312334e+02 -7.447753e+02 3.899084e+04 1.097236e+04 -1.053608e+02 4.105260e+04 -7.492556e+02 7.950315e+02 1.436338e+04 -8.902118e+02 4.443391e+04 1.250577e+04 -2.514289e+02 -4.678443e+04 8.951733e+02 -8.287555e+02 -1.636897e+04 1.250546e+04 4.621196e+00 6.057890e+02 3.421500e+04 1.102637e+03 -1.636878e+04 -3.602527e+04 -6.098446e+02
-1.111111e-03 -1.182656e+04 -1.631654e+02 -6.088039e+02 -3.786396e+04 1.147639e+03 -1.547967e+04 -3.988798e+04 -6.124675e+02 -6.237796e+02 3.786399e+04 9.104458e+03 -1.109714e+02 3.988562e+04 -6.274147e+02 7.808651e+02 1.191900e+04 -7.456668e+02 4.314955e+04 1.037682e+04 -2.558393e+02 -4.545453e+04 7.496876e+02 -8.141779e+02 -1.358329e+04 1.037656e+04 1.380352e+01 5.074415e+02 3.322618e+04 1.082754e+03 -1.358312e+04 -3.500138e+04 -5.107363e+02
-9.090909e-04 -9.521220e+03 -1.697377e+02 -4.940231e+02 -3.695228e+04 1.130701e+03 -1.246295e+04 -3.894403e+04 -4.969177e+02 -5.060755e+02 3.695246e+04 7.329746e+03 -1.154657e+02 3.894155e+04 -5.089466e+02 7.693685e+02 9.596183e+03 -6.050151e+02 4.211061e+04 8.354087e+03 -2.593317e+02 -4.437866e+04 6.081877e+02 -8.023634e+02 -1.093614e+04 8.353876e+03 2.119965e+01 4.117354e+02 3.242631e+04 1.066603e+03 -1.093600e+04 -3.417306e+04 -4.143408e+02
-7.070707e-04 -7.311004e+03 -1.748288e+02 -3.817347e+02 -3.624034e+04 1.117439e+03 -9.570296e+03 -3.820683e+04 -3.839237e+02 -3.909869e+02 3.624063e+04 5.628255e+03 -1.189472e+02 3.820426e+04 -3.931575e+02 7.603668e+02 7.368899e+03 -4.674578e+02 4.129928e+04 6.414809e+03 -2.620106e+02 -4.353843e+04 4.698543e+02 -7.931227e+02 -8.397853e+03 6.414646e+03 2.695514e+01 3.181289e+02 3.180168e+04 1.053947e+03 -8.397750e+03 -3.352618e+04 -3.201005e+02
-5.050505e-04 -5.172427e+03 -1.785526e+02 -2.713413e+02 -3.571626e+04 1.107656e+03 -6.771078e+03 -3.766413e+04 -2.728721e+02 -2.778858e+02 3.571663e+04 3.981911e+03 -1.214937e+02 3.766149e+04 -2.794034e+02 7.537266e+02 5.213565e+03 -3.322525e+02 4.070203e+04 4.538385e+03 -2.639548e+02 -4.291989e+04 3.339270e+02 -7.863120e+02 -5.941562e+03 4.538269e+03 3.118033e+01 2.261182e+02 3.134186e+04 1.044606e+03 -5.941489e+03 -3.304996e+04 -2.274977e+02
-3.030303e-04 -3.083807e+03 -1.809913e+02 -1.622787e+02 -3.537148e+04 1.101211e+03 -4.037017e+03 -3.730709e+04 -1.631842e+02 -1.661800e+02 3.537190e+04 2.374021e+03 -1.231614e+02 3.730440e+04 -1.670776e+02 7.493516e+02 3.108404e+03 -1.986988e+02 4.030912e+04 2.705791e+03 -2.652208e+02 -4.251295e+04 1.996887e+02 -7.818275e+02 -3.542447e+03 2.705722e+03 3.395451e+01 1.352280e+02 3.103936e+04 1.038449e+03 -3.542403e+03 -3.273666e+04 -1.360443e+02
-1.010101e-04 -1.024684e+03 -1.821976e+02 -5.400567e+01 -3.520045e+04 1.098011e+03 -1.341431e+03 -3.712998e+04 -5.430537e+01 -5.530191e+01 3.520090e+04 7.888372e+02 -1.239864e+02 3.712726e+04 -5.559898e+01 7.471795e+02 1.032869e+03 -6.612468e+01 4.011422e+04 8.990775e+02 -2.658449e+02 -4.231108e+04 6.645224e+01 -7.796017e+02 -1.177094e+03 8.990544e+02 3.532900e+01 4.500256e+01 3.088931e+04 1.035391e+03 -1.177079e+03 -3.258124e+04 -4.527280e+01
1.010101e-04 1.024684e+03 -1.821976e+02 5.400567e+01 -3.520045e+04 1.098011e+03 1.341431e+03 -3.712998e+04 5.430537e+01 5.530191e+01 3.520090e+04 -7.888372e+02 -1.239864e+02 3.712726e+04 5.559898e+01 7.471795e+02 -1.032869e+03 6.612468e+01 4.011422e+04 -8.990775e+02 -2.658449e+02 -4.231108e+04 -6.645224e+01 -7.796017e+02 1.177094e+03 -8.990544e+02 3.532900e+01 -4.500256e+01 3.088931e+04 1.035391e+03 1.177079e+03 -3.258124e+04 4.527280e+01
3.030303e-04 3.083807e+03 -1.809913e+02 1.622787e+02 -3.537148e+04 1.101211e+03 4.037017e+03 -3.730709e+04 1.631842e+02 1.661800e+02 3.537190e+04 -2.374021e+03 -1.231614e+02 3.730440e+04 1.670776e+02 7.493516e+02 -3.108404e+03 1.986988e+02 4.030912e+04 -2.705791e+03 -2.652208e+02 -4.251295e+04 -1.996887e+02 -7.818275e+02 3.542447e+03 -2.705722e+03 3.395451e+01 -1.352280e+02 3.103936e+04 1.038449e+03 3.542403e+03 -3.273666e+04 1.360443e+02
5.050505e-04 5.172427e+03 -1.785526e+02 2.713413e+02 -3.571626e+04 1.107656e+03 6.771078e+03 -3.766413e+04 2.728721e+02 2.778858e+02 3.571663e+04 -3.981911e+03 -1.214937e+02 3.766149e+04 2.794034e+02 7.537266e+02 -5.213565e+03 3.322525e+02 4.070203e+04 -4.538385e+03 -2.639548e+02 -4.291989e+04 -3.339270e+02 -7.863120e+02 5.941562e+03 -4.538269e+03 3.118033e+01 -2.261182e+02 3.134186e+04 1.044606e+03 5.941489e+03 -3.304996e+04 2.274977e+02
7.070707e-04 7.311004e+03 -1.748288e+02 3.817347e+02 -3.624034e+04 1.117439e+03 9.570296e+03 -3.820683e+04 3.839237e+02 3.909869e+02 3.624063e+04 -5.628255e+03 -1.189472e+02 3.820426e+04 3.931575e+02 7.603668e+02 -7.368899e+03 4.674578e+02 4.129928e+04 -6.414809e+03 -2.620106e+02 -4.353843e+04 -4.698543e+02 -7.931227e+02 8.397853e+03 -6.414646e+03 2.695514e+01 -3.181289e+02 3.180168e+04 1.053947e+03 8.397750e+03 -3.352618e+04 3.201005e+02
9.090909e-04 9.521220e+03 -1.697377e+02 4.940231e+02 -3.695228e+04 1.130701e+03 1.246295e+04 -3.894403e+04 4.969177e+02 5.060755e+02 3.695246e+04 -7.329746e+03 -1.154657e+02 3.894155e+04 5.089466e+02 7.693685e+02 -9.596183e+03 6.050151e+02 4.211061e+04 -8.354087e+03 -2.593317e+02 -4.437866e+04 -6.081877e+02 -8.023634e+02 1.093614e+04 -8.353876e+03 2.119965e+01 -4.117354e+02 3.242631e+04 1.066603e+03 1.093600e+04 -3.417306e+04 4.143408e+02
1.111111e-03 1.182656e+04 -1.631654e+02 6.088039e+02 -3.786396e+04 1.147639e+03 1.547967e+04 -3.988798e+04 6.124675e+02 6.237796e+02 3.786399e+04 -9.104458e+03 -1.109714e+02 3.988562e+04 6.274147e+02 7.808651e+02 -1.191900e+04 7.456668e+02 4.314955e+04 -1.037682e+04 -2.558393e+02 -4.545453e+04 -7.496876e+02 -8.141779e+02 1.358329e+04 -1.037656e+04 1.380352e+01 -5.074415e+02 3.322618e+04 1.082754e+03 1.358312e+04 -3.500138e+04 5.107363e+02
1.313131e-03 1.425295e+04 -1.549606e+02 7.267197e+02 -3.899098e+04 1.168512e+03 1.865426e+04 -4.105481e+04 7.312334e+02 7.447753e+02 3.899084e+04 -1.097236e+04 -1.053608e+02 4.105260e+04 7.492556e+02 7.950315e+02 -1.436338e+04 8.902118e+02 4.443391e+04 -1.250577e+04 -2.514289e+02 -4.678443e+04 -8.951733e+02 -8.287555e+02 1.636897e+04 -1.250546e+04 4.621196e+00 -6.057890e+02 3.421500e+04 1.102637e+03 1.636878e+04 -3.602527e+04 6.098446e+02
1.515152e-03 1.682957e+04 -1.449292e+02 8.484713e+02 -4.035330e+04 1.193649e+03 2.202477e+04 -4.246511e+04 8.539367e+02 8.698016e+02 4.035295e+04 -1.295590e+04 -9.850125e+01 4.246309e+04 8.752288e+02 8.120910e+02 -1.695862e+04 1.039522e+03 4.598641e+04 -1.476652e+04 -2.459653e+02 -4.839183e+04 -1.045540e+03 -8.463376e+02 1.932658e+04 -1.476616e+04 -6.534038e+00 -7.073697e+02 3.541025e+04 1.126554e+03 1.932635e+04 -3.726280e+04 7.122753e+02
1.717172e-03 1.958978e+04 -1.328249e+02 9.748343e+02 -4.197598e+04 1.223463e+03 2.563468e+04 -4.414476e+04 9.813766e+02 9.996774e+02 4.197537e+04 -1.508076e+04 -9.022448e+01 4.414297e+04 1.006177e+03 8.323233e+02 -1.973821e+04 1.194565e+03 4.783561e+04 -1.718835e+04 -2.392764e+02 -5.030623e+04 -1.201782e+03 -8.672276e+02 2.249427e+04 -1.718793e+04 -1.989787e+01 -8.128391e+02 3.683393e+04 1.154883e+03 2.249400e+04 -3.873670e+04 8.187045e+02
1.919192e-03 2.257231e+04 -1.183384e+02 1.106678e+03 -4.389023e+04 1.258466e+03 2.953448e+04 -4.612599e+04 1.114451e+03 1.135323e+03 4.388932e+04 -1.737675e+04 -8.031903e+01 4.612447e+04 1.143048e+03 8.560763e+02 -2.274102e+04 1.356424e+03 5.001709e+04 -1.980523e+04 -2.311449e+02 -5.256436e+04 -1.365013e+03 -8.918031e+02 2.591633e+04 -1.980475e+04 -3.576543e+01 -9.229326e+02 3.851343e+04 1.188093e+03 2.591604e+04 -4.047523e+04 9.298924e+02
2.121212e-03 2.582276e+04 -1.010820e+02 1.244991e+03 -4.613479e+04 1.299295e+03 3.378361e+04 -4.844880e+04 1.254179e+03 1.277786e+03 4.613352e+04 -1.987897e+04 -6.851987e+01 4.844759e+04 1.286924e+03 8.837802e+02 -2.601282e+04 1.526332e+03 5.257498e+04 -2.265718e+04 -2.212971e+02 -5.521180e+04 -1.536507e+03 -9.205322e+02 2.964494e+04 -2.265664e+04 -5.450517e+01 -1.038486e+03 4.048273e+04 1.226764e+03 2.964461e+04 -4.251349e+04 1.046704e+03
2.323232e-03 2.939553e+04 -8.056910e+01 1.390907e+03 -4.875772e+04 1.346736e+03 3.845297e+04 -5.116279e+04 1.401739e+03 1.428274e+03 4.875603e+04 -2.262932e+04 -5.449446e+01 5.116196e+04 1.439051e+03 9.159681e+02 -2.960821e+04 1.705709e+03 5.556407e+04 -2.579193e+04 -2.093874e+02 -5.830511e+04 -1.717728e+03 -9.539958e+02 3.374231e+04 -2.579132e+04 -7.657734e+01 -1.160463e+03 4.278400e+04 1.271612e+03 3.374194e+04 -4.489502e+04 1.170139e+03
2.525253e-03 3.335637e+04 -5.618704e+01 1.545750e+03 -5.181885e+04 1.401765e+03 4.362824e+04 -5.432973e+04 1.558501e+03 1.588195e+03 5.181665e+04 -2.567838e+04 -3.782410e+01 5.432935e+04 1.600888e+03 9.533015e+02 -3.359317e+04 1.896209e+03 5.905251e+04 -2.926716e+04 -1.949778e+02 -6.191467e+04 -1.910387e+03 -9.929170e+02 3.828362e+04 -2.926648e+04 -1.025589e+02 -1.289986e+03 4.546972e+04 1.323525e+03 3.828321e+04 -4.767402e+04 1.301361e+03
2.727273e-03 3.778574e+04 -2.715988e+01 1.711076e+03 -5.539298e+04 1.465602e+03 4.941425e+04 -5.802685e+04 1.726085e+03 1.759214e+03 5.539019e+04 -2.908810e+04 -1.797848e+01 5.802700e+04 1.774163e+03 9.966064e+02 -3.804841e+04 2.099787e+03 6.312556e+04 -3.315345e+04 -1.775106e+02 -6.612851e+04 -2.116508e+03 -1.038200e+03 4.336086e+04 -3.315269e+04 -1.331772e+02 -1.428377e+03 4.860553e+04 1.383611e+03 4.336040e+04 -5.091825e+04 1.441750e+03
2.929293e-03 4.278333e+04 7.502872e+00 1.888746e+03 -5.957434e+04 1.539780e+03 5.594088e+04 -6.235142e+04 1.906427e+03 1.943325e+03 5.957084e+04 -3.293521e+04 5.719309e+00 6.235221e+04 1.960945e+03 1.046921e+03 -4.307396e+04 2.318776e+03 6.789060e+04 -3.753828e+04 -1.562691e+02 -7.105750e+04 -2.338514e+03 -1.090985e+03 4.908801e+04 -3.753744e+04 -1.693561e+02 -1.577221e+03 5.227409e+04 1.453257e+03 4.908751e+04 -5.471308e+04 1.592956e+03
3.131313e-03 4.847432e+04 4.907790e+01 2.081010e+03 -6.448265e+04 1.626243e+03 6.337122e+04 -6.742706e+04 2.101877e+03 2.142945e+03 6.447832e+04 -3.731609e+04 3.414173e+01 6.742860e+04 2.163751e+03 1.105563e+03 -4.879540e+04 2.556006e+03 7.348407e+04 -4.253149e+04 -1.303241e+02 -7.684254e+04 -2.579345e+03 -1.152722e+03 5.560818e+04 -4.253055e+04 -2.122809e+02 -1.738435e+03 5.658045e+04 1.534223e+03 5.560763e+04 -5.916698e+04 1.756983e+03
3.333333e-03 5.501813e+04 9.922978e+01 2.290627e+03 -7.027172e+04 1.727491e+03 7.191291e+04 -7.341255e+04 2.315319e+03 2.361050e+03 7.026639e+04 -4.235341e+04 6.842628e+01 7.341499e+04 2.385682e+03 1.174225e+03 -5.537261e+04 2.814951e+03 8.008123e+04 -4.827292e+04 -9.845630e+01 -8.366461e+04 -2.842622e+03 -1.225279e+03 6.310358e+04 -4.827188e+04 -2.634892e+02 -1.914375e+03 6.165954e+04 1.628760e+03 6.310298e+04 -6.441928e+04 1.936299e+03
3.535354e-03 6.262077e+04 1.601584e+02 2.521035e+03 -7.714158e+04 1.846773e+03 8.183430e+04 -8.051444e+04 2.550358e+03 2.601357e+03 7.713505e+04 -4.820578e+04 1.100762e+02 8.051798e+04 2.630624e+03 1.255107e+03 -6.301223e+04 3.099951e+03 8.791003e+04 -5.494333e+04 -5.904459e+01 -9.175912e+04 -3.132871e+03 -1.311090e+03 7.180970e+04 -5.494217e+04 -3.250034e+02 -2.107981e+03 6.768687e+04 1.739794e+03 7.180903e+04 -7.065124e+04 2.133989e+03
3.737374e-03 7.155300e+04 2.348173e+02 2.776591e+03 -8.535630e+04 1.988386e+03 9.348802e+04 -8.900544e+04 2.811571e+03 2.868595e+03 8.534832e+04 -5.508162e+04 1.611095e+02 8.901031e+04 2.903525e+03 1.351119e+03 -7.198582e+04 3.416513e+03 9.727142e+04 -6.278028e+04 -9.899533e+00 -1.014369e+05 -3.455849e+03 -1.413385e+03 8.203596e+04 -6.277899e+04 -3.995254e+02 -2.322986e+03 7.489412e+04 1.871182e+03 8.203524e+04 -7.810216e+04 2.353978e+03
3.939394e-03 8.217733e+04 3.272454e+02 3.062925e+03 -9.527059e+04 2.158114e+03 1.073462e+05 -9.925187e+04 3.104884e+03 3.168896e+03 9.526083e+04 -6.325994e+04 2.242859e+02 9.925838e+04 3.210814e+03 1.466180e+03 -8.265689e+04 3.771764e+03 1.085696e+05 -7.210181e+04 5.199038e+01 -1.131155e+05 -3.819024e+03 -1.536522e+03 9.419664e+04 -7.210036e+04 -4.907327e+02 -2.564218e+03 8.359248e+04 2.028108e+03 9.419584e+04 -8.709351e+04 2.601357e+03
4.141414e-03 9.498948e+04 4.430865e+02 3.387473e+03 -1.073705e+05 2.363924e+03 1.240542e+05 -1.117559e+05 3.438142e+03 3.510389e+03 1.073586e+05 -7.312236e+04 3.034612e+02 1.117645e+05 3.561032e+03 1.605681e+03 -9.552253e+04 4.175141e+03 1.223585e+05 -8.334285e+04 1.308569e+02 -1.273673e+05 -4.232300e+03 -1.686520e+03 1.088582e+05 -8.334123e+04 -6.037400e+02 -2.838073e+03 9.420844e+04 2.217687e+03 1.088573e+05 -9.806596e+04 2.882882e+03
4.343434e-03 1.106844e+05 5.904313e+02 3.760318e+03 -1.223386e+05 2.617067e+03 1.445171e+05 -1.272228e+05 3.822009e+03 3.904141e+03 1.223238e+05 -8.520375e+04 4.041626e+02 1.272339e+05 3.965829e+03 1.777245e+03 -1.112795e+05 4.639467e+03 1.394158e+05 -9.711308e+04 2.327991e+02 -1.449960e+05 -4.709160e+03 -1.871904e+03 1.268147e+05 -9.711124e+04 -7.458462e+02 -3.153237e+03 1.073407e+05 2.449954e+03 1.268137e+05 -1.116383e+05 3.207748e+03
4.545455e-03 1.302650e+05 7.812412e+02 4.195571e+03 -1.411605e+05 2.933954e+03 1.700407e+05 -1.466715e+05 4.271439e+03 4.365708e+03 1.411422e+05 -1.002762e+05 5.345607e+02 1.466859e+05 4.441603e+03 1.991981e+03 -1.309334e+05 5.182726e+03 1.608648e+05 -1.142925e+05 3.668807e+02 -1.671633e+05 -5.268550e+03 -2.105140e+03 1.492121e+05 -1.142904e+05 -9.277951e+02 -3.521892e+03 1.238541e+05 2.739504e+03 1.492110e+05 -1.287048e+05 3.588880e+03
4.747475e-03 1.552316e+05 1.033882e+03 4.713758e+03 -1.653115e+05 3.339450e+03 2.025783e+05 -1.716280e+05 4.808226e+03 4.917812e+03 1.652886e+05 -1.194945e+05 7.071997e+02 1.716467e+05 5.012353e+03 2.266728e+03 -1.559885e+05 5.831139e+03 1.883868e+05 -1.361974e+05 5.470852e+02 -1.956082e+05 -5.938138e+03 -2.405168e+03 1.777644e+05 -1.361950e+05 -1.166014e+03 -3.961801e+03 1.450430e+05 3.108406e+03 1.777631e+05 -1.506045e+05 4.045154e+03
4.949495e-03 1.879305e+05 1.377927e+03 5.346237e+03 -1.970990e+05 3.873123e+03 2.451845e+05 -2.044805e+05 5.465722e+03 5.595325e+03 1.970700e+05 -1.446647e+05 9.422767e+02 2.045049e+05 5.714951e+03 2.628279e+03 -1.887967e+05 6.624862e+03 2.246111e+05 -1.648862e+05 7.960327e+02 -2.330527e+05 -6.760353e+03 -2.802207e+03 2.151521e+05 -1.648834e+05 -1.486849e+03 -4.500160e+03 1.729318e+05 3.591695e+03 2.151507e+05 -1.794331e+05 4.605523e+03
5.151515e-03 2.322500e+05 1.864053e+03 6.144097e+03 -2.403463e+05 4.602057e+03 3.029213e+05 -2.491895e+05 6.298333e+03 6.455317e+03 2.403089e+05 -1.787798e+05 1.274394e+03 2.492219e+05 6.609796e+03 3.122063e+03 -2.332563e+05 7.629473e+03 2.738947e+05 -2.037705e+05 1.152643e+03 -2.840113e+05 -7.804557e+03 -3.347616e+03 2.658173e+05 -2.037671e+05 -1.935281e+03 -5.181385e+03 2.108748e+05 4.248649e+03 2.658157e+05 -2.186660e+05 5.317320e+03
5.353535e-03 2.951658e+05 2.586789e+03 7.198259e+03 -3.019096e+05 5.650286e+03 3.848698e+05 -3.128664e+05 7.402938e+03 7.599815e+03 3.018599e+05 -2.272092e+05 1.768090e+03 3.129102e+05 7.804896e+03 3.832085e+03 -2.963600e+05 8.961959e+03 3.440506e+05 -2.589703e+05 1.689788e+03 -3.565892e+05 -9.194530e+03 -4.136585e+03 3.377289e+05 -2.589661e+05 -2.594935e+03 -6.084710e+03 2.648872e+05 5.188652e+03 3.377270e+05 -2.745436e+05 6.265019e+03
5.555556e-03 3.907444e+05 3.745860e+03 8.692948e+03 -3.956044e+05 7.278145e+03 5.093426e+05 -4.098639e+05 8.975755e+03 9.236410e+03 3.955359e+05 -3.007807e+05 2.559690e+03 4.099255e+05 9.519886e+03 4.934683e+03 -3.922093e+05 1.085988e+04 4.508226e+05 -3.428272e+05 2.561919e+03 -4.671454e+05 -1.118151e+04 -5.369331e+03 4.469566e+05 -3.428218e+05 -3.641968e+03 -7.371035e+03 3.470900e+05 6.640884e+03 4.469543e+05 -3.596608e+05 7.620077e+03
5.757576e-03 5.534193e+05 5.858795e+03 1.108945e+04 -5.552142e+05 1.015771e+04 7.211682e+05 -5.753587e+05 1.150725e+04 1.188680e+04 5.551134e+05 -4.259992e+05 4.002349e+03 5.754507e+05 1.230578e+04 6.885184e+03 -5.553244e+05 1.391917e+04 6.327093e+05 -4.855514e+05 4.170269e+03 -6.557739e+05 -1.439473e+04 -7.563715e+03 6.328385e+05 -4.855439e+05 -5.531729e+03 -9.444055e+03 4.871229e+05 9.196128e+03 6.328354e+05 -5.048858e+05 9.811877e+03
5.959596e-03 9.095357e+05 1.096477e+04 1.616322e+04 -9.045073e+05 1.693754e+04 1.184849e+06 -9.386398e+05 1.687869e+04 1.756449e+04 9.043351e+05 -7.001185e+05 7.487138e+03 9.387989e+05 1.828235e+04 1.147844e+04 -9.123797e+05 2.043671e+04 1.030753e+06 -7.979933e+05 8.098515e+03 -1.069836e+06 -2.125173e+04 -1.276364e+04 1.039730e+06 -7.979808e+05 -1.005514e+04 -1.386002e+04 7.935734e+05 1.518001e+04 1.039725e+06 -8.236724e+05 1.448981e+04
6.161616e-03 1.790986e+06 2.337635e+04 2.755206e+04 -1.770362e+06 3.302216e+04 2.332337e+06 -1.837352e+06 2.902074e+04 3.040174e+04 1.770012e+06 -1.378609e+06 1.595903e+04 1.837680e+06 3.187601e+04 2.237257e+04 -1.795999e+06 3.512532e+04 2.017455e+06 -1.571339e+06 1.770055e+04 -2.094177e+06 -3.679955e+04 -2.513560e+04 2.046679e+06 -1.571316e+06 -2.099861e+04 -2.380834e+04 1.553226e+06 2.933731e+04 2.046670e+06 -1.612311e+06 2.510094e+04
6.363636e-03 6.916064e+05 3.106473e+02 8.588356e+03 -7.005179e+05 2.926333e+03 9.003189e+05 -7.038632e+05 9.191950e+03 8.740649e+03 7.003806e+05 -5.323535e+05 2.401767e+02 7.039989e+05 9.344693e+03 1.959824e+03 -6.932854e+05 1.050768e+04 7.982905e+05 -6.067783e+05 -2.850265e+02 -8.022586e+05 -1.119530e+04 -1.819254e+03 7.900500e+05 -6.067777e+05 -8.312030e+02 -7.115421e+03 6.146003e+05 2.982135e+03 7.900493e+05 -6.176554e+05 7.645420e+03
6.565657e-03 7.775053e+05 -2.226643e+03 7.706862e+03 -7.892755e+05 -1.833195e+02 1.011779e+06 -7.861518e+05 8.416019e+03 7.572394e+03 7.891162e+05 -5.984673e+05 -1.478638e+03 7.863114e+05 8.281322e+03 -1.588576e+02 -7.791188e+05 9.270460e+03 8.994342e+05 -6.821370e+05 -2.335925e+03 -8.960570e+05 -1.007819e+04 6.672781e+02 8.878607e+05 -6.821387e+05 1.303108e+03 -6.269420e+03 6.924693e+05 3.255069e+02 8.878605e+05 -6.898676e+05 6.891615e+03
6.767677e-03 1.100380e+06 -3.664395e+03 8.205844e+03 -1.113655e+06 -1.888989e+03 1.431425e+06 -1.107133e+06 9.249576e+03 7.911435e+03 1.113422e+06 -8.469873e+05 -2.438523e+03 1.107367e+06 8.954440e+03 -1.334693e+03 -1.102274e+06 9.788469e+03 1.269084e+06 -9.654046e+05 -3.558832e+03 -1.261918e+06 -1.097729e+04 2.108349e+03 1.256114e+06 -9.654074e+05 2.435717e+03 -6.605928e+03 9.770581e+05 -1.070109e+03 1.256114e+06 -9.715390e+05 7.521401e+03
6.969697e-03 1.834780e+06 -5.495278e+03 9.082942e+03 -1.850212e+06 -4.298178e+03 2.385887e+06 -1.839237e+06 1.089030e+04 8.572280e+03 1.849809e+06 -1.412262e+06 -3.643466e+03 1.839641e+06 1.037814e+04 -3.010125e+03 -1.837272e+06 1.074354e+04 2.108432e+06 -1.609716e+06 -5.131004e+03 -2.096387e+06 -1.280227e+04 4.173373e+03 2.093687e+06 -1.609720e+06 3.843304e+03 -7.220089e+03 1.623263e+06 -3.028440e+03 2.093687e+06 -1.613985e+06 8.805182e+03
7.171717e-03 4.139753e+06 -8.963784e+03 9.791417e+03 -4.160301e+06 -1.009866e+04 5.381166e+06 -4.139601e+06 1.402353e+04 8.807240e+03 4.159360e+06 -3.186419e+06 -5.875751e+03 4.140544e+06 1.303606e+04 -7.073963e+03 -4.143838e+06 1.139011e+04 4.740907e+06 -3.631936e+06 -8.050467e+03 -4.718395e+06 -1.621132e+04 9.097431e+03 4.722149e+06 -3.631944e+06 6.511365e+03 -7.550123e+03 3.649976e+06 -7.825403e+03 4.722147e+06 -3.632635e+06 1.126191e+04
7.373737e-03 3.355381e+08 1.453025e+05 -1.234043e+05 -3.356991e+08 -2.474021e+05 4.359893e+08 -3.355186e+08 2.321981e+05 -1.286336e+05 3.356205e+08 -2.582662e+08 1.168988e+05 3.355972e+08 2.269492e+05 -1.862518e+05 -3.357416e+08 -1.416059e+05 3.825477e+08 -2.943775e+08 1.282335e+05 -3.824316e+08 -2.636525e+05 2.161114e+05 3.825961e+08 -2.943776e+08 -1.324874e+05 1.121252e+05 2.945188e+08 -2.132360e+05 3.825961e+08 -2.944294e+08 1.998876e+05
7.575758e-03 -5.115358e+06 -4.714994e+04 1.766443e+04 5.067107e+06 -3.675351e+04 -6.644130e+06 5.147283e+06 1.205266e+04 1.336058e+04 -5.065870e+06 3.937302e+06 -3.231551e+04 -5.148522e+06 7.731446e+03 -2.467117e+04 5.116471e+06 1.861054e+04 -5.774230e+06 4.487851e+06 -4.019877e+04 5.867000e+06 -1.220525e+04 3.072986e+04 -5.830477e+06 4.487829e+06 3.800201e+04 -1.289451e+04 -4.445493e+06 -2.963617e+04 -5.830483e+06 4.516942e+06 7.962356e+03
7.777778e-03 -2.839223e+06 -4.136847e+04 1.817284e+04 2.795904e+06 -3.324100e+04 -3.686261e+06 2.865628e+06 1.494991e+04 1.434056e+04 -2.795200e+06 2.185342e+06 -2.826394e+04 -2.866339e+06 1.110102e+04 -2.240462e+04 2.838714e+06 1.958654e+04 -3.186068e+06 2.490926e+06 -3.542810e+04 3.266324e+06 -1.590436e+04 2.804546e+04 -3.234844e+06 2.490910e+06 3.308235e+04 -1.344910e+04 -2.452901e+06 -2.665537e+04 -3.234851e+06 2.514711e+06 1.061313e+04
7.979798e-03 -2.065980e+06 -3.939074e+04 1.926837e+04 2.025055e+06 -3.183153e+04 -2.681226e+06 2.089962e+06 1.684355e+04 1.560579e+04 -2.024530e+06 1.590169e+06 -2.687752e+04 -2.090497e+06 1.316399e+04 -2.148510e+04 2.064773e+06 2.104172e+04 -2.307640e+06 1.812534e+06 -3.384929e+04 2.382206e+06 -1.826916e+04 2.701521e+04 -2.352893e+06 1.812521e+06 3.134577e+04 -1.440021e+04 -1.776613e+06 -2.540089e+04 -2.352900e+06 1.834039e+06 1.226414e+04
8.181818e-03 -1.672820e+06 -3.874239e+04 2.048848e+04 1.633269e+06 -3.134508e+04 -2.170071e+06 1.695533e+06 1.846016e+04 1.688033e+04 -1.632835e+06 1.287549e+06 -2.641450e+04 -1.695980e+06 1.483417e+04 -2.117182e+04 1.671153e+06 2.256573e+04 -1.861177e+06 1.467601e+06 -3.338097e+04 1.932629e+06 -2.024484e+04 2.672115e+04 -1.904338e+06 1.467590e+06 3.071753e+04 -1.541580e+04 -1.432888e+06 -2.491106e+04 -1.904347e+06 1.487915e+06 1.362699e+04
8.383838e-03 -1.441052e+06 -3.890049e+04 2.186302e+04 1.402229e+06 -3.147287e+04 -1.868609e+06 1.463176e+06 2.005944e+04 1.823639e+04 -1.401848e+06 1.109154e+06 -2.650784e+04 -1.463574e+06 1.641377e+04 -2.126667e+04 1.439011e+06 2.422751e+04 -1.597892e+06 1.264262e+06 -3.359108e+04 1.667787e+06 -2.216240e+04 2.692745e+04 -1.639796e+06 1.264253e+06 3.075256e+04 -1.653236e+04 -1.230189e+06 -2.492495e+04 -1.639806e+06 1.284017e+06 1.493991e+04
8.585859e-03 -1.051557e+06 -3.396632e+04 1.895804e+04 1.017376e+06 -2.785553e+04 -1.362964e+06 1.069625e+06 1.760393e+04 1.576761e+04 -1.017094e+06 8.093632e+05 -2.313168e+04 -1.069925e+06 1.439581e+04 -1.883204e+04 1.049623e+06 2.098816e+04 -1.159335e+06 9.225491e+05 -2.931477e+04 1.219204e+06 -1.943617e+04 2.382481e+04 -1.196071e+06 9.225424e+05 2.685166e+04 -1.431115e+04 -8.925514e+05 -2.207894e+04 -1.196082e+06 9.386590e+05 1.311366e+04
8.787879e-03 9.893602e+05 1.865203e+04 -2.164498e+04 -9.828313e+05 1.172585e+04 1.281720e+06 -1.007518e+06 -2.030074e+04 -2.008894e+04 9.825536e+05 -7.614749e+05 1.273427e+04 1.007805e+06 -1.873539e+04 7.883303e+03 -9.870624e+05 -2.523652e+04 1.119965e+06 -8.679719e+05 1.681870e+04 -1.148417e+06 2.370076e+04 -1.084484e+04 1.124781e+06 -8.679704e+05 -1.406067e+04 1.718972e+04 8.622464e+05 8.428024e+03 1.124786e+06 -8.841577e+05 -1.600437e+04
8.989899e-03 5.910378e+05 1.079126e+04 -1.492427e+04 -5.903227e+05 6.169568e+03 7.653342e+05 -6.036955e+05 -1.409153e+04 -1.405823e+04 5.901528e+05 -4.548958e+05 7.370087e+03 6.038713e+05 -1.322000e+04 4.139803e+03 -5.893941e+05 -1.753017e+04 6.726875e+05 -5.185185e+05 9.886694e+03 -6.881233e+05 1.657923e+04 -5.925419e+03 6.716262e+05 -5.185181e+05 -7.981764e+03 1.193414e+04 5.178946e+05 4.205845e+03 6.716296e+05 -5.297815e+05 -1.119969e+04
9.191919e-03 4.163721e+05 7.575844e+03 -1.193807e+04 -4.178951e+05 3.990950e+03 5.389039e+05 -4.267499e+05 -1.133040e+04 -1.134934e+04 4.177726e+05 -3.204601e+05 5.175032e+03 4.268768e+05 -1.073772e+04 2.673338e+03 -4.150203e+05 -1.408840e+04 4.762003e+05 -3.652821e+05 7.037172e+03 -4.864328e+05 1.339476e+04 -3.977148e+03 4.729220e+05 -3.652822e+05 -5.508245e+03 9.586818e+03 3.666221e+05 2.571254e+03 4.729246e+05 -3.745020e+05 -9.050682e+03
9.393939e-03 3.152069e+05 5.777664e+03 -1.013406e+04 -3.178875e+05 2.820815e+03 4.077705e+05 -3.242811e+05 -9.657884e+03 -9.697886e+03 3.177927e+05 -2.425961e+05 3.947181e+03 3.243794e+05 -9.218618e+03 1.886320e+03 -3.140343e+05 -1.200008e+04 3.622384e+05 -2.765288e+05 5.435842e+03 -3.696341e+05 1.145674e+04 -2.919584e+03 3.578456e+05 -2.765291e+05 -4.132396e+03 8.162640e+03 2.788846e+05 1.705174e+03 3.578478e+05 -2.845799e+05 -7.742335e+03
9.595960e-03 2.491267e+05 4.624430e+03 -8.891313e+03 -2.524805e+05 2.099434e+03 3.221270e+05 -2.573379e+05 -8.501982e+03 -8.551454e+03 2.524039e+05 -1.917361e+05 3.159589e+03 2.574174e+05 -8.159581e+03 1.401477e+03 -2.480800e+05 -1.055611e+04 2.877049e+05 -2.185561e+05 4.403966e+03 -2.933291e+05 1.011205e+04 -2.260331e+03 2.826889e+05 -2.185565e+05 -3.254755e+03 7.177982e+03 2.215024e+05 1.178911e+03 2.826908e+05 -2.258335e+05 -6.834160e+03
9.797980e-03 2.028228e+05 3.823342e+03 -7.969000e+03 -2.065902e+05 1.617483e+03 2.621241e+05 -2.104098e+05 -7.641273e+03 -7.695030e+03 2.065266e+05 -1.560975e+05 2.612429e+03 2.104760e+05 -7.365147e+03 1.077778e+03 -2.018715e+05 -9.481030e+03 2.354116e+05 -1.779333e+05 3.683876e+03 -2.398381e+05 9.107399e+03 -1.814789e+03 2.300331e+05 -1.779338e+05 -2.648337e+03 6.444942e+03 1.812426e+05 8.326718e+02 2.300347e+05 -1.846513e+05 -6.155366e+03
1.000000e-02 1.688057e+05 3.236417e+03 -7.250532e+03 -1.728325e+05 1.277754e+03 2.180503e+05 -1.759127e+05 -6.968655e+03 -7.024122e+03 1.727785e+05 -1.299157e+05 2.211513e+03 1.759690e+05 -6.740374e+03 8.497536e+02 -1.679300e+05 -8.641253e+03 1.969437e+05 -1.480899e+05 3.153948e+03 -2.005166e+05 8.320047e+03 -1.496969e+03 1.913560e+05 -1.480904e+05 -2.206347e+03 5.872388e+03 1.516268e+05 5.925373e+02 1.913574e+05 -1.543781e+05 -5.623179e+03
