-1.000000e-02 -6.540002e+04 -2.301949e+03 2.397480e+03 -2.100360e+04 3.317982e+03 -1.114898e+02 -1.705566e+04 2.958068e+03 2.356894e+03 2.107979e+04 5.039933e+04 -1.589900e+03 1.697956e+04 2.921710e+03 2.278903e+03 3.889104e+01 2.923916e+03 2.402159e+04 5.741374e+04 -1.675254e+03 -1.943599e+04 -3.556646e+03 -3.022326e+03 -7.465019e+01 5.740993e+04 2.156755e+03 -1.920384e+03 1.843198e+04 2.486429e+03 -6.964468e+01 -1.490078e+04 2.421395e+03
-9.797980e-03 -6.926746e+04 -2.381358e+03 2.435262e+03 -2.185619e+04 3.459374e+03 -4.994210e+01 -1.757868e+04 3.015427e+03 2.392413e+03 2.193524e+04 5.337776e+04 -1.644504e+03 1.749968e+04 2.976927e+03 2.375632e+03 -9.325870e+00 2.969365e+03 2.499654e+04 6.080781e+04 -1.737154e+03 -2.003211e+04 -3.624657e+03 -3.145782e+03 -2.031332e+01 6.080377e+04 2.226772e+03 -1.949709e+03 1.918004e+04 2.597286e+03 -1.497514e+01 -1.535709e+04 2.467820e+03
-9.595960e-03 -7.345054e+04 -2.464906e+03 2.474170e+03 -2.276308e+04 3.610605e+03 1.799088e+01 -1.812094e+04 3.075278e+03 2.428872e+03 2.284517e+04 5.659922e+04 -1.701961e+03 1.803885e+04 3.034460e+03 2.479087e+03 -6.248107e+01 3.016160e+03 2.603357e+04 6.447885e+04 -1.802277e+03 -2.065015e+04 -3.695576e+03 -3.277840e+03 3.962434e+01 6.447455e+04 2.300449e+03 -1.979811e+03 1.997575e+04 2.715837e+03 4.532422e+01 -1.583012e+04 2.516226e+03
-9.393939e-03 -7.798245e+04 -2.552867e+03 2.514248e+03 -2.372916e+04 3.772640e+03 9.302951e+01 -1.868272e+04 3.137803e+03 2.466298e+03 2.381448e+04 6.008928e+04 -1.762459e+03 1.859734e+04 3.094469e+03 2.589929e+03 -1.211300e+02 3.064354e+03 2.713828e+04 6.845599e+04 -1.870835e+03 -2.129044e+04 -3.769610e+03 -3.419347e+03 1.057938e+02 6.845142e+04 2.378029e+03 -2.010712e+03 2.082339e+04 2.842839e+03 1.118876e+02 -1.632011e+04 2.566754e+03
-9.191919e-03 -8.290076e+04 -2.645535e+03 2.555548e+03 -2.475992e+04 3.946575e+03 1.759908e+02 -1.926416e+04 3.203203e+03 2.504716e+03 2.484866e+04 6.387685e+04 -1.826201e+03 1.917529e+04 3.157136e+03 2.708904e+03 -1.859027e+02 3.114003e+03 2.831693e+04 7.277222e+04 -1.943057e+03 -2.195315e+04 -3.846990e+03 -3.571262e+03 1.789107e+02 7.276735e+04 2.459772e+03 -2.042434e+03 2.172778e+04 2.979143e+03 1.854342e+02 -1.682716e+04 2.619561e+03
-8.989899e-03 -8.824811e+04 -2.743225e+03 2.598120e+03 -2.586152e+04 4.133650e+03 2.678042e+02 -1.986521e+04 3.271702e+03 2.544153e+03 2.595390e+04 6.799478e+04 -1.893407e+03 1.977263e+04 3.222659e+03 2.836862e+03 -2.575155e+02 3.165169e+03 2.957658e+04 7.746493e+04 -2.019187e+03 -2.263822e+04 -3.927973e+03 -3.734671e+03 2.597890e+02 7.745973e+04 2.545961e+03 -2.075000e+03 2.269433e+04 3.125720e+03 2.667820e+02 -1.735121e+04 2.674821e+03
-8.787879e-03 -9.407306e+04 -2.846279e+03 2.642023e+03 -2.704096e+04 4.335284e+03 3.695301e+02 -2.048561e+04 3.343555e+03 2.584638e+03 2.713721e+04 7.248044e+04 -1.964313e+03 2.038907e+04 3.291264e+03 2.974769e+03 -3.367859e+02 3.217916e+03 3.092519e+04 8.257673e+04 -2.099491e+03 -2.334534e+04 -4.012847e+03 -3.910816e+03 3.493573e+02 8.257117e+04 2.636899e+03 -2.108436e+03 2.372917e+04 3.283675e+03 3.568645e+02 -1.789202e+04 2.732732e+03
-8.585859e-03 -1.004311e+05 -2.955063e+03 2.687318e+03 -2.830616e+04 4.553097e+03 4.823822e+02 -2.112477e+04 3.419046e+03 2.626199e+03 2.840653e+04 7.737657e+04 -2.039172e+03 2.102400e+04 3.363204e+03 3.123734e+03 -4.246495e+02 3.272315e+03 3.237185e+04 8.815634e+04 -2.184253e+03 -2.407386e+04 -4.101939e+03 -4.101117e+03 4.486786e+02 8.815038e+04 2.732912e+03 -2.142766e+03 2.483926e+04 3.454272e+03 4.567501e+02 -1.844905e+04 2.793514e+03
-8.383838e-03 -1.073859e+05 -3.069971e+03 2.734075e+03 -2.966617e+04 4.788958e+03 6.077553e+02 -2.178173e+04 3.498500e+03 2.668865e+03 2.977095e+04 8.273219e+04 -2.118258e+03 2.167643e+04 3.438765e+03 3.285031e+03 -5.221813e+02 3.328444e+03 3.392688e+04 9.425961e+04 -2.273778e+03 -2.482266e+04 -4.195620e+03 -4.307210e+03 5.589743e+02 9.425322e+04 2.834353e+03 -2.178017e+03 2.603253e+04 3.638968e+03 5.676663e+02 -1.902142e+04 2.857421e+03
-8.181818e-03 -1.150109e+05 -3.191429e+03 2.782372e+03 -3.113138e+04 5.045027e+03 7.472581e+02 -2.245499e+04 3.582290e+03 2.712668e+03 3.124087e+04 8.860380e+04 -2.201866e+03 2.234484e+04 3.518276e+03 3.460136e+03 -6.306211e+02 3.386390e+03 3.560216e+04 1.009510e+05 -2.368395e+03 -2.559007e+04 -4.294312e+03 -4.530988e+03 6.816529e+02 1.009441e+05 2.941602e+03 -2.214217e+03 2.731811e+04 3.839445e+03 6.910291e+02 -1.960781e+04 2.924741e+03
-7.979798e-03 -1.233910e+05 -3.319891e+03 2.832294e+03 -3.271378e+04 5.323816e+03 9.027541e+02 -2.314244e+04 3.670844e+03 2.757643e+03 3.282832e+04 9.505681e+04 -2.290314e+03 2.302706e+04 3.602115e+03 3.650764e+03 -7.514051e+02 3.446250e+03 3.741139e+04 1.083049e+05 -2.468458e+03 -2.637364e+04 -4.398503e+03 -4.774652e+03 8.183464e+02 1.082975e+05 3.055067e+03 -2.251399e+03 2.870651e+04 4.057664e+03 8.284787e+02 -2.020632e+04 2.995804e+03
-7.777778e-03 -1.326250e+05 -3.455849e+03 2.883944e+03 -3.442731e+04 5.628269e+03 1.076413e+03 -2.384109e+04 3.764659e+03 2.803827e+03 3.454726e+04 1.021673e+05 -2.383943e+03 2.372010e+04 3.690718e+03 3.858925e+03 -8.862054e+02 3.508138e+03 3.937050e+04 1.164082e+05 -2.574345e+03 -2.717001e+04 -4.508758e+03 -5.040782e+03 9.709541e+02 1.164002e+05 3.175189e+03 -2.289597e+03 3.020996e+04 4.295917e+03 9.819246e+02 -2.081430e+04 3.070997e+03
-7.575758e-03 -1.428287e+05 -3.599826e+03 2.937440e+03 -3.628829e+04 5.961853e+03 1.270773e+03 -2.454691e+04 3.864317e+03 2.851267e+03 3.641407e+04 1.100245e+05 -2.483119e+03 2.441986e+04 3.784597e+03 4.086985e+03 -1.036978e+03 3.572185e+03 4.149813e+04 1.253624e+05 -2.686462e+03 -2.797455e+04 -4.625741e+03 -5.332417e+03 1.141699e+03 1.253538e+05 3.302440e+03 -2.328853e+03 3.184278e+04 4.556904e+03 1.153601e+03 -2.142817e+04 3.150768e+03
-7.373737e-03 -1.541384e+05 -3.752385e+03 2.992922e+03 -3.831596e+04 6.328689e+03 1.488822e+03 -2.525444e+04 3.970507e+03 2.900015e+03 3.844802e+04 1.187331e+05 -2.588236e+03 2.512083e+04 3.884356e+03 4.337756e+03 -1.206027e+03 3.638548e+03 4.381626e+04 1.352870e+05 -2.805243e+03 -2.878106e+04 -4.750231e+03 -5.653167e+03 1.333197e+03 1.352777e+05 3.437328e+03 -2.369218e+03 3.362186e+04 4.843836e+03 1.346139e+03 -2.204309e+04 3.235652e+03
-7.171717e-03 -1.667155e+05 -3.914126e+03 3.050565e+03 -4.053325e+04 6.733708e+03 1.734102e+03 -2.595645e+04 4.084051e+03 2.950139e+03 4.067211e+04 1.284176e+05 -2.699713e+03 2.581571e+04 3.990716e+03 4.614607e+03 -1.396080e+03 3.707418e+03 4.635109e+04 1.463240e+05 -2.931148e+03 -2.958129e+04 -4.883164e+03 -6.007359e+03 1.548549e+03 1.463138e+05 3.580396e+03 -2.410756e+03 3.556731e+04 5.160553e+03 1.562655e+03 -2.265266e+04 3.326281e+03
-6.969697e-03 -1.807535e+05 -4.085685e+03 3.110583e+03 -4.296774e+04 7.182877e+03 2.010841e+03 -2.664330e+04 4.205941e+03 3.001727e+03 4.311398e+04 1.392269e+05 -2.818001e+03 2.649480e+04 4.104547e+03 4.921606e+03 -1.610397e+03 3.779036e+03 4.913413e+04 1.586427e+05 -3.064668e+03 -3.036426e+04 -5.025664e+03 -6.400219e+03 1.791456e+03 1.586317e+05 3.732227e+03 -2.453548e+03 3.770334e+04 5.511698e+03 1.806871e+03 -2.324835e+04 3.423425e+03
-6.767677e-03 -1.964855e+05 -4.267735e+03 3.173251e+03 -4.565301e+04 7.683479e+03 2.324131e+03 -2.730228e+04 4.337390e+03 3.054898e+03 4.580727e+04 1.513405e+05 -2.943575e+03 2.714530e+04 4.226912e+03 5.263727e+03 -1.852904e+03 3.853703e+03 5.220373e+04 1.724480e+05 -3.206317e+03 -3.111550e+04 -5.179111e+03 -6.838137e+03 2.066378e+03 1.724359e+05 3.893437e+03 -2.497704e+03 4.005940e+04 5.902943e+03 2.083272e+03 -2.381895e+04 3.528018e+03
-6.565657e-03 -2.141959e+05 -4.460983e+03 3.238923e+03 -4.863044e+04 8.244520e+03 2.680168e+03 -2.791656e+04 4.479902e+03 3.109814e+03 4.879348e+04 1.649774e+05 -3.076938e+03 2.775025e+04 4.359129e+03 5.647114e+03 -2.128376e+03 3.931817e+03 5.560716e+04 1.879893e+05 -3.356635e+03 -3.181580e+04 -5.345210e+03 -7.329011e+03 2.378739e+03 1.879760e+05 4.064682e+03 -2.543376e+03 4.267180e+04 6.341296e+03 2.397312e+03 -2.434956e+04 3.641225e+03
-6.363636e-03 -2.342357e+05 -4.666162e+03 3.308074e+03 -5.195182e+04 8.877286e+03 3.086579e+03 -2.846376e+04 4.635370e+03 3.166706e+03 5.212449e+04 1.804077e+05 -3.218617e+03 2.828716e+04 4.502861e+03 6.079468e+03 -2.442692e+03 4.013904e+03 5.940358e+04 2.055746e+05 -3.516177e+03 -3.243969e+04 -5.526114e+03 -7.882735e+03 2.735216e+03 2.055600e+05 4.246649e+03 -2.590775e+03 4.558600e+04 6.835538e+03 2.755706e+03 -2.482045e+04 3.764508e+03
-6.161616e-03 -2.570445e+05 -4.884020e+03 3.381344e+03 -5.568308e+04 9.596134e+03 3.552878e+03 -2.891402e+04 4.806222e+03 3.225908e+03 5.586641e+04 1.979701e+05 -3.369156e+03 2.872599e+04 4.660236e+03 6.570587e+03 -2.803190e+03 4.100680e+03 6.366830e+04 2.255898e+05 -3.685506e+03 -3.295313e+04 -5.724578e+03 -8.511905e+03 3.144139e+03 2.255736e+05 4.440051e+03 -2.640204e+03 4.885984e+04 7.396840e+03 3.166835e+03 -2.520526e+04 3.899743e+03
-5.959596e-03 -2.831824e+05 -5.115301e+03 3.459623e+03 -5.990985e+04 1.041967e+04 4.091136e+03 -2.922708e+04 4.995629e+03 3.287908e+03 6.010500e+04 2.180956e+05 -3.529105e+03 2.902626e+04 4.834043e+03 7.133166e+03 -3.219179e+03 4.193143e+03 6.849910e+04 2.485262e+05 -3.865173e+03 -3.331024e+04 -5.944208e+03 -9.232842e+03 3.616077e+03 2.485083e+05 4.645617e+03 -2.692106e+03 5.256843e+04 8.039675e+03 3.641330e+03 -2.546847e+04 4.049386e+03
-5.757576e-03 -3.133771e+05 -5.360712e+03 3.544178e+03 -6.474584e+04 1.137252e+04 4.716973e+03 -2.934804e+04 5.207836e+03 3.353441e+03 6.495425e+04 2.413446e+05 -3.699006e+03 2.913280e+04 5.028015e+03 7.784007e+03 -3.702706e+03 4.292713e+03 7.402586e+04 2.750225e+05 -4.055692e+03 -3.344846e+04 -6.189831e+03 -1.006715e+04 4.164706e+03 2.750025e+05 4.864073e+03 -2.747142e+03 5.681157e+04 8.783198e+03 4.192952e+03 -2.556165e+04 4.216721e+03
-5.555556e-03 -3.485985e+05 -5.620869e+03 3.636853e+03 -7.034636e+04 1.248812e+04 5.451087e+03 -2.920079e+04 5.448679e+03 3.423628e+03 7.056976e+04 2.684640e+05 -3.879359e+03 2.896909e+04 5.247293e+03 8.545918e+03 -4.269739e+03 4.401470e+03 8.042594e+04 3.059298e+05 -4.257490e+03 -3.328104e+04 -6.468086e+03 -1.104415e+04 4.808148e+03 3.059073e+05 5.096101e+03 -2.806314e+03 6.172552e+04 9.653408e+03 4.839938e+03 -2.541768e+04 4.406269e+03
-5.353535e-03 -3.901787e+05 -5.896207e+03 3.740427e+03 -7.693042e+04 1.381325e+04 6.321745e+03 -2.867747e+04 5.726442e+03 3.500228e+03 7.717101e+04 3.004792e+05 -4.070571e+03 2.842676e+04 5.499183e+03 9.450826e+03 -4.942092e+03 4.522549e+03 8.794946e+04 3.424169e+05 -4.470826e+03 -3.268510e+04 -6.788405e+03 -1.220490e+04 5.571155e+03 3.423914e+05 5.342290e+03 -2.871189e+03 6.750246e+04 1.068669e+04 5.607201e+03 -2.494143e+04 4.624449e+03
-5.151515e-03 -4.400182e+05 -6.186809e+03 3.859230e+03 -8.481952e+04 1.541595e+04 7.369031e+03 -2.762076e+04 6.053356e+03 3.586085e+03 8.508014e+04 3.388537e+05 -4.272865e+03 2.734770e+04 5.794491e+03 1.054515e+04 -5.750703e+03 4.660851e+03 9.696358e+04 3.861516e+05 -4.695645e+03 -3.148135e+04 -7.164721e+03 -1.360910e+04 6.488823e+03 3.861225e+05 5.603019e+03 -2.944288e+03 7.442447e+04 1.193596e+04 6.530074e+03 -2.399418e+04 4.880749e+03
-4.949495e-03 -5.009644e+05 -6.492095e+03 4.000333e+03 -9.450968e+04 1.740002e+04 8.652599e+03 -2.579198e+04 6.448399e+03 3.685983e+03 9.479417e+04 3.857798e+05 -4.486097e+03 2.549203e+04 6.149997e+03 1.189972e+04 -6.741627e+03 4.824395e+03 1.080347e+05 4.396325e+05 -4.931307e+03 -2.939777e+04 -7.618666e+03 -1.534782e+04 7.613388e+03 4.395989e+05 5.878261e+03 -3.029840e+03 8.292679e+04 1.348193e+04 7.661153e+03 -2.236542e+04 5.189897e+03
-4.747475e-03 -5.775666e+05 -6.810178e+03 4.175984e+03 -1.068173e+05 1.993418e+04 1.026711e+04 -2.280854e+04 6.942950e+03 3.808421e+03 1.071310e+05 4.447603e+05 -4.709401e+03 2.247523e+04 6.593488e+03 1.362964e+04 -7.987965e+03 5.027089e+03 1.220951e+05 5.068518e+05 -5.176018e+03 -2.599841e+04 -8.186026e+03 -1.756912e+04 9.027739e+03 5.068123e+05 6.167162e+03 -3.135342e+03 9.372569e+04 1.545578e+04 9.083919e+03 -1.971774e+04 5.576260e+03
-4.545455e-03 -6.777628e+05 -7.136385e+03 4.409222e+03 -1.232088e+05 2.331742e+04 1.237659e+04 -1.800712e+04 7.593634e+03 3.969730e+03 1.235603e+05 5.219073e+05 -4.940342e+03 1.763050e+04 7.175153e+03 1.593895e+04 -9.616430e+03 5.295134e+03 1.408195e+05 5.947752e+05 -5.425545e+03 -2.052735e+04 -8.931408e+03 -2.053536e+04 1.087552e+04 5.947278e+05 6.467088e+03 -3.275165e+03 1.081080e+05 1.809004e+04 1.094307e+04 -1.546597e+04 6.083831e+03
-4.343434e-03 -8.173071e+05 -7.459287e+03 4.749031e+03 -1.466768e+05 2.815135e+04 1.530436e+04 -1.009104e+04 8.516462e+03 4.205228e+03 1.470801e+05 6.293510e+05 -5.172666e+03 9.654125e+03 7.997906e+03 1.923817e+04 -1.187684e+04 5.684282e+03 1.676250e+05 7.172275e+05 -5.669734e+03 -1.150695e+04 -9.987224e+03 -2.477446e+04 1.343985e+04 7.171686e+05 6.771040e+03 -3.480351e+03 1.286994e+05 2.185251e+04 1.352390e+04 -8.466102e+03 6.802781e+03
-4.141414e-03 -1.034700e+06 -7.746887e+03 5.322887e+03 -1.847250e+05 3.592359e+04 1.983521e+04 4.037193e+03 1.000364e+04 4.608129e+03 1.852091e+05 7.967360e+05 -5.388425e+03 -4.568998e+03 9.321109e+03 2.454245e+04 -1.537573e+04 6.339730e+03 2.110803e+05 9.079942e+05 -5.880422e+03 4.592591e+03 -1.168708e+04 -3.159184e+04 1.740797e+04 9.079165e+05 7.058670e+03 -3.832757e+03 1.620840e+05 2.790005e+04 1.751902e+04 4.015484e+03 7.960295e+03
-3.939394e-03 -1.472787e+06 -7.868375e+03 6.632884e+03 -2.658717e+05 5.221123e+04 2.886061e+04 3.554156e+04 1.317181e+04 5.549924e+03 2.665217e+05 1.134050e+06 -5.513200e+03 -3.626948e+04 1.213628e+04 3.565787e+04 -2.234852e+04 7.833551e+03 3.037514e+05 1.292427e+06 -5.942919e+03 4.049322e+04 -1.530601e+04 -4.588162e+04 2.531200e+04 1.292308e+06 7.245130e+03 -4.658446e+03 2.332848e+05 4.056987e+04 2.548111e+04 3.183405e+04 1.042472e+04
-3.737374e-03 4.085317e+07 -5.164866e+04 -1.545265e+05 8.480817e+06 -1.626565e+06 -8.172373e+05 -3.116448e+06 -3.335464e+05 -1.150853e+05 -8.497890e+06 -3.145903e+07 -3.074656e+04 3.135844e+06 -2.958096e+05 -1.110200e+06 6.320281e+05 -1.758000e+05 -9.684893e+06 -3.585333e+07 -4.423295e+04 -3.551060e+06 3.806430e+05 1.427435e+06 -7.155839e+05 -3.584608e+07 3.610825e+04 1.012128e+05 -7.441389e+06 -1.265081e+06 -7.218124e+05 -2.752050e+06 -2.592324e+05
-3.535354e-03 -4.070555e+05 -1.027957e+04 1.488804e+03 -1.971700e+04 7.201785e+03 8.254463e+03 -4.268385e+04 3.281583e+03 1.561718e+03 1.989417e+04 3.134297e+05 -7.027261e+03 4.251277e+04 3.351898e+03 4.935182e+03 -6.388970e+03 1.971762e+03 2.267559e+04 3.571847e+05 -7.957988e+03 -4.864780e+04 -4.012395e+03 -6.376693e+03 7.267561e+03 3.571913e+05 9.070710e+03 -1.158545e+03 1.729845e+04 5.567120e+03 7.255927e+03 -3.730104e+04 2.731888e+03
-3.333333e-03 -1.956175e+06 -9.806925e+03 5.611472e+03 -2.993448e+05 6.488864e+04 4.053065e+04 8.816469e+04 1.391626e+04 4.440079e+03 3.000747e+05 1.506199e+06 -6.846675e+03 -8.900129e+04 1.279264e+04 4.429619e+04 -3.131404e+04 6.668681e+03 3.419943e+05 1.716571e+06 -7.491331e+03 1.004631e+05 -1.615526e+04 -5.699461e+04 3.553278e+04 1.716439e+06 8.917344e+03 -3.685266e+03 2.626528e+05 5.042542e+04 3.571803e+04 7.810581e+04 1.100014e+04
-3.131313e-03 -4.294524e+06 -9.391237e+03 1.010053e+04 -6.849419e+05 1.493262e+05 9.045468e+04 3.120886e+05 2.803851e+04 7.275141e+03 6.864239e+05 3.306617e+06 -6.753034e+03 -3.138489e+05 2.532530e+04 1.018962e+05 -6.983244e+04 1.178223e+04 7.823142e+05 3.768495e+06 -7.071461e+03 3.556433e+05 -3.227940e+04 -1.310857e+05 7.925319e+04 3.768173e+06 8.866357e+03 -6.174701e+03 6.009868e+05 1.160694e+05 7.970197e+04 2.754125e+05 2.197697e+04
-2.929293e-03 -3.072519e+06 -1.100292e+04 5.857142e+03 -4.333654e+05 1.014716e+05 6.566271e+04 2.170613e+05 1.854040e+04 4.135371e+03 4.343655e+05 2.365692e+06 -7.724591e+03 -2.182467e+05 1.688565e+04 6.923724e+04 -5.066670e+04 6.943342e+03 4.950467e+05 2.696139e+06 -8.423969e+03 2.473551e+05 -2.143039e+04 -8.908768e+04 5.754214e+04 2.695942e+06 1.003478e+04 -3.421993e+03 3.802448e+05 7.885664e+04 5.781653e+04 1.915177e+05 1.458848e+04
-2.727273e-03 -8.529703e+05 -1.258587e+04 1.316394e+03 -5.316909e+04 1.983456e+04 1.845135e+04 -2.020991e+03 4.824471e+03 1.189928e+03 5.344816e+04 6.567413e+05 -8.618672e+03 1.726799e+03 4.703130e+03 1.354779e+04 -1.423548e+04 1.764176e+03 6.091791e+04 7.484598e+05 -9.748364e+03 -2.308493e+03 -5.764081e+03 -1.744626e+04 1.619662e+04 7.484448e+05 1.111770e+04 -8.408686e+02 4.664943e+04 1.539771e+04 1.621673e+04 -1.511220e+03 3.922994e+03
-2.525253e-03 7.318301e+05 -1.359858e+04 -7.100984e+02 1.885700e+05 -3.714824e+04 -1.609501e+04 -1.854876e+05 -3.610578e+03 1.400927e+02 -1.887397e+05 -5.634553e+05 -9.195037e+03 1.857676e+05 -2.791663e+03 -2.531069e+04 1.239846e+04 -5.513093e+02 -2.151029e+05 -6.421944e+05 -1.057061e+04 -2.113889e+05 3.873348e+03 3.256000e+04 -1.405840e+04 -6.421008e+05 1.184060e+04 7.567520e+01 -1.654588e+05 -2.888158e+04 -1.419489e+04 -1.630057e+05 -2.636240e+03
-2.323232e-03 -1.097111e+06 -1.396687e+04 8.006755e+02 -5.635937e+04 2.670620e+04 2.431965e+04 3.629243e+04 5.198539e+03 6.065094e+02 5.666587e+04 8.446979e+05 -9.563070e+03 -3.662688e+04 5.011739e+03 1.822598e+04 -1.874309e+04 1.162620e+03 6.458581e+04 9.626781e+05 -1.082604e+04 4.135517e+04 -6.178049e+03 -2.346722e+04 2.133430e+04 9.626552e+05 1.232807e+04 -3.395867e+02 4.944812e+04 2.073782e+04 2.136544e+04 3.214287e+04 4.203367e+03
-2.121212e-03 -7.259983e+07 -1.095483e+04 2.410182e+04 -8.718716e+06 2.546888e+06 1.627803e+06 1.019418e+07 3.107707e+05 -1.194348e+04 8.735474e+06 5.589725e+07 -1.153394e+04 -1.021630e+07 2.760228e+05 1.735982e+06 -1.253625e+06 2.770701e+04 9.955845e+06 6.370621e+07 -8.119156e+03 1.161731e+07 -3.550910e+05 -2.234919e+06 1.425600e+06 6.370071e+07 1.464773e+04 1.066557e+04 7.649990e+06 1.978302e+06 1.431436e+06 8.964788e+06 2.415511e+05
-1.919192e-03 5.763066e+06 -1.545702e+04 -1.788099e+02 7.353247e+05 -2.188200e+05 -1.304804e+05 -1.026081e+06 -2.260629e+04 2.854476e+03 -7.364770e+05 -4.437035e+06 -1.021819e+04 1.027779e+06 -1.967953e+04 -1.490921e+05 1.004489e+05 2.490846e+01 -8.393618e+05 -5.056930e+06 -1.199165e+04 -1.169367e+06 2.559115e+04 1.919836e+05 -1.142394e+05 -5.056611e+06 1.321580e+04 -2.328633e+03 -6.451924e+05 -1.699356e+05 -1.147296e+05 -9.018417e+05 -1.740498e+04
-1.717172e-03 -4.201347e+06 -1.623802e+04 -1.042136e+03 -3.096221e+05 1.397901e+05 9.586593e+04 6.228480e+05 1.523772e+04 -2.477989e+03 3.104365e+05 3.234657e+06 -1.122880e+04 -6.239487e+05 1.385192e+04 9.524753e+04 -7.378725e+04 -9.730474e+02 3.538107e+05 3.686537e+06 -1.260492e+04 7.098196e+05 -1.760696e+04 -1.226814e+05 8.398876e+04 3.686364e+06 1.444059e+04 2.339604e+03 2.716650e+05 1.085281e+05 8.422151e+04 5.474985e+05 1.197167e+04
-1.515152e-03 -3.567556e+05 -1.678828e+04 -1.734679e+02 8.031922e+04 -9.062024e+02 8.181141e+03 -5.591123e+04 1.220847e+03 1.111296e+01 -8.022102e+04 2.746695e+05 -1.142847e+04 5.585527e+04 1.399304e+03 -6.039750e+02 -6.299148e+03 3.755552e-01 -9.142384e+04 3.130233e+05 -1.301694e+04 -6.372157e+04 -1.586042e+03 7.795282e+02 7.193596e+03 3.130435e+05 1.473860e+04 1.427514e+02 -7.047722e+04 -7.039239e+02 7.163562e+03 -4.900915e+04 1.078134e+03
-1.313131e-03 3.671013e+06 -1.714905e+04 2.652079e+03 3.960584e+05 -1.642348e+05 -8.496489e+04 -9.921956e+05 -1.131287e+04 4.283282e+03 -3.965331e+05 -2.826293e+06 -1.153501e+04 9.931102e+05 -9.736598e+03 -1.118132e+05 6.535617e+04 3.201413e+03 -4.519272e+05 -3.221167e+06 -1.326530e+04 -1.130765e+06 1.274368e+04 1.440973e+05 -7.438595e+04 -3.220993e+06 1.492799e+04 -3.620612e+03 -3.475123e+05 -1.274404e+05 -7.465114e+04 -8.714094e+05 -8.660454e+03
-1.111111e-03 3.734044e+05 -1.798780e+04 3.366932e+02 1.461890e+05 -3.238226e+04 -8.703324e+03 -2.422590e+05 -1.059369e+03 7.224993e+02 -1.461895e+05 -2.874795e+05 -1.221965e+04 2.423823e+05 -6.863178e+02 -2.203410e+04 6.690584e+03 5.409350e+02 -1.666084e+05 -3.276587e+05 -1.393629e+04 -2.760943e+05 1.057063e+03 2.840607e+04 -7.599566e+03 -3.276157e+05 1.577341e+04 -5.129118e+02 -1.282727e+05 -2.511927e+04 -7.662448e+03 -2.126784e+05 -7.181234e+02
-9.090909e-04 1.760074e+05 -1.855130e+04 1.817300e+02 1.360668e+05 -2.525304e+04 -4.126472e+03 -2.032287e+05 -4.663684e+02 4.572774e+02 -1.360382e+05 -1.355047e+05 -1.260955e+04 2.033079e+05 -1.998318e+02 -1.717947e+04 3.170556e+03 3.400399e+02 -1.550389e+05 -1.544493e+05 -1.437221e+04 -2.316134e+05 4.034976e+02 2.215375e+04 -3.594688e+03 -1.544185e+05 1.627629e+04 -2.988930e+02 -1.193914e+05 -1.958338e+04 -3.639660e+03 -1.783921e+05 -2.740019e+02
-7.070707e-04 5.044525e+05 -1.900275e+04 5.988365e+02 1.515215e+05 -4.803354e+04 -1.184221e+04 -3.684203e+05 -1.283644e+03 9.271573e+02 -1.515125e+05 -3.883703e+05 -1.291160e+04 3.685774e+05 -9.660275e+02 -3.267678e+04 9.103144e+03 7.887335e+02 -1.726750e+05 -4.426404e+05 -1.471808e+04 -4.198772e+05 1.362531e+03 4.214524e+04 -1.035602e+04 -4.426039e+05 1.667078e+04 -7.317217e+02 -1.329516e+05 -3.724241e+04 -1.040963e+04 -3.234075e+05 -9.251945e+02
-5.050505e-04 -1.128881e+06 -1.946600e+04 -1.475702e+03 1.007316e+05 7.671904e+04 2.654184e+04 5.428124e+05 2.762096e+03 -1.675123e+03 -1.006221e+05 8.691117e+05 -1.325046e+04 -5.430630e+05 2.569261e+03 5.218669e+04 -2.040675e+04 -1.604279e+03 -1.146745e+05 9.905289e+05 -1.508441e+04 6.186247e+05 -3.229057e+03 -6.731663e+04 2.325667e+04 9.905046e+05 1.709715e+04 1.529528e+03 -8.838786e+04 5.947589e+04 2.328925e+04 4.765107e+05 2.192412e+03
-3.030303e-04 1.446386e+05 -1.966601e+04 1.925078e+02 1.387127e+05 -3.679617e+04 -3.412153e+03 -3.011386e+05 -3.427830e+02 3.114691e+02 -1.386682e+05 -1.113544e+05 -1.337079e+04 3.012352e+05 -2.276578e+02 -2.502690e+04 2.622215e+03 2.665939e+02 -1.580361e+05 -1.269166e+05 -1.523217e+04 -3.431990e+05 3.455643e+02 3.228866e+04 -2.981528e+03 -1.269034e+05 1.726202e+04 -2.369585e+02 -1.217131e+05 -2.852043e+04 -3.000982e+03 -2.643177e+05 -2.345475e+02
-1.010101e-04 -1.284176e+04 -1.980461e+04 -1.962758e+01 1.372189e+05 -1.239872e+04 3.013696e+02 -1.145317e+05 3.009808e+01 3.062170e+00 -1.371691e+05 9.886853e+03 -1.346622e+04 1.145626e+05 5.206307e+01 -8.433853e+03 -2.319608e+02 -6.519671e+00 -1.563275e+05 1.126659e+04 -1.533947e+04 -1.305285e+05 -4.975589e+01 1.088198e+04 2.662433e+02 1.126912e+04 1.738509e+04 9.515802e+00 -1.204024e+05 -9.609047e+03 2.625297e+02 -1.005224e+05 3.378855e+01
1.010101e-04 1.284176e+04 -1.980461e+04 1.962758e+01 1.372189e+05 -1.239872e+04 -3.013696e+02 -1.145317e+05 -3.009808e+01 -3.062170e+00 -1.371691e+05 -9.886853e+03 -1.346622e+04 1.145626e+05 -5.206307e+01 -8.433853e+03 2.319608e+02 6.519671e+00 -1.563275e+05 -1.126659e+04 -1.533947e+04 -1.305285e+05 4.975589e+01 1.088198e+04 -2.662433e+02 -1.126912e+04 1.738509e+04 -9.515802e+00 -1.204024e+05 -9.609047e+03 -2.625297e+02 -1.005224e+05 -3.378855e+01
3.030303e-04 -1.446386e+05 -1.966601e+04 -1.925078e+02 1.387127e+05 -3.679617e+04 3.412153e+03 -3.011386e+05 3.427830e+02 -3.114691e+02 -1.386682e+05 1.113544e+05 -1.337079e+04 3.012352e+05 2.276578e+02 -2.502690e+04 -2.622215e+03 -2.665939e+02 -1.580361e+05 1.269166e+05 -1.523217e+04 -3.431990e+05 -3.455643e+02 3.228866e+04 2.981528e+03 1.269034e+05 1.726202e+04 2.369585e+02 -1.217131e+05 -2.852043e+04 3.000982e+03 -2.643177e+05 2.345475e+02
5.050505e-04 1.128881e+06 -1.946600e+04 1.475702e+03 1.007316e+05 7.671904e+04 -2.654184e+04 5.428124e+05 -2.762096e+03 1.675123e+03 -1.006221e+05 -8.691117e+05 -1.325046e+04 -5.430630e+05 -2.569261e+03 5.218669e+04 2.040675e+04 1.604279e+03 -1.146745e+05 -9.905289e+05 -1.508441e+04 6.186247e+05 3.229057e+03 -6.731663e+04 -2.325667e+04 -9.905046e+05 1.709715e+04 -1.529528e+03 -8.838786e+04 5.947589e+04 -2.328925e+04 4.765107e+05 -2.192412e+03
7.070707e-04 -5.044525e+05 -1.900275e+04 -5.988365e+02 1.515215e+05 -4.803354e+04 1.184221e+04 -3.684203e+05 1.283644e+03 -9.271573e+02 -1.515125e+05 3.883703e+05 -1.291160e+04 3.685774e+05 9.660275e+02 -3.267678e+04 -9.103144e+03 -7.887335e+02 -1.726750e+05 4.426404e+05 -1.471808e+04 -4.198772e+05 -1.362531e+03 4.214524e+04 1.035602e+04 4.426039e+05 1.667078e+04 7.317217e+02 -1.329516e+05 -3.724241e+04 1.040963e+04 -3.234075e+05 9.251945e+02
9.090909e-04 -1.760074e+05 -1.855130e+04 -1.817300e+02 1.360668e+05 -2.525304e+04 4.126472e+03 -2.032287e+05 4.663684e+02 -4.572774e+02 -1.360382e+05 1.355047e+05 -1.260955e+04 2.033079e+05 1.998318e+02 -1.717947e+04 -3.170556e+03 -3.400399e+02 -1.550389e+05 1.544493e+05 -1.437221e+04 -2.316134e+05 -4.034976e+02 2.215375e+04 3.594688e+03 1.544185e+05 1.627629e+04 2.988930e+02 -1.193914e+05 -1.958338e+04 3.639660e+03 -1.783921e+05 2.740019e+02
1.111111e-03 -3.734044e+05 -1.798780e+04 -3.366932e+02 1.461890e+05 -3.238226e+04 8.703324e+03 -2.422590e+05 1.059369e+03 -7.224993e+02 -1.461895e+05 2.874795e+05 -1.221965e+04 2.423823e+05 6.863178e+02 -2.203410e+04 -6.690584e+03 -5.409350e+02 -1.666084e+05 3.276587e+05 -1.393629e+04 -2.760943e+05 -1.057063e+03 2.840607e+04 7.599566e+03 3.276157e+05 1.577341e+04 5.129118e+02 -1.282727e+05 -2.511927e+04 7.662448e+03 -2.126784e+05 7.181234e+02
1.313131e-03 -3.671013e+06 -1.714905e+04 -2.652079e+03 3.960584e+05 -1.642348e+05 8.496489e+04 -9.921956e+05 1.131287e+04 -4.283282e+03 -3.965331e+05 2.826293e+06 -1.153501e+04 9.931102e+05 9.736598e+03 -1.118132e+05 -6.535617e+04 -3.201413e+03 -4.519272e+05 3.221167e+06 -1.326530e+04 -1.130765e+06 -1.274368e+04 1.440973e+05 7.438595e+04 3.220993e+06 1.492799e+04 3.620612e+03 -3.475123e+05 -1.274404e+05 7.465114e+04 -8.714094e+05 8.660454e+03
1.515152e-03 3.567556e+05 -1.678828e+04 1.734679e+02 8.031922e+04 -9.062024e+02 -8.181141e+03 -5.591123e+04 -1.220847e+03 -1.111296e+01 -8.022102e+04 -2.746695e+05 -1.142847e+04 5.585527e+04 -1.399304e+03 -6.039750e+02 6.299148e+03 -3.755552e-01 -9.142384e+04 -3.130233e+05 -1.301694e+04 -6.372157e+04 1.586042e+03 7.795282e+02 -7.193596e+03 -3.130435e+05 1.473860e+04 -1.427514e+02 -7.047722e+04 -7.039239e+02 -7.163562e+03 -4.900915e+04 -1.078134e+03
1.717172e-03 4.201347e+06 -1.623802e+04 1.042136e+03 -3.096221e+05 1.397901e+05 -9.586593e+04 6.228480e+05 -1.523772e+04 2.477989e+03 3.104365e+05 -3.234657e+06 -1.122880e+04 -6.239487e+05 -1.385192e+04 9.524753e+04 7.378725e+04 9.730474e+02 3.538107e+05 -3.686537e+06 -1.260492e+04 7.098196e+05 1.760696e+04 -1.226814e+05 -8.398876e+04 -3.686364e+06 1.444059e+04 -2.339604e+03 2.716650e+05 1.085281e+05 -8.422151e+04 5.474985e+05 -1.197167e+04
1.919192e-03 -5.763066e+06 -1.545702e+04 1.788099e+02 7.353247e+05 -2.188200e+05 1.304804e+05 -1.026081e+06 2.260629e+04 -2.854476e+03 -7.364770e+05 4.437035e+06 -1.021819e+04 1.027779e+06 1.967953e+04 -1.490921e+05 -1.004489e+05 -2.490846e+01 -8.393618e+05 5.056930e+06 -1.199165e+04 -1.169367e+06 -2.559115e+04 1.919836e+05 1.142394e+05 5.056611e+06 1.321580e+04 2.328633e+03 -6.451924e+05 -1.699356e+05 1.147296e+05 -9.018417e+05 1.740498e+04
2.121212e-03 7.259983e+07 -1.095483e+04 -2.410182e+04 -8.718716e+06 2.546888e+06 -1.627803e+06 1.019418e+07 -3.107707e+05 1.194348e+04 8.735474e+06 -5.589725e+07 -1.153394e+04 -1.021630e+07 -2.760228e+05 1.735982e+06 1.253625e+06 -2.770701e+04 9.955845e+06 -6.370621e+07 -8.119156e+03 1.161731e+07 3.550910e+05 -2.234919e+06 -1.425600e+06 -6.370071e+07 1.464773e+04 -1.066557e+04 7.649990e+06 1.978302e+06 -1.431436e+06 8.964788e+06 -2.415511e+05
2.323232e-03 1.097111e+06 -1.396687e+04 -8.006755e+02 -5.635937e+04 2.670620e+04 -2.431965e+04 3.629243e+04 -5.198539e+03 -6.065094e+02 5.666587e+04 -8.446979e+05 -9.563070e+03 -3.662688e+04 -5.011739e+03 1.822598e+04 1.874309e+04 -1.162620e+03 6.458581e+04 -9.626781e+05 -1.082604e+04 4.135517e+04 6.178049e+03 -2.346722e+04 -2.133430e+04 -9.626552e+05 1.232807e+04 3.395867e+02 4.944812e+04 2.073782e+04 -2.136544e+04 3.214287e+04 -4.203367e+03
2.525253e-03 -7.318301e+05 -1.359858e+04 7.100984e+02 1.885700e+05 -3.714824e+04 1.609501e+04 -1.854876e+05 3.610578e+03 -1.400927e+02 -1.887397e+05 5.634553e+05 -9.195037e+03 1.857676e+05 2.791663e+03 -2.531069e+04 -1.239846e+04 5.513093e+02 -2.151029e+05 6.421944e+05 -1.057061e+04 -2.113889e+05 -3.873348e+03 3.256000e+04 1.405840e+04 6.421008e+05 1.184060e+04 -7.567520e+01 -1.654588e+05 -2.888158e+04 1.419489e+04 -1.630057e+05 2.636240e+03
2.727273e-03 8.529703e+05 -1.258587e+04 -1.316394e+03 -5.316909e+04 1.983456e+04 -1.845135e+04 -2.020991e+03 -4.824471e+03 -1.189928e+03 5.344816e+04 -6.567413e+05 -8.618672e+03 1.726799e+03 -4.703130e+03 1.354779e+04 1.423548e+04 -1.764176e+03 6.091791e+04 -7.484598e+05 -9.748364e+03 -2.308493e+03 5.764081e+03 -1.744626e+04 -1.619662e+04 -7.484448e+05 1.111770e+04 8.408686e+02 4.664943e+04 1.539771e+04 -1.621673e+04 -1.511220e+03 -3.922994e+03
2.929293e-03 3.072519e+06 -1.100292e+04 -5.857142e+03 -4.333654e+05 1.014716e+05 -6.566271e+04 2.170613e+05 -1.854040e+04 -4.135371e+03 4.343655e+05 -2.365692e+06 -7.724591e+03 -2.182467e+05 -1.688565e+04 6.923724e+04 5.066670e+04 -6.943342e+03 4.950467e+05 -2.696139e+06 -8.423969e+03 2.473551e+05 2.143039e+04 -8.908768e+04 -5.754214e+04 -2.695942e+06 1.003478e+04 3.421993e+03 3.802448e+05 7.885664e+04 -5.781653e+04 1.915177e+05 -1.458848e+04
3.131313e-03 4.294524e+06 -9.391237e+03 -1.010053e+04 -6.849419e+05 1.493262e+05 -9.045468e+04 3.120886e+05 -2.803851e+04 -7.275141e+03 6.864239e+05 -3.306617e+06 -6.753034e+03 -3.138489e+05 -2.532530e+04 1.018962e+05 6.983244e+04 -1.178223e+04 7.823142e+05 -3.768495e+06 -7.071461e+03 3.556433e+05 3.227940e+04 -1.310857e+05 -7.925319e+04 -3.768173e+06 8.866357e+03 6.174701e+03 6.009868e+05 1.160694e+05 -7.970197e+04 2.754125e+05 -2.197697e+04
3.333333e-03 1.956175e+06 -9.806925e+03 -5.611472e+03 -2.993448e+05 6.488864e+04 -4.053065e+04 8.816469e+04 -1.391626e+04 -4.440079e+03 3.000747e+05 -1.506199e+06 -6.846675e+03 -8.900129e+04 -1.279264e+04 4.429619e+04 3.131404e+04 -6.668681e+03 3.419943e+05 -1.716571e+06 -7.491331e+03 1.004631e+05 1.615526e+04 -5.699461e+04 -3.553278e+04 -1.716439e+06 8.917344e+03 3.685266e+03 2.626528e+05 5.042542e+04 -3.571803e+04 7.810581e+04 -1.100014e+04
3.535354e-03 4.070555e+05 -1.027957e+04 -1.488804e+03 -1.971700e+04 7.201785e+03 -8.254463e+03 -4.268385e+04 -3.281583e+03 -1.561718e+03 1.989417e+04 -3.134297e+05 -7.027261e+03 4.251277e+04 -3.351898e+03 4.935182e+03 6.388970e+03 -1.971762e+03 2.267559e+04 -3.571847e+05 -7.957988e+03 -4.864780e+04 4.012395e+03 -6.376693e+03 -7.267561e+03 -3.571913e+05 9.070710e+03 1.158545e+03 1.729845e+04 5.567120e+03 -7.255927e+03 -3.730104e+04 -2.731888e+03
3.737374e-03 -4.085317e+07 -5.164866e+04 1.545265e+05 8.480817e+06 -1.626565e+06 8.172373e+05 -3.116448e+06 3.335464e+05 1.150853e+05 -8.497890e+06 3.145903e+07 -3.074656e+04 3.135844e+06 2.958096e+05 -1.110200e+06 -6.320281e+05 1.758000e+05 -9.684893e+06 3.585333e+07 -4.423295e+04 -3.551060e+06 -3.806430e+05 1.427435e+06 7.155839e+05 3.584608e+07 3.610825e+04 -1.012128e+05 -7.441389e+06 -1.265081e+06 7.218124e+05 -2.752050e+06 2.592324e+05
3.939394e-03 1.472787e+06 -7.868375e+03 -6.632884e+03 -2.658717e+05 5.221123e+04 -2.886061e+04 3.554156e+04 -1.317181e+04 -5.549924e+03 2.665217e+05 -1.134050e+06 -5.513200e+03 -3.626948e+04 -1.213628e+04 3.565787e+04 2.234852e+04 -7.833551e+03 3.037514e+05 -1.292427e+06 -5.942919e+03 4.049322e+04 1.530601e+04 -4.588162e+04 -2.531200e+04 -1.292308e+06 7.245130e+03 4.658446e+03 2.332848e+05 4.056987e+04 -2.548111e+04 3.183405e+04 -1.042472e+04
4.141414e-03 1.034700e+06 -7.746887e+03 -5.322887e+03 -1.847250e+05 3.592359e+04 -1.983521e+04 4.037193e+03 -1.000364e+04 -4.608129e+03 1.852091e+05 -7.967360e+05 -5.388425e+03 -4.568998e+03 -9.321109e+03 2.454245e+04 1.537573e+04 -6.339730e+03 2.110803e+05 -9.079942e+05 -5.880422e+03 4.592591e+03 1.168708e+04 -3.159184e+04 -1.740797e+04 -9.079165e+05 7.058670e+03 3.832757e+03 1.620840e+05 2.790005e+04 -1.751902e+04 4.015484e+03 -7.960295e+03
4.343434e-03 8.173071e+05 -7.459287e+03 -4.749031e+03 -1.466768e+05 2.815135e+04 -1.530436e+04 -1.009104e+04 -8.516462e+03 -4.205228e+03 1.470801e+05 -6.293510e+05 -5.172666e+03 9.654125e+03 -7.997906e+03 1.923817e+04 1.187684e+04 -5.684282e+03 1.676250e+05 -7.172275e+05 -5.669734e+03 -1.150695e+04 9.987224e+03 -2.477446e+04 -1.343985e+04 -7.171686e+05 6.771040e+03 3.480351e+03 1.286994e+05 2.185251e+04 -1.352390e+04 -8.466102e+03 -6.802781e+03
4.545455e-03 6.777628e+05 -7.136385e+03 -4.409222e+03 -1.232088e+05 2.331742e+04 -1.237659e+04 -1.800712e+04 -7.593634e+03 -3.969730e+03 1.235603e+05 -5.219073e+05 -4.940342e+03 1.763050e+04 -7.175153e+03 1.593895e+04 9.616430e+03 -5.295134e+03 1.408195e+05 -5.947752e+05 -5.425545e+03 -2.052735e+04 8.931408e+03 -2.053536e+04 -1.087552e+04 -5.947278e+05 6.467088e+03 3.275165e+03 1.081080e+05 1.809004e+04 -1.094307e+04 -1.546597e+04 -6.083831e+03
4.747475e-03 5.775666e+05 -6.810178e+03 -4.175984e+03 -1.068173e+05 1.993418e+04 -1.026711e+04 -2.280854e+04 -6.942950e+03 -3.808421e+03 1.071310e+05 -4.447603e+05 -4.709401e+03 2.247523e+04 -6.593488e+03 1.362964e+04 7.987965e+03 -5.027089e+03 1.220951e+05 -5.068518e+05 -5.176018e+03 -2.599841e+04 8.186026e+03 -1.756912e+04 -9.027739e+03 -5.068123e+05 6.167162e+03 3.135342e+03 9.372569e+04 1.545578e+04 -9.083919e+03 -1.971774e+04 -5.576260e+03
4.949495e-03 5.009644e+05 -6.492095e+03 -4.000333e+03 -9.450968e+04 1.740002e+04 -8.652599e+03 -2.579198e+04 -6.448399e+03 -3.685983e+03 9.479417e+04 -3.857798e+05 -4.486097e+03 2.549203e+04 -6.149997e+03 1.189972e+04 6.741627e+03 -4.824395e+03 1.080347e+05 -4.396325e+05 -4.931307e+03 -2.939777e+04 7.618666e+03 -1.534782e+04 -7.613388e+03 -4.395989e+05 5.878261e+03 3.029840e+03 8.292679e+04 1.348193e+04 -7.661153e+03 -2.236542e+04 -5.189897e+03
5.151515e-03 4.400182e+05 -6.186809e+03 -3.859230e+03 -8.481952e+04 1.541595e+04 -7.369031e+03 -2.762076e+04 -6.053356e+03 -3.586085e+03 8.508014e+04 -3.388537e+05 -4.272865e+03 2.734770e+04 -5.794491e+03 1.054515e+04 5.750703e+03 -4.660851e+03 9.696358e+04 -3.861516e+05 -4.695645e+03 -3.148135e+04 7.164721e+03 -1.360910e+04 -6.488823e+03 -3.861225e+05 5.603019e+03 2.944288e+03 7.442447e+04 1.193596e+04 -6.530074e+03 -2.399418e+04 -4.880749e+03
5.353535e-03 3.901787e+05 -5.896207e+03 -3.740427e+03 -7.693042e+04 1.381325e+04 -6.321745e+03 -2.867747e+04 -5.726442e+03 -3.500228e+03 7.717101e+04 -3.004792e+05 -4.070571e+03 2.842676e+04 -5.499183e+03 9.450826e+03 4.942092e+03 -4.522549e+03 8.794946e+04 -3.424169e+05 -4.470826e+03 -3.268510e+04 6.788405e+03 -1.220490e+04 -5.571155e+03 -3.423914e+05 5.342290e+03 2.871189e+03 6.750246e+04 1.068669e+04 -5.607201e+03 -2.494143e+04 -4.624449e+03
5.555556e-03 3.485985e+05 -5.620869e+03 -3.636853e+03 -7.034636e+04 1.248812e+04 -5.451087e+03 -2.920079e+04 -5.448679e+03 -3.423628e+03 7.056976e+04 -2.684640e+05 -3.879359e+03 2.896909e+04 -5.247293e+03 8.545918e+03 4.269739e+03 -4.401470e+03 8.042594e+04 -3.059298e+05 -4.257490e+03 -3.328104e+04 6.468086e+03 -1.104415e+04 -4.808148e+03 -3.059073e+05 5.096101e+03 2.806314e+03 6.172552e+04 9.653408e+03 -4.839938e+03 -2.541768e+04 -4.406269e+03
5.757576e-03 3.133771e+05 -5.360712e+03 -3.544178e+03 -6.474584e+04 1.137252e+04 -4.716973e+03 -2.934804e+04 -5.207836e+03 -3.353441e+03 6.495425e+04 -2.413446e+05 -3.699006e+03 2.913280e+04 -5.028015e+03 7.784007e+03 3.702706e+03 -4.292713e+03 7.402586e+04 -2.750225e+05 -4.055692e+03 -3.344846e+04 6.189831e+03 -1.006715e+04 -4.164706e+03 -2.750025e+05 4.864073e+03 2.747142e+03 5.681157e+04 8.783198e+03 -4.192952e+03 -2.556165e+04 -4.216721e+03
5.959596e-03 2.831824e+05 -5.115301e+03 -3.459623e+03 -5.990985e+04 1.041967e+04 -4.091136e+03 -2.922708e+04 -4.995629e+03 -3.287908e+03 6.010500e+04 -2.180956e+05 -3.529105e+03 2.902626e+04 -4.834043e+03 7.133166e+03 3.219179e+03 -4.193143e+03 6.849910e+04 -2.485262e+05 -3.865173e+03 -3.331024e+04 5.944208e+03 -9.232842e+03 -3.616077e+03 -2.485083e+05 4.645617e+03 2.692106e+03 5.256843e+04 8.039675e+03 -3.641330e+03 -2.546847e+04 -4.049386e+03
6.161616e-03 2.570445e+05 -4.884020e+03 -3.381344e+03 -5.568308e+04 9.596134e+03 -3.552878e+03 -2.891402e+04 -4.806222e+03 -3.225908e+03 5.586641e+04 -1.979701e+05 -3.369156e+03 2.872599e+04 -4.660236e+03 6.570587e+03 2.803190e+03 -4.100680e+03 6.366830e+04 -2.255898e+05 -3.685506e+03 -3.295313e+04 5.724578e+03 -8.511905e+03 -3.144139e+03 -2.255736e+05 4.440051e+03 2.640204e+03 4.885984e+04 7.396840e+03 -3.166835e+03 -2.520526e+04 -3.899743e+03
6.363636e-03 2.342357e+05 -4.666162e+03 -3.308074e+03 -5.195182e+04 8.877286e+03 -3.086579e+03 -2.846376e+04 -4.635370e+03 -3.166706e+03 5.212449e+04 -1.804077e+05 -3.218617e+03 2.828716e+04 -4.502861e+03 6.079468e+03 2.442692e+03 -4.013904e+03 5.940358e+04 -2.055746e+05 -3.516177e+03 -3.243969e+04 5.526114e+03 -7.882735e+03 -2.735216e+03 -2.055600e+05 4.246649e+03 2.590775e+03 4.558600e+04 6.835538e+03 -2.755706e+03 -2.482045e+04 -3.764508e+03
6.565657e-03 2.141959e+05 -4.460983e+03 -3.238923e+03 -4.863044e+04 8.244520e+03 -2.680168e+03 -2.791656e+04 -4.479902e+03 -3.109814e+03 4.879348e+04 -1.649774e+05 -3.076938e+03 2.775025e+04 -4.359129e+03 5.647114e+03 2.128376e+03 -3.931817e+03 5.560716e+04 -1.879893e+05 -3.356635e+03 -3.181580e+04 5.345210e+03 -7.329011e+03 -2.378739e+03 -1.879760e+05 4.064682e+03 2.543376e+03 4.267180e+04 6.341296e+03 -2.397312e+03 -2.434956e+04 -3.641225e+03
6.767677e-03 1.964855e+05 -4.267735e+03 -3.173251e+03 -4.565301e+04 7.683479e+03 -2.324131e+03 -2.730228e+04 -4.337390e+03 -3.054898e+03 4.580727e+04 -1.513405e+05 -2.943575e+03 2.714530e+04 -4.226912e+03 5.263727e+03 1.852904e+03 -3.853703e+03 5.220373e+04 -1.724480e+05 -3.206317e+03 -3.111550e+04 5.179111e+03 -6.838137e+03 -2.066378e+03 -1.724359e+05 3.893437e+03 2.497704e+03 4.005940e+04 5.902943e+03 -2.083272e+03 -2.381895e+04 -3.528018e+03
6.969697e-03 1.807535e+05 -4.085685e+03 -3.110583e+03 -4.296774e+04 7.182877e+03 -2.010841e+03 -2.664330e+04 -4.205941e+03 -3.001727e+03 4.311398e+04 -1.392269e+05 -2.818001e+03 2.649480e+04 -4.104547e+03 4.921606e+03 1.610397e+03 -3.779036e+03 4.913413e+04 -1.586427e+05 -3.064668e+03 -3.036426e+04 5.025664e+03 -6.400219e+03 -1.791456e+03 -1.586317e+05 3.732227e+03 2.453548e+03 3.770334e+04 5.511698e+03 -1.806871e+03 -2.324835e+04 -3.423425e+03
7.171717e-03 1.667155e+05 -3.914126e+03 -3.050565e+03 -4.053325e+04 6.733708e+03 -1.734102e+03 -2.595645e+04 -4.084051e+03 -2.950139e+03 4.067211e+04 -1.284176e+05 -2.699713e+03 2.581571e+04 -3.990716e+03 4.614607e+03 1.396080e+03 -3.707418e+03 4.635109e+04 -1.463240e+05 -2.931148e+03 -2.958129e+04 4.883164e+03 -6.007359e+03 -1.548549e+03 -1.463138e+05 3.580396e+03 2.410756e+03 3.556731e+04 5.160553e+03 -1.562655e+03 -2.265266e+04 -3.326281e+03
7.373737e-03 1.541384e+05 -3.752385e+03 -2.992922e+03 -3.831596e+04 6.328689e+03 -1.488822e+03 -2.525444e+04 -3.970507e+03 -2.900015e+03 3.844802e+04 -1.187331e+05 -2.588236e+03 2.512083e+04 -3.884356e+03 4.337756e+03 1.206027e+03 -3.638548e+03 4.381626e+04 -1.352870e+05 -2.805243e+03 -2.878106e+04 4.750231e+03 -5.653167e+03 -1.333197e+03 -1.352777e+05 3.437328e+03 2.369218e+03 3.362186e+04 4.843836e+03 -1.346139e+03 -2.204309e+04 -3.235652e+03
7.575758e-03 1.428287e+05 -3.599826e+03 -2.937440e+03 -3.628829e+04 5.961853e+03 -1.270773e+03 -2.454691e+04 -3.864317e+03 -2.851267e+03 3.641407e+04 -1.100245e+05 -2.483119e+03 2.441986e+04 -3.784597e+03 4.086985e+03 1.036978e+03 -3.572185e+03 4.149813e+04 -1.253624e+05 -2.686462e+03 -2.797455e+04 4.625741e+03 -5.332417e+03 -1.141699e+03 -1.253538e+05 3.302440e+03 2.328853e+03 3.184278e+04 4.556904e+03 -1.153601e+03 -2.142817e+04 -3.150768e+03
7.777778e-03 1.326250e+05 -3.455849e+03 -2.883944e+03 -3.442731e+04 5.628269e+03 -1.076413e+03 -2.384109e+04 -3.764659e+03 -2.803827e+03 3.454726e+04 -1.021673e+05 -2.383943e+03 2.372010e+04 -3.690718e+03 3.858925e+03 8.862054e+02 -3.508138e+03 3.937050e+04 -1.164082e+05 -2.574345e+03 -2.717001e+04 4.508758e+03 -5.040782e+03 -9.709541e+02 -1.164002e+05 3.175189e+03 2.289597e+03 3.020996e+04 4.295917e+03 -9.819246e+02 -2.081430e+04 -3.070997e+03
7.979798e-03 1.233910e+05 -3.319891e+03 -2.832294e+03 -3.271378e+04 5.323816e+03 -9.027541e+02 -2.314244e+04 -3.670844e+03 -2.757643e+03 3.282832e+04 -9.505681e+04 -2.290314e+03 2.302706e+04 -3.602115e+03 3.650764e+03 7.514051e+02 -3.446250e+03 3.741139e+04 -1.083049e+05 -2.468458e+03 -2.637364e+04 4.398503e+03 -4.774652e+03 -8.183464e+02 -1.082975e+05 3.055067e+03 2.251399e+03 2.870651e+04 4.057664e+03 -8.284787e+02 -2.020632e+04 -2.995804e+03
8.181818e-03 1.150109e+05 -3.191429e+03 -2.782372e+03 -3.113138e+04 5.045027e+03 -7.472581e+02 -2.245499e+04 -3.582290e+03 -2.712668e+03 3.124087e+04 -8.860380e+04 -2.201866e+03 2.234484e+04 -3.518276e+03 3.460136e+03 6.306211e+02 -3.386390e+03 3.560216e+04 -1.009510e+05 -2.368395e+03 -2.559007e+04 4.294312e+03 -4.530988e+03 -6.816529e+02 -1.009441e+05 2.941602e+03 2.214217e+03 2.731811e+04 3.839445e+03 -6.910291e+02 -1.960781e+04 -2.924741e+03
8.383838e-03 1.073859e+05 -3.069971e+03 -2.734075e+03 -2.966617e+04 4.788958e+03 -6.077553e+02 -2.178173e+04 -3.498500e+03 -2.668865e+03 2.977095e+04 -8.273219e+04 -2.118258e+03 2.167643e+04 -3.438765e+03 3.285031e+03 5.221813e+02 -3.328444e+03 3.392688e+04 -9.425961e+04 -2.273778e+03 -2.482266e+04 4.195620e+03 -4.307210e+03 -5.589743e+02 -9.425322e+04 2.834353e+03 2.178017e+03 2.603253e+04 3.638968e+03 -5.676663e+02 -1.902142e+04 -2.857421e+03
8.585859e-03 1.004311e+05 -2.955063e+03 -2.687318e+03 -2.830616e+04 4.553097e+03 -4.823822e+02 -2.112477e+04 -3.419046e+03 -2.626199e+03 2.840653e+04 -7.737657e+04 -2.039172e+03 2.102400e+04 -3.363204e+03 3.123734e+03 4.246495e+02 -3.272315e+03 3.237185e+04 -8.815634e+04 -2.184253e+03 -2.407386e+04 4.101939e+03 -4.101117e+03 -4.486786e+02 -8.815038e+04 2.732912e+03 2.142766e+03 2.483926e+04 3.454272e+03 -4.567501e+02 -1.844905e+04 -2.793514e+03
8.787879e-03 9.407306e+04 -2.846279e+03 -2.642023e+03 -2.704096e+04 4.335284e+03 -3.695301e+02 -2.048561e+04 -3.343555e+03 -2.584638e+03 2.713721e+04 -7.248044e+04 -1.964313e+03 2.038907e+04 -3.291264e+03 2.974769e+03 3.367859e+02 -3.217916e+03 3.092519e+04 -8.257673e+04 -2.099491e+03 -2.334534e+04 4.012847e+03 -3.910816e+03 -3.493573e+02 -8.257117e+04 2.636899e+03 2.108436e+03 2.372917e+04 3.283675e+03 -3.568645e+02 -1.789202e+04 -2.732732e+03
8.989899e-03 8.824811e+04 -2.743225e+03 -2.598120e+03 -2.586152e+04 4.133650e+03 -2.678042e+02 -1.986521e+04 -3.271702e+03 -2.544153e+03 2.595390e+04 -6.799478e+04 -1.893407e+03 1.977263e+04 -3.222659e+03 2.836862e+03 2.575155e+02 -3.165169e+03 2.957658e+04 -7.746493e+04 -2.019187e+03 -2.263822e+04 3.927973e+03 -3.734671e+03 -2.597890e+02 -7.745973e+04 2.545961e+03 2.075000e+03 2.269433e+04 3.125720e+03 -2.667820e+02 -1.735121e+04 -2.674821e+03
9.191919e-03 8.290076e+04 -2.645535e+03 -2.555548e+03 -2.475992e+04 3.946575e+03 -1.759908e+02 -1.926416e+04 -3.203203e+03 -2.504716e+03 2.484866e+04 -6.387685e+04 -1.826201e+03 1.917529e+04 -3.157136e+03 2.708904e+03 1.859027e+02 -3.114003e+03 2.831693e+04 -7.277222e+04 -1.943057e+03 -2.195315e+04 3.846990e+03 -3.571262e+03 -1.789107e+02 -7.276735e+04 2.459772e+03 2.042434e+03 2.172778e+04 2.979143e+03 -1.854342e+02 -1.682716e+04 -2.619561e+03
9.393939e-03 7.798245e+04 -2.552867e+03 -2.514248e+03 -2.372916e+04 3.772640e+03 -9.302951e+01 -1.868272e+04 -3.137803e+03 -2.466298e+03 2.381448e+04 -6.008928e+04 -1.762459e+03 1.859734e+04 -3.094469e+03 2.589929e+03 1.211300e+02 -3.064354e+03 2.713828e+04 -6.845599e+04 -1.870835e+03 -2.129044e+04 3.769610e+03 -3.419347e+03 -1.057938e+02 -6.845142e+04 2.378029e+03 2.010712e+03 2.082339e+04 2.842839e+03 -1.118876e+02 -1.632011e+04 -2.566754e+03
9.595960e-03 7.345054e+04 -2.464906e+03 -2.474170e+03 -2.276308e+04 3.610605e+03 -1.799088e+01 -1.812094e+04 -3.075278e+03 -2.428872e+03 2.284517e+04 -5.659922e+04 -1.701961e+03 1.803885e+04 -3.034460e+03 2.479087e+03 6.248107e+01 -3.016160e+03 2.603357e+04 -6.447885e+04 -1.802277e+03 -2.065015e+04 3.695576e+03 -3.277840e+03 -3.962434e+01 -6.447455e+04 2.300449e+03 1.979811e+03 1.997575e+04 2.715837e+03 -4.532422e+01 -1.583012e+04 -2.516226e+03
9.797980e-03 6.926746e+04 -2.381358e+03 -2.435262e+03 -2.185619e+04 3.459374e+03 4.994210e+01 -1.757868e+04 -3.015427e+03 -2.392413e+03 2.193524e+04 -5.337776e+04 -1.644504e+03 1.749968e+04 -2.976927e+03 2.375632e+03 9.325870e+00 -2.969365e+03 2.499654e+04 -6.080781e+04 -1.737154e+03 -2.003211e+04 3.624657e+03 -3.145782e+03 2.031332e+01 -6.080377e+04 2.226772e+03 1.949709e+03 1.918004e+04 2.597286e+03 1.497514e+01 -1.535709e+04 -2.467820e+03
1.000000e-02 6.540002e+04 -2.301949e+03 -2.397480e+03 -2.100360e+04 3.317982e+03 1.114898e+02 -1.705566e+04 -2.958068e+03 -2.356894e+03 2.107979e+04 -5.039933e+04 -1.589900e+03 1.697956e+04 -2.921710e+03 2.278903e+03 -3.889104e+01 -2.923916e+03 2.402159e+04 -5.741374e+04 -1.675254e+03 -1.943599e+04 3.556646e+03 -3.022326e+03 7.465019e+01 -5.740993e+04 2.156755e+03 1.920384e+03 1.843198e+04 2.486429e+03 6.964468e+01 -1.490078e+04 -2.421395e+03
