-1.000000e-02 -1.123935e+05 -2.018819e+03 3.563262e+03 -5.188304e+04 3.797197e+03 -1.955368e+04 -4.622458e+04 4.224983e+03 3.484086e+03 5.198939e+04 8.661409e+04 -1.405546e+03 4.611869e+04 4.150529e+03 2.611445e+03 1.497385e+04 4.313327e+03 5.923051e+04 9.866727e+04 -1.394028e+03 -5.266150e+04 -5.064159e+03 -3.486275e+03 -1.711472e+04 9.866389e+04 1.979496e+03 -2.862625e+03 4.554095e+04 2.822017e+03 -1.710967e+04 -4.048238e+04 3.450600e+03
-9.797980e-03 -1.232258e+05 -2.108231e+03 3.685466e+03 -5.631801e+04 4.057660e+03 -2.132095e+04 -4.996394e+04 4.391331e+03 3.598802e+03 5.643215e+04 9.495893e+04 -1.468292e+03 4.985024e+04 4.309663e+03 2.790355e+03 1.632956e+04 4.459136e+03 6.429246e+04 1.081750e+05 -1.460096e+03 -5.692190e+04 -5.260555e+03 -3.716199e+03 -1.866284e+04 1.081713e+05 2.063406e+03 -2.958244e+03 4.943340e+04 3.024547e+03 -1.865724e+04 -4.375754e+04 3.585001e+03
-9.595960e-03 -1.356663e+05 -2.203712e+03 3.818593e+03 -6.139196e+04 4.350876e+03 -2.334663e+04 -5.422242e+04 4.574554e+03 3.723310e+03 6.151491e+04 1.045427e+05 -1.535422e+03 5.409987e+04 4.484574e+03 2.991775e+03 1.788361e+04 4.617842e+03 7.008363e+04 1.190943e+05 -1.530479e+03 -6.177376e+04 -5.476648e+03 -3.974983e+03 -2.043741e+04 1.190901e+05 2.153324e+03 -3.062110e+03 5.388665e+04 3.252611e+03 -2.043116e+04 -4.748742e+04 3.732890e+03
-9.393939e-03 -1.500548e+05 -2.305704e+03 3.964409e+03 -6.723948e+04 4.683250e+03 -2.568501e+04 -5.910660e+04 4.777625e+03 3.859126e+03 6.737246e+04 1.156268e+05 -1.607288e+03 5.897397e+04 4.677997e+03 3.220105e+03 1.967765e+04 4.791504e+03 7.675761e+04 1.317232e+05 -1.605444e+03 -6.733852e+04 -5.715879e+03 -4.268260e+03 -2.248597e+04 1.317186e+05 2.249771e+03 -3.175516e+03 5.901881e+04 3.511211e+03 -2.247897e+04 -5.176537e+04 3.896625e+03
-9.191919e-03 -1.668282e+05 -2.414632e+03 4.125122e+03 -7.403398e+04 5.062976e+03 -2.840589e+04 -6.475321e+04 5.004304e+03 4.008138e+03 7.417846e+04 1.285482e+05 -1.684242e+03 6.460900e+04 4.893379e+03 3.480978e+03 2.176528e+04 4.982696e+03 8.451226e+04 1.464454e+05 -1.685225e+03 -7.377199e+04 -5.982595e+03 -4.603239e+03 -2.486971e+04 1.464403e+05 2.353289e+03 -3.300075e+03 6.498209e+04 3.806748e+03 -2.486182e+04 -5.671118e+04 4.079186e+03
-8.989899e-03 -1.865580e+05 -2.530865e+03 4.303549e+03 -8.200245e+04 5.500721e+03 -3.160051e+04 -7.134045e+04 5.259429e+03 4.172739e+03 8.216026e+04 1.437468e+05 -1.766623e+03 7.118281e+04 5.135147e+03 3.781727e+03 2.421654e+04 5.194694e+03 9.360664e+04 1.637624e+05 -1.769984e+03 -8.127718e+04 -6.282380e+03 -4.989300e+03 -2.766859e+04 1.637565e+05 2.464425e+03 -3.437837e+03 7.197570e+04 4.147558e+03 -2.765963e+04 -6.248094e+04 4.284401e+03
-8.787879e-03 -2.100050e+05 -2.654648e+03 4.503355e+03 -9.144766e+04 6.010650e+03 -3.539030e+04 -7.910479e+04 5.549349e+03 4.356023e+03 9.162105e+04 1.618086e+05 -1.854707e+03 7.893143e+04 5.409097e+03 4.132088e+03 2.712463e+04 5.431752e+03 1.043862e+05 1.843418e+05 -1.859742e+03 -9.012352e+04 -6.622556e+03 -5.438899e+03 -3.098900e+04 1.843351e+05 2.583687e+03 -3.591457e+03 8.026535e+04 4.544710e+03 -3.097877e+04 -6.928179e+04 4.517291e+03
-8.585859e-03 -2.382038e+05 -2.785969e+03 4.729432e+03 -1.027822e+05 6.612016e+03 -3.994037e+04 -8.836680e+04 5.882598e+03 4.562092e+03 1.029740e+05 1.835308e+05 -1.948642e+03 8.817481e+04 5.722994e+03 4.545291e+03 3.061630e+04 5.699534e+03 1.173218e+05 2.090918e+05 -1.954266e+03 -1.006763e+05 -7.012950e+03 -5.968958e+03 -3.497565e+04 2.090842e+05 2.711469e+03 -3.764464e+03 9.021314e+04 5.013256e+03 -3.496388e+04 -7.739455e+04 4.784594e+03
-8.383838e-03 -2.725983e+05 -2.924342e+03 4.988500e+03 -1.165830e+05 7.331720e+03 -4.548102e+04 -9.957217e+04 6.270967e+03 4.796549e+03 1.167970e+05 2.100253e+05 -2.048308e+03 9.935778e+04 6.087547e+03 5.039826e+03 3.486836e+04 6.005810e+03 1.330717e+05 2.392796e+05 -2.052859e+03 -1.134433e+05 -7.467126e+03 -6.603120e+03 -3.983036e+04 2.392708e+05 2.847904e+03 -3.961692e+03 1.023255e+05 5.574227e+03 -3.981668e+04 -8.720963e+04 5.095610e+03
-8.181818e-03 -3.152659e+05 -3.068379e+03 5.290139e+03 -1.336827e+05 8.208643e+03 -5.234362e+04 -1.133599e+05 6.731323e+03 5.067333e+03 1.339238e+05 2.428926e+05 -2.153069e+03 1.131181e+05 6.518028e+03 5.642412e+03 4.013519e+04 6.361624e+03 1.525861e+05 2.767285e+05 -2.153978e+03 -1.291525e+05 -8.004457e+03 -7.375549e+03 -4.584354e+04 2.767182e+05 2.992592e+03 -4.190006e+03 1.173330e+05 6.258030e+03 -4.582746e+04 -9.928676e+04 5.463624e+03
-7.979798e-03 -3.693135e+05 -3.214968e+03 5.648628e+03 -1.553304e+05 9.301392e+03 -6.102368e+04 -1.306816e+05 7.288838e+03 5.386214e+03 1.556052e+05 2.845255e+05 -2.261264e+03 1.304056e+05 7.037175e+03 6.393318e+03 4.679717e+04 6.783408e+03 1.772901e+05 3.241654e+05 -2.254502e+03 -1.488883e+05 -8.653826e+03 -8.337729e+03 -5.344944e+04 3.241531e+05 3.144035e+03 -4.459613e+03 1.363319e+05 7.110500e+03 -5.343025e+04 -1.144596e+05 5.908442e+03
-7.777778e-03 -4.396232e+05 -3.357578e+03 6.086535e+03 -1.834963e+05 1.070319e+04 -7.229991e+04 -1.530263e+05 7.983202e+03 5.771708e+03 1.838144e+05 3.386848e+05 -2.369173e+03 1.527064e+05 7.680741e+03 7.356591e+03 5.545210e+04 7.297071e+03 2.094320e+05 3.858750e+05 -2.348220e+03 -1.743473e+05 -9.460712e+03 -9.571536e+03 -6.333051e+04 3.858601e+05 3.298474e+03 -4.786612e+03 1.610515e+05 8.204550e+03 -6.330719e+04 -1.340325e+05 6.461250e+03
-7.575758e-03 -5.343940e+05 -3.482442e+03 6.642370e+03 -2.215046e+05 1.257333e+04 -8.748048e+04 -1.828825e+05 8.881720e+03 6.255303e+03 2.218802e+05 4.116858e+05 -2.468649e+03 1.825040e+05 8.509216e+03 8.641660e+03 6.710423e+04 7.946738e+03 2.528050e+05 4.690536e+05 -2.422462e+03 -2.083646e+05 -1.050216e+04 -1.121686e+04 -7.663319e+04 4.690351e+05 3.447220e+03 -5.198449e+03 1.944092e+05 9.664788e+03 -7.660416e+04 -1.601852e+05 7.174875e+03
-7.373737e-03 -6.687622e+05 -3.558889e+03 7.389295e+03 -2.755259e+05 1.521296e+04 -1.089814e+05 -2.248183e+05 1.011087e+04 6.896696e+03 2.759821e+05 5.151877e+05 -2.541092e+03 2.243578e+05 9.636003e+03 1.045534e+04 8.360828e+04 8.816076e+03 3.144498e+05 5.869857e+05 -2.449582e+03 -2.561451e+05 -1.192278e+04 -1.353809e+04 -9.547490e+04 5.869619e+05 3.569815e+03 -5.747280e+03 2.418203e+05 1.172676e+04 -9.543751e+04 -1.969191e+05 8.148468e+03
-7.171717e-03 -8.750794e+05 -3.509885e+03 8.490649e+03 -3.588359e+05 1.928614e+04 -1.419708e+05 -2.885357e+05 1.194847e+04 7.829131e+03 3.594145e+05 6.741104e+05 -2.538993e+03 2.879502e+05 1.130972e+04 1.325358e+04 1.089314e+05 1.009159e+04 4.095148e+05 7.680658e+05 -2.361088e+03 -3.287430e+05 -1.403998e+04 -1.711819e+04 -1.243848e+05 7.680335e+05 3.613032e+03 -6.549743e+03 3.149361e+05 1.490984e+04 -1.243339e+05 -2.527326e+05 9.599610e+03
-6.969697e-03 -1.243225e+06 -3.088721e+03 1.042855e+04 -5.086103e+05 2.671284e+04 -2.008217e+05 -4.007899e+05 1.519693e+04 9.446562e+03 5.094061e+05 9.576864e+05 -2.308326e+03 3.999823e+05 1.424720e+04 1.835429e+04 1.541069e+05 1.232311e+04 5.804191e+05 1.091180e+06 -1.939481e+03 -4.566423e+05 -1.776985e+04 -2.364246e+04 -1.759593e+05 1.091131e+06 3.402408e+03 -7.951202e+03 4.463833e+05 2.071543e+04 -1.758830e+05 -3.510605e+05 1.215614e+04
-6.767677e-03 -2.259953e+06 -7.706439e+02 1.603787e+04 -9.281574e+05 4.843957e+04 -3.634982e+05 -7.052103e+05 2.444336e+04 1.407459e+04 9.295551e+05 1.740856e+06 -8.882277e+02 7.037857e+05 2.254153e+04 3.326861e+04 2.789796e+05 1.874127e+04 1.059148e+06 1.983544e+06 1.532285e+02 -8.034883e+05 -2.834723e+04 -4.271871e+04 -3.185249e+05 1.983446e+06 1.843269e+03 -1.199227e+04 8.145922e+05 3.770121e+04 -3.183706e+05 -6.177033e+05 1.940462e+04
-6.565657e-03 -2.077270e+07 5.601831e+04 1.223250e+05 -8.643551e+06 4.589066e+05 -3.326345e+06 -6.174855e+06 1.958591e+05 1.013529e+05 8.655128e+06 1.599912e+07 3.491838e+04 6.162858e+06 1.754805e+05 3.148658e+05 2.553510e+06 1.398882e+05 9.861876e+06 1.822980e+07 4.999988e+04 -7.036193e+06 -2.239515e+05 -4.029406e+05 -2.915393e+06 1.823086e+07 -3.893712e+04 -8.856069e+04 7.585883e+06 3.585758e+05 -2.913453e+06 -5.408430e+06 1.534285e+05
-6.363636e-03 3.510309e+06 -2.006832e+04 -1.624403e+04 1.482844e+06 -8.008756e+04 5.599436e+05 9.916865e+05 -2.849101e+04 -1.221044e+04 -1.484852e+06 -2.703882e+06 -1.312006e+04 -9.896081e+05 -2.457174e+04 -5.492430e+04 -4.298668e+05 -1.797028e+04 -1.691896e+06 -3.080918e+06 -1.660019e+04 1.129892e+06 3.198490e+04 7.006871e+04 4.907752e+05 -3.080725e+06 1.595942e+04 1.113101e+04 -1.301381e+06 -6.280119e+04 4.904498e+05 8.685611e+05 -2.193747e+04
-6.161616e-03 1.830632e+06 -1.591440e+04 -6.374744e+03 7.859490e+05 -4.294106e+04 2.908561e+05 4.909170e+05 -1.256863e+04 -4.037028e+03 -7.869542e+05 -1.410050e+06 -1.055766e+04 -4.898663e+05 -1.029409e+04 -2.943095e+04 -2.233174e+05 -6.679909e+03 -8.966948e+05 -1.606694e+06 -1.285366e+04 5.593331e+05 1.377167e+04 3.745312e+04 2.549539e+05 -1.606579e+06 1.314184e+04 3.992521e+03 -6.897614e+05 -3.376771e+04 2.547635e+05 4.299468e+05 -9.459309e+03
-5.959596e-03 1.917581e+06 -1.643381e+04 -4.647877e+03 8.126075e+05 -4.091333e+04 3.035291e+05 5.193031e+05 -1.097171e+04 -2.406150e+03 -8.136211e+05 -1.476995e+06 -1.091249e+04 -5.182409e+05 -8.787811e+03 -2.805428e+04 -2.330708e+05 -4.655384e+03 -9.270869e+05 -1.682987e+06 -1.317541e+04 5.916828e+05 1.189308e+04 3.565682e+04 2.660686e+05 -1.682876e+06 1.368035e+04 2.605042e+03 -7.131525e+05 -3.221572e+04 2.658843e+05 4.548448e+05 -8.182562e+03
-5.757576e-03 3.874402e+06 -1.868878e+04 -5.424407e+03 1.556490e+06 -6.149391e+04 6.110876e+05 1.139014e+06 -1.793483e+04 -2.346060e+03 -1.558473e+06 -2.984163e+06 -1.221249e+04 -1.136958e+06 -1.493235e+04 -4.227485e+04 -4.692716e+05 -5.466041e+03 -1.775817e+06 -3.400347e+06 -1.497724e+04 1.297802e+06 1.976450e+04 5.369707e+04 5.356327e+05 -3.400196e+06 1.533838e+04 2.609424e+03 -1.365989e+06 -4.844091e+04 5.353771e+05 9.978488e+05 -1.362422e+04
-5.555556e-03 7.611638e+07 -3.210264e+04 -2.767744e+04 2.854581e+07 -7.328741e+05 1.196344e+07 2.450901e+07 -2.676064e+05 1.095996e+03 -2.858324e+07 -5.862492e+07 -1.276686e+04 -2.447085e+07 -2.395082e+05 -5.070981e+05 -9.187903e+06 -3.071981e+04 -3.256944e+07 -6.680073e+07 -2.649206e+04 2.792689e+07 3.045275e+05 6.428768e+05 1.048550e+07 -6.680041e+07 1.621307e+04 -3.323290e+02 -2.505207e+07 -5.781178e+05 1.048295e+07 2.147594e+07 -2.105333e+05
-5.353535e-03 -5.641453e+06 -2.467244e+04 -4.071662e+03 -1.942977e+06 1.588849e+04 -8.837055e+05 -1.994500e+06 1.337897e+04 -3.740493e+03 1.945703e+06 4.345067e+06 -1.740546e+04 1.991784e+06 1.370319e+04 1.143590e+04 6.787307e+05 -3.663366e+03 2.217043e+06 4.951006e+06 -1.960814e+04 -2.272649e+06 -1.622135e+04 -1.429596e+04 -7.744521e+05 4.951013e+06 2.187768e+04 4.034494e+03 1.705180e+06 1.267908e+04 -7.744815e+05 -1.748011e+06 1.127536e+04
-5.151515e-03 3.243656e+06 -2.850386e+04 5.030554e+03 1.308854e+06 -4.123344e+04 5.062912e+05 9.227758e+05 -4.617706e+03 7.556048e+03 -1.310302e+06 -2.498209e+06 -1.902598e+04 -9.212488e+05 -2.145554e+03 -2.837250e+04 -3.889163e+05 7.025168e+03 -1.493074e+06 -2.846696e+06 -2.223539e+04 1.051446e+06 4.000387e+03 3.573315e+04 4.438472e+05 -2.846574e+06 2.445839e+04 -5.635367e+03 -1.148633e+06 -3.278246e+04 4.436312e+05 8.085109e+05 -2.854826e+03
-4.949495e-03 1.665251e+08 5.291860e+04 4.456498e+05 5.812963e+07 -2.522100e+05 2.591087e+07 5.707513e+07 -4.073728e+04 4.526951e+05 -5.820291e+07 -1.282539e+08 5.282774e+04 -5.700166e+07 -3.383539e+04 -1.882879e+05 -1.990522e+07 5.137974e+05 -6.632066e+07 -1.461419e+08 5.949951e+04 6.503569e+07 4.060113e+04 2.192809e+05 2.271072e+07 -1.461421e+08 -4.713852e+04 -3.926701e+05 -5.101447e+07 -2.166046e+05 2.271004e+07 5.002448e+07 -3.417107e+04
-4.747475e-03 -5.702928e+06 -1.343376e+04 -2.050871e+04 -1.890590e+06 -1.689765e+04 -8.846106e+05 -2.069049e+06 -4.260649e+03 -1.945624e+04 1.892992e+06 4.392173e+06 -9.675296e+03 2.066685e+06 -3.227843e+03 -1.094225e+04 6.796350e+05 -2.318520e+04 2.157032e+06 5.004799e+06 -1.135977e+04 -2.357667e+06 4.679019e+03 1.477499e+04 -7.753332e+05 5.004846e+06 1.145394e+04 1.721642e+04 1.659165e+06 -1.252271e+04 -7.754254e+05 -1.813689e+06 -2.969126e+03
-4.545455e-03 1.030463e+06 -2.761942e+04 4.369403e+03 4.932413e+05 -2.191436e+04 1.592876e+05 2.011931e+05 1.578988e+03 6.039526e+03 -4.936155e+05 -7.936100e+05 -1.868154e+04 -2.007511e+05 3.219502e+03 -1.499054e+04 -1.224026e+05 6.125099e+03 -5.624896e+05 -9.043585e+05 -2.152919e+04 2.292371e+05 -2.929425e+03 1.886961e+04 1.397050e+05 -9.042717e+05 2.399626e+04 -4.417462e+03 -4.328461e+05 -1.744326e+04 1.395590e+05 1.761916e+05 1.955223e+03
-4.343434e-03 2.601586e+06 -4.220556e+04 1.346513e+04 1.084950e+06 -2.236103e+04 4.010534e+05 6.976274e+05 6.528075e+03 1.557963e+04 -1.085879e+06 -2.003579e+06 -2.847046e+04 -6.966056e+05 8.607192e+03 -1.542277e+04 -3.081993e+05 1.714340e+04 -1.237387e+06 -2.283142e+06 -3.263067e+04 7.949232e+05 -9.220185e+03 1.907137e+04 3.516668e+05 -2.283031e+06 3.684975e+04 -1.228620e+04 -9.521071e+05 -1.812575e+04 3.514807e+05 6.113433e+05 6.182514e+03
-4.141414e-03 2.135941e+06 -4.334465e+04 1.281167e+04 9.246380e+05 -1.960158e+04 3.283316e+05 5.394681e+05 7.278709e+03 1.481147e+04 -9.253435e+05 -1.644943e+06 -2.929643e+04 -5.386669e+05 9.247126e+03 -1.349710e+04 -2.523405e+05 1.636836e+04 -1.054464e+06 -1.874487e+06 -3.353608e+04 6.147063e+05 -1.004818e+04 1.668053e+04 2.879273e+05 -1.874380e+06 3.788516e+04 -1.163552e+04 -8.114150e+05 -1.590069e+04 2.877501e+05 4.727354e+05 6.765234e+03
-3.939394e-03 5.268757e+05 -2.313758e+04 3.653033e+03 2.904660e+05 -1.399728e+04 8.073181e+04 5.803627e+04 2.359910e+03 4.797320e+03 -2.906092e+05 -4.057525e+05 -1.569017e+04 -5.783399e+04 3.487550e+03 -9.556567e+03 -6.205975e+04 5.031237e+03 -3.311679e+05 -4.623956e+05 -1.800502e+04 6.611873e+04 -3.549847e+03 1.204430e+04 7.083348e+04 -4.623337e+05 2.017869e+04 -3.541098e+03 -2.548919e+05 -1.112881e+04 7.073127e+04 5.076400e+04 2.398006e+03
-3.737374e-03 -1.342797e+06 1.451438e+04 -9.906678e+03 -5.028881e+05 -7.322324e+03 -2.054001e+05 -4.591643e+05 -6.540906e+03 -1.011241e+04 5.032972e+05 1.034096e+06 9.775407e+03 4.587425e+05 -6.743408e+03 -4.885236e+03 1.578758e+05 -1.190112e+04 5.735290e+05 1.178387e+06 1.103465e+04 -5.232318e+05 8.065387e+03 6.607666e+03 -1.800863e+05 1.178374e+06 -1.284200e+04 8.402761e+03 4.413068e+05 -5.385162e+03 -1.800683e+05 -4.025717e+05 -5.447520e+03
-3.535354e-03 3.021190e+06 -8.740825e+04 2.491833e+04 1.406424e+06 -1.955599e+04 4.608316e+05 7.149865e+05 1.767977e+04 2.796411e+04 -1.407192e+06 -2.326602e+06 -5.923194e+04 -7.140321e+05 2.068631e+04 -1.349512e+04 -3.542681e+05 3.153641e+04 -1.603589e+06 -2.651329e+06 -6.758724e+04 8.147205e+05 -2.327390e+04 1.634548e+04 4.041894e+05 -2.651164e+06 7.661446e+04 -2.212105e+04 -1.234174e+06 -1.619311e+04 4.039138e+05 6.266235e+05 1.574745e+04
-3.333333e-03 -2.343366e+06 5.786598e+04 -2.063248e+04 -1.033306e+06 -1.935290e+03 -3.566814e+05 -6.678537e+05 -1.509676e+04 -2.214855e+04 1.033869e+06 1.804590e+06 3.920395e+04 6.671876e+05 -1.659422e+04 -1.174006e+03 2.742113e+05 -2.553126e+04 1.178170e+06 2.056452e+06 4.460046e+04 -7.610375e+05 1.921881e+04 2.220464e+03 -3.128085e+05 2.056364e+06 -5.085403e+04 1.788107e+04 9.067484e+05 -8.162532e+02 -3.126714e+05 -5.854954e+05 -1.301224e+04
-3.131313e-03 -1.149000e+06 2.902213e+04 -1.077238e+04 -5.083611e+05 -4.975031e+03 -1.745197e+05 -3.494578e+05 -8.108531e+03 -1.139075e+04 5.086131e+05 8.848183e+05 1.967014e+04 3.491597e+05 -8.719654e+03 -3.318740e+03 1.341756e+05 -1.323868e+04 5.796058e+05 1.008312e+06 2.235132e+04 -3.982225e+05 1.020241e+04 4.610764e+03 -1.530522e+05 1.008276e+06 -2.553184e+04 9.254254e+03 4.460950e+05 -3.537154e+03 -1.529960e+05 -3.064033e+05 -6.911905e+03
-2.929293e-03 -2.384182e+06 8.538372e+04 -2.403968e+04 -1.185125e+06 -3.151134e+02 -3.613177e+05 -6.089104e+05 -1.868986e+04 -2.613234e+04 1.185551e+06 1.835979e+06 5.793542e+04 6.083169e+05 -2.076050e+04 -9.034679e+01 2.778233e+05 -3.000938e+04 1.351048e+06 2.092262e+06 6.596767e+04 -6.938737e+05 2.391030e+04 8.806133e+02 -3.169282e+05 2.092141e+06 -7.497991e+04 2.091852e+04 1.039954e+06 5.004846e+02 -3.167363e+05 -5.338301e+05 -1.620902e+04
-2.727273e-03 -1.321014e+06 5.129264e+04 -1.401904e+04 -6.790826e+05 -3.323328e+03 -1.998179e+05 -3.496523e+05 -1.111162e+04 -1.513132e+04 6.792844e+05 1.017260e+06 3.481617e+04 3.493534e+05 -1.221291e+04 -2.197052e+03 1.536524e+05 -1.744737e+04 7.741138e+05 1.159263e+06 3.962909e+04 -3.984453e+05 1.413399e+04 3.244222e+03 -1.752729e+05 1.159199e+06 -4.505679e+04 1.214485e+04 5.958947e+05 -2.176114e+03 -1.751702e+05 -3.065723e+05 -9.585447e+03
-2.525253e-03 -8.272628e+05 3.453716e+04 -9.173630e+03 -4.404692e+05 -4.553533e+03 -1.249141e+05 -2.320479e+05 -7.384479e+03 -9.824337e+03 4.405738e+05 6.370366e+05 2.345021e+04 2.318807e+05 -8.029132e+03 -3.060829e+03 9.605905e+04 -1.137696e+04 5.020822e+05 7.259642e+05 2.668319e+04 -2.644330e+05 9.338761e+03 4.195867e+03 -1.095709e+05 7.259267e+05 -3.034707e+04 7.910389e+03 3.865089e+05 -3.288190e+03 -1.095106e+05 -2.034825e+05 -6.335501e+03
-2.323232e-03 -6.005004e+05 2.750667e+04 -6.927885e+03 -3.357445e+05 -4.970161e+03 -9.052605e+04 -1.772552e+05 -5.651268e+03 -7.382537e+03 3.358032e+05 4.624137e+05 1.868218e+04 1.771482e+05 -6.101937e+03 -3.356616e+03 6.961812e+04 -8.573904e+03 3.826872e+05 5.269663e+05 2.125527e+04 -2.019957e+05 7.120065e+03 4.504502e+03 -7.940811e+04 5.269400e+05 -2.417206e+04 5.955439e+03 2.946117e+05 -3.682158e+03 -7.936581e+04 -1.554513e+05 -4.831682e+03
-2.121212e-03 -4.612041e+05 2.345110e+04 -5.511357e+03 -2.739285e+05 -5.147618e+03 -6.942268e+04 -1.437960e+05 -4.546699e+03 -5.851800e+03 2.739592e+05 3.551462e+05 1.593198e+04 1.437251e+05 -4.884330e+03 -3.484757e+03 5.339132e+04 -6.810899e+03 3.122108e+05 4.047257e+05 1.812603e+04 -1.638682e+05 5.712659e+03 4.626058e+03 -6.089769e+04 4.047060e+05 -2.060838e+04 4.726740e+03 2.403674e+05 -3.862307e+03 -6.086590e+04 -1.261205e+05 -3.877541e+03
-1.919192e-03 -3.645240e+05 2.078438e+04 -4.493397e+03 -2.328084e+05 -5.223477e+03 -5.479482e+04 -1.210538e+05 -3.742425e+03 -4.757630e+03 2.328203e+05 2.806967e+05 1.412365e+04 1.210069e+05 -4.004599e+03 -3.541316e+03 4.214323e+04 -5.546884e+03 2.653295e+05 3.198838e+05 1.606944e+04 -1.379528e+05 4.692164e+03 4.669520e+03 -4.806702e+04 3.198684e+05 -1.826414e+04 3.846647e+03 2.042839e+05 -3.949837e+03 -4.804226e+04 -1.061839e+05 -3.185510e+03
-1.717172e-03 -2.924674e+05 1.890302e+04 -3.704570e+03 -2.036549e+05 -5.249871e+03 -4.390904e+04 -1.046958e+05 -3.110372e+03 -3.913715e+03 2.036535e+05 2.252090e+05 1.284787e+04 1.046658e+05 -3.317975e+03 -3.562769e+03 3.377221e+04 -4.569276e+03 2.320915e+05 2.566504e+05 1.461913e+04 -1.193124e+05 3.893166e+03 4.676028e+03 -3.851850e+04 2.566382e+05 -1.660967e+04 3.166681e+03 1.787013e+05 -3.990915e+03 -3.849884e+04 -9.184376e+04 -2.643521e+03
-1.515152e-03 -2.360493e+05 1.751982e+04 -3.061357e+03 -1.822001e+05 -5.251055e+03 -3.539981e+04 -9.253762e+04 -2.587776e+03 -3.228415e+03 1.821890e+05 1.817643e+05 1.190986e+04 9.252001e+04 -2.753664e+03 -3.566128e+03 2.722839e+04 -3.773427e+03 2.076308e+05 2.071409e+05 1.355321e+04 -1.054578e+05 3.234691e+03 4.664618e+03 -3.105443e+04 2.071311e+05 -1.539287e+04 2.613719e+03 1.598745e+05 -4.007175e+03 -3.103868e+04 -8.118514e+04 -2.196722e+03
-1.313131e-03 -1.901557e+05 1.647872e+04 -2.516547e+03 -1.660735e+05 -5.239716e+03 -2.848973e+04 -8.333541e+04 -2.139276e+03 -2.650046e+03 1.660552e+05 1.464243e+05 1.120383e+04 8.332702e+04 -2.271884e+03 -3.560315e+03 2.191406e+04 -3.100261e+03 1.892450e+05 1.668674e+05 1.275116e+04 -9.497153e+04 2.671179e+03 4.645175e+03 -2.499294e+04 1.668595e+05 -1.447675e+04 2.146471e+03 1.457232e+05 -4.010031e+03 -2.498033e+04 -7.311781e+04 -1.814251e+03
-1.111111e-03 -1.516024e+05 1.568736e+04 -2.040788e+03 -1.538468e+05 -5.223004e+03 -2.269473e+04 -7.632448e+04 -1.742906e+03 -2.146558e+03 1.538230e+05 1.167369e+05 1.066713e+04 7.632302e+04 -1.848000e+03 -3.550372e+03 1.745707e+04 -2.513099e+03 1.753053e+05 1.330354e+05 1.214165e+04 -8.698232e+04 2.174374e+03 4.623218e+03 -1.990947e+04 1.330292e+05 -1.378021e+04 1.739300e+03 1.349941e+05 -4.005981e+03 -1.989946e+04 -6.697144e+04 -1.476969e+03
-9.090909e-04 -1.182663e+05 1.508778e+04 -1.614452e+03 -1.446114e+05 -5.205147e+03 -1.769211e+04 -7.101078e+04 -1.383958e+03 -1.696568e+03 1.445836e+05 9.106711e+04 1.026048e+04 7.101450e+04 -1.465569e+03 -3.539290e+03 1.360930e+04 -1.987442e+03 1.647762e+05 1.037819e+05 1.167994e+04 -8.092716e+04 1.725388e+03 4.601978e+03 -1.552098e+04 1.037770e+05 -1.325237e+04 1.375082e+03 1.268900e+05 -3.998914e+03 -1.551319e+04 -6.231297e+04 -1.172083e+03
-7.070707e-04 -8.864760e+04 1.464234e+04 -1.223574e+03 -1.377713e+05 -5.188724e+03 -1.325394e+04 -6.706587e+04 -1.051938e+03 -1.284903e+03 1.377405e+05 6.826000e+04 9.958358e+03 6.707339e+04 -1.112901e+03 -3.528900e+03 1.019552e+04 -1.505883e+03 1.569779e+05 7.779054e+04 1.133698e+04 -7.643177e+04 1.310772e+03 4.583403e+03 -1.162756e+04 7.778692e+04 -1.286016e+04 1.041653e+03 1.208877e+05 -3.991232e+03 -1.162173e+04 -5.885446e+04 -8.904830e+02
-5.050505e-04 -6.162785e+04 1.432627e+04 -8.576430e+02 -1.329306e+05 -5.175332e+03 -9.210319e+03 -6.426966e+04 -7.389122e+02 -9.001687e+02 1.328977e+05 4.745428e+04 9.743975e+03 6.427986e+04 -7.811901e+02 -3.520339e+03 7.085078e+03 -1.055332e+03 1.514591e+05 5.407996e+04 1.109366e+04 -7.324537e+04 9.203757e+02 4.568683e+03 -8.080177e+03 5.407745e+04 -1.258181e+04 7.298706e+02 1.166400e+05 -3.984440e+03 -8.076134e+03 -5.640300e+04 -6.252927e+02
-3.030303e-04 -3.632550e+04 1.412352e+04 -5.082799e+02 -1.298318e+05 -5.165944e+03 -5.427362e+03 -6.247777e+04 -4.385282e+02 -5.333041e+02 1.297976e+05 2.797109e+04 9.606446e+03 6.248967e+04 -4.634090e+02 -3.514303e+03 4.175060e+03 -6.253660e+02 1.479262e+05 3.187650e+04 1.093758e+04 -7.120343e+04 5.460879e+02 4.558535e+03 -4.761425e+03 3.187502e+04 -1.240324e+04 4.324559e+02 1.139208e+05 -3.979469e+03 -4.759044e+03 -5.483203e+04 -3.710170e+02
-1.010101e-04 -1.200240e+04 1.402441e+04 -1.683975e+02 -1.283191e+05 -5.161123e+03 -1.793020e+03 -6.160255e+04 -1.453891e+02 -1.766591e+02 1.282842e+05 9.241993e+03 9.539223e+03 6.161528e+04 -1.536037e+02 -3.511193e+03 1.379307e+03 -2.071772e+02 1.462016e+05 1.053239e+04 1.086130e+04 -7.020608e+04 1.810272e+02 4.553368e+03 -1.573020e+03 1.053190e+04 -1.231596e+04 1.432600e+02 1.125934e+05 -3.976859e+03 -1.572234e+03 -5.406471e+04 -1.229933e+02
1.010101e-04 1.200240e+04 1.402441e+04 1.683975e+02 -1.283191e+05 -5.161123e+03 1.793020e+03 -6.160255e+04 1.453891e+02 1.766591e+02 1.282842e+05 -9.241993e+03 9.539223e+03 6.161528e+04 1.536037e+02 -3.511193e+03 -1.379307e+03 2.071772e+02 1.462016e+05 -1.053239e+04 1.086130e+04 -7.020608e+04 -1.810272e+02 4.553368e+03 1.573020e+03 -1.053190e+04 -1.231596e+04 -1.432600e+02 1.125934e+05 -3.976859e+03 1.572234e+03 -5.406471e+04 1.229933e+02
3.030303e-04 3.632550e+04 1.412352e+04 5.082799e+02 -1.298318e+05 -5.165944e+03 5.427362e+03 -6.247777e+04 4.385282e+02 5.333041e+02 1.297976e+05 -2.797109e+04 9.606446e+03 6.248967e+04 4.634090e+02 -3.514303e+03 -4.175060e+03 6.253660e+02 1.479262e+05 -3.187650e+04 1.093758e+04 -7.120343e+04 -5.460879e+02 4.558535e+03 4.761425e+03 -3.187502e+04 -1.240324e+04 -4.324559e+02 1.139208e+05 -3.979469e+03 4.759044e+03 -5.483203e+04 3.710170e+02
5.050505e-04 6.162785e+04 1.432627e+04 8.576430e+02 -1.329306e+05 -5.175332e+03 9.210319e+03 -6.426966e+04 7.389122e+02 9.001687e+02 1.328977e+05 -4.745428e+04 9.743975e+03 6.427986e+04 7.811901e+02 -3.520339e+03 -7.085078e+03 1.055332e+03 1.514591e+05 -5.407996e+04 1.109366e+04 -7.324537e+04 -9.203757e+02 4.568683e+03 8.080177e+03 -5.407745e+04 -1.258181e+04 -7.298706e+02 1.166400e+05 -3.984440e+03 8.076134e+03 -5.640300e+04 6.252927e+02
7.070707e-04 8.864760e+04 1.464234e+04 1.223574e+03 -1.377713e+05 -5.188724e+03 1.325394e+04 -6.706587e+04 1.051938e+03 1.284903e+03 1.377405e+05 -6.826000e+04 9.958358e+03 6.707339e+04 1.112901e+03 -3.528900e+03 -1.019552e+04 1.505883e+03 1.569779e+05 -7.779054e+04 1.133698e+04 -7.643177e+04 -1.310772e+03 4.583403e+03 1.162756e+04 -7.778692e+04 -1.286016e+04 -1.041653e+03 1.208877e+05 -3.991232e+03 1.162173e+04 -5.885446e+04 8.904830e+02
9.090909e-04 1.182663e+05 1.508778e+04 1.614452e+03 -1.446114e+05 -5.205147e+03 1.769211e+04 -7.101078e+04 1.383958e+03 1.696568e+03 1.445836e+05 -9.106711e+04 1.026048e+04 7.101450e+04 1.465569e+03 -3.539290e+03 -1.360930e+04 1.987442e+03 1.647762e+05 -1.037819e+05 1.167994e+04 -8.092716e+04 -1.725388e+03 4.601978e+03 1.552098e+04 -1.037770e+05 -1.325237e+04 -1.375082e+03 1.268900e+05 -3.998914e+03 1.551319e+04 -6.231297e+04 1.172083e+03
1.111111e-03 1.516024e+05 1.568736e+04 2.040788e+03 -1.538468e+05 -5.223004e+03 2.269473e+04 -7.632448e+04 1.742906e+03 2.146558e+03 1.538230e+05 -1.167369e+05 1.066713e+04 7.632302e+04 1.848000e+03 -3.550372e+03 -1.745707e+04 2.513099e+03 1.753053e+05 -1.330354e+05 1.214165e+04 -8.698232e+04 -2.174374e+03 4.623218e+03 1.990947e+04 -1.330292e+05 -1.378021e+04 -1.739300e+03 1.349941e+05 -4.005981e+03 1.989946e+04 -6.697144e+04 1.476969e+03
1.313131e-03 1.901557e+05 1.647872e+04 2.516547e+03 -1.660735e+05 -5.239716e+03 2.848973e+04 -8.333541e+04 2.139276e+03 2.650046e+03 1.660552e+05 -1.464243e+05 1.120383e+04 8.332702e+04 2.271884e+03 -3.560315e+03 -2.191406e+04 3.100261e+03 1.892450e+05 -1.668674e+05 1.275116e+04 -9.497153e+04 -2.671179e+03 4.645175e+03 2.499294e+04 -1.668595e+05 -1.447675e+04 -2.146471e+03 1.457232e+05 -4.010031e+03 2.498033e+04 -7.311781e+04 1.814251e+03
1.515152e-03 2.360493e+05 1.751982e+04 3.061357e+03 -1.822001e+05 -5.251055e+03 3.539981e+04 -9.253762e+04 2.587776e+03 3.228415e+03 1.821890e+05 -1.817643e+05 1.190986e+04 9.252001e+04 2.753664e+03 -3.566128e+03 -2.722839e+04 3.773427e+03 2.076308e+05 -2.071409e+05 1.355321e+04 -1.054578e+05 -3.234691e+03 4.664618e+03 3.105443e+04 -2.071311e+05 -1.539287e+04 -2.613719e+03 1.598745e+05 -4.007175e+03 3.103868e+04 -8.118514e+04 2.196722e+03
1.717172e-03 2.924674e+05 1.890302e+04 3.704570e+03 -2.036549e+05 -5.249871e+03 4.390904e+04 -1.046958e+05 3.110372e+03 3.913715e+03 2.036535e+05 -2.252090e+05 1.284787e+04 1.046658e+05 3.317975e+03 -3.562769e+03 -3.377221e+04 4.569276e+03 2.320915e+05 -2.566504e+05 1.461913e+04 -1.193124e+05 -3.893166e+03 4.676028e+03 3.851850e+04 -2.566382e+05 -1.660967e+04 -3.166681e+03 1.787013e+05 -3.990915e+03 3.849884e+04 -9.184376e+04 2.643521e+03
1.919192e-03 3.645240e+05 2.078438e+04 4.493397e+03 -2.328084e+05 -5.223477e+03 5.479482e+04 -1.210538e+05 3.742425e+03 4.757630e+03 2.328203e+05 -2.806967e+05 1.412365e+04 1.210069e+05 4.004599e+03 -3.541316e+03 -4.214323e+04 5.546884e+03 2.653295e+05 -3.198838e+05 1.606944e+04 -1.379528e+05 -4.692164e+03 4.669520e+03 4.806702e+04 -3.198684e+05 -1.826414e+04 -3.846647e+03 2.042839e+05 -3.949837e+03 4.804226e+04 -1.061839e+05 3.185510e+03
2.121212e-03 4.612041e+05 2.345110e+04 5.511357e+03 -2.739285e+05 -5.147618e+03 6.942268e+04 -1.437960e+05 4.546699e+03 5.851800e+03 2.739592e+05 -3.551462e+05 1.593198e+04 1.437251e+05 4.884330e+03 -3.484757e+03 -5.339132e+04 6.810899e+03 3.122108e+05 -4.047257e+05 1.812603e+04 -1.638682e+05 -5.712659e+03 4.626058e+03 6.089769e+04 -4.047060e+05 -2.060838e+04 -4.726740e+03 2.403674e+05 -3.862307e+03 6.086590e+04 -1.261205e+05 3.877541e+03
2.323232e-03 6.005004e+05 2.750667e+04 6.927885e+03 -3.357445e+05 -4.970161e+03 9.052605e+04 -1.772552e+05 5.651268e+03 7.382537e+03 3.358032e+05 -4.624137e+05 1.868218e+04 1.771482e+05 6.101937e+03 -3.356616e+03 -6.961812e+04 8.573904e+03 3.826872e+05 -5.269663e+05 2.125527e+04 -2.019957e+05 -7.120065e+03 4.504502e+03 7.940811e+04 -5.269400e+05 -2.417206e+04 -5.955439e+03 2.946117e+05 -3.682158e+03 7.936581e+04 -1.554513e+05 4.831682e+03
2.525253e-03 8.272628e+05 3.453716e+04 9.173630e+03 -4.404692e+05 -4.553533e+03 1.249141e+05 -2.320479e+05 7.384479e+03 9.824337e+03 4.405738e+05 -6.370366e+05 2.345021e+04 2.318807e+05 8.029132e+03 -3.060829e+03 -9.605905e+04 1.137696e+04 5.020822e+05 -7.259642e+05 2.668319e+04 -2.644330e+05 -9.338761e+03 4.195867e+03 1.095709e+05 -7.259267e+05 -3.034707e+04 -7.910389e+03 3.865089e+05 -3.288190e+03 1.095106e+05 -2.034825e+05 6.335501e+03
2.727273e-03 1.321014e+06 5.129264e+04 1.401904e+04 -6.790826e+05 -3.323328e+03 1.998179e+05 -3.496523e+05 1.111162e+04 1.513132e+04 6.792844e+05 -1.017260e+06 3.481617e+04 3.493534e+05 1.221291e+04 -2.197052e+03 -1.536524e+05 1.744737e+04 7.741138e+05 -1.159263e+06 3.962909e+04 -3.984453e+05 -1.413399e+04 3.244222e+03 1.752729e+05 -1.159199e+06 -4.505679e+04 -1.214485e+04 5.958947e+05 -2.176114e+03 1.751702e+05 -3.065723e+05 9.585447e+03
2.929293e-03 2.384182e+06 8.538372e+04 2.403968e+04 -1.185125e+06 -3.151134e+02 3.613177e+05 -6.089104e+05 1.868986e+04 2.613234e+04 1.185551e+06 -1.835979e+06 5.793542e+04 6.083169e+05 2.076050e+04 -9.034679e+01 -2.778233e+05 3.000938e+04 1.351048e+06 -2.092262e+06 6.596767e+04 -6.938737e+05 -2.391030e+04 8.806133e+02 3.169282e+05 -2.092141e+06 -7.497991e+04 -2.091852e+04 1.039954e+06 5.004846e+02 3.167363e+05 -5.338301e+05 1.620902e+04
3.131313e-03 1.149000e+06 2.902213e+04 1.077238e+04 -5.083611e+05 -4.975031e+03 1.745197e+05 -3.494578e+05 8.108531e+03 1.139075e+04 5.086131e+05 -8.848183e+05 1.967014e+04 3.491597e+05 8.719654e+03 -3.318740e+03 -1.341756e+05 1.323868e+04 5.796058e+05 -1.008312e+06 2.235132e+04 -3.982225e+05 -1.020241e+04 4.610764e+03 1.530522e+05 -1.008276e+06 -2.553184e+04 -9.254254e+03 4.460950e+05 -3.537154e+03 1.529960e+05 -3.064033e+05 6.911905e+03
3.333333e-03 2.343366e+06 5.786598e+04 2.063248e+04 -1.033306e+06 -1.935290e+03 3.566814e+05 -6.678537e+05 1.509676e+04 2.214855e+04 1.033869e+06 -1.804590e+06 3.920395e+04 6.671876e+05 1.659422e+04 -1.174006e+03 -2.742113e+05 2.553126e+04 1.178170e+06 -2.056452e+06 4.460046e+04 -7.610375e+05 -1.921881e+04 2.220464e+03 3.128085e+05 -2.056364e+06 -5.085403e+04 -1.788107e+04 9.067484e+05 -8.162532e+02 3.126714e+05 -5.854954e+05 1.301224e+04
3.535354e-03 -3.021190e+06 -8.740825e+04 -2.491833e+04 1.406424e+06 -1.955599e+04 -4.608316e+05 7.149865e+05 -1.767977e+04 -2.796411e+04 -1.407192e+06 2.326602e+06 -5.923194e+04 -7.140321e+05 -2.068631e+04 -1.349512e+04 3.542681e+05 -3.153641e+04 -1.603589e+06 2.651329e+06 -6.758724e+04 8.147205e+05 2.327390e+04 1.634548e+04 -4.041894e+05 2.651164e+06 7.661446e+04 2.212105e+04 -1.234174e+06 -1.619311e+04 -4.039138e+05 6.266235e+05 -1.574745e+04
3.737374e-03 1.342797e+06 1.451438e+04 9.906678e+03 -5.028881e+05 -7.322324e+03 2.054001e+05 -4.591643e+05 6.540906e+03 1.011241e+04 5.032972e+05 -1.034096e+06 9.775407e+03 4.587425e+05 6.743408e+03 -4.885236e+03 -1.578758e+05 1.190112e+04 5.735290e+05 -1.178387e+06 1.103465e+04 -5.232318e+05 -8.065387e+03 6.607666e+03 1.800863e+05 -1.178374e+06 -1.284200e+04 -8.402761e+03 4.413068e+05 -5.385162e+03 1.800683e+05 -4.025717e+05 5.447520e+03
3.939394e-03 -5.268757e+05 -2.313758e+04 -3.653033e+03 2.904660e+05 -1.399728e+04 -8.073181e+04 5.803627e+04 -2.359910e+03 -4.797320e+03 -2.906092e+05 4.057525e+05 -1.569017e+04 -5.783399e+04 -3.487550e+03 -9.556567e+03 6.205975e+04 -5.031237e+03 -3.311679e+05 4.623956e+05 -1.800502e+04 6.611873e+04 3.549847e+03 1.204430e+04 -7.083348e+04 4.623337e+05 2.017869e+04 3.541098e+03 -2.548919e+05 -1.112881e+04 -7.073127e+04 5.076400e+04 -2.398006e+03
4.141414e-03 -2.135941e+06 -4.334465e+04 -1.281167e+04 9.246380e+05 -1.960158e+04 -3.283316e+05 5.394681e+05 -7.278709e+03 -1.481147e+04 -9.253435e+05 1.644943e+06 -2.929643e+04 -5.386669e+05 -9.247126e+03 -1.349710e+04 2.523405e+05 -1.636836e+04 -1.054464e+06 1.874487e+06 -3.353608e+04 6.147063e+05 1.004818e+04 1.668053e+04 -2.879273e+05 1.874380e+06 3.788516e+04 1.163552e+04 -8.114150e+05 -1.590069e+04 -2.877501e+05 4.727354e+05 -6.765234e+03
4.343434e-03 -2.601586e+06 -4.220556e+04 -1.346513e+04 1.084950e+06 -2.236103e+04 -4.010534e+05 6.976274e+05 -6.528075e+03 -1.557963e+04 -1.085879e+06 2.003579e+06 -2.847046e+04 -6.966056e+05 -8.607192e+03 -1.542277e+04 3.081993e+05 -1.714340e+04 -1.237387e+06 2.283142e+06 -3.263067e+04 7.949232e+05 9.220185e+03 1.907137e+04 -3.516668e+05 2.283031e+06 3.684975e+04 1.228620e+04 -9.521071e+05 -1.812575e+04 -3.514807e+05 6.113433e+05 -6.182514e+03
4.545455e-03 -1.030463e+06 -2.761942e+04 -4.369403e+03 4.932413e+05 -2.191436e+04 -1.592876e+05 2.011931e+05 -1.578988e+03 -6.039526e+03 -4.936155e+05 7.936100e+05 -1.868154e+04 -2.007511e+05 -3.219502e+03 -1.499054e+04 1.224026e+05 -6.125099e+03 -5.624896e+05 9.043585e+05 -2.152919e+04 2.292371e+05 2.929425e+03 1.886961e+04 -1.397050e+05 9.042717e+05 2.399626e+04 4.417462e+03 -4.328461e+05 -1.744326e+04 -1.395590e+05 1.761916e+05 -1.955223e+03
4.747475e-03 5.702928e+06 -1.343376e+04 2.050871e+04 -1.890590e+06 -1.689765e+04 8.846106e+05 -2.069049e+06 4.260649e+03 1.945624e+04 1.892992e+06 -4.392173e+06 -9.675296e+03 2.066685e+06 3.227843e+03 -1.094225e+04 -6.796350e+05 2.318520e+04 2.157032e+06 -5.004799e+06 -1.135977e+04 -2.357667e+06 -4.679019e+03 1.477499e+04 7.753332e+05 -5.004846e+06 1.145394e+04 -1.721642e+04 1.659165e+06 -1.252271e+04 7.754254e+05 -1.813689e+06 2.969126e+03
4.949495e-03 -1.665251e+08 5.291860e+04 -4.456498e+05 5.812963e+07 -2.522100e+05 -2.591087e+07 5.707513e+07 4.073728e+04 -4.526951e+05 -5.820291e+07 1.282539e+08 5.282774e+04 -5.700166e+07 3.383539e+04 -1.882879e+05 1.990522e+07 -5.137974e+05 -6.632066e+07 1.461419e+08 5.949951e+04 6.503569e+07 -4.060113e+04 2.192809e+05 -2.271072e+07 1.461421e+08 -4.713852e+04 3.926701e+05 -5.101447e+07 -2.166046e+05 -2.271004e+07 5.002448e+07 3.417107e+04
5.151515e-03 -3.243656e+06 -2.850386e+04 -5.030554e+03 1.308854e+06 -4.123344e+04 -5.062912e+05 9.227758e+05 4.617706e+03 -7.556048e+03 -1.310302e+06 2.498209e+06 -1.902598e+04 -9.212488e+05 2.145554e+03 -2.837250e+04 3.889163e+05 -7.025168e+03 -1.493074e+06 2.846696e+06 -2.223539e+04 1.051446e+06 -4.000387e+03 3.573315e+04 -4.438472e+05 2.846574e+06 2.445839e+04 5.635367e+03 -1.148633e+06 -3.278246e+04 -4.436312e+05 8.085109e+05 2.854826e+03
5.353535e-03 5.641453e+06 -2.467244e+04 4.071662e+03 -1.942977e+06 1.588849e+04 8.837055e+05 -1.994500e+06 -1.337897e+04 3.740493e+03 1.945703e+06 -4.345067e+06 -1.740546e+04 1.991784e+06 -1.370319e+04 1.143590e+04 -6.787307e+05 3.663366e+03 2.217043e+06 -4.951006e+06 -1.960814e+04 -2.272649e+06 1.622135e+04 -1.429596e+04 7.744521e+05 -4.951013e+06 2.187768e+04 -4.034494e+03 1.705180e+06 1.267908e+04 7.744815e+05 -1.748011e+06 -1.127536e+04
5.555556e-03 -7.611637e+07 -3.210264e+04 2.767744e+04 2.854581e+07 -7.328740e+05 -1.196344e+07 2.450901e+07 2.676063e+05 -1.095996e+03 -2.858323e+07 5.862491e+07 -1.276686e+04 -2.447085e+07 2.395082e+05 -5.070981e+05 9.187902e+06 3.071981e+04 -3.256944e+07 6.680072e+07 -2.649206e+04 2.792689e+07 -3.045274e+05 6.428768e+05 -1.048550e+07 6.680040e+07 1.621307e+04 3.323292e+02 -2.505206e+07 -5.781178e+05 -1.048295e+07 2.147594e+07 2.105333e+05
5.757576e-03 -3.874402e+06 -1.868878e+04 5.424407e+03 1.556490e+06 -6.149391e+04 -6.110876e+05 1.139014e+06 1.793483e+04 2.346060e+03 -1.558473e+06 2.984163e+06 -1.221249e+04 -1.136958e+06 1.493235e+04 -4.227485e+04 4.692716e+05 5.466041e+03 -1.775817e+06 3.400347e+06 -1.497724e+04 1.297802e+06 -1.976450e+04 5.369707e+04 -5.356327e+05 3.400196e+06 1.533838e+04 -2.609424e+03 -1.365989e+06 -4.844091e+04 -5.353771e+05 9.978488e+05 1.362422e+04
5.959596e-03 -1.917581e+06 -1.643381e+04 4.647877e+03 8.126075e+05 -4.091333e+04 -3.035291e+05 5.193031e+05 1.097171e+04 2.406150e+03 -8.136211e+05 1.476995e+06 -1.091249e+04 -5.182409e+05 8.787811e+03 -2.805428e+04 2.330708e+05 4.655384e+03 -9.270869e+05 1.682987e+06 -1.317541e+04 5.916828e+05 -1.189308e+04 3.565682e+04 -2.660686e+05 1.682876e+06 1.368035e+04 -2.605042e+03 -7.131525e+05 -3.221572e+04 -2.658843e+05 4.548448e+05 8.182562e+03
6.161616e-03 -1.830632e+06 -1.591440e+04 6.374744e+03 7.859490e+05 -4.294106e+04 -2.908561e+05 4.909170e+05 1.256863e+04 4.037028e+03 -7.869542e+05 1.410050e+06 -1.055766e+04 -4.898663e+05 1.029409e+04 -2.943095e+04 2.233174e+05 6.679909e+03 -8.966948e+05 1.606694e+06 -1.285366e+04 5.593331e+05 -1.377167e+04 3.745312e+04 -2.549539e+05 1.606579e+06 1.314184e+04 -3.992521e+03 -6.897614e+05 -3.376771e+04 -2.547635e+05 4.299468e+05 9.459309e+03
6.363636e-03 -3.510309e+06 -2.006832e+04 1.624403e+04 1.482844e+06 -8.008756e+04 -5.599436e+05 9.916865e+05 2.849101e+04 1.221044e+04 -1.484852e+06 2.703882e+06 -1.312006e+04 -9.896081e+05 2.457174e+04 -5.492430e+04 4.298668e+05 1.797028e+04 -1.691896e+06 3.080918e+06 -1.660019e+04 1.129892e+06 -3.198490e+04 7.006871e+04 -4.907752e+05 3.080725e+06 1.595942e+04 -1.113101e+04 -1.301381e+06 -6.280119e+04 -4.904498e+05 8.685611e+05 2.193747e+04
6.565657e-03 2.077269e+07 5.601831e+04 -1.223250e+05 -8.643550e+06 4.589066e+05 3.326344e+06 -6.174854e+06 -1.958591e+05 -1.013529e+05 8.655127e+06 -1.599912e+07 3.491838e+04 6.162857e+06 -1.754805e+05 3.148658e+05 -2.553510e+06 -1.398882e+05 9.861875e+06 -1.822979e+07 4.999987e+04 -7.036193e+06 2.239515e+05 -4.029405e+05 2.915392e+06 -1.823085e+07 -3.893711e+04 8.856068e+04 7.585883e+06 3.585758e+05 2.913453e+06 -5.408429e+06 -1.534285e+05
6.767677e-03 2.259953e+06 -7.706439e+02 -1.603787e+04 -9.281574e+05 4.843957e+04 3.634982e+05 -7.052103e+05 -2.444336e+04 -1.407459e+04 9.295551e+05 -1.740856e+06 -8.882277e+02 7.037857e+05 -2.254153e+04 3.326861e+04 -2.789796e+05 -1.874127e+04 1.059148e+06 -1.983544e+06 1.532285e+02 -8.034883e+05 2.834723e+04 -4.271871e+04 3.185249e+05 -1.983446e+06 1.843269e+03 1.199227e+04 8.145922e+05 3.770121e+04 3.183706e+05 -6.177033e+05 -1.940462e+04
6.969697e-03 1.243225e+06 -3.088721e+03 -1.042855e+04 -5.086103e+05 2.671284e+04 2.008217e+05 -4.007899e+05 -1.519693e+04 -9.446562e+03 5.094061e+05 -9.576864e+05 -2.308326e+03 3.999823e+05 -1.424720e+04 1.835429e+04 -1.541069e+05 -1.232311e+04 5.804191e+05 -1.091180e+06 -1.939481e+03 -4.566423e+05 1.776985e+04 -2.364246e+04 1.759593e+05 -1.091131e+06 3.402408e+03 7.951202e+03 4.463833e+05 2.071543e+04 1.758830e+05 -3.510605e+05 -1.215614e+04
7.171717e-03 8.750794e+05 -3.509885e+03 -8.490649e+03 -3.588359e+05 1.928614e+04 1.419708e+05 -2.885357e+05 -1.194847e+04 -7.829131e+03 3.594145e+05 -6.741104e+05 -2.538993e+03 2.879502e+05 -1.130972e+04 1.325358e+04 -1.089314e+05 -1.009159e+04 4.095148e+05 -7.680658e+05 -2.361088e+03 -3.287430e+05 1.403998e+04 -1.711819e+04 1.243848e+05 -7.680335e+05 3.613032e+03 6.549743e+03 3.149361e+05 1.490984e+04 1.243339e+05 -2.527326e+05 -9.599610e+03
7.373737e-03 6.687622e+05 -3.558889e+03 -7.389295e+03 -2.755259e+05 1.521296e+04 1.089814e+05 -2.248183e+05 -1.011087e+04 -6.896696e+03 2.759821e+05 -5.151877e+05 -2.541092e+03 2.243578e+05 -9.636003e+03 1.045534e+04 -8.360828e+04 -8.816076e+03 3.144498e+05 -5.869857e+05 -2.449582e+03 -2.561451e+05 1.192278e+04 -1.353809e+04 9.547490e+04 -5.869619e+05 3.569815e+03 5.747280e+03 2.418203e+05 1.172676e+04 9.543751e+04 -1.969191e+05 -8.148468e+03
7.575758e-03 5.343940e+05 -3.482442e+03 -6.642370e+03 -2.215046e+05 1.257333e+04 8.748048e+04 -1.828825e+05 -8.881720e+03 -6.255303e+03 2.218802e+05 -4.116858e+05 -2.468649e+03 1.825040e+05 -8.509216e+03 8.641660e+03 -6.710423e+04 -7.946738e+03 2.528050e+05 -4.690536e+05 -2.422462e+03 -2.083646e+05 1.050216e+04 -1.121686e+04 7.663319e+04 -4.690351e+05 3.447220e+03 5.198449e+03 1.944092e+05 9.664788e+03 7.660416e+04 -1.601852e+05 -7.174875e+03
7.777778e-03 4.396232e+05 -3.357578e+03 -6.086535e+03 -1.834963e+05 1.070319e+04 7.229991e+04 -1.530263e+05 -7.983202e+03 -5.771708e+03 1.838144e+05 -3.386848e+05 -2.369173e+03 1.527064e+05 -7.680741e+03 7.356591e+03 -5.545210e+04 -7.297071e+03 2.094320e+05 -3.858750e+05 -2.348220e+03 -1.743473e+05 9.460712e+03 -9.571536e+03 6.333051e+04 -3.858601e+05 3.298474e+03 4.786612e+03 1.610515e+05 8.204550e+03 6.330719e+04 -1.340325e+05 -6.461250e+03
7.979798e-03 3.693135e+05 -3.214968e+03 -5.648628e+03 -1.553304e+05 9.301392e+03 6.102368e+04 -1.306816e+05 -7.288838e+03 -5.386214e+03 1.556052e+05 -2.845255e+05 -2.261264e+03 1.304056e+05 -7.037175e+03 6.393318e+03 -4.679717e+04 -6.783408e+03 1.772901e+05 -3.241654e+05 -2.254502e+03 -1.488883e+05 8.653826e+03 -8.337729e+03 5.344944e+04 -3.241531e+05 3.144035e+03 4.459613e+03 1.363319e+05 7.110500e+03 5.343025e+04 -1.144596e+05 -5.908442e+03
8.181818e-03 3.152659e+05 -3.068379e+03 -5.290139e+03 -1.336827e+05 8.208643e+03 5.234362e+04 -1.133599e+05 -6.731323e+03 -5.067333e+03 1.339238e+05 -2.428926e+05 -2.153069e+03 1.131181e+05 -6.518028e+03 5.642412e+03 -4.013519e+04 -6.361624e+03 1.525861e+05 -2.767285e+05 -2.153978e+03 -1.291525e+05 8.004457e+03 -7.375549e+03 4.584354e+04 -2.767182e+05 2.992592e+03 4.190006e+03 1.173330e+05 6.258030e+03 4.582746e+04 -9.928676e+04 -5.463624e+03
8.383838e-03 2.725983e+05 -2.924342e+03 -4.988500e+03 -1.165830e+05 7.331720e+03 4.548102e+04 -9.957217e+04 -6.270967e+03 -4.796549e+03 1.167970e+05 -2.100253e+05 -2.048308e+03 9.935778e+04 -6.087547e+03 5.039826e+03 -3.486836e+04 -6.005810e+03 1.330717e+05 -2.392796e+05 -2.052859e+03 -1.134433e+05 7.467126e+03 -6.603120e+03 3.983036e+04 -2.392708e+05 2.847904e+03 3.961692e+03 1.023255e+05 5.574227e+03 3.981668e+04 -8.720963e+04 -5.095610e+03
8.585859e-03 2.382038e+05 -2.785969e+03 -4.729432e+03 -1.027822e+05 6.612016e+03 3.994037e+04 -8.836680e+04 -5.882598e+03 -4.562092e+03 1.029740e+05 -1.835308e+05 -1.948642e+03 8.817481e+04 -5.722994e+03 4.545291e+03 -3.061630e+04 -5.699534e+03 1.173218e+05 -2.090918e+05 -1.954266e+03 -1.006763e+05 7.012950e+03 -5.968958e+03 3.497565e+04 -2.090842e+05 2.711469e+03 3.764464e+03 9.021314e+04 5.013256e+03 3.496388e+04 -7.739455e+04 -4.784594e+03
8.787879e-03 2.100050e+05 -2.654648e+03 -4.503355e+03 -9.144766e+04 6.010650e+03 3.539030e+04 -7.910479e+04 -5.549349e+03 -4.356023e+03 9.162105e+04 -1.618086e+05 -1.854707e+03 7.893143e+04 -5.409097e+03 4.132088e+03 -2.712463e+04 -5.431752e+03 1.043862e+05 -1.843418e+05 -1.859742e+03 -9.012352e+04 6.622556e+03 -5.438899e+03 3.098900e+04 -1.843351e+05 2.583687e+03 3.591457e+03 8.026535e+04 4.544710e+03 3.097877e+04 -6.928179e+04 -4.517291e+03
8.989899e-03 1.865580e+05 -2.530865e+03 -4.303549e+03 -8.200245e+04 5.500721e+03 3.160051e+04 -7.134045e+04 -5.259429e+03 -4.172739e+03 8.216026e+04 -1.437468e+05 -1.766623e+03 7.118281e+04 -5.135147e+03 3.781727e+03 -2.421654e+04 -5.194694e+03 9.360664e+04 -1.637624e+05 -1.769984e+03 -8.127718e+04 6.282380e+03 -4.989300e+03 2.766859e+04 -1.637565e+05 2.464425e+03 3.437837e+03 7.197570e+04 4.147558e+03 2.765963e+04 -6.248094e+04 -4.284401e+03
9.191919e-03 1.668282e+05 -2.414632e+03 -4.125122e+03 -7.403398e+04 5.062976e+03 2.840589e+04 -6.475321e+04 -5.004304e+03 -4.008138e+03 7.417846e+04 -1.285482e+05 -1.684242e+03 6.460900e+04 -4.893379e+03 3.480978e+03 -2.176528e+04 -4.982696e+03 8.451226e+04 -1.464454e+05 -1.685225e+03 -7.377199e+04 5.982595e+03 -4.603239e+03 2.486971e+04 -1.464403e+05 2.353289e+03 3.300075e+03 6.498209e+04 3.806748e+03 2.486182e+04 -5.671118e+04 -4.079186e+03
9.393939e-03 1.500548e+05 -2.305704e+03 -3.964409e+03 -6.723948e+04 4.683250e+03 2.568501e+04 -5.910660e+04 -4.777625e+03 -3.859126e+03 6.737246e+04 -1.156268e+05 -1.607288e+03 5.897397e+04 -4.677997e+03 3.220105e+03 -1.967765e+04 -4.791504e+03 7.675761e+04 -1.317232e+05 -1.605444e+03 -6.733852e+04 5.715879e+03 -4.268260e+03 2.248597e+04 -1.317186e+05 2.249771e+03 3.175516e+03 5.901881e+04 3.511211e+03 2.247897e+04 -5.176537e+04 -3.896625e+03
9.595960e-03 1.356663e+05 -2.203712e+03 -3.818593e+03 -6.139196e+04 4.350876e+03 2.334663e+04 -5.422242e+04 -4.574554e+03 -3.723310e+03 6.151491e+04 -1.045427e+05 -1.535422e+03 5.409987e+04 -4.484574e+03 2.991775e+03 -1.788361e+04 -4.617842e+03 7.008363e+04 -1.190943e+05 -1.530479e+03 -6.177376e+04 5.476648e+03 -3.974983e+03 2.043741e+04 -1.190901e+05 2.153324e+03 3.062110e+03 5.388665e+04 3.252611e+03 2.043116e+04 -4.748742e+04 -3.732890e+03
9.797980e-03 1.232258e+05 -2.108231e+03 -3.685466e+03 -5.631801e+04 4.057660e+03 2.132095e+04 -4.996394e+04 -4.391331e+03 -3.598802e+03 5.643215e+04 -9.495893e+04 -1.468292e+03 4.985024e+04 -4.309663e+03 2.790355e+03 -1.632956e+04 -4.459136e+03 6.429246e+04 -1.081750e+05 -1.460096e+03 -5.692190e+04 5.260555e+03 -3.716199e+03 1.866284e+04 -1.081713e+05 2.063406e+03 2.958244e+03 4.943340e+04 3.024547e+03 1.865724e+04 -4.375754e+04 -3.585001e+03
1.000000e-02 1.123935e+05 -2.018819e+03 -3.563262e+03 -5.188304e+04 3.797197e+03 1.955368e+04 -4.622458e+04 -4.224983e+03 -3.484086e+03 5.198939e+04 -8.661409e+04 -1.405546e+03 4.611869e+04 -4.150529e+03 2.611445e+03 -1.497385e+04 -4.313327e+03 5.923051e+04 -9.866727e+04 -1.394028e+03 -5.266150e+04 5.064159e+03 -3.486275e+03 1.711472e+04 -9.866389e+04 1.979496e+03 2.862625e+03 4.554095e+04 2.822017e+03 1.710967e+04 -4.048238e+04 -3.450600e+03
