-1.000000e-02 -1.091419e+05 -2.050164e+03 3.484496e+03 -4.949043e+04 3.772625e+03 -1.778376e+04 -4.392540e+04 4.141813e+03 3.408236e+03 4.959517e+04 8.410873e+04 -1.426437e+03 4.382109e+04 4.070258e+03 2.594420e+03 1.361310e+04 4.219763e+03 5.650313e+04 9.581310e+04 -1.423198e+03 -5.004241e+04 -4.965427e+03 -3.461610e+03 -1.556283e+04 9.580966e+04 2.001636e+03 -2.798995e+03 4.344060e+04 2.805714e+03 -1.555775e+04 -3.846542e+04 3.383209e+03
-9.797980e-03 -1.193863e+05 -2.140351e+03 3.599478e+03 -5.358207e+04 4.024282e+03 -1.933893e+04 -4.734788e+04 4.299203e+03 3.516209e+03 5.369423e+04 9.200061e+04 -1.489610e+03 4.723613e+04 4.220900e+03 2.767253e+03 1.480584e+04 4.357033e+03 6.117350e+04 1.048048e+05 -1.490245e+03 -5.394179e+04 -5.151302e+03 -3.683630e+03 -1.692504e+04 1.048010e+05 2.085734e+03 -2.888934e+03 4.703169e+04 3.001498e+03 -1.691941e+04 -4.146276e+04 3.510398e+03
-9.595960e-03 -1.311051e+05 -2.236689e+03 3.724304e+03 -5.824337e+04 4.306548e+03 -2.111417e+04 -5.122782e+04 4.471966e+03 3.632997e+03 5.836388e+04 1.010282e+05 -1.557200e+03 5.110768e+04 4.385922e+03 2.961118e+03 1.616747e+04 4.505933e+03 6.649403e+04 1.150905e+05 -1.561725e+03 -5.836240e+04 -5.355127e+03 -3.932609e+03 -1.848007e+04 1.150863e+05 2.175832e+03 -2.986292e+03 5.112274e+04 3.221148e+03 -1.847381e+04 -4.486077e+04 3.649876e+03
-9.393939e-03 -1.445989e+05 -2.339660e+03 3.860494e+03 -6.359011e+04 4.625187e+03 -2.315410e+04 -5.565562e+04 4.662709e+03 3.759907e+03 6.372008e+04 1.114232e+05 -1.629581e+03 5.552595e+04 4.567719e+03 3.179975e+03 1.773221e+04 4.668240e+03 7.259682e+04 1.269342e+05 -1.637949e+03 -6.340721e+04 -5.579917e+03 -4.213619e+03 -2.026702e+04 1.269296e+05 2.272465e+03 -3.092181e+03 5.581535e+04 3.469167e+03 -2.026003e+04 -4.873863e+04 3.803710e+03
-9.191919e-03 -1.602516e+05 -2.449750e+03 4.009938e+03 -6.977017e+04 4.987513e+03 -2.551562e+04 -6.074620e+04 4.874698e+03 3.898549e+03 6.991095e+04 1.234810e+05 -1.707140e+03 6.060565e+04 4.769290e+03 3.428851e+03 1.954375e+04 4.846157e+03 7.965065e+04 1.406726e+05 -1.719217e+03 -6.920720e+04 -5.829451e+03 -4.533091e+03 -2.233576e+04 1.406674e+05 2.376204e+03 -3.207974e+03 6.123932e+04 3.751269e+03 -2.232791e+04 -5.319700e+04 3.974490e+03
-8.989899e-03 -1.785598e+05 -2.567427e+03 4.175020e+03 -7.697533e+04 5.402953e+03 -2.827237e+04 -6.664790e+04 5.112100e+03 4.050944e+03 7.712856e+04 1.375843e+05 -1.790268e+03 6.649481e+04 4.994446e+03 3.714224e+03 2.165861e+04 5.042458e+03 8.787437e+04 1.567418e+05 -1.805787e+03 -7.593135e+04 -6.108539e+03 -4.899316e+03 -2.475082e+04 1.567359e+05 2.487646e+03 -3.335402e+03 6.756296e+04 4.074819e+03 -2.474196e+04 -5.836581e+04 4.165512e+03
-8.787879e-03 -2.001778e+05 -2.693088e+03 4.358809e+03 -8.545856e+04 5.883880e+03 -3.152131e+04 -7.355537e+04 5.380319e+03 4.219675e+03 8.562624e+04 1.542372e+05 -1.879333e+03 7.338769e+04 5.248125e+03 4.044597e+03 2.415120e+04 5.260709e+03 9.755663e+04 1.757159e+05 -1.897836e+03 -8.380146e+04 -6.423416e+03 -5.323171e+03 -2.759715e+04 1.757093e+05 2.607383e+03 -3.476678e+03 7.500827e+04 4.449488e+03 -2.758708e+04 -6.441555e+04 4.381051e+03
-8.585859e-03 -2.259844e+05 -2.826980e+03 4.565343e+03 -9.556021e+04 6.446889e+03 -3.539258e+04 -8.172905e+04 5.686527e+03 4.408121e+03 9.574486e+04 1.741163e+05 -1.974631e+03 8.154422e+04 5.536855e+03 4.431373e+03 2.712141e+04 5.505590e+03 1.090859e+05 1.983661e+05 -1.995372e+03 -9.311429e+04 -6.782343e+03 -5.819241e+03 -3.098880e+04 1.983586e+05 2.735959e+03 -3.634708e+03 8.387396e+04 4.888245e+03 -3.097727e+04 -7.157436e+04 4.626769e+03
-8.383838e-03 -2.571869e+05 -2.969039e+03 4.800082e+03 -1.077491e+05 7.114797e+03 -4.006498e+04 -9.152557e+04 6.040480e+03 4.620822e+03 1.079540e+05 1.981519e+05 -2.076297e+03 9.132030e+04 5.869500e+03 4.890230e+03 3.070650e+04 5.783418e+03 1.229970e+05 2.257522e+05 -2.098099e+03 -1.042761e+05 -7.196546e+03 -6.407579e+03 -3.508247e+04 2.257436e+05 2.873772e+03 -3.813401e+03 9.457150e+04 5.408931e+03 -3.506915e+04 -8.015459e+04 4.910362e+03
-8.181818e-03 -2.954915e+05 -3.118614e+03 5.070656e+03 -1.226895e+05 7.919950e+03 -4.579112e+04 -1.034468e+05 6.455867e+03 4.864082e+03 1.229188e+05 2.276579e+05 -2.184135e+03 1.032168e+05 6.258465e+03 5.443394e+03 3.510034e+04 6.102998e+03 1.400482e+05 2.593717e+05 -2.205151e+03 -1.178589e+05 -7.681755e+03 -7.116605e+03 -4.009951e+04 2.593616e+05 3.020891e+03 -4.018205e+03 1.076838e+05 6.036835e+03 -4.008397e+04 -9.059587e+04 5.242616e+03
-7.979798e-03 -3.433927e+05 -3.273918e+03 5.388161e+03 -1.413557e+05 8.909940e+03 -5.294028e+04 -1.182236e+05 6.952638e+03 5.147020e+03 1.416150e+05 2.645560e+05 -2.297298e+03 1.179631e+05 6.721781e+03 6.123561e+03 4.058640e+04 6.477109e+03 1.613509e+05 3.014137e+05 -2.314613e+03 -1.346952e+05 -8.260871e+03 -7.988126e+03 -4.636355e+04 3.014018e+05 3.176701e+03 -4.257018e+03 1.240660e+05 6.809174e+03 -4.634518e+04 -1.035383e+05 5.639229e+03
-7.777778e-03 -4.046983e+05 -3.430954e+03 5.769579e+03 -1.652404e+05 1.015815e+04 -6.207622e+04 -1.369664e+05 7.561292e+03 5.483524e+03 1.655376e+05 3.117789e+05 -2.413624e+03 1.366674e+05 7.286943e+03 6.981144e+03 4.759740e+04 6.925267e+03 1.886089e+05 3.552204e+05 -2.422554e+03 -1.560503e+05 -8.968856e+03 -9.086598e+03 -5.436863e+04 3.552062e+05 3.339164e+03 -4.541901e+03 1.450281e+05 7.783343e+03 -5.434657e+04 -1.199545e+05 6.124174e+03
-7.575758e-03 -4.855594e+05 -3.581190e+03 6.242678e+03 -1.967659e+05 1.178491e+04 -7.410979e+04 -1.614603e+05 8.331449e+03 5.896214e+03 1.971124e+05 3.740648e+05 -2.528216e+03 1.611111e+05 7.998580e+03 8.098782e+03 5.683247e+04 7.479313e+03 2.245860e+05 4.261903e+05 -2.520966e+03 -1.839581e+05 -9.862534e+03 -1.051768e+04 -6.491296e+04 4.261729e+05 3.503221e+03 -4.892549e+03 1.726960e+05 9.053442e+03 -6.488592e+04 -1.414080e+05 6.736405e+03
-7.373737e-03 -5.967177e+05 -3.706068e+03 6.857102e+03 -2.401848e+05 1.400464e+04 -9.063227e+04 -1.948050e+05 9.351008e+03 6.425435e+03 2.405981e+05 4.596876e+05 -2.630039e+03 1.943878e+05 8.935565e+03 9.623738e+03 6.951303e+04 8.196069e+03 2.741349e+05 5.237512e+05 -2.592925e+03 -2.219504e+05 -1.104245e+04 -1.246965e+04 -7.939108e+04 5.237293e+05 3.656943e+03 -5.344175e+03 2.108018e+05 1.078718e+04 -7.935699e+04 -1.706140e+05 7.544851e+03
-7.171717e-03 -7.592148e+05 -3.761969e+03 7.713783e+03 -3.038804e+05 1.724895e+04 -1.147629e+05 -2.430349e+05 1.079611e+04 7.153136e+03 3.043902e+05 5.848549e+05 -2.692568e+03 2.425191e+05 1.025563e+04 1.185233e+04 8.803322e+04 9.190855e+03 3.468217e+05 6.663706e+05 -2.599370e+03 -2.769026e+05 -1.270993e+04 -1.532139e+04 -1.005365e+05 6.663419e+05 3.770901e+03 -5.968454e+03 2.667030e+05 1.332210e+04 -1.004917e+05 -2.128573e+05 8.687499e+03
-6.969697e-03 -1.022810e+06 -3.628321e+03 9.064309e+03 -4.078283e+05 2.257466e+04 -1.538851e+05 -3.203164e+05 1.309725e+04 8.283813e+03 4.084932e+05 7.878949e+05 -2.641320e+03 3.196417e+05 1.234359e+04 1.550997e+04 1.180601e+05 1.075074e+04 4.654402e+05 8.977211e+05 -2.433558e+03 -3.649556e+05 -1.535660e+04 -2.000059e+04 -1.348198e+05 8.976808e+05 3.761182e+03 -6.944544e+03 3.579305e+05 1.748456e+04 -1.347567e+05 -2.805455e+05 1.050126e+04
-6.767677e-03 -1.559221e+06 -2.827598e+03 1.184008e+04 -6.215904e+05 3.379220e+04 -2.335146e+05 -4.751329e+05 1.780829e+04 1.057687e+04 6.225704e+05 1.201077e+06 -2.177933e+03 4.741351e+05 1.658654e+04 2.321135e+04 1.791771e+05 1.393750e+04 7.093675e+05 1.368516e+06 -1.675588e+03 -5.413499e+05 -2.075612e+04 -2.985175e+04 -2.046017e+05 1.368450e+06 3.288749e+03 -8.938539e+03 5.455340e+05 2.625352e+04 -2.044985e+05 -4.161402e+05 1.420131e+04
-6.565657e-03 -7.480750e+06 1.525707e+04 4.718167e+04 -3.044930e+06 1.724663e+05 -1.115230e+06 -2.133770e+06 7.488290e+04 3.959402e+04 3.049460e+06 5.762333e+06 9.187667e+03 2.129120e+06 6.753190e+04 1.183377e+05 8.558596e+05 5.423206e+04 3.474646e+06 6.565762e+06 1.423858e+04 -2.431133e+06 -8.591141e+04 -1.515711e+05 -9.772891e+05 6.565356e+06 -9.614723e+03 -3.438507e+04 2.672328e+06 1.346297e+05 -9.766626e+05 -1.868698e+06 5.882605e+04
-6.363636e-03 -4.308664e+06 9.346026e+02 2.250064e+04 -1.696989e+06 8.431889e+04 -6.396378e+05 -1.275936e+06 3.809705e+04 1.910861e+04 1.699517e+06 3.318853e+06 -1.044273e+01 1.273347e+06 3.480686e+04 5.793045e+04 4.909238e+05 2.614451e+04 1.936489e+06 3.781605e+06 1.765117e+03 -1.453775e+06 -4.396665e+04 -7.421223e+04 -5.605106e+05 3.781417e+06 9.593132e+02 -1.637995e+04 1.489325e+06 6.579706e+04 -5.602287e+05 -1.117580e+06 3.012325e+04
-6.161616e-03 -4.264007e+06 -2.870164e+03 1.758631e+04 -1.636422e+06 7.162294e+04 -6.303825e+05 -1.290674e+06 3.264271e+04 1.489439e+04 1.638840e+06 3.284392e+06 -2.557723e+03 1.288202e+06 3.002836e+04 4.927121e+04 4.838726e+05 2.058440e+04 1.867362e+06 3.742358e+06 -1.475321e+03 -1.470588e+06 -3.778072e+04 -6.307842e+04 -5.524038e+05 3.742204e+06 3.959992e+03 -1.265112e+04 1.436162e+06 5.592175e+04 -5.521784e+05 -1.130602e+06 2.590640e+04
-5.959596e-03 -2.967761e+06 -8.613800e+03 9.073270e+03 -1.090405e+06 3.785779e+04 -4.369899e+05 -9.415687e+05 1.931160e+04 7.951102e+03 1.092033e+06 2.285903e+06 -6.254776e+03 9.399147e+05 1.822068e+04 2.612604e+04 3.354604e+05 1.093238e+04 1.244311e+06 2.604647e+06 -6.393270e+03 -1.072838e+06 -2.261554e+04 -3.345589e+04 -3.829222e+05 2.604581e+06 8.294342e+03 -6.520575e+03 9.569622e+05 2.953845e+04 -3.828277e+05 -8.249095e+05 1.552271e+04
-5.757576e-03 -1.343693e+06 -1.344252e+04 2.715844e+03 -4.409269e+05 5.700581e+03 -1.971063e+05 -4.835316e+05 7.271580e+03 3.016637e+03 4.416470e+05 1.034956e+06 -9.307169e+03 4.828185e+05 7.565040e+03 4.046523e+03 1.513211e+05 3.748609e+03 5.032287e+05 1.179258e+06 -1.047846e+04 -5.509593e+05 -8.936162e+03 -5.249072e+03 -1.726904e+05 1.179271e+06 1.192411e+04 -2.143701e+03 3.869696e+05 4.364954e+03 -1.727168e+05 -4.237304e+05 6.139019e+03
-5.555556e-03 7.383504e+05 -1.721038e+04 -6.606315e+02 3.508525e+05 -2.363058e+04 1.077936e+05 1.302291e+05 -2.996986e+03 8.672018e+02 -3.512059e+05 -5.686790e+05 -1.160528e+04 -1.298347e+05 -1.506707e+03 -1.614931e+04 -8.278188e+04 -1.967355e+01 -4.001979e+05 -6.480250e+05 -1.358651e+04 1.483711e+05 2.702784e+03 2.047096e+04 9.452942e+04 -6.479445e+05 1.474068e+04 -1.964665e+02 -3.079011e+05 -1.866867e+04 9.439656e+04 1.139588e+05 -1.871227e+03
-5.353535e-03 1.790405e+07 -1.911035e+04 1.682558e+03 6.516208e+06 -1.716267e+05 2.605531e+06 5.476311e+06 -5.500166e+04 8.651083e+03 -6.524839e+06 -1.378960e+07 -1.091759e+04 -5.467476e+06 -4.819777e+04 -1.187121e+05 -2.000915e+06 2.762143e+03 -7.434871e+06 -1.571287e+07 -1.497679e+04 6.239985e+06 6.193015e+04 1.503220e+05 2.283606e+06 -1.571257e+07 1.423128e+04 -6.941545e+03 -5.718621e+06 -1.355664e+05 2.282987e+06 4.798344e+06 -4.287689e+04
-5.151515e-03 -3.038454e+06 -2.636059e+04 -3.606726e+03 -9.327122e+05 -5.794698e+03 -4.406511e+05 -1.115338e+06 5.859172e+03 -2.450939e+03 9.341585e+05 2.340184e+06 -1.824884e+04 1.113928e+06 6.989360e+03 -3.605847e+03 3.384191e+05 -3.083408e+03 1.064432e+06 2.666531e+06 -2.088906e+04 -1.270905e+06 -7.690844e+03 4.731594e+03 -3.861158e+05 2.666589e+06 2.303884e+04 2.941407e+03 8.185596e+05 -4.462177e+03 -3.862186e+05 -9.775763e+05 5.353146e+03
-4.949495e-03 6.312393e+07 2.131633e+04 1.301191e+05 2.156123e+07 -2.093803e+05 9.120910e+06 2.051435e+07 -5.976895e+04 1.366924e+05 -2.158927e+07 -4.861608e+07 2.102402e+04 -2.048609e+07 -5.333637e+04 -1.488520e+05 -7.005877e+06 1.497238e+05 -2.460059e+07 -5.539716e+07 2.191918e+04 2.337568e+07 6.676779e+04 1.832629e+05 7.994051e+06 -5.539703e+07 -2.074707e+04 -1.188392e+05 -1.892196e+07 -1.701011e+05 7.993440e+06 1.797846e+07 -4.784267e+04
-4.747475e-03 -8.146694e+06 -3.618169e+04 -2.492483e+04 -2.536228e+06 -2.623668e+04 -1.173194e+06 -2.904224e+06 -9.716404e+02 -2.279178e+04 2.539733e+06 6.274239e+06 -2.539017e+04 2.900799e+06 1.118505e+03 -1.703817e+04 9.012278e+05 -2.739209e+04 2.893979e+06 7.149375e+06 -2.939362e+04 -3.309356e+06 1.172934e+02 2.269995e+04 -1.028162e+06 7.149478e+06 3.129009e+04 2.077919e+04 2.225774e+06 -1.973943e+04 -1.028355e+06 -2.545683e+06 2.186958e+02
-4.545455e-03 2.229435e+06 -3.351125e+04 8.176276e+03 9.143375e+05 -2.765754e+04 3.199330e+05 5.510816e+05 1.868440e+03 1.021201e+04 -9.151969e+05 -1.716994e+06 -2.257355e+04 -5.501379e+05 3.865483e+03 -1.900751e+04 -2.458054e+05 1.073337e+04 -1.042885e+06 -1.956563e+06 -2.600570e+04 6.279298e+05 -3.523872e+03 2.382924e+04 2.805223e+05 -1.956454e+06 2.912517e+04 -7.870938e+03 -8.023883e+05 -2.210094e+04 2.803378e+05 4.828098e+05 2.318460e+03
-4.343434e-03 2.542530e+06 -3.807164e+04 1.154646e+04 1.024773e+06 -2.394070e+04 3.637154e+05 6.495265e+05 4.532630e+03 1.355194e+04 -1.025701e+06 -1.958091e+06 -2.565960e+04 -6.485092e+05 6.502125e+03 -1.649687e+04 -2.794715e+05 1.474789e+04 -1.168814e+06 -2.231311e+06 -2.944963e+04 7.401140e+05 -6.736095e+03 2.053056e+04 3.189141e+05 -2.231202e+06 3.319995e+04 -1.066784e+04 -8.992969e+05 -1.927685e+04 3.187311e+05 5.691335e+05 4.496852e+03
-4.141414e-03 1.080895e+06 -2.895103e+04 5.779781e+03 4.975713e+05 -1.839194e+04 1.541233e+05 2.049971e+05 2.905021e+03 7.265800e+03 -4.979235e+05 -8.324207e+05 -1.959277e+04 -2.045725e+05 4.366022e+03 -1.259267e+04 -1.184430e+05 7.712428e+03 -5.674075e+05 -9.485978e+05 -2.249198e+04 2.335781e+05 -4.423720e+03 1.581723e+04 1.351783e+05 -9.485149e+05 2.524045e+04 -5.508867e+03 -4.366392e+05 -1.467207e+04 1.350418e+05 1.795404e+05 2.974436e+03
-3.939394e-03 -6.834803e+05 -6.275216e+03 -4.109487e+03 -1.791120e+05 -1.227583e+04 -9.725629e+04 -2.971316e+05 -2.260613e+03 -3.542317e+03 1.793595e+05 5.263589e+05 -4.317617e+03 2.969136e+05 -1.702184e+03 -8.294365e+03 7.473306e+04 -4.514114e+03 2.043799e+05 5.997811e+05 -5.054390e+03 -3.385971e+05 2.411901e+03 1.073557e+04 -8.522812e+04 5.998122e+05 5.372307e+03 3.238536e+03 1.571850e+05 -9.488793e+03 -8.528080e+04 -2.605531e+05 -1.620554e+03
-3.737374e-03 -1.088536e+07 1.799384e+05 -7.410366e+04 -4.298358e+06 1.606322e+04 -1.543824e+06 -3.051360e+06 -4.614407e+04 -7.980614e+04 4.301606e+06 8.382789e+06 1.215594e+05 3.047770e+06 -5.176059e+04 1.170104e+04 1.186559e+06 -9.135350e+04 4.901927e+06 9.552658e+06 1.384132e+05 -3.477063e+06 5.945720e+04 -1.220829e+04 -1.353717e+06 9.552277e+06 -1.580129e+05 6.471287e+04 3.771953e+06 1.521947e+04 -1.353193e+06 -2.674627e+06 -4.013541e+04
-3.535354e-03 -8.952684e+04 -1.115124e+04 -5.423553e+02 3.252273e+04 -1.094072e+04 -1.271099e+04 -1.126302e+05 -2.757461e+02 8.255847e+01 -3.247540e+04 6.894644e+04 -7.586725e+03 1.126213e+05 3.406705e+02 -7.433669e+03 9.761597e+03 -2.618980e+02 -3.701297e+04 7.854790e+04 -8.738440e+03 -1.283556e+05 -3.784159e+01 9.521334e+03 -1.111009e+04 7.858344e+04 9.692517e+03 2.017964e+02 -2.853548e+04 -8.550528e+03 -1.116878e+04 -9.882381e+04 2.773628e+01
-3.333333e-03 2.054585e+06 -6.658013e+04 1.696441e+04 9.698781e+05 -1.612539e+04 2.898241e+05 4.219116e+05 1.199158e+04 1.918795e+04 -9.703544e+05 -1.582197e+06 -4.514074e+04 -4.212850e+05 1.418592e+04 -1.109361e+04 -2.228062e+05 2.155412e+04 -1.105795e+06 -1.803050e+06 -5.151957e+04 4.807633e+05 -1.587683e+04 1.361636e+04 2.542199e+05 -1.802922e+06 5.834698e+04 -1.512686e+04 -8.510847e+05 -1.317540e+04 2.540102e+05 3.697139e+05 1.074706e+04
-3.131313e-03 5.442320e+06 -1.818614e+05 4.818332e+04 2.584790e+06 -2.544729e+04 7.659374e+05 1.190482e+06 3.526171e+04 5.348994e+04 -2.585932e+06 -4.190990e+06 -1.233408e+05 -1.188952e+06 4.050258e+04 -1.762012e+04 -5.888635e+05 6.068120e+04 -2.946886e+06 -4.775996e+06 -1.406235e+05 1.356566e+06 -4.593704e+04 2.099674e+04 6.718412e+05 -4.775697e+06 1.595194e+05 -4.249333e+04 -2.268187e+06 -2.141170e+04 6.713374e+05 1.043389e+06 3.111599e+04
-2.929293e-03 2.225323e+06 -9.226611e+04 2.115787e+04 1.149341e+06 -1.539158e+04 3.124503e+05 4.124988e+05 1.602271e+04 2.377662e+04 -1.149726e+06 -1.713640e+06 -6.261767e+04 -4.119045e+05 1.861141e+04 -1.058649e+04 -2.402421e+05 2.685240e+04 -1.310224e+06 -1.952870e+06 -7.141534e+04 4.700411e+05 -2.099283e+04 1.291802e+04 2.741022e+05 -1.952718e+06 8.090733e+04 -1.875350e+04 -1.008551e+06 -1.265183e+04 2.738525e+05 3.614790e+05 1.422887e+04
-2.727273e-03 -7.568511e+05 2.186324e+04 -7.399589e+03 -3.401448e+05 -5.974634e+03 -1.060938e+05 -2.317449e+05 -5.649152e+03 -7.758108e+03 3.402780e+05 5.828188e+05 1.483068e+04 2.315789e+05 -6.003519e+03 -4.026269e+03 8.157222e+04 -9.056846e+03 3.877807e+05 6.641702e+05 1.685284e+04 -2.640888e+05 7.062247e+03 5.388404e+03 -9.304578e+04 6.641476e+05 -1.923326e+04 6.327044e+03 2.984776e+05 -4.442845e+03 -9.301177e+04 -2.032168e+05 -4.788030e+03
-2.525253e-03 -1.521322e+06 6.470037e+04 -1.587734e+04 -7.969513e+05 -3.301806e+03 -2.127891e+05 -3.665484e+05 -1.247058e+04 -1.719253e+04 7.971462e+05 1.171492e+06 4.392875e+04 3.662251e+05 -1.377227e+04 -2.177204e+03 1.636277e+05 -1.978405e+04 9.084371e+05 1.335036e+06 5.002053e+04 -4.177014e+05 1.590110e+04 3.240695e+03 -1.866597e+05 1.334957e+06 -5.681527e+04 1.378497e+04 6.993185e+05 -2.138157e+03 -1.865335e+05 -3.213763e+05 -1.078581e+04
-2.323232e-03 -8.739395e+05 3.983084e+04 -9.495925e+03 -4.753639e+05 -4.859402e+03 -1.220263e+05 -2.275314e+05 -7.568912e+03 -1.019179e+04 4.754523e+05 6.729708e+05 2.705082e+04 2.273677e+05 -8.257998e+03 -3.269368e+03 9.383881e+04 -1.178408e+04 5.418343e+05 7.669211e+05 3.079238e+04 -2.592879e+05 9.588516e+03 4.454271e+03 -1.070422e+05 7.668791e+05 -3.498630e+04 8.202164e+03 4.171255e+05 -3.535827e+03 -1.069751e+05 -1.995209e+05 -6.505907e+03
-2.121212e-03 -6.197524e+05 3.109743e+04 -6.984409e+03 -3.563780e+05 -5.306145e+03 -8.639483e+04 -1.716665e+05 -5.638785e+03 -7.457390e+03 3.564218e+05 4.772323e+05 2.112528e+04 1.715657e+05 -6.107398e+03 -3.586199e+03 6.644132e+04 -8.648090e+03 4.061876e+05 5.438580e+05 2.404475e+04 -1.956283e+05 7.115409e+03 4.788127e+03 -7.578709e+04 5.438293e+05 -2.731760e+04 6.013604e+03 3.127149e+05 -3.954978e+03 -7.574135e+04 -1.505515e+05 -4.829122e+03
-1.919192e-03 -4.697054e+05 2.632403e+04 -5.467438e+03 -2.895652e+05 -5.486976e+03 -6.538112e+04 -1.388624e+05 -4.462333e+03 -5.816207e+03 2.895827e+05 3.616880e+05 1.788694e+04 1.387978e+05 -4.808044e+03 -3.716675e+03 5.028323e+04 -6.759597e+03 3.300181e+05 4.121839e+05 2.035872e+04 -1.582470e+05 5.615086e+03 4.913466e+03 -5.735448e+04 4.121627e+05 -2.312455e+04 4.696475e+03 2.540864e+05 -4.136967e+03 -5.732063e+04 -1.217958e+05 -3.811705e+03
-1.717172e-03 -3.671388e+05 2.327401e+04 -4.396486e+03 -2.462438e+05 -5.562014e+03 -5.103598e+04 -1.169867e+05 -3.621337e+03 -4.663874e+03 2.462439e+05 2.827067e+05 1.581787e+04 1.169458e+05 -3.886494e+03 -3.772607e+03 3.925237e+04 -5.429558e+03 2.806294e+05 3.221768e+05 1.800452e+04 -1.333189e+05 4.547119e+03 4.957281e+03 -4.477123e+04 3.221605e+05 -2.044442e+04 3.769680e+03 2.160717e+05 -4.222710e+03 -4.474521e+04 -1.026196e+05 -3.087300e+03
-1.515152e-03 -2.910987e+05 2.116534e+04 -3.572771e+03 -2.160662e+05 -5.587486e+03 -4.041744e+04 -1.014602e+05 -2.965601e+03 -3.781777e+03 2.160541e+05 2.241525e+05 1.438741e+04 1.014358e+05 -3.172941e+03 -3.793342e+03 3.108672e+04 -4.408596e+03 2.462252e+05 2.554482e+05 1.637751e+04 -1.156259e+05 3.717542e+03 4.964015e+03 -3.545672e+04 2.554354e+05 -1.859090e+04 3.058978e+03 1.895907e+05 -4.261935e+03 -3.543633e+04 -8.900874e+04 -2.524441e+03
-1.313131e-03 -2.315433e+05 1.964250e+04 -2.902383e+03 -1.942010e+05 -5.588557e+03 -3.211493e+04 -9.006450e+04 -2.424627e+03 -3.066848e+03 1.941801e+05 1.782927e+05 1.335434e+04 9.005200e+04 -2.587837e+03 -3.796528e+03 2.470176e+04 -3.579049e+03 2.212976e+05 2.031860e+05 1.520288e+04 -1.026401e+05 3.035400e+03 4.953459e+03 -2.817367e+04 2.031759e+05 -1.725196e+04 2.482118e+03 1.704040e+05 -4.277046e+03 -2.815758e+04 -7.901891e+04 -2.061488e+03
-1.111111e-03 -1.828870e+05 1.851814e+04 -2.333526e+03 -1.780452e+05 -5.578077e+03 -2.534356e+04 -8.156796e+04 -1.959692e+03 -2.462368e+03 1.780178e+05 1.408258e+05 1.259157e+04 8.156418e+04 -2.087587e+03 -3.791203e+03 1.949402e+04 -2.876110e+03 2.028791e+05 1.604882e+05 1.433582e+04 -9.295793e+04 2.450793e+03 4.935648e+03 -2.223361e+04 1.604803e+05 -1.626313e+04 1.993781e+03 1.562272e+05 -4.279580e+03 -2.222098e+04 -7.157046e+04 -1.664627e+03
-9.090909e-04 -1.416924e+05 1.768391e+04 -1.834432e+03 -1.660665e+05 -5.563162e+03 -1.962032e+04 -7.522789e+04 -1.547084e+03 -1.933632e+03 1.660342e+05 1.091049e+05 1.202562e+04 7.523053e+04 -1.645579e+03 -3.782383e+03 1.509213e+04 -2.260083e+03 1.892227e+05 1.243387e+05 1.369264e+04 -8.573314e+04 1.933212e+03 4.916095e+03 -1.721287e+04 1.243326e+05 -1.552933e+04 1.566205e+03 1.457158e+05 -4.275985e+03 -1.720313e+04 -6.601240e+04 -1.313187e+03
-7.070707e-04 -1.056740e+05 1.707347e+04 -1.383952e+03 -1.573125e+05 -5.547951e+03 -1.462403e+04 -7.057390e+04 -1.171011e+03 -1.457592e+03 1.572768e+05 8.137009e+04 1.161148e+04 7.058120e+04 -1.244142e+03 -3.772998e+03 1.124916e+04 -1.704570e+03 1.792428e+05 9.273146e+04 1.322206e+04 -8.042971e+04 1.462371e+03 4.897975e+03 -1.282976e+04 9.272693e+04 -1.499227e+04 1.180930e+03 1.380342e+05 -4.270055e+03 -1.282252e+04 -6.193240e+04 -9.934211e+02
-5.050505e-04 -7.320594e+04 1.664492e+04 -9.669668e+02 -1.511761e+05 -5.534922e+03 -1.012628e+04 -6.730150e+04 -8.201603e+02 -1.017814e+03 1.511380e+05 5.636922e+04 1.132073e+04 6.731205e+04 -8.706630e+02 -3.764805e+03 7.789492e+03 -1.190730e+03 1.722470e+05 6.423989e+04 1.289175e+04 -7.670066e+04 1.023768e+03 4.883170e+03 -8.883910e+03 6.423676e+04 -1.461520e+04 8.247791e+02 1.326494e+05 -4.264085e+03 -8.878906e+03 -5.906359e+04 -6.955015e+02
-3.030303e-04 -4.305323e+04 1.637198e+04 -5.719119e+02 -1.472726e+05 -5.525552e+03 -5.953587e+03 -6.521573e+04 -4.858514e+02 -6.017523e+02 1.472330e+05 3.315132e+04 1.113555e+04 6.522834e+04 -5.154927e+02 -3.758855e+03 4.579756e+03 -7.041593e+02 1.677969e+05 3.778017e+04 1.268138e+04 -7.432383e+04 6.062895e+02 4.872791e+03 -5.223182e+03 3.777833e+04 -1.437502e+04 4.876854e+02 1.292241e+05 -4.259459e+03 -5.220243e+03 -5.723504e+04 -4.118988e+02
-1.010101e-04 -1.420979e+04 1.623911e+04 -1.892933e+02 -1.453741e+05 -5.520679e+03 -1.964696e+03 -6.420014e+04 -1.609348e+02 -1.991320e+02 1.453337e+05 1.094164e+04 1.104540e+04 6.421374e+04 -1.707083e+02 -3.755745e+03 1.511337e+03 -2.330492e+02 1.656324e+05 1.246940e+04 1.257898e+04 -7.316651e+04 2.008003e+02 4.867461e+03 -1.723665e+03 1.246880e+04 -1.425809e+04 1.613945e+02 1.275582e+05 -4.256966e+03 -1.722696e+03 -5.634469e+04 -1.364212e+02
1.010101e-04 1.420979e+04 1.623911e+04 1.892933e+02 -1.453741e+05 -5.520679e+03 1.964696e+03 -6.420014e+04 1.609348e+02 1.991320e+02 1.453337e+05 -1.094164e+04 1.104540e+04 6.421374e+04 1.707083e+02 -3.755745e+03 -1.511337e+03 2.330492e+02 1.656324e+05 -1.246940e+04 1.257898e+04 -7.316651e+04 -2.008003e+02 4.867461e+03 1.723665e+03 -1.246880e+04 -1.425809e+04 -1.613945e+02 1.275582e+05 -4.256966e+03 1.722696e+03 -5.634469e+04 1.364212e+02
3.030303e-04 4.305323e+04 1.637198e+04 5.719119e+02 -1.472726e+05 -5.525552e+03 5.953587e+03 -6.521573e+04 4.858514e+02 6.017523e+02 1.472330e+05 -3.315132e+04 1.113555e+04 6.522834e+04 5.154927e+02 -3.758855e+03 -4.579756e+03 7.041593e+02 1.677969e+05 -3.778017e+04 1.268138e+04 -7.432383e+04 -6.062895e+02 4.872791e+03 5.223182e+03 -3.777833e+04 -1.437502e+04 -4.876854e+02 1.292241e+05 -4.259459e+03 5.220243e+03 -5.723504e+04 4.118988e+02
5.050505e-04 7.320594e+04 1.664492e+04 9.669668e+02 -1.511761e+05 -5.534922e+03 1.012628e+04 -6.730150e+04 8.201603e+02 1.017814e+03 1.511380e+05 -5.636922e+04 1.132073e+04 6.731205e+04 8.706630e+02 -3.764805e+03 -7.789492e+03 1.190730e+03 1.722470e+05 -6.423989e+04 1.289175e+04 -7.670066e+04 -1.023768e+03 4.883170e+03 8.883910e+03 -6.423676e+04 -1.461520e+04 -8.247791e+02 1.326494e+05 -4.264085e+03 8.878906e+03 -5.906359e+04 6.955015e+02
7.070707e-04 1.056740e+05 1.707347e+04 1.383952e+03 -1.573125e+05 -5.547951e+03 1.462403e+04 -7.057390e+04 1.171011e+03 1.457592e+03 1.572768e+05 -8.137009e+04 1.161148e+04 7.058120e+04 1.244142e+03 -3.772998e+03 -1.124916e+04 1.704570e+03 1.792428e+05 -9.273146e+04 1.322206e+04 -8.042971e+04 -1.462371e+03 4.897975e+03 1.282976e+04 -9.272693e+04 -1.499227e+04 -1.180930e+03 1.380342e+05 -4.270055e+03 1.282252e+04 -6.193240e+04 9.934211e+02
9.090909e-04 1.416924e+05 1.768391e+04 1.834432e+03 -1.660665e+05 -5.563162e+03 1.962032e+04 -7.522789e+04 1.547084e+03 1.933632e+03 1.660342e+05 -1.091049e+05 1.202562e+04 7.523053e+04 1.645579e+03 -3.782383e+03 -1.509213e+04 2.260083e+03 1.892227e+05 -1.243387e+05 1.369264e+04 -8.573314e+04 -1.933212e+03 4.916095e+03 1.721287e+04 -1.243326e+05 -1.552933e+04 -1.566205e+03 1.457158e+05 -4.275985e+03 1.720313e+04 -6.601240e+04 1.313187e+03
1.111111e-03 1.828870e+05 1.851814e+04 2.333526e+03 -1.780452e+05 -5.578077e+03 2.534356e+04 -8.156796e+04 1.959692e+03 2.462368e+03 1.780178e+05 -1.408258e+05 1.259157e+04 8.156418e+04 2.087587e+03 -3.791203e+03 -1.949402e+04 2.876110e+03 2.028791e+05 -1.604882e+05 1.433582e+04 -9.295793e+04 -2.450793e+03 4.935648e+03 2.223361e+04 -1.604803e+05 -1.626313e+04 -1.993781e+03 1.562272e+05 -4.279580e+03 2.222098e+04 -7.157046e+04 1.664627e+03
1.313131e-03 2.315433e+05 1.964250e+04 2.902383e+03 -1.942010e+05 -5.588557e+03 3.211493e+04 -9.006450e+04 2.424627e+03 3.066848e+03 1.941801e+05 -1.782927e+05 1.335434e+04 9.005200e+04 2.587837e+03 -3.796528e+03 -2.470176e+04 3.579049e+03 2.212976e+05 -2.031860e+05 1.520288e+04 -1.026401e+05 -3.035400e+03 4.953459e+03 2.817367e+04 -2.031759e+05 -1.725196e+04 -2.482118e+03 1.704040e+05 -4.277046e+03 2.815758e+04 -7.901891e+04 2.061488e+03
1.515152e-03 2.910987e+05 2.116534e+04 3.572771e+03 -2.160662e+05 -5.587486e+03 4.041744e+04 -1.014602e+05 2.965601e+03 3.781777e+03 2.160541e+05 -2.241525e+05 1.438741e+04 1.014358e+05 3.172941e+03 -3.793342e+03 -3.108672e+04 4.408596e+03 2.462252e+05 -2.554482e+05 1.637751e+04 -1.156259e+05 -3.717542e+03 4.964015e+03 3.545672e+04 -2.554354e+05 -1.859090e+04 -3.058978e+03 1.895907e+05 -4.261935e+03 3.543633e+04 -8.900874e+04 2.524441e+03
1.717172e-03 3.671388e+05 2.327401e+04 4.396486e+03 -2.462438e+05 -5.562014e+03 5.103598e+04 -1.169867e+05 3.621337e+03 4.663874e+03 2.462439e+05 -2.827067e+05 1.581787e+04 1.169458e+05 3.886494e+03 -3.772607e+03 -3.925237e+04 5.429558e+03 2.806294e+05 -3.221768e+05 1.800452e+04 -1.333189e+05 -4.547119e+03 4.957281e+03 4.477123e+04 -3.221605e+05 -2.044442e+04 -3.769680e+03 2.160717e+05 -4.222710e+03 4.474521e+04 -1.026196e+05 3.087300e+03
1.919192e-03 4.697054e+05 2.632403e+04 5.467438e+03 -2.895652e+05 -5.486976e+03 6.538112e+04 -1.388624e+05 4.462333e+03 5.816207e+03 2.895827e+05 -3.616880e+05 1.788694e+04 1.387978e+05 4.808044e+03 -3.716675e+03 -5.028323e+04 6.759597e+03 3.300181e+05 -4.121839e+05 2.035872e+04 -1.582470e+05 -5.615086e+03 4.913466e+03 5.735448e+04 -4.121627e+05 -2.312455e+04 -4.696475e+03 2.540864e+05 -4.136967e+03 5.732063e+04 -1.217958e+05 3.811705e+03
2.121212e-03 6.197524e+05 3.109743e+04 6.984409e+03 -3.563780e+05 -5.306145e+03 8.639483e+04 -1.716665e+05 5.638785e+03 7.457390e+03 3.564218e+05 -4.772323e+05 2.112528e+04 1.715657e+05 6.107398e+03 -3.586199e+03 -6.644132e+04 8.648090e+03 4.061876e+05 -5.438580e+05 2.404475e+04 -1.956283e+05 -7.115409e+03 4.788127e+03 7.578709e+04 -5.438293e+05 -2.731760e+04 -6.013604e+03 3.127149e+05 -3.954978e+03 7.574135e+04 -1.505515e+05 4.829122e+03
2.323232e-03 8.739395e+05 3.983084e+04 9.495925e+03 -4.753639e+05 -4.859402e+03 1.220263e+05 -2.275314e+05 7.568912e+03 1.019179e+04 4.754523e+05 -6.729708e+05 2.705082e+04 2.273677e+05 8.257998e+03 -3.269368e+03 -9.383881e+04 1.178408e+04 5.418343e+05 -7.669211e+05 3.079238e+04 -2.592879e+05 -9.588516e+03 4.454271e+03 1.070422e+05 -7.668791e+05 -3.498630e+04 -8.202164e+03 4.171255e+05 -3.535827e+03 1.069751e+05 -1.995209e+05 6.505907e+03
2.525253e-03 1.521322e+06 6.470037e+04 1.587734e+04 -7.969513e+05 -3.301806e+03 2.127891e+05 -3.665484e+05 1.247058e+04 1.719253e+04 7.971462e+05 -1.171492e+06 4.392875e+04 3.662251e+05 1.377227e+04 -2.177204e+03 -1.636277e+05 1.978405e+04 9.084371e+05 -1.335036e+06 5.002053e+04 -4.177014e+05 -1.590110e+04 3.240695e+03 1.866597e+05 -1.334957e+06 -5.681527e+04 -1.378497e+04 6.993185e+05 -2.138157e+03 1.865335e+05 -3.213763e+05 1.078581e+04
2.727273e-03 7.568511e+05 2.186324e+04 7.399589e+03 -3.401448e+05 -5.974634e+03 1.060938e+05 -2.317449e+05 5.649152e+03 7.758108e+03 3.402780e+05 -5.828188e+05 1.483068e+04 2.315789e+05 6.003519e+03 -4.026269e+03 -8.157222e+04 9.056846e+03 3.877807e+05 -6.641702e+05 1.685284e+04 -2.640888e+05 -7.062247e+03 5.388404e+03 9.304578e+04 -6.641476e+05 -1.923326e+04 -6.327044e+03 2.984776e+05 -4.442845e+03 9.301177e+04 -2.032168e+05 4.788030e+03
2.929293e-03 -2.225323e+06 -9.226611e+04 -2.115787e+04 1.149341e+06 -1.539158e+04 -3.124503e+05 4.124988e+05 -1.602271e+04 -2.377662e+04 -1.149726e+06 1.713640e+06 -6.261767e+04 -4.119045e+05 -1.861141e+04 -1.058649e+04 2.402421e+05 -2.685240e+04 -1.310224e+06 1.952870e+06 -7.141534e+04 4.700411e+05 2.099283e+04 1.291802e+04 -2.741022e+05 1.952718e+06 8.090733e+04 1.875350e+04 -1.008551e+06 -1.265183e+04 -2.738525e+05 3.614790e+05 -1.422887e+04
3.131313e-03 -5.442320e+06 -1.818614e+05 -4.818332e+04 2.584790e+06 -2.544729e+04 -7.659374e+05 1.190482e+06 -3.526171e+04 -5.348994e+04 -2.585932e+06 4.190990e+06 -1.233408e+05 -1.188952e+06 -4.050258e+04 -1.762012e+04 5.888635e+05 -6.068120e+04 -2.946886e+06 4.775996e+06 -1.406235e+05 1.356566e+06 4.593704e+04 2.099674e+04 -6.718412e+05 4.775697e+06 1.595194e+05 4.249333e+04 -2.268187e+06 -2.141170e+04 -6.713374e+05 1.043389e+06 -3.111599e+04
3.333333e-03 -2.054585e+06 -6.658013e+04 -1.696441e+04 9.698781e+05 -1.612539e+04 -2.898241e+05 4.219116e+05 -1.199158e+04 -1.918795e+04 -9.703544e+05 1.582197e+06 -4.514074e+04 -4.212850e+05 -1.418592e+04 -1.109361e+04 2.228062e+05 -2.155412e+04 -1.105795e+06 1.803050e+06 -5.151957e+04 4.807633e+05 1.587683e+04 1.361636e+04 -2.542199e+05 1.802922e+06 5.834698e+04 1.512686e+04 -8.510847e+05 -1.317540e+04 -2.540102e+05 3.697139e+05 -1.074706e+04
3.535354e-03 8.952684e+04 -1.115124e+04 5.423553e+02 3.252273e+04 -1.094072e+04 1.271099e+04 -1.126302e+05 2.757461e+02 -8.255847e+01 -3.247540e+04 -6.894644e+04 -7.586725e+03 1.126213e+05 -3.406705e+02 -7.433669e+03 -9.761597e+03 2.618980e+02 -3.701297e+04 -7.854790e+04 -8.738440e+03 -1.283556e+05 3.784159e+01 9.521334e+03 1.111009e+04 -7.858344e+04 9.692517e+03 -2.017964e+02 -2.853548e+04 -8.550528e+03 1.116878e+04 -9.882381e+04 -2.773628e+01
3.737374e-03 1.088536e+07 1.799384e+05 7.410366e+04 -4.298358e+06 1.606322e+04 1.543824e+06 -3.051360e+06 4.614407e+04 7.980614e+04 4.301606e+06 -8.382789e+06 1.215594e+05 3.047770e+06 5.176059e+04 1.170104e+04 -1.186559e+06 9.135350e+04 4.901927e+06 -9.552658e+06 1.384132e+05 -3.477063e+06 -5.945720e+04 -1.220829e+04 1.353717e+06 -9.552277e+06 -1.580129e+05 -6.471287e+04 3.771953e+06 1.521947e+04 1.353193e+06 -2.674627e+06 4.013541e+04
3.939394e-03 6.834803e+05 -6.275216e+03 4.109487e+03 -1.791120e+05 -1.227583e+04 9.725629e+04 -2.971316e+05 2.260613e+03 3.542317e+03 1.793595e+05 -5.263589e+05 -4.317617e+03 2.969136e+05 1.702184e+03 -8.294365e+03 -7.473306e+04 4.514114e+03 2.043799e+05 -5.997811e+05 -5.054390e+03 -3.385971e+05 -2.411901e+03 1.073557e+04 8.522812e+04 -5.998122e+05 5.372307e+03 -3.238536e+03 1.571850e+05 -9.488793e+03 8.528080e+04 -2.605531e+05 1.620554e+03
4.141414e-03 -1.080895e+06 -2.895103e+04 -5.779781e+03 4.975713e+05 -1.839194e+04 -1.541233e+05 2.049971e+05 -2.905021e+03 -7.265800e+03 -4.979235e+05 8.324207e+05 -1.959277e+04 -2.045725e+05 -4.366022e+03 -1.259267e+04 1.184430e+05 -7.712428e+03 -5.674075e+05 9.485978e+05 -2.249198e+04 2.335781e+05 4.423720e+03 1.581723e+04 -1.351783e+05 9.485149e+05 2.524045e+04 5.508867e+03 -4.366392e+05 -1.467207e+04 -1.350418e+05 1.795404e+05 -2.974436e+03
4.343434e-03 -2.542530e+06 -3.807164e+04 -1.154646e+04 1.024773e+06 -2.394070e+04 -3.637154e+05 6.495265e+05 -4.532630e+03 -1.355194e+04 -1.025701e+06 1.958091e+06 -2.565960e+04 -6.485092e+05 -6.502125e+03 -1.649687e+04 2.794715e+05 -1.474789e+04 -1.168814e+06 2.231311e+06 -2.944963e+04 7.401140e+05 6.736095e+03 2.053056e+04 -3.189141e+05 2.231202e+06 3.319995e+04 1.066784e+04 -8.992969e+05 -1.927685e+04 -3.187311e+05 5.691335e+05 -4.496852e+03
4.545455e-03 -2.229435e+06 -3.351125e+04 -8.176276e+03 9.143375e+05 -2.765754e+04 -3.199330e+05 5.510816e+05 -1.868440e+03 -1.021201e+04 -9.151969e+05 1.716994e+06 -2.257355e+04 -5.501379e+05 -3.865483e+03 -1.900751e+04 2.458054e+05 -1.073337e+04 -1.042885e+06 1.956563e+06 -2.600570e+04 6.279298e+05 3.523872e+03 2.382924e+04 -2.805223e+05 1.956454e+06 2.912517e+04 7.870938e+03 -8.023883e+05 -2.210094e+04 -2.803378e+05 4.828098e+05 -2.318460e+03
4.747475e-03 8.146694e+06 -3.618169e+04 2.492483e+04 -2.536228e+06 -2.623668e+04 1.173194e+06 -2.904224e+06 9.716404e+02 2.279178e+04 2.539733e+06 -6.274239e+06 -2.539017e+04 2.900799e+06 -1.118505e+03 -1.703817e+04 -9.012278e+05 2.739209e+04 2.893979e+06 -7.149375e+06 -2.939362e+04 -3.309356e+06 -1.172934e+02 2.269995e+04 1.028162e+06 -7.149478e+06 3.129009e+04 -2.077919e+04 2.225774e+06 -1.973943e+04 1.028355e+06 -2.545683e+06 -2.186958e+02
4.949495e-03 -6.312393e+07 2.131633e+04 -1.301191e+05 2.156123e+07 -2.093803e+05 -9.120910e+06 2.051435e+07 5.976895e+04 -1.366924e+05 -2.158927e+07 4.861608e+07 2.102402e+04 -2.048609e+07 5.333637e+04 -1.488520e+05 7.005877e+06 -1.497238e+05 -2.460059e+07 5.539716e+07 2.191917e+04 2.337568e+07 -6.676779e+04 1.832629e+05 -7.994051e+06 5.539703e+07 -2.074707e+04 1.188392e+05 -1.892196e+07 -1.701011e+05 -7.993440e+06 1.797846e+07 4.784267e+04
5.151515e-03 3.038454e+06 -2.636059e+04 3.606726e+03 -9.327122e+05 -5.794698e+03 4.406511e+05 -1.115338e+06 -5.859172e+03 2.450939e+03 9.341585e+05 -2.340184e+06 -1.824884e+04 1.113928e+06 -6.989360e+03 -3.605847e+03 -3.384191e+05 3.083408e+03 1.064432e+06 -2.666531e+06 -2.088906e+04 -1.270905e+06 7.690844e+03 4.731594e+03 3.861158e+05 -2.666589e+06 2.303884e+04 -2.941407e+03 8.185596e+05 -4.462177e+03 3.862186e+05 -9.775763e+05 -5.353146e+03
5.353535e-03 -1.790405e+07 -1.911035e+04 -1.682558e+03 6.516208e+06 -1.716267e+05 -2.605531e+06 5.476311e+06 5.500166e+04 -8.651083e+03 -6.524839e+06 1.378960e+07 -1.091759e+04 -5.467476e+06 4.819777e+04 -1.187121e+05 2.000915e+06 -2.762143e+03 -7.434871e+06 1.571287e+07 -1.497679e+04 6.239985e+06 -6.193015e+04 1.503220e+05 -2.283606e+06 1.571257e+07 1.423128e+04 6.941545e+03 -5.718621e+06 -1.355664e+05 -2.282987e+06 4.798344e+06 4.287689e+04
5.555556e-03 -7.383504e+05 -1.721038e+04 6.606315e+02 3.508525e+05 -2.363058e+04 -1.077936e+05 1.302291e+05 2.996986e+03 -8.672018e+02 -3.512059e+05 5.686790e+05 -1.160528e+04 -1.298347e+05 1.506707e+03 -1.614931e+04 8.278188e+04 1.967355e+01 -4.001979e+05 6.480250e+05 -1.358651e+04 1.483711e+05 -2.702784e+03 2.047096e+04 -9.452942e+04 6.479445e+05 1.474068e+04 1.964665e+02 -3.079011e+05 -1.866867e+04 -9.439656e+04 1.139588e+05 1.871227e+03
5.757576e-03 1.343693e+06 -1.344252e+04 -2.715844e+03 -4.409269e+05 5.700581e+03 1.971063e+05 -4.835316e+05 -7.271580e+03 -3.016637e+03 4.416470e+05 -1.034956e+06 -9.307169e+03 4.828185e+05 -7.565040e+03 4.046523e+03 -1.513211e+05 -3.748609e+03 5.032287e+05 -1.179258e+06 -1.047846e+04 -5.509593e+05 8.936162e+03 -5.249072e+03 1.726904e+05 -1.179271e+06 1.192411e+04 2.143701e+03 3.869696e+05 4.364954e+03 1.727168e+05 -4.237304e+05 -6.139019e+03
5.959596e-03 2.967761e+06 -8.613800e+03 -9.073270e+03 -1.090405e+06 3.785779e+04 4.369899e+05 -9.415687e+05 -1.931160e+04 -7.951102e+03 1.092033e+06 -2.285903e+06 -6.254776e+03 9.399147e+05 -1.822068e+04 2.612604e+04 -3.354604e+05 -1.093238e+04 1.244311e+06 -2.604647e+06 -6.393270e+03 -1.072838e+06 2.261554e+04 -3.345589e+04 3.829222e+05 -2.604581e+06 8.294342e+03 6.520575e+03 9.569622e+05 2.953845e+04 3.828277e+05 -8.249095e+05 -1.552271e+04
6.161616e-03 4.264007e+06 -2.870164e+03 -1.758631e+04 -1.636422e+06 7.162294e+04 6.303825e+05 -1.290674e+06 -3.264271e+04 -1.489439e+04 1.638840e+06 -3.284392e+06 -2.557723e+03 1.288202e+06 -3.002836e+04 4.927121e+04 -4.838726e+05 -2.058440e+04 1.867362e+06 -3.742358e+06 -1.475321e+03 -1.470588e+06 3.778072e+04 -6.307842e+04 5.524038e+05 -3.742204e+06 3.959992e+03 1.265112e+04 1.436162e+06 5.592175e+04 5.521784e+05 -1.130602e+06 -2.590640e+04
6.363636e-03 4.308664e+06 9.346026e+02 -2.250064e+04 -1.696989e+06 8.431889e+04 6.396378e+05 -1.275936e+06 -3.809705e+04 -1.910861e+04 1.699517e+06 -3.318853e+06 -1.044272e+01 1.273347e+06 -3.480686e+04 5.793045e+04 -4.909238e+05 -2.614451e+04 1.936489e+06 -3.781605e+06 1.765117e+03 -1.453775e+06 4.396665e+04 -7.421223e+04 5.605106e+05 -3.781417e+06 9.593132e+02 1.637995e+04 1.489325e+06 6.579706e+04 5.602287e+05 -1.117580e+06 -3.012325e+04
6.565657e-03 7.480750e+06 1.525707e+04 -4.718167e+04 -3.044930e+06 1.724663e+05 1.115230e+06 -2.133770e+06 -7.488290e+04 -3.959402e+04 3.049460e+06 -5.762333e+06 9.187667e+03 2.129120e+06 -6.753190e+04 1.183377e+05 -8.558596e+05 -5.423206e+04 3.474646e+06 -6.565762e+06 1.423858e+04 -2.431133e+06 8.591141e+04 -1.515711e+05 9.772891e+05 -6.565356e+06 -9.614723e+03 3.438507e+04 2.672328e+06 1.346297e+05 9.766626e+05 -1.868698e+06 -5.882605e+04
6.767677e-03 1.559221e+06 -2.827598e+03 -1.184008e+04 -6.215904e+05 3.379220e+04 2.335146e+05 -4.751329e+05 -1.780829e+04 -1.057687e+04 6.225704e+05 -1.201077e+06 -2.177933e+03 4.741351e+05 -1.658654e+04 2.321135e+04 -1.791771e+05 -1.393750e+04 7.093675e+05 -1.368516e+06 -1.675588e+03 -5.413499e+05 2.075612e+04 -2.985175e+04 2.046017e+05 -1.368450e+06 3.288749e+03 8.938539e+03 5.455340e+05 2.625352e+04 2.044985e+05 -4.161402e+05 -1.420131e+04
6.969697e-03 1.022810e+06 -3.628321e+03 -9.064309e+03 -4.078283e+05 2.257466e+04 1.538851e+05 -3.203164e+05 -1.309725e+04 -8.283813e+03 4.084932e+05 -7.878949e+05 -2.641320e+03 3.196417e+05 -1.234359e+04 1.550997e+04 -1.180601e+05 -1.075074e+04 4.654402e+05 -8.977211e+05 -2.433558e+03 -3.649556e+05 1.535660e+04 -2.000059e+04 1.348198e+05 -8.976808e+05 3.761182e+03 6.944544e+03 3.579305e+05 1.748456e+04 1.347567e+05 -2.805455e+05 -1.050126e+04
7.171717e-03 7.592148e+05 -3.761969e+03 -7.713783e+03 -3.038804e+05 1.724895e+04 1.147629e+05 -2.430349e+05 -1.079611e+04 -7.153136e+03 3.043902e+05 -5.848549e+05 -2.692568e+03 2.425191e+05 -1.025563e+04 1.185233e+04 -8.803322e+04 -9.190855e+03 3.468217e+05 -6.663706e+05 -2.599370e+03 -2.769026e+05 1.270993e+04 -1.532139e+04 1.005365e+05 -6.663419e+05 3.770901e+03 5.968454e+03 2.667030e+05 1.332210e+04 1.004917e+05 -2.128573e+05 -8.687499e+03
7.373737e-03 5.967177e+05 -3.706068e+03 -6.857102e+03 -2.401848e+05 1.400464e+04 9.063227e+04 -1.948050e+05 -9.351008e+03 -6.425435e+03 2.405981e+05 -4.596876e+05 -2.630039e+03 1.943878e+05 -8.935565e+03 9.623738e+03 -6.951303e+04 -8.196069e+03 2.741349e+05 -5.237512e+05 -2.592925e+03 -2.219504e+05 1.104245e+04 -1.246965e+04 7.939108e+04 -5.237293e+05 3.656943e+03 5.344175e+03 2.108018e+05 1.078718e+04 7.935699e+04 -1.706140e+05 -7.544851e+03
7.575758e-03 4.855594e+05 -3.581190e+03 -6.242678e+03 -1.967659e+05 1.178491e+04 7.410979e+04 -1.614603e+05 -8.331449e+03 -5.896214e+03 1.971124e+05 -3.740648e+05 -2.528216e+03 1.611111e+05 -7.998580e+03 8.098782e+03 -5.683247e+04 -7.479313e+03 2.245860e+05 -4.261903e+05 -2.520966e+03 -1.839581e+05 9.862534e+03 -1.051768e+04 6.491296e+04 -4.261729e+05 3.503221e+03 4.892549e+03 1.726960e+05 9.053442e+03 6.488592e+04 -1.414080e+05 -6.736405e+03
7.777778e-03 4.046983e+05 -3.430954e+03 -5.769579e+03 -1.652404e+05 1.015815e+04 6.207622e+04 -1.369664e+05 -7.561292e+03 -5.483524e+03 1.655376e+05 -3.117789e+05 -2.413624e+03 1.366674e+05 -7.286943e+03 6.981144e+03 -4.759740e+04 -6.925267e+03 1.886089e+05 -3.552204e+05 -2.422554e+03 -1.560503e+05 8.968856e+03 -9.086598e+03 5.436863e+04 -3.552062e+05 3.339164e+03 4.541901e+03 1.450281e+05 7.783343e+03 5.434657e+04 -1.199545e+05 -6.124174e+03
7.979798e-03 3.433927e+05 -3.273918e+03 -5.388161e+03 -1.413557e+05 8.909940e+03 5.294028e+04 -1.182236e+05 -6.952638e+03 -5.147020e+03 1.416150e+05 -2.645560e+05 -2.297298e+03 1.179631e+05 -6.721781e+03 6.123561e+03 -4.058640e+04 -6.477109e+03 1.613509e+05 -3.014137e+05 -2.314613e+03 -1.346952e+05 8.260871e+03 -7.988126e+03 4.636355e+04 -3.014018e+05 3.176701e+03 4.257018e+03 1.240660e+05 6.809174e+03 4.634518e+04 -1.035383e+05 -5.639229e+03
8.181818e-03 2.954915e+05 -3.118614e+03 -5.070656e+03 -1.226895e+05 7.919950e+03 4.579112e+04 -1.034468e+05 -6.455867e+03 -4.864082e+03 1.229188e+05 -2.276579e+05 -2.184135e+03 1.032168e+05 -6.258465e+03 5.443394e+03 -3.510034e+04 -6.102998e+03 1.400482e+05 -2.593717e+05 -2.205151e+03 -1.178589e+05 7.681755e+03 -7.116605e+03 4.009951e+04 -2.593616e+05 3.020891e+03 4.018205e+03 1.076838e+05 6.036835e+03 4.008397e+04 -9.059587e+04 -5.242616e+03
8.383838e-03 2.571869e+05 -2.969039e+03 -4.800082e+03 -1.077491e+05 7.114797e+03 4.006498e+04 -9.152557e+04 -6.040480e+03 -4.620822e+03 1.079540e+05 -1.981519e+05 -2.076297e+03 9.132030e+04 -5.869500e+03 4.890230e+03 -3.070650e+04 -5.783418e+03 1.229970e+05 -2.257522e+05 -2.098099e+03 -1.042761e+05 7.196546e+03 -6.407579e+03 3.508247e+04 -2.257436e+05 2.873772e+03 3.813401e+03 9.457150e+04 5.408931e+03 3.506915e+04 -8.015459e+04 -4.910362e+03
8.585859e-03 2.259844e+05 -2.826980e+03 -4.565343e+03 -9.556021e+04 6.446889e+03 3.539258e+04 -8.172905e+04 -5.686527e+03 -4.408121e+03 9.574486e+04 -1.741163e+05 -1.974631e+03 8.154422e+04 -5.536855e+03 4.431373e+03 -2.712141e+04 -5.505590e+03 1.090859e+05 -1.983661e+05 -1.995372e+03 -9.311429e+04 6.782343e+03 -5.819241e+03 3.098880e+04 -1.983586e+05 2.735959e+03 3.634708e+03 8.387396e+04 4.888245e+03 3.097727e+04 -7.157436e+04 -4.626769e+03
8.787879e-03 2.001778e+05 -2.693088e+03 -4.358809e+03 -8.545856e+04 5.883880e+03 3.152131e+04 -7.355537e+04 -5.380319e+03 -4.219675e+03 8.562624e+04 -1.542372e+05 -1.879333e+03 7.338769e+04 -5.248125e+03 4.044597e+03 -2.415120e+04 -5.260709e+03 9.755663e+04 -1.757159e+05 -1.897836e+03 -8.380146e+04 6.423416e+03 -5.323171e+03 2.759715e+04 -1.757093e+05 2.607383e+03 3.476678e+03 7.500827e+04 4.449488e+03 2.758708e+04 -6.441555e+04 -4.381051e+03
8.989899e-03 1.785598e+05 -2.567427e+03 -4.175020e+03 -7.697533e+04 5.402953e+03 2.827237e+04 -6.664790e+04 -5.112100e+03 -4.050944e+03 7.712856e+04 -1.375843e+05 -1.790268e+03 6.649481e+04 -4.994446e+03 3.714224e+03 -2.165861e+04 -5.042458e+03 8.787437e+04 -1.567418e+05 -1.805787e+03 -7.593135e+04 6.108539e+03 -4.899316e+03 2.475082e+04 -1.567359e+05 2.487646e+03 3.335402e+03 6.756296e+04 4.074819e+03 2.474196e+04 -5.836581e+04 -4.165512e+03
9.191919e-03 1.602516e+05 -2.449750e+03 -4.009938e+03 -6.977017e+04 4.987513e+03 2.551562e+04 -6.074620e+04 -4.874698e+03 -3.898549e+03 6.991095e+04 -1.234810e+05 -1.707140e+03 6.060565e+04 -4.769290e+03 3.428851e+03 -1.954375e+04 -4.846157e+03 7.965065e+04 -1.406726e+05 -1.719217e+03 -6.920720e+04 5.829451e+03 -4.533091e+03 2.233576e+04 -1.406674e+05 2.376204e+03 3.207974e+03 6.123932e+04 3.751269e+03 2.232791e+04 -5.319700e+04 -3.974490e+03
9.393939e-03 1.445989e+05 -2.339660e+03 -3.860494e+03 -6.359011e+04 4.625187e+03 2.315410e+04 -5.565562e+04 -4.662709e+03 -3.759907e+03 6.372008e+04 -1.114232e+05 -1.629581e+03 5.552595e+04 -4.567719e+03 3.179975e+03 -1.773221e+04 -4.668240e+03 7.259682e+04 -1.269342e+05 -1.637949e+03 -6.340721e+04 5.579917e+03 -4.213619e+03 2.026702e+04 -1.269296e+05 2.272465e+03 3.092181e+03 5.581535e+04 3.469167e+03 2.026003e+04 -4.873863e+04 -3.803710e+03
9.595960e-03 1.311051e+05 -2.236689e+03 -3.724304e+03 -5.824337e+04 4.306548e+03 2.111417e+04 -5.122782e+04 -4.471966e+03 -3.632997e+03 5.836388e+04 -1.010282e+05 -1.557200e+03 5.110768e+04 -4.385922e+03 2.961118e+03 -1.616747e+04 -4.505933e+03 6.649403e+04 -1.150905e+05 -1.561725e+03 -5.836240e+04 5.355127e+03 -3.932609e+03 1.848007e+04 -1.150863e+05 2.175832e+03 2.986292e+03 5.112274e+04 3.221148e+03 1.847381e+04 -4.486077e+04 -3.649876e+03
9.797980e-03 1.193863e+05 -2.140351e+03 -3.599478e+03 -5.358207e+04 4.024282e+03 1.933893e+04 -4.734788e+04 -4.299203e+03 -3.516209e+03 5.369423e+04 -9.200061e+04 -1.489610e+03 4.723613e+04 -4.220900e+03 2.767253e+03 -1.480584e+04 -4.357033e+03 6.117350e+04 -1.048048e+05 -1.490245e+03 -5.394179e+04 5.151302e+03 -3.683630e+03 1.692504e+04 -1.048010e+05 2.085734e+03 2.888934e+03 4.703169e+04 3.001498e+03 1.691941e+04 -4.146276e+04 -3.510398e+03
1.000000e-02 1.091419e+05 -2.050164e+03 -3.484496e+03 -4.949043e+04 3.772625e+03 1.778376e+04 -4.392540e+04 -4.141813e+03 -3.408236e+03 4.959517e+04 -8.410873e+04 -1.426437e+03 4.382109e+04 -4.070258e+03 2.594420e+03 -1.361310e+04 -4.219763e+03 5.650313e+04 -9.581310e+04 -1.423198e+03 -5.004241e+04 4.965427e+03 -3.461610e+03 1.556283e+04 -9.580966e+04 2.001636e+03 2.798995e+03 4.344060e+04 2.805714e+03 1.555775e+04 -3.846542e+04 -3.383209e+03
