-1.000000e-02 -5.976122e+04 -2.308150e+03 2.249230e+03 -1.786158e+04 3.238325e+03 1.341063e+03 -1.417024e+04 2.791891e+03 2.212776e+03 1.793315e+04 4.605307e+04 -1.592815e+03 1.409873e+04 2.759566e+03 2.223611e+03 -1.074583e+03 2.746502e+03 2.043747e+04 5.246318e+04 -1.686252e+03 -1.614954e+04 -3.358304e+03 -2.947411e+03 1.197134e+03 5.245940e+04 2.154511e+03 -1.800437e+03 1.567344e+04 2.428423e+03 1.202043e+03 -1.237146e+04 2.286012e+03
-9.797980e-03 -6.301218e+04 -2.383628e+03 2.279589e+03 -1.846643e+04 3.366542e+03 1.476002e+03 -1.448530e+04 2.839080e+03 2.241280e+03 1.854039e+04 4.855651e+04 -1.644610e+03 1.441136e+04 2.805005e+03 2.311254e+03 -1.178950e+03 2.783047e+03 2.112960e+04 5.531610e+04 -1.745302e+03 -1.650870e+04 -3.414281e+03 -3.059159e+03 1.315682e+03 5.531211e+04 2.220726e+03 -1.823950e+03 1.620408e+04 2.529070e+03 1.320892e+03 -1.264567e+04 2.324199e+03
-9.595960e-03 -6.650042e+04 -2.462759e+03 2.310558e+03 -1.910070e+04 3.502855e+03 1.621943e+03 -1.480124e+04 2.887910e+03 2.270260e+03 1.917715e+04 5.124263e+04 -1.698914e+03 1.472477e+04 2.851956e+03 2.404426e+03 -1.291782e+03 2.820323e+03 2.185539e+04 5.837724e+04 -1.807208e+03 -1.686888e+04 -3.472166e+03 -3.177976e+03 1.443870e+03 5.837301e+04 2.290150e+03 -1.847853e+03 1.676052e+04 2.636055e+03 1.449403e+03 -1.292055e+04 2.363683e+03
-9.393939e-03 -7.024751e+04 -2.545761e+03 2.342138e+03 -1.976619e+04 3.647970e+03 1.779923e+03 -1.511648e+04 2.938469e+03 2.299702e+03 1.984526e+04 5.412803e+04 -1.755875e+03 1.503734e+04 2.900494e+03 2.503608e+03 -1.413877e+03 2.858329e+03 2.261691e+04 6.166549e+04 -1.872140e+03 -1.722828e+04 -3.532058e+03 -3.304479e+03 1.582604e+03 6.166102e+04 2.362974e+03 -1.872135e+03 1.734435e+04 2.749924e+03 1.588486e+03 -1.319470e+04 2.404532e+03
-9.191919e-03 -7.427734e+04 -2.632865e+03 2.374327e+03 -2.046484e+04 3.802671e+03 1.951095e+03 -1.542907e+04 2.990848e+03 2.329592e+03 2.054665e+04 5.723111e+04 -1.815652e+03 1.534712e+04 2.950698e+03 2.609335e+03 -1.546120e+03 2.897062e+03 2.341637e+04 6.520185e+04 -1.940278e+03 -1.758465e+04 -3.594062e+03 -3.439354e+03 1.732895e+03 6.519711e+04 2.439399e+03 -1.896786e+03 1.795727e+04 2.871292e+03 1.739154e+03 -1.346638e+04 2.446816e+03
-8.989899e-03 -7.861648e+04 -2.724316e+03 2.407121e+03 -2.119872e+04 3.967833e+03 2.136741e+03 -1.573665e+04 3.045151e+03 2.359908e+03 2.128342e+04 6.057232e+04 -1.878414e+03 1.565174e+04 3.002655e+03 2.722203e+03 -1.689495e+03 2.936515e+03 2.425615e+04 6.900962e+04 -2.011814e+03 -1.793533e+04 -3.658291e+03 -3.583367e+03 1.895863e+03 6.900459e+04 2.519642e+03 -1.921787e+03 1.860110e+04 3.000839e+03 1.902530e+03 -1.373354e+04 2.490612e+03
-8.787879e-03 -8.329448e+04 -2.820375e+03 2.440512e+03 -2.197009e+04 4.144436e+03 2.338288e+03 -1.603637e+04 3.101488e+03 2.390628e+03 2.205782e+04 6.417441e+04 -1.944339e+03 1.594834e+04 3.056459e+03 2.842880e+03 -1.845100e+03 2.976678e+03 2.513884e+04 7.311472e+04 -2.086951e+03 -1.827706e+04 -3.724871e+03 -3.737375e+03 2.072759e+03 7.310938e+04 2.603932e+03 -1.947121e+03 1.927781e+04 3.139331e+03 2.079869e+03 -1.399365e+04 2.536005e+03
-8.585859e-03 -8.834431e+04 -2.921319e+03 2.474492e+03 -2.278136e+04 4.333582e+03 2.557330e+03 -1.632477e+04 3.159979e+03 2.421722e+03 2.287228e+04 6.806276e+04 -2.013619e+03 1.623345e+04 3.112212e+03 2.972119e+03 -2.014158e+03 3.017537e+03 2.606718e+04 7.754608e+04 -2.165906e+03 -1.860591e+04 -3.793935e+03 -3.902342e+03 2.264978e+03 7.754041e+04 2.692514e+03 -1.972763e+03 1.998953e+04 3.287625e+03 2.272568e+03 -1.424367e+04 2.583087e+03
-8.383838e-03 -9.380277e+04 -3.027442e+03 2.509048e+03 -2.363515e+04 4.536510e+03 2.795648e+03 -1.659770e+04 3.220758e+03 2.453154e+03 2.372942e+04 7.226570e+04 -2.086456e+03 1.650291e+04 3.170027e+03 3.110763e+03 -2.198037e+03 3.059073e+03 2.704419e+04 8.233601e+04 -2.248907e+03 -1.891713e+04 -3.865633e+03 -4.079354e+03 2.474080e+03 8.232996e+04 2.785646e+03 -1.998687e+03 2.073855e+04 3.446687e+03 2.482190e+03 -1.447995e+04 2.631957e+03
-8.181818e-03 -9.971111e+04 -3.139058e+03 2.544163e+03 -2.453428e+04 4.754625e+03 3.055240e+03 -1.685015e+04 3.283971e+03 2.484885e+03 2.463209e+04 7.681499e+04 -2.163064e+03 1.675170e+04 3.230024e+03 3.259770e+03 -2.398272e+03 3.101264e+03 2.807309e+04 8.752067e+04 -2.336200e+03 -1.920503e+04 -3.940127e+03 -4.269638e+03 2.701811e+03 8.751423e+04 2.883605e+03 -2.024858e+03 2.152735e+04 3.617612e+03 2.710488e+03 -1.469808e+04 2.682726e+03
-7.979798e-03 -1.061156e+05 -3.256496e+03 2.579817e+03 -2.548185e+04 4.989518e+03 3.338346e+03 -1.707608e+04 3.349781e+03 2.516865e+03 2.558338e+04 8.174624e+04 -2.243670e+03 1.697377e+04 3.292341e+03 3.420225e+03 -2.616585e+03 3.144082e+03 2.915741e+04 9.314068e+04 -2.428042e+03 -1.946272e+04 -4.017598e+03 -4.474590e+03 2.950135e+03 9.313380e+04 2.986680e+03 -2.051239e+03 2.235864e+04 3.801637e+03 2.959429e+03 -1.489275e+04 2.735518e+03
-7.777778e-03 -1.130683e+05 -3.380107e+03 2.615986e+03 -2.648120e+04 5.243005e+03 3.647491e+03 -1.726822e+04 3.418369e+03 2.549040e+03 2.658665e+04 8.709952e+04 -2.328516e+03 1.716182e+04 3.357127e+03 3.593364e+03 -2.854912e+03 3.187495e+03 3.030099e+04 9.924172e+04 -2.524705e+03 -1.968191e+04 -4.098249e+03 -4.695798e+03 3.221259e+03 9.923437e+04 3.095181e+03 -2.077786e+03 2.323536e+04 4.000177e+03 3.231228e+03 -1.505757e+04 2.790467e+03
-7.575758e-03 -1.206279e+05 -3.510259e+03 2.652644e+03 -2.753601e+04 5.517163e+03 3.985521e+03 -1.741781e+04 3.489940e+03 2.581345e+03 2.764560e+04 9.292008e+04 -2.417855e+03 1.730707e+04 3.424554e+03 3.780604e+03 -3.115443e+03 3.231464e+03 3.150803e+04 1.058753e+05 -2.626476e+03 -1.985263e+04 -4.182305e+03 -4.935083e+03 3.517677e+03 1.058675e+05 3.209433e+03 -2.104448e+03 2.416073e+04 4.214848e+03 3.528382e+03 -1.518482e+04 2.847729e+03
-7.373737e-03 -1.288610e+05 -3.647340e+03 2.689761e+03 -2.865034e+04 5.814383e+03 4.355660e+03 -1.751427e+04 3.564724e+03 2.613710e+03 2.876429e+04 9.925909e+04 -2.511953e+03 1.739894e+04 3.494810e+03 3.983572e+03 -3.400650e+03 3.275947e+03 3.278317e+04 1.130998e+05 -2.733658e+03 -1.996280e+04 -4.270023e+03 -5.194538e+03 3.842208e+03 1.130914e+05 3.329779e+03 -2.131169e+03 2.513832e+04 4.447509e+03 3.853720e+03 -1.526521e+04 2.907476e+03
-7.171717e-03 -1.378430e+05 -3.791756e+03 2.727301e+03 -2.982867e+04 6.137427e+03 4.761565e+03 -1.754480e+04 3.642987e+03 2.646052e+03 2.994722e+04 1.061747e+05 -2.611090e+03 1.742460e+04 3.568117e+03 4.204151e+03 -3.713346e+03 3.320896e+03 3.413154e+04 1.209815e+05 -2.846567e+03 -1.999786e+04 -4.361695e+03 -5.476583e+03 4.198055e+03 1.209725e+05 3.456577e+03 -2.157884e+03 2.617205e+04 4.700310e+03 4.210452e+03 -1.528751e+04 2.969906e+03
-6.969697e-03 -1.476600e+05 -3.943932e+03 2.765231e+03 -3.107602e+04 6.489508e+03 5.207404e+03 -1.749392e+04 3.725032e+03 2.678283e+03 3.119944e+04 1.137331e+05 -2.715560e+03 1.736854e+04 3.644724e+03 4.444530e+03 -4.056729e+03 3.366261e+03 3.555890e+04 1.295959e+05 -2.965532e+03 -1.994015e+04 -4.457660e+03 -5.784034e+03 4.588865e+03 1.295861e+05 3.590204e+03 -2.184522e+03 2.726633e+04 4.975748e+03 4.602235e+03 -1.523808e+04 3.035249e+03
-6.767677e-03 -1.584106e+05 -4.104310e+03 2.803517e+03 -3.239807e+04 6.874387e+03 5.697945e+03 -1.734282e+04 3.811215e+03 2.710303e+03 3.252664e+04 1.220101e+05 -2.825666e+03 1.721194e+04 3.724926e+03 4.707269e+03 -4.434464e+03 3.411989e+03 3.707172e+04 1.390293e+05 -3.090897e+03 -1.976825e+04 -4.558310e+03 -6.120187e+03 5.018811e+03 1.390188e+05 3.731051e+03 -2.211008e+03 2.842614e+04 5.276746e+03 5.033255e+03 -1.510042e+04 3.103771e+03
-6.565657e-03 -1.702080e+05 -4.273345e+03 2.842125e+03 -3.380130e+04 7.296492e+03 6.238668e+03 -1.706860e+04 3.901953e+03 2.742007e+03 3.393533e+04 1.310931e+05 -2.941723e+03 1.693185e+04 3.809068e+03 4.995384e+03 -4.850759e+03 3.458031e+03 3.867743e+04 1.493813e+05 -3.223015e+03 -1.945605e+04 -4.664107e+03 -6.488922e+03 5.492690e+03 1.493700e+05 3.879523e+03 -2.237259e+03 2.965718e+04 5.606746e+03 5.508319e+03 -1.485439e+04 3.175784e+03
-6.363636e-03 -1.831835e+05 -4.451503e+03 2.881033e+03 -3.529323e+04 7.761081e+03 6.835905e+03 -1.664325e+04 3.997743e+03 2.773282e+03 3.543304e+04 1.410830e+05 -3.064054e+03 1.650025e+04 3.897564e+03 5.312458e+03 -5.310477e+03 3.504342e+03 4.038461e+04 1.607670e+05 -3.362247e+03 -1.897165e+04 -4.775603e+03 -6.894850e+03 6.016043e+03 1.607548e+05 4.036037e+03 -2.263189e+03 3.096603e+04 5.969833e+03 6.032986e+03 -1.447540e+04 3.251663e+03
-6.161616e-03 -1.974897e+05 -4.639258e+03 2.920230e+03 -3.688273e+04 8.274450e+03 7.497017e+03 -1.603241e+04 4.099184e+03 2.804016e+03 3.702867e+04 1.520974e+05 -3.192986e+03 1.588271e+04 3.990912e+03 5.662776e+03 -5.819275e+03 3.550892e+03 4.220342e+04 1.733204e+05 -3.508959e+03 -1.827585e+04 -4.893465e+03 -7.343491e+03 6.595314e+03 1.733072e+05 4.201014e+03 -2.288714e+03 3.236048e+04 6.370897e+03 6.613717e+03 -1.393324e+04 3.331859e+03
-5.959596e-03 -2.133062e+05 -4.837083e+03 2.959731e+03 -3.858046e+04 8.844210e+03 8.230634e+03 -1.519362e+04 4.207008e+03 2.834098e+03 3.873292e+04 1.642745e+05 -3.328848e+03 1.503676e+04 4.089726e+03 6.051521e+03 -6.383783e+03 3.597676e+03 4.414602e+04 1.871990e+05 -3.663514e+03 -1.732031e+04 -5.018508e+03 -7.841518e+03 7.238054e+03 1.871845e+05 4.374881e+03 -2.313753e+03 3.384988e+04 6.815848e+03 7.258087e+03 -1.319064e+04 3.416926e+03
-5.757576e-03 -2.308456e+05 -5.045443e+03 2.999587e+03 -4.039950e+04 9.479659e+03 9.046956e+03 -1.407418e+04 4.322126e+03 2.863431e+03 4.055889e+04 1.777778e+05 -3.471966e+03 1.390961e+04 4.194771e+03 6.485026e+03 -7.011837e+03 3.644729e+03 4.622738e+04 2.025892e+05 -3.826270e+03 -1.604494e+04 -5.151745e+03 -8.397086e+03 7.953194e+03 2.025735e+05 4.558059e+03 -2.338240e+03 3.544571e+04 7.311908e+03 7.975049e+03 -1.220129e+04 3.507551e+03
-5.555556e-03 -2.503627e+05 -5.264782e+03 3.039914e+03 -4.235632e+04 1.019230e+04 9.958178e+03 -1.260809e+04 4.445682e+03 2.891944e+03 4.252310e+04 1.928037e+05 -3.622652e+03 1.243521e+04 4.307016e+03 6.971122e+03 -7.712809e+03 3.692154e+03 4.846630e+04 2.197149e+05 -3.997565e+03 -1.437453e+04 -5.294461e+03 -9.020285e+03 8.751406e+03 2.196977e+05 4.750957e+03 -2.362134e+03 3.716240e+04 7.868006e+03 8.775312e+03 -1.090721e+04 3.604603e+03
-5.353535e-03 -2.721675e+05 -5.495509e+03 3.080917e+03 -4.447213e+04 1.099657e+04 1.097908e+04 -1.071196e+04 4.579149e+03 2.919615e+03 4.464681e+04 2.095908e+05 -3.781197e+03 1.053007e+04 4.427713e+03 7.519638e+03 -8.498054e+03 3.740154e+03 5.088703e+04 2.388478e+05 -4.177708e+03 -1.221404e+04 -5.448303e+03 -9.723778e+03 9.645624e+03 2.388290e+05 4.953957e+03 -2.385440e+03 3.901859e+04 8.495349e+03 9.671848e+03 -9.235174e+03 3.709203e+03
-5.151515e-03 -2.966430e+05 -5.737975e+03 3.122947e+03 -4.677507e+04 1.191088e+04 1.212785e+04 -8.279204e+03 4.724451e+03 2.946506e+03 4.695824e+04 2.284340e+05 -3.947856e+03 8.087528e+03 4.558510e+03 8.143109e+03 -9.381561e+03 3.789094e+03 5.352174e+04 2.603242e+05 -4.366959e+03 -9.442027e+03 -5.615436e+03 -1.052371e+04 1.065178e+04 2.603036e+05 5.167398e+03 -2.408240e+03 4.103896e+04 9.208223e+03 1.068064e+04 -7.091556e+03 3.822820e+03
-4.949495e-03 -3.242726e+05 -5.992448e+03 3.166579e+03 -4.930355e+04 1.295916e+04 1.342737e+04 -5.171693e+03 4.884167e+03 2.972816e+03 4.949588e+04 2.497052e+05 -4.122834e+03 4.969291e+03 4.701624e+03 8.857833e+03 -1.038091e+04 3.839588e+03 5.641426e+04 2.845682e+05 -4.565504e+03 -5.901050e+03 -5.798766e+03 -1.144109e+04 1.178989e+04 2.845454e+05 5.391557e+03 -2.430739e+03 4.325720e+04 1.002521e+04 1.182177e+04 -4.355024e+03 3.947425e+03
-4.747475e-03 -3.556817e+05 -6.259063e+03 3.212732e+03 -5.211159e+04 1.417325e+04 1.490711e+04 -1.207186e+03 5.061829e+03 2.998968e+03 5.231385e+04 2.738861e+05 -4.306253e+03 9.929317e+02 4.860115e+03 9.685486e+03 -1.151876e+04 3.892637e+03 5.962633e+04 3.121284e+05 -4.773426e+03 -1.383426e+03 -6.002283e+03 -1.250384e+04 1.308575e+04 3.121032e+05 5.626617e+03 -2.453342e+03 4.572070e+04 1.097101e+04 1.312112e+04 -8.654991e+02 4.085731e+03
-4.545455e-03 -3.917049e+05 -6.537773e+03 3.262874e+03 -5.527774e+04 1.559666e+04 1.660622e+04 3.860178e+03 5.262427e+03 3.025755e+03 5.549090e+04 3.016193e+05 -4.498125e+03 -4.087674e+03 5.038323e+03 1.065571e+04 -1.282524e+04 3.949868e+03 6.324765e+04 3.437374e+05 -4.990647e+03 4.391034e+03 -6.231638e+03 -1.375015e+04 1.457365e+04 3.437093e+05 5.872623e+03 -2.476785e+03 4.849841e+04 1.207940e+04 1.461310e+04 3.592986e+03 4.241575e+03
-4.343434e-03 -4.334999e+05 -6.828251e+03 3.319374e+03 -5.892057e+04 1.729092e+04 1.857881e+04 1.037178e+04 5.493254e+03 3.054586e+03 5.914583e+04 3.337959e+05 -4.698292e+03 -1.061429e+04 5.242623e+03 1.181039e+04 -1.434193e+04 4.013924e+03 6.741365e+04 3.804109e+05 -5.216859e+03 1.181138e+04 -6.495106e+03 -1.523400e+04 1.630094e+04 3.803794e+05 6.129418e+03 -2.502345e+03 5.169432e+04 1.339814e+04 1.634522e+04 9.320323e+03 4.420580e+03
-4.141414e-03 -4.827507e+05 -7.129745e+03 3.386131e+03 -6.322678e+04 1.934675e+04 2.090321e+04 1.881987e+04 5.765430e+03 3.087939e+03 6.346573e+04 3.717124e+05 -4.906344e+03 -1.907977e+04 5.482775e+03 1.321133e+04 -1.612911e+04 4.089186e+03 7.233757e+04 4.236266e+05 -5.451391e+03 2.143860e+04 -6.805327e+03 -1.703500e+04 1.833622e+04 4.235910e+05 6.396546e+03 -2.532244e+03 5.547228e+04 1.499763e+04 1.838633e+04 1.674897e+04 4.631337e+03
-3.939394e-03 -5.420595e+05 -7.440815e+03 3.469799e+03 -6.850635e+04 2.190532e+04 2.370008e+04 2.995106e+04 6.096847e+03 3.130236e+03 6.876122e+04 4.173723e+05 -5.121466e+03 -3.023167e+04 5.774533e+03 1.495468e+04 -1.827959e+04 4.183172e+03 7.837343e+04 4.756679e+05 -5.692985e+03 3.412354e+04 -7.182672e+03 -1.927703e+04 2.078510e+04 4.756272e+05 6.673073e+03 -2.570414e+03 6.010424e+04 1.698746e+04 2.084244e+04 2.653491e+04 4.887691e+03
-3.737374e-03 -6.157750e+05 -7.758799e+03 3.582397e+03 -7.531037e+04 2.520276e+04 2.717040e+04 4.497943e+04 6.518422e+03 3.189713e+03 7.558451e+04 4.741237e+05 -5.342144e+03 -4.528572e+04 6.145194e+03 1.720129e+04 -2.094803e+04 4.309507e+03 8.615062e+04 5.403508e+05 -5.939337e+03 5.124980e+04 -7.662378e+03 -2.216728e+04 2.382357e+04 5.403036e+05 6.957245e+03 -2.624138e+03 6.607372e+04 1.955093e+04 2.389019e+04 3.974491e+04 5.213597e+03
-3.535354e-03 -7.119864e+05 -8.078578e+03 3.747653e+03 -8.471758e+04 2.967613e+04 3.168706e+04 6.608712e+04 7.089204e+03 3.282976e+03 8.501657e+04 5.481943e+05 -5.565466e+03 -6.642723e+04 6.646997e+03 2.024892e+04 -2.442136e+04 4.495151e+03 9.690114e+04 6.247734e+05 -6.186008e+03 7.530418e+04 -8.311808e+03 -2.608930e+04 2.777811e+04 6.247174e+05 7.245690e+03 -2.708046e+03 7.432720e+04 2.302737e+04 2.785728e+04 5.829657e+04 5.654852e+03
-3.333333e-03 -8.483171e+05 -8.388965e+03 4.019673e+03 -9.917621e+04 3.626906e+04 3.806073e+04 9.784896e+04 7.940560e+03 3.448448e+03 9.951061e+04 6.531525e+05 -5.785129e+03 -9.823812e+04 7.396309e+03 2.474049e+04 -2.932346e+04 4.801684e+03 1.134211e+05 7.444003e+05 -6.423285e+03 1.115002e+05 -9.280917e+03 -3.187111e+04 3.335853e+04 7.443313e+05 7.531131e+03 -2.855919e+03 8.701272e+04 2.814944e+04 3.345625e+04 8.621047e+04 6.313409e+03
-3.131313e-03 -1.075103e+06 -8.658064e+03 4.558914e+03 -1.259117e+05 4.764632e+04 4.860265e+04 1.528209e+05 9.454363e+03 3.801264e+03 1.263069e+05 8.277524e+05 -5.983285e+03 -1.532949e+05 8.731668e+03 3.249176e+04 -3.743309e+04 5.411877e+03 1.439625e+05 9.434014e+05 -6.623351e+03 1.741467e+05 -1.100575e+04 -4.185105e+04 4.258850e+04 9.433095e+05 7.793069e+03 -3.168854e+03 1.104698e+05 3.698637e+04 4.271863e+04 1.345225e+05 7.485751e+03
-2.929293e-03 -1.669932e+06 -8.706193e+03 6.284832e+03 -2.059634e+05 7.833228e+04 7.603345e+04 2.974891e+05 1.377538e+04 5.007047e+03 2.065292e+05 1.285710e+06 -6.059637e+03 -2.981994e+05 1.255520e+04 5.340032e+04 -5.854104e+04 7.373452e+03 2.353960e+05 1.465358e+06 -6.629032e+03 3.390116e+05 -1.593574e+04 -6.877427e+04 6.660607e+04 1.465203e+06 7.916803e+03 -4.231003e+03 1.807059e+05 6.081749e+04 6.682636e+04 2.616755e+05 1.083743e+04
-2.727273e-03 7.966790e+06 -1.536515e+04 -2.611921e+04 1.236877e+06 -4.237750e+05 -3.652607e+05 -1.976605e+06 -6.120205e+04 -1.854033e+04 -1.239267e+06 -6.133651e+06 -9.819542e+03 1.979943e+06 -5.395604e+04 -2.887695e+05 2.811226e+05 -2.956073e+04 -1.412445e+06 -6.990832e+06 -1.242239e+04 -2.252559e+06 6.970098e+04 3.718267e+05 -3.197876e+05 -6.989942e+06 1.224818e+04 1.642684e+04 -1.085225e+06 -3.291176e+05 -3.210981e+05 -1.737386e+06 -4.739457e+04
-2.525253e-03 -7.720493e+05 -1.027829e+04 2.355706e+03 -4.211019e+04 3.250621e+04 3.556627e+04 1.203594e+05 5.765084e+03 2.001010e+03 4.235049e+04 5.944042e+05 -7.042541e+03 -1.206478e+05 5.426046e+03 2.215707e+04 -2.737543e+04 2.882046e+03 4.827489e+04 6.774505e+05 -7.930769e+03 1.371589e+05 -6.774066e+03 -2.855397e+04 3.117228e+04 6.774064e+05 9.114290e+03 -1.603825e+03 3.694220e+04 2.522046e+04 3.123374e+04 1.058706e+05 4.605342e+03
-2.323232e-03 -3.853571e+06 -9.402109e+03 1.000742e+04 -4.213055e+05 2.010198e+05 1.786163e+05 1.001240e+06 2.671092e+04 7.156595e+03 4.223245e+05 2.966841e+06 -6.645594e+03 -1.002682e+06 2.398181e+04 1.369421e+05 -1.374275e+05 1.159341e+04 4.813511e+05 3.381441e+06 -7.125839e+03 1.141028e+06 -3.068743e+04 -1.764186e+05 1.564261e+05 3.381083e+06 8.698768e+03 -6.134467e+03 3.696420e+05 1.560353e+05 1.569223e+05 8.798428e+05 2.085916e+04
-2.121212e-03 5.075601e+06 -1.312361e+04 -1.139123e+04 6.590549e+05 -2.952891e+05 -2.364916e+05 -1.650754e+06 -3.309711e+04 -7.170772e+03 -6.602203e+05 -3.907607e+06 -8.617910e+03 1.652628e+06 -2.905319e+04 -2.011001e+05 1.819122e+05 -1.280305e+04 -7.524816e+05 -4.453726e+06 -1.034691e+04 -1.881258e+06 3.762670e+04 2.590858e+05 -2.070470e+05 -4.453227e+06 1.098886e+04 6.429829e+03 -5.782487e+05 -2.292034e+05 -2.077827e+05 -1.450137e+06 -2.557138e+04
-1.919192e-03 9.624800e+06 -1.433849e+04 -1.890513e+04 1.086757e+06 -5.775711e+05 -4.504320e+05 -3.374006e+06 -5.973736e+04 -1.153868e+04 -1.088770e+06 -7.409864e+06 -9.229933e+03 3.377418e+06 -5.267469e+04 -3.932715e+05 3.464305e+05 -2.137769e+04 -1.240924e+06 -8.445445e+06 -1.137388e+04 -3.845174e+06 6.806163e+04 5.067794e+05 -3.943810e+05 -8.444606e+06 1.172470e+04 1.025374e+04 -9.535063e+05 -4.482096e+05 -3.956669e+05 -2.963567e+06 -4.624677e+04
-1.717172e-03 -1.264498e+06 -1.180762e+04 2.209991e+03 -4.357575e+04 6.941317e+04 5.938491e+04 3.915211e+05 7.571130e+03 1.567506e+03 4.384473e+04 9.735068e+05 -8.087825e+03 -3.919246e+05 6.955087e+03 4.726119e+04 -4.567216e+04 2.673392e+03 4.997936e+04 1.109544e+06 -9.122168e+03 4.461917e+05 -8.795793e+03 -6.092395e+04 5.202276e+04 1.109463e+06 1.045606e+04 -1.256250e+03 3.822696e+04 5.384478e+04 5.213527e+04 3.439031e+05 5.975549e+03
-1.515152e-03 9.267643e+04 -1.240528e+04 -8.895754e+01 8.645203e+04 -1.639777e+04 -4.390493e+03 -1.345288e+05 -4.530166e+02 1.984388e+02 -8.643779e+04 -7.134596e+04 -8.429783e+03 1.345834e+05 -1.770207e+02 -1.115680e+04 3.371664e+03 3.935069e+01 -9.851080e+04 -8.133229e+04 -9.611598e+03 -1.533176e+05 3.816608e+02 1.437548e+04 -3.822425e+03 -8.129723e+04 1.088055e+04 -6.576424e+01 -7.585702e+04 -1.272777e+04 -3.872926e+03 -1.180904e+05 -2.591137e+02
-1.313131e-03 -9.460371e+05 -1.257336e+04 1.232208e+03 1.261700e+04 6.029340e+04 4.472383e+04 3.764559e+05 5.192988e+03 8.220505e+02 -1.244887e+04 7.283223e+05 -8.582476e+03 -3.767384e+05 4.799371e+03 4.103447e+04 -3.438859e+04 1.529607e+03 -1.418116e+04 8.300981e+05 -9.727217e+03 4.290279e+05 -6.051468e+03 -5.291504e+04 3.918107e+04 8.300464e+05 1.108655e+04 -6.248278e+02 -1.107584e+04 4.675509e+04 3.925313e+04 3.305738e+05 4.109726e+03
-1.111111e-03 9.110617e+06 -1.374985e+04 -9.906158e+03 6.444125e+05 -7.843956e+05 -4.320530e+05 -5.492578e+06 -4.757375e+04 -4.058438e+03 -6.454948e+05 -7.013822e+06 -9.069302e+03 5.495666e+06 -4.195667e+04 -5.337056e+05 3.321425e+05 -1.118117e+04 -7.357010e+05 -7.994082e+06 -1.072880e+04 -6.259735e+06 5.422555e+04 6.882573e+05 -3.783052e+05 -7.993444e+06 1.167117e+04 3.644671e+03 -5.653995e+05 -6.082565e+05 -3.793319e+05 -4.822148e+06 -3.681928e+04
-9.090909e-04 4.645743e+06 -1.347443e+04 -4.343051e+03 3.200399e+05 -4.769984e+05 -2.208017e+05 -3.464870e+06 -2.347043e+04 -1.393969e+03 -3.204724e+05 -3.576530e+06 -9.044906e+03 3.466533e+06 -2.063683e+04 -3.245024e+05 1.697277e+05 -4.858962e+03 -3.652538e+05 -4.076397e+06 -1.046262e+04 -3.948813e+06 2.671623e+04 4.185353e+05 -1.933284e+05 -4.076060e+06 1.166837e+04 1.292958e+03 -2.808021e+05 -3.698311e+05 -1.938473e+05 -3.041695e+06 -1.813757e+04
-7.070707e-04 -6.229936e+05 -1.335656e+04 5.264105e+02 6.296688e+04 6.705366e+04 2.964904e+04 4.768246e+05 3.098598e+03 2.756530e+02 -6.288497e+04 4.796159e+05 -9.092979e+03 -4.770385e+05 2.857715e+03 4.561070e+04 -2.279168e+04 6.716605e+02 -7.166571e+04 5.466397e+05 -1.033856e+04 5.434197e+05 -3.607927e+03 -5.883947e+04 2.597305e+04 5.466080e+05 1.174416e+04 -1.866448e+02 -5.525208e+04 5.197774e+04 2.601727e+04 4.185783e+05 2.449195e+03
-5.050505e-04 1.158124e+04 -1.353372e+04 3.917255e+00 8.909495e+04 -1.322042e+04 -5.591832e+02 -1.198032e+05 -3.527838e+01 9.423482e+01 -8.906177e+04 -8.914961e+03 -9.201245e+03 1.198368e+05 5.159684e+01 -8.992899e+03 4.283574e+02 5.635711e+01 -1.015009e+05 -1.016656e+04 -1.047754e+04 -1.365364e+05 -9.818198e+00 1.159852e+04 -4.814943e+02 -1.015549e+04 1.188399e+04 -4.273190e+01 -7.817631e+04 -1.025063e+04 -4.974577e+02 -1.051502e+05 6.739528e+00
-3.030303e-04 -3.035559e+05 -1.363190e+04 2.096271e+02 8.456144e+04 7.434911e+04 1.447888e+04 5.543633e+05 1.456783e+03 8.770973e+01 -8.451710e+04 2.336936e+05 -9.270719e+03 -5.545583e+05 1.339625e+03 5.056295e+04 -1.112916e+04 2.703110e+02 -9.632103e+04 2.663516e+05 -1.055248e+04 6.317903e+05 -1.694006e+03 -6.523818e+04 1.268322e+04 2.663362e+05 1.197437e+04 -5.278047e+01 -7.419876e+04 5.762431e+04 1.270474e+04 4.865962e+05 1.149762e+03
-1.010101e-04 2.494538e+05 -1.368971e+04 -1.571527e+02 9.154352e+04 -2.210556e+05 -1.190868e+04 -1.733401e+06 -1.174758e+03 6.554288e-01 -9.151192e+04 -1.920413e+05 -9.306837e+03 1.733962e+06 -1.023032e+03 -1.503355e+05 9.152467e+03 -1.685892e+02 -1.042934e+05 -2.188825e+05 -1.059751e+04 -1.975513e+06 1.331441e+03 1.939636e+05 -1.042610e+04 -2.188637e+05 1.202122e+04 7.519796e+00 -8.032469e+04 -1.713337e+05 -1.045396e+04 -1.521453e+06 -9.036007e+02
1.010101e-04 -2.494538e+05 -1.368971e+04 1.571527e+02 9.154352e+04 -2.210556e+05 1.190868e+04 -1.733401e+06 1.174758e+03 -6.554288e-01 -9.151192e+04 1.920413e+05 -9.306837e+03 1.733962e+06 1.023032e+03 -1.503355e+05 -9.152467e+03 1.685892e+02 -1.042934e+05 2.188825e+05 -1.059751e+04 -1.975513e+06 -1.331441e+03 1.939636e+05 1.042610e+04 2.188637e+05 1.202122e+04 -7.519796e+00 -8.032469e+04 -1.713337e+05 1.045396e+04 -1.521453e+06 9.036007e+02
3.030303e-04 3.035559e+05 -1.363190e+04 -2.096271e+02 8.456144e+04 7.434911e+04 -1.447888e+04 5.543633e+05 -1.456783e+03 -8.770973e+01 -8.451710e+04 -2.336936e+05 -9.270719e+03 -5.545583e+05 -1.339625e+03 5.056295e+04 1.112916e+04 -2.703110e+02 -9.632103e+04 -2.663516e+05 -1.055248e+04 6.317903e+05 1.694006e+03 -6.523818e+04 -1.268322e+04 -2.663362e+05 1.197437e+04 5.278047e+01 -7.419876e+04 5.762431e+04 -1.270474e+04 4.865962e+05 -1.149762e+03
5.050505e-04 -1.158124e+04 -1.353372e+04 -3.917255e+00 8.909495e+04 -1.322042e+04 5.591832e+02 -1.198032e+05 3.527838e+01 -9.423482e+01 -8.906177e+04 8.914961e+03 -9.201245e+03 1.198368e+05 -5.159684e+01 -8.992899e+03 -4.283574e+02 -5.635711e+01 -1.015009e+05 1.016656e+04 -1.047754e+04 -1.365364e+05 9.818198e+00 1.159852e+04 4.814943e+02 1.015549e+04 1.188399e+04 4.273190e+01 -7.817631e+04 -1.025063e+04 4.974577e+02 -1.051502e+05 -6.739528e+00
7.070707e-04 6.229936e+05 -1.335656e+04 -5.264105e+02 6.296688e+04 6.705366e+04 -2.964904e+04 4.768246e+05 -3.098598e+03 -2.756530e+02 -6.288497e+04 -4.796159e+05 -9.092979e+03 -4.770385e+05 -2.857715e+03 4.561070e+04 2.279168e+04 -6.716605e+02 -7.166571e+04 -5.466397e+05 -1.033856e+04 5.434197e+05 3.607927e+03 -5.883947e+04 -2.597305e+04 -5.466080e+05 1.174416e+04 1.866448e+02 -5.525208e+04 5.197774e+04 -2.601727e+04 4.185783e+05 -2.449195e+03
9.090909e-04 -4.645743e+06 -1.347443e+04 4.343051e+03 3.200399e+05 -4.769984e+05 2.208017e+05 -3.464870e+06 2.347043e+04 1.393969e+03 -3.204724e+05 3.576530e+06 -9.044906e+03 3.466533e+06 2.063683e+04 -3.245024e+05 -1.697277e+05 4.858962e+03 -3.652538e+05 4.076397e+06 -1.046262e+04 -3.948813e+06 -2.671623e+04 4.185353e+05 1.933284e+05 4.076060e+06 1.166837e+04 -1.292958e+03 -2.808021e+05 -3.698311e+05 1.938473e+05 -3.041695e+06 1.813757e+04
1.111111e-03 -9.110617e+06 -1.374985e+04 9.906158e+03 6.444125e+05 -7.843956e+05 4.320530e+05 -5.492578e+06 4.757375e+04 4.058438e+03 -6.454948e+05 7.013822e+06 -9.069302e+03 5.495666e+06 4.195667e+04 -5.337056e+05 -3.321425e+05 1.118117e+04 -7.357010e+05 7.994082e+06 -1.072880e+04 -6.259735e+06 -5.422555e+04 6.882573e+05 3.783052e+05 7.993444e+06 1.167117e+04 -3.644671e+03 -5.653995e+05 -6.082565e+05 3.793319e+05 -4.822148e+06 3.681928e+04
1.313131e-03 9.460371e+05 -1.257336e+04 -1.232208e+03 1.261700e+04 6.029340e+04 -4.472383e+04 3.764559e+05 -5.192988e+03 -8.220505e+02 -1.244887e+04 -7.283223e+05 -8.582476e+03 -3.767384e+05 -4.799371e+03 4.103447e+04 3.438859e+04 -1.529607e+03 -1.418116e+04 -8.300981e+05 -9.727217e+03 4.290279e+05 6.051468e+03 -5.291504e+04 -3.918107e+04 -8.300464e+05 1.108655e+04 6.248278e+02 -1.107584e+04 4.675509e+04 -3.925313e+04 3.305738e+05 -4.109726e+03
1.515152e-03 -9.267643e+04 -1.240528e+04 8.895754e+01 8.645203e+04 -1.639777e+04 4.390493e+03 -1.345288e+05 4.530166e+02 -1.984388e+02 -8.643779e+04 7.134596e+04 -8.429783e+03 1.345834e+05 1.770207e+02 -1.115680e+04 -3.371664e+03 -3.935069e+01 -9.851080e+04 8.133229e+04 -9.611598e+03 -1.533176e+05 -3.816608e+02 1.437548e+04 3.822425e+03 8.129723e+04 1.088055e+04 6.576424e+01 -7.585702e+04 -1.272777e+04 3.872926e+03 -1.180904e+05 2.591137e+02
1.717172e-03 1.264498e+06 -1.180762e+04 -2.209991e+03 -4.357575e+04 6.941317e+04 -5.938491e+04 3.915211e+05 -7.571130e+03 -1.567506e+03 4.384473e+04 -9.735068e+05 -8.087825e+03 -3.919246e+05 -6.955087e+03 4.726119e+04 4.567216e+04 -2.673392e+03 4.997936e+04 -1.109544e+06 -9.122168e+03 4.461917e+05 8.795793e+03 -6.092395e+04 -5.202276e+04 -1.109463e+06 1.045606e+04 1.256250e+03 3.822696e+04 5.384478e+04 -5.213527e+04 3.439031e+05 -5.975549e+03
1.919192e-03 -9.624800e+06 -1.433849e+04 1.890513e+04 1.086757e+06 -5.775711e+05 4.504320e+05 -3.374006e+06 5.973736e+04 1.153868e+04 -1.088770e+06 7.409864e+06 -9.229933e+03 3.377418e+06 5.267469e+04 -3.932715e+05 -3.464305e+05 2.137769e+04 -1.240924e+06 8.445445e+06 -1.137388e+04 -3.845174e+06 -6.806163e+04 5.067794e+05 3.943810e+05 8.444606e+06 1.172470e+04 -1.025374e+04 -9.535063e+05 -4.482096e+05 3.956669e+05 -2.963567e+06 4.624677e+04
2.121212e-03 -5.075601e+06 -1.312361e+04 1.139123e+04 6.590549e+05 -2.952891e+05 2.364916e+05 -1.650754e+06 3.309711e+04 7.170772e+03 -6.602203e+05 3.907607e+06 -8.617910e+03 1.652628e+06 2.905319e+04 -2.011001e+05 -1.819122e+05 1.280305e+04 -7.524816e+05 4.453726e+06 -1.034691e+04 -1.881258e+06 -3.762670e+04 2.590858e+05 2.070470e+05 4.453227e+06 1.098886e+04 -6.429829e+03 -5.782487e+05 -2.292034e+05 2.077827e+05 -1.450137e+06 2.557138e+04
2.323232e-03 3.853571e+06 -9.402109e+03 -1.000742e+04 -4.213055e+05 2.010198e+05 -1.786163e+05 1.001240e+06 -2.671092e+04 -7.156595e+03 4.223245e+05 -2.966841e+06 -6.645594e+03 -1.002682e+06 -2.398181e+04 1.369421e+05 1.374275e+05 -1.159341e+04 4.813511e+05 -3.381441e+06 -7.125839e+03 1.141028e+06 3.068743e+04 -1.764186e+05 -1.564261e+05 -3.381083e+06 8.698768e+03 6.134467e+03 3.696420e+05 1.560353e+05 -1.569223e+05 8.798428e+05 -2.085916e+04
2.525253e-03 7.720493e+05 -1.027829e+04 -2.355706e+03 -4.211019e+04 3.250621e+04 -3.556627e+04 1.203594e+05 -5.765084e+03 -2.001010e+03 4.235049e+04 -5.944042e+05 -7.042541e+03 -1.206478e+05 -5.426046e+03 2.215707e+04 2.737543e+04 -2.882046e+03 4.827489e+04 -6.774505e+05 -7.930769e+03 1.371589e+05 6.774066e+03 -2.855397e+04 -3.117228e+04 -6.774064e+05 9.114290e+03 1.603825e+03 3.694220e+04 2.522046e+04 -3.123374e+04 1.058706e+05 -4.605342e+03
2.727273e-03 -7.966790e+06 -1.536515e+04 2.611921e+04 1.236877e+06 -4.237750e+05 3.652607e+05 -1.976605e+06 6.120205e+04 1.854033e+04 -1.239267e+06 6.133651e+06 -9.819542e+03 1.979943e+06 5.395604e+04 -2.887695e+05 -2.811226e+05 2.956073e+04 -1.412445e+06 6.990832e+06 -1.242239e+04 -2.252559e+06 -6.970098e+04 3.718267e+05 3.197876e+05 6.989942e+06 1.224818e+04 -1.642684e+04 -1.085225e+06 -3.291176e+05 3.210981e+05 -1.737386e+06 4.739457e+04
2.929293e-03 1.669932e+06 -8.706193e+03 -6.284832e+03 -2.059634e+05 7.833228e+04 -7.603345e+04 2.974891e+05 -1.377538e+04 -5.007047e+03 2.065292e+05 -1.285710e+06 -6.059637e+03 -2.981994e+05 -1.255520e+04 5.340032e+04 5.854104e+04 -7.373452e+03 2.353960e+05 -1.465358e+06 -6.629032e+03 3.390116e+05 1.593574e+04 -6.877427e+04 -6.660607e+04 -1.465203e+06 7.916803e+03 4.231003e+03 1.807059e+05 6.081749e+04 -6.682636e+04 2.616755e+05 -1.083743e+04
3.131313e-03 1.075103e+06 -8.658064e+03 -4.558914e+03 -1.259117e+05 4.764632e+04 -4.860265e+04 1.528209e+05 -9.454363e+03 -3.801264e+03 1.263069e+05 -8.277524e+05 -5.983285e+03 -1.532949e+05 -8.731668e+03 3.249176e+04 3.743309e+04 -5.411877e+03 1.439625e+05 -9.434014e+05 -6.623351e+03 1.741467e+05 1.100575e+04 -4.185105e+04 -4.258850e+04 -9.433095e+05 7.793069e+03 3.168854e+03 1.104698e+05 3.698637e+04 -4.271863e+04 1.345225e+05 -7.485751e+03
3.333333e-03 8.483171e+05 -8.388965e+03 -4.019673e+03 -9.917621e+04 3.626906e+04 -3.806073e+04 9.784896e+04 -7.940560e+03 -3.448448e+03 9.951061e+04 -6.531525e+05 -5.785129e+03 -9.823812e+04 -7.396309e+03 2.474049e+04 2.932346e+04 -4.801684e+03 1.134211e+05 -7.444003e+05 -6.423285e+03 1.115002e+05 9.280917e+03 -3.187111e+04 -3.335853e+04 -7.443313e+05 7.531131e+03 2.855919e+03 8.701272e+04 2.814944e+04 -3.345625e+04 8.621047e+04 -6.313409e+03
3.535354e-03 7.119864e+05 -8.078578e+03 -3.747653e+03 -8.471758e+04 2.967613e+04 -3.168706e+04 6.608712e+04 -7.089204e+03 -3.282976e+03 8.501657e+04 -5.481943e+05 -5.565466e+03 -6.642723e+04 -6.646997e+03 2.024892e+04 2.442136e+04 -4.495151e+03 9.690114e+04 -6.247734e+05 -6.186008e+03 7.530418e+04 8.311808e+03 -2.608930e+04 -2.777811e+04 -6.247174e+05 7.245690e+03 2.708046e+03 7.432720e+04 2.302737e+04 -2.785728e+04 5.829657e+04 -5.654852e+03
3.737374e-03 6.157750e+05 -7.758799e+03 -3.582397e+03 -7.531037e+04 2.520276e+04 -2.717040e+04 4.497943e+04 -6.518422e+03 -3.189713e+03 7.558451e+04 -4.741237e+05 -5.342144e+03 -4.528572e+04 -6.145194e+03 1.720129e+04 2.094803e+04 -4.309507e+03 8.615062e+04 -5.403508e+05 -5.939337e+03 5.124980e+04 7.662378e+03 -2.216728e+04 -2.382357e+04 -5.403036e+05 6.957245e+03 2.624138e+03 6.607372e+04 1.955093e+04 -2.389019e+04 3.974491e+04 -5.213597e+03
3.939394e-03 5.420595e+05 -7.440815e+03 -3.469799e+03 -6.850635e+04 2.190532e+04 -2.370008e+04 2.995106e+04 -6.096847e+03 -3.130236e+03 6.876122e+04 -4.173723e+05 -5.121466e+03 -3.023167e+04 -5.774533e+03 1.495468e+04 1.827959e+04 -4.183172e+03 7.837343e+04 -4.756679e+05 -5.692985e+03 3.412354e+04 7.182672e+03 -1.927703e+04 -2.078510e+04 -4.756272e+05 6.673073e+03 2.570414e+03 6.010424e+04 1.698746e+04 -2.084244e+04 2.653491e+04 -4.887691e+03
4.141414e-03 4.827507e+05 -7.129745e+03 -3.386131e+03 -6.322678e+04 1.934675e+04 -2.090321e+04 1.881987e+04 -5.765430e+03 -3.087939e+03 6.346573e+04 -3.717124e+05 -4.906344e+03 -1.907977e+04 -5.482775e+03 1.321133e+04 1.612911e+04 -4.089186e+03 7.233757e+04 -4.236266e+05 -5.451391e+03 2.143860e+04 6.805327e+03 -1.703500e+04 -1.833622e+04 -4.235910e+05 6.396546e+03 2.532244e+03 5.547228e+04 1.499763e+04 -1.838633e+04 1.674897e+04 -4.631337e+03
4.343434e-03 4.334999e+05 -6.828251e+03 -3.319374e+03 -5.892057e+04 1.729092e+04 -1.857881e+04 1.037178e+04 -5.493254e+03 -3.054586e+03 5.914583e+04 -3.337959e+05 -4.698292e+03 -1.061429e+04 -5.242623e+03 1.181039e+04 1.434193e+04 -4.013924e+03 6.741365e+04 -3.804109e+05 -5.216859e+03 1.181138e+04 6.495106e+03 -1.523400e+04 -1.630094e+04 -3.803794e+05 6.129418e+03 2.502345e+03 5.169432e+04 1.339814e+04 -1.634522e+04 9.320323e+03 -4.420580e+03
4.545455e-03 3.917049e+05 -6.537773e+03 -3.262874e+03 -5.527774e+04 1.559666e+04 -1.660622e+04 3.860178e+03 -5.262427e+03 -3.025755e+03 5.549090e+04 -3.016193e+05 -4.498125e+03 -4.087674e+03 -5.038323e+03 1.065571e+04 1.282524e+04 -3.949868e+03 6.324765e+04 -3.437374e+05 -4.990647e+03 4.391034e+03 6.231638e+03 -1.375015e+04 -1.457365e+04 -3.437093e+05 5.872623e+03 2.476785e+03 4.849841e+04 1.207940e+04 -1.461310e+04 3.592986e+03 -4.241575e+03
4.747475e-03 3.556817e+05 -6.259063e+03 -3.212732e+03 -5.211159e+04 1.417325e+04 -1.490711e+04 -1.207186e+03 -5.061829e+03 -2.998968e+03 5.231385e+04 -2.738861e+05 -4.306253e+03 9.929317e+02 -4.860115e+03 9.685486e+03 1.151876e+04 -3.892637e+03 5.962633e+04 -3.121284e+05 -4.773426e+03 -1.383426e+03 6.002283e+03 -1.250384e+04 -1.308575e+04 -3.121032e+05 5.626617e+03 2.453342e+03 4.572070e+04 1.097101e+04 -1.312112e+04 -8.654991e+02 -4.085731e+03
4.949495e-03 3.242726e+05 -5.992448e+03 -3.166579e+03 -4.930355e+04 1.295916e+04 -1.342737e+04 -5.171693e+03 -4.884167e+03 -2.972816e+03 4.949588e+04 -2.497052e+05 -4.122834e+03 4.969291e+03 -4.701624e+03 8.857833e+03 1.038091e+04 -3.839588e+03 5.641426e+04 -2.845682e+05 -4.565504e+03 -5.901050e+03 5.798766e+03 -1.144109e+04 -1.178989e+04 -2.845454e+05 5.391557e+03 2.430739e+03 4.325720e+04 1.002521e+04 -1.182177e+04 -4.355024e+03 -3.947425e+03
5.151515e-03 2.966430e+05 -5.737975e+03 -3.122947e+03 -4.677507e+04 1.191088e+04 -1.212785e+04 -8.279204e+03 -4.724451e+03 -2.946506e+03 4.695824e+04 -2.284340e+05 -3.947856e+03 8.087528e+03 -4.558510e+03 8.143109e+03 9.381561e+03 -3.789094e+03 5.352174e+04 -2.603242e+05 -4.366959e+03 -9.442027e+03 5.615436e+03 -1.052371e+04 -1.065178e+04 -2.603036e+05 5.167398e+03 2.408240e+03 4.103896e+04 9.208223e+03 -1.068064e+04 -7.091556e+03 -3.822820e+03
5.353535e-03 2.721675e+05 -5.495509e+03 -3.080917e+03 -4.447213e+04 1.099657e+04 -1.097908e+04 -1.071196e+04 -4.579149e+03 -2.919615e+03 4.464681e+04 -2.095908e+05 -3.781197e+03 1.053007e+04 -4.427713e+03 7.519638e+03 8.498054e+03 -3.740154e+03 5.088703e+04 -2.388478e+05 -4.177708e+03 -1.221404e+04 5.448303e+03 -9.723778e+03 -9.645624e+03 -2.388290e+05 4.953957e+03 2.385440e+03 3.901859e+04 8.495349e+03 -9.671848e+03 -9.235174e+03 -3.709203e+03
5.555556e-03 2.503627e+05 -5.264782e+03 -3.039914e+03 -4.235632e+04 1.019230e+04 -9.958178e+03 -1.260809e+04 -4.445682e+03 -2.891944e+03 4.252310e+04 -1.928037e+05 -3.622652e+03 1.243521e+04 -4.307016e+03 6.971122e+03 7.712809e+03 -3.692154e+03 4.846630e+04 -2.197149e+05 -3.997565e+03 -1.437453e+04 5.294461e+03 -9.020285e+03 -8.751406e+03 -2.196977e+05 4.750957e+03 2.362134e+03 3.716240e+04 7.868006e+03 -8.775312e+03 -1.090721e+04 -3.604603e+03
5.757576e-03 2.308456e+05 -5.045443e+03 -2.999587e+03 -4.039950e+04 9.479659e+03 -9.046956e+03 -1.407418e+04 -4.322126e+03 -2.863431e+03 4.055889e+04 -1.777778e+05 -3.471966e+03 1.390961e+04 -4.194771e+03 6.485026e+03 7.011837e+03 -3.644729e+03 4.622738e+04 -2.025892e+05 -3.826270e+03 -1.604494e+04 5.151745e+03 -8.397086e+03 -7.953194e+03 -2.025735e+05 4.558059e+03 2.338240e+03 3.544571e+04 7.311908e+03 -7.975049e+03 -1.220129e+04 -3.507551e+03
5.959596e-03 2.133062e+05 -4.837083e+03 -2.959731e+03 -3.858046e+04 8.844210e+03 -8.230634e+03 -1.519362e+04 -4.207008e+03 -2.834098e+03 3.873292e+04 -1.642745e+05 -3.328848e+03 1.503676e+04 -4.089726e+03 6.051521e+03 6.383783e+03 -3.597676e+03 4.414602e+04 -1.871990e+05 -3.663514e+03 -1.732031e+04 5.018508e+03 -7.841518e+03 -7.238054e+03 -1.871845e+05 4.374881e+03 2.313753e+03 3.384988e+04 6.815848e+03 -7.258087e+03 -1.319064e+04 -3.416926e+03
6.161616e-03 1.974897e+05 -4.639258e+03 -2.920230e+03 -3.688273e+04 8.274450e+03 -7.497017e+03 -1.603241e+04 -4.099184e+03 -2.804016e+03 3.702867e+04 -1.520974e+05 -3.192986e+03 1.588271e+04 -3.990912e+03 5.662776e+03 5.819275e+03 -3.550892e+03 4.220342e+04 -1.733204e+05 -3.508959e+03 -1.827585e+04 4.893465e+03 -7.343491e+03 -6.595314e+03 -1.733072e+05 4.201014e+03 2.288714e+03 3.236048e+04 6.370897e+03 -6.613717e+03 -1.393324e+04 -3.331859e+03
6.363636e-03 1.831835e+05 -4.451503e+03 -2.881033e+03 -3.529323e+04 7.761081e+03 -6.835905e+03 -1.664325e+04 -3.997743e+03 -2.773282e+03 3.543304e+04 -1.410830e+05 -3.064054e+03 1.650025e+04 -3.897564e+03 5.312458e+03 5.310477e+03 -3.504342e+03 4.038461e+04 -1.607670e+05 -3.362247e+03 -1.897165e+04 4.775603e+03 -6.894850e+03 -6.016043e+03 -1.607548e+05 4.036037e+03 2.263189e+03 3.096603e+04 5.969833e+03 -6.032986e+03 -1.447540e+04 -3.251663e+03
6.565657e-03 1.702080e+05 -4.273345e+03 -2.842125e+03 -3.380130e+04 7.296492e+03 -6.238668e+03 -1.706860e+04 -3.901953e+03 -2.742007e+03 3.393533e+04 -1.310931e+05 -2.941723e+03 1.693185e+04 -3.809068e+03 4.995384e+03 4.850759e+03 -3.458031e+03 3.867743e+04 -1.493813e+05 -3.223015e+03 -1.945605e+04 4.664107e+03 -6.488922e+03 -5.492690e+03 -1.493700e+05 3.879523e+03 2.237259e+03 2.965718e+04 5.606746e+03 -5.508319e+03 -1.485439e+04 -3.175784e+03
6.767677e-03 1.584106e+05 -4.104310e+03 -2.803517e+03 -3.239807e+04 6.874387e+03 -5.697945e+03 -1.734282e+04 -3.811215e+03 -2.710303e+03 3.252664e+04 -1.220101e+05 -2.825666e+03 1.721194e+04 -3.724926e+03 4.707269e+03 4.434464e+03 -3.411989e+03 3.707172e+04 -1.390293e+05 -3.090897e+03 -1.976825e+04 4.558310e+03 -6.120187e+03 -5.018811e+03 -1.390188e+05 3.731051e+03 2.211008e+03 2.842614e+04 5.276746e+03 -5.033255e+03 -1.510042e+04 -3.103771e+03
6.969697e-03 1.476600e+05 -3.943932e+03 -2.765231e+03 -3.107602e+04 6.489508e+03 -5.207404e+03 -1.749392e+04 -3.725032e+03 -2.678283e+03 3.119944e+04 -1.137331e+05 -2.715560e+03 1.736854e+04 -3.644724e+03 4.444530e+03 4.056729e+03 -3.366261e+03 3.555890e+04 -1.295959e+05 -2.965532e+03 -1.994015e+04 4.457660e+03 -5.784034e+03 -4.588865e+03 -1.295861e+05 3.590204e+03 2.184522e+03 2.726633e+04 4.975748e+03 -4.602235e+03 -1.523808e+04 -3.035249e+03
7.171717e-03 1.378430e+05 -3.791756e+03 -2.727301e+03 -2.982867e+04 6.137427e+03 -4.761565e+03 -1.754480e+04 -3.642987e+03 -2.646052e+03 2.994722e+04 -1.061747e+05 -2.611090e+03 1.742460e+04 -3.568117e+03 4.204151e+03 3.713346e+03 -3.320896e+03 3.413154e+04 -1.209815e+05 -2.846567e+03 -1.999786e+04 4.361695e+03 -5.476583e+03 -4.198055e+03 -1.209725e+05 3.456577e+03 2.157884e+03 2.617205e+04 4.700310e+03 -4.210452e+03 -1.528751e+04 -2.969906e+03
7.373737e-03 1.288610e+05 -3.647340e+03 -2.689761e+03 -2.865034e+04 5.814383e+03 -4.355660e+03 -1.751427e+04 -3.564724e+03 -2.613710e+03 2.876429e+04 -9.925909e+04 -2.511953e+03 1.739894e+04 -3.494810e+03 3.983572e+03 3.400650e+03 -3.275947e+03 3.278317e+04 -1.130998e+05 -2.733658e+03 -1.996280e+04 4.270023e+03 -5.194538e+03 -3.842208e+03 -1.130914e+05 3.329779e+03 2.131169e+03 2.513832e+04 4.447509e+03 -3.853720e+03 -1.526521e+04 -2.907476e+03
7.575758e-03 1.206279e+05 -3.510259e+03 -2.652644e+03 -2.753601e+04 5.517163e+03 -3.985521e+03 -1.741781e+04 -3.489940e+03 -2.581345e+03 2.764560e+04 -9.292008e+04 -2.417855e+03 1.730707e+04 -3.424554e+03 3.780604e+03 3.115443e+03 -3.231464e+03 3.150803e+04 -1.058753e+05 -2.626476e+03 -1.985263e+04 4.182305e+03 -4.935083e+03 -3.517677e+03 -1.058675e+05 3.209433e+03 2.104448e+03 2.416073e+04 4.214848e+03 -3.528382e+03 -1.518482e+04 -2.847729e+03
7.777778e-03 1.130683e+05 -3.380107e+03 -2.615986e+03 -2.648120e+04 5.243005e+03 -3.647491e+03 -1.726822e+04 -3.418369e+03 -2.549040e+03 2.658665e+04 -8.709952e+04 -2.328516e+03 1.716182e+04 -3.357127e+03 3.593364e+03 2.854912e+03 -3.187495e+03 3.030099e+04 -9.924172e+04 -2.524705e+03 -1.968191e+04 4.098249e+03 -4.695798e+03 -3.221259e+03 -9.923437e+04 3.095181e+03 2.077786e+03 2.323536e+04 4.000177e+03 -3.231228e+03 -1.505757e+04 -2.790467e+03
7.979798e-03 1.061156e+05 -3.256496e+03 -2.579817e+03 -2.548185e+04 4.989518e+03 -3.338346e+03 -1.707608e+04 -3.349781e+03 -2.516865e+03 2.558338e+04 -8.174624e+04 -2.243670e+03 1.697377e+04 -3.292341e+03 3.420225e+03 2.616585e+03 -3.144082e+03 2.915741e+04 -9.314068e+04 -2.428042e+03 -1.946272e+04 4.017598e+03 -4.474590e+03 -2.950135e+03 -9.313380e+04 2.986680e+03 2.051239e+03 2.235864e+04 3.801637e+03 -2.959429e+03 -1.489275e+04 -2.735518e+03
8.181818e-03 9.971111e+04 -3.139058e+03 -2.544163e+03 -2.453428e+04 4.754625e+03 -3.055240e+03 -1.685015e+04 -3.283971e+03 -2.484885e+03 2.463209e+04 -7.681499e+04 -2.163064e+03 1.675170e+04 -3.230024e+03 3.259770e+03 2.398272e+03 -3.101264e+03 2.807309e+04 -8.752067e+04 -2.336200e+03 -1.920503e+04 3.940127e+03 -4.269638e+03 -2.701811e+03 -8.751423e+04 2.883605e+03 2.024858e+03 2.152735e+04 3.617612e+03 -2.710488e+03 -1.469808e+04 -2.682726e+03
8.383838e-03 9.380277e+04 -3.027442e+03 -2.509048e+03 -2.363515e+04 4.536510e+03 -2.795648e+03 -1.659770e+04 -3.220758e+03 -2.453154e+03 2.372942e+04 -7.226570e+04 -2.086456e+03 1.650291e+04 -3.170027e+03 3.110763e+03 2.198037e+03 -3.059073e+03 2.704419e+04 -8.233601e+04 -2.248907e+03 -1.891713e+04 3.865633e+03 -4.079354e+03 -2.474080e+03 -8.232996e+04 2.785646e+03 1.998687e+03 2.073855e+04 3.446687e+03 -2.482190e+03 -1.447995e+04 -2.631957e+03
8.585859e-03 8.834431e+04 -2.921319e+03 -2.474492e+03 -2.278136e+04 4.333582e+03 -2.557330e+03 -1.632477e+04 -3.159979e+03 -2.421722e+03 2.287228e+04 -6.806276e+04 -2.013619e+03 1.623345e+04 -3.112212e+03 2.972119e+03 2.014158e+03 -3.017537e+03 2.606718e+04 -7.754608e+04 -2.165906e+03 -1.860591e+04 3.793935e+03 -3.902342e+03 -2.264978e+03 -7.754041e+04 2.692514e+03 1.972763e+03 1.998953e+04 3.287625e+03 -2.272568e+03 -1.424367e+04 -2.583087e+03
8.787879e-03 8.329448e+04 -2.820375e+03 -2.440512e+03 -2.197009e+04 4.144436e+03 -2.338288e+03 -1.603637e+04 -3.101488e+03 -2.390628e+03 2.205782e+04 -6.417441e+04 -1.944339e+03 1.594834e+04 -3.056459e+03 2.842880e+03 1.845100e+03 -2.976678e+03 2.513884e+04 -7.311472e+04 -2.086951e+03 -1.827706e+04 3.724871e+03 -3.737375e+03 -2.072759e+03 -7.310938e+04 2.603932e+03 1.947121e+03 1.927781e+04 3.139331e+03 -2.079869e+03 -1.399365e+04 -2.536005e+03
8.989899e-03 7.861648e+04 -2.724316e+03 -2.407121e+03 -2.119872e+04 3.967833e+03 -2.136741e+03 -1.573665e+04 -3.045151e+03 -2.359908e+03 2.128342e+04 -6.057232e+04 -1.878414e+03 1.565174e+04 -3.002655e+03 2.722203e+03 1.689495e+03 -2.936515e+03 2.425615e+04 -6.900962e+04 -2.011814e+03 -1.793533e+04 3.658291e+03 -3.583367e+03 -1.895863e+03 -6.900459e+04 2.519642e+03 1.921787e+03 1.860110e+04 3.000839e+03 -1.902530e+03 -1.373354e+04 -2.490612e+03
9.191919e-03 7.427734e+04 -2.632865e+03 -2.374327e+03 -2.046484e+04 3.802671e+03 -1.951095e+03 -1.542907e+04 -2.990848e+03 -2.329592e+03 2.054665e+04 -5.723111e+04 -1.815652e+03 1.534712e+04 -2.950698e+03 2.609335e+03 1.546120e+03 -2.897062e+03 2.341637e+04 -6.520185e+04 -1.940278e+03 -1.758465e+04 3.594062e+03 -3.439354e+03 -1.732895e+03 -6.519711e+04 2.439399e+03 1.896786e+03 1.795727e+04 2.871292e+03 -1.739154e+03 -1.346638e+04 -2.446816e+03
9.393939e-03 7.024751e+04 -2.545761e+03 -2.342138e+03 -1.976619e+04 3.647970e+03 -1.779923e+03 -1.511648e+04 -2.938469e+03 -2.299702e+03 1.984526e+04 -5.412803e+04 -1.755875e+03 1.503734e+04 -2.900494e+03 2.503608e+03 1.413877e+03 -2.858329e+03 2.261691e+04 -6.166549e+04 -1.872140e+03 -1.722828e+04 3.532058e+03 -3.304479e+03 -1.582604e+03 -6.166102e+04 2.362974e+03 1.872135e+03 1.734435e+04 2.749924e+03 -1.588486e+03 -1.319470e+04 -2.404532e+03
9.595960e-03 6.650042e+04 -2.462759e+03 -2.310558e+03 -1.910070e+04 3.502855e+03 -1.621943e+03 -1.480124e+04 -2.887910e+03 -2.270260e+03 1.917715e+04 -5.124263e+04 -1.698914e+03 1.472477e+04 -2.851956e+03 2.404426e+03 1.291782e+03 -2.820323e+03 2.185539e+04 -5.837724e+04 -1.807208e+03 -1.686888e+04 3.472166e+03 -3.177976e+03 -1.443870e+03 -5.837301e+04 2.290150e+03 1.847853e+03 1.676052e+04 2.636055e+03 -1.449403e+03 -1.292055e+04 -2.363683e+03
9.797980e-03 6.301218e+04 -2.383628e+03 -2.279589e+03 -1.846643e+04 3.366542e+03 -1.476002e+03 -1.448530e+04 -2.839080e+03 -2.241280e+03 1.854039e+04 -4.855651e+04 -1.644610e+03 1.441136e+04 -2.805005e+03 2.311254e+03 1.178950e+03 -2.783047e+03 2.112960e+04 -5.531610e+04 -1.745302e+03 -1.650870e+04 3.414281e+03 -3.059159e+03 -1.315682e+03 -5.531211e+04 2.220726e+03 1.823950e+03 1.620408e+04 2.529070e+03 -1.320892e+03 -1.264567e+04 -2.324199e+03
1.000000e-02 5.976122e+04 -2.308150e+03 -2.249230e+03 -1.786158e+04 3.238325e+03 -1.341063e+03 -1.417024e+04 -2.791891e+03 -2.212776e+03 1.793315e+04 -4.605307e+04 -1.592815e+03 1.409873e+04 -2.759566e+03 2.223611e+03 1.074583e+03 -2.746502e+03 2.043747e+04 -5.246318e+04 -1.686252e+03 -1.614954e+04 3.358304e+03 -2.947411e+03 -1.197134e+03 -5.245940e+04 2.154511e+03 1.800437e+03 1.567344e+04 2.428423e+03 -1.202043e+03 -1.237146e+04 -2.286012e+03
