-1.000000e-02 -2.155734e+05 5.826411e+02 6.573752e+03 -1.617503e+05 3.617199e+03 -1.416582e+05 -1.571403e+05 7.002613e+03 6.362786e+03 1.618343e+05 1.660474e+05 3.697355e+02 1.570584e+05 6.794507e+03 2.478342e+03 1.089900e+05 7.859384e+03 1.843976e+05 1.891967e+05 8.982165e+02 -1.790497e+05 -8.347980e+03 -3.463565e+03 -1.242560e+05 1.891976e+05 -3.424628e+01 -5.299988e+03 1.419591e+05 2.535000e+03 -1.242556e+05 -1.378409e+05 5.679242e+03
-9.797980e-03 -2.567362e+05 8.080869e+02 7.158448e+03 -1.916329e+05 4.202968e+03 -1.685643e+05 -1.859754e+05 7.652597e+03 6.905935e+03 1.917307e+05 1.977511e+05 5.191467e+02 1.858799e+05 7.403348e+03 2.879536e+03 1.296936e+05 8.544999e+03 2.184633e+05 2.253216e+05 1.115951e+03 -2.119061e+05 -9.108251e+03 -3.990131e+03 -1.478581e+05 2.253226e+05 -1.845907e+02 -5.761733e+03 1.681844e+05 2.979659e+03 -1.478574e+05 -1.631349e+05 6.198464e+03
-9.595960e-03 -3.117297e+05 1.129673e+03 7.892199e+03 -2.315254e+05 4.981437e+03 -2.045006e+05 -2.244276e+05 8.472423e+03 7.583334e+03 2.316415e+05 2.401069e+05 7.326905e+02 2.243142e+05 8.167358e+03 3.412673e+03 1.573458e+05 9.403082e+03 2.639400e+05 2.735844e+05 1.420877e+03 -2.557210e+05 -1.006474e+04 -4.687604e+03 -1.793815e+05 2.735854e+05 -4.051884e+02 -6.339275e+03 2.031944e+05 3.572871e+03 -1.793805e+05 -1.968651e+05 6.851795e+03
-9.393939e-03 -3.882122e+05 1.608982e+03 8.850905e+03 -2.869774e+05 6.063353e+03 -2.544657e+05 -2.778085e+05 9.549331e+03 8.462055e+03 2.871186e+05 2.990133e+05 1.051558e+03 2.776703e+05 9.165028e+03 4.153552e+03 1.957933e+05 1.052071e+04 3.271540e+05 3.407059e+05 1.867666e+03 -3.165465e+05 -1.131750e+04 -5.653589e+03 -2.232113e+05 3.407070e+05 -7.423438e+02 -7.091021e+03 2.518595e+05 4.400595e+03 -2.232098e+05 -2.436908e+05 7.707636e+03
-9.191919e-03 -5.008302e+05 2.370456e+03 1.018056e+04 -3.686118e+05 7.666940e+03 -3.280200e+05 -3.562667e+05 1.105102e+04 9.670541e+03 3.687897e+05 3.857508e+05 1.559054e+03 3.560925e+05 1.054665e+04 5.251493e+03 2.523925e+05 1.206503e+04 4.202152e+05 4.395401e+05 2.566354e+03 -4.059469e+05 -1.305848e+04 -7.080148e+03 -2.877339e+05 4.395413e+05 -1.290150e+03 -8.129082e+03 3.235023e+05 5.632424e+03 -2.877316e+05 -3.125145e+05 8.897219e+03
-8.989899e-03 -6.823393e+05 3.710883e+03 1.221467e+04 -5.002136e+05 1.030047e+04 -4.465455e+05 -4.824733e+05 1.335965e+04 1.150105e+04 5.004500e+05 5.255471e+05 2.454013e+03 4.822414e+05 1.265352e+04 7.054183e+03 3.435972e+05 1.441715e+04 5.702376e+05 5.988331e+05 3.778480e+03 -5.497550e+05 -1.572442e+04 -9.414096e+03 -3.917061e+05 5.988345e+05 -2.274079e+03 -9.709110e+03 4.389966e+05 7.663786e+03 -3.917025e+05 -4.232232e+05 1.071910e+04
-8.787879e-03 -1.030783e+06 6.589472e+03 1.599469e+04 -7.530874e+05 1.557141e+04 -6.740529e+05 -7.241885e+05 1.766330e+04 1.486353e+04 7.534357e+05 7.939142e+05 4.379614e+03 7.238466e+05 1.654336e+04 1.066084e+04 5.186633e+05 1.876531e+04 8.585062e+05 9.046283e+05 6.347165e+03 -8.251816e+05 -2.067121e+04 -1.406722e+04 -5.912791e+05 9.046300e+05 -4.425649e+03 -1.262849e+04 6.609197e+05 1.174613e+04 -5.912727e+05 -6.352567e+05 1.409996e+04
-8.585859e-03 -2.247360e+06 1.858243e+04 2.955843e+04 -1.638359e+06 3.592222e+04 -1.468470e+06 -1.565052e+06 3.306146e+04 2.676951e+04 1.639100e+06 1.730909e+06 1.242069e+04 1.564326e+06 3.029857e+04 2.457588e+04 1.129964e+06 3.427056e+04 1.867689e+06 1.972301e+06 1.692085e+04 -1.783317e+06 -3.827423e+04 -3.196065e+04 -1.288155e+06 1.972304e+06 -1.353895e+04 -2.303885e+04 1.437839e+06 2.756838e+04 -1.288137e+06 -1.372864e+06 2.612809e+04
-8.383838e-03 9.307780e+05 -1.975820e+04 -9.756638e+03 6.845631e+05 -2.557264e+04 6.076959e+05 6.212741e+05 -1.112762e+04 -7.425407e+03 -6.848622e+05 -7.168736e+05 -1.333721e+04 -6.209850e+05 -8.816615e+03 -1.743597e+04 -4.676286e+05 -1.046539e+04 -7.803750e+05 -8.168520e+05 -1.664537e+04 7.079215e+05 1.203817e+04 2.196555e+04 5.330897e+05 -8.168549e+05 1.589111e+04 7.018671e+03 -6.007763e+05 -2.034462e+04 5.330723e+05 5.449776e+05 -8.231963e+03
-8.181818e-03 2.459192e+06 -3.187085e+04 -2.125245e+04 1.791336e+06 -4.580267e+04 1.604486e+06 1.680505e+06 -2.479859e+04 -1.727235e+04 -1.792100e+06 -1.894018e+06 -2.144703e+04 -1.679753e+06 -2.085125e+04 -3.128887e+04 -1.234672e+06 -2.348448e+04 -2.042048e+06 -2.158181e+06 -2.718441e+04 1.914891e+06 2.754265e+04 3.966473e+04 1.407500e+06 -2.158184e+06 2.522249e+04 1.572201e+04 -1.572075e+06 -3.618426e+04 1.407469e+06 1.474147e+06 -1.885050e+04
-7.979798e-03 6.550863e+06 -5.433386e+04 -4.340963e+04 4.736818e+06 -8.624432e+04 4.271110e+06 4.531709e+06 -5.258308e+04 -3.622856e+04 -4.738789e+06 -5.045278e+06 -3.640766e+04 -4.529754e+06 -4.545773e+04 -5.904848e+04 -3.286705e+06 -4.862397e+04 -5.399749e+06 -5.748988e+06 -4.677230e+04 5.163795e+06 5.910763e+04 7.508161e+04 3.746748e+06 -5.748997e+06 4.239428e+04 3.244119e+04 -4.157004e+06 -6.789016e+04 3.746683e+06 3.975279e+06 -4.051915e+04
-7.777778e-03 -5.524621e+07 2.205898e+05 2.541294e+05 -3.962646e+07 4.374787e+05 -3.599115e+07 -3.864525e+07 3.253198e+05 2.206663e+05 3.963879e+07 4.254422e+07 1.461045e+05 3.863308e+07 2.920485e+05 3.007812e+05 2.769885e+07 2.906040e+05 4.516782e+07 4.847852e+07 1.945904e+05 -4.404020e+07 -3.718038e+05 -3.846000e+05 -3.157562e+07 4.848349e+07 -1.654722e+05 -1.928663e+05 3.477575e+07 3.420582e+05 -3.157227e+07 -3.390051e+07 2.554559e+05
-7.575758e-03 -1.418596e+07 1.150783e+04 3.466214e+04 -1.010101e+07 5.456818e+04 -9.236578e+06 -1.000280e+07 5.330190e+04 3.131574e+04 1.010505e+07 1.092541e+07 6.858260e+03 9.998754e+06 4.997873e+04 3.801953e+04 7.107877e+06 4.075660e+04 1.151462e+07 1.244941e+07 1.144205e+04 -1.139808e+07 -6.201310e+04 -4.878403e+04 -8.102629e+06 1.244938e+07 -6.470568e+03 -2.651230e+04 8.864488e+06 4.242743e+04 -8.102613e+06 -8.774773e+06 4.287971e+04
-7.373737e-03 -1.852881e+07 -2.553052e+04 5.949338e+03 -1.310802e+07 1.121195e+04 -1.205616e+07 -1.313630e+07 2.940566e+04 6.685253e+03 1.311314e+07 1.426993e+07 -1.853117e+04 1.313119e+07 3.013713e+04 8.805417e+03 9.277786e+06 8.664843e+03 1.494237e+07 1.626054e+07 -2.036776e+04 -1.496876e+07 -3.539546e+04 -1.117304e+04 -1.057612e+07 1.626052e+07 2.315378e+04 -4.414687e+03 1.150334e+07 8.700583e+03 -1.057614e+07 -1.152369e+07 2.499470e+04
-7.171717e-03 9.326410e+06 -3.986210e+04 1.428592e+04 6.660689e+06 -4.735544e+04 6.064402e+06 6.519699e+06 2.969772e+03 1.870647e+04 -6.663178e+06 -7.182652e+06 -2.651012e+04 -6.517201e+06 7.364544e+03 -3.273873e+04 -4.666924e+06 1.948492e+04 -7.592699e+06 -8.184641e+06 -3.149611e+04 7.429204e+06 -6.574264e+03 3.930201e+04 5.319998e+06 -8.184641e+06 3.369374e+04 -1.394724e+04 -5.845267e+06 -3.956103e+04 5.319946e+06 5.719345e+06 4.006407e+03
-6.969697e-03 1.405985e+06 -2.647241e+04 4.678868e+03 1.029685e+06 -2.553526e+04 9.136122e+05 9.418319e+05 3.061428e+03 7.313041e+03 -1.030044e+06 -1.082798e+06 -1.790360e+04 -9.414639e+05 5.681597e+03 -1.742985e+04 -7.030961e+05 7.190134e+03 -1.173743e+06 -1.233857e+06 -2.119996e+04 1.073220e+06 -5.339463e+03 2.111396e+04 8.014867e+05 -1.233852e+06 2.243245e+04 -4.986428e+03 -9.036227e+05 -2.115606e+04 8.014562e+05 8.262054e+05 3.560702e+03
-6.767677e-03 -7.533250e+04 -1.589184e+04 -3.408275e+02 -3.475844e+04 -1.548270e+04 -4.895567e+04 -8.974828e+04 -2.336182e+02 1.248900e+03 3.478024e+04 5.801341e+04 -1.080191e+04 8.973343e+04 1.348503e+03 -1.051559e+04 3.766880e+04 5.548391e+02 3.963312e+04 6.610655e+04 -1.291224e+04 -1.022730e+05 -6.730960e+02 1.294005e+04 -4.293371e+04 6.611043e+04 1.334259e+04 -3.696191e+02 3.050303e+04 -1.262952e+04 -4.295316e+04 -7.874499e+04 4.599989e+02
-6.565657e-03 -8.522515e+05 -5.056121e+03 -5.879633e+03 -6.007625e+05 -6.926132e+03 -5.531600e+05 -6.228594e+05 -4.944463e+03 -5.266937e+03 6.009683e+05 6.563331e+05 -3.480134e+03 6.226567e+05 -4.334291e+03 -4.661873e+03 4.257029e+05 -6.706175e+03 6.848157e+05 7.479039e+05 -4.452810e+03 -7.097617e+05 5.641980e+03 6.094170e+03 -4.852609e+05 7.479053e+05 3.949732e+03 4.617262e+03 5.272070e+05 -5.296266e+03 -4.852693e+05 -5.464200e+05 -3.797938e+03
-6.363636e-03 -1.732693e+06 1.119562e+04 -1.524461e+04 -1.248517e+06 4.468853e+03 -1.123906e+06 -1.220367e+06 -1.344925e+04 -1.601695e+04 1.248914e+06 1.334366e+06 7.522669e+03 1.219964e+06 -1.421838e+04 3.122745e+03 8.649611e+05 -1.884384e+04 1.423170e+06 1.520544e+06 8.164404e+03 -1.390636e+06 1.679736e+04 -2.897394e+03 -9.859738e+05 1.520540e+06 -1.023284e+04 1.292203e+04 1.095647e+06 4.582368e+03 -9.859648e+05 -1.070593e+06 -1.134474e+04
-6.161616e-03 -3.860122e+06 5.314098e+04 -4.133288e+04 -2.819103e+06 3.184928e+04 -2.502341e+06 -2.658110e+06 -3.754282e+04 -4.556240e+04 2.819939e+06 2.972700e+06 3.593566e+04 2.657237e+06 -4.175765e+04 2.182692e+04 1.925852e+06 -5.242902e+04 3.213410e+06 3.387486e+06 4.060015e+04 -3.028981e+06 4.810700e+04 -2.430465e+04 -2.195282e+06 3.387464e+06 -4.698386e+04 3.587965e+04 2.473913e+06 2.851606e+04 -2.195226e+06 -2.331883e+06 -3.254471e+04
-5.959596e-03 -2.447383e+06 3.908797e+04 -3.049856e+04 -1.800070e+06 2.201004e+04 -1.585630e+06 -1.680529e+06 -2.820148e+04 -3.352620e+04 1.800575e+06 1.884729e+06 2.645910e+04 1.679994e+06 -3.121997e+04 1.506874e+04 1.220351e+06 -3.864931e+04 2.051821e+06 2.147717e+06 2.984620e+04 -1.915011e+06 3.603108e+04 -1.666725e+04 -1.391074e+06 2.147702e+06 -3.460668e+04 2.642132e+04 1.579651e+06 1.981818e+04 -1.391031e+06 -1.474289e+06 -2.439908e+04
-5.757576e-03 -1.040512e+06 1.573618e+04 -1.458420e+04 -7.690613e+05 7.104848e+03 -6.737773e+05 -7.231890e+05 -1.364434e+04 -1.570438e+04 7.692665e+05 8.012913e+05 1.065291e+04 7.229706e+05 -1.476155e+04 4.873233e+03 5.185653e+05 -1.828927e+04 8.766116e+05 9.131042e+05 1.187011e+04 -8.240984e+05 1.721889e+04 -5.098079e+03 -5.911071e+05 9.130980e+05 -1.407865e+04 1.249529e+04 6.748867e+05 6.689639e+03 -5.910907e+05 -6.344446e+05 -1.166796e+04
-5.555556e-03 -6.785907e+05 1.043927e+04 -1.055517e+04 -5.054103e+05 3.835157e+03 -4.391893e+05 -4.759500e+05 -9.966796e+03 -1.124771e+04 5.055375e+05 5.225741e+05 7.069666e+03 4.758135e+05 -1.065777e+04 2.634103e+03 3.380210e+05 -1.316839e+04 5.760840e+05 5.954970e+05 7.815888e+03 -5.423636e+05 1.249883e+04 -2.588596e+03 -3.853044e+05 5.954929e+05 -9.401317e+03 8.992223e+03 4.435189e+05 3.778354e+03 -3.852939e+05 -4.175497e+05 -8.474205e+03
-5.353535e-03 -4.931862e+05 7.865726e+03 -8.407250e+03 -3.708358e+05 2.317444e+03 -3.190334e+05 -3.492369e+05 -7.997089e+03 -8.895371e+03 3.709233e+05 3.797935e+05 5.329019e+03 3.491419e+05 -8.484283e+03 1.594023e+03 2.455461e+05 -1.045225e+04 4.226867e+05 4.327938e+05 5.856443e+03 -3.979706e+05 9.985877e+03 -1.438610e+03 -2.798924e+05 4.327907e+05 -7.118808e+03 7.134705e+03 3.254227e+05 2.411324e+03 -2.798847e+05 -3.063880e+05 -6.773483e+03
-5.151515e-03 -3.789558e+05 6.321479e+03 -7.006315e+03 -2.881955e+05 1.452264e+03 -2.450206e+05 -2.712528e+05 -6.704150e+03 -7.373898e+03 2.882589e+05 2.918247e+05 4.284554e+03 2.711831e+05 -7.071167e+03 1.000810e+03 1.885837e+05 -8.688103e+03 3.284877e+05 3.325502e+05 4.686533e+03 -3.091056e+05 8.344834e+03 -7.923974e+02 -2.149612e+05 3.325477e+05 -5.743347e+03 5.928706e+03 2.529016e+05 1.622349e+03 -2.149553e+05 -2.379748e+05 -5.662493e+03
-4.949495e-03 -3.016549e+05 5.289896e+03 -5.996254e+03 -2.324712e+05 9.049884e+02 -1.949489e+05 -2.186015e+05 -5.765708e+03 -6.284707e+03 2.325185e+05 2.322955e+05 3.586775e+03 2.185486e+05 -6.053816e+03 6.254081e+02 1.500469e+05 -7.420628e+03 2.649695e+05 2.647144e+05 3.908703e+03 -2.491078e+05 7.158972e+03 -3.900529e+02 -1.710334e+05 2.647124e+05 -4.820760e+03 5.062585e+03 2.040007e+05 1.116676e+03 -1.710285e+05 -1.917851e+05 -4.859375e+03
-4.747475e-03 -2.461669e+05 4.553478e+03 -5.222213e+03 -1.926386e+05 5.358096e+02 -1.590172e+05 -1.809377e+05 -5.041911e+03 -5.455111e+03 1.926746e+05 1.895646e+05 3.088583e+03 1.808967e+05 -5.274609e+03 3.720763e+02 1.223925e+05 -6.452222e+03 2.195658e+05 2.160208e+05 3.355914e+03 -2.061888e+05 6.247804e+03 -1.233118e+02 -1.395104e+05 2.160190e+05 -4.159590e+03 4.401078e+03 1.690457e+05 7.707837e+02 -1.395064e+05 -1.587435e+05 -4.242071e+03
-4.545455e-03 -2.046483e+05 4.003260e+03 -4.603912e+03 -1.629854e+05 2.755213e+02 -1.321400e+05 -1.528877e+05 -4.460273e+03 -4.795938e+03 1.630131e+05 1.575915e+05 2.716296e+03 1.528554e+05 -4.652195e+03 1.934048e+02 1.017066e+05 -5.680657e+03 1.857654e+05 1.795861e+05 2.944641e+03 -1.742248e+05 5.517989e+03 6.121899e+01 -1.159309e+05 1.795846e+05 -3.663778e+03 3.874209e+03 1.430237e+05 5.233117e+02 -1.159275e+05 -1.341359e+05 -3.747459e+03
-4.343434e-03 -1.725923e+05 3.578228e+03 -4.094795e+03 -1.402336e+05 8.596428e+01 -1.113953e+05 -1.313618e+05 -3.978706e+03 -4.255680e+03 1.402550e+05 1.329056e+05 2.428661e+03 1.313361e+05 -4.139553e+03 6.324386e+01 8.574054e+04 -5.046768e+03 1.598315e+05 1.514554e+05 2.628209e+03 -1.496953e+05 4.915459e+03 1.928517e+02 -9.773146e+04 1.514541e+05 -3.279447e+03 3.441485e+03 1.230579e+05 3.402884e+02 -9.772853e+04 -1.152516e+05 -3.338977e+03
-4.141414e-03 -1.472186e+05 3.241447e+03 -3.665662e+03 -1.223629e+05 -5.554916e+01 -9.498074e+04 -1.144533e+05 -3.570755e+03 -3.802159e+03 1.223796e+05 1.133658e+05 2.200707e+03 1.144327e+05 -3.707261e+03 -3.395782e+01 7.310696e+04 -4.513524e+03 1.394616e+05 1.291888e+05 2.378422e+03 -1.304274e+05 4.406314e+03 2.889286e+02 -8.333072e+04 1.291876e+05 -2.973924e+03 3.077561e+03 1.073757e+05 2.014261e+02 -8.332818e+04 -1.004180e+05 -2.993696e+03
-3.939394e-03 -1.267187e+05 2.969216e+03 -3.297104e+03 -1.080611e+05 -1.632847e+02 -8.172388e+04 -1.009223e+05 -3.218789e+03 -3.414071e+03 1.080740e+05 9.757929e+04 2.016411e+03 1.009057e+05 -3.335796e+03 -1.079813e+02 6.290367e+04 -4.056356e+03 1.231596e+05 1.111993e+05 2.177228e+03 -1.150082e+05 3.968010e+03 3.602958e+02 -7.170026e+04 1.111982e+05 -2.726206e+03 2.765628e+03 9.482523e+04 9.390645e+01 -7.169803e+04 -8.854742e+04 -2.696370e+03
-3.737374e-03 -1.098670e+05 2.745630e+03 -2.975625e+03 -9.643992e+04 -2.466103e+02 -7.083023e+04 -8.992879e+04 -2.910508e+03 -3.076656e+03 9.644974e+04 8.460223e+04 1.865018e+03 8.991542e+04 -3.011600e+03 -1.652508e+02 5.451917e+04 -3.658215e+03 1.099133e+05 9.641119e+04 2.012534e+03 -1.024807e+05 3.584863e+03 4.140340e+02 -6.214304e+04 9.641023e+04 -2.522170e+03 2.494022e+03 8.462717e+04 9.269038e+00 -6.214107e+04 -7.890297e+04 -2.436387e+03
-3.535354e-03 -9.580451e+04 2.559620e+03 -2.691502e+03 -8.687803e+04 -3.118952e+02 -6.174309e+04 -8.088499e+04 -2.637019e+03 -2.779318e+03 8.688539e+04 7.377311e+04 1.739047e+03 8.087423e+04 -2.724911e+03 -2.101350e+02 4.752503e+04 -3.306835e+03 9.901417e+04 8.407077e+04 1.875946e+03 -9.217483e+04 3.245556e+03 4.549270e+02 -5.417067e+04 8.406990e+04 -2.351972e+03 2.254357e+03 7.623624e+04 -5.826948e+01 -5.416892e+04 -7.096893e+04 -2.206090e+03
-3.333333e-03 -8.391244e+04 2.403253e+03 -2.437514e+03 -7.892892e+04 -3.635946e+02 -5.406147e+04 -7.336820e+04 -2.391698e+03 -2.514216e+03 7.893429e+04 6.461545e+04 1.633133e+03 7.335957e+04 -2.468485e+03 -2.456905e+02 4.161264e+04 -2.993126e+03 8.995345e+04 7.363502e+04 1.761461e+03 -8.360908e+04 2.941678e+03 4.862990e+02 -4.743136e+04 7.363425e+04 -2.208541e+03 2.040415e+03 6.926062e+04 -1.127774e+02 -4.742981e+04 -6.437450e+04 -1.999788e+03
-3.131313e-03 -7.373450e+04 2.270703e+03 -2.208170e+03 -7.226441e+04 -4.048998e+02 -4.748971e+04 -6.706762e+04 -2.169486e+03 -2.275407e+03 7.226814e+04 5.677782e+04 1.543336e+03 6.706075e+04 -2.236812e+03 -2.741068e+02 3.655443e+04 -2.710184e+03 8.235698e+04 6.470353e+04 1.664678e+03 -7.642924e+04 2.666817e+03 5.105143e+02 -4.166574e+04 6.470282e+04 -2.086676e+03 1.847479e+03 6.341228e+04 -1.571860e+02 -4.166435e+04 -5.884703e+04 -1.813141e+03
-2.929293e-03 -6.492729e+04 2.157602e+03 -1.999200e+03 -6.663859e+04 -4.381430e+02 -4.180531e+04 -6.175032e+04 -1.966437e+03 -2.058281e+03 6.664095e+04 4.999579e+04 1.466704e+03 6.174492e+04 -2.025609e+03 -2.969844e+02 3.217917e+04 -2.452649e+03 7.594446e+04 5.697491e+04 1.582306e+03 -7.036990e+04 2.415983e+03 5.292880e+02 -3.667859e+04 5.697428e+04 -1.982469e+03 1.671884e+03 5.847543e+04 -1.936505e+02 -3.667735e+04 -5.418218e+04 -1.642772e+03
-2.727273e-03 -5.722769e+04 2.060618e+03 -1.807222e+03 -6.186418e+04 -4.650578e+02 -3.683781e+04 -5.723889e+04 -1.779415e+03 -1.859200e+03 6.186540e+04 4.406670e+04 1.400983e+03 5.723472e+04 -1.831484e+03 -3.155133e+02 2.835567e+04 -2.216283e+03 7.050243e+04 5.021827e+04 1.511837e+03 -6.522888e+04 2.185217e+03 5.438853e+02 -3.232039e+04 5.021770e+04 -1.892935e+03 1.510735e+03 5.428574e+04 -2.237829e+02 -3.231929e+04 -5.022431e+04 -1.486000e+03
-2.525253e-03 -5.043078e+04 1.977169e+03 -1.629514e+03 -5.779659e+04 -4.869523e+02 -3.245451e+04 -5.339632e+04 -1.605886e+03 -1.675244e+03 5.779685e+04 3.883277e+04 1.344426e+03 5.339318e+04 -1.651704e+03 -3.305914e+02 2.498180e+04 -1.997676e+03 6.586606e+04 4.425380e+04 1.451334e+03 -6.085006e+04 1.971325e+03 5.552533e+02 -2.847471e+04 4.425329e+04 -1.815756e+03 1.361703e+03 5.071631e+04 -2.488071e+02 -2.847372e+04 -4.685322e+04 -1.340662e+03
-2.323232e-03 -4.437465e+04 1.905233e+03 -1.463848e+03 -5.432284e+04 -5.048253e+02 -2.855053e+04 -5.011555e+04 -1.443769e+03 -1.504029e+03 5.432229e+04 3.416931e+04 1.295666e+03 5.011329e+04 -1.484034e+03 -3.429043e+02 2.197684e+04 -1.794045e+03 6.190657e+04 3.893939e+04 1.399283e+03 -5.711144e+04 1.771692e+03 5.641091e+02 -2.504954e+04 3.893893e+04 -1.749114e+03 1.222888e+03 4.766799e+04 -2.696639e+02 -2.504867e+04 -4.397500e+04 -1.204988e+03
-2.121212e-03 -3.892954e+04 1.843208e+03 -1.308379e+03 -5.135379e+04 -5.194480e+02 -2.504186e+04 -4.731213e+04 -1.291336e+03 -1.343585e+03 5.135257e+04 2.997637e+04 1.253618e+03 4.731060e+04 -1.326621e+03 -3.529818e+02 1.927613e+04 -1.603084e+03 5.852236e+04 3.416118e+04 1.354484e+03 -5.391677e+04 1.584145e+03 5.710021e+02 -2.197119e+04 3.416077e+04 -1.691567e+03 1.092714e+03 4.506256e+04 -2.870842e+02 -2.197041e+04 -4.151555e+04 -1.077505e+03
-1.919192e-03 -3.399007e+04 1.789814e+03 -1.161553e+03 -4.881857e+04 -5.314208e+02 -2.186028e+04 -4.491888e+04 -1.147127e+03 -1.192258e+03 4.881678e+04 2.617282e+04 1.217419e+03 4.491797e+04 -1.177905e+03 -3.612359e+02 1.682716e+04 -1.422858e+03 5.563265e+04 2.982669e+04 1.315983e+03 -5.118952e+04 1.406854e+03 5.763561e+02 -1.917979e+04 2.982633e+04 -1.641960e+03 9.698614e+02 4.283784e+04 -3.016407e+02 -1.917910e+04 -3.941594e+04 -9.569737e+02
-1.717172e-03 -2.946954e+04 1.744024e+03 -1.022049e+03 -4.666050e+04 -5.412145e+02 -1.894968e+04 -4.288211e+04 -1.009896e+03 -1.048644e+03 4.665823e+04 2.269189e+04 1.186371e+03 4.288172e+04 -1.036559e+03 -3.679902e+02 1.458676e+04 -1.251717e+03 5.317284e+04 2.585985e+04 1.283014e+03 -4.886849e+04 1.238258e+03 5.805008e+02 -1.662612e+04 2.585952e+04 -1.599365e+03 8.532047e+02 4.094408e+04 -3.137852e+02 -1.662552e+04 -3.762906e+04 -8.423369e+02
-1.515152e-03 -2.529568e+04 1.705011e+03 -8.887254e+02 -4.483411e+04 -5.491995e+02 -1.626327e+04 -4.115871e+04 -8.785649e+02 -9.115351e+02 4.483144e+04 1.947793e+04 1.159917e+03 4.115876e+04 -9.014347e+02 -3.734990e+02 1.251890e+04 -1.088244e+03 5.109108e+04 2.219721e+04 1.254961e+03 -4.690456e+04 1.077009e+03 5.836935e+02 -1.426914e+04 2.219694e+04 -1.563034e+03 7.417758e+02 3.934138e+04 -3.238755e+02 -1.426862e+04 -3.611711e+04 -7.326804e+02
-1.313131e-03 -2.140741e+04 1.672106e+03 -7.605860e+02 -4.330289e+04 -5.556682e+02 -1.376153e+04 -3.971409e+04 -7.521878e+02 -7.798758e+02 4.329989e+04 1.648388e+04 1.137603e+03 3.971451e+04 -7.715304e+02 -3.779631e+02 1.059319e+04 -9.311981e+02 4.934576e+04 1.878520e+04 1.231328e+03 -4.525833e+04 9.219248e+02 5.861356e+02 -1.207418e+04 1.878496e+04 -1.532363e+03 6.347286e+02 3.799770e+04 -3.321957e+02 -1.207374e+04 -3.484974e+04 -6.272041e+02
-1.111111e-03 -1.775234e+04 1.644774e+03 -6.367469e+02 -4.203761e+04 -5.608508e+02 -1.141059e+04 -3.852057e+04 -6.299251e+02 -6.527335e+02 4.203434e+04 1.366943e+04 1.119066e+03 3.852128e+04 -6.459568e+02 -3.815408e+02 8.783531e+03 -7.794818e+02 4.790357e+04 1.557783e+04 1.211718e+03 -4.389823e+04 7.719590e+02 5.879846e+02 -1.001151e+04 1.557763e+04 -1.506865e+03 5.313148e+02 3.688739e+04 -3.389704e+02 -1.001114e+04 -3.380265e+04 -5.251977e+02
-9.090909e-04 -1.428488e+04 1.622588e+03 -5.164141e+02 -4.101508e+04 -5.649274e+02 -9.180939e+03 -3.755616e+04 -5.110203e+02 -5.292718e+02 4.101159e+04 1.099944e+04 1.104019e+03 3.755711e+04 -5.239153e+02 -3.843557e+02 7.067228e+03 -6.321097e+02 4.673807e+04 1.253510e+04 1.195812e+03 -4.279922e+04 6.261685e+02 5.893626e+02 -8.055254e+03 1.253494e+04 -1.486153e+03 4.308623e+02 3.599010e+04 -3.443765e+02 -8.054956e+03 -3.295656e+04 -4.260223e+02
-7.070707e-04 -1.096462e+04 1.605212e+03 -3.988639e+02 -4.021719e+04 -5.680367e+02 -7.046450e+03 -3.680370e+04 -3.947825e+02 -4.087292e+02 4.021353e+04 8.442810e+03 1.092234e+03 3.680484e+04 -4.046770e+02 -3.865032e+02 5.424169e+03 -4.881842e+02 4.582862e+04 9.621535e+03 1.183364e+03 -4.194174e+04 4.836929e+02 5.903633e+02 -6.182484e+03 9.621410e+03 -1.469922e+03 3.327592e+02 3.528993e+04 -3.485508e+02 -6.182254e+03 -3.229642e+04 -3.290947e+02
-5.050505e-04 -7.755093e+03 1.592392e+03 -2.834261e+02 -3.963019e+04 -5.702832e+02 -4.983549e+03 -3.625017e+04 -2.805706e+02 -2.904017e+02 3.962640e+04 5.971455e+03 1.083538e+03 3.625145e+04 -2.875671e+02 -3.880551e+02 3.836208e+03 -3.468748e+02 4.515954e+04 6.805150e+03 1.174185e+03 -4.131096e+04 3.437347e+02 5.910567e+02 -4.372519e+03 6.805062e+03 -1.457942e+03 2.364390e+02 3.477482e+04 -3.515965e+02 -4.372356e+03 -3.181080e+04 -2.338740e+02
-3.030303e-04 -4.622725e+03 1.583944e+03 -1.694703e+02 -3.924417e+04 -5.717410e+02 -2.970523e+03 -3.588619e+04 -1.677805e+02 -1.736276e+02 3.924030e+04 3.559516e+03 1.077808e+03 3.588756e+04 -1.719504e+02 -3.890623e+02 2.286634e+03 -2.074002e+02 4.471956e+04 4.056473e+03 1.168138e+03 -4.089618e+04 2.055429e+02 5.914926e+02 -2.606310e+03 4.056420e+03 -1.450046e+03 1.413695e+02 3.443608e+04 -3.535874e+02 -2.606213e+03 -3.149148e+04 -1.398512e+02
-1.010101e-04 -1.535890e+03 1.579750e+03 -5.639307e+01 -3.905274e+04 -5.724582e+02 -9.869309e+02 -3.570570e+04 -5.583370e+01 -5.777418e+01 3.904883e+04 1.182641e+03 1.074963e+03 3.570711e+04 -5.721901e+01 -3.895579e+02 7.597151e+02 -6.901326e+01 4.450136e+04 1.347754e+03 1.165137e+03 -4.069049e+04 6.839860e+01 5.917027e+02 -8.659246e+02 1.347737e+03 -1.446124e+03 4.704129e+01 3.426810e+04 -3.545712e+02 -8.658922e+02 -3.133313e+04 -4.653860e+01
1.010101e-04 1.535890e+03 1.579750e+03 5.639307e+01 -3.905274e+04 -5.724582e+02 9.869309e+02 -3.570570e+04 5.583370e+01 5.777418e+01 3.904883e+04 -1.182641e+03 1.074963e+03 3.570711e+04 5.721901e+01 -3.895579e+02 -7.597151e+02 6.901326e+01 4.450136e+04 -1.347754e+03 1.165137e+03 -4.069049e+04 -6.839860e+01 5.917027e+02 8.659246e+02 -1.347737e+03 -1.446124e+03 -4.704129e+01 3.426810e+04 -3.545712e+02 8.658922e+02 -3.133313e+04 4.653860e+01
3.030303e-04 4.622725e+03 1.583944e+03 1.694703e+02 -3.924417e+04 -5.717410e+02 2.970523e+03 -3.588619e+04 1.677805e+02 1.736276e+02 3.924030e+04 -3.559516e+03 1.077808e+03 3.588756e+04 1.719504e+02 -3.890623e+02 -2.286634e+03 2.074002e+02 4.471956e+04 -4.056473e+03 1.168138e+03 -4.089618e+04 -2.055429e+02 5.914926e+02 2.606310e+03 -4.056420e+03 -1.450046e+03 -1.413695e+02 3.443608e+04 -3.535874e+02 2.606213e+03 -3.149148e+04 1.398512e+02
5.050505e-04 7.755093e+03 1.592392e+03 2.834261e+02 -3.963019e+04 -5.702832e+02 4.983549e+03 -3.625017e+04 2.805706e+02 2.904017e+02 3.962640e+04 -5.971455e+03 1.083538e+03 3.625145e+04 2.875671e+02 -3.880551e+02 -3.836208e+03 3.468748e+02 4.515954e+04 -6.805150e+03 1.174185e+03 -4.131096e+04 -3.437347e+02 5.910567e+02 4.372519e+03 -6.805062e+03 -1.457942e+03 -2.364390e+02 3.477482e+04 -3.515965e+02 4.372356e+03 -3.181080e+04 2.338740e+02
7.070707e-04 1.096462e+04 1.605212e+03 3.988639e+02 -4.021719e+04 -5.680367e+02 7.046450e+03 -3.680370e+04 3.947825e+02 4.087292e+02 4.021353e+04 -8.442810e+03 1.092234e+03 3.680484e+04 4.046770e+02 -3.865032e+02 -5.424169e+03 4.881842e+02 4.582862e+04 -9.621535e+03 1.183364e+03 -4.194174e+04 -4.836929e+02 5.903633e+02 6.182484e+03 -9.621410e+03 -1.469922e+03 -3.327592e+02 3.528993e+04 -3.485508e+02 6.182254e+03 -3.229642e+04 3.290947e+02
9.090909e-04 1.428488e+04 1.622588e+03 5.164141e+02 -4.101508e+04 -5.649274e+02 9.180939e+03 -3.755616e+04 5.110203e+02 5.292718e+02 4.101159e+04 -1.099944e+04 1.104019e+03 3.755711e+04 5.239153e+02 -3.843557e+02 -7.067228e+03 6.321097e+02 4.673807e+04 -1.253510e+04 1.195812e+03 -4.279922e+04 -6.261685e+02 5.893626e+02 8.055254e+03 -1.253494e+04 -1.486153e+03 -4.308623e+02 3.599010e+04 -3.443765e+02 8.054956e+03 -3.295656e+04 4.260223e+02
1.111111e-03 1.775234e+04 1.644774e+03 6.367469e+02 -4.203761e+04 -5.608508e+02 1.141059e+04 -3.852057e+04 6.299251e+02 6.527335e+02 4.203434e+04 -1.366943e+04 1.119066e+03 3.852128e+04 6.459568e+02 -3.815408e+02 -8.783531e+03 7.794818e+02 4.790357e+04 -1.557783e+04 1.211718e+03 -4.389823e+04 -7.719590e+02 5.879846e+02 1.001151e+04 -1.557763e+04 -1.506865e+03 -5.313148e+02 3.688739e+04 -3.389704e+02 1.001114e+04 -3.380265e+04 5.251977e+02
1.313131e-03 2.140741e+04 1.672106e+03 7.605860e+02 -4.330289e+04 -5.556682e+02 1.376153e+04 -3.971409e+04 7.521878e+02 7.798758e+02 4.329989e+04 -1.648388e+04 1.137603e+03 3.971451e+04 7.715304e+02 -3.779631e+02 -1.059319e+04 9.311981e+02 4.934576e+04 -1.878520e+04 1.231328e+03 -4.525833e+04 -9.219248e+02 5.861356e+02 1.207418e+04 -1.878496e+04 -1.532363e+03 -6.347286e+02 3.799770e+04 -3.321957e+02 1.207374e+04 -3.484974e+04 6.272041e+02
1.515152e-03 2.529568e+04 1.705011e+03 8.887254e+02 -4.483411e+04 -5.491995e+02 1.626327e+04 -4.115871e+04 8.785649e+02 9.115351e+02 4.483144e+04 -1.947793e+04 1.159917e+03 4.115876e+04 9.014347e+02 -3.734990e+02 -1.251890e+04 1.088244e+03 5.109108e+04 -2.219721e+04 1.254961e+03 -4.690456e+04 -1.077009e+03 5.836935e+02 1.426914e+04 -2.219694e+04 -1.563034e+03 -7.417758e+02 3.934138e+04 -3.238755e+02 1.426862e+04 -3.611711e+04 7.326804e+02
1.717172e-03 2.946954e+04 1.744024e+03 1.022049e+03 -4.666050e+04 -5.412145e+02 1.894968e+04 -4.288211e+04 1.009896e+03 1.048644e+03 4.665823e+04 -2.269189e+04 1.186371e+03 4.288172e+04 1.036559e+03 -3.679902e+02 -1.458676e+04 1.251717e+03 5.317284e+04 -2.585985e+04 1.283014e+03 -4.886849e+04 -1.238258e+03 5.805008e+02 1.662612e+04 -2.585952e+04 -1.599365e+03 -8.532047e+02 4.094408e+04 -3.137852e+02 1.662552e+04 -3.762906e+04 8.423369e+02
1.919192e-03 3.399007e+04 1.789814e+03 1.161553e+03 -4.881857e+04 -5.314208e+02 2.186028e+04 -4.491888e+04 1.147127e+03 1.192258e+03 4.881678e+04 -2.617282e+04 1.217419e+03 4.491797e+04 1.177905e+03 -3.612359e+02 -1.682716e+04 1.422858e+03 5.563265e+04 -2.982669e+04 1.315983e+03 -5.118952e+04 -1.406854e+03 5.763561e+02 1.917979e+04 -2.982633e+04 -1.641960e+03 -9.698614e+02 4.283784e+04 -3.016407e+02 1.917910e+04 -3.941594e+04 9.569737e+02
2.121212e-03 3.892954e+04 1.843208e+03 1.308379e+03 -5.135379e+04 -5.194480e+02 2.504186e+04 -4.731213e+04 1.291336e+03 1.343585e+03 5.135257e+04 -2.997637e+04 1.253618e+03 4.731060e+04 1.326621e+03 -3.529818e+02 -1.927613e+04 1.603084e+03 5.852236e+04 -3.416118e+04 1.354484e+03 -5.391677e+04 -1.584145e+03 5.710021e+02 2.197119e+04 -3.416077e+04 -1.691567e+03 -1.092714e+03 4.506256e+04 -2.870842e+02 2.197041e+04 -4.151555e+04 1.077505e+03
2.323232e-03 4.437465e+04 1.905233e+03 1.463848e+03 -5.432284e+04 -5.048253e+02 2.855053e+04 -5.011555e+04 1.443769e+03 1.504029e+03 5.432229e+04 -3.416931e+04 1.295666e+03 5.011329e+04 1.484034e+03 -3.429043e+02 -2.197684e+04 1.794045e+03 6.190657e+04 -3.893939e+04 1.399283e+03 -5.711144e+04 -1.771692e+03 5.641091e+02 2.504954e+04 -3.893893e+04 -1.749114e+03 -1.222888e+03 4.766799e+04 -2.696639e+02 2.504867e+04 -4.397500e+04 1.204988e+03
2.525253e-03 5.043078e+04 1.977169e+03 1.629514e+03 -5.779659e+04 -4.869523e+02 3.245451e+04 -5.339632e+04 1.605886e+03 1.675244e+03 5.779685e+04 -3.883277e+04 1.344426e+03 5.339318e+04 1.651704e+03 -3.305914e+02 -2.498180e+04 1.997676e+03 6.586606e+04 -4.425380e+04 1.451334e+03 -6.085006e+04 -1.971325e+03 5.552533e+02 2.847471e+04 -4.425329e+04 -1.815756e+03 -1.361703e+03 5.071631e+04 -2.488071e+02 2.847372e+04 -4.685322e+04 1.340662e+03
2.727273e-03 5.722769e+04 2.060618e+03 1.807222e+03 -6.186418e+04 -4.650578e+02 3.683781e+04 -5.723889e+04 1.779415e+03 1.859200e+03 6.186540e+04 -4.406670e+04 1.400983e+03 5.723472e+04 1.831484e+03 -3.155133e+02 -2.835567e+04 2.216283e+03 7.050243e+04 -5.021827e+04 1.511837e+03 -6.522888e+04 -2.185217e+03 5.438853e+02 3.232039e+04 -5.021770e+04 -1.892935e+03 -1.510735e+03 5.428574e+04 -2.237829e+02 3.231929e+04 -5.022431e+04 1.486000e+03
2.929293e-03 6.492729e+04 2.157602e+03 1.999200e+03 -6.663859e+04 -4.381430e+02 4.180531e+04 -6.175032e+04 1.966437e+03 2.058281e+03 6.664095e+04 -4.999579e+04 1.466704e+03 6.174492e+04 2.025609e+03 -2.969844e+02 -3.217917e+04 2.452649e+03 7.594446e+04 -5.697491e+04 1.582306e+03 -7.036990e+04 -2.415983e+03 5.292880e+02 3.667859e+04 -5.697428e+04 -1.982469e+03 -1.671884e+03 5.847543e+04 -1.936505e+02 3.667735e+04 -5.418218e+04 1.642772e+03
3.131313e-03 7.373450e+04 2.270703e+03 2.208170e+03 -7.226441e+04 -4.048998e+02 4.748971e+04 -6.706762e+04 2.169486e+03 2.275407e+03 7.226814e+04 -5.677782e+04 1.543336e+03 6.706075e+04 2.236812e+03 -2.741068e+02 -3.655443e+04 2.710184e+03 8.235698e+04 -6.470353e+04 1.664678e+03 -7.642924e+04 -2.666817e+03 5.105143e+02 4.166574e+04 -6.470282e+04 -2.086676e+03 -1.847479e+03 6.341228e+04 -1.571860e+02 4.166435e+04 -5.884703e+04 1.813141e+03
3.333333e-03 8.391244e+04 2.403253e+03 2.437514e+03 -7.892892e+04 -3.635946e+02 5.406147e+04 -7.336820e+04 2.391698e+03 2.514216e+03 7.893429e+04 -6.461545e+04 1.633133e+03 7.335957e+04 2.468485e+03 -2.456905e+02 -4.161264e+04 2.993126e+03 8.995345e+04 -7.363502e+04 1.761461e+03 -8.360908e+04 -2.941678e+03 4.862990e+02 4.743136e+04 -7.363425e+04 -2.208541e+03 -2.040415e+03 6.926062e+04 -1.127774e+02 4.742981e+04 -6.437450e+04 1.999788e+03
3.535354e-03 9.580451e+04 2.559620e+03 2.691502e+03 -8.687803e+04 -3.118952e+02 6.174309e+04 -8.088499e+04 2.637019e+03 2.779318e+03 8.688539e+04 -7.377311e+04 1.739047e+03 8.087423e+04 2.724911e+03 -2.101350e+02 -4.752503e+04 3.306835e+03 9.901417e+04 -8.407077e+04 1.875946e+03 -9.217483e+04 -3.245556e+03 4.549270e+02 5.417067e+04 -8.406990e+04 -2.351972e+03 -2.254357e+03 7.623624e+04 -5.826948e+01 5.416892e+04 -7.096893e+04 2.206090e+03
3.737374e-03 1.098670e+05 2.745630e+03 2.975625e+03 -9.643992e+04 -2.466103e+02 7.083023e+04 -8.992879e+04 2.910508e+03 3.076656e+03 9.644974e+04 -8.460223e+04 1.865018e+03 8.991542e+04 3.011600e+03 -1.652508e+02 -5.451917e+04 3.658215e+03 1.099133e+05 -9.641119e+04 2.012534e+03 -1.024807e+05 -3.584863e+03 4.140340e+02 6.214304e+04 -9.641023e+04 -2.522170e+03 -2.494022e+03 8.462717e+04 9.269038e+00 6.214107e+04 -7.890297e+04 2.436387e+03
3.939394e-03 1.267187e+05 2.969216e+03 3.297104e+03 -1.080611e+05 -1.632847e+02 8.172388e+04 -1.009223e+05 3.218789e+03 3.414071e+03 1.080740e+05 -9.757929e+04 2.016411e+03 1.009057e+05 3.335796e+03 -1.079813e+02 -6.290367e+04 4.056356e+03 1.231596e+05 -1.111993e+05 2.177228e+03 -1.150082e+05 -3.968010e+03 3.602958e+02 7.170026e+04 -1.111982e+05 -2.726206e+03 -2.765628e+03 9.482523e+04 9.390645e+01 7.169803e+04 -8.854742e+04 2.696370e+03
4.141414e-03 1.472186e+05 3.241447e+03 3.665662e+03 -1.223629e+05 -5.554916e+01 9.498074e+04 -1.144533e+05 3.570755e+03 3.802159e+03 1.223796e+05 -1.133658e+05 2.200707e+03 1.144327e+05 3.707261e+03 -3.395782e+01 -7.310696e+04 4.513524e+03 1.394616e+05 -1.291888e+05 2.378422e+03 -1.304274e+05 -4.406314e+03 2.889286e+02 8.333072e+04 -1.291876e+05 -2.973924e+03 -3.077561e+03 1.073757e+05 2.014261e+02 8.332818e+04 -1.004180e+05 2.993696e+03
4.343434e-03 1.725923e+05 3.578228e+03 4.094795e+03 -1.402336e+05 8.596428e+01 1.113953e+05 -1.313618e+05 3.978706e+03 4.255680e+03 1.402550e+05 -1.329056e+05 2.428661e+03 1.313361e+05 4.139553e+03 6.324386e+01 -8.574054e+04 5.046768e+03 1.598315e+05 -1.514554e+05 2.628209e+03 -1.496953e+05 -4.915459e+03 1.928517e+02 9.773146e+04 -1.514541e+05 -3.279447e+03 -3.441485e+03 1.230579e+05 3.402884e+02 9.772853e+04 -1.152516e+05 3.338977e+03
4.545455e-03 2.046483e+05 4.003260e+03 4.603912e+03 -1.629854e+05 2.755213e+02 1.321400e+05 -1.528877e+05 4.460273e+03 4.795938e+03 1.630131e+05 -1.575915e+05 2.716296e+03 1.528554e+05 4.652195e+03 1.934048e+02 -1.017066e+05 5.680657e+03 1.857654e+05 -1.795861e+05 2.944641e+03 -1.742248e+05 -5.517989e+03 6.121899e+01 1.159309e+05 -1.795846e+05 -3.663778e+03 -3.874209e+03 1.430237e+05 5.233117e+02 1.159275e+05 -1.341359e+05 3.747459e+03
4.747475e-03 2.461669e+05 4.553478e+03 5.222213e+03 -1.926386e+05 5.358096e+02 1.590172e+05 -1.809377e+05 5.041911e+03 5.455111e+03 1.926746e+05 -1.895646e+05 3.088583e+03 1.808967e+05 5.274609e+03 3.720763e+02 -1.223925e+05 6.452222e+03 2.195658e+05 -2.160208e+05 3.355914e+03 -2.061888e+05 -6.247804e+03 -1.233118e+02 1.395104e+05 -2.160190e+05 -4.159590e+03 -4.401078e+03 1.690457e+05 7.707837e+02 1.395064e+05 -1.587435e+05 4.242071e+03
4.949495e-03 3.016549e+05 5.289896e+03 5.996254e+03 -2.324712e+05 9.049884e+02 1.949489e+05 -2.186015e+05 5.765708e+03 6.284707e+03 2.325185e+05 -2.322955e+05 3.586775e+03 2.185486e+05 6.053816e+03 6.254081e+02 -1.500469e+05 7.420628e+03 2.649695e+05 -2.647144e+05 3.908703e+03 -2.491078e+05 -7.158972e+03 -3.900529e+02 1.710334e+05 -2.647124e+05 -4.820760e+03 -5.062585e+03 2.040007e+05 1.116676e+03 1.710285e+05 -1.917851e+05 4.859375e+03
5.151515e-03 3.789558e+05 6.321479e+03 7.006315e+03 -2.881955e+05 1.452264e+03 2.450206e+05 -2.712528e+05 6.704150e+03 7.373898e+03 2.882589e+05 -2.918247e+05 4.284554e+03 2.711831e+05 7.071167e+03 1.000810e+03 -1.885837e+05 8.688103e+03 3.284877e+05 -3.325502e+05 4.686533e+03 -3.091056e+05 -8.344834e+03 -7.923974e+02 2.149612e+05 -3.325477e+05 -5.743347e+03 -5.928706e+03 2.529016e+05 1.622349e+03 2.149553e+05 -2.379748e+05 5.662493e+03
5.353535e-03 4.931862e+05 7.865726e+03 8.407250e+03 -3.708358e+05 2.317444e+03 3.190334e+05 -3.492369e+05 7.997089e+03 8.895371e+03 3.709233e+05 -3.797935e+05 5.329019e+03 3.491419e+05 8.484283e+03 1.594023e+03 -2.455461e+05 1.045225e+04 4.226867e+05 -4.327938e+05 5.856443e+03 -3.979706e+05 -9.985877e+03 -1.438610e+03 2.798924e+05 -4.327907e+05 -7.118808e+03 -7.134705e+03 3.254227e+05 2.411324e+03 2.798847e+05 -3.063880e+05 6.773483e+03
5.555556e-03 6.785907e+05 1.043927e+04 1.055517e+04 -5.054103e+05 3.835157e+03 4.391893e+05 -4.759500e+05 9.966796e+03 1.124771e+04 5.055375e+05 -5.225741e+05 7.069666e+03 4.758135e+05 1.065777e+04 2.634103e+03 -3.380210e+05 1.316839e+04 5.760840e+05 -5.954970e+05 7.815888e+03 -5.423636e+05 -1.249883e+04 -2.588596e+03 3.853044e+05 -5.954929e+05 -9.401317e+03 -8.992223e+03 4.435189e+05 3.778354e+03 3.852939e+05 -4.175497e+05 8.474205e+03
5.757576e-03 1.040512e+06 1.573618e+04 1.458420e+04 -7.690613e+05 7.104848e+03 6.737773e+05 -7.231890e+05 1.364434e+04 1.570438e+04 7.692665e+05 -8.012913e+05 1.065291e+04 7.229706e+05 1.476155e+04 4.873233e+03 -5.185653e+05 1.828927e+04 8.766116e+05 -9.131042e+05 1.187011e+04 -8.240984e+05 -1.721889e+04 -5.098079e+03 5.911071e+05 -9.130980e+05 -1.407865e+04 -1.249529e+04 6.748867e+05 6.689639e+03 5.910907e+05 -6.344446e+05 1.166796e+04
5.959596e-03 2.447383e+06 3.908797e+04 3.049856e+04 -1.800070e+06 2.201004e+04 1.585630e+06 -1.680529e+06 2.820148e+04 3.352620e+04 1.800575e+06 -1.884729e+06 2.645910e+04 1.679994e+06 3.121997e+04 1.506874e+04 -1.220351e+06 3.864931e+04 2.051821e+06 -2.147717e+06 2.984620e+04 -1.915011e+06 -3.603108e+04 -1.666725e+04 1.391074e+06 -2.147702e+06 -3.460668e+04 -2.642132e+04 1.579651e+06 1.981818e+04 1.391031e+06 -1.474289e+06 2.439908e+04
6.161616e-03 3.860122e+06 5.314098e+04 4.133288e+04 -2.819103e+06 3.184928e+04 2.502341e+06 -2.658110e+06 3.754282e+04 4.556240e+04 2.819939e+06 -2.972700e+06 3.593566e+04 2.657237e+06 4.175765e+04 2.182692e+04 -1.925852e+06 5.242902e+04 3.213410e+06 -3.387486e+06 4.060015e+04 -3.028981e+06 -4.810700e+04 -2.430465e+04 2.195282e+06 -3.387464e+06 -4.698386e+04 -3.587965e+04 2.473913e+06 2.851606e+04 2.195226e+06 -2.331883e+06 3.254471e+04
6.363636e-03 1.732693e+06 1.119562e+04 1.524461e+04 -1.248517e+06 4.468853e+03 1.123906e+06 -1.220367e+06 1.344925e+04 1.601695e+04 1.248914e+06 -1.334366e+06 7.522669e+03 1.219964e+06 1.421838e+04 3.122745e+03 -8.649611e+05 1.884384e+04 1.423170e+06 -1.520544e+06 8.164404e+03 -1.390636e+06 -1.679736e+04 -2.897394e+03 9.859738e+05 -1.520540e+06 -1.023284e+04 -1.292203e+04 1.095647e+06 4.582368e+03 9.859648e+05 -1.070593e+06 1.134474e+04
6.565657e-03 8.522515e+05 -5.056121e+03 5.879633e+03 -6.007625e+05 -6.926132e+03 5.531600e+05 -6.228594e+05 4.944463e+03 5.266937e+03 6.009683e+05 -6.563331e+05 -3.480134e+03 6.226567e+05 4.334291e+03 -4.661873e+03 -4.257029e+05 6.706175e+03 6.848157e+05 -7.479039e+05 -4.452810e+03 -7.097617e+05 -5.641980e+03 6.094170e+03 4.852609e+05 -7.479053e+05 3.949732e+03 -4.617262e+03 5.272070e+05 -5.296266e+03 4.852693e+05 -5.464200e+05 3.797938e+03
6.767677e-03 7.533250e+04 -1.589184e+04 3.408275e+02 -3.475844e+04 -1.548270e+04 4.895567e+04 -8.974828e+04 2.336182e+02 -1.248900e+03 3.478024e+04 -5.801341e+04 -1.080191e+04 8.973343e+04 -1.348503e+03 -1.051559e+04 -3.766880e+04 -5.548391e+02 3.963312e+04 -6.610655e+04 -1.291224e+04 -1.022730e+05 6.730960e+02 1.294005e+04 4.293371e+04 -6.611043e+04 1.334259e+04 3.696191e+02 3.050303e+04 -1.262952e+04 4.295316e+04 -7.874499e+04 -4.599989e+02
6.969697e-03 -1.405985e+06 -2.647241e+04 -4.678868e+03 1.029685e+06 -2.553526e+04 -9.136122e+05 9.418319e+05 -3.061428e+03 -7.313041e+03 -1.030044e+06 1.082798e+06 -1.790360e+04 -9.414639e+05 -5.681597e+03 -1.742985e+04 7.030961e+05 -7.190134e+03 -1.173743e+06 1.233857e+06 -2.119996e+04 1.073220e+06 5.339463e+03 2.111396e+04 -8.014867e+05 1.233852e+06 2.243245e+04 4.986428e+03 -9.036227e+05 -2.115606e+04 -8.014562e+05 8.262054e+05 -3.560702e+03
7.171717e-03 -9.326410e+06 -3.986210e+04 -1.428592e+04 6.660689e+06 -4.735544e+04 -6.064402e+06 6.519699e+06 -2.969772e+03 -1.870647e+04 -6.663178e+06 7.182652e+06 -2.651012e+04 -6.517201e+06 -7.364544e+03 -3.273873e+04 4.666924e+06 -1.948492e+04 -7.592699e+06 8.184641e+06 -3.149611e+04 7.429204e+06 6.574264e+03 3.930201e+04 -5.319998e+06 8.184641e+06 3.369374e+04 1.394724e+04 -5.845267e+06 -3.956103e+04 -5.319946e+06 5.719345e+06 -4.006407e+03
7.373737e-03 1.852881e+07 -2.553052e+04 -5.949338e+03 -1.310802e+07 1.121195e+04 1.205616e+07 -1.313630e+07 -2.940566e+04 -6.685253e+03 1.311314e+07 -1.426993e+07 -1.853117e+04 1.313119e+07 -3.013713e+04 8.805417e+03 -9.277786e+06 -8.664843e+03 1.494237e+07 -1.626054e+07 -2.036776e+04 -1.496876e+07 3.539546e+04 -1.117304e+04 1.057612e+07 -1.626052e+07 2.315378e+04 4.414687e+03 1.150334e+07 8.700583e+03 1.057614e+07 -1.152369e+07 -2.499470e+04
7.575758e-03 1.418596e+07 1.150783e+04 -3.466214e+04 -1.010101e+07 5.456818e+04 9.236578e+06 -1.000280e+07 -5.330190e+04 -3.131574e+04 1.010505e+07 -1.092541e+07 6.858260e+03 9.998754e+06 -4.997873e+04 3.801953e+04 -7.107877e+06 -4.075660e+04 1.151462e+07 -1.244941e+07 1.144205e+04 -1.139808e+07 6.201310e+04 -4.878403e+04 8.102629e+06 -1.244938e+07 -6.470568e+03 2.651230e+04 8.864488e+06 4.242743e+04 8.102613e+06 -8.774773e+06 -4.287971e+04
7.777778e-03 5.524621e+07 2.205898e+05 -2.541294e+05 -3.962646e+07 4.374787e+05 3.599115e+07 -3.864525e+07 -3.253198e+05 -2.206663e+05 3.963879e+07 -4.254422e+07 1.461045e+05 3.863308e+07 -2.920485e+05 3.007812e+05 -2.769885e+07 -2.906040e+05 4.516782e+07 -4.847852e+07 1.945904e+05 -4.404020e+07 3.718038e+05 -3.846000e+05 3.157562e+07 -4.848349e+07 -1.654722e+05 1.928663e+05 3.477575e+07 3.420582e+05 3.157227e+07 -3.390051e+07 -2.554559e+05
7.979798e-03 -6.550863e+06 -5.433386e+04 4.340963e+04 4.736818e+06 -8.624432e+04 -4.271110e+06 4.531709e+06 5.258308e+04 3.622856e+04 -4.738789e+06 5.045278e+06 -3.640766e+04 -4.529754e+06 4.545773e+04 -5.904848e+04 3.286705e+06 4.862397e+04 -5.399749e+06 5.748988e+06 -4.677230e+04 5.163795e+06 -5.910763e+04 7.508161e+04 -3.746748e+06 5.748997e+06 4.239428e+04 -3.244119e+04 -4.157004e+06 -6.789016e+04 -3.746683e+06 3.975279e+06 4.051915e+04
8.181818e-03 -2.459192e+06 -3.187085e+04 2.125245e+04 1.791336e+06 -4.580267e+04 -1.604486e+06 1.680505e+06 2.479859e+04 1.727235e+04 -1.792100e+06 1.894018e+06 -2.144703e+04 -1.679753e+06 2.085125e+04 -3.128887e+04 1.234672e+06 2.348448e+04 -2.042048e+06 2.158181e+06 -2.718441e+04 1.914891e+06 -2.754265e+04 3.966473e+04 -1.407500e+06 2.158184e+06 2.522249e+04 -1.572201e+04 -1.572075e+06 -3.618426e+04 -1.407469e+06 1.474147e+06 1.885050e+04
8.383838e-03 -9.307780e+05 -1.975820e+04 9.756638e+03 6.845631e+05 -2.557264e+04 -6.076959e+05 6.212741e+05 1.112762e+04 7.425407e+03 -6.848622e+05 7.168736e+05 -1.333721e+04 -6.209850e+05 8.816615e+03 -1.743597e+04 4.676286e+05 1.046539e+04 -7.803750e+05 8.168520e+05 -1.664537e+04 7.079215e+05 -1.203817e+04 2.196555e+04 -5.330897e+05 8.168549e+05 1.589111e+04 -7.018671e+03 -6.007763e+05 -2.034462e+04 -5.330723e+05 5.449776e+05 8.231963e+03
8.585859e-03 2.247360e+06 1.858243e+04 -2.955843e+04 -1.638359e+06 3.592222e+04 1.468470e+06 -1.565052e+06 -3.306146e+04 -2.676951e+04 1.639100e+06 -1.730909e+06 1.242069e+04 1.564326e+06 -3.029857e+04 2.457588e+04 -1.129964e+06 -3.427056e+04 1.867689e+06 -1.972301e+06 1.692085e+04 -1.783317e+06 3.827423e+04 -3.196065e+04 1.288155e+06 -1.972304e+06 -1.353895e+04 2.303885e+04 1.437839e+06 2.756838e+04 1.288137e+06 -1.372864e+06 -2.612809e+04
8.787879e-03 1.030783e+06 6.589472e+03 -1.599469e+04 -7.530874e+05 1.557141e+04 6.740529e+05 -7.241885e+05 -1.766330e+04 -1.486353e+04 7.534357e+05 -7.939142e+05 4.379614e+03 7.238466e+05 -1.654336e+04 1.066084e+04 -5.186633e+05 -1.876531e+04 8.585062e+05 -9.046283e+05 6.347165e+03 -8.251816e+05 2.067121e+04 -1.406722e+04 5.912791e+05 -9.046300e+05 -4.425649e+03 1.262849e+04 6.609197e+05 1.174613e+04 5.912727e+05 -6.352567e+05 -1.409996e+04
8.989899e-03 6.823393e+05 3.710883e+03 -1.221467e+04 -5.002136e+05 1.030047e+04 4.465455e+05 -4.824733e+05 -1.335965e+04 -1.150105e+04 5.004500e+05 -5.255471e+05 2.454013e+03 4.822414e+05 -1.265352e+04 7.054183e+03 -3.435972e+05 -1.441715e+04 5.702376e+05 -5.988331e+05 3.778480e+03 -5.497550e+05 1.572442e+04 -9.414096e+03 3.917061e+05 -5.988345e+05 -2.274079e+03 9.709110e+03 4.389966e+05 7.663786e+03 3.917025e+05 -4.232232e+05 -1.071910e+04
9.191919e-03 5.008302e+05 2.370456e+03 -1.018056e+04 -3.686118e+05 7.666940e+03 3.280200e+05 -3.562667e+05 -1.105102e+04 -9.670541e+03 3.687897e+05 -3.857508e+05 1.559054e+03 3.560925e+05 -1.054665e+04 5.251493e+03 -2.523925e+05 -1.206503e+04 4.202152e+05 -4.395401e+05 2.566354e+03 -4.059469e+05 1.305848e+04 -7.080148e+03 2.877339e+05 -4.395413e+05 -1.290150e+03 8.129082e+03 3.235023e+05 5.632424e+03 2.877316e+05 -3.125145e+05 -8.897219e+03
9.393939e-03 3.882122e+05 1.608982e+03 -8.850905e+03 -2.869774e+05 6.063353e+03 2.544657e+05 -2.778085e+05 -9.549331e+03 -8.462055e+03 2.871186e+05 -2.990133e+05 1.051558e+03 2.776703e+05 -9.165028e+03 4.153552e+03 -1.957933e+05 -1.052071e+04 3.271540e+05 -3.407059e+05 1.867666e+03 -3.165465e+05 1.131750e+04 -5.653589e+03 2.232113e+05 -3.407070e+05 -7.423438e+02 7.091021e+03 2.518595e+05 4.400595e+03 2.232098e+05 -2.436908e+05 -7.707636e+03
9.595960e-03 3.117297e+05 1.129673e+03 -7.892199e+03 -2.315254e+05 4.981437e+03 2.045006e+05 -2.244276e+05 -8.472423e+03 -7.583334e+03 2.316415e+05 -2.401069e+05 7.326905e+02 2.243142e+05 -8.167358e+03 3.412673e+03 -1.573458e+05 -9.403082e+03 2.639400e+05 -2.735844e+05 1.420877e+03 -2.557210e+05 1.006474e+04 -4.687604e+03 1.793815e+05 -2.735854e+05 -4.051884e+02 6.339275e+03 2.031944e+05 3.572871e+03 1.793805e+05 -1.968651e+05 -6.851795e+03
9.797980e-03 2.567362e+05 8.080869e+02 -7.158448e+03 -1.916329e+05 4.202968e+03 1.685643e+05 -1.859754e+05 -7.652597e+03 -6.905935e+03 1.917307e+05 -1.977511e+05 5.191467e+02 1.858799e+05 -7.403348e+03 2.879536e+03 -1.296936e+05 -8.544999e+03 2.184633e+05 -2.253216e+05 1.115951e+03 -2.119061e+05 9.108251e+03 -3.990131e+03 1.478581e+05 -2.253226e+05 -1.845907e+02 5.761733e+03 1.681844e+05 2.979659e+03 1.478574e+05 -1.631349e+05 -6.198464e+03
1.000000e-02 2.155734e+05 5.826411e+02 -6.573752e+03 -1.617503e+05 3.617199e+03 1.416582e+05 -1.571403e+05 -7.002613e+03 -6.362786e+03 1.618343e+05 -1.660474e+05 3.697355e+02 1.570584e+05 -6.794507e+03 2.478342e+03 -1.089900e+05 -7.859384e+03 1.843976e+05 -1.891967e+05 8.982165e+02 -1.790497e+05 8.347980e+03 -3.463565e+03 1.242560e+05 -1.891976e+05 -3.424628e+01 5.299988e+03 1.419591e+05 2.535000e+03 1.242556e+05 -1.378409e+05 -5.679242e+03
