-1.000000e-02 5.146088e+03 2.824111e+03 2.043496e+03 -3.954736e+03 -2.239760e+03 -3.646108e+04 -6.458203e+03 1.592247e+03 2.026530e+03 3.904712e+03 -3.982339e+03 1.936327e+03 6.508181e+03 1.571681e+03 -1.539951e+03 2.809219e+04 2.463041e+03 4.514438e+03 -4.523603e+03 2.564048e+03 -7.424166e+03 -1.958301e+03 1.655477e+03 -3.200579e+04 -4.527818e+03 -2.120857e+03 -1.675349e+03 3.421015e+03 -2.064977e+03 -3.200237e+04 -5.661670e+03 1.268245e+03
-9.797980e-03 5.354557e+03 2.900109e+03 2.055816e+03 -3.763155e+03 -2.293425e+03 -3.767976e+04 -6.408347e+03 1.598139e+03 2.038285e+03 3.712403e+03 -4.142312e+03 1.988013e+03 6.459021e+03 1.576971e+03 -1.576439e+03 2.902994e+04 2.477640e+03 4.296251e+03 -4.706170e+03 2.629630e+03 -7.368287e+03 -1.965306e+03 1.697984e+03 -3.307488e+04 -4.710544e+03 -2.180871e+03 -1.685237e+03 3.252128e+03 -2.111150e+03 -3.307134e+04 -5.617783e+03 1.272665e+03
-9.595960e-03 5.570329e+03 2.978882e+03 2.067740e+03 -3.548298e+03 -2.348717e+03 -3.893782e+04 -6.344271e+03 1.603537e+03 2.049627e+03 3.496824e+03 -4.307866e+03 2.041579e+03 6.395631e+03 1.581748e+03 -1.614027e+03 2.999797e+04 2.491753e+03 4.051537e+03 -4.895118e+03 2.697613e+03 -7.296190e+03 -1.971714e+03 1.741778e+03 -3.417850e+04 -4.899657e+03 -2.243062e+03 -1.694790e+03 3.062823e+03 -2.158717e+03 -3.417484e+04 -5.561418e+03 1.276664e+03
-9.393939e-03 5.793453e+03 3.060531e+03 2.079215e+03 -3.308203e+03 -2.405673e+03 -4.023532e+04 -6.264616e+03 1.608395e+03 2.060500e+03 3.256018e+03 -4.479039e+03 2.097094e+03 6.316649e+03 1.585966e+03 -1.652738e+03 3.099632e+04 2.505312e+03 3.778060e+03 -5.090490e+03 2.768086e+03 -7.206323e+03 -1.977464e+03 1.786888e+03 -3.531671e+04 -5.095200e+03 -2.307506e+03 -1.703963e+03 2.851383e+03 -2.207708e+03 -3.531292e+04 -5.491383e+03 1.280202e+03
-9.191919e-03 6.023942e+03 3.145160e+03 2.090179e+03 -3.040774e+03 -2.464328e+03 -4.157212e+04 -6.167922e+03 1.612660e+03 2.070845e+03 2.987890e+03 -4.655840e+03 2.154628e+03 6.220612e+03 1.589573e+03 -1.692596e+03 3.202489e+04 2.518245e+03 3.473431e+03 -5.292298e+03 2.841140e+03 -7.097018e+03 -1.982496e+03 1.833341e+03 -3.648937e+04 -5.297185e+03 -2.374286e+03 -1.712707e+03 2.615971e+03 -2.258154e+03 -3.648546e+04 -5.406400e+03 1.283239e+03
-8.989899e-03 6.261764e+03 3.232876e+03 2.100567e+03 -2.743775e+03 -2.524716e+03 -4.294778e+04 -6.052625e+03 1.616279e+03 2.080594e+03 2.690206e+03 -4.838243e+03 2.214252e+03 6.105953e+03 1.592515e+03 -1.733623e+03 3.308332e+04 2.530473e+03 3.135099e+03 -5.500512e+03 2.916866e+03 -6.966489e+03 -1.986744e+03 1.881163e+03 -3.769610e+04 -5.505581e+03 -2.443483e+03 -1.720966e+03 2.354627e+03 -2.310081e+03 -3.769206e+04 -5.305095e+03 1.285729e+03
-8.787879e-03 6.506835e+03 3.323783e+03 2.110309e+03 -2.414821e+03 -2.586867e+03 -4.436155e+04 -5.917052e+03 1.619194e+03 2.089680e+03 2.360585e+03 -5.026181e+03 2.276037e+03 5.970996e+03 1.594736e+03 -1.775838e+03 3.417106e+04 2.541911e+03 2.760348e+03 -5.715058e+03 2.995357e+03 -6.812824e+03 -1.990137e+03 1.930380e+03 -3.893626e+04 -5.720315e+03 -2.515177e+03 -1.728683e+03 2.065263e+03 -2.363516e+03 -3.893208e+04 -5.186002e+03 1.287627e+03
-8.585859e-03 6.759010e+03 3.417988e+03 2.119326e+03 -2.051383e+03 -2.650809e+03 -4.581232e+04 -5.759419e+03 1.621344e+03 2.098024e+03 1.996502e+03 -5.219541e+03 2.340054e+03 5.813953e+03 1.596174e+03 -1.819260e+03 3.528724e+04 2.552465e+03 2.346291e+03 -5.935806e+03 3.076705e+03 -6.633986e+03 -1.992600e+03 1.981011e+03 -4.020886e+04 -5.941258e+03 -2.589452e+03 -1.735796e+03 1.745664e+03 -2.418481e+03 -4.020454e+04 -5.047556e+03 1.288883e+03
-8.383838e-03 7.018070e+03 3.515598e+03 2.127538e+03 -1.650778e+03 -2.716566e+03 -4.729857e+04 -5.577831e+03 1.622665e+03 2.105544e+03 1.595278e+03 -5.418156e+03 2.406374e+03 5.632923e+03 1.596766e+03 -1.863903e+03 3.643068e+04 2.562036e+03 1.889873e+03 -6.162567e+03 3.161003e+03 -6.427806e+03 -1.994055e+03 2.033077e+03 -4.151256e+04 -6.168218e+03 -2.666388e+03 -1.742235e+03 1.393480e+03 -2.474996e+03 -4.150809e+04 -4.888093e+03 1.289446e+03
-8.181818e-03 7.283717e+03 3.616715e+03 2.134854e+03 -1.210178e+03 -2.784158e+03 -4.881827e+04 -5.370277e+03 1.623087e+03 2.112153e+03 1.154089e+03 -5.621794e+03 2.475067e+03 5.425892e+03 1.596445e+03 -1.909780e+03 3.759984e+04 2.570517e+03 1.387867e+03 -6.395077e+03 3.248341e+03 -6.191989e+03 -1.994417e+03 2.086593e+03 -4.284559e+04 -6.400934e+03 -2.746065e+03 -1.747928e+03 1.006233e+03 -2.533078e+03 -4.284098e+04 -4.705852e+03 1.289260e+03
-7.979798e-03 7.555561e+03 3.721442e+03 2.141177e+03 -7.266070e+02 -2.853599e+03 -5.036887e+04 -5.134635e+03 1.622539e+03 2.117755e+03 6.699628e+02 -5.830153e+03 2.546200e+03 5.190733e+03 1.595140e+03 -1.956900e+03 3.879273e+04 2.577791e+03 8.368820e+02 -6.632994e+03 3.338809e+03 -5.924108e+03 -1.993599e+03 2.141570e+03 -4.420570e+04 -6.639060e+03 -2.828561e+03 -1.752795e+03 5.813172e+02 -2.592736e+03 -4.420094e+04 -4.498971e+03 1.288268e+03
-7.777778e-03 7.833102e+03 3.829877e+03 2.146405e+03 -1.969486e+02 -2.924898e+03 -5.194717e+04 -4.868674e+03 1.620946e+03 2.122248e+03 1.397885e+02 -6.042850e+03 2.619839e+03 4.925210e+03 1.592775e+03 -2.005266e+03 4.000690e+04 2.583733e+03 2.333644e+02 -6.875879e+03 3.432492e+03 -5.621614e+03 -1.991507e+03 2.198014e+03 -4.559010e+04 -6.882161e+03 -2.913951e+03 -1.756753e+03 1.160036e+02 -2.653979e+03 -4.558518e+04 -4.265492e+03 1.286410e+03
-7.575758e-03 8.115722e+03 3.942113e+03 2.150426e+03 3.820443e+02 -2.998058e+03 -5.354929e+04 -4.570061e+03 1.618226e+03 2.125521e+03 -4.396758e+02 -6.259408e+03 2.696047e+03 4.626982e+03 1.589274e+03 -2.054880e+03 4.123936e+04 2.588210e+03 -4.263877e+02 -7.123191e+03 3.529472e+03 -5.281840e+03 -1.988044e+03 2.255927e+03 -4.699536e+04 -7.129692e+03 -3.002306e+03 -1.759709e+03 -3.925515e+02 -2.716805e+03 -4.699029e+04 -4.003370e+03 1.283623e+03
-7.373737e-03 8.402667e+03 4.058238e+03 2.153119e+03 1.013736e+03 -3.073073e+03 -5.517054e+04 -4.236365e+03 1.614297e+03 2.127458e+03 -1.071789e+03 -6.479248e+03 2.774881e+03 4.293615e+03 1.584556e+03 -2.105736e+03 4.248651e+04 2.591079e+03 -1.146210e+03 -7.374267e+03 3.629826e+03 -4.902008e+03 -1.983108e+03 2.315304e+03 -4.841739e+04 -7.380991e+03 -3.093691e+03 -1.761567e+03 -9.472944e+02 -2.781210e+03 -4.841216e+04 -3.710474e+03 1.279840e+03
-7.171717e-03 8.693029e+03 4.178329e+03 2.154359e+03 1.701591e+03 -3.149928e+03 -5.680536e+04 -3.865075e+03 1.609071e+03 2.127934e+03 -1.760010e+03 -6.701672e+03 2.856393e+03 3.922592e+03 1.578535e+03 -2.157823e+03 4.374405e+04 2.592186e+03 -1.930052e+03 -7.628314e+03 3.733623e+03 -4.479248e+03 -1.976592e+03 2.376134e+03 -4.985130e+04 -7.635264e+03 -3.188166e+03 -1.762223e+03 -1.551258e+03 -2.847179e+03 -4.984591e+04 -3.384601e+03 1.274995e+03
-6.969697e-03 8.985734e+03 4.302455e+03 2.154008e+03 2.449145e+03 -3.228599e+03 -5.844719e+04 -3.453616e+03 1.602459e+03 2.126815e+03 -2.507868e+03 -6.925853e+03 2.940627e+03 3.511328e+03 1.571126e+03 -2.211122e+03 4.500695e+04 2.591368e+03 -2.781946e+03 -7.884390e+03 3.840922e+03 -4.010615e+03 -1.968385e+03 2.438398e+03 -5.129134e+04 -7.891568e+03 -3.285780e+03 -1.761565e+03 -2.207539e+03 -2.914690e+03 -5.128578e+04 -3.023492e+03 1.269016e+03
-6.767677e-03 9.279519e+03 4.430671e+03 2.151921e+03 3.259980e+03 -3.309052e+03 -6.008842e+04 -2.999364e+03 1.594367e+03 2.123960e+03 -3.318939e+03 -7.150821e+03 3.027620e+03 3.057195e+03 1.562237e+03 -2.265609e+03 4.626933e+04 2.588451e+03 -3.705975e+03 -8.141386e+03 3.951773e+03 -3.493110e+03 -1.958372e+03 2.502067e+03 -5.273082e+04 -8.148794e+03 -3.386575e+03 -1.759477e+03 -2.919273e+03 -2.983712e+03 -5.272510e+04 -2.624847e+03 1.261830e+03
-6.565657e-03 9.572914e+03 4.563018e+03 2.147945e+03 4.137680e+03 -3.391240e+03 -6.172023e+04 -2.499680e+03 1.584697e+03 2.119218e+03 -4.196800e+03 -7.375450e+03 3.117397e+03 2.557547e+03 1.551778e+03 -2.321249e+03 4.752443e+04 2.583252e+03 -4.706224e+03 -8.398018e+03 4.066213e+03 -2.923716e+03 -1.946435e+03 2.567103e+03 -5.416202e+04 -8.405655e+03 -3.490579e+03 -1.755832e+03 -3.689598e+03 -3.054203e+03 -5.415613e+04 -2.186351e+03 1.253364e+03
-6.363636e-03 9.864228e+03 4.699516e+03 2.141916e+03 5.085783e+03 -3.475102e+03 -6.333251e+04 -1.951940e+03 1.573351e+03 2.112431e+03 -5.144982e+03 -7.598437e+03 3.209972e+03 2.009751e+03 1.539653e+03 -2.378001e+03 4.876445e+04 2.575575e+03 -5.786730e+03 -8.652802e+03 4.184260e+03 -2.299431e+03 -1.932451e+03 2.633459e+03 -5.557605e+04 -8.660667e+03 -3.597805e+03 -1.750499e+03 -4.521610e+03 -3.126109e+03 -5.557001e+04 -1.705703e+03 1.243541e+03
-6.161616e-03 1.015152e+04 4.840166e+03 2.133663e+03 6.107724e+03 -3.560563e+03 -6.491376e+04 -1.353576e+03 1.560227e+03 2.103434e+03 -6.166914e+03 -7.818298e+03 3.305343e+03 1.411231e+03 1.525767e+03 -2.435811e+03 4.998054e+04 2.565215e+03 -6.951408e+03 -8.904043e+03 4.305917e+03 -1.617318e+03 -1.916296e+03 2.701075e+03 -5.696284e+04 -8.912133e+03 -3.708251e+03 -1.743340e+03 -5.418318e+03 -3.199364e+03 -5.695663e+04 -1.180651e+03 1.232285e+03
-5.959596e-03 1.043260e+04 4.984944e+03 2.123005e+03 7.206767e+03 -3.647531e+03 -6.645098e+04 -7.021228e+02 1.545223e+03 2.092050e+03 -7.265853e+03 -8.033346e+03 3.403492e+03 7.595181e+02 1.510024e+03 -2.494616e+03 5.116271e+04 2.551958e+03 -8.203980e+03 -9.149816e+03 4.431164e+03 -8.745603e+02 -1.897845e+03 2.769878e+03 -5.831098e+04 -9.158128e+03 -3.821894e+03 -1.734207e+03 -6.382575e+03 -3.273888e+03 -5.830461e+04 -6.090338e+02 1.219518e+03
-5.757576e-03 1.070499e+04 5.133793e+03 2.109753e+03 8.385918e+03 -3.735898e+03 -6.792959e+04 4.720904e+00 1.528236e+03 2.078099e+03 -8.444797e+03 -8.241682e+03 3.504379e+03 5.230077e+01 1.492328e+03 -2.554341e+03 5.229973e+04 2.535577e+03 -9.547873e+03 -9.387955e+03 4.559954e+03 -6.852235e+01 -1.876968e+03 2.839782e+03 -5.960768e+04 -9.396482e+03 -3.938687e+03 -1.722949e+03 -7.417014e+03 -3.349585e+03 -5.960116e+04 1.116719e+01 1.205164e+03
-5.555556e-03 1.096593e+04 5.286626e+03 2.093711e+03 9.647835e+03 -3.825537e+03 -6.933335e+04 7.690300e+02 1.509161e+03 2.061390e+03 -9.706398e+03 -8.441185e+03 3.607945e+03 -7.125019e+02 1.472583e+03 -2.614896e+03 5.337912e+04 2.515839e+03 -1.098612e+04 -9.616039e+03 4.692213e+03 8.031692e+02 -1.853539e+03 2.910685e+03 -6.083869e+04 -9.624772e+03 -4.058558e+03 -1.709408e+03 -8.523959e+03 -3.426345e+03 -6.083203e+04 6.817709e+02 1.189145e+03
-5.353535e-03 1.121234e+04 5.443317e+03 2.074675e+03 1.099472e+04 -3.916299e+03 -7.064432e+04 1.592575e+03 1.487895e+03 2.041729e+03 -1.105285e+04 -8.629502e+03 3.714100e+03 -1.536667e+03 1.450694e+03 -2.676181e+03 5.438705e+04 2.492502e+03 -1.252122e+04 -9.831385e+03 4.827832e+03 1.742541e+03 -1.827430e+03 2.982470e+03 -6.198826e+04 -9.840313e+03 -4.181405e+03 -1.693419e+03 -9.705332e+03 -3.504040e+03 -6.198147e+04 1.404330e+03 1.171386e+03
-5.151515e-03 1.144086e+04 5.603694e+03 2.052436e+03 1.242818e+04 -4.008015e+03 -7.184279e+04 2.476736e+03 1.464338e+03 2.018916e+03 -1.248576e+04 -8.804046e+03 3.822728e+03 -2.421581e+03 1.426572e+03 -2.738079e+03 5.530837e+04 2.465317e+03 -1.415503e+04 -1.003104e+04 4.966666e+03 2.751175e+03 -1.798517e+03 3.055004e+03 -6.303913e+04 -1.004015e+04 -4.307091e+03 -1.674815e+03 -1.096255e+04 -3.582523e+03 -6.303221e+04 2.180054e+03 1.151816e+03
-4.949495e-03 1.164781e+04 5.767538e+03 2.026779e+03 1.394912e+04 -4.100494e+03 -7.290733e+04 3.422408e+03 1.438392e+03 1.992747e+03 -1.400603e+04 -8.961994e+03 3.933680e+03 -3.368143e+03 1.400128e+03 -2.800460e+03 5.612660e+04 2.434031e+03 -1.588858e+04 -1.021178e+04 5.108525e+03 3.830098e+03 -1.766679e+03 3.128133e+03 -6.397248e+04 -1.022105e+04 -4.435441e+03 -1.653425e+03 -1.229639e+04 -3.661627e+03 -6.396544e+04 3.009726e+03 1.130366e+03
-4.747475e-03 1.182920e+04 5.934576e+03 1.997489e+03 1.555759e+04 -4.193520e+03 -7.381482e+04 4.429895e+03 1.409963e+03 1.963015e+03 -1.561368e+04 -9.100294e+03 4.046769e+03 -4.376661e+03 1.371281e+03 -2.863176e+03 5.682394e+04 2.398386e+03 -1.772189e+04 -1.037012e+04 5.253173e+03 4.979661e+03 -1.731799e+03 3.201689e+03 -6.476804e+04 -1.037954e+04 -4.566238e+03 -1.629075e+03 -1.370688e+04 -3.741169e+03 -6.476090e+04 3.893614e+03 1.106969e+03
-4.545455e-03 1.198077e+04 6.104473e+03 1.964347e+03 1.725257e+04 -4.286854e+03 -7.454056e+04 5.498795e+03 1.378963e+03 1.929515e+03 -1.730773e+04 -9.215678e+03 4.161767e+03 -5.446738e+03 1.339956e+03 -2.926065e+03 5.738138e+04 2.358126e+03 -1.965385e+04 -1.050233e+04 5.400323e+03 6.199411e+03 -1.693769e+03 3.275481e+03 -6.540414e+04 -1.051187e+04 -4.699218e+03 -1.601591e+03 -1.519315e+04 -3.820940e+03 -6.539692e+04 4.831363e+03 1.081567e+03
-4.343434e-03 1.209801e+04 6.276830e+03 1.927138e+03 1.903189e+04 -4.380231e+03 -7.505843e+04 6.627886e+03 1.345312e+03 1.892044e+03 -1.908597e+04 -9.304683e+03 4.278403e+03 -6.577150e+03 1.306084e+03 -2.988948e+03 5.777884e+04 2.312996e+03 -2.168195e+04 -1.060446e+04 5.549629e+03 7.487957e+03 -1.652488e+03 3.349300e+03 -6.585786e+04 -1.061410e+04 -4.834068e+03 -1.570803e+03 -1.675327e+04 -3.900716e+03 -6.585058e+04 5.821902e+03 1.054108e+03
-4.141414e-03 1.217619e+04 6.451176e+03 1.885651e+03 2.089199e+04 -4.473363e+03 -7.534114e+04 7.814999e+03 1.308937e+03 1.850404e+03 -2.094486e+04 -9.363683e+03 4.396359e+03 -7.765729e+03 1.269608e+03 -3.051629e+03 5.799531e+04 2.262747e+03 -2.380215e+04 -1.067237e+04 5.700684e+03 8.842826e+03 -1.607865e+03 3.422917e+03 -6.610527e+04 -1.068208e+04 -4.970417e+03 -1.536543e+03 -1.838413e+04 -3.980246e+03 -6.609794e+04 6.863326e+03 1.024545e+03
-3.939394e-03 1.221042e+04 6.626963e+03 1.839685e+03 2.282776e+04 -4.565934e+03 -7.536053e+04 9.056898e+03 1.269777e+03 1.804406e+03 -2.287930e+04 -9.388931e+03 4.515263e+03 -9.009235e+03 1.230480e+03 -3.113895e+03 5.800913e+04 2.207142e+03 -2.600862e+04 -1.070179e+04 5.853014e+03 1.026033e+04 -1.559825e+03 3.496084e+03 -6.612166e+04 -1.071152e+04 -5.107837e+03 -1.498651e+03 -2.008125e+04 -4.059262e+03 -6.611432e+04 7.952798e+03 9.928437e+02
-3.737374e-03 1.219572e+04 6.803566e+03 1.789047e+03 2.483240e+04 -4.657606e+03 -7.508801e+04 1.034916e+04 1.227782e+03 1.753874e+03 -2.488247e+04 -9.376613e+03 4.634691e+03 -1.030324e+04 1.188665e+03 -3.175519e+03 5.779831e+04 2.145957e+03 -2.829361e+04 -1.068835e+04 6.006076e+03 1.173541e+04 -1.508304e+03 3.568533e+03 -6.588196e+04 -1.069807e+04 -5.245836e+03 -1.456976e+03 -2.183866e+04 -4.137476e+03 -6.587464e+04 9.086437e+03 9.589773e+02
-3.535354e-03 1.212712e+04 6.980272e+03 1.733566e+03 2.689723e+04 -4.748017e+03 -7.449504e+04 1.168608e+04 1.182918e+03 1.698647e+03 -2.694572e+04 -9.322917e+03 4.754163e+03 -1.164203e+04 1.144143e+03 -3.236258e+03 5.734090e+04 2.078989e+03 -3.064724e+04 -1.062770e+04 6.159253e+03 1.326156e+04 -1.453258e+03 3.639978e+03 -6.536115e+04 -1.063738e+04 -5.383862e+03 -1.411383e+03 -2.364875e+04 -4.214577e+03 -6.535387e+04 1.025923e+04 9.229311e+02
-3.333333e-03 1.199975e+04 7.156286e+03 1.673088e+03 2.901160e+04 -4.836783e+03 -7.355378e+04 1.306056e+04 1.135163e+03 1.638586e+03 -2.905840e+04 -9.224110e+03 4.873142e+03 -1.301849e+04 1.096907e+03 -3.295855e+03 5.661547e+04 2.006061e+03 -3.305735e+04 -1.051559e+04 6.311856e+03 1.483067e+04 -1.394659e+03 3.710117e+03 -6.453478e+04 -1.052517e+04 -5.521291e+03 -1.361752e+03 -2.550220e+04 -4.290240e+03 -6.452758e+04 1.146497e+04 8.847030e+02
-3.131313e-03 1.180897e+04 7.330725e+03 1.607488e+03 3.116279e+04 -4.923501e+03 -7.223776e+04 1.446405e+04 1.084515e+03 1.573580e+03 -3.120779e+04 -9.076637e+03 4.991031e+03 -1.442408e+04 1.046969e+03 -3.354040e+03 5.560165e+04 1.927025e+03 -3.550944e+04 -1.034795e+04 6.463118e+03 1.643300e+04 -1.332502e+03 3.778630e+03 -6.337965e+04 -1.035739e+04 -5.657438e+03 -1.307987e+03 -2.738784e+04 -4.364123e+03 -6.337257e+04 1.269614e+04 8.443039e+02
-2.929293e-03 1.155051e+04 7.502624e+03 1.536671e+03 3.333592e+04 -5.007751e+03 -7.052267e+04 1.588656e+04 1.030991e+03 1.503545e+03 -3.337905e+04 -8.877223e+03 5.107180e+03 -1.584875e+04 9.943570e+02 -3.410534e+03 5.428076e+04 1.841776e+03 -3.798656e+04 -1.012105e+04 6.612201e+03 1.805710e+04 -1.266806e+03 3.845187e+03 -6.187443e+04 -1.013028e+04 -5.791552e+03 -1.250015e+03 -2.929266e+04 -4.435868e+03 -6.186751e+04 1.394398e+04 8.017593e+02
-2.727273e-03 1.122060e+04 7.670938e+03 1.460581e+03 3.551404e+04 -5.089100e+03 -6.838726e+04 1.731658e+04 9.746255e+02 1.428436e+03 -3.555524e+04 -8.622991e+03 5.220884e+03 -1.728101e+04 9.391184e+02 -3.465048e+03 5.263645e+04 1.750249e+03 -4.046938e+04 -9.831599e+03 6.758197e+03 1.968987e+04 -1.197614e+03 3.909445e+03 -6.000050e+04 -9.840572e+03 -5.922821e+03 -1.187796e+03 -3.120178e+04 -4.505110e+03 -5.999377e+04 1.519841e+04 7.571093e+02
-2.525253e-03 1.081618e+04 7.834548e+03 1.379207e+03 3.767816e+04 -5.167104e+03 -6.581426e+04 1.874123e+04 9.154768e+02 1.348249e+03 -3.771739e+04 -8.311585e+03 5.331389e+03 -1.870794e+04 8.813198e+02 -3.517289e+03 5.065543e+04 1.652435e+03 -4.293627e+04 -9.476903e+03 6.900134e+03 2.131656e+04 -1.124994e+03 3.971057e+03 -5.774268e+04 -9.485557e+03 -6.050376e+03 -1.121323e+03 -3.309858e+04 -4.571475e+03 -5.773621e+04 1.644811e+04 7.104095e+02
-2.323232e-03 1.033500e+04 7.992277e+03 1.292584e+03 3.980746e+04 -5.241318e+03 -6.279129e+04 2.014634e+04 8.536245e+02 1.263028e+03 -3.984470e+04 -7.941296e+03 5.437903e+03 -2.011532e+04 8.210477e+02 -3.566961e+03 4.832817e+04 1.548380e+03 -4.536346e+04 -9.055012e+03 7.036987e+03 2.292099e+04 -1.049043e+03 4.029668e+03 -5.509015e+04 -9.063286e+03 -6.173305e+03 -1.050630e+03 -3.496480e+04 -4.634585e+03 -5.508396e+04 1.768066e+04 6.617315e+02
-2.121212e-03 9.775854e+03 8.142896e+03 1.200801e+03 4.187948e+04 -5.311294e+03 -5.931184e+04 2.151658e+04 7.891715e+02 1.172865e+03 -4.191475e+04 -7.511188e+03 5.539599e+03 -2.148783e+04 7.584084e+02 -3.613769e+03 4.564968e+04 1.438195e+03 -4.772539e+04 -8.564855e+03 7.167690e+03 2.448567e+04 -9.698857e+02 4.084928e+03 -5.203717e+04 -8.572686e+03 -6.290656e+03 -9.757929e+02 -3.678078e+04 -4.694064e+03 -5.203131e+04 1.888262e+04 6.111623e+02
-1.919192e-03 9.138658e+03 8.285150e+03 1.104009e+03 4.387057e+04 -5.376591e+03 -5.537609e+04 2.283580e+04 7.222437e+02 1.077909e+03 -4.390390e+04 -7.021212e+03 5.635631e+03 -2.280926e+04 6.935283e+02 -3.657423e+03 4.262010e+04 1.322060e+03 -4.999506e+04 -8.006375e+03 7.291148e+03 2.599213e+04 -8.876771e+02 4.136489e+03 -4.858392e+04 -8.013699e+03 -6.401456e+03 -8.969338e+02 -3.852578e+04 -4.749543e+03 -4.857844e+04 2.003981e+04 5.588048e+02
-1.717172e-03 8.424642e+03 8.417770e+03 1.002416e+03 4.575622e+04 -5.436781e+03 -5.099171e+04 2.408725e+04 6.529905e+02 9.783683e+02 -4.578769e+04 -6.472309e+03 5.725146e+03 -2.406283e+04 6.265531e+02 -3.697641e+03 3.924533e+04 1.200227e+03 -5.214455e+04 -7.380644e+03 7.406259e+03 2.742123e+04 -8.025998e+02 4.184013e+03 -4.473711e+04 -7.387400e+03 -6.504724e+03 -8.142246e+02 -4.017835e+04 -4.800662e+03 -4.473206e+04 2.113756e+04 5.047770e+02
-1.515152e-03 7.636423e+03 8.539502e+03 8.962972e+02 4.751168e+04 -5.491454e+03 -4.617440e+04 2.525399e+04 5.815838e+02 8.745093e+02 -4.754139e+04 -5.866490e+03 5.807302e+03 -2.523158e+04 5.576472e+02 -3.734155e+03 3.553745e+04 1.073025e+03 -5.414564e+04 -6.689957e+03 7.511931e+03 2.875364e+04 -7.148650e+02 4.227179e+03 -4.051054e+04 -6.696084e+03 -6.599491e+03 -7.278879e+02 -4.171679e+04 -4.847078e+03 -4.050596e+04 2.216099e+04 4.492114e+02
-1.313131e-03 6.778080e+03 8.649133e+03 7.859916e+02 4.911251e+04 -5.540225e+03 -4.094831e+04 2.631930e+04 5.082178e+02 7.666599e+02 -4.914060e+04 -5.206886e+03 5.881281e+03 -2.629873e+04 4.869923e+02 -3.766712e+03 3.151505e+04 9.408573e+02 -5.597048e+04 -5.937884e+03 7.607108e+03 2.997023e+04 -6.247113e+02 4.265682e+03 -3.592537e+04 -5.943325e+03 -6.684817e+03 -6.381976e+02 -4.311970e+04 -4.888468e+03 -3.592131e+04 2.309544e+04 3.922542e+02
-1.111111e-03 5.855169e+03 8.745517e+03 6.719017e+02 5.053528e+04 -5.582740e+03 -3.534609e+04 2.726711e+04 4.331070e+02 6.552072e+02 -5.056192e+04 -4.497760e+03 5.946315e+03 -2.724819e+04 4.147866e+02 -3.795082e+03 2.720326e+04 8.042037e+02 -5.759234e+04 -5.129291e+03 7.690791e+03 3.105265e+04 -5.324030e+02 4.299244e+03 -3.101026e+04 -5.133993e+03 -6.759818e+03 -5.454776e+02 -4.436655e+04 -4.924538e+03 -3.100676e+04 2.392683e+04 3.340640e+02
-9.090909e-04 4.874692e+03 8.827602e+03 5.544907e+02 5.175821e+04 -5.618683e+03 -2.940875e+04 2.808250e+04 3.564850e+02 5.405952e+02 -5.178358e+04 -3.744483e+03 6.001696e+03 -2.806502e+04 3.412427e+02 -3.819057e+03 2.263362e+04 6.636145e+02 -5.898639e+04 -4.270308e+03 7.762064e+03 3.198387e+04 -4.382281e+02 4.327617e+03 -2.580118e+04 -4.274223e+03 -6.823683e+03 -4.501004e+02 -4.543825e+04 -4.955024e+03 -2.579826e+04 2.464206e+04 2.748106e+02
-7.070707e-04 3.845005e+03 8.894462e+03 4.342776e+02 5.276187e+04 -5.647780e+03 -2.318507e+04 2.875217e+04 2.786023e+02 4.233193e+02 -5.278619e+04 -2.953466e+03 6.046801e+03 -2.873587e+04 2.665860e+02 -3.838460e+03 1.784367e+04 5.197059e+02 -6.013050e+04 -3.368249e+03 7.820122e+03 3.274867e+04 -3.424953e+02 4.350585e+03 -2.034092e+04 -3.371338e+03 -6.875694e+03 -3.524821e+02 -4.631778e+04 -4.979698e+03 -2.033861e+04 2.522947e+04 2.146737e+02
-5.050505e-04 2.775670e+03 8.945321e+03 3.118305e+02 5.352982e+04 -5.669806e+03 -1.673077e+04 2.926485e+04 1.997233e+02 3.039208e+02 -5.355334e+04 -2.132042e+03 6.081110e+03 -2.924946e+04 1.910523e+02 -3.853145e+03 1.287628e+04 3.731512e+02 -6.100592e+04 -2.431485e+03 7.864287e+03 3.333418e+04 -2.455315e+02 4.367970e+03 -1.467836e+04 -2.433716e+03 -6.915253e+03 -2.530775e+02 -4.699076e+04 -4.998372e+03 -1.467669e+04 2.567917e+04 1.538410e+02
-3.030303e-04 1.677254e+03 8.979572e+03 1.877573e+02 5.404920e+04 -5.684588e+03 -1.010736e+04 2.961171e+04 1.201244e+02 1.829782e+02 -5.407218e+04 -1.288314e+03 6.104214e+03 -2.959694e+04 1.148861e+02 -3.862998e+03 7.778781e+03 2.246710e+02 -6.159797e+04 -1.469265e+03 7.894031e+03 3.373033e+04 -1.476778e+02 4.379638e+03 -8.867456e+03 -1.470613e+03 -6.941893e+03 -1.523732e+02 -4.744590e+04 -5.010902e+03 -8.866451e+03 2.598342e+04 9.250659e+01
-1.010101e-04 5.610758e+02 8.996803e+03 6.269623e+01 5.431114e+04 -5.692008e+03 -3.380696e+03 2.978669e+04 4.009003e+01 6.109758e+01 -5.433384e+04 -4.309651e+02 6.115837e+03 -2.977223e+04 3.833795e+01 -3.867944e+03 2.601833e+03 7.502113e+01 -6.189657e+04 -4.914979e+02 7.908995e+03 3.393016e+04 -4.928599e+01 4.385495e+03 -2.965972e+03 -4.919489e+02 -6.955293e+03 -5.087933e+01 -4.767545e+04 -5.017192e+03 -2.965636e+03 2.613690e+04 3.086929e+01
1.010101e-04 -5.610758e+02 8.996803e+03 -6.269623e+01 5.431114e+04 -5.692008e+03 3.380696e+03 2.978669e+04 -4.009003e+01 -6.109758e+01 -5.433384e+04 4.309651e+02 6.115837e+03 -2.977223e+04 -3.833795e+01 -3.867944e+03 -2.601833e+03 -7.502113e+01 -6.189657e+04 4.914979e+02 7.908995e+03 3.393016e+04 4.928599e+01 4.385495e+03 2.965972e+03 4.919489e+02 -6.955293e+03 5.087933e+01 -4.767545e+04 -5.017192e+03 2.965636e+03 2.613690e+04 -3.086929e+01
3.030303e-04 -1.677254e+03 8.979572e+03 -1.877573e+02 5.404920e+04 -5.684588e+03 1.010736e+04 2.961171e+04 -1.201244e+02 -1.829782e+02 -5.407218e+04 1.288314e+03 6.104214e+03 -2.959694e+04 -1.148861e+02 -3.862998e+03 -7.778781e+03 -2.246710e+02 -6.159797e+04 1.469265e+03 7.894031e+03 3.373033e+04 1.476778e+02 4.379638e+03 8.867456e+03 1.470613e+03 -6.941893e+03 1.523732e+02 -4.744590e+04 -5.010902e+03 8.866451e+03 2.598342e+04 -9.250659e+01
5.050505e-04 -2.775670e+03 8.945321e+03 -3.118305e+02 5.352982e+04 -5.669806e+03 1.673077e+04 2.926485e+04 -1.997233e+02 -3.039208e+02 -5.355334e+04 2.132042e+03 6.081110e+03 -2.924946e+04 -1.910523e+02 -3.853145e+03 -1.287628e+04 -3.731512e+02 -6.100592e+04 2.431485e+03 7.864287e+03 3.333418e+04 2.455315e+02 4.367970e+03 1.467836e+04 2.433716e+03 -6.915253e+03 2.530775e+02 -4.699076e+04 -4.998372e+03 1.467669e+04 2.567917e+04 -1.538410e+02
7.070707e-04 -3.845005e+03 8.894462e+03 -4.342776e+02 5.276187e+04 -5.647780e+03 2.318507e+04 2.875217e+04 -2.786023e+02 -4.233193e+02 -5.278619e+04 2.953466e+03 6.046801e+03 -2.873587e+04 -2.665860e+02 -3.838460e+03 -1.784367e+04 -5.197059e+02 -6.013050e+04 3.368249e+03 7.820122e+03 3.274867e+04 3.424953e+02 4.350585e+03 2.034092e+04 3.371338e+03 -6.875694e+03 3.524821e+02 -4.631778e+04 -4.979698e+03 2.033861e+04 2.522947e+04 -2.146737e+02
9.090909e-04 -4.874692e+03 8.827602e+03 -5.544907e+02 5.175821e+04 -5.618683e+03 2.940875e+04 2.808250e+04 -3.564850e+02 -5.405952e+02 -5.178358e+04 3.744483e+03 6.001696e+03 -2.806502e+04 -3.412427e+02 -3.819057e+03 -2.263362e+04 -6.636145e+02 -5.898639e+04 4.270308e+03 7.762064e+03 3.198387e+04 4.382281e+02 4.327617e+03 2.580118e+04 4.274223e+03 -6.823683e+03 4.501004e+02 -4.543825e+04 -4.955024e+03 2.579826e+04 2.464206e+04 -2.748106e+02
1.111111e-03 -5.855169e+03 8.745517e+03 -6.719017e+02 5.053528e+04 -5.582740e+03 3.534609e+04 2.726711e+04 -4.331070e+02 -6.552072e+02 -5.056192e+04 4.497760e+03 5.946315e+03 -2.724819e+04 -4.147866e+02 -3.795082e+03 -2.720326e+04 -8.042037e+02 -5.759234e+04 5.129291e+03 7.690791e+03 3.105265e+04 5.324030e+02 4.299244e+03 3.101026e+04 5.133993e+03 -6.759818e+03 5.454776e+02 -4.436655e+04 -4.924538e+03 3.100676e+04 2.392683e+04 -3.340640e+02
1.313131e-03 -6.778080e+03 8.649133e+03 -7.859916e+02 4.911251e+04 -5.540225e+03 4.094831e+04 2.631930e+04 -5.082178e+02 -7.666599e+02 -4.914060e+04 5.206886e+03 5.881281e+03 -2.629873e+04 -4.869923e+02 -3.766712e+03 -3.151505e+04 -9.408573e+02 -5.597048e+04 5.937884e+03 7.607108e+03 2.997023e+04 6.247113e+02 4.265682e+03 3.592537e+04 5.943325e+03 -6.684817e+03 6.381976e+02 -4.311970e+04 -4.888468e+03 3.592131e+04 2.309544e+04 -3.922542e+02
1.515152e-03 -7.636423e+03 8.539502e+03 -8.962972e+02 4.751168e+04 -5.491454e+03 4.617440e+04 2.525399e+04 -5.815838e+02 -8.745093e+02 -4.754139e+04 5.866490e+03 5.807302e+03 -2.523158e+04 -5.576472e+02 -3.734155e+03 -3.553745e+04 -1.073025e+03 -5.414564e+04 6.689957e+03 7.511931e+03 2.875364e+04 7.148650e+02 4.227179e+03 4.051054e+04 6.696084e+03 -6.599491e+03 7.278879e+02 -4.171679e+04 -4.847078e+03 4.050596e+04 2.216099e+04 -4.492114e+02
1.717172e-03 -8.424642e+03 8.417770e+03 -1.002416e+03 4.575622e+04 -5.436781e+03 5.099171e+04 2.408725e+04 -6.529905e+02 -9.783683e+02 -4.578769e+04 6.472309e+03 5.725146e+03 -2.406283e+04 -6.265531e+02 -3.697641e+03 -3.924533e+04 -1.200227e+03 -5.214455e+04 7.380644e+03 7.406259e+03 2.742123e+04 8.025998e+02 4.184013e+03 4.473711e+04 7.387400e+03 -6.504724e+03 8.142246e+02 -4.017835e+04 -4.800662e+03 4.473206e+04 2.113756e+04 -5.047770e+02
1.919192e-03 -9.138658e+03 8.285150e+03 -1.104009e+03 4.387057e+04 -5.376591e+03 5.537609e+04 2.283580e+04 -7.222437e+02 -1.077909e+03 -4.390390e+04 7.021212e+03 5.635631e+03 -2.280926e+04 -6.935283e+02 -3.657423e+03 -4.262010e+04 -1.322060e+03 -4.999506e+04 8.006375e+03 7.291148e+03 2.599213e+04 8.876771e+02 4.136489e+03 4.858392e+04 8.013699e+03 -6.401456e+03 8.969338e+02 -3.852578e+04 -4.749543e+03 4.857844e+04 2.003981e+04 -5.588048e+02
2.121212e-03 -9.775854e+03 8.142896e+03 -1.200801e+03 4.187948e+04 -5.311294e+03 5.931184e+04 2.151658e+04 -7.891715e+02 -1.172865e+03 -4.191475e+04 7.511188e+03 5.539599e+03 -2.148783e+04 -7.584084e+02 -3.613769e+03 -4.564968e+04 -1.438195e+03 -4.772539e+04 8.564855e+03 7.167690e+03 2.448567e+04 9.698857e+02 4.084928e+03 5.203717e+04 8.572686e+03 -6.290656e+03 9.757929e+02 -3.678078e+04 -4.694064e+03 5.203131e+04 1.888262e+04 -6.111623e+02
2.323232e-03 -1.033500e+04 7.992277e+03 -1.292584e+03 3.980746e+04 -5.241318e+03 6.279129e+04 2.014634e+04 -8.536245e+02 -1.263028e+03 -3.984470e+04 7.941296e+03 5.437903e+03 -2.011532e+04 -8.210477e+02 -3.566961e+03 -4.832817e+04 -1.548380e+03 -4.536346e+04 9.055012e+03 7.036987e+03 2.292099e+04 1.049043e+03 4.029668e+03 5.509015e+04 9.063286e+03 -6.173305e+03 1.050630e+03 -3.496480e+04 -4.634585e+03 5.508396e+04 1.768066e+04 -6.617315e+02
2.525253e-03 -1.081618e+04 7.834548e+03 -1.379207e+03 3.767816e+04 -5.167104e+03 6.581426e+04 1.874123e+04 -9.154768e+02 -1.348249e+03 -3.771739e+04 8.311585e+03 5.331389e+03 -1.870794e+04 -8.813198e+02 -3.517289e+03 -5.065543e+04 -1.652435e+03 -4.293627e+04 9.476903e+03 6.900134e+03 2.131656e+04 1.124994e+03 3.971057e+03 5.774268e+04 9.485557e+03 -6.050376e+03 1.121323e+03 -3.309858e+04 -4.571475e+03 5.773621e+04 1.644811e+04 -7.104095e+02
2.727273e-03 -1.122060e+04 7.670938e+03 -1.460581e+03 3.551404e+04 -5.089100e+03 6.838726e+04 1.731658e+04 -9.746255e+02 -1.428436e+03 -3.555524e+04 8.622991e+03 5.220884e+03 -1.728101e+04 -9.391184e+02 -3.465048e+03 -5.263645e+04 -1.750249e+03 -4.046938e+04 9.831599e+03 6.758197e+03 1.968987e+04 1.197614e+03 3.909445e+03 6.000050e+04 9.840572e+03 -5.922821e+03 1.187796e+03 -3.120178e+04 -4.505110e+03 5.999377e+04 1.519841e+04 -7.571093e+02
2.929293e-03 -1.155051e+04 7.502624e+03 -1.536671e+03 3.333592e+04 -5.007751e+03 7.052267e+04 1.588656e+04 -1.030991e+03 -1.503545e+03 -3.337905e+04 8.877223e+03 5.107180e+03 -1.584875e+04 -9.943570e+02 -3.410534e+03 -5.428076e+04 -1.841776e+03 -3.798656e+04 1.012105e+04 6.612201e+03 1.805710e+04 1.266806e+03 3.845187e+03 6.187443e+04 1.013028e+04 -5.791552e+03 1.250015e+03 -2.929266e+04 -4.435868e+03 6.186751e+04 1.394398e+04 -8.017593e+02
3.131313e-03 -1.180897e+04 7.330725e+03 -1.607488e+03 3.116279e+04 -4.923501e+03 7.223776e+04 1.446405e+04 -1.084515e+03 -1.573580e+03 -3.120779e+04 9.076637e+03 4.991031e+03 -1.442408e+04 -1.046969e+03 -3.354040e+03 -5.560165e+04 -1.927025e+03 -3.550944e+04 1.034795e+04 6.463118e+03 1.643300e+04 1.332502e+03 3.778630e+03 6.337965e+04 1.035739e+04 -5.657438e+03 1.307987e+03 -2.738784e+04 -4.364123e+03 6.337257e+04 1.269614e+04 -8.443039e+02
3.333333e-03 -1.199975e+04 7.156286e+03 -1.673088e+03 2.901160e+04 -4.836783e+03 7.355378e+04 1.306056e+04 -1.135163e+03 -1.638586e+03 -2.905840e+04 9.224110e+03 4.873142e+03 -1.301849e+04 -1.096907e+03 -3.295855e+03 -5.661547e+04 -2.006061e+03 -3.305735e+04 1.051559e+04 6.311856e+03 1.483067e+04 1.394659e+03 3.710117e+03 6.453478e+04 1.052517e+04 -5.521291e+03 1.361752e+03 -2.550220e+04 -4.290240e+03 6.452758e+04 1.146497e+04 -8.847030e+02
3.535354e-03 -1.212712e+04 6.980272e+03 -1.733566e+03 2.689723e+04 -4.748017e+03 7.449504e+04 1.168608e+04 -1.182918e+03 -1.698647e+03 -2.694572e+04 9.322917e+03 4.754163e+03 -1.164203e+04 -1.144143e+03 -3.236258e+03 -5.734090e+04 -2.078989e+03 -3.064724e+04 1.062770e+04 6.159253e+03 1.326156e+04 1.453258e+03 3.639978e+03 6.536115e+04 1.063738e+04 -5.383862e+03 1.411383e+03 -2.364875e+04 -4.214577e+03 6.535387e+04 1.025923e+04 -9.229311e+02
3.737374e-03 -1.219572e+04 6.803566e+03 -1.789047e+03 2.483240e+04 -4.657606e+03 7.508801e+04 1.034916e+04 -1.227782e+03 -1.753874e+03 -2.488247e+04 9.376613e+03 4.634691e+03 -1.030324e+04 -1.188665e+03 -3.175519e+03 -5.779831e+04 -2.145957e+03 -2.829361e+04 1.068835e+04 6.006076e+03 1.173541e+04 1.508304e+03 3.568533e+03 6.588196e+04 1.069807e+04 -5.245836e+03 1.456976e+03 -2.183866e+04 -4.137476e+03 6.587464e+04 9.086437e+03 -9.589773e+02
3.939394e-03 -1.221042e+04 6.626963e+03 -1.839685e+03 2.282776e+04 -4.565934e+03 7.536053e+04 9.056898e+03 -1.269777e+03 -1.804406e+03 -2.287930e+04 9.388931e+03 4.515263e+03 -9.009235e+03 -1.230480e+03 -3.113895e+03 -5.800913e+04 -2.207142e+03 -2.600862e+04 1.070179e+04 5.853014e+03 1.026033e+04 1.559825e+03 3.496084e+03 6.612166e+04 1.071152e+04 -5.107837e+03 1.498651e+03 -2.008125e+04 -4.059262e+03 6.611432e+04 7.952798e+03 -9.928437e+02
4.141414e-03 -1.217619e+04 6.451176e+03 -1.885651e+03 2.089199e+04 -4.473363e+03 7.534114e+04 7.814999e+03 -1.308937e+03 -1.850404e+03 -2.094486e+04 9.363683e+03 4.396359e+03 -7.765729e+03 -1.269608e+03 -3.051629e+03 -5.799531e+04 -2.262747e+03 -2.380215e+04 1.067237e+04 5.700684e+03 8.842826e+03 1.607865e+03 3.422917e+03 6.610527e+04 1.068208e+04 -4.970417e+03 1.536543e+03 -1.838413e+04 -3.980246e+03 6.609794e+04 6.863326e+03 -1.024545e+03
4.343434e-03 -1.209801e+04 6.276830e+03 -1.927138e+03 1.903189e+04 -4.380231e+03 7.505843e+04 6.627886e+03 -1.345312e+03 -1.892044e+03 -1.908597e+04 9.304683e+03 4.278403e+03 -6.577150e+03 -1.306084e+03 -2.988948e+03 -5.777884e+04 -2.312996e+03 -2.168195e+04 1.060446e+04 5.549629e+03 7.487957e+03 1.652488e+03 3.349300e+03 6.585786e+04 1.061410e+04 -4.834068e+03 1.570803e+03 -1.675327e+04 -3.900716e+03 6.585058e+04 5.821902e+03 -1.054108e+03
4.545455e-03 -1.198077e+04 6.104473e+03 -1.964347e+03 1.725257e+04 -4.286854e+03 7.454056e+04 5.498795e+03 -1.378963e+03 -1.929515e+03 -1.730773e+04 9.215678e+03 4.161767e+03 -5.446738e+03 -1.339956e+03 -2.926065e+03 -5.738138e+04 -2.358126e+03 -1.965385e+04 1.050233e+04 5.400323e+03 6.199411e+03 1.693769e+03 3.275481e+03 6.540414e+04 1.051187e+04 -4.699218e+03 1.601591e+03 -1.519315e+04 -3.820940e+03 6.539692e+04 4.831363e+03 -1.081567e+03
4.747475e-03 -1.182920e+04 5.934576e+03 -1.997489e+03 1.555759e+04 -4.193520e+03 7.381482e+04 4.429895e+03 -1.409963e+03 -1.963015e+03 -1.561368e+04 9.100294e+03 4.046769e+03 -4.376661e+03 -1.371281e+03 -2.863176e+03 -5.682394e+04 -2.398386e+03 -1.772189e+04 1.037012e+04 5.253173e+03 4.979661e+03 1.731799e+03 3.201689e+03 6.476804e+04 1.037954e+04 -4.566238e+03 1.629075e+03 -1.370688e+04 -3.741169e+03 6.476090e+04 3.893614e+03 -1.106969e+03
4.949495e-03 -1.164781e+04 5.767538e+03 -2.026779e+03 1.394912e+04 -4.100494e+03 7.290733e+04 3.422408e+03 -1.438392e+03 -1.992747e+03 -1.400603e+04 8.961994e+03 3.933680e+03 -3.368143e+03 -1.400128e+03 -2.800460e+03 -5.612660e+04 -2.434031e+03 -1.588858e+04 1.021178e+04 5.108525e+03 3.830098e+03 1.766679e+03 3.128133e+03 6.397248e+04 1.022105e+04 -4.435441e+03 1.653425e+03 -1.229639e+04 -3.661627e+03 6.396544e+04 3.009726e+03 -1.130366e+03
5.151515e-03 -1.144086e+04 5.603694e+03 -2.052436e+03 1.242818e+04 -4.008015e+03 7.184279e+04 2.476736e+03 -1.464338e+03 -2.018916e+03 -1.248576e+04 8.804046e+03 3.822728e+03 -2.421581e+03 -1.426572e+03 -2.738079e+03 -5.530837e+04 -2.465317e+03 -1.415503e+04 1.003104e+04 4.966666e+03 2.751175e+03 1.798517e+03 3.055004e+03 6.303913e+04 1.004015e+04 -4.307091e+03 1.674815e+03 -1.096255e+04 -3.582523e+03 6.303221e+04 2.180054e+03 -1.151816e+03
5.353535e-03 -1.121234e+04 5.443317e+03 -2.074675e+03 1.099472e+04 -3.916299e+03 7.064432e+04 1.592575e+03 -1.487895e+03 -2.041729e+03 -1.105285e+04 8.629502e+03 3.714100e+03 -1.536667e+03 -1.450694e+03 -2.676181e+03 -5.438705e+04 -2.492502e+03 -1.252122e+04 9.831385e+03 4.827832e+03 1.742541e+03 1.827430e+03 2.982470e+03 6.198826e+04 9.840313e+03 -4.181405e+03 1.693419e+03 -9.705332e+03 -3.504040e+03 6.198147e+04 1.404330e+03 -1.171386e+03
5.555556e-03 -1.096593e+04 5.286626e+03 -2.093711e+03 9.647835e+03 -3.825537e+03 6.933335e+04 7.690300e+02 -1.509161e+03 -2.061390e+03 -9.706398e+03 8.441185e+03 3.607945e+03 -7.125019e+02 -1.472583e+03 -2.614896e+03 -5.337912e+04 -2.515839e+03 -1.098612e+04 9.616039e+03 4.692213e+03 8.031692e+02 1.853539e+03 2.910685e+03 6.083869e+04 9.624772e+03 -4.058558e+03 1.709408e+03 -8.523959e+03 -3.426345e+03 6.083203e+04 6.817709e+02 -1.189145e+03
5.757576e-03 -1.070499e+04 5.133793e+03 -2.109753e+03 8.385918e+03 -3.735898e+03 6.792959e+04 4.720904e+00 -1.528236e+03 -2.078099e+03 -8.444797e+03 8.241682e+03 3.504379e+03 5.230077e+01 -1.492328e+03 -2.554341e+03 -5.229973e+04 -2.535577e+03 -9.547873e+03 9.387955e+03 4.559954e+03 -6.852235e+01 1.876968e+03 2.839782e+03 5.960768e+04 9.396482e+03 -3.938687e+03 1.722949e+03 -7.417014e+03 -3.349585e+03 5.960116e+04 1.116719e+01 -1.205164e+03
5.959596e-03 -1.043260e+04 4.984944e+03 -2.123005e+03 7.206767e+03 -3.647531e+03 6.645098e+04 -7.021228e+02 -1.545223e+03 -2.092050e+03 -7.265853e+03 8.033346e+03 3.403492e+03 7.595181e+02 -1.510024e+03 -2.494616e+03 -5.116271e+04 -2.551958e+03 -8.203980e+03 9.149816e+03 4.431164e+03 -8.745603e+02 1.897845e+03 2.769878e+03 5.831098e+04 9.158128e+03 -3.821894e+03 1.734207e+03 -6.382575e+03 -3.273888e+03 5.830461e+04 -6.090338e+02 -1.219518e+03
6.161616e-03 -1.015152e+04 4.840166e+03 -2.133663e+03 6.107724e+03 -3.560563e+03 6.491376e+04 -1.353576e+03 -1.560227e+03 -2.103434e+03 -6.166914e+03 7.818298e+03 3.305343e+03 1.411231e+03 -1.525767e+03 -2.435811e+03 -4.998054e+04 -2.565215e+03 -6.951408e+03 8.904043e+03 4.305917e+03 -1.617318e+03 1.916296e+03 2.701075e+03 5.696284e+04 8.912133e+03 -3.708251e+03 1.743340e+03 -5.418318e+03 -3.199364e+03 5.695663e+04 -1.180651e+03 -1.232285e+03
6.363636e-03 -9.864228e+03 4.699516e+03 -2.141916e+03 5.085783e+03 -3.475102e+03 6.333251e+04 -1.951940e+03 -1.573351e+03 -2.112431e+03 -5.144982e+03 7.598437e+03 3.209972e+03 2.009751e+03 -1.539653e+03 -2.378001e+03 -4.876445e+04 -2.575575e+03 -5.786730e+03 8.652802e+03 4.184260e+03 -2.299431e+03 1.932451e+03 2.633459e+03 5.557605e+04 8.660667e+03 -3.597805e+03 1.750499e+03 -4.521610e+03 -3.126109e+03 5.557001e+04 -1.705703e+03 -1.243541e+03
6.565657e-03 -9.572914e+03 4.563018e+03 -2.147945e+03 4.137680e+03 -3.391240e+03 6.172023e+04 -2.499680e+03 -1.584697e+03 -2.119218e+03 -4.196800e+03 7.375450e+03 3.117397e+03 2.557547e+03 -1.551778e+03 -2.321249e+03 -4.752443e+04 -2.583252e+03 -4.706224e+03 8.398018e+03 4.066213e+03 -2.923716e+03 1.946435e+03 2.567103e+03 5.416202e+04 8.405655e+03 -3.490579e+03 1.755832e+03 -3.689598e+03 -3.054203e+03 5.415613e+04 -2.186351e+03 -1.253364e+03
6.767677e-03 -9.279519e+03 4.430671e+03 -2.151921e+03 3.259980e+03 -3.309052e+03 6.008842e+04 -2.999364e+03 -1.594367e+03 -2.123960e+03 -3.318939e+03 7.150821e+03 3.027620e+03 3.057195e+03 -1.562237e+03 -2.265609e+03 -4.626933e+04 -2.588451e+03 -3.705975e+03 8.141386e+03 3.951773e+03 -3.493110e+03 1.958372e+03 2.502067e+03 5.273082e+04 8.148794e+03 -3.386575e+03 1.759477e+03 -2.919273e+03 -2.983712e+03 5.272510e+04 -2.624847e+03 -1.261830e+03
6.969697e-03 -8.985734e+03 4.302455e+03 -2.154008e+03 2.449145e+03 -3.228599e+03 5.844719e+04 -3.453616e+03 -1.602459e+03 -2.126815e+03 -2.507868e+03 6.925853e+03 2.940627e+03 3.511328e+03 -1.571126e+03 -2.211122e+03 -4.500695e+04 -2.591368e+03 -2.781946e+03 7.884390e+03 3.840922e+03 -4.010615e+03 1.968385e+03 2.438398e+03 5.129134e+04 7.891568e+03 -3.285780e+03 1.761565e+03 -2.207539e+03 -2.914690e+03 5.128578e+04 -3.023492e+03 -1.269016e+03
7.171717e-03 -8.693029e+03 4.178329e+03 -2.154359e+03 1.701591e+03 -3.149928e+03 5.680536e+04 -3.865075e+03 -1.609071e+03 -2.127934e+03 -1.760010e+03 6.701672e+03 2.856393e+03 3.922592e+03 -1.578535e+03 -2.157823e+03 -4.374405e+04 -2.592186e+03 -1.930052e+03 7.628314e+03 3.733623e+03 -4.479248e+03 1.976592e+03 2.376134e+03 4.985130e+04 7.635264e+03 -3.188166e+03 1.762223e+03 -1.551258e+03 -2.847179e+03 4.984591e+04 -3.384601e+03 -1.274995e+03
7.373737e-03 -8.402667e+03 4.058238e+03 -2.153119e+03 1.013736e+03 -3.073073e+03 5.517054e+04 -4.236365e+03 -1.614297e+03 -2.127458e+03 -1.071789e+03 6.479248e+03 2.774881e+03 4.293615e+03 -1.584556e+03 -2.105736e+03 -4.248651e+04 -2.591079e+03 -1.146210e+03 7.374267e+03 3.629826e+03 -4.902008e+03 1.983108e+03 2.315304e+03 4.841739e+04 7.380991e+03 -3.093691e+03 1.761567e+03 -9.472944e+02 -2.781210e+03 4.841216e+04 -3.710474e+03 -1.279840e+03
7.575758e-03 -8.115722e+03 3.942113e+03 -2.150426e+03 3.820443e+02 -2.998058e+03 5.354929e+04 -4.570061e+03 -1.618226e+03 -2.125521e+03 -4.396758e+02 6.259408e+03 2.696047e+03 4.626982e+03 -1.589274e+03 -2.054880e+03 -4.123936e+04 -2.588210e+03 -4.263877e+02 7.123191e+03 3.529472e+03 -5.281840e+03 1.988044e+03 2.255927e+03 4.699536e+04 7.129692e+03 -3.002306e+03 1.759709e+03 -3.925515e+02 -2.716805e+03 4.699029e+04 -4.003370e+03 -1.283623e+03
7.777778e-03 -7.833102e+03 3.829877e+03 -2.146405e+03 -1.969486e+02 -2.924898e+03 5.194717e+04 -4.868674e+03 -1.620946e+03 -2.122248e+03 1.397885e+02 6.042850e+03 2.619839e+03 4.925210e+03 -1.592775e+03 -2.005266e+03 -4.000690e+04 -2.583733e+03 2.333644e+02 6.875879e+03 3.432492e+03 -5.621614e+03 1.991507e+03 2.198014e+03 4.559010e+04 6.882161e+03 -2.913951e+03 1.756753e+03 1.160036e+02 -2.653979e+03 4.558518e+04 -4.265492e+03 -1.286410e+03
7.979798e-03 -7.555561e+03 3.721442e+03 -2.141177e+03 -7.266070e+02 -2.853599e+03 5.036887e+04 -5.134635e+03 -1.622539e+03 -2.117755e+03 6.699628e+02 5.830153e+03 2.546200e+03 5.190733e+03 -1.595140e+03 -1.956900e+03 -3.879273e+04 -2.577791e+03 8.368820e+02 6.632994e+03 3.338809e+03 -5.924108e+03 1.993599e+03 2.141570e+03 4.420570e+04 6.639060e+03 -2.828561e+03 1.752795e+03 5.813172e+02 -2.592736e+03 4.420094e+04 -4.498971e+03 -1.288268e+03
8.181818e-03 -7.283717e+03 3.616715e+03 -2.134854e+03 -1.210178e+03 -2.784158e+03 4.881827e+04 -5.370277e+03 -1.623087e+03 -2.112153e+03 1.154089e+03 5.621794e+03 2.475067e+03 5.425892e+03 -1.596445e+03 -1.909780e+03 -3.759984e+04 -2.570517e+03 1.387867e+03 6.395077e+03 3.248341e+03 -6.191989e+03 1.994417e+03 2.086593e+03 4.284559e+04 6.400934e+03 -2.746065e+03 1.747928e+03 1.006233e+03 -2.533078e+03 4.284098e+04 -4.705852e+03 -1.289260e+03
8.383838e-03 -7.018070e+03 3.515598e+03 -2.127538e+03 -1.650778e+03 -2.716566e+03 4.729857e+04 -5.577831e+03 -1.622665e+03 -2.105544e+03 1.595278e+03 5.418156e+03 2.406374e+03 5.632923e+03 -1.596766e+03 -1.863903e+03 -3.643068e+04 -2.562036e+03 1.889873e+03 6.162567e+03 3.161003e+03 -6.427806e+03 1.994055e+03 2.033077e+03 4.151256e+04 6.168218e+03 -2.666388e+03 1.742235e+03 1.393480e+03 -2.474996e+03 4.150809e+04 -4.888093e+03 -1.289446e+03
8.585859e-03 -6.759010e+03 3.417988e+03 -2.119326e+03 -2.051383e+03 -2.650809e+03 4.581232e+04 -5.759419e+03 -1.621344e+03 -2.098024e+03 1.996502e+03 5.219541e+03 2.340054e+03 5.813953e+03 -1.596174e+03 -1.819260e+03 -3.528724e+04 -2.552465e+03 2.346291e+03 5.935806e+03 3.076705e+03 -6.633986e+03 1.992600e+03 1.981011e+03 4.020886e+04 5.941258e+03 -2.589452e+03 1.735796e+03 1.745664e+03 -2.418481e+03 4.020454e+04 -5.047556e+03 -1.288883e+03
8.787879e-03 -6.506835e+03 3.323783e+03 -2.110309e+03 -2.414821e+03 -2.586867e+03 4.436155e+04 -5.917052e+03 -1.619194e+03 -2.089680e+03 2.360585e+03 5.026181e+03 2.276037e+03 5.970996e+03 -1.594736e+03 -1.775838e+03 -3.417106e+04 -2.541911e+03 2.760348e+03 5.715058e+03 2.995357e+03 -6.812824e+03 1.990137e+03 1.930380e+03 3.893626e+04 5.720315e+03 -2.515177e+03 1.728683e+03 2.065263e+03 -2.363516e+03 3.893208e+04 -5.186002e+03 -1.287627e+03
8.989899e-03 -6.261764e+03 3.232876e+03 -2.100567e+03 -2.743775e+03 -2.524716e+03 4.294778e+04 -6.052625e+03 -1.616279e+03 -2.080594e+03 2.690206e+03 4.838243e+03 2.214252e+03 6.105953e+03 -1.592515e+03 -1.733623e+03 -3.308332e+04 -2.530473e+03 3.135099e+03 5.500512e+03 2.916866e+03 -6.966489e+03 1.986744e+03 1.881163e+03 3.769610e+04 5.505581e+03 -2.443483e+03 1.720966e+03 2.354627e+03 -2.310081e+03 3.769206e+04 -5.305095e+03 -1.285729e+03
9.191919e-03 -6.023942e+03 3.145160e+03 -2.090179e+03 -3.040774e+03 -2.464328e+03 4.157212e+04 -6.167922e+03 -1.612660e+03 -2.070845e+03 2.987890e+03 4.655840e+03 2.154628e+03 6.220612e+03 -1.589573e+03 -1.692596e+03 -3.202489e+04 -2.518245e+03 3.473431e+03 5.292298e+03 2.841140e+03 -7.097018e+03 1.982496e+03 1.833341e+03 3.648937e+04 5.297185e+03 -2.374286e+03 1.712707e+03 2.615971e+03 -2.258154e+03 3.648546e+04 -5.406400e+03 -1.283239e+03
9.393939e-03 -5.793453e+03 3.060531e+03 -2.079215e+03 -3.308203e+03 -2.405673e+03 4.023532e+04 -6.264616e+03 -1.608395e+03 -2.060500e+03 3.256018e+03 4.479039e+03 2.097094e+03 6.316649e+03 -1.585966e+03 -1.652738e+03 -3.099632e+04 -2.505312e+03 3.778060e+03 5.090490e+03 2.768086e+03 -7.206323e+03 1.977464e+03 1.786888e+03 3.531671e+04 5.095200e+03 -2.307506e+03 1.703963e+03 2.851383e+03 -2.207708e+03 3.531292e+04 -5.491383e+03 -1.280202e+03
9.595960e-03 -5.570329e+03 2.978882e+03 -2.067740e+03 -3.548298e+03 -2.348717e+03 3.893782e+04 -6.344271e+03 -1.603537e+03 -2.049627e+03 3.496824e+03 4.307866e+03 2.041579e+03 6.395631e+03 -1.581748e+03 -1.614027e+03 -2.999797e+04 -2.491753e+03 4.051537e+03 4.895118e+03 2.697613e+03 -7.296190e+03 1.971714e+03 1.741778e+03 3.417850e+04 4.899657e+03 -2.243062e+03 1.694790e+03 3.062823e+03 -2.158717e+03 3.417484e+04 -5.561418e+03 -1.276664e+03
9.797980e-03 -5.354557e+03 2.900109e+03 -2.055816e+03 -3.763155e+03 -2.293425e+03 3.767976e+04 -6.408347e+03 -1.598139e+03 -2.038285e+03 3.712403e+03 4.142312e+03 1.988013e+03 6.459021e+03 -1.576971e+03 -1.576439e+03 -2.902994e+04 -2.477640e+03 4.296251e+03 4.706170e+03 2.629630e+03 -7.368287e+03 1.965306e+03 1.697984e+03 3.307488e+04 4.710544e+03 -2.180871e+03 1.685237e+03 3.252128e+03 -2.111150e+03 3.307134e+04 -5.617783e+03 -1.272665e+03
1.000000e-02 -5.146088e+03 2.824111e+03 -2.043496e+03 -3.954736e+03 -2.239760e+03 3.646108e+04 -6.458203e+03 -1.592247e+03 -2.026530e+03 3.904712e+03 3.982339e+03 1.936327e+03 6.508181e+03 -1.571681e+03 -1.539951e+03 -2.809219e+04 -2.463041e+03 4.514438e+03 4.523603e+03 2.564048e+03 -7.424166e+03 1.958301e+03 1.655477e+03 3.200579e+04 4.527818e+03 -2.120857e+03 1.675349e+03 3.421015e+03 -2.064977e+03 3.200237e+04 -5.661670e+03 -1.268245e+03
