-1.000000e-02 -3.007073e+04 -2.183573e+03 1.392509e+03 -3.872455e+03 2.674746e+03 5.493040e+03 -1.735225e+03 1.812351e+03 1.375939e+03 3.915694e+03 2.316577e+04 -1.499630e+03 1.691922e+03 1.799188e+03 1.832856e+03 -4.243057e+03 1.718071e+03 4.471169e+03 2.639479e+04 -1.616754e+03 -1.986466e+03 -2.185801e+03 -2.427988e+03 4.824460e+03 2.639156e+04 2.008430e+03 -1.106159e+03 3.391487e+03 2.007910e+03 4.828374e+03 -1.478134e+03 1.486463e+03
-9.797980e-03 -3.088429e+04 -2.229688e+03 1.393608e+03 -3.742407e+03 2.736992e+03 5.671180e+03 -1.498337e+03 1.817381e+03 1.376660e+03 3.786004e+03 2.379149e+04 -1.530885e+03 1.454648e+03 1.803862e+03 1.875095e+03 -4.379559e+03 1.719228e+03 4.323469e+03 2.710832e+04 -1.653385e+03 -1.716598e+03 -2.191719e+03 -2.481497e+03 4.980367e+03 2.710500e+04 2.047890e+03 -1.106869e+03 3.277267e+03 2.057164e+03 4.984401e+03 -1.269826e+03 1.490423e+03
-9.595960e-03 -3.171245e+04 -2.276931e+03 1.394150e+03 -3.597843e+03 2.801040e+03 5.853013e+03 -1.241197e+03 1.821821e+03 1.376820e+03 3.641776e+03 2.442842e+04 -1.562898e+03 1.197142e+03 1.807941e+03 1.918551e+03 -4.518871e+03 1.719708e+03 4.159197e+03 2.783464e+04 -1.690911e+03 -1.423646e+03 -2.196923e+03 -2.536560e+03 5.139494e+03 2.783124e+04 2.088311e+03 -1.107119e+03 3.150313e+03 2.107833e+03 5.143651e+03 -1.043770e+03 1.493895e+03
-9.393939e-03 -3.255410e+04 -2.325313e+03 1.394097e+03 -3.437784e+03 2.866928e+03 6.038325e+03 -9.625422e+02 1.825621e+03 1.376378e+03 3.482030e+03 2.507570e+04 -1.595677e+03 9.181409e+02 1.811372e+03 1.963250e+03 -4.660830e+03 1.719463e+03 3.977235e+03 2.857279e+04 -1.729339e+03 -1.106169e+03 -2.201350e+03 -2.593210e+03 5.301655e+03 2.856929e+04 2.129700e+03 -1.106877e+03 3.009768e+03 2.159945e+03 5.305937e+03 -7.988573e+02 1.496835e+03
-9.191919e-03 -3.340791e+04 -2.374842e+03 1.393408e+03 -3.261213e+03 2.934692e+03 6.226860e+03 -6.610585e+02 1.828726e+03 1.375296e+03 3.305746e+03 2.573231e+04 -1.629224e+03 6.163344e+02 1.814103e+03 2.009213e+03 -4.805237e+03 1.718444e+03 3.776420e+03 2.932159e+04 -1.768675e+03 -7.626700e+02 -2.204933e+03 -2.651477e+03 5.466622e+03 2.931800e+04 2.172062e+03 -1.106112e+03 2.854739e+03 2.213525e+03 5.471033e+03 -5.339392e+02 1.499199e+03
-8.989899e-03 -3.427232e+04 -2.425521e+03 1.392040e+03 -3.067074e+03 3.004361e+03 6.418306e+03 -3.353883e+02 1.831076e+03 1.373531e+03 3.111866e+03 2.639705e+04 -1.663543e+03 2.903672e+02 1.816075e+03 2.056463e+03 -4.951853e+03 1.716598e+03 3.555545e+03 3.007966e+04 -1.808921e+03 -3.915995e+02 -2.207602e+03 -2.711390e+03 5.634125e+03 3.007599e+04 2.215402e+03 -1.104788e+03 2.684300e+03 2.268599e+03 5.638666e+03 -2.478269e+02 1.500939e+03
-8.787879e-03 -3.514549e+04 -2.477351e+03 1.389948e+03 -2.854276e+03 3.075967e+03 6.612299e+03 1.586664e+01 1.832611e+03 1.371039e+03 2.899294e+03 2.706851e+04 -1.698632e+03 -6.115652e+01 1.817227e+03 2.105019e+03 -5.100397e+03 1.713871e+03 3.313361e+03 3.084542e+04 -1.850079e+03 8.636548e+00 -2.209283e+03 -2.772974e+03 5.803842e+03 3.084165e+04 2.259718e+03 -1.102871e+03 2.497495e+03 2.325188e+03 5.808515e+03 6.070354e+01 1.502004e+03
-8.585859e-03 -3.602532e+04 -2.530330e+03 1.387087e+03 -2.621697e+03 3.149534e+03 6.808409e+03 3.941396e+02 1.833264e+03 1.367776e+03 2.666907e+03 2.774506e+04 -1.734491e+03 -4.396670e+02 1.817495e+03 2.154896e+03 -5.250539e+03 1.710205e+03 3.048586e+03 3.161699e+04 -1.892147e+03 4.396724e+02 -2.209898e+03 -2.836250e+03 5.975398e+03 3.161313e+04 2.305010e+03 -1.100324e+03 2.293339e+03 2.383312e+03 5.980205e+03 3.929064e+02 1.502342e+03
-8.383838e-03 -3.690938e+04 -2.584453e+03 1.383408e+03 -2.368188e+03 3.225083e+03 7.006140e+03 8.008913e+02 1.832968e+03 1.363695e+03 2.413554e+03 2.842483e+04 -1.771114e+03 -8.466224e+02 1.816811e+03 2.206109e+03 -5.401899e+03 1.705542e+03 2.759907e+03 3.239226e+04 -1.935118e+03 9.031740e+02 -2.209363e+03 -2.901238e+03 6.148359e+03 3.238829e+04 2.351270e+03 -1.097110e+03 2.070827e+03 2.442984e+03 6.153300e+03 7.500603e+02 1.501895e+03
-8.181818e-03 -3.779488e+04 -2.639708e+03 1.378862e+03 -2.092583e+03 3.302631e+03 7.204923e+03 1.237601e+03 1.831649e+03 1.358747e+03 2.138063e+03 2.910569e+04 -1.808493e+03 -1.283499e+03 1.815103e+03 2.258668e+03 -5.554037e+03 1.699821e+03 2.445989e+03 3.316878e+04 -1.978986e+03 1.400829e+03 -2.207592e+03 -2.967951e+03 6.322223e+03 3.316471e+04 2.398490e+03 -1.093189e+03 1.828935e+03 2.504218e+03 6.327301e+03 1.133460e+03 1.500606e+03
-7.979798e-03 -3.867869e+04 -2.696080e+03 1.373398e+03 -1.793703e+03 3.382187e+03 7.404106e+03 1.705757e+03 1.829232e+03 1.352883e+03 1.839253e+03 2.978521e+04 -1.846616e+03 -1.751782e+03 1.812298e+03 2.312578e+03 -5.706455e+03 1.692979e+03 2.105485e+03 3.394379e+04 -2.023736e+03 1.934333e+03 -2.204493e+03 -3.036400e+03 6.496423e+03 3.393963e+04 2.446654e+03 -1.088521e+03 1.566628e+03 2.567019e+03 6.501637e+03 1.544407e+03 1.498412e+03
-7.777778e-03 -3.955727e+04 -2.753547e+03 1.366962e+03 -1.470367e+03 3.463755e+03 7.602952e+03 2.206842e+03 1.825636e+03 1.346051e+03 1.515941e+03 3.046067e+04 -1.885469e+03 -2.252949e+03 1.808316e+03 2.367842e+03 -5.858585e+03 1.684951e+03 1.737043e+03 3.471420e+04 -2.069353e+03 2.505377e+03 -2.199970e+03 -3.106587e+03 6.670310e+03 3.470994e+04 2.495745e+03 -1.083066e+03 1.282874e+03 2.631389e+03 6.675660e+03 1.984199e+03 1.495247e+03
-7.575758e-03 -4.042664e+04 -2.812085e+03 1.359501e+03 -1.121406e+03 3.547331e+03 7.800629e+03 2.742317e+03 1.820778e+03 1.338200e+03 1.166952e+03 3.112902e+04 -1.925034e+03 -2.788461e+03 1.803076e+03 2.424456e+03 -6.009790e+03 1.675671e+03 1.339326e+03 3.547652e+04 -2.115815e+03 3.115629e+03 -2.193922e+03 -3.178509e+03 6.843157e+03 3.547216e+04 2.545740e+03 -1.076781e+03 9.766449e+02 2.697323e+03 6.848644e+03 2.454115e+03 1.491044e+03
-7.373737e-03 -4.128237e+04 -2.871659e+03 1.350960e+03 -7.456704e+02 3.632902e+03 7.996206e+03 3.313608e+03 1.814571e+03 1.329277e+03 7.911353e+02 3.178685e+04 -1.965286e+03 -3.359739e+03 1.796492e+03 2.482411e+03 -6.159355e+03 1.665070e+03 9.110197e+02 3.622685e+04 -2.163096e+03 3.766713e+03 -2.186246e+03 -3.252157e+03 7.014150e+03 3.622240e+04 2.596608e+03 -1.069624e+03 6.469348e+02 2.764811e+03 7.019771e+03 2.955401e+03 1.485732e+03
-7.171717e-03 -4.211956e+04 -2.932230e+03 1.341282e+03 -3.420526e+02 3.720447e+03 8.188647e+03 3.922079e+03 1.806924e+03 1.319227e+03 3.873783e+02 3.243039e+04 -2.006198e+03 -3.968144e+03 1.788477e+03 2.541691e+03 -6.306485e+03 1.653079e+03 4.508553e+02 3.696091e+04 -2.211164e+03 4.460187e+03 -2.176832e+03 -3.327512e+03 7.182380e+03 3.695636e+04 2.648316e+03 -1.061552e+03 2.927716e+02 2.833833e+03 7.188133e+03 3.489252e+03 1.479237e+03
-6.969697e-03 -4.293279e+04 -2.993750e+03 1.330410e+03 9.050027e+01 3.809932e+03 8.376804e+03 4.569014e+03 1.797742e+03 1.307997e+03 -4.537480e+01 3.305545e+04 -2.047737e+03 -4.614956e+03 1.778937e+03 2.602273e+03 -6.450299e+03 1.639628e+03 -4.237158e+01 3.767392e+04 -2.259980e+03 5.197514e+03 -2.165568e+03 -3.404545e+03 7.346841e+03 3.766929e+04 2.700823e+03 -1.052521e+03 -8.676737e+01 2.904363e+03 7.352725e+03 4.056789e+03 1.471483e+03
-6.767677e-03 -4.371611e+04 -3.056165e+03 1.318288e+03 5.529638e+02 3.901313e+03 8.559411e+03 5.255586e+03 1.786930e+03 1.295532e+03 -5.081029e+02 3.365748e+04 -2.089866e+03 -5.301346e+03 1.767779e+03 2.664126e+03 -6.589828e+03 1.624647e+03 -5.697777e+02 3.836069e+04 -2.309502e+03 5.980033e+03 -2.152337e+03 -3.483219e+03 7.506428e+03 3.835596e+04 2.754080e+03 -1.042487e+03 -4.925371e+02 2.976362e+03 7.512438e+03 4.659039e+03 1.462392e+03
-6.565657e-03 -4.446303e+04 -3.119411e+03 1.304858e+03 1.046214e+03 3.994530e+03 8.735084e+03 5.982830e+03 1.774386e+03 1.281777e+03 -1.001685e+03 3.423147e+04 -2.132540e+03 -6.028345e+03 1.754905e+03 2.727209e+03 -6.724008e+03 1.608064e+03 -1.132366e+03 3.901551e+04 -2.359678e+03 6.808923e+03 -2.137020e+03 -3.563484e+03 7.659927e+03 3.901070e+04 2.808033e+03 -1.031407e+03 -9.253052e+02 3.049784e+03 7.666059e+03 5.296906e+03 1.451882e+03
-6.363636e-03 -4.516649e+04 -3.183414e+03 1.290062e+03 1.571000e+03 4.089512e+03 8.902314e+03 6.751606e+03 1.760009e+03 1.266679e+03 -1.526874e+03 3.477200e+04 -2.175709e+03 -6.796810e+03 1.740217e+03 2.791473e+03 -6.851684e+03 1.589808e+03 -1.730995e+03 3.963219e+04 -2.410451e+03 7.685167e+03 -2.119494e+03 -3.645278e+03 7.806018e+03 3.962730e+04 2.862619e+03 -1.019238e+03 -1.385729e+03 3.124571e+03 7.812266e+03 5.971141e+03 1.439871e+03
-6.161616e-03 -4.581889e+04 -3.248094e+03 1.273844e+03 2.127919e+03 4.186169e+03 9.059468e+03 7.562565e+03 1.743694e+03 1.250185e+03 -2.084269e+03 3.527322e+04 -2.219317e+03 -7.607391e+03 1.723613e+03 2.856857e+03 -6.971603e+03 1.569810e+03 -2.366349e+03 4.020407e+04 -2.461755e+03 8.609508e+03 -2.099636e+03 -3.728524e+03 7.943272e+03 4.019910e+04 2.917766e+03 -1.005938e+03 -1.874331e+03 3.200651e+03 7.949629e+03 6.682312e+03 1.426275e+03
-5.959596e-03 -4.641205e+04 -3.313357e+03 1.256149e+03 2.717382e+03 4.284395e+03 9.204789e+03 8.416108e+03 1.725336e+03 1.232243e+03 -2.674285e+03 3.572884e+04 -2.263301e+03 -8.460485e+03 1.704990e+03 2.923288e+03 -7.082418e+03 1.548000e+03 -3.038901e+03 4.072397e+04 -2.513516e+03 9.582403e+03 -2.077317e+03 -3.813133e+03 8.070150e+03 4.071893e+04 2.973396e+03 -9.914657e+02 -2.391472e+03 3.277939e+03 8.076608e+03 7.430769e+03 1.411007e+03
-5.757576e-03 -4.693726e+04 -3.379100e+03 1.236922e+03 3.339584e+03 4.384066e+03 9.336395e+03 9.312343e+03 1.704827e+03 1.212804e+03 -3.297117e+03 3.613214e+04 -2.307591e+03 -9.356197e+03 1.684247e+03 2.990681e+03 -7.182688e+03 1.524312e+03 -3.748876e+03 4.118424e+04 -2.565653e+03 1.060397e+04 -2.052412e+03 -3.898995e+03 8.185008e+03 4.117914e+04 3.029420e+03 -9.757824e+02 -2.937322e+03 3.356336e+03 8.191557e+03 8.216602e+03 1.393984e+03
-5.555556e-03 -4.738527e+04 -3.445210e+03 1.216112e+03 3.994465e+03 4.485036e+03 9.452293e+03 1.025103e+04 1.682062e+03 1.191820e+03 -3.952707e+03 3.647604e+04 -2.352110e+03 -1.029429e+04 1.661281e+03 3.058937e+03 -7.270883e+03 1.498681e+03 -4.496207e+03 4.157679e+04 -2.618075e+03 1.167396e+04 -2.024793e+03 -3.985988e+03 8.286098e+03 4.157164e+04 3.085741e+03 -9.588505e+02 -3.511828e+03 3.435726e+03 8.292729e+03 9.039606e+03 1.375118e+03
-5.353535e-03 -4.774636e+04 -3.511562e+03 1.193670e+03 4.681677e+03 4.587138e+03 9.550377e+03 1.123156e+04 1.656934e+03 1.169247e+03 -4.640708e+03 3.675304e+04 -2.396772e+03 -1.127415e+04 1.635991e+03 3.127943e+03 -7.345392e+03 1.471046e+03 -5.280499e+03 4.189308e+04 -2.670683e+03 1.279164e+04 -1.994334e+03 -4.073967e+03 8.371579e+03 4.188789e+04 3.142251e+03 -9.406349e+02 -4.114683e+03 3.515979e+03 8.378279e+03 9.899235e+03 1.354325e+03
-5.151515e-03 -4.801041e+04 -3.578019e+03 1.169550e+03 5.400539e+03 4.690182e+03 9.628446e+03 1.225287e+04 1.629341e+03 1.145045e+03 -5.360441e+03 3.695536e+04 -2.441485e+03 -1.229471e+04 1.608276e+03 3.197571e+03 -7.404526e+03 1.441350e+03 -6.100979e+03 4.212424e+04 -2.723369e+03 1.395583e+04 -1.960912e+03 -4.162768e+03 8.439526e+03 4.211901e+04 3.198833e+03 -9.211038e+02 -4.745292e+03 3.596943e+03 8.446281e+03 1.079456e+04 1.331523e+03
-4.949495e-03 -4.816690e+04 -3.644433e+03 1.143711e+03 6.150008e+03 4.793955e+03 9.684220e+03 1.331341e+04 1.599180e+03 1.119175e+03 -6.110861e+03 3.707492e+04 -2.486150e+03 -1.335443e+04 1.578041e+03 3.267676e+03 -7.446540e+03 1.409540e+03 -6.956454e+03 4.226104e+04 -2.776014e+03 1.516475e+04 -1.924407e+03 -4.252209e+03 8.487943e+03 4.225579e+04 3.255362e+03 -9.002287e+02 -5.402737e+03 3.678450e+03 8.494738e+03 1.172422e+04 1.306630e+03
-4.747475e-03 -4.820510e+04 -3.710645e+03 1.116116e+03 6.928631e+03 4.898218e+03 9.715355e+03 1.441110e+04 1.566356e+03 1.091607e+03 -6.890513e+03 3.710346e+04 -2.530658e+03 -1.445122e+04 1.545195e+03 3.338096e+03 -7.469637e+03 1.375571e+03 -7.845269e+03 4.229407e+04 -2.828494e+03 1.641604e+04 -1.884704e+03 -4.342083e+03 8.514780e+03 4.228880e+04 3.311701e+03 -8.779849e+02 -6.085745e+03 3.760312e+03 8.521597e+03 1.268639e+04 1.279569e+03
-4.545455e-03 -4.811410e+04 -3.776482e+03 1.086732e+03 7.734515e+03 5.002705e+03 9.719474e+03 1.554326e+04 1.530778e+03 1.062314e+03 -7.697503e+03 3.703259e+04 -2.574895e+03 -1.558241e+04 1.509651e+03 3.408651e+03 -7.471997e+03 1.339401e+03 -8.765262e+03 4.221376e+04 -2.880671e+03 1.770664e+04 -1.841696e+03 -4.432162e+03 8.517956e+03 4.220850e+04 3.367704e+03 -8.543522e+02 -6.792655e+03 3.842322e+03 8.524777e+03 1.367874e+04 1.250268e+03
-4.343434e-03 -4.788300e+04 -3.841763e+03 1.055534e+03 8.565289e+03 5.107126e+03 9.694189e+03 1.670661e+04 1.492361e+03 1.031276e+03 -8.529456e+03 3.685392e+04 -2.618737e+03 -1.674473e+04 1.471331e+03 3.479147e+03 -7.451790e+03 1.300999e+03 -9.713727e+03 4.201056e+04 -2.932402e+03 1.903280e+04 -1.795284e+03 -4.522195e+03 8.495383e+03 4.200532e+04 3.423217e+03 -8.293154e+02 -7.521387e+03 3.924251e+03 8.502188e+03 1.469836e+04 1.218661e+03
-4.141414e-03 -4.750104e+04 -3.906295e+03 1.022503e+03 9.418078e+03 5.211163e+03 9.637141e+03 1.789718e+04 1.451033e+03 9.984779e+02 -9.383491e+03 3.655919e+04 -2.662056e+03 -1.793419e+04 1.430164e+03 3.549367e+03 -7.407211e+03 1.260339e+03 -1.068738e+04 4.167502e+04 -2.983533e+03 2.039001e+04 -1.745379e+03 -4.611907e+03 8.444998e+03 4.166982e+04 3.478074e+03 -8.028648e+02 -8.269419e+03 4.005848e+03 8.451765e+03 1.574180e+04 1.184689e+03
-3.939394e-03 -4.695780e+04 -3.969874e+03 9.876291e+02 1.028947e+04 5.314470e+03 9.546038e+03 1.911031e+04 1.406727e+03 9.639147e+02 -1.025620e+04 3.614038e+04 -2.704716e+03 -1.914616e+04 1.386090e+03 3.619080e+03 -7.336503e+03 1.217407e+03 -1.168233e+04 4.119801e+04 -3.033903e+03 2.177294e+04 -1.691906e+03 -4.701001e+03 8.364795e+03 4.119286e+04 3.532104e+03 -7.749966e+02 -9.033763e+03 4.086846e+03 8.371499e+03 1.680496e+04 1.148301e+03
-3.737374e-03 -4.624337e+04 -4.032288e+03 9.509075e+02 1.117553e+04 5.416678e+03 9.418695e+03 2.034062e+04 1.359391e+03 9.275876e+02 -1.114361e+04 3.558986e+04 -2.746574e+03 -2.037525e+04 1.339063e+03 3.688036e+03 -7.237994e+03 1.172197e+03 -1.269406e+04 4.057084e+04 -3.083345e+03 2.317548e+04 -1.634803e+03 -4.789157e+03 8.252863e+03 4.056576e+04 3.585127e+03 -7.457131e+02 -9.810952e+03 4.166954e+03 8.259479e+03 1.788314e+04 1.109457e+03
-3.535354e-03 -4.534859e+04 -4.093316e+03 9.123442e+02 1.207173e+04 5.517390e+03 9.253087e+03 2.158202e+04 1.308989e+03 8.895065e+02 -1.204123e+04 3.490060e+04 -2.787483e+03 -2.161539e+04 1.289048e+03 3.755969e+03 -7.110134e+03 1.124716e+03 -1.371743e+04 3.978547e+04 -3.131683e+03 2.459066e+04 -1.574026e+03 -4.876034e+03 8.107431e+03 3.978049e+04 3.636956e+03 -7.150238e+02 -1.059704e+04 4.245863e+03 8.113933e+03 1.897099e+04 1.068126e+03
-3.333333e-03 -4.426529e+04 -4.152730e+03 8.719544e+02 1.297303e+04 5.616189e+03 9.047395e+03 2.282768e+04 1.255497e+03 8.496903e+02 -1.294398e+04 3.406631e+04 -2.827291e+03 -2.285975e+04 1.236027e+03 3.822597e+03 -6.951530e+03 1.074979e+03 -1.474667e+04 3.883474e+04 -3.178738e+03 2.601072e+04 -1.509550e+03 -4.961269e+03 7.926909e+03 3.882988e+04 3.687398e+03 -6.829450e+02 -1.138758e+04 4.323248e+03 7.933268e+03 2.006255e+04 1.024294e+03
-3.131313e-03 -4.298652e+04 -4.210297e+03 8.297627e+02 1.387385e+04 5.712634e+03 8.800065e+03 2.407010e+04 1.198911e+03 8.081670e+02 -1.384628e+04 3.308165e+04 -2.865845e+03 -2.410085e+04 1.179998e+03 3.887625e+03 -6.760993e+03 1.023018e+03 -1.577540e+04 3.771256e+04 -3.224325e+03 2.742710e+04 -1.441372e+03 -5.044484e+03 7.709938e+03 3.770783e+04 3.736256e+03 -6.495005e+02 -1.217770e+04 4.398765e+03 7.716124e+03 2.115123e+04 9.779587e+02
-2.929293e-03 -4.150681e+04 -4.265780e+03 7.858043e+02 1.476811e+04 5.806269e+03 8.509860e+03 2.530113e+04 1.139246e+03 7.649746e+02 -1.474202e+04 3.194242e+04 -2.902986e+03 -2.533053e+04 1.120978e+03 3.950746e+03 -6.537577e+03 9.688731e+02 -1.679667e+04 3.641413e+04 -3.268257e+03 2.883050e+04 -1.369509e+03 -5.125282e+03 7.455435e+03 3.640956e+04 3.783331e+03 -6.147218e+02 -1.296206e+04 4.472058e+03 7.461420e+03 2.222989e+04 9.291328e+02
-2.727273e-03 -3.982242e+04 -4.318940e+03 7.401250e+02 1.564928e+04 5.896620e+03 8.175914e+03 2.651202e+04 1.076539e+03 7.201606e+02 -1.562468e+04 3.064574e+04 -2.938556e+03 -2.654008e+04 1.059007e+03 4.011642e+03 -6.280621e+03 9.126009e+02 -1.780303e+04 3.493617e+04 -3.310346e+03 3.021095e+04 -1.294008e+03 -5.203255e+03 7.162646e+03 3.493177e+04 3.828421e+03 -5.786481e+02 -1.373492e+04 4.542760e+03 7.168397e+03 2.329088e+04 8.778475e+02
-2.525253e-03 -3.793157e+04 -4.369539e+03 6.927815e+02 1.651044e+04 5.983207e+03 7.797789e+03 2.769354e+04 1.010847e+03 6.737824e+02 -1.648733e+04 2.919024e+04 -2.972398e+03 -2.772026e+04 9.941435e+02 4.069991e+03 -5.989791e+03 8.542702e+02 -1.878657e+04 3.327712e+04 -3.350402e+03 3.155792e+04 -1.214939e+03 -5.277987e+03 6.831188e+03 3.327293e+04 3.871326e+03 -5.413266e+02 -1.449024e+04 4.610498e+03 6.836674e+03 2.432610e+04 8.241517e+02
-2.323232e-03 -3.583468e+04 -4.417340e+03 6.438414e+02 1.734440e+04 6.065543e+03 7.375519e+03 2.883606e+04 9.422541e+02 6.259075e+02 -1.732273e+04 2.757625e+04 -3.004355e+03 -2.886147e+04 9.264694e+02 4.125465e+03 -5.665115e+03 7.939635e+02 -1.973906e+04 3.143735e+04 -3.388240e+03 3.286044e+04 -1.132401e+03 -5.349056e+03 6.461090e+03 3.143339e+04 3.911847e+03 -5.028119e+02 -1.522169e+04 4.674891e+03 6.466281e+03 2.532713e+04 7.681132e+02
-2.121212e-03 -3.353456e+04 -4.462111e+03 5.933833e+02 1.814372e+04 6.143140e+03 6.909656e+03 2.992970e+04 8.708662e+02 5.766131e+02 -1.812346e+04 2.580593e+04 -3.034275e+03 -2.995384e+04 8.560908e+02 4.177738e+03 -5.307017e+03 7.317772e+02 -2.065202e+04 2.941931e+04 -3.423677e+03 3.410723e+04 -1.046525e+03 -5.416041e+03 6.052839e+03 2.941561e+04 3.949789e+03 -4.631667e+02 -1.592276e+04 4.735563e+03 6.057703e+03 2.628532e+04 7.098196e+02
-1.919192e-03 -3.103652e+04 -4.503629e+03 5.414965e+02 1.890091e+04 6.215519e+03 6.401302e+03 3.096446e+04 7.968157e+02 5.259860e+02 -1.888199e+04 2.388337e+04 -3.062011e+03 -3.098738e+04 7.831375e+02 4.226489e+03 -4.916346e+03 6.678211e+02 -2.151687e+04 2.722770e+04 -3.456536e+03 3.528692e+04 -9.574670e+02 -5.478526e+03 5.607398e+03 2.722426e+04 3.984966e+03 -4.224609e+02 -1.658686e+04 4.792142e+03 5.611906e+03 2.719190e+04 6.493784e+02
-1.717172e-03 -2.834856e+04 -4.541679e+03 4.882807e+02 1.960849e+04 6.282212e+03 5.852135e+03 3.193041e+04 7.202600e+02 4.741221e+02 -1.959084e+04 2.181472e+04 -3.087421e+03 -3.195218e+04 7.077636e+02 4.271404e+03 -4.494386e+03 6.022181e+02 -2.232508e+04 2.486949e+04 -3.486648e+03 3.638815e+04 -8.654176e+02 -5.536108e+03 5.126238e+03 2.486636e+04 4.017196e+03 -3.807716e+02 -1.720746e+04 4.844265e+03 5.130360e+03 2.803818e+04 5.869176e+02
-1.515152e-03 -2.548134e+04 -4.576060e+03 4.338458e+02 2.025916e+04 6.342773e+03 5.264418e+03 3.281785e+04 6.413816e+02 4.211259e+02 -2.024269e+04 1.960819e+04 -3.110374e+03 -3.283856e+04 6.301467e+02 4.312185e+03 -4.042877e+03 5.351036e+02 -2.306831e+04 2.235407e+04 -3.513854e+03 3.739989e+04 -7.705949e+02 -5.588399e+03 4.611340e+03 2.235124e+04 4.046312e+03 -3.381828e+02 -1.777814e+04 4.891586e+03 4.615049e+03 2.881566e+04 5.225851e+02
-1.313131e-03 -2.244822e+04 -4.606584e+03 3.783109e+02 2.084596e+04 6.396782e+03 4.641000e+03 3.361752e+04 5.603872e+02 3.671101e+02 -2.083055e+04 1.727405e+04 -3.130746e+03 -3.363725e+04 5.504877e+02 4.348549e+03 -3.564000e+03 4.666248e+02 -2.373858e+04 1.969313e+04 -3.538006e+03 3.831156e+04 -6.732462e+02 -5.635035e+03 4.065198e+03 1.969064e+04 4.072157e+03 -2.947843e+02 -1.829279e+04 4.933779e+03 4.068468e+03 2.951624e+04 4.565481e+02
-1.111111e-03 -1.926515e+04 -4.633082e+03 3.218037e+02 2.136236e+04 6.443853e+03 3.985294e+03 3.432076e+04 4.775063e+02 3.121950e+02 -2.134789e+04 1.482456e+04 -3.148426e+03 -3.433964e+04 4.690091e+02 4.380238e+03 -3.060374e+03 3.969398e+02 -2.432845e+04 1.690067e+04 -3.558972e+03 3.911330e+04 -5.736462e+02 -5.675682e+03 3.490798e+03 1.689853e+04 4.094588e+03 -2.506722e+02 -1.874570e+04 4.970546e+03 3.493607e+03 3.013233e+04 3.889921e+02
-9.090909e-04 -1.595052e+04 -4.655404e+03 2.644601e+02 2.180245e+04 6.483639e+03 3.301247e+03 3.491975e+04 3.929900e+02 2.565071e+02 -2.178880e+04 1.227389e+04 -3.163316e+03 -3.493789e+04 3.859537e+02 4.407022e+03 -2.535025e+03 3.262167e+02 -2.483116e+04 1.399282e+04 -3.576632e+03 3.979619e+04 -4.720944e+02 -5.710042e+03 2.891596e+03 1.399105e+04 4.113482e+03 -2.059472e+02 -1.913169e+04 5.001620e+03 2.893923e+03 3.065709e+04 3.201195e+02
-7.070707e-04 -1.252494e+04 -4.673420e+03 2.064223e+02 2.216109e+04 6.515843e+03 2.593290e+03 3.540763e+04 3.071078e+02 2.001788e+02 -2.214810e+04 9.637875e+03 -3.175332e+03 -3.542517e+04 3.015820e+02 4.428699e+03 -1.991348e+03 2.546319e+02 -2.524083e+04 1.098766e+04 -3.590886e+03 4.035241e+04 -3.689130e+02 -5.737853e+03 2.271469e+03 1.098627e+04 4.128729e+03 -1.607147e+02 -1.944623e+04 5.026769e+03 2.273297e+03 3.108450e+04 2.501476e+02
-5.050505e-04 -9.010944e+03 -4.687027e+03 1.478384e+02 2.243397e+04 6.540219e+03 1.866271e+03 3.577872e+04 2.201456e+02 1.433475e+02 -2.242148e+04 6.933853e+03 -3.184406e+03 -3.579580e+04 2.161698e+02 4.445106e+03 -1.433062e+03 1.823692e+02 -2.555255e+04 7.904951e+03 -3.601650e+03 4.077548e+04 -2.644432e+02 -5.758905e+03 1.634661e+03 7.903951e+03 4.140243e+03 -1.150834e+02 -1.968557e+04 5.045802e+03 1.635977e+03 3.140960e+04 1.793067e+02
-3.030303e-04 -5.432627e+03 -4.696143e+03 8.886132e+01 2.261779e+04 6.556576e+03 1.125383e+03 3.602862e+04 1.324025e+02 8.615412e+01 -2.260564e+04 4.180357e+03 -3.190484e+03 -3.604539e+04 1.300054e+02 4.456115e+03 -8.641451e+02 1.096180e+02 -2.576252e+04 4.765828e+03 -3.608862e+03 4.106038e+04 -1.590418e+02 -5.773032e+03 9.857150e+02 4.765225e+03 4.147957e+03 -6.916539e+01 -1.984678e+04 5.058573e+03 9.865085e+02 3.162852e+04 1.078375e+02
-1.010101e-04 -1.815243e+03 -4.700714e+03 2.964688e+01 2.271026e+04 6.564787e+03 3.760697e+02 3.615432e+04 4.418689e+01 2.874237e+01 -2.269829e+04 1.396812e+03 -3.193533e+03 -3.617094e+04 4.338589e+01 4.461642e+03 -2.887703e+02 3.657219e+01 -2.586816e+04 1.592440e+03 -3.612479e+03 4.120370e+04 -5.307683e+01 -5.780123e+03 3.293960e+02 1.592238e+03 4.151825e+03 -2.307439e+01 -1.992788e+04 5.064984e+03 3.296612e+02 3.173864e+04 3.598826e+01
1.010101e-04 1.815243e+03 -4.700714e+03 -2.964688e+01 2.271026e+04 6.564787e+03 -3.760697e+02 3.615432e+04 -4.418689e+01 -2.874237e+01 -2.269829e+04 -1.396812e+03 -3.193533e+03 -3.617094e+04 -4.338589e+01 4.461642e+03 2.887703e+02 -3.657219e+01 -2.586816e+04 -1.592440e+03 -3.612479e+03 4.120370e+04 5.307683e+01 -5.780123e+03 -3.293960e+02 -1.592238e+03 4.151825e+03 2.307439e+01 -1.992788e+04 5.064984e+03 -3.296612e+02 3.173864e+04 -3.598826e+01
3.030303e-04 5.432627e+03 -4.696143e+03 -8.886132e+01 2.261779e+04 6.556576e+03 -1.125383e+03 3.602862e+04 -1.324025e+02 -8.615412e+01 -2.260564e+04 -4.180357e+03 -3.190484e+03 -3.604539e+04 -1.300054e+02 4.456115e+03 8.641451e+02 -1.096180e+02 -2.576252e+04 -4.765828e+03 -3.608862e+03 4.106038e+04 1.590418e+02 -5.773032e+03 -9.857150e+02 -4.765225e+03 4.147957e+03 6.916539e+01 -1.984678e+04 5.058573e+03 -9.865085e+02 3.162852e+04 -1.078375e+02
5.050505e-04 9.010944e+03 -4.687027e+03 -1.478384e+02 2.243397e+04 6.540219e+03 -1.866271e+03 3.577872e+04 -2.201456e+02 -1.433475e+02 -2.242148e+04 -6.933853e+03 -3.184406e+03 -3.579580e+04 -2.161698e+02 4.445106e+03 1.433062e+03 -1.823692e+02 -2.555255e+04 -7.904951e+03 -3.601650e+03 4.077548e+04 2.644432e+02 -5.758905e+03 -1.634661e+03 -7.903951e+03 4.140243e+03 1.150834e+02 -1.968557e+04 5.045802e+03 -1.635977e+03 3.140960e+04 -1.793067e+02
7.070707e-04 1.252494e+04 -4.673420e+03 -2.064223e+02 2.216109e+04 6.515843e+03 -2.593290e+03 3.540763e+04 -3.071078e+02 -2.001788e+02 -2.214810e+04 -9.637875e+03 -3.175332e+03 -3.542517e+04 -3.015820e+02 4.428699e+03 1.991348e+03 -2.546319e+02 -2.524083e+04 -1.098766e+04 -3.590886e+03 4.035241e+04 3.689130e+02 -5.737853e+03 -2.271469e+03 -1.098627e+04 4.128729e+03 1.607147e+02 -1.944623e+04 5.026769e+03 -2.273297e+03 3.108450e+04 -2.501476e+02
9.090909e-04 1.595052e+04 -4.655404e+03 -2.644601e+02 2.180245e+04 6.483639e+03 -3.301247e+03 3.491975e+04 -3.929900e+02 -2.565071e+02 -2.178880e+04 -1.227389e+04 -3.163316e+03 -3.493789e+04 -3.859537e+02 4.407022e+03 2.535025e+03 -3.262167e+02 -2.483116e+04 -1.399282e+04 -3.576632e+03 3.979619e+04 4.720944e+02 -5.710042e+03 -2.891596e+03 -1.399105e+04 4.113482e+03 2.059472e+02 -1.913169e+04 5.001620e+03 -2.893923e+03 3.065709e+04 -3.201195e+02
1.111111e-03 1.926515e+04 -4.633082e+03 -3.218037e+02 2.136236e+04 6.443853e+03 -3.985294e+03 3.432076e+04 -4.775063e+02 -3.121950e+02 -2.134789e+04 -1.482456e+04 -3.148426e+03 -3.433964e+04 -4.690091e+02 4.380238e+03 3.060374e+03 -3.969398e+02 -2.432845e+04 -1.690067e+04 -3.558972e+03 3.911330e+04 5.736462e+02 -5.675682e+03 -3.490798e+03 -1.689853e+04 4.094588e+03 2.506722e+02 -1.874570e+04 4.970546e+03 -3.493607e+03 3.013233e+04 -3.889921e+02
1.313131e-03 2.244822e+04 -4.606584e+03 -3.783109e+02 2.084596e+04 6.396782e+03 -4.641000e+03 3.361752e+04 -5.603872e+02 -3.671101e+02 -2.083055e+04 -1.727405e+04 -3.130746e+03 -3.363725e+04 -5.504877e+02 4.348549e+03 3.564000e+03 -4.666248e+02 -2.373858e+04 -1.969313e+04 -3.538006e+03 3.831156e+04 6.732462e+02 -5.635035e+03 -4.065198e+03 -1.969064e+04 4.072157e+03 2.947843e+02 -1.829279e+04 4.933779e+03 -4.068468e+03 2.951624e+04 -4.565481e+02
1.515152e-03 2.548134e+04 -4.576060e+03 -4.338458e+02 2.025916e+04 6.342773e+03 -5.264418e+03 3.281785e+04 -6.413816e+02 -4.211259e+02 -2.024269e+04 -1.960819e+04 -3.110374e+03 -3.283856e+04 -6.301467e+02 4.312185e+03 4.042877e+03 -5.351036e+02 -2.306831e+04 -2.235407e+04 -3.513854e+03 3.739989e+04 7.705949e+02 -5.588399e+03 -4.611340e+03 -2.235124e+04 4.046312e+03 3.381828e+02 -1.777814e+04 4.891586e+03 -4.615049e+03 2.881566e+04 -5.225851e+02
1.717172e-03 2.834856e+04 -4.541679e+03 -4.882807e+02 1.960849e+04 6.282212e+03 -5.852135e+03 3.193041e+04 -7.202600e+02 -4.741221e+02 -1.959084e+04 -2.181472e+04 -3.087421e+03 -3.195218e+04 -7.077636e+02 4.271404e+03 4.494386e+03 -6.022181e+02 -2.232508e+04 -2.486949e+04 -3.486648e+03 3.638815e+04 8.654176e+02 -5.536108e+03 -5.126238e+03 -2.486636e+04 4.017196e+03 3.807716e+02 -1.720746e+04 4.844265e+03 -5.130360e+03 2.803818e+04 -5.869176e+02
1.919192e-03 3.103652e+04 -4.503629e+03 -5.414965e+02 1.890091e+04 6.215519e+03 -6.401302e+03 3.096446e+04 -7.968157e+02 -5.259860e+02 -1.888199e+04 -2.388337e+04 -3.062011e+03 -3.098738e+04 -7.831375e+02 4.226489e+03 4.916346e+03 -6.678211e+02 -2.151687e+04 -2.722770e+04 -3.456536e+03 3.528692e+04 9.574670e+02 -5.478526e+03 -5.607398e+03 -2.722426e+04 3.984966e+03 4.224609e+02 -1.658686e+04 4.792142e+03 -5.611906e+03 2.719190e+04 -6.493784e+02
2.121212e-03 3.353456e+04 -4.462111e+03 -5.933833e+02 1.814372e+04 6.143140e+03 -6.909656e+03 2.992970e+04 -8.708662e+02 -5.766131e+02 -1.812346e+04 -2.580593e+04 -3.034275e+03 -2.995384e+04 -8.560908e+02 4.177738e+03 5.307017e+03 -7.317772e+02 -2.065202e+04 -2.941931e+04 -3.423677e+03 3.410723e+04 1.046525e+03 -5.416041e+03 -6.052839e+03 -2.941561e+04 3.949789e+03 4.631667e+02 -1.592276e+04 4.735563e+03 -6.057703e+03 2.628532e+04 -7.098196e+02
2.323232e-03 3.583468e+04 -4.417340e+03 -6.438414e+02 1.734440e+04 6.065543e+03 -7.375519e+03 2.883606e+04 -9.422541e+02 -6.259075e+02 -1.732273e+04 -2.757625e+04 -3.004355e+03 -2.886147e+04 -9.264694e+02 4.125465e+03 5.665115e+03 -7.939635e+02 -1.973906e+04 -3.143735e+04 -3.388240e+03 3.286044e+04 1.132401e+03 -5.349056e+03 -6.461090e+03 -3.143339e+04 3.911847e+03 5.028119e+02 -1.522169e+04 4.674891e+03 -6.466281e+03 2.532713e+04 -7.681132e+02
2.525253e-03 3.793157e+04 -4.369539e+03 -6.927815e+02 1.651044e+04 5.983207e+03 -7.797789e+03 2.769354e+04 -1.010847e+03 -6.737824e+02 -1.648733e+04 -2.919024e+04 -2.972398e+03 -2.772026e+04 -9.941435e+02 4.069991e+03 5.989791e+03 -8.542702e+02 -1.878657e+04 -3.327712e+04 -3.350402e+03 3.155792e+04 1.214939e+03 -5.277987e+03 -6.831188e+03 -3.327293e+04 3.871326e+03 5.413266e+02 -1.449024e+04 4.610498e+03 -6.836674e+03 2.432610e+04 -8.241517e+02
2.727273e-03 3.982242e+04 -4.318940e+03 -7.401250e+02 1.564928e+04 5.896620e+03 -8.175914e+03 2.651202e+04 -1.076539e+03 -7.201606e+02 -1.562468e+04 -3.064574e+04 -2.938556e+03 -2.654008e+04 -1.059007e+03 4.011642e+03 6.280621e+03 -9.126009e+02 -1.780303e+04 -3.493617e+04 -3.310346e+03 3.021095e+04 1.294008e+03 -5.203255e+03 -7.162646e+03 -3.493177e+04 3.828421e+03 5.786481e+02 -1.373492e+04 4.542760e+03 -7.168397e+03 2.329088e+04 -8.778475e+02
2.929293e-03 4.150681e+04 -4.265780e+03 -7.858043e+02 1.476811e+04 5.806269e+03 -8.509860e+03 2.530113e+04 -1.139246e+03 -7.649746e+02 -1.474202e+04 -3.194242e+04 -2.902986e+03 -2.533053e+04 -1.120978e+03 3.950746e+03 6.537577e+03 -9.688731e+02 -1.679667e+04 -3.641413e+04 -3.268257e+03 2.883050e+04 1.369509e+03 -5.125282e+03 -7.455435e+03 -3.640956e+04 3.783331e+03 6.147218e+02 -1.296206e+04 4.472058e+03 -7.461420e+03 2.222989e+04 -9.291328e+02
3.131313e-03 4.298652e+04 -4.210297e+03 -8.297627e+02 1.387385e+04 5.712634e+03 -8.800065e+03 2.407010e+04 -1.198911e+03 -8.081670e+02 -1.384628e+04 -3.308165e+04 -2.865845e+03 -2.410085e+04 -1.179998e+03 3.887625e+03 6.760993e+03 -1.023018e+03 -1.577540e+04 -3.771256e+04 -3.224325e+03 2.742710e+04 1.441372e+03 -5.044484e+03 -7.709938e+03 -3.770783e+04 3.736256e+03 6.495005e+02 -1.217770e+04 4.398765e+03 -7.716124e+03 2.115123e+04 -9.779587e+02
3.333333e-03 4.426529e+04 -4.152730e+03 -8.719544e+02 1.297303e+04 5.616189e+03 -9.047395e+03 2.282768e+04 -1.255497e+03 -8.496903e+02 -1.294398e+04 -3.406631e+04 -2.827291e+03 -2.285975e+04 -1.236027e+03 3.822597e+03 6.951530e+03 -1.074979e+03 -1.474667e+04 -3.883474e+04 -3.178738e+03 2.601072e+04 1.509550e+03 -4.961269e+03 -7.926909e+03 -3.882988e+04 3.687398e+03 6.829450e+02 -1.138758e+04 4.323248e+03 -7.933268e+03 2.006255e+04 -1.024294e+03
3.535354e-03 4.534859e+04 -4.093316e+03 -9.123442e+02 1.207173e+04 5.517390e+03 -9.253087e+03 2.158202e+04 -1.308989e+03 -8.895065e+02 -1.204123e+04 -3.490060e+04 -2.787483e+03 -2.161539e+04 -1.289048e+03 3.755969e+03 7.110134e+03 -1.124716e+03 -1.371743e+04 -3.978547e+04 -3.131683e+03 2.459066e+04 1.574026e+03 -4.876034e+03 -8.107431e+03 -3.978049e+04 3.636956e+03 7.150238e+02 -1.059704e+04 4.245863e+03 -8.113933e+03 1.897099e+04 -1.068126e+03
3.737374e-03 4.624337e+04 -4.032288e+03 -9.509075e+02 1.117553e+04 5.416678e+03 -9.418695e+03 2.034062e+04 -1.359391e+03 -9.275876e+02 -1.114361e+04 -3.558986e+04 -2.746574e+03 -2.037525e+04 -1.339063e+03 3.688036e+03 7.237994e+03 -1.172197e+03 -1.269406e+04 -4.057084e+04 -3.083345e+03 2.317548e+04 1.634803e+03 -4.789157e+03 -8.252863e+03 -4.056576e+04 3.585127e+03 7.457131e+02 -9.810952e+03 4.166954e+03 -8.259479e+03 1.788314e+04 -1.109457e+03
3.939394e-03 4.695780e+04 -3.969874e+03 -9.876291e+02 1.028947e+04 5.314470e+03 -9.546038e+03 1.911031e+04 -1.406727e+03 -9.639147e+02 -1.025620e+04 -3.614038e+04 -2.704716e+03 -1.914616e+04 -1.386090e+03 3.619080e+03 7.336503e+03 -1.217407e+03 -1.168233e+04 -4.119801e+04 -3.033903e+03 2.177294e+04 1.691906e+03 -4.701001e+03 -8.364795e+03 -4.119286e+04 3.532104e+03 7.749966e+02 -9.033763e+03 4.086846e+03 -8.371499e+03 1.680496e+04 -1.148301e+03
4.141414e-03 4.750104e+04 -3.906295e+03 -1.022503e+03 9.418078e+03 5.211163e+03 -9.637141e+03 1.789718e+04 -1.451033e+03 -9.984779e+02 -9.383491e+03 -3.655919e+04 -2.662056e+03 -1.793419e+04 -1.430164e+03 3.549367e+03 7.407211e+03 -1.260339e+03 -1.068738e+04 -4.167502e+04 -2.983533e+03 2.039001e+04 1.745379e+03 -4.611907e+03 -8.444998e+03 -4.166982e+04 3.478074e+03 8.028648e+02 -8.269419e+03 4.005848e+03 -8.451765e+03 1.574180e+04 -1.184689e+03
4.343434e-03 4.788300e+04 -3.841763e+03 -1.055534e+03 8.565289e+03 5.107126e+03 -9.694189e+03 1.670661e+04 -1.492361e+03 -1.031276e+03 -8.529456e+03 -3.685392e+04 -2.618737e+03 -1.674473e+04 -1.471331e+03 3.479147e+03 7.451790e+03 -1.300999e+03 -9.713727e+03 -4.201056e+04 -2.932402e+03 1.903280e+04 1.795284e+03 -4.522195e+03 -8.495383e+03 -4.200532e+04 3.423217e+03 8.293154e+02 -7.521387e+03 3.924251e+03 -8.502188e+03 1.469836e+04 -1.218661e+03
4.545455e-03 4.811410e+04 -3.776482e+03 -1.086732e+03 7.734515e+03 5.002705e+03 -9.719474e+03 1.554326e+04 -1.530778e+03 -1.062314e+03 -7.697503e+03 -3.703259e+04 -2.574895e+03 -1.558241e+04 -1.509651e+03 3.408651e+03 7.471997e+03 -1.339401e+03 -8.765262e+03 -4.221376e+04 -2.880671e+03 1.770664e+04 1.841696e+03 -4.432162e+03 -8.517956e+03 -4.220850e+04 3.367704e+03 8.543522e+02 -6.792655e+03 3.842322e+03 -8.524777e+03 1.367874e+04 -1.250268e+03
4.747475e-03 4.820510e+04 -3.710645e+03 -1.116116e+03 6.928631e+03 4.898218e+03 -9.715355e+03 1.441110e+04 -1.566356e+03 -1.091607e+03 -6.890513e+03 -3.710346e+04 -2.530658e+03 -1.445122e+04 -1.545195e+03 3.338096e+03 7.469637e+03 -1.375571e+03 -7.845269e+03 -4.229407e+04 -2.828494e+03 1.641604e+04 1.884704e+03 -4.342083e+03 -8.514780e+03 -4.228880e+04 3.311701e+03 8.779849e+02 -6.085745e+03 3.760312e+03 -8.521597e+03 1.268639e+04 -1.279569e+03
4.949495e-03 4.816690e+04 -3.644433e+03 -1.143711e+03 6.150008e+03 4.793955e+03 -9.684220e+03 1.331341e+04 -1.599180e+03 -1.119175e+03 -6.110861e+03 -3.707492e+04 -2.486150e+03 -1.335443e+04 -1.578041e+03 3.267676e+03 7.446540e+03 -1.409540e+03 -6.956454e+03 -4.226104e+04 -2.776014e+03 1.516475e+04 1.924407e+03 -4.252209e+03 -8.487943e+03 -4.225579e+04 3.255362e+03 9.002287e+02 -5.402737e+03 3.678450e+03 -8.494738e+03 1.172422e+04 -1.306630e+03
5.151515e-03 4.801041e+04 -3.578019e+03 -1.169550e+03 5.400539e+03 4.690182e+03 -9.628446e+03 1.225287e+04 -1.629341e+03 -1.145045e+03 -5.360441e+03 -3.695536e+04 -2.441485e+03 -1.229471e+04 -1.608276e+03 3.197571e+03 7.404526e+03 -1.441350e+03 -6.100979e+03 -4.212424e+04 -2.723369e+03 1.395583e+04 1.960912e+03 -4.162768e+03 -8.439526e+03 -4.211901e+04 3.198833e+03 9.211038e+02 -4.745292e+03 3.596943e+03 -8.446281e+03 1.079456e+04 -1.331523e+03
5.353535e-03 4.774636e+04 -3.511562e+03 -1.193670e+03 4.681677e+03 4.587138e+03 -9.550377e+03 1.123156e+04 -1.656934e+03 -1.169247e+03 -4.640708e+03 -3.675304e+04 -2.396772e+03 -1.127415e+04 -1.635991e+03 3.127943e+03 7.345392e+03 -1.471046e+03 -5.280499e+03 -4.189308e+04 -2.670683e+03 1.279164e+04 1.994334e+03 -4.073967e+03 -8.371579e+03 -4.188789e+04 3.142251e+03 9.406349e+02 -4.114683e+03 3.515979e+03 -8.378279e+03 9.899235e+03 -1.354325e+03
5.555556e-03 4.738527e+04 -3.445210e+03 -1.216112e+03 3.994465e+03 4.485036e+03 -9.452293e+03 1.025103e+04 -1.682062e+03 -1.191820e+03 -3.952707e+03 -3.647604e+04 -2.352110e+03 -1.029429e+04 -1.661281e+03 3.058937e+03 7.270883e+03 -1.498681e+03 -4.496207e+03 -4.157679e+04 -2.618075e+03 1.167396e+04 2.024793e+03 -3.985988e+03 -8.286098e+03 -4.157164e+04 3.085741e+03 9.588505e+02 -3.511828e+03 3.435726e+03 -8.292729e+03 9.039606e+03 -1.375118e+03
5.757576e-03 4.693726e+04 -3.379100e+03 -1.236922e+03 3.339584e+03 4.384066e+03 -9.336395e+03 9.312343e+03 -1.704827e+03 -1.212804e+03 -3.297117e+03 -3.613214e+04 -2.307591e+03 -9.356197e+03 -1.684247e+03 2.990681e+03 7.182688e+03 -1.524312e+03 -3.748876e+03 -4.118424e+04 -2.565653e+03 1.060397e+04 2.052412e+03 -3.898995e+03 -8.185008e+03 -4.117914e+04 3.029420e+03 9.757824e+02 -2.937322e+03 3.356336e+03 -8.191557e+03 8.216602e+03 -1.393984e+03
5.959596e-03 4.641205e+04 -3.313357e+03 -1.256149e+03 2.717382e+03 4.284395e+03 -9.204789e+03 8.416108e+03 -1.725336e+03 -1.232243e+03 -2.674285e+03 -3.572884e+04 -2.263301e+03 -8.460485e+03 -1.704990e+03 2.923288e+03 7.082418e+03 -1.548000e+03 -3.038901e+03 -4.072397e+04 -2.513516e+03 9.582403e+03 2.077317e+03 -3.813133e+03 -8.070150e+03 -4.071893e+04 2.973396e+03 9.914657e+02 -2.391472e+03 3.277939e+03 -8.076608e+03 7.430769e+03 -1.411007e+03
6.161616e-03 4.581889e+04 -3.248094e+03 -1.273844e+03 2.127919e+03 4.186169e+03 -9.059468e+03 7.562565e+03 -1.743694e+03 -1.250185e+03 -2.084269e+03 -3.527322e+04 -2.219317e+03 -7.607391e+03 -1.723613e+03 2.856857e+03 6.971603e+03 -1.569810e+03 -2.366349e+03 -4.020407e+04 -2.461755e+03 8.609508e+03 2.099636e+03 -3.728524e+03 -7.943272e+03 -4.019910e+04 2.917766e+03 1.005938e+03 -1.874331e+03 3.200651e+03 -7.949629e+03 6.682312e+03 -1.426275e+03
6.363636e-03 4.516649e+04 -3.183414e+03 -1.290062e+03 1.571000e+03 4.089512e+03 -8.902314e+03 6.751606e+03 -1.760009e+03 -1.266679e+03 -1.526874e+03 -3.477200e+04 -2.175709e+03 -6.796810e+03 -1.740217e+03 2.791473e+03 6.851684e+03 -1.589808e+03 -1.730995e+03 -3.963219e+04 -2.410451e+03 7.685167e+03 2.119494e+03 -3.645278e+03 -7.806018e+03 -3.962730e+04 2.862619e+03 1.019238e+03 -1.385729e+03 3.124571e+03 -7.812266e+03 5.971141e+03 -1.439871e+03
6.565657e-03 4.446303e+04 -3.119411e+03 -1.304858e+03 1.046214e+03 3.994530e+03 -8.735084e+03 5.982830e+03 -1.774386e+03 -1.281777e+03 -1.001685e+03 -3.423147e+04 -2.132540e+03 -6.028345e+03 -1.754905e+03 2.727209e+03 6.724008e+03 -1.608064e+03 -1.132366e+03 -3.901551e+04 -2.359678e+03 6.808923e+03 2.137020e+03 -3.563484e+03 -7.659927e+03 -3.901070e+04 2.808033e+03 1.031407e+03 -9.253052e+02 3.049784e+03 -7.666059e+03 5.296906e+03 -1.451882e+03
6.767677e-03 4.371611e+04 -3.056165e+03 -1.318288e+03 5.529638e+02 3.901313e+03 -8.559411e+03 5.255586e+03 -1.786930e+03 -1.295532e+03 -5.081029e+02 -3.365748e+04 -2.089866e+03 -5.301346e+03 -1.767779e+03 2.664126e+03 6.589828e+03 -1.624647e+03 -5.697777e+02 -3.836069e+04 -2.309502e+03 5.980033e+03 2.152337e+03 -3.483219e+03 -7.506428e+03 -3.835596e+04 2.754080e+03 1.042487e+03 -4.925371e+02 2.976362e+03 -7.512438e+03 4.659039e+03 -1.462392e+03
6.969697e-03 4.293279e+04 -2.993750e+03 -1.330410e+03 9.050027e+01 3.809932e+03 -8.376804e+03 4.569014e+03 -1.797742e+03 -1.307997e+03 -4.537480e+01 -3.305545e+04 -2.047737e+03 -4.614956e+03 -1.778937e+03 2.602273e+03 6.450299e+03 -1.639628e+03 -4.237158e+01 -3.767392e+04 -2.259980e+03 5.197514e+03 2.165568e+03 -3.404545e+03 -7.346841e+03 -3.766929e+04 2.700823e+03 1.052521e+03 -8.676737e+01 2.904363e+03 -7.352725e+03 4.056789e+03 -1.471483e+03
7.171717e-03 4.211956e+04 -2.932230e+03 -1.341282e+03 -3.420526e+02 3.720447e+03 -8.188647e+03 3.922079e+03 -1.806924e+03 -1.319227e+03 3.873783e+02 -3.243039e+04 -2.006198e+03 -3.968144e+03 -1.788477e+03 2.541691e+03 6.306485e+03 -1.653079e+03 4.508553e+02 -3.696091e+04 -2.211164e+03 4.460187e+03 2.176832e+03 -3.327512e+03 -7.182380e+03 -3.695636e+04 2.648316e+03 1.061552e+03 2.927716e+02 2.833833e+03 -7.188133e+03 3.489252e+03 -1.479237e+03
7.373737e-03 4.128237e+04 -2.871659e+03 -1.350960e+03 -7.456704e+02 3.632902e+03 -7.996206e+03 3.313608e+03 -1.814571e+03 -1.329277e+03 7.911353e+02 -3.178685e+04 -1.965286e+03 -3.359739e+03 -1.796492e+03 2.482411e+03 6.159355e+03 -1.665070e+03 9.110197e+02 -3.622685e+04 -2.163096e+03 3.766713e+03 2.186246e+03 -3.252157e+03 -7.014150e+03 -3.622240e+04 2.596608e+03 1.069624e+03 6.469348e+02 2.764811e+03 -7.019771e+03 2.955401e+03 -1.485732e+03
7.575758e-03 4.042664e+04 -2.812085e+03 -1.359501e+03 -1.121406e+03 3.547331e+03 -7.800629e+03 2.742317e+03 -1.820778e+03 -1.338200e+03 1.166952e+03 -3.112902e+04 -1.925034e+03 -2.788461e+03 -1.803076e+03 2.424456e+03 6.009790e+03 -1.675671e+03 1.339326e+03 -3.547652e+04 -2.115815e+03 3.115629e+03 2.193922e+03 -3.178509e+03 -6.843157e+03 -3.547216e+04 2.545740e+03 1.076781e+03 9.766449e+02 2.697323e+03 -6.848644e+03 2.454115e+03 -1.491044e+03
7.777778e-03 3.955727e+04 -2.753547e+03 -1.366962e+03 -1.470367e+03 3.463755e+03 -7.602952e+03 2.206842e+03 -1.825636e+03 -1.346051e+03 1.515941e+03 -3.046067e+04 -1.885469e+03 -2.252949e+03 -1.808316e+03 2.367842e+03 5.858585e+03 -1.684951e+03 1.737043e+03 -3.471420e+04 -2.069353e+03 2.505377e+03 2.199970e+03 -3.106587e+03 -6.670310e+03 -3.470994e+04 2.495745e+03 1.083066e+03 1.282874e+03 2.631389e+03 -6.675660e+03 1.984199e+03 -1.495247e+03
7.979798e-03 3.867869e+04 -2.696080e+03 -1.373398e+03 -1.793703e+03 3.382187e+03 -7.404106e+03 1.705757e+03 -1.829232e+03 -1.352883e+03 1.839253e+03 -2.978521e+04 -1.846616e+03 -1.751782e+03 -1.812298e+03 2.312578e+03 5.706455e+03 -1.692979e+03 2.105485e+03 -3.394379e+04 -2.023736e+03 1.934333e+03 2.204493e+03 -3.036400e+03 -6.496423e+03 -3.393963e+04 2.446654e+03 1.088521e+03 1.566628e+03 2.567019e+03 -6.501637e+03 1.544407e+03 -1.498412e+03
8.181818e-03 3.779488e+04 -2.639708e+03 -1.378862e+03 -2.092583e+03 3.302631e+03 -7.204923e+03 1.237601e+03 -1.831649e+03 -1.358747e+03 2.138063e+03 -2.910569e+04 -1.808493e+03 -1.283499e+03 -1.815103e+03 2.258668e+03 5.554037e+03 -1.699821e+03 2.445989e+03 -3.316878e+04 -1.978986e+03 1.400829e+03 2.207592e+03 -2.967951e+03 -6.322223e+03 -3.316471e+04 2.398490e+03 1.093189e+03 1.828935e+03 2.504218e+03 -6.327301e+03 1.133460e+03 -1.500606e+03
8.383838e-03 3.690938e+04 -2.584453e+03 -1.383408e+03 -2.368188e+03 3.225083e+03 -7.006140e+03 8.008913e+02 -1.832968e+03 -1.363695e+03 2.413554e+03 -2.842483e+04 -1.771114e+03 -8.466224e+02 -1.816811e+03 2.206109e+03 5.401899e+03 -1.705542e+03 2.759907e+03 -3.239226e+04 -1.935118e+03 9.031740e+02 2.209363e+03 -2.901238e+03 -6.148359e+03 -3.238829e+04 2.351270e+03 1.097110e+03 2.070827e+03 2.442984e+03 -6.153300e+03 7.500603e+02 -1.501895e+03
8.585859e-03 3.602532e+04 -2.530330e+03 -1.387087e+03 -2.621697e+03 3.149534e+03 -6.808409e+03 3.941396e+02 -1.833264e+03 -1.367776e+03 2.666907e+03 -2.774506e+04 -1.734491e+03 -4.396670e+02 -1.817495e+03 2.154896e+03 5.250539e+03 -1.710205e+03 3.048586e+03 -3.161699e+04 -1.892147e+03 4.396724e+02 2.209898e+03 -2.836250e+03 -5.975398e+03 -3.161313e+04 2.305010e+03 1.100324e+03 2.293339e+03 2.383312e+03 -5.980205e+03 3.929064e+02 -1.502342e+03
8.787879e-03 3.514549e+04 -2.477351e+03 -1.389948e+03 -2.854276e+03 3.075967e+03 -6.612299e+03 1.586664e+01 -1.832611e+03 -1.371039e+03 2.899294e+03 -2.706851e+04 -1.698632e+03 -6.115652e+01 -1.817227e+03 2.105019e+03 5.100397e+03 -1.713871e+03 3.313361e+03 -3.084542e+04 -1.850079e+03 8.636548e+00 2.209283e+03 -2.772974e+03 -5.803842e+03 -3.084165e+04 2.259718e+03 1.102871e+03 2.497495e+03 2.325188e+03 -5.808515e+03 6.070354e+01 -1.502004e+03
8.989899e-03 3.427232e+04 -2.425521e+03 -1.392040e+03 -3.067074e+03 3.004361e+03 -6.418306e+03 -3.353883e+02 -1.831076e+03 -1.373531e+03 3.111866e+03 -2.639705e+04 -1.663543e+03 2.903672e+02 -1.816075e+03 2.056463e+03 4.951853e+03 -1.716598e+03 3.555545e+03 -3.007966e+04 -1.808921e+03 -3.915995e+02 2.207602e+03 -2.711390e+03 -5.634125e+03 -3.007599e+04 2.215402e+03 1.104788e+03 2.684300e+03 2.268599e+03 -5.638666e+03 -2.478269e+02 -1.500939e+03
9.191919e-03 3.340791e+04 -2.374842e+03 -1.393408e+03 -3.261213e+03 2.934692e+03 -6.226860e+03 -6.610585e+02 -1.828726e+03 -1.375296e+03 3.305746e+03 -2.573231e+04 -1.629224e+03 6.163344e+02 -1.814103e+03 2.009213e+03 4.805237e+03 -1.718444e+03 3.776420e+03 -2.932159e+04 -1.768675e+03 -7.626700e+02 2.204933e+03 -2.651477e+03 -5.466622e+03 -2.931800e+04 2.172062e+03 1.106112e+03 2.854739e+03 2.213525e+03 -5.471033e+03 -5.339392e+02 -1.499199e+03
9.393939e-03 3.255410e+04 -2.325313e+03 -1.394097e+03 -3.437784e+03 2.866928e+03 -6.038325e+03 -9.625422e+02 -1.825621e+03 -1.376378e+03 3.482030e+03 -2.507570e+04 -1.595677e+03 9.181409e+02 -1.811372e+03 1.963250e+03 4.660830e+03 -1.719463e+03 3.977235e+03 -2.857279e+04 -1.729339e+03 -1.106169e+03 2.201350e+03 -2.593210e+03 -5.301655e+03 -2.856929e+04 2.129700e+03 1.106877e+03 3.009768e+03 2.159945e+03 -5.305937e+03 -7.988573e+02 -1.496835e+03
9.595960e-03 3.171245e+04 -2.276931e+03 -1.394150e+03 -3.597843e+03 2.801040e+03 -5.853013e+03 -1.241197e+03 -1.821821e+03 -1.376820e+03 3.641776e+03 -2.442842e+04 -1.562898e+03 1.197142e+03 -1.807941e+03 1.918551e+03 4.518871e+03 -1.719708e+03 4.159197e+03 -2.783464e+04 -1.690911e+03 -1.423646e+03 2.196923e+03 -2.536560e+03 -5.139494e+03 -2.783124e+04 2.088311e+03 1.107119e+03 3.150313e+03 2.107833e+03 -5.143651e+03 -1.043770e+03 -1.493895e+03
9.797980e-03 3.088429e+04 -2.229688e+03 -1.393608e+03 -3.742407e+03 2.736992e+03 -5.671180e+03 -1.498337e+03 -1.817381e+03 -1.376660e+03 3.786004e+03 -2.379149e+04 -1.530885e+03 1.454648e+03 -1.803862e+03 1.875095e+03 4.379559e+03 -1.719228e+03 4.323469e+03 -2.710832e+04 -1.653385e+03 -1.716598e+03 2.191719e+03 -2.481497e+03 -4.980367e+03 -2.710500e+04 2.047890e+03 1.106869e+03 3.277267e+03 2.057164e+03 -4.984401e+03 -1.269826e+03 -1.490423e+03
1.000000e-02 3.007073e+04 -2.183573e+03 -1.392509e+03 -3.872455e+03 2.674746e+03 -5.493040e+03 -1.735225e+03 -1.812351e+03 -1.375939e+03 3.915694e+03 -2.316577e+04 -1.499630e+03 1.691922e+03 -1.799188e+03 1.832856e+03 4.243057e+03 -1.718071e+03 4.471169e+03 -2.639479e+04 -1.616754e+03 -1.986466e+03 2.185801e+03 -2.427988e+03 -4.824460e+03 -2.639156e+04 2.008430e+03 1.106159e+03 3.391487e+03 2.007910e+03 -4.828374e+03 -1.478134e+03 -1.486463e+03
