-1.000000e-02 -1.059657e+05 -2.079167e+03 3.407489e+03 -4.718974e+04 3.747523e+03 -1.611799e+04 -4.171970e+04 4.060135e+03 3.334040e+03 4.729284e+04 8.166136e+04 -1.445725e+03 4.161701e+04 3.991372e+03 2.577021e+03 1.233255e+04 4.128244e+03 5.388044e+04 9.302503e+04 -1.450348e+03 -4.752984e+04 -4.868435e+03 -3.436569e+03 -1.410234e+04 9.302154e+04 2.021915e+03 -2.736783e+03 4.142093e+04 2.788899e+03 -1.409723e+04 -3.653053e+04 3.317000e+03
-9.797980e-03 -1.156513e+05 -2.169876e+03 3.515630e+03 -5.096088e+04 3.990665e+03 -1.748032e+04 -4.484747e+04 4.208986e+03 3.435620e+03 5.107103e+04 8.912273e+04 -1.509155e+03 4.473769e+04 4.133913e+03 2.743977e+03 1.337715e+04 4.257419e+03 5.818527e+04 1.015263e+05 -1.518147e+03 -5.109346e+04 -5.044277e+03 -3.650948e+03 -1.529552e+04 1.015224e+05 2.106012e+03 -2.821344e+03 4.473069e+04 2.978152e+03 -1.528988e+04 -3.926950e+04 3.437312e+03
-9.595960e-03 -1.266880e+05 -2.266772e+03 3.632630e+03 -5.523909e+04 4.262410e+03 -1.902916e+04 -4.837733e+04 4.371828e+03 3.545127e+03 5.535715e+04 9.762479e+04 -1.577008e+03 4.825959e+04 4.289545e+03 2.930583e+03 1.456484e+04 4.397068e+03 6.306884e+04 1.112133e+05 -1.590456e+03 -5.511522e+04 -5.236460e+03 -3.890511e+03 -1.665210e+04 1.112090e+05 2.196068e+03 -2.912568e+03 4.848548e+04 3.189714e+03 -1.664584e+04 -4.236060e+04 3.568809e+03
-9.393939e-03 -1.393417e+05 -2.370363e+03 3.759796e+03 -6.012375e+04 4.567949e+03 -2.080096e+04 -5.238566e+04 4.550943e+03 3.663680e+03 6.025074e+04 1.073724e+05 -1.649666e+03 5.225894e+04 4.460366e+03 3.140404e+03 1.592361e+04 4.548721e+03 6.864458e+04 1.223195e+05 -1.667616e+03 -5.968216e+04 -5.447623e+03 -4.159823e+03 -1.820404e+04 1.223148e+05 2.292625e+03 -3.011410e+03 5.277252e+04 3.427637e+03 -1.819707e+04 -4.587075e+04 3.713301e+03
-9.191919e-03 -1.539490e+05 -2.481176e+03 3.898742e+03 -6.574079e+04 4.913810e+03 -2.284188e+04 -5.696880e+04 4.749167e+03 3.792652e+03 6.587793e+04 1.186249e+05 -1.727541e+03 5.683185e+04 4.648979e+03 3.377926e+03 1.748887e+04 4.714260e+03 7.505619e+04 1.351404e+05 -1.749973e+03 -6.490401e+04 -5.681047e+03 -4.464625e+03 -1.999177e+04 1.351352e+05 2.396268e+03 -3.119038e+03 5.770231e+04 3.697021e+03 -1.998397e+04 -4.988429e+04 3.873035e+03
-8.989899e-03 -1.709420e+05 -2.599747e+03 4.051483e+03 -7.225197e+04 5.308328e+03 -2.521108e+04 -6.224982e+04 4.970083e+03 3.933746e+03 7.240072e+04 1.317149e+05 -1.811057e+03 6.210117e+04 4.858665e+03 3.648875e+03 1.930601e+04 4.896031e+03 8.248829e+04 1.500551e+05 -1.837859e+03 -7.092104e+04 -5.940872e+03 -4.812245e+03 -2.206712e+04 1.500492e+05 2.507621e+03 -3.236909e+03 6.341683e+04 4.004380e+03 -2.205836e+04 -5.450904e+04 4.050848e+03
-8.787879e-03 -1.908833e+05 -2.726583e+03 4.220585e+03 -7.986843e+04 5.762326e+03 -2.798561e+04 -6.838853e+04 5.218293e+03 4.089116e+03 8.003058e+04 1.470760e+05 -1.900645e+03 6.822634e+04 5.093627e+03 3.960688e+03 2.143419e+04 5.097019e+03 9.118183e+04 1.675575e+05 -1.931560e+03 -7.791530e+04 -6.232406e+03 -5.212196e+03 -2.449764e+04 1.675509e+05 2.627332e+03 -3.366867e+03 7.010137e+04 4.358170e+03 -2.448772e+04 -5.988495e+04 4.250377e+03
-8.585859e-03 -2.145196e+05 -2.862111e+03 4.409382e+03 -8.887080e+04 6.290129e+03 -3.126768e+04 -7.559608e+04 5.499824e+03 4.261542e+03 8.904857e+04 1.652832e+05 -1.996703e+03 7.541809e+04 5.359355e+03 4.323207e+03 2.395182e+04 5.321089e+03 1.014571e+05 1.883028e+05 -2.031262e+03 -8.612739e+04 -6.562594e+03 -5.677069e+03 -2.737286e+04 1.882953e+05 2.756042e+03 -3.511299e+03 7.800223e+04 4.769588e+03 -2.736157e+04 -6.619694e+04 4.476384e+03
-8.383838e-03 -2.428623e+05 -3.006572e+03 4.622312e+03 -9.964014e+04 6.911145e+03 -3.519568e+04 -8.415740e+04 5.822759e+03 4.454705e+03 9.983635e+04 1.871156e+05 -2.099541e+03 8.396075e+04 5.663195e+03 4.749763e+03 2.696513e+04 5.573382e+03 1.137488e+05 2.131788e+05 -2.136959e+03 -9.588196e+04 -6.940740e+03 -6.223917e+03 -3.081406e+04 2.131703e+05 2.894327e+03 -3.673374e+03 8.745382e+04 5.253804e+03 -3.080110e+04 -7.369458e+04 4.735244e+03
-8.181818e-03 -2.773165e+05 -3.159833e+03 4.865463e+03 -1.127072e+05 7.652389e+03 -3.996182e+04 -9.446665e+04 6.198236e+03 4.673619e+03 1.129254e+05 2.136554e+05 -2.209274e+03 9.424765e+04 6.015248e+03 5.258916e+03 3.062163e+04 5.860930e+03 1.286628e+05 2.434186e+05 -2.248270e+03 -1.076281e+05 -7.379650e+03 -6.876474e+03 -3.498968e+04 2.434087e+05 3.042578e+03 -3.857417e+03 9.892192e+04 5.831939e+03 -3.497466e+04 -8.272306e+04 5.035734e+03
-7.979798e-03 -3.198938e+05 -3.321031e+03 5.147494e+03 -1.288343e+05 8.552735e+03 -4.584127e+04 -1.070857e+05 6.642138e+03 4.925376e+03 1.290793e+05 2.464521e+05 -2.325607e+03 1.068395e+05 6.429877e+03 5.877367e+03 3.513249e+04 6.193712e+03 1.470690e+05 2.807878e+05 -2.364130e+03 -1.220060e+05 -7.897560e+03 -7.668889e+03 -4.014085e+04 2.807763e+05 3.200772e+03 -4.069564e+03 1.130756e+05 6.534389e+03 -4.012324e+04 -9.377450e+04 5.390357e+03
-7.777778e-03 -3.735857e+05 -3.487890e+03 5.481274e+03 -1.491591e+05 9.670472e+03 -5.324323e+04 -1.228462e+05 7.178081e+03 5.220464e+03 1.494375e+05 2.878099e+05 -2.447427e+03 1.225661e+05 6.928386e+03 6.645154e+03 4.081176e+04 6.586533e+03 1.702657e+05 3.279119e+05 -2.482163e+03 -1.399633e+05 -8.521555e+03 -8.652358e+03 -4.662614e+04 3.278982e+05 3.368017e+03 -4.318913e+03 1.309133e+05 7.406732e+03 -4.660521e+04 -1.075772e+05 5.817675e+03
-7.575758e-03 -4.430614e+05 -3.655290e+03 5.887070e+03 -1.754656e+05 1.109773e+04 -6.280649e+04 -1.430397e+05 7.843107e+03 5.575328e+03 1.757864e+05 3.413253e+05 -2.571931e+03 1.427164e+05 7.544115e+03 7.625546e+03 4.814969e+04 7.062654e+03 2.002885e+05 3.888889e+05 -2.597422e+03 -1.629715e+05 -9.294073e+03 -9.907784e+03 -5.500533e+04 3.888724e+05 3.541579e+03 -4.619766e+03 1.540007e+05 8.521015e+03 -5.498003e+04 -1.252624e+05 6.346778e+03
-7.373737e-03 -5.360988e+05 -3.812089e+03 6.399287e+03 -2.107404e+05 1.299067e+04 -7.559548e+04 -1.698054e+05 8.699618e+03 6.017806e+03 2.111172e+05 4.129890e+05 -2.692680e+03 1.694250e+05 8.333098e+03 8.925770e+03 5.796317e+04 7.661483e+03 2.405457e+05 4.705450e+05 -2.699572e+03 -1.934680e+05 -1.028653e+04 -1.157228e+04 -6.621120e+04 4.705247e+05 3.714680e+03 -4.996395e+03 1.849587e+05 9.999354e+03 -6.617988e+04 -1.487036e+05 7.026611e+03
-7.171717e-03 -6.669012e+05 -3.933135e+03 7.082754e+03 -2.604713e+05 1.564122e+04 -9.355515e+04 -2.070255e+05 9.863726e+03 6.600284e+03 2.609257e+05 5.137415e+05 -2.794661e+03 2.065657e+05 9.399382e+03 1.074624e+04 7.174487e+04 8.457150e+03 2.972996e+05 5.853461e+05 -2.765857e+03 -2.358762e+05 -1.163167e+04 -1.390213e+04 -8.194816e+04 5.853202e+05 3.870905e+03 -5.494575e+03 2.286037e+05 1.207002e+04 -8.190809e+04 -1.813006e+05 7.948156e+03
-6.969697e-03 -8.653431e+05 -3.955358e+03 8.080188e+03 -3.362852e+05 1.968227e+04 -1.207800e+05 -2.628076e+05 1.158653e+04 7.438136e+03 3.368564e+05 6.665936e+05 -2.839434e+03 2.622282e+05 1.096756e+04 1.352135e+04 9.263700e+04 9.612599e+03 3.838182e+05 7.595122e+05 -2.740098e+03 -2.994336e+05 -1.361637e+04 -1.745290e+04 -1.058043e+05 7.594774e+05 3.967296e+03 -6.215307e+03 2.951396e+05 1.522787e+04 -1.057504e+05 -2.301535e+05 9.307974e+03
-6.767677e-03 -1.212002e+06 -3.681056e+03 9.800876e+03 -4.698144e+05 2.688729e+04 -1.683276e+05 -3.588423e+05 1.457162e+04 8.863039e+03 4.705881e+05 9.336109e+05 -2.704726e+03 3.580549e+05 1.366602e+04 1.846801e+04 1.291251e+05 1.159459e+04 5.361981e+05 1.063763e+06 -2.447871e+03 -4.088542e+05 -1.704397e+04 -2.378123e+04 -1.474695e+05 1.063712e+06 3.865503e+03 -7.449362e+03 4.123276e+05 2.085931e+04 -1.473899e+05 -3.142574e+05 1.165641e+04
-6.565657e-03 -2.103108e+06 -1.997978e+03 1.442642e+04 -8.182371e+05 4.640620e+04 -2.906687e+05 -6.007957e+05 2.246194e+04 1.265096e+04 8.195329e+05 1.619997e+06 -1.695279e+03 5.994708e+05 2.074470e+04 3.186285e+04 2.230083e+05 1.688936e+04 9.338016e+05 1.845863e+06 -9.129392e+02 -6.845308e+05 -2.607209e+04 -4.091798e+04 -2.546775e+05 1.845765e+06 2.773691e+03 -1.075503e+04 7.181103e+05 3.611556e+04 -2.545252e+05 -5.261411e+05 1.784101e+04
-6.363636e-03 -3.270997e+05 -9.296307e+03 2.108868e+03 -8.926522e+04 -1.060477e+03 -4.505752e+04 -1.425674e+05 3.386794e+03 2.525175e+03 8.946866e+04 2.519635e+05 -6.365570e+03 1.423714e+05 3.790692e+03 -6.702650e+02 3.456278e+04 2.883654e+03 1.019390e+05 2.870742e+05 -7.238243e+03 -1.624486e+05 -4.332437e+03 7.364774e+02 -3.944506e+04 2.870938e+05 8.173581e+03 -1.845888e+03 7.834562e+04 -9.577420e+02 -3.948179e+04 -1.249478e+05 2.962588e+03
-6.161616e-03 5.258426e+05 -1.239818e+04 -2.172869e+03 2.512880e+05 -2.066941e+04 7.193557e+04 8.071915e+04 -4.003175e+03 -8.791807e+02 -2.515777e+05 -4.050243e+05 -8.346740e+03 -8.040311e+04 -2.747658e+03 -1.412007e+04 -5.521878e+04 -1.961572e+03 -2.866668e+05 -4.615312e+05 -9.873004e+03 9.195767e+04 4.067549e+03 1.793873e+04 6.308165e+04 -4.614617e+05 1.051797e+04 1.167664e+03 -2.205291e+05 -1.629009e+04 6.296788e+04 7.057631e+04 -2.792414e+03
-5.959596e-03 1.900503e+06 -1.561384e+04 -6.500546e+03 7.768247e+05 -4.585341e+04 2.590235e+05 4.548790e+05 -1.312410e+04 -4.141680e+03 -7.778597e+05 -1.463832e+06 -1.034559e+04 -4.537904e+05 -1.083234e+04 -3.141997e+04 -1.988217e+05 -6.852713e+03 -8.863453e+05 -1.668002e+06 -1.259003e+04 5.182768e+05 1.443603e+04 4.003165e+04 2.270389e+05 -1.667874e+06 1.290001e+04 4.061687e+03 -6.817438e+05 -3.601149e+04 2.268299e+05 3.982804e+05 -9.907669e+03
-5.757576e-03 1.845076e+07 -3.588737e+04 -4.579492e+04 6.920750e+06 -3.058328e+05 2.504478e+06 5.104478e+06 -1.090066e+05 -3.294575e+04 -6.930493e+06 -1.421108e+07 -2.196077e+04 -5.094410e+06 -9.650843e+04 -2.102474e+05 -1.922525e+06 -5.157699e+04 -7.897052e+06 -1.619304e+07 -3.023190e+04 5.816165e+06 1.237974e+05 2.681856e+05 2.194873e+06 -1.619246e+07 2.627912e+04 2.937872e+04 -6.073685e+06 -2.397851e+05 2.193712e+06 4.471039e+06 -8.502805e+04
-5.555556e-03 -2.651692e+06 -1.361601e+04 3.963344e+03 -8.889426e+05 2.144696e+04 -3.585199e+05 -8.487265e+05 1.291463e+04 3.681517e+03 8.903176e+05 2.042369e+06 -9.583960e+03 8.473433e+05 1.264072e+04 1.490602e+04 2.752289e+05 5.181120e+03 1.014480e+06 2.327183e+06 -1.055428e+04 -9.670799e+05 -1.538630e+04 -1.906240e+04 -3.141386e+05 2.327162e+06 1.231627e+04 -2.718700e+03 7.801452e+05 1.674477e+04 -3.141141e+05 -7.436439e+05 1.057876e+04
-5.353535e-03 1.498334e+06 -1.813771e+04 -7.306742e+02 6.154787e+05 -3.202548e+04 2.016629e+05 3.367396e+05 -5.557052e+03 1.088381e+03 -6.161938e+05 -1.154003e+06 -1.214878e+04 -3.359696e+05 -3.783038e+03 -2.194296e+04 -1.548493e+05 -8.427747e+01 -7.021496e+05 -1.314996e+06 -1.430270e+04 3.836802e+05 5.609314e+03 2.784434e+04 1.767949e+05 -1.314895e+06 1.545746e+04 -3.788612e+02 -5.401328e+05 -2.526435e+04 1.766295e+05 2.948657e+05 -3.877419e+03
-5.151515e-03 -7.902289e+06 -2.298613e+04 -4.094448e+03 -2.603961e+06 4.232725e+04 -1.059798e+06 -2.499456e+06 2.115332e+04 -4.771141e+03 2.607722e+06 6.086225e+06 -1.650879e+04 2.495671e+06 2.049329e+04 2.965462e+04 8.137996e+05 -3.796515e+03 2.971435e+06 6.935092e+06 -1.824163e+04 -2.848045e+06 -2.498742e+04 -3.744173e+04 -9.287194e+05 6.935036e+06 2.074304e+04 4.856437e+03 2.285228e+06 3.349565e+04 -9.286596e+05 -2.190212e+06 1.730672e+04
-4.949495e-03 8.474485e+06 -2.166507e+04 1.197783e+04 2.965133e+06 -6.729860e+04 1.132075e+06 2.454951e+06 -1.425967e+04 1.505621e+04 -2.968928e+06 -6.526769e+06 -1.382645e+04 -2.451045e+06 -1.125074e+04 -4.664214e+04 -8.694268e+05 1.472395e+04 -3.383072e+06 -7.437218e+06 -1.655902e+04 2.797337e+06 1.521721e+04 5.870708e+04 9.922393e+05 -7.437055e+06 1.820792e+04 -1.238496e+04 -2.602151e+06 -5.350109e+04 9.919539e+05 2.151044e+06 -1.066946e+04
-4.747475e-03 -5.148363e+06 -4.972736e+04 -1.320837e+04 -1.412489e+06 -3.254668e+04 -6.853213e+05 -1.899251e+06 2.478393e+03 -1.043152e+04 1.414788e+06 3.965078e+06 -3.431738e+04 1.897059e+06 5.195718e+03 -2.160728e+04 5.263620e+05 -1.332819e+04 1.612103e+06 4.518079e+06 -3.956437e+04 -2.164201e+06 -4.516533e+03 2.801174e+04 -6.004758e+05 4.518217e+06 4.317929e+04 1.048122e+04 1.239606e+06 -2.517135e+04 -6.007363e+05 -1.664814e+06 3.256417e+03
-4.545455e-03 3.998935e+06 -3.812343e+04 1.232738e+04 1.494355e+06 -3.730430e+04 5.303160e+05 1.043337e+06 5.892003e+02 1.480586e+04 -1.495952e+06 -3.079763e+06 -2.553619e+04 -1.041635e+06 3.017316e+03 -2.573738e+04 -4.073763e+05 1.568205e+04 -1.704660e+06 -3.509450e+06 -2.946538e+04 1.188850e+06 -2.276906e+03 3.223342e+04 4.649152e+05 -3.509316e+06 3.308885e+04 -1.173412e+04 -1.311395e+06 -2.983113e+04 4.646820e+05 9.141406e+05 1.411782e+03
-4.343434e-03 1.971170e+06 -3.307149e+04 7.640934e+03 8.008653e+05 -2.596904e+04 2.604805e+05 4.404319e+05 2.030847e+03 9.526720e+03 -8.015906e+05 -1.518062e+06 -2.230568e+04 -4.396201e+05 3.880439e+03 -1.783019e+04 -2.001227e+05 1.003432e+04 -9.134388e+05 -1.729897e+06 -2.566160e+04 5.018514e+05 -3.621477e+03 2.239731e+04 2.284044e+05 -1.729790e+06 2.877812e+04 -7.338109e+03 -7.028012e+05 -2.070954e+04 2.282261e+05 3.858165e+05 2.398947e+03
-4.141414e-03 -2.785865e+05 -1.813857e+04 -1.399878e+03 1.446201e+04 -1.789744e+04 -3.675269e+04 -2.106822e+05 -5.671220e+02 -2.819163e+02 -1.433052e+04 2.145468e+05 -1.235349e+04 2.106061e+05 5.307137e+02 -1.214481e+04 2.822854e+04 -9.660727e+02 -1.634107e+04 2.444465e+05 -1.426148e+04 -2.400911e+05 2.772527e+01 1.553236e+04 -3.215700e+04 2.445110e+05 1.573301e+04 7.318778e+02 -1.268255e+04 -1.401282e+04 -3.226350e+04 -1.848092e+05 -1.072664e+01
-3.939394e-03 -3.493245e+06 2.168240e+04 -1.909054e+04 -1.170238e+06 -8.294423e+03 -4.587783e+05 -1.088247e+06 -9.506481e+03 -1.948305e+04 1.171434e+06 2.690179e+06 1.446789e+04 1.087028e+06 -9.891818e+03 -5.365581e+03 3.525229e+05 -2.273314e+04 1.334889e+06 3.065541e+06 1.634065e+04 -1.240083e+06 1.180855e+04 7.561281e+03 -4.021752e+05 3.065512e+06 -1.917363e+04 1.634359e+04 1.026944e+06 -5.832143e+03 -4.021385e+05 -9.539324e+05 -7.930841e+03
-3.737374e-03 2.130052e+06 -4.766271e+04 1.320213e+04 8.907366e+05 -1.870028e+04 2.788179e+05 4.632156e+05 7.576993e+03 1.511472e+04 -8.913670e+05 -1.640349e+06 -3.224750e+04 -4.624732e+05 9.458639e+03 -1.287172e+04 -2.142797e+05 1.677430e+04 -1.015766e+06 -1.869288e+06 -3.686658e+04 5.278264e+05 -1.034953e+04 1.595977e+04 2.445198e+05 -1.869176e+06 4.170678e+04 -1.193170e+04 -7.816497e+05 -1.511789e+04 2.443354e+05 4.058619e+05 6.980624e+03
-3.535354e-03 -3.367025e+06 4.975274e+04 -2.295597e+04 -1.250683e+06 -4.054641e+03 -4.395835e+05 -9.542566e+05 -1.417257e+04 -2.421058e+04 1.251651e+06 2.592904e+06 3.359740e+04 9.532059e+05 -1.540752e+04 -2.526376e+03 3.378453e+05 -2.797652e+04 1.426333e+06 2.954762e+06 3.818821e+04 -1.087404e+06 1.796008e+04 4.032295e+03 -3.854322e+05 2.954679e+06 -4.375776e+04 1.984649e+04 1.097513e+06 -2.405332e+03 -3.853116e+05 -8.364903e+05 -1.212923e+04
-3.333333e-03 -8.109914e+05 5.739691e+03 -5.958309e+03 -2.635618e+05 -9.111289e+03 -1.056227e+05 -2.877598e+05 -3.862283e+03 -5.863215e+03 2.637907e+05 6.245292e+05 3.851958e+03 2.875367e+05 -3.768223e+03 -6.144104e+03 8.117887e+04 -7.018270e+03 3.006046e+05 7.116773e+05 4.307547e+03 -3.279201e+05 4.631005e+03 8.063420e+03 -9.259321e+04 7.116819e+05 -5.118864e+03 4.969255e+03 2.312845e+05 -6.933687e+03 -9.260276e+04 -2.523224e+05 -3.130466e+03
-3.131313e-03 -6.161559e+05 4.950632e+03 -4.863416e+03 -2.013616e+05 -8.649701e+03 -8.004734e+04 -2.281184e+05 -3.300248e+03 -4.764442e+03 2.015224e+05 4.744849e+05 3.330874e+03 2.279643e+05 -3.202293e+03 -5.845745e+03 6.152666e+04 -5.724625e+03 2.296482e+05 5.406976e+05 3.726831e+03 -2.599576e+05 3.944543e+03 7.645763e+03 -7.017399e+04 5.407028e+05 -4.413325e+03 4.040433e+03 1.767003e+05 -6.606262e+03 -7.018394e+04 -2.000439e+05 -2.669171e+03
-2.929293e-03 -1.611912e+06 4.171760e+04 -1.389012e+04 -6.802686e+05 -5.199611e+03 -2.088219e+05 -4.315613e+05 -9.957533e+03 -1.475659e+04 6.806010e+05 1.241270e+06 2.827935e+04 4.311562e+05 -1.081261e+04 -3.447873e+03 1.605351e+05 -1.707651e+04 7.756074e+05 1.414530e+06 3.216880e+04 -4.917864e+05 1.259270e+04 4.846921e+03 -1.831363e+05 1.414475e+06 -3.666567e+04 1.198846e+04 5.969406e+05 -3.645283e+03 -1.830514e+05 -3.783563e+05 -8.530751e+03
-2.727273e-03 4.228505e+06 -1.743921e+05 3.936204e+04 2.134589e+06 -2.025768e+04 5.463878e+05 7.772149e+05 2.939334e+04 4.375475e+04 -2.135249e+06 -3.256173e+06 -1.183682e+05 -7.761620e+05 3.373337e+04 -1.399084e+04 -4.201088e+05 4.963344e+04 -2.433338e+06 -3.710757e+06 -1.349420e+05 8.856496e+05 -3.826002e+04 1.682323e+04 4.793234e+05 -3.710494e+06 1.529795e+05 -3.471694e+04 -1.873097e+06 -1.689578e+04 4.788877e+05 6.811322e+05 2.593716e+04
-2.525253e-03 -1.581865e+06 6.056205e+04 -1.534272e+04 -7.733317e+05 -4.170486e+03 -2.040109e+05 -3.767161e+05 -1.165154e+04 -1.652979e+04 7.735530e+05 1.218106e+06 4.110998e+04 3.763759e+05 -1.282495e+04 -2.763382e+03 1.568649e+05 -1.904053e+04 8.815505e+05 1.388159e+06 4.680771e+04 -4.292900e+05 1.483239e+04 3.970033e+03 -1.789505e+05 1.388083e+06 -5.318444e+04 1.330681e+04 6.785920e+05 -2.839072e+03 -1.788328e+05 -3.302826e+05 -1.005870e+04
-2.323232e-03 -2.662481e+06 1.282967e+05 -2.724770e+04 -1.451470e+06 -1.033665e+03 -3.426611e+05 -5.418019e+05 -2.118318e+04 -2.974881e+04 1.451732e+06 2.050209e+06 8.713170e+04 5.412656e+05 -2.365756e+04 -5.909354e+02 2.635001e+05 -3.408166e+04 1.654425e+06 2.336453e+06 9.926178e+04 -6.174115e+05 2.716777e+04 1.454657e+03 -3.006100e+05 2.336295e+06 -1.126137e+05 2.377139e+04 1.273642e+06 -1.264228e+02 -3.003605e+05 -4.749812e+05 -1.843125e+04
-2.121212e-03 -9.929184e+05 4.996991e+04 -1.052512e+04 -5.574565e+05 -5.064743e+03 -1.275718e+05 -2.335540e+05 -8.290374e+03 -1.133735e+04 5.575292e+05 7.645790e+05 3.394401e+04 2.333821e+05 -9.094284e+03 -3.407110e+03 9.810417e+04 -1.307826e+04 6.353755e+05 8.713262e+05 3.865350e+04 -2.661524e+05 1.053160e+04 4.636381e+03 -1.119128e+05 8.712749e+05 -4.387764e+04 9.113988e+03 4.891569e+05 -3.690876e+03 -1.118315e+05 -2.047976e+05 -7.146772e+03
-1.919192e-03 -6.665972e+05 3.700470e+04 -7.305639e+03 -3.983376e+05 -5.634870e+03 -8.550888e+04 -1.699384e+05 -5.825466e+03 -7.823285e+03 3.983650e+05 5.132977e+05 2.514292e+04 1.698402e+05 -6.338048e+03 -3.810062e+03 6.576047e+04 -9.054118e+03 4.539903e+05 5.849633e+05 2.862826e+04 -1.936602e+05 7.367838e+03 5.069622e+03 -7.501354e+04 5.849305e+05 -3.249617e+04 6.303919e+03 3.495312e+05 -4.217046e+03 -7.496156e+04 -1.490364e+05 -5.001004e+03
-1.717172e-03 -4.923298e+05 3.073955e+04 -5.557260e+03 -3.188002e+05 -5.843965e+03 -6.306301e+04 -1.359555e+05 -4.477918e+03 -5.927680e+03 3.188025e+05 3.791047e+05 2.089061e+04 1.358958e+05 -4.844871e+03 -3.960244e+03 4.850071e+04 -6.875928e+03 3.633203e+05 4.320356e+05 2.378619e+04 -1.549353e+05 5.646598e+03 5.218523e+03 -5.532344e+04 4.320120e+05 -2.699464e+04 4.783541e+03 2.797375e+05 -4.422728e+03 -5.528613e+04 -1.192485e+05 -3.833450e+03
-1.515152e-03 -3.775953e+05 2.695770e+04 -4.372972e+03 -2.698557e+05 -5.928547e+03 -4.830403e+04 -1.141865e+05 -3.554773e+03 -4.650994e+03 2.698419e+05 2.907550e+05 1.832397e+04 1.141510e+05 -3.830299e+03 -4.022780e+03 3.715136e+04 -5.404316e+03 3.075244e+05 3.313512e+05 2.086452e+04 -1.301287e+05 4.472623e+03 5.270939e+03 -4.237644e+04 3.313335e+05 -2.367279e+04 3.757185e+03 2.367890e+05 -4.515769e+03 -4.234836e+04 -1.001664e+05 -3.036945e+03
-1.313131e-03 -2.938892e+05 2.443677e+04 -3.479278e+03 -2.368662e+05 -5.958527e+03 -3.755322e+04 -9.912175e+04 -2.849060e+03 -3.692322e+03 2.368413e+05 2.262987e+05 1.661313e+04 9.910265e+04 -3.060264e+03 -4.046573e+03 2.888381e+04 -4.296132e+03 2.699167e+05 2.578958e+05 1.891759e+04 -1.129618e+05 3.578636e+03 5.282249e+03 -3.294539e+04 2.578822e+05 -2.145791e+04 2.985040e+03 2.078409e+05 -4.557862e+03 -3.292383e+04 -8.696082e+04 -2.430255e+03
-1.111111e-03 -2.286698e+05 2.266975e+04 -2.757768e+03 -2.135995e+05 -5.962806e+03 -2.919098e+04 -8.830381e+04 -2.271834e+03 -2.921635e+03 2.135666e+05 1.760781e+05 1.541395e+04 8.829631e+04 -2.434334e+03 -4.051885e+03 2.245277e+04 -3.403002e+03 2.433927e+05 2.006636e+05 1.755328e+04 -1.006342e+05 2.849865e+03 5.275240e+03 -2.560955e+04 2.006531e+05 -1.990507e+04 2.363352e+03 1.874244e+05 -4.574663e+03 -2.559294e+04 -7.747779e+04 -1.935564e+03
-9.090909e-04 -1.752835e+05 2.140438e+04 -2.146299e+03 -1.968849e+05 -5.955468e+03 -2.235770e+04 -8.043427e+04 -1.776651e+03 -2.270839e+03 1.968464e+05 1.349697e+05 1.455520e+04 8.043507e+04 -1.900182e+03 -4.048614e+03 1.719729e+04 -2.647156e+03 2.243382e+05 1.538155e+05 1.657649e+04 -9.166652e+04 2.226447e+03 5.260957e+03 -1.961488e+04 1.538075e+05 -1.879287e+04 1.837719e+03 1.727575e+05 -4.578769e+03 -1.960223e+04 -7.057924e+04 -1.512289e+03
-7.070707e-04 -1.297404e+05 2.050101e+04 -1.607823e+03 -1.849352e+05 -5.944059e+03 -1.653780e+04 -7.475864e+04 -1.335904e+03 -1.699428e+03 1.848926e+05 9.990082e+04 1.394212e+04 7.476536e+04 -1.426784e+03 -4.042079e+03 1.272096e+04 -1.982291e+03 2.107156e+05 1.138501e+05 1.587926e+04 -8.519886e+04 1.672847e+03 5.245271e+03 -1.450910e+04 1.138442e+05 -1.799872e+04 1.375742e+03 1.622717e+05 -4.576988e+03 -1.449978e+04 -6.560384e+04 -1.136342e+03
-5.050505e-04 -8.941138e+04 1.987753e+04 -1.117965e+03 -1.766842e+05 -5.932841e+03 -1.139154e+04 -7.081621e+04 -9.314422e+02 -1.180818e+03 1.766388e+05 6.884711e+04 1.351899e+04 7.082699e+04 -9.938068e+02 -4.035291e+03 8.762576e+03 -1.377982e+03 2.013095e+05 7.846039e+04 1.539812e+04 -8.070625e+04 1.165738e+03 5.231473e+03 -9.994209e+03 7.845635e+04 -1.745056e+04 9.561310e+02 1.550315e+05 -4.573200e+03 -9.987810e+03 -6.214777e+04 -7.919104e+02
-3.030303e-04 -5.241209e+04 1.948483e+04 -6.592201e+02 -1.714874e+05 -5.924263e+03 -6.675432e+03 -6.832339e+04 -5.502236e+02 -6.959605e+02 1.714403e+05 4.035746e+04 1.325248e+04 6.833673e+04 -5.866821e+02 -4.029984e+03 5.134915e+03 -8.124053e+02 1.953852e+05 4.599269e+04 1.509509e+04 -7.786555e+04 6.883852e+02 5.221438e+03 -5.856624e+03 4.599033e+04 -1.710527e+04 5.636165e+02 1.504713e+05 -4.569656e+03 -5.852881e+03 -5.996247e+04 -4.676505e+02
-1.010101e-04 -1.727138e+04 1.929488e+04 -2.178726e+02 -1.689740e+05 -5.919673e+03 -2.199399e+03 -6.711511e+04 -1.820111e+02 -2.299631e+02 1.689260e+05 1.329900e+04 1.312356e+04 6.712968e+04 -1.940095e+02 -4.027117e+03 1.691844e+03 -2.684782e+02 1.925199e+05 1.515599e+04 1.494853e+04 -7.648865e+04 2.276750e+02 5.216193e+03 -1.929625e+03 1.515521e+04 -1.693825e+04 1.862468e+02 1.482658e+05 -4.567604e+03 -1.928393e+03 -5.890324e+04 -1.546723e+02
1.010101e-04 1.727138e+04 1.929488e+04 2.178726e+02 -1.689740e+05 -5.919673e+03 2.199399e+03 -6.711511e+04 1.820111e+02 2.299631e+02 1.689260e+05 -1.329900e+04 1.312356e+04 6.712968e+04 1.940095e+02 -4.027117e+03 -1.691844e+03 2.684782e+02 1.925199e+05 -1.515599e+04 1.494853e+04 -7.648865e+04 -2.276750e+02 5.216193e+03 1.929625e+03 -1.515521e+04 -1.693825e+04 -1.862468e+02 1.482658e+05 -4.567604e+03 1.928393e+03 -5.890324e+04 1.546723e+02
3.030303e-04 5.241209e+04 1.948483e+04 6.592201e+02 -1.714874e+05 -5.924263e+03 6.675432e+03 -6.832339e+04 5.502236e+02 6.959605e+02 1.714403e+05 -4.035746e+04 1.325248e+04 6.833673e+04 5.866821e+02 -4.029984e+03 -5.134915e+03 8.124053e+02 1.953852e+05 -4.599269e+04 1.509509e+04 -7.786555e+04 -6.883852e+02 5.221438e+03 5.856624e+03 -4.599033e+04 -1.710527e+04 -5.636165e+02 1.504713e+05 -4.569656e+03 5.852881e+03 -5.996247e+04 4.676505e+02
5.050505e-04 8.941138e+04 1.987753e+04 1.117965e+03 -1.766842e+05 -5.932841e+03 1.139154e+04 -7.081621e+04 9.314422e+02 1.180818e+03 1.766388e+05 -6.884711e+04 1.351899e+04 7.082699e+04 9.938068e+02 -4.035291e+03 -8.762576e+03 1.377982e+03 2.013095e+05 -7.846039e+04 1.539812e+04 -8.070625e+04 -1.165738e+03 5.231473e+03 9.994209e+03 -7.845635e+04 -1.745056e+04 -9.561310e+02 1.550315e+05 -4.573200e+03 9.987810e+03 -6.214777e+04 7.919104e+02
7.070707e-04 1.297404e+05 2.050101e+04 1.607823e+03 -1.849352e+05 -5.944059e+03 1.653780e+04 -7.475864e+04 1.335904e+03 1.699428e+03 1.848926e+05 -9.990082e+04 1.394212e+04 7.476536e+04 1.426784e+03 -4.042079e+03 -1.272096e+04 1.982291e+03 2.107156e+05 -1.138501e+05 1.587926e+04 -8.519886e+04 -1.672847e+03 5.245271e+03 1.450910e+04 -1.138442e+05 -1.799872e+04 -1.375742e+03 1.622717e+05 -4.576988e+03 1.449978e+04 -6.560384e+04 1.136342e+03
9.090909e-04 1.752835e+05 2.140438e+04 2.146299e+03 -1.968849e+05 -5.955468e+03 2.235770e+04 -8.043427e+04 1.776651e+03 2.270839e+03 1.968464e+05 -1.349697e+05 1.455520e+04 8.043507e+04 1.900182e+03 -4.048614e+03 -1.719729e+04 2.647156e+03 2.243382e+05 -1.538155e+05 1.657649e+04 -9.166652e+04 -2.226447e+03 5.260957e+03 1.961488e+04 -1.538075e+05 -1.879287e+04 -1.837719e+03 1.727575e+05 -4.578769e+03 1.960223e+04 -7.057924e+04 1.512289e+03
1.111111e-03 2.286698e+05 2.266975e+04 2.757768e+03 -2.135995e+05 -5.962806e+03 2.919098e+04 -8.830381e+04 2.271834e+03 2.921635e+03 2.135666e+05 -1.760781e+05 1.541395e+04 8.829631e+04 2.434334e+03 -4.051885e+03 -2.245277e+04 3.403002e+03 2.433927e+05 -2.006636e+05 1.755328e+04 -1.006342e+05 -2.849865e+03 5.275240e+03 2.560955e+04 -2.006531e+05 -1.990507e+04 -2.363352e+03 1.874244e+05 -4.574663e+03 2.559294e+04 -7.747779e+04 1.935564e+03
1.313131e-03 2.938892e+05 2.443677e+04 3.479278e+03 -2.368662e+05 -5.958527e+03 3.755322e+04 -9.912175e+04 2.849060e+03 3.692322e+03 2.368413e+05 -2.262987e+05 1.661313e+04 9.910265e+04 3.060264e+03 -4.046573e+03 -2.888381e+04 4.296132e+03 2.699167e+05 -2.578958e+05 1.891759e+04 -1.129618e+05 -3.578636e+03 5.282249e+03 3.294539e+04 -2.578822e+05 -2.145791e+04 -2.985040e+03 2.078409e+05 -4.557862e+03 3.292383e+04 -8.696082e+04 2.430255e+03
1.515152e-03 3.775953e+05 2.695770e+04 4.372972e+03 -2.698557e+05 -5.928547e+03 4.830403e+04 -1.141865e+05 3.554773e+03 4.650994e+03 2.698419e+05 -2.907550e+05 1.832397e+04 1.141510e+05 3.830299e+03 -4.022780e+03 -3.715136e+04 5.404316e+03 3.075244e+05 -3.313512e+05 2.086452e+04 -1.301287e+05 -4.472623e+03 5.270939e+03 4.237644e+04 -3.313335e+05 -2.367279e+04 -3.757185e+03 2.367890e+05 -4.515769e+03 4.234836e+04 -1.001664e+05 3.036945e+03
1.717172e-03 4.923298e+05 3.073955e+04 5.557260e+03 -3.188002e+05 -5.843965e+03 6.306301e+04 -1.359555e+05 4.477918e+03 5.927680e+03 3.188025e+05 -3.791047e+05 2.089061e+04 1.358958e+05 4.844871e+03 -3.960244e+03 -4.850071e+04 6.875928e+03 3.633203e+05 -4.320356e+05 2.378619e+04 -1.549353e+05 -5.646598e+03 5.218523e+03 5.532344e+04 -4.320120e+05 -2.699464e+04 -4.783541e+03 2.797375e+05 -4.422728e+03 5.528613e+04 -1.192485e+05 3.833450e+03
1.919192e-03 6.665972e+05 3.700470e+04 7.305639e+03 -3.983376e+05 -5.634870e+03 8.550888e+04 -1.699384e+05 5.825466e+03 7.823285e+03 3.983650e+05 -5.132977e+05 2.514292e+04 1.698402e+05 6.338048e+03 -3.810062e+03 -6.576047e+04 9.054118e+03 4.539903e+05 -5.849633e+05 2.862826e+04 -1.936602e+05 -7.367838e+03 5.069622e+03 7.501354e+04 -5.849305e+05 -3.249617e+04 -6.303919e+03 3.495312e+05 -4.217046e+03 7.496156e+04 -1.490364e+05 5.001004e+03
2.121212e-03 9.929184e+05 4.996991e+04 1.052512e+04 -5.574565e+05 -5.064743e+03 1.275718e+05 -2.335540e+05 8.290374e+03 1.133735e+04 5.575292e+05 -7.645790e+05 3.394401e+04 2.333821e+05 9.094284e+03 -3.407110e+03 -9.810417e+04 1.307826e+04 6.353755e+05 -8.713262e+05 3.865350e+04 -2.661524e+05 -1.053160e+04 4.636381e+03 1.119128e+05 -8.712749e+05 -4.387764e+04 -9.113988e+03 4.891569e+05 -3.690876e+03 1.118315e+05 -2.047976e+05 7.146772e+03
2.323232e-03 2.662481e+06 1.282967e+05 2.724770e+04 -1.451470e+06 -1.033665e+03 3.426611e+05 -5.418019e+05 2.118318e+04 2.974881e+04 1.451732e+06 -2.050209e+06 8.713170e+04 5.412656e+05 2.365756e+04 -5.909354e+02 -2.635001e+05 3.408166e+04 1.654425e+06 -2.336453e+06 9.926178e+04 -6.174115e+05 -2.716777e+04 1.454657e+03 3.006100e+05 -2.336295e+06 -1.126137e+05 -2.377139e+04 1.273642e+06 -1.264228e+02 3.003605e+05 -4.749812e+05 1.843125e+04
2.525253e-03 1.581865e+06 6.056205e+04 1.534272e+04 -7.733317e+05 -4.170486e+03 2.040109e+05 -3.767161e+05 1.165154e+04 1.652979e+04 7.735530e+05 -1.218106e+06 4.110998e+04 3.763759e+05 1.282495e+04 -2.763382e+03 -1.568649e+05 1.904053e+04 8.815505e+05 -1.388159e+06 4.680771e+04 -4.292900e+05 -1.483239e+04 3.970033e+03 1.789505e+05 -1.388083e+06 -5.318444e+04 -1.330681e+04 6.785920e+05 -2.839072e+03 1.788328e+05 -3.302826e+05 1.005870e+04
2.727273e-03 -4.228505e+06 -1.743921e+05 -3.936204e+04 2.134589e+06 -2.025768e+04 -5.463878e+05 7.772149e+05 -2.939334e+04 -4.375475e+04 -2.135249e+06 3.256173e+06 -1.183682e+05 -7.761620e+05 -3.373337e+04 -1.399084e+04 4.201088e+05 -4.963344e+04 -2.433338e+06 3.710757e+06 -1.349420e+05 8.856496e+05 3.826002e+04 1.682323e+04 -4.793234e+05 3.710494e+06 1.529795e+05 3.471694e+04 -1.873097e+06 -1.689578e+04 -4.788877e+05 6.811322e+05 -2.593716e+04
2.929293e-03 1.611912e+06 4.171760e+04 1.389012e+04 -6.802686e+05 -5.199611e+03 2.088219e+05 -4.315613e+05 9.957533e+03 1.475659e+04 6.806010e+05 -1.241270e+06 2.827935e+04 4.311562e+05 1.081261e+04 -3.447873e+03 -1.605351e+05 1.707651e+04 7.756074e+05 -1.414530e+06 3.216880e+04 -4.917864e+05 -1.259270e+04 4.846921e+03 1.831363e+05 -1.414475e+06 -3.666567e+04 -1.198846e+04 5.969406e+05 -3.645283e+03 1.830514e+05 -3.783563e+05 8.530751e+03
3.131313e-03 6.161559e+05 4.950632e+03 4.863416e+03 -2.013616e+05 -8.649701e+03 8.004734e+04 -2.281184e+05 3.300248e+03 4.764442e+03 2.015224e+05 -4.744849e+05 3.330874e+03 2.279643e+05 3.202293e+03 -5.845745e+03 -6.152666e+04 5.724625e+03 2.296482e+05 -5.406976e+05 3.726831e+03 -2.599576e+05 -3.944543e+03 7.645763e+03 7.017399e+04 -5.407028e+05 -4.413325e+03 -4.040433e+03 1.767003e+05 -6.606262e+03 7.018394e+04 -2.000439e+05 2.669171e+03
3.333333e-03 8.109914e+05 5.739691e+03 5.958309e+03 -2.635618e+05 -9.111289e+03 1.056227e+05 -2.877598e+05 3.862283e+03 5.863215e+03 2.637907e+05 -6.245292e+05 3.851958e+03 2.875367e+05 3.768223e+03 -6.144104e+03 -8.117887e+04 7.018270e+03 3.006046e+05 -7.116773e+05 4.307547e+03 -3.279201e+05 -4.631005e+03 8.063420e+03 9.259321e+04 -7.116819e+05 -5.118864e+03 -4.969255e+03 2.312845e+05 -6.933687e+03 9.260276e+04 -2.523224e+05 3.130466e+03
3.535354e-03 3.367025e+06 4.975274e+04 2.295597e+04 -1.250683e+06 -4.054641e+03 4.395835e+05 -9.542566e+05 1.417257e+04 2.421058e+04 1.251651e+06 -2.592904e+06 3.359740e+04 9.532059e+05 1.540752e+04 -2.526376e+03 -3.378453e+05 2.797652e+04 1.426333e+06 -2.954762e+06 3.818821e+04 -1.087404e+06 -1.796008e+04 4.032295e+03 3.854322e+05 -2.954679e+06 -4.375776e+04 -1.984649e+04 1.097513e+06 -2.405332e+03 3.853116e+05 -8.364903e+05 1.212923e+04
3.737374e-03 -2.130052e+06 -4.766271e+04 -1.320213e+04 8.907366e+05 -1.870028e+04 -2.788179e+05 4.632156e+05 -7.576993e+03 -1.511472e+04 -8.913670e+05 1.640349e+06 -3.224750e+04 -4.624732e+05 -9.458639e+03 -1.287172e+04 2.142797e+05 -1.677430e+04 -1.015766e+06 1.869288e+06 -3.686658e+04 5.278264e+05 1.034953e+04 1.595977e+04 -2.445198e+05 1.869176e+06 4.170678e+04 1.193170e+04 -7.816497e+05 -1.511789e+04 -2.443354e+05 4.058619e+05 -6.980624e+03
3.939394e-03 3.493245e+06 2.168240e+04 1.909054e+04 -1.170238e+06 -8.294423e+03 4.587783e+05 -1.088247e+06 9.506481e+03 1.948305e+04 1.171434e+06 -2.690179e+06 1.446789e+04 1.087028e+06 9.891818e+03 -5.365581e+03 -3.525229e+05 2.273314e+04 1.334889e+06 -3.065541e+06 1.634065e+04 -1.240083e+06 -1.180855e+04 7.561281e+03 4.021752e+05 -3.065512e+06 -1.917363e+04 -1.634359e+04 1.026944e+06 -5.832143e+03 4.021385e+05 -9.539324e+05 7.930841e+03
4.141414e-03 2.785865e+05 -1.813857e+04 1.399878e+03 1.446201e+04 -1.789744e+04 3.675269e+04 -2.106822e+05 5.671220e+02 2.819163e+02 -1.433052e+04 -2.145468e+05 -1.235349e+04 2.106061e+05 -5.307137e+02 -1.214481e+04 -2.822854e+04 9.660727e+02 -1.634107e+04 -2.444465e+05 -1.426148e+04 -2.400911e+05 -2.772527e+01 1.553236e+04 3.215700e+04 -2.445110e+05 1.573301e+04 -7.318778e+02 -1.268255e+04 -1.401282e+04 3.226350e+04 -1.848092e+05 1.072664e+01
4.343434e-03 -1.971170e+06 -3.307149e+04 -7.640934e+03 8.008653e+05 -2.596904e+04 -2.604805e+05 4.404319e+05 -2.030847e+03 -9.526720e+03 -8.015906e+05 1.518062e+06 -2.230568e+04 -4.396201e+05 -3.880439e+03 -1.783019e+04 2.001227e+05 -1.003432e+04 -9.134388e+05 1.729897e+06 -2.566160e+04 5.018514e+05 3.621477e+03 2.239731e+04 -2.284044e+05 1.729790e+06 2.877812e+04 7.338109e+03 -7.028012e+05 -2.070954e+04 -2.282261e+05 3.858165e+05 -2.398947e+03
4.545455e-03 -3.998935e+06 -3.812343e+04 -1.232738e+04 1.494355e+06 -3.730430e+04 -5.303160e+05 1.043337e+06 -5.892003e+02 -1.480586e+04 -1.495952e+06 3.079763e+06 -2.553619e+04 -1.041635e+06 -3.017316e+03 -2.573738e+04 4.073763e+05 -1.568205e+04 -1.704660e+06 3.509450e+06 -2.946538e+04 1.188850e+06 2.276906e+03 3.223342e+04 -4.649152e+05 3.509316e+06 3.308885e+04 1.173412e+04 -1.311395e+06 -2.983113e+04 -4.646820e+05 9.141406e+05 -1.411782e+03
4.747475e-03 5.148363e+06 -4.972736e+04 1.320837e+04 -1.412489e+06 -3.254668e+04 6.853213e+05 -1.899251e+06 -2.478393e+03 1.043152e+04 1.414788e+06 -3.965078e+06 -3.431738e+04 1.897059e+06 -5.195718e+03 -2.160728e+04 -5.263620e+05 1.332819e+04 1.612103e+06 -4.518079e+06 -3.956437e+04 -2.164201e+06 4.516533e+03 2.801174e+04 6.004758e+05 -4.518217e+06 4.317929e+04 -1.048122e+04 1.239606e+06 -2.517135e+04 6.007363e+05 -1.664814e+06 -3.256417e+03
4.949495e-03 -8.474485e+06 -2.166507e+04 -1.197783e+04 2.965133e+06 -6.729860e+04 -1.132075e+06 2.454951e+06 1.425967e+04 -1.505621e+04 -2.968928e+06 6.526769e+06 -1.382645e+04 -2.451045e+06 1.125074e+04 -4.664214e+04 8.694268e+05 -1.472395e+04 -3.383072e+06 7.437218e+06 -1.655902e+04 2.797337e+06 -1.521721e+04 5.870708e+04 -9.922393e+05 7.437055e+06 1.820792e+04 1.238496e+04 -2.602151e+06 -5.350109e+04 -9.919539e+05 2.151044e+06 1.066946e+04
5.151515e-03 7.902289e+06 -2.298613e+04 4.094448e+03 -2.603961e+06 4.232725e+04 1.059798e+06 -2.499456e+06 -2.115332e+04 4.771141e+03 2.607722e+06 -6.086225e+06 -1.650879e+04 2.495671e+06 -2.049329e+04 2.965462e+04 -8.137996e+05 3.796515e+03 2.971435e+06 -6.935092e+06 -1.824163e+04 -2.848045e+06 2.498742e+04 -3.744173e+04 9.287194e+05 -6.935036e+06 2.074304e+04 -4.856437e+03 2.285228e+06 3.349565e+04 9.286596e+05 -2.190212e+06 -1.730672e+04
5.353535e-03 -1.498334e+06 -1.813771e+04 7.306742e+02 6.154787e+05 -3.202548e+04 -2.016629e+05 3.367396e+05 5.557052e+03 -1.088381e+03 -6.161938e+05 1.154003e+06 -1.214878e+04 -3.359696e+05 3.783038e+03 -2.194296e+04 1.548493e+05 8.427747e+01 -7.021496e+05 1.314996e+06 -1.430270e+04 3.836802e+05 -5.609314e+03 2.784434e+04 -1.767949e+05 1.314895e+06 1.545746e+04 3.788612e+02 -5.401328e+05 -2.526435e+04 -1.766295e+05 2.948657e+05 3.877419e+03
5.555556e-03 2.651692e+06 -1.361601e+04 -3.963344e+03 -8.889426e+05 2.144696e+04 3.585199e+05 -8.487265e+05 -1.291463e+04 -3.681517e+03 8.903176e+05 -2.042369e+06 -9.583960e+03 8.473433e+05 -1.264072e+04 1.490602e+04 -2.752289e+05 -5.181120e+03 1.014480e+06 -2.327183e+06 -1.055428e+04 -9.670799e+05 1.538630e+04 -1.906240e+04 3.141386e+05 -2.327162e+06 1.231627e+04 2.718700e+03 7.801452e+05 1.674477e+04 3.141141e+05 -7.436439e+05 -1.057876e+04
5.757576e-03 -1.845076e+07 -3.588737e+04 4.579492e+04 6.920750e+06 -3.058328e+05 -2.504478e+06 5.104478e+06 1.090066e+05 3.294575e+04 -6.930493e+06 1.421108e+07 -2.196077e+04 -5.094410e+06 9.650843e+04 -2.102474e+05 1.922525e+06 5.157699e+04 -7.897052e+06 1.619304e+07 -3.023190e+04 5.816165e+06 -1.237974e+05 2.681856e+05 -2.194873e+06 1.619246e+07 2.627912e+04 -2.937872e+04 -6.073685e+06 -2.397851e+05 -2.193712e+06 4.471039e+06 8.502805e+04
5.959596e-03 -1.900503e+06 -1.561384e+04 6.500546e+03 7.768247e+05 -4.585341e+04 -2.590235e+05 4.548790e+05 1.312410e+04 4.141680e+03 -7.778597e+05 1.463832e+06 -1.034559e+04 -4.537904e+05 1.083234e+04 -3.141997e+04 1.988217e+05 6.852713e+03 -8.863453e+05 1.668002e+06 -1.259003e+04 5.182768e+05 -1.443603e+04 4.003165e+04 -2.270389e+05 1.667874e+06 1.290001e+04 -4.061687e+03 -6.817438e+05 -3.601149e+04 -2.268299e+05 3.982804e+05 9.907669e+03
6.161616e-03 -5.258426e+05 -1.239818e+04 2.172869e+03 2.512880e+05 -2.066941e+04 -7.193557e+04 8.071915e+04 4.003175e+03 8.791807e+02 -2.515777e+05 4.050243e+05 -8.346740e+03 -8.040311e+04 2.747658e+03 -1.412007e+04 5.521878e+04 1.961572e+03 -2.866668e+05 4.615312e+05 -9.873004e+03 9.195767e+04 -4.067549e+03 1.793873e+04 -6.308165e+04 4.614617e+05 1.051797e+04 -1.167664e+03 -2.205291e+05 -1.629009e+04 -6.296788e+04 7.057631e+04 2.792414e+03
6.363636e-03 3.270997e+05 -9.296307e+03 -2.108868e+03 -8.926522e+04 -1.060477e+03 4.505752e+04 -1.425674e+05 -3.386794e+03 -2.525175e+03 8.946866e+04 -2.519635e+05 -6.365570e+03 1.423714e+05 -3.790692e+03 -6.702650e+02 -3.456278e+04 -2.883654e+03 1.019390e+05 -2.870742e+05 -7.238243e+03 -1.624486e+05 4.332437e+03 7.364774e+02 3.944506e+04 -2.870938e+05 8.173581e+03 1.845888e+03 7.834562e+04 -9.577420e+02 3.948179e+04 -1.249478e+05 -2.962588e+03
6.565657e-03 2.103108e+06 -1.997978e+03 -1.442642e+04 -8.182371e+05 4.640620e+04 2.906687e+05 -6.007957e+05 -2.246194e+04 -1.265096e+04 8.195329e+05 -1.619997e+06 -1.695279e+03 5.994708e+05 -2.074470e+04 3.186285e+04 -2.230083e+05 -1.688936e+04 9.338016e+05 -1.845863e+06 -9.129392e+02 -6.845308e+05 2.607209e+04 -4.091798e+04 2.546775e+05 -1.845765e+06 2.773691e+03 1.075503e+04 7.181103e+05 3.611556e+04 2.545252e+05 -5.261411e+05 -1.784101e+04
6.767677e-03 1.212002e+06 -3.681056e+03 -9.800876e+03 -4.698144e+05 2.688729e+04 1.683276e+05 -3.588423e+05 -1.457162e+04 -8.863039e+03 4.705881e+05 -9.336109e+05 -2.704726e+03 3.580549e+05 -1.366602e+04 1.846801e+04 -1.291251e+05 -1.159459e+04 5.361981e+05 -1.063763e+06 -2.447871e+03 -4.088542e+05 1.704397e+04 -2.378123e+04 1.474695e+05 -1.063712e+06 3.865503e+03 7.449362e+03 4.123276e+05 2.085931e+04 1.473899e+05 -3.142574e+05 -1.165641e+04
6.969697e-03 8.653431e+05 -3.955358e+03 -8.080188e+03 -3.362852e+05 1.968227e+04 1.207800e+05 -2.628076e+05 -1.158653e+04 -7.438136e+03 3.368564e+05 -6.665936e+05 -2.839434e+03 2.622282e+05 -1.096756e+04 1.352135e+04 -9.263700e+04 -9.612599e+03 3.838182e+05 -7.595122e+05 -2.740098e+03 -2.994336e+05 1.361637e+04 -1.745290e+04 1.058043e+05 -7.594774e+05 3.967296e+03 6.215307e+03 2.951396e+05 1.522787e+04 1.057504e+05 -2.301535e+05 -9.307974e+03
7.171717e-03 6.669012e+05 -3.933135e+03 -7.082754e+03 -2.604713e+05 1.564122e+04 9.355515e+04 -2.070255e+05 -9.863726e+03 -6.600284e+03 2.609257e+05 -5.137415e+05 -2.794661e+03 2.065657e+05 -9.399382e+03 1.074624e+04 -7.174487e+04 -8.457150e+03 2.972996e+05 -5.853461e+05 -2.765857e+03 -2.358762e+05 1.163167e+04 -1.390213e+04 8.194816e+04 -5.853202e+05 3.870905e+03 5.494575e+03 2.286037e+05 1.207002e+04 8.190809e+04 -1.813006e+05 -7.948156e+03
7.373737e-03 5.360988e+05 -3.812089e+03 -6.399287e+03 -2.107404e+05 1.299067e+04 7.559548e+04 -1.698054e+05 -8.699618e+03 -6.017806e+03 2.111172e+05 -4.129890e+05 -2.692680e+03 1.694250e+05 -8.333098e+03 8.925770e+03 -5.796317e+04 -7.661483e+03 2.405457e+05 -4.705450e+05 -2.699572e+03 -1.934680e+05 1.028653e+04 -1.157228e+04 6.621120e+04 -4.705247e+05 3.714680e+03 4.996395e+03 1.849587e+05 9.999354e+03 6.617988e+04 -1.487036e+05 -7.026611e+03
7.575758e-03 4.430614e+05 -3.655290e+03 -5.887070e+03 -1.754656e+05 1.109773e+04 6.280649e+04 -1.430397e+05 -7.843107e+03 -5.575328e+03 1.757864e+05 -3.413253e+05 -2.571931e+03 1.427164e+05 -7.544115e+03 7.625546e+03 -4.814969e+04 -7.062654e+03 2.002885e+05 -3.888889e+05 -2.597422e+03 -1.629715e+05 9.294073e+03 -9.907784e+03 5.500533e+04 -3.888724e+05 3.541579e+03 4.619766e+03 1.540007e+05 8.521015e+03 5.498003e+04 -1.252624e+05 -6.346778e+03
7.777778e-03 3.735857e+05 -3.487890e+03 -5.481274e+03 -1.491591e+05 9.670472e+03 5.324323e+04 -1.228462e+05 -7.178081e+03 -5.220464e+03 1.494375e+05 -2.878099e+05 -2.447427e+03 1.225661e+05 -6.928386e+03 6.645154e+03 -4.081176e+04 -6.586533e+03 1.702657e+05 -3.279119e+05 -2.482163e+03 -1.399633e+05 8.521555e+03 -8.652358e+03 4.662614e+04 -3.278982e+05 3.368017e+03 4.318913e+03 1.309133e+05 7.406732e+03 4.660521e+04 -1.075772e+05 -5.817675e+03
7.979798e-03 3.198938e+05 -3.321031e+03 -5.147494e+03 -1.288343e+05 8.552735e+03 4.584127e+04 -1.070857e+05 -6.642138e+03 -4.925376e+03 1.290793e+05 -2.464521e+05 -2.325607e+03 1.068395e+05 -6.429877e+03 5.877367e+03 -3.513249e+04 -6.193712e+03 1.470690e+05 -2.807878e+05 -2.364130e+03 -1.220060e+05 7.897560e+03 -7.668889e+03 4.014085e+04 -2.807763e+05 3.200772e+03 4.069564e+03 1.130756e+05 6.534389e+03 4.012324e+04 -9.377450e+04 -5.390357e+03
8.181818e-03 2.773165e+05 -3.159833e+03 -4.865463e+03 -1.127072e+05 7.652389e+03 3.996182e+04 -9.446665e+04 -6.198236e+03 -4.673619e+03 1.129254e+05 -2.136554e+05 -2.209274e+03 9.424765e+04 -6.015248e+03 5.258916e+03 -3.062163e+04 -5.860930e+03 1.286628e+05 -2.434186e+05 -2.248270e+03 -1.076281e+05 7.379650e+03 -6.876474e+03 3.498968e+04 -2.434087e+05 3.042578e+03 3.857417e+03 9.892192e+04 5.831939e+03 3.497466e+04 -8.272306e+04 -5.035734e+03
8.383838e-03 2.428623e+05 -3.006572e+03 -4.622312e+03 -9.964014e+04 6.911145e+03 3.519568e+04 -8.415740e+04 -5.822759e+03 -4.454705e+03 9.983635e+04 -1.871156e+05 -2.099541e+03 8.396075e+04 -5.663195e+03 4.749763e+03 -2.696513e+04 -5.573382e+03 1.137488e+05 -2.131788e+05 -2.136959e+03 -9.588196e+04 6.940740e+03 -6.223917e+03 3.081406e+04 -2.131703e+05 2.894327e+03 3.673374e+03 8.745382e+04 5.253804e+03 3.080110e+04 -7.369458e+04 -4.735244e+03
8.585859e-03 2.145196e+05 -2.862111e+03 -4.409382e+03 -8.887080e+04 6.290129e+03 3.126768e+04 -7.559608e+04 -5.499824e+03 -4.261542e+03 8.904857e+04 -1.652832e+05 -1.996703e+03 7.541809e+04 -5.359355e+03 4.323207e+03 -2.395182e+04 -5.321089e+03 1.014571e+05 -1.883028e+05 -2.031262e+03 -8.612739e+04 6.562594e+03 -5.677069e+03 2.737286e+04 -1.882953e+05 2.756042e+03 3.511299e+03 7.800223e+04 4.769588e+03 2.736157e+04 -6.619694e+04 -4.476384e+03
8.787879e-03 1.908833e+05 -2.726583e+03 -4.220585e+03 -7.986843e+04 5.762326e+03 2.798561e+04 -6.838853e+04 -5.218293e+03 -4.089116e+03 8.003058e+04 -1.470760e+05 -1.900645e+03 6.822634e+04 -5.093627e+03 3.960688e+03 -2.143419e+04 -5.097019e+03 9.118183e+04 -1.675575e+05 -1.931560e+03 -7.791530e+04 6.232406e+03 -5.212196e+03 2.449764e+04 -1.675509e+05 2.627332e+03 3.366867e+03 7.010137e+04 4.358170e+03 2.448772e+04 -5.988495e+04 -4.250377e+03
8.989899e-03 1.709420e+05 -2.599747e+03 -4.051483e+03 -7.225197e+04 5.308328e+03 2.521108e+04 -6.224982e+04 -4.970083e+03 -3.933746e+03 7.240072e+04 -1.317149e+05 -1.811057e+03 6.210117e+04 -4.858665e+03 3.648875e+03 -1.930601e+04 -4.896031e+03 8.248829e+04 -1.500551e+05 -1.837859e+03 -7.092104e+04 5.940872e+03 -4.812245e+03 2.206712e+04 -1.500492e+05 2.507621e+03 3.236909e+03 6.341683e+04 4.004380e+03 2.205836e+04 -5.450904e+04 -4.050848e+03
9.191919e-03 1.539490e+05 -2.481176e+03 -3.898742e+03 -6.574079e+04 4.913810e+03 2.284188e+04 -5.696880e+04 -4.749167e+03 -3.792652e+03 6.587793e+04 -1.186249e+05 -1.727541e+03 5.683185e+04 -4.648979e+03 3.377926e+03 -1.748887e+04 -4.714260e+03 7.505619e+04 -1.351404e+05 -1.749973e+03 -6.490401e+04 5.681047e+03 -4.464625e+03 1.999177e+04 -1.351352e+05 2.396268e+03 3.119038e+03 5.770231e+04 3.697021e+03 1.998397e+04 -4.988429e+04 -3.873035e+03
9.393939e-03 1.393417e+05 -2.370363e+03 -3.759796e+03 -6.012375e+04 4.567949e+03 2.080096e+04 -5.238566e+04 -4.550943e+03 -3.663680e+03 6.025074e+04 -1.073724e+05 -1.649666e+03 5.225894e+04 -4.460366e+03 3.140404e+03 -1.592361e+04 -4.548721e+03 6.864458e+04 -1.223195e+05 -1.667616e+03 -5.968216e+04 5.447623e+03 -4.159823e+03 1.820404e+04 -1.223148e+05 2.292625e+03 3.011410e+03 5.277252e+04 3.427637e+03 1.819707e+04 -4.587075e+04 -3.713301e+03
9.595960e-03 1.266880e+05 -2.266772e+03 -3.632630e+03 -5.523909e+04 4.262410e+03 1.902916e+04 -4.837733e+04 -4.371828e+03 -3.545127e+03 5.535715e+04 -9.762479e+04 -1.577008e+03 4.825959e+04 -4.289545e+03 2.930583e+03 -1.456484e+04 -4.397068e+03 6.306884e+04 -1.112133e+05 -1.590456e+03 -5.511522e+04 5.236460e+03 -3.890511e+03 1.665210e+04 -1.112090e+05 2.196068e+03 2.912568e+03 4.848548e+04 3.189714e+03 1.664584e+04 -4.236060e+04 -3.568809e+03
9.797980e-03 1.156513e+05 -2.169876e+03 -3.515630e+03 -5.096088e+04 3.990665e+03 1.748032e+04 -4.484747e+04 -4.208986e+03 -3.435620e+03 5.107103e+04 -8.912273e+04 -1.509155e+03 4.473769e+04 -4.133913e+03 2.743977e+03 -1.337715e+04 -4.257419e+03 5.818527e+04 -1.015263e+05 -1.518147e+03 -5.109346e+04 5.044277e+03 -3.650948e+03 1.529552e+04 -1.015224e+05 2.106012e+03 2.821344e+03 4.473069e+04 2.978152e+03 1.528988e+04 -3.926950e+04 -3.437312e+03
1.000000e-02 1.059657e+05 -2.079167e+03 -3.407489e+03 -4.718974e+04 3.747523e+03 1.611799e+04 -4.171970e+04 -4.060135e+03 -3.334040e+03 4.729284e+04 -8.166136e+04 -1.445725e+03 4.161701e+04 -3.991372e+03 2.577021e+03 -1.233255e+04 -4.128244e+03 5.388044e+04 -9.302503e+04 -1.450348e+03 -4.752984e+04 4.868435e+03 -3.436569e+03 1.410234e+04 -9.302154e+04 2.021915e+03 2.736783e+03 4.142093e+04 2.788899e+03 1.409723e+04 -3.653053e+04 -3.317000e+03
