-1.000000e-02 5.346406e+03 2.758559e+03 1.939828e+03 -2.903960e+03 -2.216799e+03 -3.354269e+04 -5.242605e+03 1.502493e+03 1.924624e+03 2.856954e+03 -4.133661e+03 1.890907e+03 5.289555e+03 1.483773e+03 -1.523398e+03 2.584238e+04 2.338747e+03 3.317636e+03 -4.697748e+03 2.504205e+03 -6.036092e+03 -1.850383e+03 1.639976e+03 -2.944334e+04 -4.701833e+03 -2.071407e+03 -1.590649e+03 2.501058e+03 -2.041459e+03 -2.944000e+04 -4.594419e+03 1.195432e+03
-9.797980e-03 5.543089e+03 2.828249e+03 1.948681e+03 -2.686911e+03 -2.267102e+03 -3.456781e+04 -5.150987e+03 1.506082e+03 1.933013e+03 2.639341e+03 -4.284495e+03 1.938258e+03 5.198471e+03 1.486869e+03 -1.557553e+03 2.663103e+04 2.349219e+03 3.070406e+03 -4.869946e+03 2.564243e+03 -5.932416e+03 -1.854583e+03 1.679873e+03 -3.034254e+04 -4.874172e+03 -2.126490e+03 -1.597718e+03 2.309981e+03 -2.084633e+03 -3.033910e+04 -4.513900e+03 1.198067e+03
-9.595960e-03 5.745427e+03 2.900245e+03 1.957032e+03 -2.447641e+03 -2.318799e+03 -3.561965e+04 -5.044586e+03 1.509138e+03 1.940889e+03 2.399522e+03 -4.439645e+03 1.987170e+03 5.092588e+03 1.489419e+03 -1.592647e+03 2.744023e+04 2.359080e+03 2.797851e+03 -5.047083e+03 2.626274e+03 -5.811873e+03 -1.858135e+03 1.720874e+03 -3.126517e+04 -5.051455e+03 -2.183382e+03 -1.604368e+03 2.099421e+03 -2.128997e+03 -3.126162e+04 -4.420411e+03 1.200254e+03
-9.393939e-03 5.953336e+03 2.974615e+03 1.964828e+03 -2.184506e+03 -2.371912e+03 -3.669759e+04 -4.922196e+03 1.511616e+03 1.948198e+03 2.135852e+03 -4.599047e+03 2.037688e+03 4.970696e+03 1.491380e+03 -1.628696e+03 2.826948e+04 2.368263e+03 2.498094e+03 -5.229083e+03 2.690357e+03 -5.673083e+03 -1.860986e+03 1.762995e+03 -3.221068e+04 -5.233605e+03 -2.242135e+03 -1.610554e+03 1.867936e+03 -2.174570e+03 -3.220702e+04 -4.312894e+03 1.201957e+03
-9.191919e-03 6.166686e+03 3.051427e+03 1.972008e+03 -1.895767e+03 -2.426464e+03 -3.780077e+04 -4.782538e+03 1.513469e+03 1.954879e+03 1.846596e+03 -4.762597e+03 2.089857e+03 4.831515e+03 1.492705e+03 -1.665713e+03 2.911813e+04 2.376697e+03 2.169154e+03 -5.415833e+03 2.756551e+03 -5.514586e+03 -1.863078e+03 1.806255e+03 -3.317832e+04 -5.420508e+03 -2.302801e+03 -1.616227e+03 1.614004e+03 -2.221370e+03 -3.317455e+04 -4.190229e+03 1.203139e+03
-8.989899e-03 6.385295e+03 3.130748e+03 1.978510e+03 -1.579594e+03 -2.482472e+03 -3.892806e+04 -4.624262e+03 1.514649e+03 1.960871e+03 1.529928e+03 -4.930158e+03 2.143722e+03 4.673691e+03 1.493346e+03 -1.703709e+03 2.998529e+04 2.384305e+03 1.808944e+03 -5.607173e+03 2.824914e+03 -5.334839e+03 -1.864351e+03 1.850667e+03 -3.416709e+04 -5.612006e+03 -2.365432e+03 -1.621334e+03 1.336023e+03 -2.269412e+03 -3.416320e+04 -4.051231e+03 1.203761e+03
-8.787879e-03 6.608926e+03 3.212643e+03 1.984264e+03 -1.234066e+03 -2.539952e+03 -4.007802e+04 -4.445946e+03 1.515103e+03 1.966105e+03 1.183929e+03 -5.101545e+03 2.199328e+03 4.495799e+03 1.493251e+03 -1.742695e+03 3.086988e+04 2.391005e+03 1.415274e+03 -5.802894e+03 2.895503e+03 -5.132215e+03 -1.864741e+03 1.896243e+03 -3.517573e+04 -5.807890e+03 -2.430077e+03 -1.625821e+03 1.032310e+03 -2.318708e+03 -3.517173e+04 -3.894653e+03 1.203779e+03
-8.585859e-03 6.837276e+03 3.297174e+03 1.989199e+03 -8.571724e+02 -2.598916e+03 -4.124887e+04 -4.246095e+03 1.514776e+03 1.970509e+03 8.065929e+02 -5.276525e+03 2.256715e+03 4.296340e+03 1.492366e+03 -1.782678e+03 3.177050e+04 2.396709e+03 9.858527e+02 -6.002731e+03 2.968373e+03 -4.905008e+03 -1.864181e+03 1.942993e+03 -3.620268e+04 -6.007893e+03 -2.496786e+03 -1.629627e+03 7.011054e+02 -2.369268e+03 -3.619856e+04 -3.719185e+03 1.203152e+03
-8.383838e-03 7.069969e+03 3.384403e+03 1.993235e+03 -4.468183e+02 -2.659372e+03 -4.243844e+04 -4.023147e+03 1.513611e+03 1.974006e+03 3.958268e+02 -5.454807e+03 2.315923e+03 4.073749e+03 1.490635e+03 -1.823663e+03 3.268550e+04 2.401324e+03 5.182899e+02 -6.206354e+03 3.043577e+03 -4.651430e+03 -1.862600e+03 1.990923e+03 -3.724604e+04 -6.211684e+03 -2.565603e+03 -1.632688e+03 3.405738e+02 -2.421098e+03 -3.724180e+04 -3.523455e+03 1.201832e+03
-8.181818e-03 7.306546e+03 3.474386e+03 1.996291e+03 -8.292256e-01 -2.721324e+03 -4.364414e+04 -3.775474e+03 1.511547e+03 1.976515e+03 -5.053949e+01 -5.636040e+03 2.376991e+03 3.826394e+03 1.488000e+03 -1.865650e+03 3.361288e+04 2.404748e+03 1.010701e+01 -6.413360e+03 3.121163e+03 -4.369623e+03 -1.859926e+03 2.040036e+03 -3.830352e+04 -6.418863e+03 -2.636572e+03 -1.634936e+03 -5.118822e+01 -2.474201e+03 -3.829916e+04 -3.306038e+03 1.199772e+03
-7.979798e-03 7.546458e+03 3.567172e+03 1.998276e+03 4.830398e+02 -2.784769e+03 -4.486288e+04 -3.501390e+03 1.508523e+03 1.977947e+03 -5.347469e+02 -5.819800e+03 2.439951e+03 3.552584e+03 1.484398e+03 -1.908637e+03 3.455025e+04 2.406877e+03 -5.412557e+02 -6.623268e+03 3.201177e+03 -4.057657e+03 -1.856080e+03 2.090329e+03 -3.937242e+04 -6.628946e+03 -2.709730e+03 -1.636299e+03 -4.761461e+02 -2.528573e+03 -3.936794e+04 -3.065453e+03 1.196923e+03
-7.777778e-03 7.789053e+03 3.662809e+03 1.999097e+03 1.007093e+03 -2.849702e+03 -4.609106e+04 -3.199156e+03 1.504471e+03 1.978211e+03 -1.059096e+03 -6.005587e+03 2.504833e+03 3.250576e+03 1.479766e+03 -1.952619e+03 3.549485e+04 2.407595e+03 -1.138426e+03 -6.835507e+03 3.283659e+03 -3.713544e+03 -1.850983e+03 2.141797e+03 -4.044959e+04 -6.841361e+03 -2.785111e+03 -1.636700e+03 -9.363173e+02 -2.584207e+03 -4.044497e+04 -2.800177e+03 1.193233e+03
-7.575758e-03 8.033568e+03 3.761333e+03 1.998654e+03 1.573681e+03 -2.916107e+03 -4.732448e+04 -2.866993e+03 1.499325e+03 1.977208e+03 -1.625932e+03 -6.192813e+03 2.571663e+03 2.918585e+03 1.474038e+03 -1.997585e+03 3.644345e+04 2.406785e+03 -1.784083e+03 -7.049408e+03 3.368642e+03 -3.335251e+03 -1.844551e+03 2.194428e+03 -4.153133e+04 -7.055441e+03 -2.862745e+03 -1.636058e+03 -1.433759e+03 -2.641092e+03 -4.152659e+04 -2.508648e+03 1.188649e+03
-7.373737e-03 8.279117e+03 3.862776e+03 1.996841e+03 2.185181e+03 -2.983964e+03 -4.855830e+04 -2.503089e+03 1.493014e+03 1.974834e+03 -2.237628e+03 -6.380799e+03 2.640460e+03 2.554797e+03 1.467146e+03 -2.043519e+03 3.739232e+04 2.404317e+03 -2.480938e+03 -7.264194e+03 3.456152e+03 -2.920706e+03 -1.836698e+03 2.248206e+03 -4.261340e+04 -7.270406e+03 -2.942652e+03 -1.634286e+03 -1.970553e+03 -2.699206e+03 -4.260853e+04 -2.189279e+03 1.183116e+03
-7.171717e-03 8.524678e+03 3.967157e+03 1.993547e+03 2.843976e+03 -3.053243e+03 -4.978699e+04 -2.105623e+03 1.485466e+03 1.970980e+03 -2.896563e+03 -6.568758e+03 2.711236e+03 2.157384e+03 1.459021e+03 -2.090400e+03 3.833721e+04 2.400059e+03 -3.231708e+03 -7.478970e+03 3.546210e+03 -2.467826e+03 -1.827335e+03 2.303107e+03 -4.369096e+04 -7.485363e+03 -3.024846e+03 -1.631294e+03 -2.548784e+03 -2.758525e+03 -4.368596e+04 -1.840472e+03 1.176578e+03
-6.969697e-03 8.769084e+03 4.074485e+03 1.988653e+03 3.552427e+03 -3.123906e+03 -5.100426e+04 -1.672776e+03 1.476605e+03 1.965531e+03 -3.605093e+03 -6.755797e+03 2.783996e+03 1.724522e+03 1.449591e+03 -2.138202e+03 3.927327e+04 2.393870e+03 -4.039086e+03 -7.692715e+03 3.638821e+03 -1.974531e+03 -1.816369e+03 2.359100e+03 -4.475847e+04 -7.699287e+03 -3.109332e+03 -1.626986e+03 -3.170519e+03 -2.819014e+03 -4.475334e+04 -1.460633e+03 1.168976e+03
-6.767677e-03 9.011011e+03 4.184754e+03 1.982036e+03 4.312843e+03 -3.195906e+03 -5.220302e+04 -1.202760e+03 1.466355e+03 1.958367e+03 -4.365521e+03 -6.940897e+03 2.858735e+03 1.254418e+03 1.438782e+03 -2.186890e+03 4.019505e+04 2.385601e+03 -4.905704e+03 -7.904269e+03 3.733983e+03 -1.438775e+03 -1.803707e+03 2.416148e+03 -4.580972e+04 -7.911018e+03 -3.196103e+03 -1.621262e+03 -3.837778e+03 -2.880632e+03 -4.580447e+04 -1.048192e+03 1.160253e+03
-6.565657e-03 9.248966e+03 4.297943e+03 1.973567e+03 5.127442e+03 -3.269185e+03 -5.337528e+04 -6.938394e+02 1.454639e+03 1.949362e+03 -5.180061e+03 -7.122914e+03 2.935438e+03 7.453321e+02 1.426522e+03 -2.236425e+03 4.109640e+04 2.375098e+03 -5.834092e+03 -8.112324e+03 3.831679e+03 -8.585753e+02 -1.789254e+03 2.474203e+03 -4.683771e+04 -8.119249e+03 -3.285140e+03 -1.614016e+03 -4.552502e+03 -2.943327e+03 -4.683233e+04 -6.016299e+02 1.150348e+03
-6.363636e-03 9.481278e+03 4.414016e+03 1.963111e+03 5.998306e+03 -3.343672e+03 -5.451216e+04 -1.443691e+02 1.441379e+03 1.938386e+03 -6.050791e+03 -7.300566e+03 3.014079e+03 1.956130e+02 1.412735e+03 -2.286757e+03 4.197050e+04 2.362200e+03 -6.826624e+03 -8.315417e+03 3.931877e+03 -2.320475e+02 -1.772912e+03 2.533211e+03 -4.783464e+04 -8.322514e+03 -3.376413e+03 -1.605141e+03 -5.316513e+03 -3.007039e+03 -4.782914e+04 -1.195030e+02 1.139204e+03
-6.161616e-03 9.706088e+03 4.532913e+03 1.950527e+03 6.927333e+03 -3.419286e+03 -5.560381e+04 4.471733e+02 1.426494e+03 1.925302e+03 -6.979603e+03 -7.472425e+03 3.094616e+03 -3.962663e+02 1.397348e+03 -2.337830e+03 4.280975e+04 2.346740e+03 -7.885465e+03 -8.511921e+03 4.034527e+03 4.425500e+02 -1.754583e+03 2.593106e+03 -4.879187e+04 -8.519184e+03 -3.469873e+03 -1.594522e+03 -6.131471e+03 -3.071696e+03 -4.878625e+04 3.995233e+02 1.126759e+03
-5.959596e-03 9.921342e+03 4.654553e+03 1.935672e+03 7.916180e+03 -3.495931e+03 -5.663938e+04 1.082144e+03 1.409906e+03 1.909970e+03 -7.968149e+03 -7.636916e+03 3.176993e+03 -1.031667e+03 1.380286e+03 -2.389577e+03 4.360582e+04 2.328544e+03 -9.012503e+03 -8.700038e+03 4.139561e+03 1.166770e+03 -1.734170e+03 2.653813e+03 -4.969988e+04 -8.707460e+03 -3.565454e+03 -1.582043e+03 -6.998824e+03 -3.137216e+03 -4.969415e+04 9.566377e+02 1.112955e+03
-5.757576e-03 1.012479e+04 4.778832e+03 1.918395e+03 8.966193e+03 -3.573497e+03 -5.760699e+04 1.761685e+03 1.391535e+03 1.892248e+03 -9.017772e+03 -7.792310e+03 3.261140e+03 -1.711736e+03 1.361477e+03 -2.441924e+03 4.434955e+04 2.307435e+03 -1.020928e+04 -8.877792e+03 4.246889e+03 1.941920e+03 -1.711576e+03 2.715243e+03 -5.054826e+04 -8.885366e+03 -3.663071e+03 -1.567584e+03 -7.919749e+03 -3.203502e+03 -5.054242e+04 1.552842e+03 1.097733e+03
-5.555556e-03 1.031396e+04 4.905615e+03 1.898546e+03 1.007834e+04 -3.651860e+03 -5.849372e+04 2.486673e+03 1.371306e+03 1.871989e+03 -1.012944e+04 -7.936723e+03 3.346962e+03 -2.437353e+03 1.340850e+03 -2.494786e+03 4.503103e+04 2.283233e+03 -1.147689e+04 -9.043035e+03 4.356395e+03 2.769005e+03 -1.686705e+03 2.777298e+03 -5.132567e+04 -9.050748e+03 -3.762617e+03 -1.551022e+03 -8.895093e+03 -3.270449e+03 -5.131974e+04 2.188904e+03 1.081038e+03
-5.353535e-03 1.048621e+04 5.034738e+03 1.875969e+03 1.125314e+04 -3.730880e+03 -5.928566e+04 3.257661e+03 1.349142e+03 1.849044e+03 -1.130365e+04 -8.068114e+03 3.434350e+03 -3.209074e+03 1.318337e+03 -2.548066e+03 4.563953e+04 2.255752e+03 -1.281593e+04 -9.193436e+03 4.467938e+03 3.648660e+03 -1.659463e+03 2.839867e+03 -5.201990e+04 -9.201279e+03 -3.863961e+03 -1.532234e+03 -9.925299e+03 -3.337934e+03 -5.201388e+04 2.865307e+03 1.062816e+03
-5.151515e-03 1.063867e+04 5.166002e+03 1.850509e+03 1.249055e+04 -3.810399e+03 -5.996786e+04 4.074813e+03 1.324971e+03 1.823265e+03 -1.254038e+04 -8.184297e+03 3.523166e+03 -4.027069e+03 1.293872e+03 -2.601657e+03 4.616357e+04 2.224809e+03 -1.422635e+04 -9.326499e+03 4.581349e+03 4.581077e+03 -1.629762e+03 2.902826e+03 -5.261786e+04 -9.334456e+03 -3.966947e+03 -1.511094e+03 -1.101034e+04 -3.405823e+03 -5.261177e+04 3.582196e+03 1.043014e+03
-4.949495e-03 1.076831e+04 5.299173e+03 1.822009e+03 1.378991e+04 -3.890244e+03 -6.052449e+04 4.937841e+03 1.298726e+03 1.794503e+03 -1.383896e+04 -8.282940e+03 3.613252e+03 -4.891049e+03 1.267395e+03 -2.655442e+03 4.659096e+04 2.190217e+03 -1.570740e+04 -9.439563e+03 4.696423e+03 5.565930e+03 -1.597516e+03 2.966035e+03 -5.310565e+04 -9.447618e+03 -4.071387e+03 -1.487478e+03 -1.214962e+04 -3.473966e+03 -5.309949e+04 4.339318e+03 1.021585e+03
-4.747475e-03 1.087192e+04 5.433976e+03 1.790316e+03 1.514982e+04 -3.970224e+03 -6.093886e+04 5.845933e+03 1.270341e+03 1.762612e+03 -1.519798e+04 -8.361585e+03 3.704422e+03 -5.800203e+03 1.238851e+03 -2.709291e+03 4.690886e+04 2.151795e+03 -1.725750e+04 -9.529822e+03 4.812925e+03 6.602295e+03 -1.562646e+03 3.029345e+03 -5.346862e+04 -9.537955e+03 -4.177066e+03 -1.461263e+03 -1.334192e+04 -3.542200e+03 -5.346241e+04 5.135958e+03 9.984856e+02
-4.545455e-03 1.094616e+04 5.570094e+03 1.755280e+03 1.656806e+04 -4.050130e+03 -6.119356e+04 6.797681e+03 1.239761e+03 1.727450e+03 -1.661523e+04 -8.417665e+03 3.796460e+03 -6.753123e+03 1.208190e+03 -2.763062e+03 4.710388e+04 2.109365e+03 -1.887409e+04 -9.594345e+03 4.930582e+03 7.688566e+03 -1.525079e+03 3.092589e+03 -5.369152e+04 -9.602535e+03 -4.283734e+03 -1.432329e+03 -1.458528e+04 -3.610346e+03 -5.368527e+04 5.970882e+03 9.736782e+02
-4.343434e-03 1.098756e+04 5.707167e+03 1.716756e+03 1.804148e+04 -4.129734e+03 -6.127068e+04 7.791007e+03 1.206934e+03 1.688879e+03 -1.808757e+04 -8.448530e+03 3.889122e+03 -7.747731e+03 1.175371e+03 -2.816603e+03 4.716225e+04 2.062754e+03 -2.055361e+04 -9.630104e+03 5.049081e+03 8.822375e+03 -1.484753e+03 3.155589e+03 -5.375862e+04 -9.638327e+03 -4.391109e+03 -1.400561e+03 -1.587696e+04 -3.678210e+03 -5.375236e+04 6.842267e+03 9.471302e+02
-4.141414e-03 1.099259e+04 5.844786e+03 1.674608e+03 1.956592e+04 -4.208795e+03 -6.115197e+04 8.823100e+03 1.171817e+03 1.646773e+03 -1.961082e+04 -8.451476e+03 3.982133e+03 -8.781209e+03 1.140360e+03 -2.869750e+03 4.706992e+04 2.011804e+03 -2.229130e+04 -9.634013e+03 5.168071e+03 1.000051e+04 -1.441614e+03 3.218151e+03 -5.365393e+04 -9.642241e+03 -4.498869e+03 -1.365851e+03 -1.721329e+04 -3.745584e+03 -5.364767e+04 7.747646e+03 9.188161e+02
-3.939394e-03 1.095771e+04 5.982495e+03 1.628708e+03 2.113612e+04 -4.287049e+03 -6.081912e+04 9.890343e+03 1.134378e+03 1.601013e+03 -2.117974e+04 -8.423784e+03 4.075183e+03 -9.849939e+03 1.103133e+03 -2.922327e+03 4.681282e+04 1.956364e+03 -2.408116e+04 -9.602969e+03 5.287155e+03 1.121885e+04 -1.395618e+03 3.280068e+03 -5.336139e+04 -9.611174e+03 -4.606658e+03 -1.328099e+03 -1.858967e+04 -3.812246e+03 -5.335515e+04 8.683848e+03 8.887183e+02
-3.737374e-03 1.087942e+04 6.119788e+03 1.578946e+03 2.274562e+04 -4.364221e+03 -6.025410e+04 1.098827e+04 1.094593e+03 1.551495e+03 -2.278787e+04 -8.362772e+03 4.167933e+03 -1.094944e+04 1.063676e+03 -2.974149e+03 4.637707e+04 1.896303e+03 -2.591584e+04 -9.533907e+03 5.405898e+03 1.247228e+04 -1.346737e+03 3.341123e+03 -5.286518e+04 -9.542056e+03 -4.714081e+03 -1.287216e+03 -2.000044e+04 -3.877959e+03 -5.285899e+04 9.646948e+03 8.568271e+02
-3.535354e-03 1.075432e+04 6.256111e+03 1.525224e+03 2.438674e+04 -4.440019e+03 -5.943950e+04 1.211149e+04 1.052451e+03 1.498133e+03 -2.442754e+04 -8.265842e+03 4.260006e+03 -1.207433e+04 1.021986e+03 -3.025020e+03 4.574928e+04 1.831509e+03 -2.778659e+04 -9.423860e+03 5.523819e+03 1.375466e+04 -1.294954e+03 3.401084e+03 -5.215002e+04 -9.431917e+03 -4.820704e+03 -1.243129e+03 -2.143886e+04 -3.942478e+03 -5.214391e+04 1.063223e+04 8.231422e+02
-3.333333e-03 1.057922e+04 6.390861e+03 1.467468e+03 2.605053e+04 -4.514137e+03 -5.835892e+04 1.325372e+04 1.007953e+03 1.440856e+03 -2.608980e+04 -8.130541e+03 4.350998e+03 -1.321829e+04 9.780730e+02 -3.074736e+03 4.491685e+04 1.761894e+03 -2.968318e+04 -9.270027e+03 5.640395e+03 1.505881e+04 -1.240271e+03 3.459710e+03 -5.120155e+04 -9.277957e+03 -4.926059e+03 -1.195779e+03 -2.289709e+04 -4.005541e+03 -5.119555e+04 1.163417e+04 7.876730e+02
-3.131313e-03 1.035118e+04 6.523388e+03 1.405623e+03 2.772672e+04 -4.586259e+03 -5.699749e+04 1.440770e+04 9.611146e+02 1.379621e+03 -2.776442e+04 -7.954633e+03 4.440470e+03 -1.437407e+04 9.319590e+02 -3.123087e+03 4.386832e+04 1.687396e+03 -3.159393e+04 -9.069855e+03 5.755064e+03 1.637643e+04 -1.182703e+03 3.516750e+03 -5.000670e+04 -9.077616e+03 -5.029638e+03 -1.145124e+03 -2.436615e+04 -4.066882e+03 -5.000083e+04 1.264642e+04 7.504392e+02
-2.929293e-03 1.006767e+04 6.653001e+03 1.339664e+03 2.940383e+04 -4.656059e+03 -5.534225e+04 1.556527e+04 9.119646e+02 1.314404e+03 -2.943990e+04 -7.736166e+03 4.527957e+03 -1.553348e+04 8.836800e+02 -3.169856e+03 4.259374e+04 1.607987e+03 -3.350573e+04 -8.821113e+03 5.867226e+03 1.769821e+04 -1.122285e+03 3.571948e+03 -4.855414e+04 -8.828664e+03 -5.130904e+03 -1.091147e+03 -2.583596e+04 -4.126224e+03 -4.854843e+04 1.366180e+04 7.114712e+02
-2.727273e-03 9.726607e+03 6.778967e+03 1.269592e+03 3.106914e+04 -4.723203e+03 -5.338275e+04 1.671738e+04 8.605478e+02 1.245216e+03 -3.110356e+04 -7.473548e+03 4.612966e+03 -1.668746e+04 8.332857e+02 -3.214822e+03 4.108507e+04 1.523671e+03 -3.540410e+04 -8.521982e+03 5.976247e+03 1.901381e+04 -1.059072e+03 3.625042e+03 -4.683467e+04 -8.529281e+03 -5.229288e+03 -1.033852e+03 -2.729538e+04 -4.183287e+03 -4.682916e+04 1.467239e+04 6.708108e+02
-2.525253e-03 9.326476e+03 6.900524e+03 1.195445e+03 3.270884e+04 -4.787357e+03 -5.111152e+04 1.785420e+04 8.069247e+02 1.172095e+03 -3.274160e+04 -7.165625e+03 4.694985e+03 -1.782614e+04 7.808404e+02 -3.257763e+03 3.933655e+04 1.434496e+03 -3.727328e+04 -8.171144e+03 6.081466e+03 2.031198e+04 -9.931350e+02 3.675765e+03 -4.484176e+04 -8.178146e+03 -5.324198e+03 -9.732712e+02 -2.873232e+04 -4.237788e+03 -4.483647e+04 1.566955e+04 6.285111e+02
-2.323232e-03 8.866436e+03 7.016887e+03 1.117293e+03 3.430819e+04 -4.848184e+03 -4.852455e+04 1.896516e+04 7.511718e+02 1.095115e+03 -3.433931e+04 -6.811753e+03 4.773484e+03 -1.893897e+04 7.264230e+02 -3.298456e+03 3.734513e+04 1.340546e+03 -3.909649e+04 -7.767862e+03 6.182199e+03 2.158068e+04 -9.245687e+02 3.723854e+03 -4.257188e+04 -7.774520e+03 -5.415024e+03 -9.094638e+02 -3.013387e+04 -4.289443e+03 -4.256686e+04 1.664403e+04 5.846367e+02
-2.121212e-03 8.346400e+03 7.127252e+03 1.035246e+03 3.585170e+04 -4.905352e+03 -4.562180e+04 2.003919e+04 6.933824e+02 1.014385e+03 -3.588119e+04 -6.411867e+03 4.847926e+03 -2.001482e+04 6.701267e+02 -3.336682e+03 3.511075e+04 1.241956e+03 -4.085603e+04 -7.312061e+03 6.277752e+03 2.280723e+04 -8.534865e+02 3.769045e+03 -4.002501e+04 -7.318331e+03 -5.501144e+03 -8.425205e+02 -3.148644e+04 -4.337974e+03 -4.002028e+04 1.758610e+04 5.392636e+02
-1.919192e-03 7.767118e+03 7.230815e+03 9.494527e+02 3.732337e+04 -4.958535e+03 -4.240756e+04 2.106480e+04 6.336660e+02 9.300542e+02 -3.735129e+04 -5.966547e+03 4.917768e+03 -2.104219e+04 6.120591e+02 -3.372228e+03 3.263674e+04 1.138906e+03 -4.253369e+04 -6.804399e+03 6.367425e+03 2.397852e+04 -7.800227e+02 3.811083e+03 -3.720490e+04 -6.810237e+03 -5.581934e+03 -7.725636e+02 -3.277604e+04 -4.383107e+03 -3.720050e+04 1.848570e+04 4.924789e+02
-1.717172e-03 7.130240e+03 7.326780e+03 8.601047e+02 3.870699e+04 -5.007420e+03 -3.889081e+04 2.203037e+04 5.721484e+02 8.423080e+02 -3.873341e+04 -5.477059e+03 4.982477e+03 -2.200944e+04 5.523415e+02 -3.404887e+03 2.992999e+04 1.031622e+03 -4.411098e+04 -6.246323e+03 6.450527e+03 2.508126e+04 -7.043317e+02 3.849720e+03 -3.411945e+04 -6.251684e+03 -5.656778e+03 -6.997482e+02 -3.398846e+04 -4.424579e+03 -3.411541e+04 1.933263e+04 4.443805e+02
-1.515152e-03 6.438361e+03 7.414372e+03 7.674339e+02 3.998646e+04 -5.051710e+03 -3.508542e+04 2.292434e+04 5.089710e+02 7.513729e+02 -4.001149e+04 -4.945393e+03 5.041532e+03 -2.290497e+04 4.911085e+02 -3.434464e+03 2.700119e+04 9.203850e+02 -4.556956e+04 -5.640103e+03 6.526385e+03 2.610225e+04 -6.265875e+02 3.884723e+03 -3.078081e+04 -5.644945e+03 -5.725076e+03 -6.242626e+02 -3.510960e+04 -4.462142e+03 -3.077717e+04 2.011675e+04 3.950766e+02
-1.313131e-03 5.695037e+03 7.492852e+03 6.717138e+02 4.114617e+04 -5.091127e+03 -3.101027e+04 2.373547e+04 4.442899e+02 6.575136e+02 -4.116992e+04 -4.374280e+03 5.094438e+03 -2.371753e+04 4.285068e+02 -3.460777e+03 2.386486e+04 8.055197e+02 -4.689162e+04 -4.988853e+03 6.594357e+03 2.702865e+04 -5.469825e+02 3.915873e+03 -2.720555e+04 -4.993137e+03 -5.786257e+03 -5.463276e+02 -3.612579e+04 -4.495562e+03 -2.720233e+04 2.082822e+04 3.446849e+02
-1.111111e-03 4.904776e+03 7.561534e+03 5.732572e+02 4.217135e+04 -5.125418e+03 -2.668917e+04 2.445314e+04 3.782750e+02 5.610323e+02 -4.219395e+04 -3.767176e+03 5.140734e+03 -2.443648e+04 3.646946e+02 -3.483661e+03 2.053930e+04 6.873999e+02 -4.806030e+04 -4.296521e+03 6.653848e+03 2.784832e+04 -4.657264e+02 3.942970e+03 -2.341454e+04 -4.300212e+03 -5.839790e+03 -4.661956e+02 -3.702407e+04 -4.524630e+03 -2.341176e+04 2.145770e+04 2.933318e+02
-9.090909e-04 4.073002e+03 7.619796e+03 4.724145e+02 4.304844e+04 -5.154356e+03 -2.215064e+04 2.506759e+04 3.111090e+02 4.622660e+02 -4.307006e+04 -3.128242e+03 5.180002e+03 -2.505203e+04 2.998402e+02 -3.502967e+03 1.704648e+04 5.664427e+02 -4.906018e+04 -3.567854e+03 6.704315e+03 2.855012e+04 -3.830449e+02 3.965837e+03 -1.943282e+04 -3.570920e+03 -5.885194e+03 -3.841487e+02 -3.779260e+04 -4.549155e+03 -1.943051e+04 2.199665e+04 2.411515e+02
-7.070707e-04 3.205980e+03 7.667094e+03 3.695693e+02 4.376549e+04 -5.177749e+03 -1.742757e+04 2.557023e+04 2.429852e+02 3.615832e+02 -4.378629e+04 -2.462281e+03 5.211878e+03 -2.555558e+04 2.341206e+02 -3.518570e+03 1.341170e+04 4.431051e+02 -4.987760e+04 -2.808335e+03 6.745288e+03 2.912421e+04 -2.991771e+02 3.984320e+03 -1.528923e+04 -2.810748e+03 -5.922049e+03 -3.004952e+02 -3.842088e+04 -4.568977e+03 -1.528742e+04 2.243752e+04 1.882849e+02
-5.050505e-04 2.310712e+03 7.702978e+03 2.651347e+02 4.431247e+04 -5.195436e+03 -1.255670e+04 2.595383e+04 1.741066e+02 2.593797e+02 -4.433265e+04 -1.774664e+03 5.236061e+03 -2.593987e+04 1.677203e+02 -3.530365e+03 9.663201e+03 3.178781e+02 -5.050116e+04 -2.024094e+03 6.776374e+03 2.956235e+04 -2.143742e+02 3.998295e+03 -1.101599e+04 -2.025834e+03 -5.950007e+03 -2.155669e+02 -3.890015e+04 -4.583962e+03 -1.101468e+04 2.277398e+04 1.348786e+02
-3.030303e-04 1.394811e+03 7.727099e+03 1.595470e+02 4.468159e+04 -5.207297e+03 -7.577874e+03 2.621278e+04 1.046833e+02 1.560736e+02 -4.470135e+04 -1.071226e+03 5.252316e+03 -2.619928e+04 1.008296e+02 -3.538273e+03 5.831659e+03 1.912809e+02 -5.092195e+04 -1.221794e+03 6.797271e+03 2.985811e+04 -1.288964e+02 4.007666e+03 -6.648062e+03 -1.222845e+03 -5.968799e+03 -1.297139e+02 -3.922357e+04 -4.594010e+03 -6.647273e+03 2.300111e+04 8.108355e+01
-1.010101e-04 4.663438e+02 7.739219e+03 5.326040e+01 4.486750e+04 -5.213248e+03 -2.533316e+03 2.634323e+04 3.493112e+01 5.209915e+01 -4.488705e+04 -3.581540e+02 5.260483e+03 -2.632997e+04 3.364284e+01 -3.542241e+03 1.949547e+03 6.385307e+01 -5.113389e+04 -4.084961e+02 6.807771e+03 3.000711e+04 -4.301090e+01 4.012368e+03 -2.222475e+03 -4.088473e+02 -5.978242e+03 -4.330056e+01 -3.938647e+04 -4.599051e+03 -2.222211e+03 2.311553e+04 2.705398e+01
1.010101e-04 -4.663438e+02 7.739219e+03 -5.326040e+01 4.486750e+04 -5.213248e+03 2.533316e+03 2.634323e+04 -3.493112e+01 -5.209915e+01 -4.488705e+04 3.581540e+02 5.260483e+03 -2.632997e+04 -3.364284e+01 -3.542241e+03 -1.949547e+03 -6.385307e+01 -5.113389e+04 4.084961e+02 6.807771e+03 3.000711e+04 4.301090e+01 4.012368e+03 2.222475e+03 4.088473e+02 -5.978242e+03 4.330056e+01 -3.938647e+04 -4.599051e+03 2.222211e+03 2.311553e+04 -2.705398e+01
3.030303e-04 -1.394811e+03 7.727099e+03 -1.595470e+02 4.468159e+04 -5.207297e+03 7.577874e+03 2.621278e+04 -1.046833e+02 -1.560736e+02 -4.470135e+04 1.071226e+03 5.252316e+03 -2.619928e+04 -1.008296e+02 -3.538273e+03 -5.831659e+03 -1.912809e+02 -5.092195e+04 1.221794e+03 6.797271e+03 2.985811e+04 1.288964e+02 4.007666e+03 6.648062e+03 1.222845e+03 -5.968799e+03 1.297139e+02 -3.922357e+04 -4.594010e+03 6.647273e+03 2.300111e+04 -8.108355e+01
5.050505e-04 -2.310712e+03 7.702978e+03 -2.651347e+02 4.431247e+04 -5.195436e+03 1.255670e+04 2.595383e+04 -1.741066e+02 -2.593797e+02 -4.433265e+04 1.774664e+03 5.236061e+03 -2.593987e+04 -1.677203e+02 -3.530365e+03 -9.663201e+03 -3.178781e+02 -5.050116e+04 2.024094e+03 6.776374e+03 2.956235e+04 2.143742e+02 3.998295e+03 1.101599e+04 2.025834e+03 -5.950007e+03 2.155669e+02 -3.890015e+04 -4.583962e+03 1.101468e+04 2.277398e+04 -1.348786e+02
7.070707e-04 -3.205980e+03 7.667094e+03 -3.695693e+02 4.376549e+04 -5.177749e+03 1.742757e+04 2.557023e+04 -2.429852e+02 -3.615832e+02 -4.378629e+04 2.462281e+03 5.211878e+03 -2.555558e+04 -2.341206e+02 -3.518570e+03 -1.341170e+04 -4.431051e+02 -4.987760e+04 2.808335e+03 6.745288e+03 2.912421e+04 2.991771e+02 3.984320e+03 1.528923e+04 2.810748e+03 -5.922049e+03 3.004952e+02 -3.842088e+04 -4.568977e+03 1.528742e+04 2.243752e+04 -1.882849e+02
9.090909e-04 -4.073002e+03 7.619796e+03 -4.724145e+02 4.304844e+04 -5.154356e+03 2.215064e+04 2.506759e+04 -3.111090e+02 -4.622660e+02 -4.307006e+04 3.128242e+03 5.180002e+03 -2.505203e+04 -2.998402e+02 -3.502967e+03 -1.704648e+04 -5.664427e+02 -4.906018e+04 3.567854e+03 6.704315e+03 2.855012e+04 3.830449e+02 3.965837e+03 1.943282e+04 3.570920e+03 -5.885194e+03 3.841487e+02 -3.779260e+04 -4.549155e+03 1.943051e+04 2.199665e+04 -2.411515e+02
1.111111e-03 -4.904776e+03 7.561534e+03 -5.732572e+02 4.217135e+04 -5.125418e+03 2.668917e+04 2.445314e+04 -3.782750e+02 -5.610323e+02 -4.219395e+04 3.767176e+03 5.140734e+03 -2.443648e+04 -3.646946e+02 -3.483661e+03 -2.053930e+04 -6.873999e+02 -4.806030e+04 4.296521e+03 6.653848e+03 2.784832e+04 4.657264e+02 3.942970e+03 2.341454e+04 4.300212e+03 -5.839790e+03 4.661956e+02 -3.702407e+04 -4.524630e+03 2.341176e+04 2.145770e+04 -2.933318e+02
1.313131e-03 -5.695037e+03 7.492852e+03 -6.717138e+02 4.114617e+04 -5.091127e+03 3.101027e+04 2.373547e+04 -4.442899e+02 -6.575136e+02 -4.116992e+04 4.374280e+03 5.094438e+03 -2.371753e+04 -4.285068e+02 -3.460777e+03 -2.386486e+04 -8.055197e+02 -4.689162e+04 4.988853e+03 6.594357e+03 2.702865e+04 5.469825e+02 3.915873e+03 2.720555e+04 4.993137e+03 -5.786257e+03 5.463276e+02 -3.612579e+04 -4.495562e+03 2.720233e+04 2.082822e+04 -3.446849e+02
1.515152e-03 -6.438361e+03 7.414372e+03 -7.674339e+02 3.998646e+04 -5.051710e+03 3.508542e+04 2.292434e+04 -5.089710e+02 -7.513729e+02 -4.001149e+04 4.945393e+03 5.041532e+03 -2.290497e+04 -4.911085e+02 -3.434464e+03 -2.700119e+04 -9.203850e+02 -4.556956e+04 5.640103e+03 6.526385e+03 2.610225e+04 6.265875e+02 3.884723e+03 3.078081e+04 5.644945e+03 -5.725076e+03 6.242626e+02 -3.510960e+04 -4.462142e+03 3.077717e+04 2.011675e+04 -3.950766e+02
1.717172e-03 -7.130240e+03 7.326780e+03 -8.601047e+02 3.870699e+04 -5.007420e+03 3.889081e+04 2.203037e+04 -5.721484e+02 -8.423080e+02 -3.873341e+04 5.477059e+03 4.982477e+03 -2.200944e+04 -5.523415e+02 -3.404887e+03 -2.992999e+04 -1.031622e+03 -4.411098e+04 6.246323e+03 6.450527e+03 2.508126e+04 7.043317e+02 3.849720e+03 3.411945e+04 6.251684e+03 -5.656778e+03 6.997482e+02 -3.398846e+04 -4.424579e+03 3.411541e+04 1.933263e+04 -4.443805e+02
1.919192e-03 -7.767118e+03 7.230815e+03 -9.494527e+02 3.732337e+04 -4.958535e+03 4.240756e+04 2.106480e+04 -6.336660e+02 -9.300542e+02 -3.735129e+04 5.966547e+03 4.917768e+03 -2.104219e+04 -6.120591e+02 -3.372228e+03 -3.263674e+04 -1.138906e+03 -4.253369e+04 6.804399e+03 6.367425e+03 2.397852e+04 7.800227e+02 3.811083e+03 3.720490e+04 6.810237e+03 -5.581934e+03 7.725636e+02 -3.277604e+04 -4.383107e+03 3.720050e+04 1.848570e+04 -4.924789e+02
2.121212e-03 -8.346400e+03 7.127252e+03 -1.035246e+03 3.585170e+04 -4.905352e+03 4.562180e+04 2.003919e+04 -6.933824e+02 -1.014385e+03 -3.588119e+04 6.411867e+03 4.847926e+03 -2.001482e+04 -6.701267e+02 -3.336682e+03 -3.511075e+04 -1.241956e+03 -4.085603e+04 7.312061e+03 6.277752e+03 2.280723e+04 8.534865e+02 3.769045e+03 4.002501e+04 7.318331e+03 -5.501144e+03 8.425205e+02 -3.148644e+04 -4.337974e+03 4.002028e+04 1.758610e+04 -5.392636e+02
2.323232e-03 -8.866436e+03 7.016887e+03 -1.117293e+03 3.430819e+04 -4.848184e+03 4.852455e+04 1.896516e+04 -7.511718e+02 -1.095115e+03 -3.433931e+04 6.811753e+03 4.773484e+03 -1.893897e+04 -7.264230e+02 -3.298456e+03 -3.734513e+04 -1.340546e+03 -3.909649e+04 7.767862e+03 6.182199e+03 2.158068e+04 9.245687e+02 3.723854e+03 4.257188e+04 7.774520e+03 -5.415024e+03 9.094638e+02 -3.013387e+04 -4.289443e+03 4.256686e+04 1.664403e+04 -5.846367e+02
2.525253e-03 -9.326476e+03 6.900524e+03 -1.195445e+03 3.270884e+04 -4.787357e+03 5.111152e+04 1.785420e+04 -8.069247e+02 -1.172095e+03 -3.274160e+04 7.165625e+03 4.694985e+03 -1.782614e+04 -7.808404e+02 -3.257763e+03 -3.933655e+04 -1.434496e+03 -3.727328e+04 8.171144e+03 6.081466e+03 2.031198e+04 9.931350e+02 3.675765e+03 4.484176e+04 8.178146e+03 -5.324198e+03 9.732712e+02 -2.873232e+04 -4.237788e+03 4.483647e+04 1.566955e+04 -6.285111e+02
2.727273e-03 -9.726607e+03 6.778967e+03 -1.269592e+03 3.106914e+04 -4.723203e+03 5.338275e+04 1.671738e+04 -8.605478e+02 -1.245216e+03 -3.110356e+04 7.473548e+03 4.612966e+03 -1.668746e+04 -8.332857e+02 -3.214822e+03 -4.108507e+04 -1.523671e+03 -3.540410e+04 8.521982e+03 5.976247e+03 1.901381e+04 1.059072e+03 3.625042e+03 4.683467e+04 8.529281e+03 -5.229288e+03 1.033852e+03 -2.729538e+04 -4.183287e+03 4.682916e+04 1.467239e+04 -6.708108e+02
2.929293e-03 -1.006767e+04 6.653001e+03 -1.339664e+03 2.940383e+04 -4.656059e+03 5.534225e+04 1.556527e+04 -9.119646e+02 -1.314404e+03 -2.943990e+04 7.736166e+03 4.527957e+03 -1.553348e+04 -8.836800e+02 -3.169856e+03 -4.259374e+04 -1.607987e+03 -3.350573e+04 8.821113e+03 5.867226e+03 1.769821e+04 1.122285e+03 3.571948e+03 4.855414e+04 8.828664e+03 -5.130904e+03 1.091147e+03 -2.583596e+04 -4.126224e+03 4.854843e+04 1.366180e+04 -7.114712e+02
3.131313e-03 -1.035118e+04 6.523388e+03 -1.405623e+03 2.772672e+04 -4.586259e+03 5.699749e+04 1.440770e+04 -9.611146e+02 -1.379621e+03 -2.776442e+04 7.954633e+03 4.440470e+03 -1.437407e+04 -9.319590e+02 -3.123087e+03 -4.386832e+04 -1.687396e+03 -3.159393e+04 9.069855e+03 5.755064e+03 1.637643e+04 1.182703e+03 3.516750e+03 5.000670e+04 9.077616e+03 -5.029638e+03 1.145124e+03 -2.436615e+04 -4.066882e+03 5.000083e+04 1.264642e+04 -7.504392e+02
3.333333e-03 -1.057922e+04 6.390861e+03 -1.467468e+03 2.605053e+04 -4.514137e+03 5.835892e+04 1.325372e+04 -1.007953e+03 -1.440856e+03 -2.608980e+04 8.130541e+03 4.350998e+03 -1.321829e+04 -9.780730e+02 -3.074736e+03 -4.491685e+04 -1.761894e+03 -2.968318e+04 9.270027e+03 5.640395e+03 1.505881e+04 1.240271e+03 3.459710e+03 5.120155e+04 9.277957e+03 -4.926059e+03 1.195779e+03 -2.289709e+04 -4.005541e+03 5.119555e+04 1.163417e+04 -7.876730e+02
3.535354e-03 -1.075432e+04 6.256111e+03 -1.525224e+03 2.438674e+04 -4.440019e+03 5.943950e+04 1.211149e+04 -1.052451e+03 -1.498133e+03 -2.442754e+04 8.265842e+03 4.260006e+03 -1.207433e+04 -1.021986e+03 -3.025020e+03 -4.574928e+04 -1.831509e+03 -2.778659e+04 9.423860e+03 5.523819e+03 1.375466e+04 1.294954e+03 3.401084e+03 5.215002e+04 9.431917e+03 -4.820704e+03 1.243129e+03 -2.143886e+04 -3.942478e+03 5.214391e+04 1.063223e+04 -8.231422e+02
3.737374e-03 -1.087942e+04 6.119788e+03 -1.578946e+03 2.274562e+04 -4.364221e+03 6.025410e+04 1.098827e+04 -1.094593e+03 -1.551495e+03 -2.278787e+04 8.362772e+03 4.167933e+03 -1.094944e+04 -1.063676e+03 -2.974149e+03 -4.637707e+04 -1.896303e+03 -2.591584e+04 9.533907e+03 5.405898e+03 1.247228e+04 1.346737e+03 3.341123e+03 5.286518e+04 9.542056e+03 -4.714081e+03 1.287216e+03 -2.000044e+04 -3.877959e+03 5.285899e+04 9.646948e+03 -8.568271e+02
3.939394e-03 -1.095771e+04 5.982495e+03 -1.628708e+03 2.113612e+04 -4.287049e+03 6.081912e+04 9.890343e+03 -1.134378e+03 -1.601013e+03 -2.117974e+04 8.423784e+03 4.075183e+03 -9.849939e+03 -1.103133e+03 -2.922327e+03 -4.681282e+04 -1.956364e+03 -2.408116e+04 9.602969e+03 5.287155e+03 1.121885e+04 1.395618e+03 3.280068e+03 5.336139e+04 9.611174e+03 -4.606658e+03 1.328099e+03 -1.858967e+04 -3.812246e+03 5.335515e+04 8.683848e+03 -8.887183e+02
4.141414e-03 -1.099259e+04 5.844786e+03 -1.674608e+03 1.956592e+04 -4.208795e+03 6.115197e+04 8.823100e+03 -1.171817e+03 -1.646773e+03 -1.961082e+04 8.451476e+03 3.982133e+03 -8.781209e+03 -1.140360e+03 -2.869750e+03 -4.706992e+04 -2.011804e+03 -2.229130e+04 9.634013e+03 5.168071e+03 1.000051e+04 1.441614e+03 3.218151e+03 5.365393e+04 9.642241e+03 -4.498869e+03 1.365851e+03 -1.721329e+04 -3.745584e+03 5.364767e+04 7.747646e+03 -9.188161e+02
4.343434e-03 -1.098756e+04 5.707167e+03 -1.716756e+03 1.804148e+04 -4.129734e+03 6.127068e+04 7.791007e+03 -1.206934e+03 -1.688879e+03 -1.808757e+04 8.448530e+03 3.889122e+03 -7.747731e+03 -1.175371e+03 -2.816603e+03 -4.716225e+04 -2.062754e+03 -2.055361e+04 9.630104e+03 5.049081e+03 8.822375e+03 1.484753e+03 3.155589e+03 5.375862e+04 9.638327e+03 -4.391109e+03 1.400561e+03 -1.587696e+04 -3.678210e+03 5.375236e+04 6.842267e+03 -9.471302e+02
4.545455e-03 -1.094616e+04 5.570094e+03 -1.755280e+03 1.656806e+04 -4.050130e+03 6.119356e+04 6.797681e+03 -1.239761e+03 -1.727450e+03 -1.661523e+04 8.417665e+03 3.796460e+03 -6.753123e+03 -1.208190e+03 -2.763062e+03 -4.710388e+04 -2.109365e+03 -1.887409e+04 9.594345e+03 4.930582e+03 7.688566e+03 1.525079e+03 3.092589e+03 5.369152e+04 9.602535e+03 -4.283734e+03 1.432329e+03 -1.458528e+04 -3.610346e+03 5.368527e+04 5.970882e+03 -9.736782e+02
4.747475e-03 -1.087192e+04 5.433976e+03 -1.790316e+03 1.514982e+04 -3.970224e+03 6.093886e+04 5.845933e+03 -1.270341e+03 -1.762612e+03 -1.519798e+04 8.361585e+03 3.704422e+03 -5.800203e+03 -1.238851e+03 -2.709291e+03 -4.690886e+04 -2.151795e+03 -1.725750e+04 9.529822e+03 4.812925e+03 6.602295e+03 1.562646e+03 3.029345e+03 5.346862e+04 9.537955e+03 -4.177066e+03 1.461263e+03 -1.334192e+04 -3.542200e+03 5.346241e+04 5.135958e+03 -9.984856e+02
4.949495e-03 -1.076831e+04 5.299173e+03 -1.822009e+03 1.378991e+04 -3.890244e+03 6.052449e+04 4.937841e+03 -1.298726e+03 -1.794503e+03 -1.383896e+04 8.282940e+03 3.613252e+03 -4.891049e+03 -1.267395e+03 -2.655442e+03 -4.659096e+04 -2.190217e+03 -1.570740e+04 9.439563e+03 4.696423e+03 5.565930e+03 1.597516e+03 2.966035e+03 5.310565e+04 9.447618e+03 -4.071387e+03 1.487478e+03 -1.214962e+04 -3.473966e+03 5.309949e+04 4.339318e+03 -1.021585e+03
5.151515e-03 -1.063867e+04 5.166002e+03 -1.850509e+03 1.249055e+04 -3.810399e+03 5.996786e+04 4.074813e+03 -1.324971e+03 -1.823265e+03 -1.254038e+04 8.184297e+03 3.523166e+03 -4.027069e+03 -1.293872e+03 -2.601657e+03 -4.616357e+04 -2.224809e+03 -1.422635e+04 9.326499e+03 4.581349e+03 4.581077e+03 1.629762e+03 2.902826e+03 5.261786e+04 9.334456e+03 -3.966947e+03 1.511094e+03 -1.101034e+04 -3.405823e+03 5.261177e+04 3.582196e+03 -1.043014e+03
5.353535e-03 -1.048621e+04 5.034738e+03 -1.875969e+03 1.125314e+04 -3.730880e+03 5.928566e+04 3.257661e+03 -1.349142e+03 -1.849044e+03 -1.130365e+04 8.068114e+03 3.434350e+03 -3.209074e+03 -1.318337e+03 -2.548066e+03 -4.563953e+04 -2.255752e+03 -1.281593e+04 9.193436e+03 4.467938e+03 3.648660e+03 1.659463e+03 2.839867e+03 5.201990e+04 9.201279e+03 -3.863961e+03 1.532234e+03 -9.925299e+03 -3.337934e+03 5.201388e+04 2.865307e+03 -1.062816e+03
5.555556e-03 -1.031396e+04 4.905615e+03 -1.898546e+03 1.007834e+04 -3.651860e+03 5.849372e+04 2.486673e+03 -1.371306e+03 -1.871989e+03 -1.012944e+04 7.936723e+03 3.346962e+03 -2.437353e+03 -1.340850e+03 -2.494786e+03 -4.503103e+04 -2.283233e+03 -1.147689e+04 9.043035e+03 4.356395e+03 2.769005e+03 1.686705e+03 2.777298e+03 5.132567e+04 9.050748e+03 -3.762617e+03 1.551022e+03 -8.895093e+03 -3.270449e+03 5.131974e+04 2.188904e+03 -1.081038e+03
5.757576e-03 -1.012479e+04 4.778832e+03 -1.918395e+03 8.966193e+03 -3.573497e+03 5.760699e+04 1.761685e+03 -1.391535e+03 -1.892248e+03 -9.017772e+03 7.792310e+03 3.261140e+03 -1.711736e+03 -1.361477e+03 -2.441924e+03 -4.434955e+04 -2.307435e+03 -1.020928e+04 8.877792e+03 4.246889e+03 1.941920e+03 1.711576e+03 2.715243e+03 5.054826e+04 8.885366e+03 -3.663071e+03 1.567584e+03 -7.919749e+03 -3.203502e+03 5.054242e+04 1.552842e+03 -1.097733e+03
5.959596e-03 -9.921342e+03 4.654553e+03 -1.935672e+03 7.916180e+03 -3.495931e+03 5.663938e+04 1.082144e+03 -1.409906e+03 -1.909970e+03 -7.968149e+03 7.636916e+03 3.176993e+03 -1.031667e+03 -1.380286e+03 -2.389577e+03 -4.360582e+04 -2.328544e+03 -9.012503e+03 8.700038e+03 4.139561e+03 1.166770e+03 1.734170e+03 2.653813e+03 4.969988e+04 8.707460e+03 -3.565454e+03 1.582043e+03 -6.998824e+03 -3.137216e+03 4.969415e+04 9.566377e+02 -1.112955e+03
6.161616e-03 -9.706088e+03 4.532913e+03 -1.950527e+03 6.927333e+03 -3.419286e+03 5.560381e+04 4.471733e+02 -1.426494e+03 -1.925302e+03 -6.979603e+03 7.472425e+03 3.094616e+03 -3.962663e+02 -1.397348e+03 -2.337830e+03 -4.280975e+04 -2.346740e+03 -7.885465e+03 8.511921e+03 4.034527e+03 4.425500e+02 1.754583e+03 2.593106e+03 4.879187e+04 8.519184e+03 -3.469873e+03 1.594522e+03 -6.131471e+03 -3.071696e+03 4.878625e+04 3.995233e+02 -1.126759e+03
6.363636e-03 -9.481278e+03 4.414016e+03 -1.963111e+03 5.998306e+03 -3.343672e+03 5.451216e+04 -1.443691e+02 -1.441379e+03 -1.938386e+03 -6.050791e+03 7.300566e+03 3.014079e+03 1.956130e+02 -1.412735e+03 -2.286757e+03 -4.197050e+04 -2.362200e+03 -6.826624e+03 8.315417e+03 3.931877e+03 -2.320475e+02 1.772912e+03 2.533211e+03 4.783464e+04 8.322514e+03 -3.376413e+03 1.605141e+03 -5.316513e+03 -3.007039e+03 4.782914e+04 -1.195030e+02 -1.139204e+03
6.565657e-03 -9.248966e+03 4.297943e+03 -1.973567e+03 5.127442e+03 -3.269185e+03 5.337528e+04 -6.938394e+02 -1.454639e+03 -1.949362e+03 -5.180061e+03 7.122914e+03 2.935438e+03 7.453321e+02 -1.426522e+03 -2.236425e+03 -4.109640e+04 -2.375098e+03 -5.834092e+03 8.112324e+03 3.831679e+03 -8.585753e+02 1.789254e+03 2.474203e+03 4.683771e+04 8.119249e+03 -3.285140e+03 1.614016e+03 -4.552502e+03 -2.943327e+03 4.683233e+04 -6.016299e+02 -1.150348e+03
6.767677e-03 -9.011011e+03 4.184754e+03 -1.982036e+03 4.312843e+03 -3.195906e+03 5.220302e+04 -1.202760e+03 -1.466355e+03 -1.958367e+03 -4.365521e+03 6.940897e+03 2.858735e+03 1.254418e+03 -1.438782e+03 -2.186890e+03 -4.019505e+04 -2.385601e+03 -4.905704e+03 7.904269e+03 3.733983e+03 -1.438775e+03 1.803707e+03 2.416148e+03 4.580972e+04 7.911018e+03 -3.196103e+03 1.621262e+03 -3.837778e+03 -2.880632e+03 4.580447e+04 -1.048192e+03 -1.160253e+03
6.969697e-03 -8.769084e+03 4.074485e+03 -1.988653e+03 3.552427e+03 -3.123906e+03 5.100426e+04 -1.672776e+03 -1.476605e+03 -1.965531e+03 -3.605093e+03 6.755797e+03 2.783996e+03 1.724522e+03 -1.449591e+03 -2.138202e+03 -3.927327e+04 -2.393870e+03 -4.039086e+03 7.692715e+03 3.638821e+03 -1.974531e+03 1.816369e+03 2.359100e+03 4.475847e+04 7.699287e+03 -3.109332e+03 1.626986e+03 -3.170519e+03 -2.819014e+03 4.475334e+04 -1.460633e+03 -1.168976e+03
7.171717e-03 -8.524678e+03 3.967157e+03 -1.993547e+03 2.843976e+03 -3.053243e+03 4.978699e+04 -2.105623e+03 -1.485466e+03 -1.970980e+03 -2.896563e+03 6.568758e+03 2.711236e+03 2.157384e+03 -1.459021e+03 -2.090400e+03 -3.833721e+04 -2.400059e+03 -3.231708e+03 7.478970e+03 3.546210e+03 -2.467826e+03 1.827335e+03 2.303107e+03 4.369096e+04 7.485363e+03 -3.024846e+03 1.631294e+03 -2.548784e+03 -2.758525e+03 4.368596e+04 -1.840472e+03 -1.176578e+03
7.373737e-03 -8.279117e+03 3.862776e+03 -1.996841e+03 2.185181e+03 -2.983964e+03 4.855830e+04 -2.503089e+03 -1.493014e+03 -1.974834e+03 -2.237628e+03 6.380799e+03 2.640460e+03 2.554797e+03 -1.467146e+03 -2.043519e+03 -3.739232e+04 -2.404317e+03 -2.480938e+03 7.264194e+03 3.456152e+03 -2.920706e+03 1.836698e+03 2.248206e+03 4.261340e+04 7.270406e+03 -2.942652e+03 1.634286e+03 -1.970553e+03 -2.699206e+03 4.260853e+04 -2.189279e+03 -1.183116e+03
7.575758e-03 -8.033568e+03 3.761333e+03 -1.998654e+03 1.573681e+03 -2.916107e+03 4.732448e+04 -2.866993e+03 -1.499325e+03 -1.977208e+03 -1.625932e+03 6.192813e+03 2.571663e+03 2.918585e+03 -1.474038e+03 -1.997585e+03 -3.644345e+04 -2.406785e+03 -1.784083e+03 7.049408e+03 3.368642e+03 -3.335251e+03 1.844551e+03 2.194428e+03 4.153133e+04 7.055441e+03 -2.862745e+03 1.636058e+03 -1.433759e+03 -2.641092e+03 4.152659e+04 -2.508648e+03 -1.188649e+03
7.777778e-03 -7.789053e+03 3.662809e+03 -1.999097e+03 1.007093e+03 -2.849702e+03 4.609106e+04 -3.199156e+03 -1.504471e+03 -1.978211e+03 -1.059096e+03 6.005587e+03 2.504833e+03 3.250576e+03 -1.479766e+03 -1.952619e+03 -3.549485e+04 -2.407595e+03 -1.138426e+03 6.835507e+03 3.283659e+03 -3.713544e+03 1.850983e+03 2.141797e+03 4.044959e+04 6.841361e+03 -2.785111e+03 1.636700e+03 -9.363173e+02 -2.584207e+03 4.044497e+04 -2.800177e+03 -1.193233e+03
7.979798e-03 -7.546458e+03 3.567172e+03 -1.998276e+03 4.830398e+02 -2.784769e+03 4.486288e+04 -3.501390e+03 -1.508523e+03 -1.977947e+03 -5.347469e+02 5.819800e+03 2.439951e+03 3.552584e+03 -1.484398e+03 -1.908637e+03 -3.455025e+04 -2.406877e+03 -5.412557e+02 6.623268e+03 3.201177e+03 -4.057657e+03 1.856080e+03 2.090329e+03 3.937242e+04 6.628946e+03 -2.709730e+03 1.636299e+03 -4.761461e+02 -2.528573e+03 3.936794e+04 -3.065453e+03 -1.196923e+03
8.181818e-03 -7.306546e+03 3.474386e+03 -1.996291e+03 -8.292256e-01 -2.721324e+03 4.364414e+04 -3.775474e+03 -1.511547e+03 -1.976515e+03 -5.053949e+01 5.636040e+03 2.376991e+03 3.826394e+03 -1.488000e+03 -1.865650e+03 -3.361288e+04 -2.404748e+03 1.010701e+01 6.413360e+03 3.121163e+03 -4.369623e+03 1.859926e+03 2.040036e+03 3.830352e+04 6.418863e+03 -2.636572e+03 1.634936e+03 -5.118822e+01 -2.474201e+03 3.829916e+04 -3.306038e+03 -1.199772e+03
8.383838e-03 -7.069969e+03 3.384403e+03 -1.993235e+03 -4.468183e+02 -2.659372e+03 4.243844e+04 -4.023147e+03 -1.513611e+03 -1.974006e+03 3.958268e+02 5.454807e+03 2.315923e+03 4.073749e+03 -1.490635e+03 -1.823663e+03 -3.268550e+04 -2.401324e+03 5.182899e+02 6.206354e+03 3.043577e+03 -4.651430e+03 1.862600e+03 1.990923e+03 3.724604e+04 6.211684e+03 -2.565603e+03 1.632688e+03 3.405738e+02 -2.421098e+03 3.724180e+04 -3.523455e+03 -1.201832e+03
8.585859e-03 -6.837276e+03 3.297174e+03 -1.989199e+03 -8.571724e+02 -2.598916e+03 4.124887e+04 -4.246095e+03 -1.514776e+03 -1.970509e+03 8.065929e+02 5.276525e+03 2.256715e+03 4.296340e+03 -1.492366e+03 -1.782678e+03 -3.177050e+04 -2.396709e+03 9.858527e+02 6.002731e+03 2.968373e+03 -4.905008e+03 1.864181e+03 1.942993e+03 3.620268e+04 6.007893e+03 -2.496786e+03 1.629627e+03 7.011054e+02 -2.369268e+03 3.619856e+04 -3.719185e+03 -1.203152e+03
8.787879e-03 -6.608926e+03 3.212643e+03 -1.984264e+03 -1.234066e+03 -2.539952e+03 4.007802e+04 -4.445946e+03 -1.515103e+03 -1.966105e+03 1.183929e+03 5.101545e+03 2.199328e+03 4.495799e+03 -1.493251e+03 -1.742695e+03 -3.086988e+04 -2.391005e+03 1.415274e+03 5.802894e+03 2.895503e+03 -5.132215e+03 1.864741e+03 1.896243e+03 3.517573e+04 5.807890e+03 -2.430077e+03 1.625821e+03 1.032310e+03 -2.318708e+03 3.517173e+04 -3.894653e+03 -1.203779e+03
8.989899e-03 -6.385295e+03 3.130748e+03 -1.978510e+03 -1.579594e+03 -2.482472e+03 3.892806e+04 -4.624262e+03 -1.514649e+03 -1.960871e+03 1.529928e+03 4.930158e+03 2.143722e+03 4.673691e+03 -1.493346e+03 -1.703709e+03 -2.998529e+04 -2.384305e+03 1.808944e+03 5.607173e+03 2.824914e+03 -5.334839e+03 1.864351e+03 1.850667e+03 3.416709e+04 5.612006e+03 -2.365432e+03 1.621334e+03 1.336023e+03 -2.269412e+03 3.416320e+04 -4.051231e+03 -1.203761e+03
9.191919e-03 -6.166686e+03 3.051427e+03 -1.972008e+03 -1.895767e+03 -2.426464e+03 3.780077e+04 -4.782538e+03 -1.513469e+03 -1.954879e+03 1.846596e+03 4.762597e+03 2.089857e+03 4.831515e+03 -1.492705e+03 -1.665713e+03 -2.911813e+04 -2.376697e+03 2.169154e+03 5.415833e+03 2.756551e+03 -5.514586e+03 1.863078e+03 1.806255e+03 3.317832e+04 5.420508e+03 -2.302801e+03 1.616227e+03 1.614004e+03 -2.221370e+03 3.317455e+04 -4.190229e+03 -1.203139e+03
9.393939e-03 -5.953336e+03 2.974615e+03 -1.964828e+03 -2.184506e+03 -2.371912e+03 3.669759e+04 -4.922196e+03 -1.511616e+03 -1.948198e+03 2.135852e+03 4.599047e+03 2.037688e+03 4.970696e+03 -1.491380e+03 -1.628696e+03 -2.826948e+04 -2.368263e+03 2.498094e+03 5.229083e+03 2.690357e+03 -5.673083e+03 1.860986e+03 1.762995e+03 3.221068e+04 5.233605e+03 -2.242135e+03 1.610554e+03 1.867936e+03 -2.174570e+03 3.220702e+04 -4.312894e+03 -1.201957e+03
9.595960e-03 -5.745427e+03 2.900245e+03 -1.957032e+03 -2.447641e+03 -2.318799e+03 3.561965e+04 -5.044586e+03 -1.509138e+03 -1.940889e+03 2.399522e+03 4.439645e+03 1.987170e+03 5.092588e+03 -1.489419e+03 -1.592647e+03 -2.744023e+04 -2.359080e+03 2.797851e+03 5.047083e+03 2.626274e+03 -5.811873e+03 1.858135e+03 1.720874e+03 3.126517e+04 5.051455e+03 -2.183382e+03 1.604368e+03 2.099421e+03 -2.128997e+03 3.126162e+04 -4.420411e+03 -1.200254e+03
9.797980e-03 -5.543089e+03 2.828249e+03 -1.948681e+03 -2.686911e+03 -2.267102e+03 3.456781e+04 -5.150987e+03 -1.506082e+03 -1.933013e+03 2.639341e+03 4.284495e+03 1.938258e+03 5.198471e+03 -1.486869e+03 -1.557553e+03 -2.663103e+04 -2.349219e+03 3.070406e+03 4.869946e+03 2.564243e+03 -5.932416e+03 1.854583e+03 1.679873e+03 3.034254e+04 4.874172e+03 -2.126490e+03 1.597718e+03 2.309981e+03 -2.084633e+03 3.033910e+04 -4.513900e+03 -1.198067e+03
1.000000e-02 -5.346406e+03 2.758559e+03 -1.939828e+03 -2.903960e+03 -2.216799e+03 3.354269e+04 -5.242605e+03 -1.502493e+03 -1.924624e+03 2.856954e+03 4.133661e+03 1.890907e+03 5.289555e+03 -1.483773e+03 -1.523398e+03 -2.584238e+04 -2.338747e+03 3.317636e+03 4.697748e+03 2.504205e+03 -6.036092e+03 1.850383e+03 1.639976e+03 2.944334e+04 4.701833e+03 -2.071407e+03 1.590649e+03 2.501058e+03 -2.041459e+03 2.944000e+04 -4.594419e+03 -1.195432e+03
