-1.000000e-02 -8.051317e+03 3.589404e+03 3.602046e+03 -3.031082e+04 -2.209713e+03 -8.852551e+04 -3.519576e+04 2.981495e+03 3.547943e+03 3.021822e+04 6.133669e+03 2.467326e+03 3.528862e+04 2.922854e+03 -1.531763e+03 6.822215e+04 4.323896e+03 3.453403e+04 7.031049e+03 3.281523e+03 -4.020630e+04 -3.621211e+03 1.575630e+03 -7.771555e+04 7.025870e+03 -2.680170e+03 -2.945225e+03 2.652360e+04 -2.109220e+03 -7.771182e+04 -3.089163e+04 2.392575e+03
-9.797980e-03 -8.584716e+03 3.787246e+03 3.707626e+03 -3.206682e+04 -2.299434e+03 -9.541234e+04 -3.745565e+04 3.055649e+03 3.649313e+03 3.196903e+04 6.541709e+03 2.603012e+03 3.755366e+04 2.992604e+03 -1.594002e+03 7.352705e+04 4.448823e+03 3.653485e+04 7.497784e+03 3.455328e+03 -4.278721e+04 -3.710064e+03 1.644229e+03 -8.376003e+04 7.492149e+03 -2.834610e+03 -3.030641e+03 2.806016e+04 -2.190291e+03 -8.375600e+04 -3.287491e+04 2.450431e+03
-9.595960e-03 -9.177038e+03 4.004167e+03 3.820967e+03 -3.399557e+04 -2.394913e+03 -1.030918e+05 -3.995819e+04 3.134344e+03 3.757951e+03 3.389209e+04 6.994885e+03 2.751785e+03 4.006183e+04 3.066380e+03 -1.660277e+03 7.944241e+04 4.582825e+03 3.873252e+04 8.016117e+03 3.645891e+03 -4.564517e+04 -3.804309e+03 1.717195e+03 -9.050011e+04 8.009970e+03 -3.003946e+03 -3.122260e+03 2.974787e+04 -2.276646e+03 -9.049574e+04 -3.507113e+04 2.511652e+03
-9.393939e-03 -9.837485e+03 4.242929e+03 3.943059e+03 -3.612222e+04 -2.496636e+03 -1.116893e+05 -4.274116e+04 3.218079e+03 3.874765e+03 3.601248e+04 7.500249e+03 2.915540e+03 4.285100e+04 3.144601e+03 -1.730936e+03 8.606492e+04 4.727046e+03 4.115569e+04 8.594110e+03 3.855640e+03 -4.882334e+04 -3.904535e+03 1.794891e+03 -9.804600e+04 8.587385e+03 -3.190336e+03 -3.220865e+03 3.160876e+04 -2.368747e+03 -9.804124e+04 -3.751345e+04 2.576592e+03
-9.191919e-03 -1.057718e+04 4.506856e+03 4.075078e+03 -3.847695e+04 -2.605138e+03 -1.213569e+05 -4.585029e+04 3.307444e+03 4.000833e+03 3.836028e+04 8.066324e+03 3.096557e+03 4.596699e+04 3.227754e+03 -1.806364e+03 9.351156e+04 4.882846e+03 4.383875e+04 9.241503e+03 4.087493e+03 -5.237390e+04 -4.011430e+03 1.877716e+03 -1.065310e+05 9.234124e+03 -3.396377e+03 -3.327388e+03 3.366923e+04 -2.467102e+03 -1.065258e+05 -4.024200e+04 2.645664e+03
-8.989899e-03 -1.140967e+04 4.799979e+03 4.218438e+03 -4.109627e+04 -2.721005e+03 -1.322798e+05 -4.934143e+04 3.403136e+03 4.137451e+03 4.097191e+04 8.703498e+03 3.297599e+03 4.946573e+04 3.316412e+03 -1.886984e+03 1.019250e+05 5.051860e+03 4.682331e+04 9.970168e+03 4.344988e+03 -5.636063e+04 -4.125810e+03 1.966101e+03 -1.161176e+05 9.962046e+03 -3.625216e+03 -3.442945e+03 3.596124e+04 -2.572278e+03 -1.161119e+05 -4.330580e+04 2.719357e+03
-8.787879e-03 -1.235164e+04 5.127238e+03 4.374857e+03 -4.402483e+04 -2.844877e+03 -1.446860e+05 -5.328344e+04 3.505996e+03 4.286186e+03 4.389187e+04 9.424552e+03 3.522057e+03 5.341622e+04 3.411262e+03 -1.973263e+03 1.114809e+05 5.236073e+03 5.016022e+04 1.079472e+04 4.632464e+03 -6.086212e+04 -4.248657e+03 2.060517e+03 -1.270061e+05 1.078574e+04 -3.880712e+03 -3.568896e+03 3.852384e+04 -2.684896e+03 -1.269998e+05 -4.676526e+04 2.798253e+03
-8.585859e-03 -1.342383e+04 5.494763e+03 4.546448e+03 -4.731772e+04 -2.977448e+03 -1.588596e+05 -5.776217e+04 3.617046e+03 4.448964e+03 4.717510e+04 1.024539e+04 3.774133e+03 5.790445e+04 3.513129e+03 -2.065711e+03 1.223980e+05 5.437920e+03 5.391228e+04 1.173332e+04 4.955304e+03 -6.597637e+04 -4.381159e+03 2.161468e+03 -1.394457e+05 1.172336e+04 -4.167652e+03 -3.706906e+03 4.140526e+04 -2.805643e+03 -1.394387e+05 -5.069573e+04 2.883058e+03
-8.383838e-03 -1.465235e+04 5.910251e+03 4.735844e+03 -5.104383e+04 -3.119466e+03 -1.751582e+05 -6.288598e+04 3.737545e+03 4.628179e+03 5.089029e+04 1.118601e+04 4.059108e+03 6.303900e+04 3.623027e+03 -2.164885e+03 1.349518e+05 5.660435e+03 5.815798e+04 1.280884e+04 5.320266e+03 -7.182711e+04 -4.524782e+03 2.269493e+03 -1.537502e+05 1.279775e+04 -4.492051e+03 -3.859050e+03 4.466576e+04 -2.935272e+03 -1.537425e+05 -5.519232e+04 2.974639e+03
-8.181818e-03 -1.607054e+04 6.383523e+03 4.946375e+03 -5.529042e+04 -3.271724e+03 -1.940384e+05 -6.879363e+04 3.869076e+03 4.826852e+03 5.512446e+04 1.227198e+04 4.383716e+03 6.895885e+04 3.742220e+03 -2.271387e+03 1.494938e+05 5.907452e+03 6.299675e+04 1.405049e+04 5.735972e+03 -7.857271e+04 -4.681362e+03 2.385153e+03 -1.703204e+05 1.403807e+04 -4.861577e+03 -4.027953e+03 4.838172e+04 -3.074604e+03 -1.703118e+05 -6.037677e+04 3.074080e+03
-7.979798e-03 -1.772159e+04 6.927316e+03 5.182330e+03 -6.016981e+04 -3.435045e+03 -2.160925e+05 -7.566560e+04 4.013664e+03 5.048870e+03 5.998957e+04 1.353640e+04 4.756694e+03 7.584480e+04 3.872313e+03 -2.385853e+03 1.664804e+05 6.183903e+03 6.855656e+04 1.549612e+04 6.213606e+03 -8.641919e+04 -4.853244e+03 2.509011e+03 -1.896761e+05 1.548213e+04 -5.286181e+03 -4.216990e+03 5.265141e+04 -3.224521e+03 -1.896665e+05 -6.640748e+04 3.182762e+03
-7.777778e-03 -1.966256e+04 7.558487e+03 5.449350e+03 -6.582916e+04 -3.610239e+03 -2.421029e+05 -8.374114e+04 4.173960e+03 5.299328e+03 6.563237e+04 1.502301e+04 5.189600e+03 8.393653e+04 4.015397e+03 -2.508940e+03 1.865139e+05 6.496269e+03 7.500510e+04 1.719570e+04 6.767965e+03 -9.563967e+04 -5.043492e+03 2.641602e+03 -2.125039e+05 1.717984e+04 -5.779029e+03 -4.430593e+03 5.760359e+04 -3.385950e+03 -2.124930e+05 -7.349441e+04 3.302484e+03
-7.575758e-03 -2.197043e+04 8.299872e+03 5.755028e+03 -7.246548e+04 -3.798039e+03 -2.731250e+05 -9.334446e+04 4.353530e+03 5.585078e+03 7.224926e+04 1.679080e+04 5.698096e+03 9.355881e+04 4.174266e+03 -2.641286e+03 2.104074e+05 6.853265e+03 8.256686e+04 1.921667e+04 7.419099e+03 -1.066042e+05 -5.256217e+03 2.783359e+03 -2.397301e+05 1.919856e+04 -6.357959e+03 -4.674728e+03 6.341066e+04 -3.559829e+03 -2.397177e+05 -8.192207e+04 3.435661e+03
-7.373737e-03 -2.475180e+04 9.183294e+03 6.109893e+03 -8.034933e+04 -3.998959e+03 -3.106206e+05 -1.049267e+05 4.557320e+03 5.915598e+03 8.011003e+04 1.892150e+04 6.304001e+03 1.051635e+05 4.352781e+03 -2.783437e+03 2.392865e+05 7.266964e+03 9.155014e+04 2.165242e+04 8.194942e+03 -1.198278e+05 -5.497115e+03 2.934492e+03 -2.726375e+05 2.163155e+04 -7.047825e+03 -4.957655e+03 7.030936e+04 -3.747022e+03 -2.726233e+05 -9.208635e+04 3.585638e+03
-7.171717e-03 -2.815903e+04 1.025464e+04 6.529063e+03 -8.986413e+04 -4.213035e+03 -3.566782e+05 -1.191361e+05 4.792471e+03 6.304475e+03 8.959692e+04 2.153189e+04 7.038776e+03 1.194001e+05 4.556495e+03 -2.935694e+03 2.747598e+05 7.754690e+03 1.023918e+05 2.463644e+04 9.135772e+03 -1.360504e+05 -5.774389e+03 3.094746e+03 -3.130592e+05 2.461212e+04 -7.884469e+03 -5.291227e+03 7.863517e+04 -3.948158e+03 -3.130427e+05 -1.045562e+05 3.757236e+03
-6.969697e-03 -3.241880e+04 1.158297e+04 7.035225e+03 -1.015750e+05 -4.439296e+03 -4.144035e+05 -1.369429e+05 5.069787e+03 6.772058e+03 1.012733e+05 2.479570e+04 7.949773e+03 1.372403e+05 4.793795e+03 -3.097814e+03 3.192192e+05 8.342414e+03 1.157358e+05 2.836730e+04 1.030222e+04 -1.563794e+05 -6.100429e+03 3.262935e+03 -3.637206e+05 2.833858e+04 -8.921833e+03 -5.693215e+03 8.888253e+04 -4.163296e+03 -3.637011e+05 -1.201829e+05 3.957756e+03
-6.767677e-03 -3.788624e+04 1.327815e+04 7.664395e+03 -1.163586e+05 -4.674656e+03 -4.886579e+05 -1.598773e+05 5.406647e+03 7.350605e+03 1.160132e+05 2.898514e+04 9.112302e+03 1.602169e+05 5.078166e+03 -3.268351e+03 3.764088e+05 9.071336e+03 1.325810e+05 3.315614e+04 1.179071e+04 -1.825615e+05 -6.495129e+03 3.435951e+03 -4.288883e+05 3.312164e+04 -1.024572e+04 -6.191807e+03 1.018184e+05 -4.391191e+03 -4.288650e+05 -1.403094e+05 4.198959e+03
-6.565657e-03 -4.515816e+04 1.552835e+04 8.478233e+03 -1.356723e+05 -4.911375e+03 -5.876029e+05 -1.905299e+05 5.833320e+03 8.095255e+03 1.352694e+05 3.455763e+04 1.065534e+04 1.909249e+05 5.433126e+03 -3.443150e+03 4.526143e+05 1.001195e+04 1.545881e+05 3.952584e+04 1.376639e+04 -2.175536e+05 -6.993093e+03 3.606530e+03 -5.157250e+05 3.948341e+04 -1.200306e+04 -6.835227e+03 1.187180e+05 -4.627583e+03 -5.156964e+05 -1.672092e+05 4.501398e+03
-6.363636e-03 -5.534370e+04 1.869144e+04 9.594149e+03 -1.621927e+05 -5.130526e+03 -7.263817e+05 -2.337548e+05 6.408715e+03 9.110871e+03 1.617101e+05 4.236324e+04 1.282415e+04 2.342265e+05 5.904588e+03 -3.611416e+03 5.594986e+05 1.129839e+04 1.848068e+05 4.844809e+04 1.654338e+04 -2.668964e+05 -7.661583e+03 3.757499e+03 -6.375208e+05 4.839416e+04 -1.447330e+04 -7.715245e+03 1.419227e+05 -4.860744e+03 -6.374845e+05 -2.051420e+05 4.905263e+03
-6.161616e-03 -7.085438e+04 2.356742e+04 1.127539e+04 -2.016645e+05 -5.281596e+03 -9.378557e+05 -3.002016e+05 7.268402e+03 1.063231e+04 2.010611e+05 5.425010e+04 1.616691e+04 3.007890e+05 6.598716e+03 -3.743368e+03 7.223708e+05 1.323131e+04 2.297829e+05 6.203565e+04 2.082380e+04 -3.427453e+05 -8.655238e+03 3.843878e+03 -8.231157e+05 6.196338e+04 -1.828105e+04 -9.037491e+03 1.764578e+05 -5.057406e+03 -8.230672e+05 -2.634534e+05 5.503595e+03
-5.959596e-03 -9.865893e+04 3.254377e+04 1.431167e+04 -2.704563e+05 -5.193379e+03 -1.316748e+06 -4.209474e+05 8.831406e+03 1.336356e+04 2.696366e+05 7.555852e+04 2.231938e+04 4.217412e+05 7.845708e+03 -3.735989e+03 1.014185e+06 1.671230e+04 3.081671e+05 8.639388e+04 2.870304e+04 -4.805724e+05 -1.045172e+04 3.714764e+03 -1.155642e+06 8.628659e+04 -2.529006e+04 -1.141858e+04 2.366412e+05 -5.100895e+03 -1.155571e+06 -3.694157e+05 6.586026e+03
-5.757576e-03 -1.821391e+05 6.106648e+04 2.385582e+04 -4.688655e+05 -3.648191e+03 -2.450787e+06 -7.915877e+05 1.392851e+04 2.189562e+04 4.673893e+05 1.395301e+05 4.186214e+04 7.930055e+05 1.189394e+04 -2.846375e+03 1.887602e+06 2.762317e+04 5.342403e+05 1.595297e+05 5.373715e+04 -9.036338e+05 -1.627674e+04 2.302193e+03 -2.150914e+06 1.593063e+05 -4.755600e+04 -1.888049e+04 4.101953e+05 -4.144395e+03 -2.150765e+06 -6.946770e+05 1.012561e+04
-5.555556e-03 -1.032174e+06 3.552098e+05 1.210147e+05 -2.455113e+06 1.838448e+04 -1.400707e+07 -4.598536e+06 6.698894e+04 1.084703e+05 2.447332e+06 7.910162e+05 2.433114e+05 4.605729e+06 5.401483e+04 1.054030e+04 1.078632e+07 1.385238e+05 2.797857e+06 9.043599e+05 3.118386e+05 -5.248296e+06 -7.676639e+04 -1.707112e+04 -1.229116e+07 9.028128e+05 -2.771359e+05 -9.472603e+04 2.147529e+06 1.106552e+04 -1.229216e+07 -4.035522e+06 4.707024e+04
-5.353535e-03 1.550059e+05 -5.982166e+04 -1.596904e+04 3.009711e+05 -1.462419e+04 2.119070e+06 7.370125e+05 -7.870158e+03 -1.351649e+04 -2.997738e+05 -1.188134e+05 -4.094139e+04 -7.381227e+05 -5.332499e+03 -9.650758e+03 -1.632035e+06 -1.779279e+04 -3.429264e+05 -1.358496e+05 -5.235471e+04 8.411112e+05 8.519994e+03 1.177330e+04 1.859768e+06 -1.355662e+05 4.679631e+04 1.217552e+04 -2.630977e+05 -1.205629e+04 1.859584e+06 6.467700e+05 -5.024653e+03
-5.151515e-03 6.554859e+04 -2.980254e+04 -5.842174e+03 8.560554e+04 -1.328073e+04 9.031183e+05 3.428943e+05 -2.501072e+03 -4.452338e+03 -8.510821e+04 -5.026003e+04 -2.037115e+04 -3.433382e+05 -1.065034e+03 -8.909224e+03 -6.955347e+05 -6.209175e+03 -9.753114e+04 -5.747777e+04 -2.600616e+04 3.912483e+05 2.377273e+03 1.050541e+04 7.926115e+05 -5.731623e+04 2.336075e+04 4.253297e+03 -7.470136e+04 -1.130090e+04 7.925069e+05 3.009052e+05 -1.298662e+03
-4.949495e-03 7.716916e+04 -3.200089e+04 -6.027458e+03 1.121773e+05 -1.421777e+04 1.070594e+06 3.927184e+05 -2.139272e+03 -4.573067e+03 -1.116122e+05 -5.917971e+04 -2.188078e+04 -3.932227e+05 -6.383523e+02 -9.532366e+03 -8.245024e+05 -6.391758e+03 -1.278098e+05 -6.766294e+04 -2.793172e+04 4.480957e+05 1.935929e+03 1.121867e+04 9.395798e+05 -6.749299e+04 2.508459e+04 4.381241e+03 -9.796064e+04 -1.212004e+04 9.394698e+05 3.446266e+05 -9.466136e+02
-4.747475e-03 2.188454e+05 -6.401450e+04 -1.487330e+04 4.803617e+05 -1.620060e+04 3.055457e+06 9.739420e+05 -3.895273e+03 -1.241931e+04 -4.788432e+05 -1.678413e+05 -4.386302e+04 -9.753489e+05 -1.365474e+03 -1.065953e+04 -2.353088e+06 -1.645367e+04 -5.473518e+05 -1.917978e+05 -5.602185e+04 1.111452e+06 3.902267e+03 1.282582e+04 2.681465e+06 -1.915095e+05 5.013766e+04 1.128208e+04 -4.202376e+05 -1.353686e+04 2.681281e+06 8.546773e+05 -1.611384e+03
-4.545455e-03 -7.718207e+05 1.404599e+05 4.398532e+04 -2.199924e+06 -1.433958e+04 -1.084380e+07 -2.982858e+06 5.516557e+03 4.025068e+04 2.194857e+06 5.920043e+05 9.665453e+04 2.987742e+06 1.669574e+03 -1.092431e+04 8.351040e+06 5.076615e+04 2.506811e+06 6.761788e+05 1.234278e+05 -3.404646e+06 -6.864797e+03 1.103415e+04 -9.516312e+06 6.757411e+05 -1.099749e+05 -3.483312e+04 1.926160e+06 -1.400043e+04 -9.515975e+06 -2.617603e+06 1.019496e+03
-4.343434e-03 -3.388670e+04 -1.098506e+04 1.561675e+03 -2.157606e+05 -1.855495e+04 -4.784187e+05 -2.651437e+04 -1.592524e+02 2.417440e+03 2.155721e+05 2.598706e+04 -7.419187e+03 2.674816e+04 7.206188e+02 -1.266112e+04 3.684398e+05 2.399369e+03 2.458762e+05 2.962479e+04 -9.469958e+03 -3.047149e+04 -4.512467e+02 1.452084e+04 -4.198111e+05 2.972644e+04 8.624210e+03 -1.644313e+03 1.891685e+05 -1.618970e+04 -4.198757e+05 -2.327475e+04 1.451297e+02
-4.141414e-03 1.093572e+06 -1.614930e+05 -3.728730e+04 3.066175e+06 -1.539366e+04 1.554992e+07 4.201638e+06 1.756391e+04 -3.236244e+04 -3.058834e+06 -8.389957e+05 -1.113573e+05 -4.208660e+06 2.262780e+04 -8.906698e+03 -1.197780e+07 -4.187518e+04 -3.493073e+06 -9.580684e+05 -1.415682e+05 4.795987e+06 -2.071616e+04 1.147160e+04 1.364935e+07 -9.576574e+05 1.270487e+05 2.887923e+04 -2.685005e+06 -1.218431e+04 1.364562e+07 3.687096e+06 1.931773e+04
-3.939394e-03 2.279223e+05 -4.465616e+04 -5.405611e+03 5.254587e+05 -2.395008e+04 3.263184e+06 9.752824e+05 5.384129e+03 -3.557281e+03 -5.241320e+05 -1.749362e+05 -3.065502e+04 -9.764940e+05 7.280980e+03 -1.598574e+04 -2.512907e+06 -5.371096e+03 -5.987634e+05 -1.997898e+05 -3.898662e+04 1.112781e+06 -6.952679e+03 1.854813e+04 2.863648e+06 -1.995682e+05 3.513363e+04 3.729880e+03 -4.599639e+05 -2.068503e+04 2.863508e+06 8.558354e+05 5.760058e+03
-3.737374e-03 -2.252543e+04 -3.099218e+04 -1.020832e+02 -3.015884e+05 -3.436853e+04 -3.235255e+05 1.348022e+05 -1.226741e+03 1.592418e+03 3.015219e+05 1.728127e+04 -2.104388e+04 -1.346218e+05 5.104443e+02 -2.339220e+04 2.491502e+05 8.970821e+02 3.436945e+05 1.962819e+04 -2.695257e+04 1.534281e+05 3.610531e+02 2.687762e+04 -2.838499e+05 1.983232e+04 2.422451e+04 -6.169988e+02 2.645826e+05 -2.993833e+04 -2.839756e+05 1.182790e+05 -3.505321e+02
-3.535354e-03 -4.080143e+06 -9.741000e+03 6.514775e+03 -1.399094e+07 -9.681080e+04 -5.905661e+07 -1.324994e+07 -1.822962e+05 9.160442e+03 1.397073e+07 3.132582e+06 -1.942702e+03 1.327033e+07 -1.795863e+05 -7.050037e+04 4.547702e+07 8.649639e+03 1.594358e+07 3.574946e+06 -8.269456e+03 -1.512235e+07 2.064966e+05 8.075758e+04 -5.182383e+07 3.575267e+06 2.492004e+03 -7.093962e+03 1.225971e+07 -8.453570e+04 -5.182401e+07 -1.162723e+07 -1.585482e+05
-3.333333e-03 -4.498793e+05 -2.296765e+04 -3.487275e+03 -1.645904e+06 -1.454242e+04 -6.544904e+06 -1.385575e+06 -2.405319e+04 -2.593972e+03 1.643839e+06 3.454538e+05 -1.513330e+04 1.387710e+06 -2.313929e+04 -1.036991e+04 5.039897e+06 -3.766504e+03 1.875633e+06 3.941699e+05 -2.011419e+04 -1.581384e+06 2.719316e+04 1.199222e+04 -5.743282e+06 3.942786e+05 1.728588e+04 2.436840e+03 1.442501e+06 -1.258605e+04 -5.743344e+06 -1.215882e+06 -2.047248e+04
-3.131313e-03 2.835126e+06 -7.129425e+04 4.453232e+04 8.357157e+06 -2.752796e+05 4.145318e+07 1.075111e+07 1.721483e+05 5.234416e+04 -8.344456e+06 -2.177460e+06 -5.132934e+04 -1.076317e+07 1.801373e+05 -1.843177e+05 -3.192085e+07 5.913701e+04 -9.523530e+06 -2.485109e+06 -6.082135e+04 1.226545e+07 -2.046657e+05 2.101668e+05 3.637628e+07 -2.484145e+06 6.023186e+04 -3.948185e+04 -7.322488e+06 -2.414402e+05 3.637593e+07 9.434299e+06 1.515365e+05
-2.929293e-03 -5.247909e+04 -1.887268e+04 -1.309365e+03 -3.058332e+05 -1.447972e+04 -7.702991e+05 -6.966601e+04 -3.678071e+03 -5.929645e+02 3.056541e+05 4.030447e+04 -1.278472e+04 6.991188e+04 -2.946504e+03 -9.892972e+03 5.931561e+05 -1.159911e+03 3.485318e+05 4.594715e+04 -1.650326e+04 -7.966361e+04 3.851174e+03 1.136645e+04 -6.759217e+05 4.603479e+04 1.462695e+04 7.764171e+02 2.682086e+05 -1.261340e+04 -6.759772e+05 -6.113817e+04 -2.847629e+03
-2.727273e-03 1.130598e+05 -1.959702e+04 3.613358e+03 1.613348e+05 -4.224241e+04 1.668642e+06 6.025461e+05 8.524576e+03 4.860810e+03 -1.608580e+05 -8.686867e+04 -1.342464e+04 -6.028954e+05 9.797674e+03 -2.862395e+04 -1.284891e+06 5.146052e+03 -1.838409e+05 -9.917897e+04 -1.701628e+04 6.870678e+05 -1.075603e+04 3.269176e+04 1.464298e+06 -9.902598e+04 1.547859e+04 -3.474192e+03 -1.411653e+05 -3.699572e+04 1.464200e+06 5.287283e+05 7.795568e+03
-2.525253e-03 1.553169e+05 -1.874904e+04 6.155980e+03 2.581150e+05 -5.906147e+04 2.301461e+06 8.194427e+05 1.283447e+04 7.624602e+03 -2.575193e+05 -1.193513e+05 -1.287443e+04 -8.198736e+05 1.433222e+04 -4.003523e+04 -1.772159e+06 8.362213e+03 -2.941307e+05 -1.362417e+05 -1.623166e+04 9.343430e+05 -1.598732e+04 4.568114e+04 2.019601e+06 -1.360611e+05 1.489202e+04 -5.654525e+03 -2.259864e+05 -5.176933e+04 2.019485e+06 7.190501e+05 1.152845e+04
-2.323232e-03 5.366485e+04 -1.547923e+04 2.547370e+03 1.764937e+03 -3.470897e+04 7.985408e+05 3.686128e+05 4.806990e+03 3.429593e+03 -1.554420e+03 -4.124798e+04 -1.056649e+04 -3.687142e+05 5.705966e+03 -2.356110e+04 -6.148806e+05 3.624395e+03 -2.001155e+03 -4.710276e+04 -1.347902e+04 4.201984e+05 -6.207599e+03 2.689542e+04 7.007542e+05 -4.699390e+04 1.214542e+04 -2.454372e+03 -1.371663e+03 -3.041181e+04 7.006840e+05 3.234490e+05 4.445240e+03
-2.121212e-03 -5.035690e+04 -1.245127e+04 -2.600896e+03 -2.247846e+05 5.488045e+03 -7.510215e+05 -1.717666e+05 -4.754898e+03 -2.484715e+03 2.246606e+05 3.869864e+04 -8.434929e+03 1.719058e+05 -4.636803e+03 3.700213e+03 5.782889e+05 -3.083860e+03 2.561696e+05 4.413755e+04 -1.095363e+04 -1.959064e+05 5.537135e+03 -4.181563e+03 -6.590158e+05 4.415204e+04 9.584820e+03 2.088503e+03 1.971361e+05 4.851006e+03 -6.590243e+05 -1.507235e+05 -3.977592e+03
-1.919192e-03 8.387483e+04 -1.413749e+04 5.025862e+03 5.183320e+04 -5.785552e+04 1.256114e+06 5.879750e+05 8.502877e+03 6.089906e+03 -5.157220e+04 -6.447990e+04 -9.665534e+03 -5.880726e+05 9.585862e+03 -3.929101e+04 -9.671998e+05 6.736735e+03 -5.905916e+04 -7.360654e+04 -1.228400e+04 6.701912e+05 -1.070748e+04 4.480524e+04 1.102274e+06 -7.347458e+04 1.113629e+04 -4.567553e+03 -4.526217e+04 -5.073882e+04 1.102189e+06 5.159303e+05 7.628068e+03
-1.717172e-03 -1.904473e+06 2.126783e+04 -1.229009e+05 -3.460864e+06 1.174937e+06 -2.859554e+07 -1.241623e+07 -2.014134e+05 -1.387973e+05 3.456201e+06 1.464145e+06 1.547648e+04 1.241796e+07 -2.175819e+05 7.979768e+05 2.201789e+07 -1.585751e+05 3.943954e+06 1.670835e+06 1.646731e+04 -1.415228e+07 2.481554e+05 -9.094025e+05 -2.509295e+07 1.668881e+06 -1.982923e+04 1.075564e+05 3.032855e+06 1.030974e+06 -2.509125e+07 -1.089466e+07 -1.765880e+05
-1.515152e-03 7.399288e+06 -1.306733e+05 5.147351e+05 1.146332e+07 -5.629956e+06 1.113957e+08 5.494492e+07 8.156060e+05 5.828160e+05 -1.144737e+07 -5.689212e+06 -9.232081e+04 -5.494555e+07 8.847892e+05 -3.825079e+06 -8.576967e+07 6.649294e+05 -1.306343e+07 -6.492298e+06 -1.064984e+05 6.262102e+07 -1.008230e+06 4.359430e+06 9.775105e+07 -6.484009e+06 1.133652e+05 -4.511832e+05 -1.004521e+07 -4.939874e+06 9.774187e+07 4.821031e+07 7.157583e+05
-1.313131e-03 4.159244e+04 -1.155087e+04 3.144267e+03 -4.571789e+04 -5.180267e+04 6.278358e+05 4.377332e+05 4.817524e+03 3.799962e+03 4.582325e+04 -3.198563e+04 -7.873561e+03 -4.376873e+05 5.483883e+03 -3.520953e+04 -4.834195e+05 4.206401e+03 5.210758e+04 -3.651489e+04 -1.009161e+04 4.988132e+05 -6.117486e+03 4.013924e+04 5.509421e+05 -3.643308e+04 9.016877e+03 -2.855089e+03 4.020433e+04 -4.544216e+04 5.508893e+05 3.840923e+05 4.329003e+03
-1.111111e-03 -3.569287e+04 -1.013152e+04 -2.714142e+03 -1.416941e+05 2.815584e+04 -5.393280e+05 -2.777618e+05 -4.169862e+03 -2.870136e+03 1.416620e+05 2.744438e+04 -6.879258e+03 2.777498e+05 -4.328505e+03 1.913714e+04 4.152703e+05 -3.382534e+03 1.614807e+05 3.130788e+04 -8.925345e+03 -3.165400e+05 5.041995e+03 -2.180061e+04 -4.732581e+05 3.128848e+04 7.804665e+03 2.296092e+03 1.243039e+05 2.471470e+04 -4.732448e+05 -2.437237e+05 -3.574963e+03
-9.090909e-04 8.412882e+01 -1.030659e+04 5.936677e+01 -9.865623e+04 -1.272313e+04 1.483922e+03 8.023437e+04 5.043448e+01 2.273061e+02 9.868147e+04 -6.736722e+01 -7.010649e+03 -8.020341e+04 2.209144e+02 -8.650543e+03 -1.141567e+03 1.735335e+02 1.124352e+05 -8.572634e+01 -9.050288e+03 9.140515e+04 -1.645073e+02 9.865312e+03 1.308305e+03 -6.468994e+01 7.983031e+03 -1.179239e+02 8.658812e+04 -1.115732e+04 1.294756e+03 7.040159e+04 1.114398e+02
-7.070707e-04 1.367065e+03 -1.010013e+04 1.564747e+02 -9.649040e+04 -1.503306e+04 2.089172e+04 9.938677e+04 2.014956e+02 2.994681e+02 9.651662e+04 -1.053475e+03 -6.870573e+03 -9.935112e+04 3.466236e+02 -1.022120e+04 -1.608520e+04 2.760636e+02 1.099670e+05 -1.208965e+03 -8.871241e+03 1.132272e+05 -3.282980e+02 1.165334e+04 1.833738e+04 -1.191038e+03 7.821283e+03 -1.875290e+02 8.468848e+04 -1.318616e+04 1.832582e+04 8.720682e+04 2.281859e+02
-5.050505e-04 -1.217647e+04 -9.854481e+03 -1.010213e+03 -1.030888e+05 2.140301e+04 -1.846847e+05 -1.907122e+05 -1.501566e+03 -1.055817e+03 1.031044e+05 9.363643e+03 -6.701364e+03 1.906676e+05 -1.547933e+03 1.455550e+04 1.422018e+05 -1.251210e+03 1.174865e+05 1.068073e+04 -8.664191e+03 -2.172981e+05 1.811213e+03 -1.658535e+04 -1.620590e+05 1.067505e+04 7.619955e+03 8.496740e+02 9.046936e+04 1.878313e+04 -1.620551e+05 -1.673399e+05 -1.281295e+03
-3.030303e-04 1.760966e+04 -9.893287e+03 1.547450e+03 -9.040499e+04 -9.438647e+04 2.675080e+05 7.208228e+05 2.242559e+03 1.801094e+03 9.043721e+04 -1.354514e+04 -6.731311e+03 -7.205958e+05 2.500029e+03 -6.418564e+04 -2.059721e+05 2.027770e+03 1.030321e+05 -1.546014e+04 -8.689264e+03 8.212406e+05 -2.821187e+03 7.315255e+04 2.347424e+05 -1.542834e+04 7.663048e+03 -1.377192e+03 7.935379e+04 -8.281704e+04 2.347220e+05 6.324844e+05 1.989301e+03
-1.010101e-04 -1.036163e+04 -9.762713e+03 -8.999131e+02 -9.685151e+04 1.341025e+05 -1.573911e+05 -1.061130e+06 -1.311947e+03 -1.000384e+03 9.687434e+04 7.969343e+03 -6.640563e+03 1.060794e+06 -1.413949e+03 9.120045e+04 1.211857e+05 -1.150761e+03 1.103785e+05 9.093400e+03 -8.581213e+03 -1.208959e+06 1.620742e+03 -1.039370e+05 -1.381112e+05 9.080828e+03 7.553113e+03 7.815625e+02 8.500244e+04 1.176692e+05 -1.381027e+05 -9.310827e+05 -1.143999e+03
1.010101e-04 1.036163e+04 -9.762713e+03 8.999131e+02 -9.685151e+04 1.341025e+05 1.573911e+05 -1.061130e+06 1.311947e+03 1.000384e+03 9.687434e+04 -7.969343e+03 -6.640563e+03 1.060794e+06 1.413949e+03 9.120045e+04 -1.211857e+05 1.150761e+03 1.103785e+05 -9.093400e+03 -8.581213e+03 -1.208959e+06 -1.620742e+03 -1.039370e+05 1.381112e+05 -9.080828e+03 7.553113e+03 -7.815625e+02 8.500244e+04 1.176692e+05 1.381027e+05 -9.310827e+05 1.143999e+03
3.030303e-04 -1.760966e+04 -9.893287e+03 -1.547450e+03 -9.040499e+04 -9.438647e+04 -2.675080e+05 7.208228e+05 -2.242559e+03 -1.801094e+03 9.043721e+04 1.354514e+04 -6.731311e+03 -7.205958e+05 -2.500029e+03 -6.418564e+04 2.059721e+05 -2.027770e+03 1.030321e+05 1.546014e+04 -8.689264e+03 8.212406e+05 2.821187e+03 7.315255e+04 -2.347424e+05 1.542834e+04 7.663048e+03 1.377192e+03 7.935379e+04 -8.281704e+04 -2.347220e+05 6.324844e+05 -1.989301e+03
5.050505e-04 1.217647e+04 -9.854481e+03 1.010213e+03 -1.030888e+05 2.140301e+04 1.846847e+05 -1.907122e+05 1.501566e+03 1.055817e+03 1.031044e+05 -9.363643e+03 -6.701364e+03 1.906676e+05 1.547933e+03 1.455550e+04 -1.422018e+05 1.251210e+03 1.174865e+05 -1.068073e+04 -8.664191e+03 -2.172981e+05 -1.811213e+03 -1.658535e+04 1.620590e+05 -1.067505e+04 7.619955e+03 -8.496740e+02 9.046936e+04 1.878313e+04 1.620551e+05 -1.673399e+05 1.281295e+03
7.070707e-04 -1.367065e+03 -1.010013e+04 -1.564747e+02 -9.649040e+04 -1.503306e+04 -2.089172e+04 9.938677e+04 -2.014956e+02 -2.994681e+02 9.651662e+04 1.053475e+03 -6.870573e+03 -9.935112e+04 -3.466236e+02 -1.022120e+04 1.608520e+04 -2.760636e+02 1.099670e+05 1.208965e+03 -8.871241e+03 1.132272e+05 3.282980e+02 1.165334e+04 -1.833738e+04 1.191038e+03 7.821283e+03 1.875290e+02 8.468848e+04 -1.318616e+04 -1.832582e+04 8.720682e+04 -2.281859e+02
9.090909e-04 -8.412882e+01 -1.030659e+04 -5.936677e+01 -9.865623e+04 -1.272313e+04 -1.483922e+03 8.023437e+04 -5.043448e+01 -2.273061e+02 9.868147e+04 6.736722e+01 -7.010649e+03 -8.020341e+04 -2.209144e+02 -8.650543e+03 1.141567e+03 -1.735335e+02 1.124352e+05 8.572634e+01 -9.050288e+03 9.140515e+04 1.645073e+02 9.865312e+03 -1.308305e+03 6.468994e+01 7.983031e+03 1.179239e+02 8.658812e+04 -1.115732e+04 -1.294756e+03 7.040159e+04 -1.114398e+02
1.111111e-03 3.569287e+04 -1.013152e+04 2.714142e+03 -1.416941e+05 2.815584e+04 5.393280e+05 -2.777618e+05 4.169862e+03 2.870136e+03 1.416620e+05 -2.744438e+04 -6.879258e+03 2.777498e+05 4.328505e+03 1.913714e+04 -4.152703e+05 3.382534e+03 1.614807e+05 -3.130788e+04 -8.925345e+03 -3.165400e+05 -5.041995e+03 -2.180061e+04 4.732581e+05 -3.128848e+04 7.804665e+03 -2.296092e+03 1.243039e+05 2.471470e+04 4.732448e+05 -2.437237e+05 3.574963e+03
1.313131e-03 -4.159244e+04 -1.155087e+04 -3.144267e+03 -4.571789e+04 -5.180267e+04 -6.278358e+05 4.377332e+05 -4.817524e+03 -3.799962e+03 4.582325e+04 3.198563e+04 -7.873561e+03 -4.376873e+05 -5.483883e+03 -3.520953e+04 4.834195e+05 -4.206401e+03 5.210758e+04 3.651489e+04 -1.009161e+04 4.988132e+05 6.117486e+03 4.013924e+04 -5.509421e+05 3.643308e+04 9.016877e+03 2.855089e+03 4.020433e+04 -4.544216e+04 -5.508893e+05 3.840923e+05 -4.329003e+03
1.515152e-03 -7.399293e+06 -1.306734e+05 -5.147354e+05 1.146333e+07 -5.629959e+06 -1.113958e+08 5.494496e+07 -8.156066e+05 -5.828164e+05 -1.144738e+07 5.689216e+06 -9.232087e+04 -5.494559e+07 -8.847898e+05 -3.825082e+06 8.576973e+07 -6.649299e+05 -1.306344e+07 6.492302e+06 -1.064985e+05 6.262107e+07 1.008231e+06 4.359433e+06 -9.775112e+07 6.484013e+06 1.133653e+05 4.511835e+05 -1.004522e+07 -4.939878e+06 -9.774193e+07 4.821034e+07 -7.157588e+05
1.717172e-03 1.904473e+06 2.126783e+04 1.229010e+05 -3.460864e+06 1.174938e+06 2.859554e+07 -1.241623e+07 2.014134e+05 1.387973e+05 3.456201e+06 -1.464145e+06 1.547648e+04 1.241796e+07 2.175820e+05 7.979768e+05 -2.201790e+07 1.585751e+05 3.943954e+06 -1.670835e+06 1.646731e+04 -1.415228e+07 -2.481555e+05 -9.094026e+05 2.509295e+07 -1.668882e+06 -1.982923e+04 -1.075564e+05 3.032855e+06 1.030974e+06 2.509125e+07 -1.089466e+07 1.765880e+05
1.919192e-03 -8.387483e+04 -1.413749e+04 -5.025862e+03 5.183320e+04 -5.785552e+04 -1.256114e+06 5.879750e+05 -8.502877e+03 -6.089906e+03 -5.157220e+04 6.447990e+04 -9.665534e+03 -5.880726e+05 -9.585862e+03 -3.929101e+04 9.671998e+05 -6.736735e+03 -5.905916e+04 7.360654e+04 -1.228400e+04 6.701912e+05 1.070748e+04 4.480524e+04 -1.102274e+06 7.347458e+04 1.113629e+04 4.567553e+03 -4.526217e+04 -5.073882e+04 -1.102189e+06 5.159303e+05 -7.628068e+03
2.121212e-03 5.035690e+04 -1.245127e+04 2.600896e+03 -2.247846e+05 5.488045e+03 7.510215e+05 -1.717666e+05 4.754898e+03 2.484715e+03 2.246606e+05 -3.869864e+04 -8.434929e+03 1.719058e+05 4.636803e+03 3.700213e+03 -5.782889e+05 3.083860e+03 2.561696e+05 -4.413755e+04 -1.095363e+04 -1.959064e+05 -5.537135e+03 -4.181563e+03 6.590158e+05 -4.415204e+04 9.584820e+03 -2.088503e+03 1.971361e+05 4.851006e+03 6.590243e+05 -1.507235e+05 3.977592e+03
2.323232e-03 -5.366485e+04 -1.547923e+04 -2.547370e+03 1.764937e+03 -3.470897e+04 -7.985408e+05 3.686128e+05 -4.806990e+03 -3.429593e+03 -1.554420e+03 4.124798e+04 -1.056649e+04 -3.687142e+05 -5.705966e+03 -2.356110e+04 6.148806e+05 -3.624395e+03 -2.001155e+03 4.710276e+04 -1.347902e+04 4.201984e+05 6.207599e+03 2.689542e+04 -7.007542e+05 4.699390e+04 1.214542e+04 2.454372e+03 -1.371663e+03 -3.041181e+04 -7.006840e+05 3.234490e+05 -4.445240e+03
2.525253e-03 -1.553169e+05 -1.874904e+04 -6.155980e+03 2.581150e+05 -5.906147e+04 -2.301461e+06 8.194427e+05 -1.283447e+04 -7.624602e+03 -2.575193e+05 1.193513e+05 -1.287443e+04 -8.198736e+05 -1.433222e+04 -4.003523e+04 1.772159e+06 -8.362213e+03 -2.941307e+05 1.362417e+05 -1.623166e+04 9.343430e+05 1.598732e+04 4.568114e+04 -2.019601e+06 1.360611e+05 1.489202e+04 5.654525e+03 -2.259864e+05 -5.176933e+04 -2.019485e+06 7.190501e+05 -1.152845e+04
2.727273e-03 -1.130598e+05 -1.959702e+04 -3.613358e+03 1.613348e+05 -4.224241e+04 -1.668642e+06 6.025461e+05 -8.524576e+03 -4.860810e+03 -1.608580e+05 8.686867e+04 -1.342464e+04 -6.028954e+05 -9.797674e+03 -2.862395e+04 1.284891e+06 -5.146052e+03 -1.838409e+05 9.917897e+04 -1.701628e+04 6.870678e+05 1.075603e+04 3.269176e+04 -1.464298e+06 9.902598e+04 1.547859e+04 3.474192e+03 -1.411653e+05 -3.699572e+04 -1.464200e+06 5.287283e+05 -7.795568e+03
2.929293e-03 5.247909e+04 -1.887268e+04 1.309365e+03 -3.058332e+05 -1.447972e+04 7.702991e+05 -6.966601e+04 3.678071e+03 5.929645e+02 3.056541e+05 -4.030447e+04 -1.278472e+04 6.991188e+04 2.946504e+03 -9.892972e+03 -5.931561e+05 1.159911e+03 3.485318e+05 -4.594715e+04 -1.650326e+04 -7.966361e+04 -3.851174e+03 1.136645e+04 6.759217e+05 -4.603479e+04 1.462695e+04 -7.764171e+02 2.682086e+05 -1.261340e+04 6.759772e+05 -6.113817e+04 2.847629e+03
3.131313e-03 -2.835126e+06 -7.129425e+04 -4.453232e+04 8.357157e+06 -2.752796e+05 -4.145318e+07 1.075111e+07 -1.721483e+05 -5.234416e+04 -8.344456e+06 2.177460e+06 -5.132934e+04 -1.076317e+07 -1.801373e+05 -1.843177e+05 3.192085e+07 -5.913701e+04 -9.523529e+06 2.485109e+06 -6.082135e+04 1.226545e+07 2.046657e+05 2.101668e+05 -3.637628e+07 2.484145e+06 6.023186e+04 3.948185e+04 -7.322488e+06 -2.414402e+05 -3.637593e+07 9.434298e+06 -1.515365e+05
3.333333e-03 4.498793e+05 -2.296765e+04 3.487275e+03 -1.645904e+06 -1.454242e+04 6.544904e+06 -1.385575e+06 2.405319e+04 2.593972e+03 1.643839e+06 -3.454538e+05 -1.513330e+04 1.387710e+06 2.313929e+04 -1.036991e+04 -5.039897e+06 3.766504e+03 1.875633e+06 -3.941699e+05 -2.011419e+04 -1.581384e+06 -2.719316e+04 1.199222e+04 5.743282e+06 -3.942786e+05 1.728588e+04 -2.436840e+03 1.442501e+06 -1.258605e+04 5.743344e+06 -1.215882e+06 2.047248e+04
3.535354e-03 4.080143e+06 -9.741000e+03 -6.514775e+03 -1.399094e+07 -9.681080e+04 5.905661e+07 -1.324994e+07 1.822962e+05 -9.160442e+03 1.397073e+07 -3.132582e+06 -1.942702e+03 1.327033e+07 1.795863e+05 -7.050037e+04 -4.547702e+07 -8.649639e+03 1.594358e+07 -3.574946e+06 -8.269456e+03 -1.512235e+07 -2.064966e+05 8.075758e+04 5.182383e+07 -3.575267e+06 2.492004e+03 7.093962e+03 1.225971e+07 -8.453570e+04 5.182401e+07 -1.162723e+07 1.585482e+05
3.737374e-03 2.252543e+04 -3.099218e+04 1.020832e+02 -3.015884e+05 -3.436853e+04 3.235255e+05 1.348022e+05 1.226741e+03 -1.592418e+03 3.015219e+05 -1.728127e+04 -2.104388e+04 -1.346218e+05 -5.104443e+02 -2.339220e+04 -2.491502e+05 -8.970821e+02 3.436945e+05 -1.962819e+04 -2.695257e+04 1.534281e+05 -3.610531e+02 2.687762e+04 2.838499e+05 -1.983232e+04 2.422451e+04 6.169988e+02 2.645826e+05 -2.993833e+04 2.839756e+05 1.182790e+05 3.505321e+02
3.939394e-03 -2.279223e+05 -4.465616e+04 5.405611e+03 5.254587e+05 -2.395008e+04 -3.263184e+06 9.752824e+05 -5.384129e+03 3.557281e+03 -5.241320e+05 1.749362e+05 -3.065502e+04 -9.764940e+05 -7.280980e+03 -1.598574e+04 2.512907e+06 5.371096e+03 -5.987634e+05 1.997898e+05 -3.898662e+04 1.112781e+06 6.952679e+03 1.854813e+04 -2.863648e+06 1.995682e+05 3.513363e+04 -3.729880e+03 -4.599639e+05 -2.068503e+04 -2.863508e+06 8.558354e+05 -5.760058e+03
4.141414e-03 -1.093572e+06 -1.614930e+05 3.728730e+04 3.066175e+06 -1.539366e+04 -1.554992e+07 4.201638e+06 -1.756391e+04 3.236244e+04 -3.058834e+06 8.389957e+05 -1.113573e+05 -4.208660e+06 -2.262780e+04 -8.906698e+03 1.197780e+07 4.187518e+04 -3.493073e+06 9.580684e+05 -1.415682e+05 4.795987e+06 2.071616e+04 1.147160e+04 -1.364935e+07 9.576574e+05 1.270487e+05 -2.887923e+04 -2.685005e+06 -1.218431e+04 -1.364562e+07 3.687096e+06 -1.931773e+04
4.343434e-03 3.388670e+04 -1.098506e+04 -1.561675e+03 -2.157606e+05 -1.855495e+04 4.784187e+05 -2.651437e+04 1.592524e+02 -2.417440e+03 2.155721e+05 -2.598706e+04 -7.419187e+03 2.674816e+04 -7.206188e+02 -1.266112e+04 -3.684398e+05 -2.399369e+03 2.458762e+05 -2.962479e+04 -9.469958e+03 -3.047149e+04 4.512467e+02 1.452084e+04 4.198111e+05 -2.972644e+04 8.624210e+03 1.644313e+03 1.891685e+05 -1.618970e+04 4.198757e+05 -2.327475e+04 -1.451297e+02
4.545455e-03 7.718207e+05 1.404599e+05 -4.398532e+04 -2.199924e+06 -1.433958e+04 1.084380e+07 -2.982858e+06 -5.516557e+03 -4.025068e+04 2.194857e+06 -5.920043e+05 9.665453e+04 2.987742e+06 -1.669574e+03 -1.092431e+04 -8.351040e+06 -5.076615e+04 2.506811e+06 -6.761788e+05 1.234278e+05 -3.404646e+06 6.864797e+03 1.103415e+04 9.516312e+06 -6.757411e+05 -1.099749e+05 3.483312e+04 1.926160e+06 -1.400043e+04 9.515975e+06 -2.617603e+06 -1.019496e+03
4.747475e-03 -2.188454e+05 -6.401450e+04 1.487330e+04 4.803617e+05 -1.620060e+04 -3.055457e+06 9.739420e+05 3.895273e+03 1.241931e+04 -4.788432e+05 1.678413e+05 -4.386302e+04 -9.753489e+05 1.365474e+03 -1.065953e+04 2.353088e+06 1.645367e+04 -5.473518e+05 1.917978e+05 -5.602184e+04 1.111452e+06 -3.902267e+03 1.282582e+04 -2.681465e+06 1.915095e+05 5.013766e+04 -1.128208e+04 -4.202376e+05 -1.353686e+04 -2.681281e+06 8.546773e+05 1.611384e+03
4.949495e-03 -7.716916e+04 -3.200089e+04 6.027458e+03 1.121773e+05 -1.421777e+04 -1.070594e+06 3.927184e+05 2.139272e+03 4.573067e+03 -1.116122e+05 5.917971e+04 -2.188078e+04 -3.932228e+05 6.383523e+02 -9.532366e+03 8.245024e+05 6.391758e+03 -1.278098e+05 6.766294e+04 -2.793172e+04 4.480957e+05 -1.935929e+03 1.121867e+04 -9.395798e+05 6.749299e+04 2.508459e+04 -4.381241e+03 -9.796064e+04 -1.212004e+04 -9.394698e+05 3.446266e+05 9.466136e+02
5.151515e-03 -6.554859e+04 -2.980254e+04 5.842174e+03 8.560554e+04 -1.328073e+04 -9.031183e+05 3.428943e+05 2.501072e+03 4.452338e+03 -8.510821e+04 5.026003e+04 -2.037115e+04 -3.433382e+05 1.065034e+03 -8.909224e+03 6.955347e+05 6.209175e+03 -9.753114e+04 5.747777e+04 -2.600616e+04 3.912483e+05 -2.377273e+03 1.050541e+04 -7.926115e+05 5.731623e+04 2.336075e+04 -4.253297e+03 -7.470136e+04 -1.130090e+04 -7.925069e+05 3.009052e+05 1.298662e+03
5.353535e-03 -1.550059e+05 -5.982166e+04 1.596904e+04 3.009711e+05 -1.462419e+04 -2.119070e+06 7.370125e+05 7.870158e+03 1.351649e+04 -2.997738e+05 1.188134e+05 -4.094139e+04 -7.381227e+05 5.332499e+03 -9.650758e+03 1.632035e+06 1.779279e+04 -3.429264e+05 1.358496e+05 -5.235471e+04 8.411112e+05 -8.519994e+03 1.177330e+04 -1.859768e+06 1.355662e+05 4.679631e+04 -1.217552e+04 -2.630977e+05 -1.205629e+04 -1.859584e+06 6.467700e+05 5.024653e+03
5.555556e-03 1.032174e+06 3.552096e+05 -1.210146e+05 -2.455112e+06 1.838447e+04 1.400707e+07 -4.598534e+06 -6.698891e+04 -1.084702e+05 2.447331e+06 -7.910158e+05 2.433113e+05 4.605727e+06 -5.401480e+04 1.054029e+04 -1.078632e+07 -1.385238e+05 2.797856e+06 -9.043594e+05 3.118384e+05 -5.248293e+06 7.676635e+04 -1.707111e+04 1.229115e+07 -9.028123e+05 -2.771358e+05 9.472598e+04 2.147528e+06 1.106551e+04 1.229215e+07 -4.035520e+06 -4.707022e+04
5.757576e-03 1.821391e+05 6.106648e+04 -2.385582e+04 -4.688655e+05 -3.648191e+03 2.450787e+06 -7.915877e+05 -1.392851e+04 -2.189562e+04 4.673893e+05 -1.395301e+05 4.186214e+04 7.930055e+05 -1.189394e+04 -2.846375e+03 -1.887602e+06 -2.762317e+04 5.342403e+05 -1.595297e+05 5.373715e+04 -9.036338e+05 1.627674e+04 2.302193e+03 2.150914e+06 -1.593063e+05 -4.755600e+04 1.888049e+04 4.101953e+05 -4.144395e+03 2.150765e+06 -6.946770e+05 -1.012561e+04
5.959596e-03 9.865893e+04 3.254377e+04 -1.431167e+04 -2.704563e+05 -5.193379e+03 1.316748e+06 -4.209474e+05 -8.831406e+03 -1.336356e+04 2.696366e+05 -7.555852e+04 2.231938e+04 4.217412e+05 -7.845708e+03 -3.735989e+03 -1.014185e+06 -1.671230e+04 3.081671e+05 -8.639388e+04 2.870304e+04 -4.805724e+05 1.045172e+04 3.714764e+03 1.155642e+06 -8.628659e+04 -2.529006e+04 1.141858e+04 2.366412e+05 -5.100895e+03 1.155571e+06 -3.694157e+05 -6.586026e+03
6.161616e-03 7.085438e+04 2.356742e+04 -1.127539e+04 -2.016645e+05 -5.281596e+03 9.378557e+05 -3.002016e+05 -7.268402e+03 -1.063231e+04 2.010611e+05 -5.425010e+04 1.616691e+04 3.007890e+05 -6.598716e+03 -3.743368e+03 -7.223708e+05 -1.323131e+04 2.297829e+05 -6.203565e+04 2.082380e+04 -3.427453e+05 8.655238e+03 3.843878e+03 8.231157e+05 -6.196338e+04 -1.828105e+04 9.037491e+03 1.764578e+05 -5.057406e+03 8.230672e+05 -2.634534e+05 -5.503595e+03
6.363636e-03 5.534370e+04 1.869144e+04 -9.594149e+03 -1.621927e+05 -5.130526e+03 7.263817e+05 -2.337548e+05 -6.408715e+03 -9.110871e+03 1.617101e+05 -4.236324e+04 1.282415e+04 2.342265e+05 -5.904588e+03 -3.611416e+03 -5.594986e+05 -1.129839e+04 1.848068e+05 -4.844809e+04 1.654338e+04 -2.668964e+05 7.661583e+03 3.757499e+03 6.375208e+05 -4.839416e+04 -1.447330e+04 7.715245e+03 1.419227e+05 -4.860744e+03 6.374845e+05 -2.051420e+05 -4.905263e+03
6.565657e-03 4.515816e+04 1.552835e+04 -8.478233e+03 -1.356723e+05 -4.911375e+03 5.876029e+05 -1.905299e+05 -5.833320e+03 -8.095255e+03 1.352694e+05 -3.455763e+04 1.065534e+04 1.909249e+05 -5.433126e+03 -3.443150e+03 -4.526143e+05 -1.001195e+04 1.545881e+05 -3.952584e+04 1.376639e+04 -2.175536e+05 6.993093e+03 3.606530e+03 5.157250e+05 -3.948341e+04 -1.200306e+04 6.835227e+03 1.187180e+05 -4.627583e+03 5.156964e+05 -1.672092e+05 -4.501398e+03
6.767677e-03 3.788624e+04 1.327815e+04 -7.664395e+03 -1.163586e+05 -4.674656e+03 4.886579e+05 -1.598773e+05 -5.406647e+03 -7.350605e+03 1.160132e+05 -2.898514e+04 9.112302e+03 1.602169e+05 -5.078166e+03 -3.268351e+03 -3.764088e+05 -9.071336e+03 1.325810e+05 -3.315614e+04 1.179071e+04 -1.825615e+05 6.495129e+03 3.435951e+03 4.288883e+05 -3.312164e+04 -1.024572e+04 6.191807e+03 1.018184e+05 -4.391191e+03 4.288650e+05 -1.403094e+05 -4.198959e+03
6.969697e-03 3.241880e+04 1.158297e+04 -7.035225e+03 -1.015750e+05 -4.439296e+03 4.144035e+05 -1.369429e+05 -5.069787e+03 -6.772058e+03 1.012733e+05 -2.479570e+04 7.949773e+03 1.372403e+05 -4.793795e+03 -3.097814e+03 -3.192192e+05 -8.342414e+03 1.157358e+05 -2.836730e+04 1.030222e+04 -1.563794e+05 6.100429e+03 3.262935e+03 3.637206e+05 -2.833858e+04 -8.921833e+03 5.693215e+03 8.888253e+04 -4.163296e+03 3.637011e+05 -1.201829e+05 -3.957756e+03
7.171717e-03 2.815903e+04 1.025464e+04 -6.529063e+03 -8.986413e+04 -4.213035e+03 3.566782e+05 -1.191361e+05 -4.792471e+03 -6.304475e+03 8.959692e+04 -2.153189e+04 7.038776e+03 1.194001e+05 -4.556495e+03 -2.935694e+03 -2.747598e+05 -7.754690e+03 1.023918e+05 -2.463644e+04 9.135772e+03 -1.360504e+05 5.774389e+03 3.094746e+03 3.130592e+05 -2.461212e+04 -7.884469e+03 5.291227e+03 7.863517e+04 -3.948158e+03 3.130427e+05 -1.045562e+05 -3.757236e+03
7.373737e-03 2.475180e+04 9.183294e+03 -6.109893e+03 -8.034933e+04 -3.998959e+03 3.106206e+05 -1.049267e+05 -4.557320e+03 -5.915598e+03 8.011003e+04 -1.892150e+04 6.304001e+03 1.051635e+05 -4.352781e+03 -2.783437e+03 -2.392865e+05 -7.266964e+03 9.155014e+04 -2.165242e+04 8.194942e+03 -1.198278e+05 5.497115e+03 2.934492e+03 2.726375e+05 -2.163155e+04 -7.047825e+03 4.957655e+03 7.030936e+04 -3.747022e+03 2.726233e+05 -9.208635e+04 -3.585638e+03
7.575758e-03 2.197043e+04 8.299872e+03 -5.755028e+03 -7.246548e+04 -3.798039e+03 2.731250e+05 -9.334446e+04 -4.353530e+03 -5.585078e+03 7.224926e+04 -1.679080e+04 5.698096e+03 9.355881e+04 -4.174266e+03 -2.641286e+03 -2.104074e+05 -6.853265e+03 8.256686e+04 -1.921667e+04 7.419099e+03 -1.066042e+05 5.256217e+03 2.783359e+03 2.397301e+05 -1.919856e+04 -6.357959e+03 4.674728e+03 6.341066e+04 -3.559829e+03 2.397177e+05 -8.192207e+04 -3.435661e+03
7.777778e-03 1.966256e+04 7.558487e+03 -5.449350e+03 -6.582916e+04 -3.610239e+03 2.421029e+05 -8.374114e+04 -4.173960e+03 -5.299328e+03 6.563237e+04 -1.502301e+04 5.189600e+03 8.393653e+04 -4.015397e+03 -2.508940e+03 -1.865139e+05 -6.496269e+03 7.500510e+04 -1.719570e+04 6.767965e+03 -9.563967e+04 5.043492e+03 2.641602e+03 2.125039e+05 -1.717984e+04 -5.779029e+03 4.430593e+03 5.760359e+04 -3.385950e+03 2.124930e+05 -7.349441e+04 -3.302484e+03
7.979798e-03 1.772159e+04 6.927316e+03 -5.182330e+03 -6.016981e+04 -3.435045e+03 2.160925e+05 -7.566560e+04 -4.013664e+03 -5.048870e+03 5.998957e+04 -1.353640e+04 4.756694e+03 7.584480e+04 -3.872313e+03 -2.385853e+03 -1.664804e+05 -6.183903e+03 6.855656e+04 -1.549612e+04 6.213606e+03 -8.641919e+04 4.853244e+03 2.509011e+03 1.896761e+05 -1.548213e+04 -5.286181e+03 4.216990e+03 5.265141e+04 -3.224521e+03 1.896665e+05 -6.640748e+04 -3.182762e+03
8.181818e-03 1.607054e+04 6.383523e+03 -4.946375e+03 -5.529042e+04 -3.271724e+03 1.940384e+05 -6.879363e+04 -3.869076e+03 -4.826852e+03 5.512446e+04 -1.227198e+04 4.383716e+03 6.895885e+04 -3.742220e+03 -2.271387e+03 -1.494938e+05 -5.907452e+03 6.299675e+04 -1.405049e+04 5.735972e+03 -7.857271e+04 4.681362e+03 2.385153e+03 1.703204e+05 -1.403807e+04 -4.861577e+03 4.027953e+03 4.838172e+04 -3.074604e+03 1.703118e+05 -6.037677e+04 -3.074080e+03
8.383838e-03 1.465235e+04 5.910251e+03 -4.735844e+03 -5.104383e+04 -3.119466e+03 1.751582e+05 -6.288598e+04 -3.737545e+03 -4.628179e+03 5.089029e+04 -1.118601e+04 4.059108e+03 6.303900e+04 -3.623027e+03 -2.164885e+03 -1.349518e+05 -5.660435e+03 5.815798e+04 -1.280884e+04 5.320266e+03 -7.182711e+04 4.524782e+03 2.269493e+03 1.537502e+05 -1.279775e+04 -4.492051e+03 3.859050e+03 4.466576e+04 -2.935272e+03 1.537425e+05 -5.519232e+04 -2.974639e+03
8.585859e-03 1.342383e+04 5.494763e+03 -4.546448e+03 -4.731772e+04 -2.977448e+03 1.588596e+05 -5.776217e+04 -3.617046e+03 -4.448964e+03 4.717510e+04 -1.024539e+04 3.774133e+03 5.790445e+04 -3.513129e+03 -2.065711e+03 -1.223980e+05 -5.437920e+03 5.391228e+04 -1.173332e+04 4.955304e+03 -6.597637e+04 4.381159e+03 2.161468e+03 1.394457e+05 -1.172336e+04 -4.167652e+03 3.706906e+03 4.140526e+04 -2.805643e+03 1.394387e+05 -5.069573e+04 -2.883058e+03
8.787879e-03 1.235164e+04 5.127238e+03 -4.374857e+03 -4.402483e+04 -2.844877e+03 1.446860e+05 -5.328344e+04 -3.505996e+03 -4.286186e+03 4.389187e+04 -9.424552e+03 3.522057e+03 5.341622e+04 -3.411262e+03 -1.973263e+03 -1.114809e+05 -5.236073e+03 5.016022e+04 -1.079472e+04 4.632464e+03 -6.086212e+04 4.248657e+03 2.060517e+03 1.270061e+05 -1.078574e+04 -3.880712e+03 3.568896e+03 3.852384e+04 -2.684896e+03 1.269998e+05 -4.676526e+04 -2.798253e+03
8.989899e-03 1.140967e+04 4.799979e+03 -4.218438e+03 -4.109627e+04 -2.721005e+03 1.322798e+05 -4.934143e+04 -3.403136e+03 -4.137451e+03 4.097191e+04 -8.703498e+03 3.297599e+03 4.946573e+04 -3.316412e+03 -1.886984e+03 -1.019250e+05 -5.051860e+03 4.682331e+04 -9.970168e+03 4.344988e+03 -5.636063e+04 4.125810e+03 1.966101e+03 1.161176e+05 -9.962046e+03 -3.625216e+03 3.442945e+03 3.596124e+04 -2.572278e+03 1.161119e+05 -4.330580e+04 -2.719357e+03
9.191919e-03 1.057718e+04 4.506856e+03 -4.075078e+03 -3.847695e+04 -2.605138e+03 1.213569e+05 -4.585029e+04 -3.307444e+03 -4.000833e+03 3.836028e+04 -8.066324e+03 3.096557e+03 4.596699e+04 -3.227754e+03 -1.806364e+03 -9.351156e+04 -4.882846e+03 4.383875e+04 -9.241503e+03 4.087493e+03 -5.237390e+04 4.011430e+03 1.877716e+03 1.065310e+05 -9.234124e+03 -3.396377e+03 3.327388e+03 3.366923e+04 -2.467102e+03 1.065258e+05 -4.024200e+04 -2.645664e+03
9.393939e-03 9.837485e+03 4.242929e+03 -3.943059e+03 -3.612222e+04 -2.496636e+03 1.116893e+05 -4.274116e+04 -3.218079e+03 -3.874765e+03 3.601248e+04 -7.500249e+03 2.915540e+03 4.285100e+04 -3.144601e+03 -1.730936e+03 -8.606492e+04 -4.727046e+03 4.115569e+04 -8.594110e+03 3.855640e+03 -4.882334e+04 3.904535e+03 1.794891e+03 9.804600e+04 -8.587385e+03 -3.190336e+03 3.220865e+03 3.160876e+04 -2.368747e+03 9.804124e+04 -3.751345e+04 -2.576592e+03
9.595960e-03 9.177038e+03 4.004167e+03 -3.820967e+03 -3.399557e+04 -2.394913e+03 1.030918e+05 -3.995819e+04 -3.134344e+03 -3.757951e+03 3.389209e+04 -6.994885e+03 2.751785e+03 4.006183e+04 -3.066380e+03 -1.660277e+03 -7.944241e+04 -4.582825e+03 3.873252e+04 -8.016117e+03 3.645891e+03 -4.564517e+04 3.804309e+03 1.717195e+03 9.050011e+04 -8.009970e+03 -3.003946e+03 3.122260e+03 2.974787e+04 -2.276646e+03 9.049574e+04 -3.507113e+04 -2.511652e+03
9.797980e-03 8.584716e+03 3.787246e+03 -3.707626e+03 -3.206682e+04 -2.299434e+03 9.541234e+04 -3.745565e+04 -3.055649e+03 -3.649313e+03 3.196903e+04 -6.541709e+03 2.603012e+03 3.755366e+04 -2.992604e+03 -1.594002e+03 -7.352705e+04 -4.448823e+03 3.653485e+04 -7.497784e+03 3.455328e+03 -4.278721e+04 3.710064e+03 1.644229e+03 8.376003e+04 -7.492149e+03 -2.834610e+03 3.030641e+03 2.806016e+04 -2.190291e+03 8.375600e+04 -3.287491e+04 -2.450431e+03
1.000000e-02 8.051317e+03 3.589404e+03 -3.602046e+03 -3.031082e+04 -2.209713e+03 8.852551e+04 -3.519576e+04 -2.981495e+03 -3.547943e+03 3.021822e+04 -6.133669e+03 2.467326e+03 3.528862e+04 -2.922854e+03 -1.531763e+03 -6.822215e+04 -4.323896e+03 3.453403e+04 -7.031049e+03 3.281523e+03 -4.020630e+04 3.621211e+03 1.575630e+03 7.771555e+04 -7.025870e+03 -2.680170e+03 2.945225e+03 2.652360e+04 -2.109220e+03 7.771182e+04 -3.089163e+04 -2.392575e+03
