-1.000000e-02 4.959309e+03 2.869107e+03 2.116757e+03 -4.751329e+03 -2.253872e+03 -3.857285e+04 -7.371633e+03 1.655847e+03 2.098493e+03 4.699170e+03 -3.840616e+03 1.967511e+03 7.423752e+03 1.633925e+03 -1.550203e+03 2.972015e+04 2.550835e+03 5.421727e+03 -4.360877e+03 2.605247e+03 -8.467035e+03 -2.034741e+03 1.664670e+03 -3.385999e+04 -4.365179e+03 -2.154687e+03 -1.735191e+03 4.118569e+03 -2.079856e+03 -3.385651e+04 -6.463631e+03 1.319822e+03
-9.797980e-03 5.173903e+03 2.949700e+03 2.131723e+03 -4.583265e+03 -2.309882e+03 -3.994038e+04 -7.357441e+03 1.663520e+03 2.112814e+03 4.530252e+03 -4.005360e+03 2.022356e+03 7.410382e+03 1.640910e+03 -1.588321e+03 3.077256e+04 2.568581e+03 5.230351e+03 -4.548843e+03 2.674873e+03 -8.451953e+03 -2.043911e+03 1.708991e+03 -3.505972e+04 -4.553317e+03 -2.218290e+03 -1.747229e+03 3.970198e+03 -2.128131e+03 -3.505612e+04 -6.451031e+03 1.325626e+03
-9.595960e-03 5.396945e+03 3.033433e+03 2.146389e+03 -4.391564e+03 -2.367692e+03 -4.135793e+04 -7.329952e+03 1.670740e+03 2.126812e+03 4.337698e+03 -4.176566e+03 2.079331e+03 7.383709e+03 1.647418e+03 -1.627659e+03 3.186343e+04 2.585954e+03 5.012039e+03 -4.744195e+03 2.747218e+03 -8.421711e+03 -2.052533e+03 1.754734e+03 -3.630332e+04 -4.748848e+03 -2.284355e+03 -1.759010e+03 3.801088e+03 -2.177952e+03 -3.629959e+04 -6.426761e+03 1.331036e+03
-9.393939e-03 5.628598e+03 3.120436e+03 2.160702e+03 -4.174055e+03 -2.427351e+03 -4.282627e+04 -7.287730e+03 1.677459e+03 2.140433e+03 4.119339e+03 -4.354359e+03 2.138524e+03 7.342297e+03 1.653399e+03 -1.668247e+03 3.299337e+04 2.602888e+03 4.764315e+03 -4.947073e+03 2.822398e+03 -8.374673e+03 -2.060547e+03 1.801938e+03 -3.759146e+04 -4.951912e+03 -2.352983e+03 -1.770487e+03 3.609334e+03 -2.229359e+03 -3.758759e+04 -6.389564e+03 1.336012e+03
-9.191919e-03 5.868993e+03 3.210846e+03 2.174603e+03 -3.928391e+03 -2.488907e+03 -4.434595e+04 -7.229221e+03 1.683622e+03 2.153617e+03 3.872831e+03 -4.538839e+03 2.200028e+03 7.284587e+03 1.658800e+03 -1.710117e+03 3.416279e+04 2.619311e+03 4.484505e+03 -5.157594e+03 2.900530e+03 -8.309062e+03 -2.067887e+03 1.850641e+03 -3.892463e+04 -5.162626e+03 -2.424280e+03 -1.781613e+03 3.392882e+03 -2.282393e+03 -3.892062e+04 -6.338076e+03 1.340510e+03
-8.989899e-03 6.118227e+03 3.304802e+03 2.188027e+03 -3.652047e+03 -2.552404e+03 -4.591729e+04 -7.152740e+03 1.689173e+03 2.166300e+03 3.595652e+03 -4.730076e+03 2.263934e+03 7.208893e+03 1.663565e+03 -1.753299e+03 3.537194e+04 2.635145e+03 4.169729e+03 -5.375839e+03 2.981736e+03 -8.222954e+03 -2.074486e+03 1.900878e+03 -4.030310e+04 -5.381073e+03 -2.498353e+03 -1.792333e+03 3.149518e+03 -2.337091e+03 -4.029895e+04 -6.270820e+03 1.344485e+03
-8.787879e-03 6.376350e+03 3.402446e+03 2.200904e+03 -3.342307e+03 -2.617887e+03 -4.754030e+04 -7.056470e+03 1.694052e+03 2.178410e+03 3.285088e+03 -4.928109e+03 2.330341e+03 7.113392e+03 1.667631e+03 -1.797822e+03 3.662082e+04 2.650305e+03 3.816892e+03 -5.601853e+03 3.066140e+03 -8.114272e+03 -2.080269e+03 1.952683e+03 -4.172689e+04 -5.607295e+03 -2.575313e+03 -1.802590e+03 2.876862e+03 -2.393492e+03 -4.172258e+04 -6.186201e+03 1.347885e+03
-8.585859e-03 6.643358e+03 3.503924e+03 2.213155e+03 -2.996255e+03 -2.685397e+03 -4.921464e+04 -6.938448e+03 1.698193e+03 2.189870e+03 2.938229e+03 -5.132932e+03 2.399345e+03 6.996119e+03 1.670936e+03 -1.843714e+03 3.790917e+04 2.664696e+03 3.422670e+03 -5.835630e+03 3.153869e+03 -7.980776e+03 -2.085156e+03 2.006089e+03 -4.319569e+04 -5.841288e+03 -2.655271e+03 -1.812319e+03 2.572362e+03 -2.451628e+03 -4.319123e+04 -6.082497e+03 1.350660e+03
-8.383838e-03 6.919182e+03 3.609382e+03 2.224696e+03 -2.610774e+03 -2.754972e+03 -5.093956e+04 -6.796567e+03 1.701528e+03 2.200596e+03 2.551960e+03 -5.344491e+03 2.471045e+03 6.854960e+03 1.673409e+03 -1.890997e+03 3.923641e+04 2.678218e+03 2.983508e+03 -6.077109e+03 3.245051e+03 -7.820056e+03 -2.089063e+03 2.061126e+03 -4.470884e+04 -6.082991e+03 -2.738341e+03 -1.821452e+03 2.233283e+03 -2.511531e+03 -4.470422e+04 -5.957860e+03 1.352752e+03
-8.181818e-03 7.203678e+03 3.718970e+03 2.235437e+03 -2.182531e+03 -2.826646e+03 -5.271379e+04 -6.628564e+03 1.703982e+03 2.210497e+03 2.122953e+03 -5.562673e+03 2.545541e+03 6.687651e+03 1.674978e+03 -1.939695e+03 4.060156e+04 2.690760e+03 2.495610e+03 -6.326164e+03 3.339816e+03 -7.629529e+03 -2.091900e+03 2.117820e+03 -4.626523e+04 -6.332275e+03 -2.824639e+03 -1.829913e+03 1.856708e+03 -2.573231e+03 -4.626045e+04 -5.810307e+03 1.354102e+03
-7.979798e-03 7.496611e+03 3.832837e+03 2.245277e+03 -1.707983e+03 -2.900448e+03 -5.453550e+04 -6.432024e+03 1.705478e+03 2.219474e+03 1.647671e+03 -5.787297e+03 2.622934e+03 6.491767e+03 1.675565e+03 -1.989826e+03 4.200321e+04 2.702201e+03 1.954933e+03 -6.582586e+03 3.438295e+03 -7.406433e+03 -2.093571e+03 2.176194e+03 -4.786326e+04 -6.588936e+03 -2.914278e+03 -1.837620e+03 1.439533e+03 -2.636750e+03 -4.785831e+04 -5.637717e+03 1.354647e+03
-7.777778e-03 7.797643e+03 3.951132e+03 2.254109e+03 -1.183370e+03 -2.976401e+03 -5.640221e+04 -6.204370e+03 1.705932e+03 2.227421e+03 1.122356e+03 -6.018101e+03 2.703324e+03 6.264729e+03 1.675089e+03 -2.041404e+03 4.343946e+04 2.712411e+03 1.357192e+03 -6.846081e+03 3.540617e+03 -7.147825e+03 -2.093976e+03 2.236267e+03 -4.950074e+04 -6.852675e+03 -3.007374e+03 -1.844485e+03 9.784626e+02 -2.702108e+03 -4.949561e+04 -5.437831e+03 1.354321e+03
-7.575758e-03 8.106316e+03 4.074002e+03 2.261814e+03 -6.047179e+02 -3.054524e+03 -5.831065e+04 -5.942871e+03 1.705256e+03 2.234220e+03 5.430430e+02 -6.254732e+03 2.786808e+03 6.003798e+03 1.673464e+03 -2.094440e+03 4.490777e+04 2.721250e+03 6.978578e+02 -7.116244e+03 3.646911e+03 -6.850585e+03 -2.093005e+03 2.298052e+03 -5.117480e+04 -7.123090e+03 -3.104038e+03 -1.850411e+03 4.700179e+02 -2.769317e+03 -5.116949e+04 -5.208255e+03 1.353053e+03
-7.373737e-03 8.422034e+03 4.201591e+03 2.268266e+03 3.215052e+01 -3.134825e+03 -6.025668e+04 -5.644642e+03 1.703359e+03 2.239748e+03 -9.444087e+01 -6.496730e+03 2.873484e+03 5.706083e+03 1.670598e+03 -2.148938e+03 4.640497e+04 2.728565e+03 -2.783296e+01 -7.392553e+03 3.757304e+03 -6.511414e+03 -2.090547e+03 2.361555e+03 -5.288182e+04 -7.399657e+03 -3.204380e+03 -1.855296e+03 -8.946106e+01 -2.838385e+03 -5.287633e+04 -4.946456e+03 1.350771e+03
-7.171717e-03 8.744042e+03 4.334036e+03 2.273328e+03 7.316076e+02 -3.217305e+03 -6.223515e+04 -5.306650e+03 1.700142e+03 2.243869e+03 -7.944610e+02 -6.743514e+03 2.963442e+03 5.368544e+03 1.666397e+03 -2.204897e+03 4.792709e+04 2.734191e+03 -8.248646e+02 -7.674346e+03 3.871916e+03 -6.126846e+03 -2.086482e+03 2.426778e+03 -5.461728e+04 -7.681713e+03 -3.308506e+03 -1.859026e+03 -7.038036e+02 -2.909310e+03 -5.461160e+04 -4.649776e+03 1.347396e+03
-6.969697e-03 9.071405e+03 4.471469e+03 2.276853e+03 1.498200e+03 -3.301954e+03 -6.423981e+04 -4.925728e+03 1.695503e+03 2.246439e+03 -1.561557e+03 -6.994366e+03 3.056771e+03 4.988006e+03 1.660763e+03 -2.262308e+03 4.946931e+04 2.737951e+03 -1.698421e+03 -7.960805e+03 3.990862e+03 -5.693263e+03 -2.080685e+03 2.493712e+03 -5.637568e+04 -7.968439e+03 -3.416515e+03 -1.861482e+03 -1.376992e+03 -2.982082e+03 -5.636981e+04 -4.315437e+03 1.342850e+03
-6.767677e-03 9.402988e+03 4.614010e+03 2.278681e+03 2.336623e+03 -3.388751e+03 -6.626309e+04 -4.498590e+03 1.689336e+03 2.247302e+03 -2.400417e+03 -7.248412e+03 3.153550e+03 4.561175e+03 1.653591e+03 -2.321155e+03 5.102583e+04 2.739655e+03 -2.653854e+03 -8.250932e+03 4.114247e+03 -5.206908e+03 -2.073026e+03 2.562340e+03 -5.815040e+04 -8.258838e+03 -3.528497e+03 -1.862535e+03 -2.113138e+03 -3.056681e+03 -5.814433e+04 -3.940556e+03 1.337049e+03
-6.565657e-03 9.737427e+03 4.761765e+03 2.278643e+03 3.251686e+03 -3.477662e+03 -6.829603e+04 -4.021856e+03 1.681530e+03 2.246292e+03 -3.315842e+03 -7.504604e+03 3.253850e+03 4.084662e+03 1.644777e+03 -2.381413e+03 5.258972e+04 2.739099e+03 -3.696647e+03 -8.543534e+03 4.242168e+03 -4.663918e+03 -2.063368e+03 2.632635e+03 -5.993356e+04 -8.551715e+03 -3.644533e+03 -1.862045e+03 -2.916452e+03 -3.133075e+03 -5.992730e+04 -3.522169e+03 1.329907e+03
-6.363636e-03 1.007310e+04 4.914826e+03 2.276555e+03 4.248260e+03 -3.568639e+03 -7.032807e+04 -3.492080e+03 1.671970e+03 2.243232e+03 -4.312696e+03 -7.761699e+03 3.357731e+03 3.555012e+03 1.634210e+03 -2.443046e+03 5.415288e+04 2.736066e+03 -4.832355e+03 -8.837193e+03 4.374703e+03 -4.060352e+03 -2.051571e+03 2.704557e+03 -6.171591e+04 -8.845649e+03 -3.764689e+03 -1.859866e+03 -3.791202e+03 -3.211220e+03 -6.170944e+04 -3.057254e+03 1.321334e+03
-6.161616e-03 1.040812e+04 5.073262e+03 2.272224e+03 5.331229e+03 -3.661615e+03 -7.234691e+04 -2.905790e+03 1.660537e+03 2.237933e+03 -5.395852e+03 -8.018241e+03 3.465238e+03 2.968745e+03 1.621777e+03 -2.506009e+03 5.570581e+04 2.730322e+03 -6.066542e+03 -9.130247e+03 4.511916e+03 -3.392242e+03 -2.037488e+03 2.778055e+03 -6.348664e+04 -9.138980e+03 -3.889017e+03 -1.855840e+03 -4.741661e+03 -3.291059e+03 -6.347998e+04 -2.542767e+03 1.311241e+03
-5.959596e-03 1.074028e+04 5.237119e+03 2.265443e+03 6.505404e+03 -3.756508e+03 -7.433832e+04 -2.259539e+03 1.647110e+03 2.230194e+03 -6.570115e+03 -8.272537e+03 3.576400e+03 2.322404e+03 1.607364e+03 -2.570242e+03 5.723759e+04 2.721622e+03 -7.404698e+03 -9.420766e+03 4.653847e+03 -2.655647e+03 -2.020971e+03 2.853062e+03 -6.523328e+04 -9.429774e+03 -4.017547e+03 -1.849800e+03 -5.772045e+03 -3.372518e+03 -6.522642e+04 -1.975683e+03 1.299535e+03
-5.757576e-03 1.106703e+04 5.406410e+03 2.255993e+03 7.775443e+03 -3.853214e+03 -7.628601e+04 -1.549965e+03 1.631564e+03 2.219805e+03 -7.840132e+03 -8.522639e+03 3.691224e+03 1.612615e+03 1.590856e+03 -2.635673e+03 5.873568e+04 2.709705e+03 -8.852130e+03 -9.706529e+03 4.800510e+03 -1.846720e+03 -2.001867e+03 2.929498e+03 -6.694153e+04 -9.715807e+03 -4.150286e+03 -1.841568e+03 -6.886427e+03 -3.455505e+03 -6.693449e+04 -1.353054e+03 1.286124e+03
-5.555556e-03 1.138549e+04 5.581114e+03 2.243643e+03 9.145733e+03 -3.951610e+03 -7.817145e+04 -7.738595e+02 1.613775e+03 2.206543e+03 -9.210283e+03 -8.766323e+03 3.809693e+03 8.361648e+02 1.572136e+03 -2.702215e+03 6.018581e+04 2.694296e+03 -1.041384e+04 -9.984996e+03 4.951890e+03 -9.617952e+02 -1.980023e+03 3.007262e+03 -6.859515e+04 -9.994539e+03 -4.287214e+03 -1.830959e+03 -8.088652e+03 -3.539911e+03 -6.858792e+04 -6.720683e+02 1.270913e+03
-5.353535e-03 1.169237e+04 5.761167e+03 2.228151e+03 1.062027e+04 -4.051546e+03 -7.997376e+04 7.173785e+01 1.593615e+03 2.190176e+03 -1.068455e+04 -9.001072e+03 3.931763e+03 -9.919483e+00 1.551089e+03 -2.769766e+03 6.157191e+04 2.675106e+03 -1.209439e+04 -1.025330e+04 5.107932e+03 2.516135e+00 -1.955281e+03 3.086238e+03 -7.017581e+04 -1.026310e+04 -4.428274e+03 -1.817778e+03 -9.382213e+03 -3.625607e+03 -7.016839e+04 6.987199e+01 1.253810e+03
-5.151515e-03 1.198400e+04 5.946454e+03 2.209264e+03 1.220250e+04 -4.152850e+03 -8.166955e+04 9.894436e+02 1.570960e+03 2.170462e+03 -1.226638e+04 -9.224061e+03 4.057354e+03 -9.282626e+02 1.527600e+03 -2.838205e+03 6.287599e+04 2.651835e+03 -1.389771e+04 -1.050821e+04 5.268539e+03 1.049208e+03 -1.927489e+03 3.166287e+03 -7.166300e+04 -1.051825e+04 -4.573374e+03 -1.801821e+03 -1.077013e+04 -3.712441e+03 -7.165541e+04 8.750607e+02 1.234724e+03
-4.949495e-03 1.225627e+04 6.136804e+03 2.186718e+03 1.389516e+04 -4.255319e+03 -8.323291e+04 1.981411e+03 1.545685e+03 2.147149e+03 -1.395850e+04 -9.432147e+03 4.186347e+03 -1.921026e+03 1.501559e+03 -2.907396e+03 6.407810e+04 2.624173e+03 -1.582691e+04 -1.074615e+04 5.433566e+03 2.180745e+03 -1.896493e+03 3.247250e+03 -7.303397e+04 -1.075642e+04 -4.722375e+03 -1.782878e+03 -1.225479e+04 -3.800238e+03 -7.302622e+04 1.745386e+03 1.213567e+03
-4.747475e-03 1.250466e+04 6.331980e+03 2.160244e+03 1.570006e+04 -4.358725e+03 -8.463530e+04 3.049199e+03 1.517670e+03 2.119982e+03 -1.576270e+04 -9.621865e+03 4.318581e+03 -2.989776e+03 1.472860e+03 -2.977180e+03 6.515630e+04 2.591797e+03 -1.788405e+04 -1.096315e+04 5.602807e+03 3.398913e+03 -1.862144e+03 3.328947e+03 -7.426370e+04 -1.097363e+04 -4.875087e+03 -1.760733e+03 -1.383777e+04 -3.888801e+03 -7.425581e+04 2.682214e+03 1.190255e+03
-4.545455e-03 1.272425e+04 6.531669e+03 2.129564e+03 1.761788e+04 -4.462808e+03 -8.584567e+04 4.193622e+03 1.486800e+03 2.088698e+03 -1.767967e+04 -9.789431e+03 4.453842e+03 -4.135332e+03 1.441403e+03 -3.047380e+03 6.608669e+04 2.554383e+03 -2.006993e+04 -1.115490e+04 5.775995e+03 4.704650e+03 -1.824299e+03 3.411171e+03 -7.532495e+04 -1.116557e+04 -5.031264e+03 -1.735165e+03 -1.551967e+04 -3.977904e+03 -7.531693e+04 3.686258e+03 1.164709e+03
-4.343434e-03 1.290970e+04 6.735477e+03 2.094400e+03 1.964793e+04 -4.567278e+03 -8.683049e+04 5.414590e+03 1.452965e+03 2.053034e+03 -1.970871e+04 -9.930752e+03 4.591861e+03 -5.357609e+03 1.407097e+03 -3.117798e+03 6.684346e+04 2.511599e+03 -2.238376e+04 -1.131674e+04 5.952788e+03 6.097858e+03 -1.782824e+03 3.493693e+03 -7.618831e+04 -1.132756e+04 -5.190592e+03 -1.705951e+03 -1.729988e+04 -4.067296e+03 -7.618018e+04 4.757439e+03 1.136856e+03
-4.141414e-03 1.305530e+04 6.942914e+03 2.054471e+03 2.178790e+04 -4.671812e+03 -8.755405e+04 6.710934e+03 1.416065e+03 2.012728e+03 -2.184751e+04 -1.004146e+04 4.732306e+03 -6.655441e+03 1.369859e+03 -3.188216e+03 6.739914e+04 2.463116e+03 -2.482288e+04 -1.144367e+04 6.132763e+03 7.577210e+03 -1.737594e+03 3.576258e+03 -7.682244e+04 -1.145462e+04 -5.352688e+03 -1.672869e+03 -1.917636e+04 -4.156701e+03 -7.681422e+04 5.894731e+03 1.106633e+03
-3.939394e-03 1.315505e+04 7.153389e+03 2.009500e+03 2.403356e+04 -4.776054e+03 -8.797868e+04 8.080229e+03 1.376011e+03 1.967521e+03 -2.409184e+04 -1.011693e+04 4.874776e+03 -8.026401e+03 1.329620e+03 -3.258393e+03 6.772475e+04 2.408609e+03 -2.738251e+04 -1.153041e+04 6.315407e+03 9.139940e+03 -1.688498e+03 3.658586e+03 -7.719431e+04 -1.154145e+04 -5.517085e+03 -1.635700e+03 -2.114542e+04 -4.245812e+03 -7.718604e+04 7.096005e+03 1.073985e+03
-3.737374e-03 1.320267e+04 7.366198e+03 1.959222e+03 2.637855e+04 -4.879618e+03 -8.806530e+04 9.518608e+03 1.332726e+03 1.917165e+03 -2.643533e+04 -1.015237e+04 5.018793e+03 -9.466620e+03 1.286323e+03 -3.328067e+03 6.779022e+04 2.347766e+03 -3.005537e+04 -1.157150e+04 6.500111e+03 1.078164e+04 -1.635440e+03 3.740370e+03 -7.726964e+04 -1.158259e+04 -5.683234e+03 -1.594233e+03 -2.320145e+04 -4.334299e+03 -7.726135e+04 8.357869e+03 1.038869e+03
-3.535354e-03 1.319176e+04 7.580518e+03 1.903382e+03 2.881406e+04 -4.982085e+03 -8.777399e+04 1.102058e+04 1.286149e+03 1.861427e+03 -2.886919e+04 -1.014287e+04 5.163800e+03 -1.097060e+04 1.239928e+03 -3.396957e+03 6.756483e+04 2.280288e+03 -3.283143e+04 -1.156133e+04 6.686161e+03 1.249604e+04 -1.578343e+03 3.821281e+03 -7.701340e+04 -1.157241e+04 -5.850493e+03 -1.548269e+03 -2.533675e+04 -4.421803e+03 -7.700511e+04 9.675508e+03 1.001255e+03
-3.333333e-03 1.311588e+04 7.795400e+03 1.841747e+03 3.132860e+04 -5.083008e+03 -8.706474e+04 1.257889e+04 1.236237e+03 1.800093e+03 -3.138193e+04 -1.008348e+04 5.309157e+03 -1.253107e+04 1.190412e+03 -3.464762e+03 6.701780e+04 2.205905e+03 -3.569759e+04 -1.149425e+04 6.872733e+03 1.427485e+04 -1.517153e+03 3.900964e+03 -7.639049e+04 -1.150527e+04 -6.018119e+03 -1.497625e+03 -2.754124e+04 -4.507942e+03 -7.638226e+04 1.104255e+04 9.611274e+02
-3.131313e-03 1.296872e+04 8.009764e+03 1.774110e+03 3.390782e+04 -5.181909e+03 -8.589838e+04 1.418433e+04 1.182965e+03 1.732976e+03 -3.395922e+04 -9.969374e+03 5.454133e+03 -1.413882e+04 1.137772e+03 -3.531163e+03 6.611900e+04 2.124377e+03 -3.863750e+04 -1.136475e+04 7.058889e+03 1.610758e+04 -1.451838e+03 3.979045e+03 -7.536657e+04 -1.137566e+04 -6.185274e+03 -1.442141e+03 -2.980233e+04 -4.592310e+03 -7.535843e+04 1.245092e+04 9.184867e+02
-2.929293e-03 1.274426e+04 8.222397e+03 1.700301e+03 3.653431e+04 -5.278289e+03 -8.423774e+04 1.582570e+04 1.126332e+03 1.659924e+03 -3.658367e+04 -9.795936e+03 5.597909e+03 -1.578262e+04 1.082026e+03 -3.595825e+03 6.483983e+04 2.035506e+03 -4.163131e+04 -1.116756e+04 7.243574e+03 1.798141e+04 -1.382395e+03 4.055128e+03 -7.390902e+04 -1.117828e+04 -6.351013e+03 -1.381684e+03 -3.210479e+04 -4.674482e+03 -7.390103e+04 1.389080e+04 8.733500e+02
-2.727273e-03 1.243699e+04 8.431957e+03 1.620191e+03 3.918759e+04 -5.371626e+03 -8.204882e+04 1.748971e+04 1.066360e+03 1.580825e+03 -3.923480e+04 -9.558940e+03 5.739579e+03 -1.744916e+04 1.023215e+03 -3.658402e+03 6.315412e+04 1.939145e+03 -4.465567e+04 -1.089785e+04 7.425620e+03 1.988118e+04 -1.308848e+03 4.128802e+03 -7.198803e+04 -1.090833e+04 -6.514293e+03 -1.316158e+03 -3.443063e+04 -4.754015e+03 -7.198022e+04 1.535053e+04 8.257529e+02
-2.525253e-03 1.204212e+04 8.636974e+03 1.533701e+03 4.184404e+04 -5.461383e+03 -7.930223e+04 1.916100e+04 1.003098e+03 1.495617e+03 -4.188903e+04 -9.254716e+03 5.878151e+03 -1.912306e+04 9.614030e+02 -3.718537e+03 6.103928e+04 1.835208e+03 -4.768367e+04 -1.055144e+04 7.603750e+03 2.178936e+04 -1.231258e+03 4.199644e+03 -6.957780e+04 -1.056159e+04 -6.673975e+03 -1.245504e+03 -3.675920e+04 -4.830456e+03 -6.957025e+04 1.681663e+04 7.757498e+02
-2.323232e-03 1.155580e+04 8.835867e+03 1.440816e+03 4.447713e+04 -5.547012e+03 -7.597465e+04 2.082227e+04 9.366231e+02 1.404296e+03 -4.451987e+04 -8.880327e+03 6.012560e+03 -2.078697e+04 8.966801e+02 -3.775867e+03 5.847736e+04 1.723682e+03 -5.068505e+04 -1.012496e+04 7.776585e+03 2.368617e+04 -1.149715e+03 4.267222e+03 -6.665789e+04 -1.013471e+04 -6.828833e+03 -1.169716e+03 -3.906721e+04 -4.903342e+03 -6.665064e+04 1.827393e+04 7.234151e+02
-2.121212e-03 1.097542e+04 9.026957e+03 1.341587e+03 4.705764e+04 -5.627962e+03 -7.205031e+04 2.245441e+04 8.670400e+02 1.306921e+03 -4.709810e+04 -8.433758e+03 6.141674e+03 -2.242176e+04 8.291605e+02 -3.830027e+03 5.545623e+04 1.604633e+03 -5.362651e+04 -9.616132e+03 7.942665e+03 2.554979e+04 -1.064348e+03 4.331103e+03 -6.321447e+04 -9.625398e+03 -6.977565e+03 -1.088840e+03 -4.132908e+04 -4.972209e+03 -6.320758e+04 1.970567e+04 6.688430e+02
-1.919192e-03 1.029977e+04 9.208490e+03 1.236140e+03 4.955409e+04 -5.703686e+03 -6.752251e+04 2.403684e+04 7.944842e+02 1.203624e+03 -4.959231e+04 -7.914101e+03 6.264312e+03 -2.400680e+04 7.589836e+02 -3.880658e+03 5.197075e+04 1.478216e+03 -5.647216e+04 -9.023897e+03 8.100460e+03 2.735670e+04 -9.753235e+02 4.390855e+03 -5.924166e+04 -9.032599e+03 -7.118814e+03 -1.002982e+03 -4.351721e+04 -5.036596e+03 -5.923520e+04 2.109380e+04 6.121475e+02
-1.717172e-03 9.529329e+03 9.378669e+03 1.124686e+03 5.193333e+04 -5.773647e+03 -6.239495e+04 2.554784e+04 7.191216e+02 1.094614e+03 -5.196937e+04 -7.321717e+03 6.379262e+03 -2.552032e+04 6.863142e+02 -3.927407e+03 4.802375e+04 1.344685e+03 -5.918423e+04 -8.348673e+03 8.248405e+03 2.908210e+04 -8.828430e+02 4.446056e+03 -5.474271e+04 -8.356730e+03 -7.251190e+03 -9.123158e+02 -4.560257e+04 -5.096054e+03 -5.473672e+04 2.241926e+04 5.534623e+02
-1.515152e-03 8.666402e+03 9.535686e+03 1.007523e+03 5.416131e+04 -5.837329e+03 -5.668286e+04 2.696509e+04 6.411479e+02 9.801826e+02 -5.419528e+04 -6.658381e+03 6.485308e+03 -2.693998e+04 6.113406e+02 -3.969935e+03 4.362697e+04 1.204398e+03 -6.172387e+04 -7.592481e+03 8.384925e+03 3.070049e+04 -7.871471e+02 4.496300e+03 -4.973096e+04 -7.599813e+03 -7.373297e+03 -8.170832e+02 -4.755532e+04 -5.150151e+03 -4.972552e+04 2.366247e+04 4.929397e+02
-1.313131e-03 7.715272e+03 9.677766e+03 8.850386e+02 5.620391e+04 -5.894245e+03 -5.041380e+04 2.826623e+04 5.607884e+02 8.607050e+02 -5.623594e+04 -5.927381e+03 6.581254e+03 -2.824334e+04 5.342744e+02 -4.007924e+03 3.880162e+04 1.057817e+03 -6.405221e+04 -6.759073e+03 8.508470e+03 3.218632e+04 -6.885124e+02 4.541202e+03 -4.423064e+04 -6.765605e+03 -7.483760e+03 -7.175982e+02 -4.934555e+04 -5.198478e+03 -4.422579e+04 2.480383e+04 4.307499e+02
-1.111111e-03 6.682266e+03 9.803209e+03 7.577130e+02 5.802794e+04 -5.943943e+03 -4.362814e+04 2.942949e+04 4.782963e+02 7.366413e+02 -5.805823e+04 -5.133573e+03 6.665957e+03 -2.940861e+04 4.553481e+02 -4.041080e+03 3.357876e+04 9.055122e+02 -6.613141e+04 -5.853990e+03 8.617560e+03 3.351474e+04 -5.872502e+02 4.580408e+03 -3.827712e+04 -5.859650e+03 -7.581269e+03 -6.142465e+02 -5.094420e+04 -5.240661e+03 -3.827292e+04 2.582424e+04 3.670796e+02
-9.090909e-04 5.575743e+03 9.910440e+03 6.261133e+02 5.960223e+04 -5.986020e+03 -3.637892e+04 3.043446e+04 3.939510e+02 6.085333e+02 -5.963101e+04 -4.283372e+03 6.738355e+03 -3.041533e+04 3.748134e+02 -4.069139e+03 2.799920e+04 7.481564e+02 -6.792594e+04 -4.884550e+03 8.710819e+03 3.466239e+04 -4.837041e+02 4.613600e+03 -3.191695e+04 -4.889275e+03 -7.664606e+03 -5.074833e+02 -5.232395e+04 -5.276363e+03 -3.191344e+04 2.670579e+04 3.021300e+02
-7.070707e-04 4.405994e+03 9.998055e+03 4.908892e+02 6.089871e+04 -6.020123e+03 -2.873124e+04 3.126271e+04 3.080550e+02 4.769986e+02 -6.092623e+04 -3.384672e+03 6.797505e+03 -3.124503e+04 2.929389e+02 -4.091873e+03 2.211305e+04 5.865191e+02 -6.940380e+04 -3.859763e+03 8.787022e+03 3.560826e+04 -3.782467e+02 4.640502e+03 -2.520723e+04 -3.863499e+03 -7.732688e+03 -3.978286e+02 -5.346021e+04 -5.305291e+03 -2.520446e+04 2.743232e+04 2.361156e+02
-5.050505e-04 3.185057e+03 1.006486e+04 3.527632e+02 6.189342e+04 -6.045964e+03 -2.076110e+04 3.189855e+04 2.209309e+02 3.427225e+02 -6.191997e+04 -2.446708e+03 6.842607e+03 -3.188199e+04 2.100071e+02 -4.109093e+03 1.597876e+04 4.214548e+02 -7.053767e+04 -2.790166e+03 8.845134e+03 3.633440e+04 -2.712755e+02 4.660885e+03 -1.821463e+04 -2.792867e+03 -7.784596e+03 -2.858597e+02 -5.433199e+04 -5.327205e+03 -1.821263e+04 2.799007e+04 1.692613e+02
-3.030303e-04 1.926433e+03 1.010994e+04 2.125186e+02 6.256748e+04 -6.063317e+03 -1.255361e+04 3.232960e+04 1.329176e+02 2.064459e+02 -6.259336e+04 -1.479836e+03 6.873035e+03 -3.231380e+04 1.263119e+02 -4.120656e+03 9.661862e+03 2.538889e+02 -7.130603e+04 -1.687579e+03 8.884342e+03 3.682666e+04 -1.632081e+02 4.674573e+03 -1.101383e+04 -1.689213e+03 -7.819615e+03 -1.722018e+02 -5.492275e+04 -5.341920e+03 -1.101262e+04 2.836819e+04 1.018010e+02
-1.010101e-04 6.447343e+02 1.013264e+04 7.098393e+01 6.290785e+04 -6.072033e+03 -4.200844e+03 3.254731e+04 4.436598e+01 6.895156e+01 -6.293339e+04 -4.952653e+02 6.888359e+03 -3.253189e+04 4.215541e+01 -4.126462e+03 3.233167e+03 8.480008e+01 -7.169401e+04 -5.647936e+02 8.904088e+03 3.707529e+04 -5.447678e+01 4.681447e+03 -3.685581e+03 -5.653406e+02 -7.837251e+03 -5.751569e+01 -5.522104e+04 -5.349309e+03 -3.685176e+03 2.855916e+04 3.397449e+01
1.010101e-04 -6.447343e+02 1.013264e+04 -7.098393e+01 6.290785e+04 -6.072033e+03 4.200844e+03 3.254731e+04 -4.436598e+01 -6.895156e+01 -6.293339e+04 4.952653e+02 6.888359e+03 -3.253189e+04 -4.215541e+01 -4.126462e+03 -3.233167e+03 -8.480008e+01 -7.169401e+04 5.647936e+02 8.904088e+03 3.707529e+04 5.447678e+01 4.681447e+03 3.685581e+03 5.653406e+02 -7.837251e+03 5.751569e+01 -5.522104e+04 -5.349309e+03 3.685176e+03 2.855916e+04 -3.397449e+01
3.030303e-04 -1.926433e+03 1.010994e+04 -2.125186e+02 6.256748e+04 -6.063317e+03 1.255361e+04 3.232960e+04 -1.329176e+02 -2.064459e+02 -6.259336e+04 1.479836e+03 6.873035e+03 -3.231380e+04 -1.263119e+02 -4.120656e+03 -9.661862e+03 -2.538889e+02 -7.130603e+04 1.687579e+03 8.884342e+03 3.682666e+04 1.632081e+02 4.674573e+03 1.101383e+04 1.689213e+03 -7.819615e+03 1.722018e+02 -5.492275e+04 -5.341920e+03 1.101262e+04 2.836819e+04 -1.018010e+02
5.050505e-04 -3.185057e+03 1.006486e+04 -3.527632e+02 6.189342e+04 -6.045964e+03 2.076110e+04 3.189855e+04 -2.209309e+02 -3.427225e+02 -6.191997e+04 2.446708e+03 6.842607e+03 -3.188199e+04 -2.100071e+02 -4.109093e+03 -1.597876e+04 -4.214548e+02 -7.053767e+04 2.790166e+03 8.845134e+03 3.633440e+04 2.712755e+02 4.660885e+03 1.821463e+04 2.792867e+03 -7.784596e+03 2.858597e+02 -5.433199e+04 -5.327205e+03 1.821263e+04 2.799007e+04 -1.692613e+02
7.070707e-04 -4.405994e+03 9.998055e+03 -4.908892e+02 6.089871e+04 -6.020123e+03 2.873124e+04 3.126271e+04 -3.080550e+02 -4.769986e+02 -6.092623e+04 3.384672e+03 6.797505e+03 -3.124503e+04 -2.929389e+02 -4.091873e+03 -2.211305e+04 -5.865191e+02 -6.940380e+04 3.859763e+03 8.787022e+03 3.560826e+04 3.782467e+02 4.640502e+03 2.520723e+04 3.863499e+03 -7.732688e+03 3.978286e+02 -5.346021e+04 -5.305291e+03 2.520446e+04 2.743232e+04 -2.361156e+02
9.090909e-04 -5.575743e+03 9.910440e+03 -6.261133e+02 5.960223e+04 -5.986020e+03 3.637892e+04 3.043446e+04 -3.939510e+02 -6.085333e+02 -5.963101e+04 4.283372e+03 6.738355e+03 -3.041533e+04 -3.748134e+02 -4.069139e+03 -2.799920e+04 -7.481564e+02 -6.792594e+04 4.884550e+03 8.710819e+03 3.466239e+04 4.837041e+02 4.613600e+03 3.191695e+04 4.889275e+03 -7.664606e+03 5.074833e+02 -5.232395e+04 -5.276363e+03 3.191344e+04 2.670579e+04 -3.021300e+02
1.111111e-03 -6.682266e+03 9.803209e+03 -7.577130e+02 5.802794e+04 -5.943943e+03 4.362814e+04 2.942949e+04 -4.782963e+02 -7.366413e+02 -5.805823e+04 5.133573e+03 6.665957e+03 -2.940861e+04 -4.553481e+02 -4.041080e+03 -3.357876e+04 -9.055122e+02 -6.613141e+04 5.853990e+03 8.617560e+03 3.351474e+04 5.872502e+02 4.580408e+03 3.827712e+04 5.859650e+03 -7.581269e+03 6.142465e+02 -5.094420e+04 -5.240661e+03 3.827292e+04 2.582424e+04 -3.670796e+02
1.313131e-03 -7.715272e+03 9.677766e+03 -8.850386e+02 5.620391e+04 -5.894245e+03 5.041380e+04 2.826623e+04 -5.607884e+02 -8.607050e+02 -5.623594e+04 5.927381e+03 6.581254e+03 -2.824334e+04 -5.342744e+02 -4.007924e+03 -3.880162e+04 -1.057817e+03 -6.405221e+04 6.759073e+03 8.508470e+03 3.218632e+04 6.885124e+02 4.541202e+03 4.423064e+04 6.765605e+03 -7.483760e+03 7.175982e+02 -4.934555e+04 -5.198478e+03 4.422579e+04 2.480383e+04 -4.307499e+02
1.515152e-03 -8.666402e+03 9.535686e+03 -1.007523e+03 5.416131e+04 -5.837329e+03 5.668286e+04 2.696509e+04 -6.411479e+02 -9.801826e+02 -5.419528e+04 6.658381e+03 6.485308e+03 -2.693998e+04 -6.113406e+02 -3.969935e+03 -4.362697e+04 -1.204398e+03 -6.172387e+04 7.592481e+03 8.384925e+03 3.070049e+04 7.871471e+02 4.496300e+03 4.973096e+04 7.599813e+03 -7.373297e+03 8.170832e+02 -4.755532e+04 -5.150151e+03 4.972552e+04 2.366247e+04 -4.929397e+02
1.717172e-03 -9.529329e+03 9.378669e+03 -1.124686e+03 5.193333e+04 -5.773647e+03 6.239495e+04 2.554784e+04 -7.191216e+02 -1.094614e+03 -5.196937e+04 7.321717e+03 6.379262e+03 -2.552032e+04 -6.863142e+02 -3.927407e+03 -4.802375e+04 -1.344685e+03 -5.918423e+04 8.348673e+03 8.248405e+03 2.908210e+04 8.828430e+02 4.446056e+03 5.474271e+04 8.356730e+03 -7.251190e+03 9.123158e+02 -4.560257e+04 -5.096054e+03 5.473672e+04 2.241926e+04 -5.534623e+02
1.919192e-03 -1.029977e+04 9.208490e+03 -1.236140e+03 4.955409e+04 -5.703686e+03 6.752251e+04 2.403684e+04 -7.944842e+02 -1.203624e+03 -4.959231e+04 7.914101e+03 6.264312e+03 -2.400680e+04 -7.589836e+02 -3.880658e+03 -5.197075e+04 -1.478216e+03 -5.647216e+04 9.023897e+03 8.100460e+03 2.735670e+04 9.753235e+02 4.390855e+03 5.924166e+04 9.032599e+03 -7.118814e+03 1.002982e+03 -4.351721e+04 -5.036596e+03 5.923520e+04 2.109380e+04 -6.121475e+02
2.121212e-03 -1.097542e+04 9.026957e+03 -1.341587e+03 4.705764e+04 -5.627962e+03 7.205031e+04 2.245441e+04 -8.670400e+02 -1.306921e+03 -4.709810e+04 8.433758e+03 6.141674e+03 -2.242176e+04 -8.291605e+02 -3.830027e+03 -5.545623e+04 -1.604633e+03 -5.362651e+04 9.616132e+03 7.942665e+03 2.554979e+04 1.064348e+03 4.331103e+03 6.321447e+04 9.625398e+03 -6.977565e+03 1.088840e+03 -4.132908e+04 -4.972209e+03 6.320758e+04 1.970567e+04 -6.688430e+02
2.323232e-03 -1.155580e+04 8.835867e+03 -1.440816e+03 4.447713e+04 -5.547012e+03 7.597465e+04 2.082227e+04 -9.366231e+02 -1.404296e+03 -4.451987e+04 8.880327e+03 6.012560e+03 -2.078697e+04 -8.966801e+02 -3.775867e+03 -5.847736e+04 -1.723682e+03 -5.068505e+04 1.012496e+04 7.776585e+03 2.368617e+04 1.149715e+03 4.267222e+03 6.665789e+04 1.013471e+04 -6.828833e+03 1.169716e+03 -3.906721e+04 -4.903342e+03 6.665064e+04 1.827393e+04 -7.234151e+02
2.525253e-03 -1.204212e+04 8.636974e+03 -1.533701e+03 4.184404e+04 -5.461383e+03 7.930223e+04 1.916100e+04 -1.003098e+03 -1.495617e+03 -4.188903e+04 9.254716e+03 5.878151e+03 -1.912306e+04 -9.614030e+02 -3.718537e+03 -6.103928e+04 -1.835208e+03 -4.768367e+04 1.055144e+04 7.603750e+03 2.178936e+04 1.231258e+03 4.199644e+03 6.957780e+04 1.056159e+04 -6.673975e+03 1.245504e+03 -3.675920e+04 -4.830456e+03 6.957025e+04 1.681663e+04 -7.757498e+02
2.727273e-03 -1.243699e+04 8.431957e+03 -1.620191e+03 3.918759e+04 -5.371626e+03 8.204882e+04 1.748971e+04 -1.066360e+03 -1.580825e+03 -3.923480e+04 9.558940e+03 5.739579e+03 -1.744916e+04 -1.023215e+03 -3.658402e+03 -6.315412e+04 -1.939145e+03 -4.465567e+04 1.089785e+04 7.425620e+03 1.988118e+04 1.308848e+03 4.128802e+03 7.198803e+04 1.090833e+04 -6.514293e+03 1.316158e+03 -3.443063e+04 -4.754015e+03 7.198022e+04 1.535053e+04 -8.257529e+02
2.929293e-03 -1.274426e+04 8.222397e+03 -1.700301e+03 3.653431e+04 -5.278289e+03 8.423774e+04 1.582570e+04 -1.126332e+03 -1.659924e+03 -3.658367e+04 9.795936e+03 5.597909e+03 -1.578262e+04 -1.082026e+03 -3.595825e+03 -6.483983e+04 -2.035506e+03 -4.163131e+04 1.116756e+04 7.243574e+03 1.798141e+04 1.382395e+03 4.055128e+03 7.390902e+04 1.117828e+04 -6.351013e+03 1.381684e+03 -3.210479e+04 -4.674482e+03 7.390103e+04 1.389080e+04 -8.733500e+02
3.131313e-03 -1.296872e+04 8.009764e+03 -1.774110e+03 3.390782e+04 -5.181909e+03 8.589838e+04 1.418433e+04 -1.182965e+03 -1.732976e+03 -3.395922e+04 9.969374e+03 5.454133e+03 -1.413882e+04 -1.137772e+03 -3.531163e+03 -6.611900e+04 -2.124377e+03 -3.863750e+04 1.136475e+04 7.058889e+03 1.610758e+04 1.451838e+03 3.979045e+03 7.536657e+04 1.137566e+04 -6.185274e+03 1.442141e+03 -2.980233e+04 -4.592310e+03 7.535843e+04 1.245092e+04 -9.184867e+02
3.333333e-03 -1.311588e+04 7.795400e+03 -1.841747e+03 3.132860e+04 -5.083008e+03 8.706474e+04 1.257889e+04 -1.236237e+03 -1.800093e+03 -3.138193e+04 1.008348e+04 5.309157e+03 -1.253107e+04 -1.190412e+03 -3.464762e+03 -6.701780e+04 -2.205905e+03 -3.569759e+04 1.149425e+04 6.872733e+03 1.427485e+04 1.517153e+03 3.900964e+03 7.639049e+04 1.150527e+04 -6.018119e+03 1.497625e+03 -2.754124e+04 -4.507942e+03 7.638226e+04 1.104255e+04 -9.611274e+02
3.535354e-03 -1.319176e+04 7.580518e+03 -1.903382e+03 2.881406e+04 -4.982085e+03 8.777399e+04 1.102058e+04 -1.286149e+03 -1.861427e+03 -2.886919e+04 1.014287e+04 5.163800e+03 -1.097060e+04 -1.239928e+03 -3.396957e+03 -6.756483e+04 -2.280288e+03 -3.283143e+04 1.156133e+04 6.686161e+03 1.249604e+04 1.578343e+03 3.821281e+03 7.701340e+04 1.157241e+04 -5.850493e+03 1.548269e+03 -2.533675e+04 -4.421803e+03 7.700511e+04 9.675508e+03 -1.001255e+03
3.737374e-03 -1.320267e+04 7.366198e+03 -1.959222e+03 2.637855e+04 -4.879618e+03 8.806530e+04 9.518608e+03 -1.332726e+03 -1.917165e+03 -2.643533e+04 1.015237e+04 5.018793e+03 -9.466620e+03 -1.286323e+03 -3.328067e+03 -6.779022e+04 -2.347766e+03 -3.005537e+04 1.157150e+04 6.500111e+03 1.078164e+04 1.635440e+03 3.740370e+03 7.726964e+04 1.158259e+04 -5.683234e+03 1.594233e+03 -2.320145e+04 -4.334299e+03 7.726135e+04 8.357869e+03 -1.038869e+03
3.939394e-03 -1.315505e+04 7.153389e+03 -2.009500e+03 2.403356e+04 -4.776054e+03 8.797868e+04 8.080229e+03 -1.376011e+03 -1.967521e+03 -2.409184e+04 1.011693e+04 4.874776e+03 -8.026401e+03 -1.329620e+03 -3.258393e+03 -6.772475e+04 -2.408609e+03 -2.738251e+04 1.153041e+04 6.315407e+03 9.139940e+03 1.688498e+03 3.658586e+03 7.719431e+04 1.154145e+04 -5.517085e+03 1.635700e+03 -2.114542e+04 -4.245812e+03 7.718604e+04 7.096005e+03 -1.073985e+03
4.141414e-03 -1.305530e+04 6.942914e+03 -2.054471e+03 2.178790e+04 -4.671812e+03 8.755405e+04 6.710934e+03 -1.416065e+03 -2.012728e+03 -2.184751e+04 1.004146e+04 4.732306e+03 -6.655441e+03 -1.369859e+03 -3.188216e+03 -6.739914e+04 -2.463116e+03 -2.482288e+04 1.144367e+04 6.132763e+03 7.577210e+03 1.737594e+03 3.576258e+03 7.682244e+04 1.145462e+04 -5.352688e+03 1.672869e+03 -1.917636e+04 -4.156701e+03 7.681422e+04 5.894731e+03 -1.106633e+03
4.343434e-03 -1.290970e+04 6.735477e+03 -2.094400e+03 1.964793e+04 -4.567278e+03 8.683049e+04 5.414590e+03 -1.452965e+03 -2.053034e+03 -1.970871e+04 9.930752e+03 4.591861e+03 -5.357609e+03 -1.407097e+03 -3.117798e+03 -6.684346e+04 -2.511599e+03 -2.238376e+04 1.131674e+04 5.952788e+03 6.097858e+03 1.782824e+03 3.493693e+03 7.618831e+04 1.132756e+04 -5.190592e+03 1.705951e+03 -1.729988e+04 -4.067296e+03 7.618018e+04 4.757439e+03 -1.136856e+03
4.545455e-03 -1.272425e+04 6.531669e+03 -2.129564e+03 1.761788e+04 -4.462808e+03 8.584567e+04 4.193622e+03 -1.486800e+03 -2.088698e+03 -1.767967e+04 9.789431e+03 4.453842e+03 -4.135332e+03 -1.441403e+03 -3.047380e+03 -6.608669e+04 -2.554383e+03 -2.006993e+04 1.115490e+04 5.775995e+03 4.704650e+03 1.824299e+03 3.411171e+03 7.532495e+04 1.116557e+04 -5.031264e+03 1.735165e+03 -1.551967e+04 -3.977904e+03 7.531693e+04 3.686258e+03 -1.164709e+03
4.747475e-03 -1.250466e+04 6.331980e+03 -2.160244e+03 1.570006e+04 -4.358725e+03 8.463530e+04 3.049199e+03 -1.517670e+03 -2.119982e+03 -1.576270e+04 9.621865e+03 4.318581e+03 -2.989776e+03 -1.472860e+03 -2.977180e+03 -6.515630e+04 -2.591797e+03 -1.788405e+04 1.096315e+04 5.602807e+03 3.398913e+03 1.862144e+03 3.328947e+03 7.426370e+04 1.097363e+04 -4.875087e+03 1.760733e+03 -1.383777e+04 -3.888801e+03 7.425581e+04 2.682214e+03 -1.190255e+03
4.949495e-03 -1.225627e+04 6.136804e+03 -2.186718e+03 1.389516e+04 -4.255319e+03 8.323291e+04 1.981411e+03 -1.545685e+03 -2.147149e+03 -1.395850e+04 9.432147e+03 4.186347e+03 -1.921026e+03 -1.501559e+03 -2.907396e+03 -6.407810e+04 -2.624173e+03 -1.582691e+04 1.074615e+04 5.433566e+03 2.180745e+03 1.896493e+03 3.247250e+03 7.303397e+04 1.075642e+04 -4.722375e+03 1.782878e+03 -1.225479e+04 -3.800238e+03 7.302622e+04 1.745386e+03 -1.213567e+03
5.151515e-03 -1.198400e+04 5.946454e+03 -2.209264e+03 1.220250e+04 -4.152850e+03 8.166955e+04 9.894436e+02 -1.570960e+03 -2.170462e+03 -1.226638e+04 9.224061e+03 4.057354e+03 -9.282626e+02 -1.527600e+03 -2.838205e+03 -6.287599e+04 -2.651835e+03 -1.389771e+04 1.050821e+04 5.268539e+03 1.049208e+03 1.927489e+03 3.166287e+03 7.166300e+04 1.051825e+04 -4.573374e+03 1.801821e+03 -1.077013e+04 -3.712441e+03 7.165541e+04 8.750607e+02 -1.234724e+03
5.353535e-03 -1.169237e+04 5.761167e+03 -2.228151e+03 1.062027e+04 -4.051546e+03 7.997376e+04 7.173785e+01 -1.593615e+03 -2.190176e+03 -1.068455e+04 9.001072e+03 3.931763e+03 -9.919483e+00 -1.551089e+03 -2.769766e+03 -6.157191e+04 -2.675106e+03 -1.209439e+04 1.025330e+04 5.107932e+03 2.516135e+00 1.955281e+03 3.086238e+03 7.017581e+04 1.026310e+04 -4.428274e+03 1.817778e+03 -9.382213e+03 -3.625607e+03 7.016839e+04 6.987199e+01 -1.253810e+03
5.555556e-03 -1.138549e+04 5.581114e+03 -2.243643e+03 9.145733e+03 -3.951610e+03 7.817145e+04 -7.738595e+02 -1.613775e+03 -2.206543e+03 -9.210283e+03 8.766323e+03 3.809693e+03 8.361648e+02 -1.572136e+03 -2.702215e+03 -6.018581e+04 -2.694296e+03 -1.041384e+04 9.984996e+03 4.951890e+03 -9.617952e+02 1.980023e+03 3.007262e+03 6.859515e+04 9.994539e+03 -4.287214e+03 1.830959e+03 -8.088652e+03 -3.539911e+03 6.858792e+04 -6.720683e+02 -1.270913e+03
5.757576e-03 -1.106703e+04 5.406410e+03 -2.255993e+03 7.775443e+03 -3.853214e+03 7.628601e+04 -1.549965e+03 -1.631564e+03 -2.219805e+03 -7.840132e+03 8.522639e+03 3.691224e+03 1.612615e+03 -1.590856e+03 -2.635673e+03 -5.873568e+04 -2.709705e+03 -8.852130e+03 9.706529e+03 4.800510e+03 -1.846720e+03 2.001867e+03 2.929498e+03 6.694153e+04 9.715807e+03 -4.150286e+03 1.841568e+03 -6.886427e+03 -3.455505e+03 6.693449e+04 -1.353054e+03 -1.286124e+03
5.959596e-03 -1.074028e+04 5.237119e+03 -2.265443e+03 6.505404e+03 -3.756508e+03 7.433832e+04 -2.259539e+03 -1.647110e+03 -2.230194e+03 -6.570115e+03 8.272537e+03 3.576400e+03 2.322404e+03 -1.607364e+03 -2.570242e+03 -5.723759e+04 -2.721622e+03 -7.404698e+03 9.420766e+03 4.653847e+03 -2.655647e+03 2.020971e+03 2.853062e+03 6.523328e+04 9.429774e+03 -4.017547e+03 1.849800e+03 -5.772045e+03 -3.372518e+03 6.522642e+04 -1.975683e+03 -1.299535e+03
6.161616e-03 -1.040812e+04 5.073262e+03 -2.272224e+03 5.331229e+03 -3.661615e+03 7.234691e+04 -2.905790e+03 -1.660537e+03 -2.237933e+03 -5.395852e+03 8.018241e+03 3.465238e+03 2.968745e+03 -1.621777e+03 -2.506009e+03 -5.570581e+04 -2.730322e+03 -6.066542e+03 9.130247e+03 4.511916e+03 -3.392242e+03 2.037488e+03 2.778055e+03 6.348664e+04 9.138980e+03 -3.889017e+03 1.855840e+03 -4.741661e+03 -3.291059e+03 6.347998e+04 -2.542767e+03 -1.311241e+03
6.363636e-03 -1.007310e+04 4.914826e+03 -2.276555e+03 4.248260e+03 -3.568639e+03 7.032807e+04 -3.492080e+03 -1.671970e+03 -2.243232e+03 -4.312696e+03 7.761699e+03 3.357731e+03 3.555012e+03 -1.634210e+03 -2.443046e+03 -5.415288e+04 -2.736066e+03 -4.832355e+03 8.837193e+03 4.374703e+03 -4.060352e+03 2.051571e+03 2.704557e+03 6.171591e+04 8.845649e+03 -3.764689e+03 1.859866e+03 -3.791202e+03 -3.211220e+03 6.170944e+04 -3.057254e+03 -1.321334e+03
6.565657e-03 -9.737427e+03 4.761765e+03 -2.278643e+03 3.251686e+03 -3.477662e+03 6.829603e+04 -4.021856e+03 -1.681530e+03 -2.246292e+03 -3.315842e+03 7.504604e+03 3.253850e+03 4.084662e+03 -1.644777e+03 -2.381413e+03 -5.258972e+04 -2.739099e+03 -3.696647e+03 8.543534e+03 4.242168e+03 -4.663918e+03 2.063368e+03 2.632635e+03 5.993356e+04 8.551715e+03 -3.644533e+03 1.862045e+03 -2.916452e+03 -3.133075e+03 5.992730e+04 -3.522169e+03 -1.329907e+03
6.767677e-03 -9.402988e+03 4.614010e+03 -2.278681e+03 2.336623e+03 -3.388751e+03 6.626309e+04 -4.498590e+03 -1.689336e+03 -2.247302e+03 -2.400417e+03 7.248412e+03 3.153550e+03 4.561175e+03 -1.653591e+03 -2.321155e+03 -5.102583e+04 -2.739655e+03 -2.653854e+03 8.250932e+03 4.114247e+03 -5.206908e+03 2.073026e+03 2.562340e+03 5.815040e+04 8.258838e+03 -3.528497e+03 1.862535e+03 -2.113138e+03 -3.056681e+03 5.814433e+04 -3.940556e+03 -1.337049e+03
6.969697e-03 -9.071405e+03 4.471469e+03 -2.276853e+03 1.498200e+03 -3.301954e+03 6.423981e+04 -4.925728e+03 -1.695503e+03 -2.246439e+03 -1.561557e+03 6.994366e+03 3.056771e+03 4.988006e+03 -1.660763e+03 -2.262308e+03 -4.946931e+04 -2.737951e+03 -1.698421e+03 7.960805e+03 3.990862e+03 -5.693263e+03 2.080685e+03 2.493712e+03 5.637568e+04 7.968439e+03 -3.416515e+03 1.861482e+03 -1.376992e+03 -2.982082e+03 5.636981e+04 -4.315437e+03 -1.342850e+03
7.171717e-03 -8.744042e+03 4.334036e+03 -2.273328e+03 7.316076e+02 -3.217305e+03 6.223515e+04 -5.306650e+03 -1.700142e+03 -2.243869e+03 -7.944610e+02 6.743514e+03 2.963442e+03 5.368544e+03 -1.666397e+03 -2.204897e+03 -4.792709e+04 -2.734191e+03 -8.248646e+02 7.674346e+03 3.871916e+03 -6.126846e+03 2.086482e+03 2.426778e+03 5.461728e+04 7.681713e+03 -3.308506e+03 1.859026e+03 -7.038036e+02 -2.909310e+03 5.461160e+04 -4.649776e+03 -1.347396e+03
7.373737e-03 -8.422034e+03 4.201591e+03 -2.268266e+03 3.215052e+01 -3.134825e+03 6.025668e+04 -5.644642e+03 -1.703359e+03 -2.239748e+03 -9.444087e+01 6.496730e+03 2.873484e+03 5.706083e+03 -1.670598e+03 -2.148938e+03 -4.640497e+04 -2.728565e+03 -2.783296e+01 7.392553e+03 3.757304e+03 -6.511414e+03 2.090547e+03 2.361555e+03 5.288182e+04 7.399657e+03 -3.204380e+03 1.855296e+03 -8.946106e+01 -2.838385e+03 5.287633e+04 -4.946456e+03 -1.350771e+03
7.575758e-03 -8.106316e+03 4.074002e+03 -2.261814e+03 -6.047179e+02 -3.054524e+03 5.831065e+04 -5.942871e+03 -1.705256e+03 -2.234220e+03 5.430430e+02 6.254732e+03 2.786808e+03 6.003798e+03 -1.673464e+03 -2.094440e+03 -4.490777e+04 -2.721250e+03 6.978578e+02 7.116244e+03 3.646911e+03 -6.850585e+03 2.093005e+03 2.298052e+03 5.117480e+04 7.123090e+03 -3.104038e+03 1.850411e+03 4.700179e+02 -2.769317e+03 5.116949e+04 -5.208255e+03 -1.353053e+03
7.777778e-03 -7.797643e+03 3.951132e+03 -2.254109e+03 -1.183370e+03 -2.976401e+03 5.640221e+04 -6.204370e+03 -1.705932e+03 -2.227421e+03 1.122356e+03 6.018101e+03 2.703324e+03 6.264729e+03 -1.675089e+03 -2.041404e+03 -4.343946e+04 -2.712411e+03 1.357192e+03 6.846081e+03 3.540617e+03 -7.147825e+03 2.093976e+03 2.236267e+03 4.950074e+04 6.852675e+03 -3.007374e+03 1.844485e+03 9.784626e+02 -2.702108e+03 4.949561e+04 -5.437831e+03 -1.354321e+03
7.979798e-03 -7.496611e+03 3.832837e+03 -2.245277e+03 -1.707983e+03 -2.900448e+03 5.453550e+04 -6.432024e+03 -1.705478e+03 -2.219474e+03 1.647671e+03 5.787297e+03 2.622934e+03 6.491767e+03 -1.675565e+03 -1.989826e+03 -4.200321e+04 -2.702201e+03 1.954933e+03 6.582586e+03 3.438295e+03 -7.406433e+03 2.093571e+03 2.176194e+03 4.786326e+04 6.588936e+03 -2.914278e+03 1.837620e+03 1.439533e+03 -2.636750e+03 4.785831e+04 -5.637717e+03 -1.354647e+03
8.181818e-03 -7.203678e+03 3.718970e+03 -2.235437e+03 -2.182531e+03 -2.826646e+03 5.271379e+04 -6.628564e+03 -1.703982e+03 -2.210497e+03 2.122953e+03 5.562673e+03 2.545541e+03 6.687651e+03 -1.674978e+03 -1.939695e+03 -4.060156e+04 -2.690760e+03 2.495610e+03 6.326164e+03 3.339816e+03 -7.629529e+03 2.091900e+03 2.117820e+03 4.626523e+04 6.332275e+03 -2.824639e+03 1.829913e+03 1.856708e+03 -2.573231e+03 4.626045e+04 -5.810307e+03 -1.354102e+03
8.383838e-03 -6.919182e+03 3.609382e+03 -2.224696e+03 -2.610774e+03 -2.754972e+03 5.093956e+04 -6.796567e+03 -1.701528e+03 -2.200596e+03 2.551960e+03 5.344491e+03 2.471045e+03 6.854960e+03 -1.673409e+03 -1.890997e+03 -3.923641e+04 -2.678218e+03 2.983508e+03 6.077109e+03 3.245051e+03 -7.820056e+03 2.089063e+03 2.061126e+03 4.470884e+04 6.082991e+03 -2.738341e+03 1.821452e+03 2.233283e+03 -2.511531e+03 4.470422e+04 -5.957860e+03 -1.352752e+03
8.585859e-03 -6.643358e+03 3.503924e+03 -2.213155e+03 -2.996255e+03 -2.685397e+03 4.921464e+04 -6.938448e+03 -1.698193e+03 -2.189870e+03 2.938229e+03 5.132932e+03 2.399345e+03 6.996119e+03 -1.670936e+03 -1.843714e+03 -3.790917e+04 -2.664696e+03 3.422670e+03 5.835630e+03 3.153869e+03 -7.980776e+03 2.085156e+03 2.006089e+03 4.319569e+04 5.841288e+03 -2.655271e+03 1.812319e+03 2.572362e+03 -2.451628e+03 4.319123e+04 -6.082497e+03 -1.350660e+03
8.787879e-03 -6.376350e+03 3.402446e+03 -2.200904e+03 -3.342307e+03 -2.617887e+03 4.754030e+04 -7.056470e+03 -1.694052e+03 -2.178410e+03 3.285088e+03 4.928109e+03 2.330341e+03 7.113392e+03 -1.667631e+03 -1.797822e+03 -3.662082e+04 -2.650305e+03 3.816892e+03 5.601853e+03 3.066140e+03 -8.114272e+03 2.080269e+03 1.952683e+03 4.172689e+04 5.607295e+03 -2.575313e+03 1.802590e+03 2.876862e+03 -2.393492e+03 4.172258e+04 -6.186201e+03 -1.347885e+03
8.989899e-03 -6.118227e+03 3.304802e+03 -2.188027e+03 -3.652047e+03 -2.552404e+03 4.591729e+04 -7.152740e+03 -1.689173e+03 -2.166300e+03 3.595652e+03 4.730076e+03 2.263934e+03 7.208893e+03 -1.663565e+03 -1.753299e+03 -3.537194e+04 -2.635145e+03 4.169729e+03 5.375839e+03 2.981736e+03 -8.222954e+03 2.074486e+03 1.900878e+03 4.030310e+04 5.381073e+03 -2.498353e+03 1.792333e+03 3.149518e+03 -2.337091e+03 4.029895e+04 -6.270820e+03 -1.344485e+03
9.191919e-03 -5.868993e+03 3.210846e+03 -2.174603e+03 -3.928391e+03 -2.488907e+03 4.434595e+04 -7.229221e+03 -1.683622e+03 -2.153617e+03 3.872831e+03 4.538839e+03 2.200028e+03 7.284587e+03 -1.658800e+03 -1.710117e+03 -3.416279e+04 -2.619311e+03 4.484505e+03 5.157594e+03 2.900530e+03 -8.309062e+03 2.067887e+03 1.850641e+03 3.892463e+04 5.162626e+03 -2.424280e+03 1.781613e+03 3.392882e+03 -2.282393e+03 3.892062e+04 -6.338076e+03 -1.340510e+03
9.393939e-03 -5.628598e+03 3.120436e+03 -2.160702e+03 -4.174055e+03 -2.427351e+03 4.282627e+04 -7.287730e+03 -1.677459e+03 -2.140433e+03 4.119339e+03 4.354359e+03 2.138524e+03 7.342297e+03 -1.653399e+03 -1.668247e+03 -3.299337e+04 -2.602888e+03 4.764315e+03 4.947073e+03 2.822398e+03 -8.374673e+03 2.060547e+03 1.801938e+03 3.759146e+04 4.951912e+03 -2.352983e+03 1.770487e+03 3.609334e+03 -2.229359e+03 3.758759e+04 -6.389564e+03 -1.336012e+03
9.595960e-03 -5.396945e+03 3.033433e+03 -2.146389e+03 -4.391564e+03 -2.367692e+03 4.135793e+04 -7.329952e+03 -1.670740e+03 -2.126812e+03 4.337698e+03 4.176566e+03 2.079331e+03 7.383709e+03 -1.647418e+03 -1.627659e+03 -3.186343e+04 -2.585954e+03 5.012039e+03 4.744195e+03 2.747218e+03 -8.421711e+03 2.052533e+03 1.754734e+03 3.630332e+04 4.748848e+03 -2.284355e+03 1.759010e+03 3.801088e+03 -2.177952e+03 3.629959e+04 -6.426761e+03 -1.331036e+03
9.797980e-03 -5.173903e+03 2.949700e+03 -2.131723e+03 -4.583265e+03 -2.309882e+03 3.994038e+04 -7.357441e+03 -1.663520e+03 -2.112814e+03 4.530252e+03 4.005360e+03 2.022356e+03 7.410382e+03 -1.640910e+03 -1.588321e+03 -3.077256e+04 -2.568581e+03 5.230351e+03 4.548843e+03 2.674873e+03 -8.451953e+03 2.043911e+03 1.708991e+03 3.505972e+04 4.553317e+03 -2.218290e+03 1.747229e+03 3.970198e+03 -2.128131e+03 3.505612e+04 -6.451031e+03 -1.325626e+03
1.000000e-02 -4.959309e+03 2.869107e+03 -2.116757e+03 -4.751329e+03 -2.253872e+03 3.857285e+04 -7.371633e+03 -1.655847e+03 -2.098493e+03 4.699170e+03 3.840616e+03 1.967511e+03 7.423752e+03 -1.633925e+03 -1.550203e+03 -2.972015e+04 -2.550835e+03 5.421727e+03 4.360877e+03 2.605247e+03 -8.467035e+03 2.034741e+03 1.664670e+03 3.385999e+04 4.365179e+03 -2.154687e+03 1.735191e+03 4.118569e+03 -2.079856e+03 3.385651e+04 -6.463631e+03 -1.319822e+03
