-1.000000e-02 -1.139650e+05 3.865963e+03 6.636640e+03 -1.376798e+05 -6.663131e+01 -2.055373e+05 -1.433702e+05 6.094766e+03 6.451480e+03 1.375778e+05 8.765192e+04 2.653494e+03 1.434740e+05 5.905971e+03 -7.705069e+01 1.583372e+05 7.916124e+03 1.568668e+05 9.994772e+04 3.656706e+03 -1.634686e+05 -7.298969e+03 -3.353682e+02 -1.804005e+05 9.994616e+04 -2.759796e+03 -5.389690e+03 1.207511e+05 -4.818421e+02 -1.804005e+05 -1.258349e+05 4.910312e+03
-9.797980e-03 -1.339117e+05 4.418333e+03 7.197549e+03 -1.608463e+05 5.608006e+01 -2.418074e+05 -1.677362e+05 6.580438e+03 6.978718e+03 1.607288e+05 1.029961e+05 3.032527e+03 1.678556e+05 6.357508e+03 2.141864e+00 1.862752e+05 8.572941e+03 1.832627e+05 1.174426e+05 4.151556e+03 -1.912491e+05 -7.869744e+03 -4.625336e+02 -2.122331e+05 1.174407e+05 -3.181612e+03 -5.838806e+03 1.410696e+05 -4.111013e+02 -2.122331e+05 -1.472197e+05 5.293200e+03
-9.595960e-03 -1.599194e+05 5.130568e+03 7.889419e+03 -1.909956e+05 2.356192e+02 -2.891184e+05 -1.994924e+05 7.175466e+03 7.626104e+03 1.908581e+05 1.230029e+05 3.521246e+03 1.996320e+05 6.907451e+03 1.187562e+02 2.227175e+05 9.381256e+03 2.176150e+05 1.402537e+05 4.788076e+03 -2.274553e+05 -8.567328e+03 -6.421740e+02 -2.537556e+05 1.402511e+05 -3.727042e+03 -6.391621e+03 1.675126e+05 -3.003278e+02 -2.537556e+05 -1.750905e+05 5.760755e+03
-9.393939e-03 -1.949448e+05 6.082103e+03 8.770664e+03 -2.315236e+05 5.058428e+02 -3.528589e+05 -2.422516e+05 7.927906e+03 8.446402e+03 2.313596e+05 1.499469e+05 4.174132e+03 2.424181e+05 7.598138e+03 2.952268e+02 2.718147e+05 1.040813e+04 2.637929e+05 1.709741e+05 5.636272e+03 -2.762063e+05 -9.446940e+03 -9.045464e+02 -3.096975e+05 1.709708e+05 -4.457872e+03 -7.094059e+03 2.030587e+05 -1.245050e+02 -3.096973e+05 -2.126180e+05 6.349775e+03
-9.191919e-03 -2.442233e+05 7.416678e+03 9.944581e+03 -2.884365e+05 9.304101e+02 -4.425710e+05 -3.024182e+05 8.922728e+03 9.532574e+03 2.882354e+05 1.878558e+05 5.089745e+03 3.026221e+05 8.504076e+03 5.737969e+02 3.409166e+05 1.177194e+04 3.286400e+05 2.141962e+05 6.822679e+03 -3.448035e+05 -1.060601e+04 -1.306222e+03 -3.884331e+05 2.141917e+05 -5.486017e+03 -8.027193e+03 2.529756e+05 1.637933e+02 -3.884326e+05 -2.654229e+05 7.125183e+03
-8.989899e-03 -3.181201e+05 9.427631e+03 1.161762e+04 -3.736079e+05 1.643999e+03 -5.771448e+05 -3.926883e+05 1.033005e+04 1.106973e+04 3.733517e+05 2.447036e+05 6.469173e+03 3.929478e+05 9.773781e+03 1.043966e+03 4.445734e+05 1.370886e+04 4.256853e+05 2.790112e+05 8.605262e+03 -4.477220e+05 -1.223917e+04 -1.966314e+03 -5.065413e+05 2.790049e+05 -7.040086e+03 -9.352764e+03 3.276775e+05 6.656206e+02 -5.065404e+05 -3.446477e+05 8.216693e+03
-8.787879e-03 -4.412558e+05 1.284145e+04 1.429205e+04 -5.151886e+05 2.991417e+03 -8.014439e+05 -5.432697e+05 1.256551e+04 1.350675e+04 5.148414e+05 3.394307e+05 8.810255e+03 5.436210e+05 1.176884e+04 1.935199e+03 6.173414e+05 1.679266e+04 5.870043e+05 3.870141e+05 1.162233e+04 -6.194018e+05 -1.482116e+04 -3.188607e+03 -7.033961e+05 3.870045e+05 -9.686615e+03 -1.146363e+04 4.518551e+05 1.641239e+03 -7.033945e+05 -4.768041e+05 9.940787e+03
-8.585859e-03 -6.979321e+05 2.029186e+04 1.976511e+04 -8.093292e+05 6.260659e+03 -1.269045e+06 -8.578221e+05 1.712749e+04 1.844529e+04 8.087930e+05 5.368902e+05 1.391700e+04 8.583641e+05 1.578964e+04 4.105896e+03 9.775137e+05 2.307395e+04 9.221523e+05 6.121471e+05 1.818635e+04 -9.780260e+05 -2.006082e+04 -6.104735e+03 -1.113783e+06 6.121301e+05 -1.548011e+04 -1.576341e+04 7.098400e+05 4.067397e+03 -1.113780e+06 -7.528680e+05 1.343752e+04
-8.383838e-03 -3.241239e+06 1.059927e+05 7.837442e+04 -3.701280e+06 4.890479e+04 -5.900020e+06 -3.993455e+06 6.658917e+04 7.064977e+04 3.698852e+06 2.493426e+06 7.258933e+04 3.995911e+06 5.876554e+04 3.256199e+04 4.544575e+06 8.994556e+04 4.217268e+06 2.842901e+06 9.343250e+04 -4.552996e+06 -7.646875e+04 -4.356788e+04 -5.178148e+06 2.842797e+06 -8.230093e+04 -6.151349e+04 3.246294e+06 3.645081e+04 -5.178123e+06 -3.504835e+06 5.111607e+04
-8.181818e-03 3.041235e+05 -1.922401e+04 -5.854229e+03 3.196336e+05 -1.510958e+04 5.542584e+05 3.867714e+05 -4.818636e+03 -4.134734e+03 -3.194147e+05 -2.339708e+05 -1.310830e+04 -3.869953e+05 -3.078644e+03 -1.020150e+04 -4.269174e+05 -6.021236e+03 -3.641934e+05 -2.667630e+05 -1.642467e+04 4.409498e+05 4.830294e+03 1.250458e+04 4.864404e+05 -2.667375e+05 1.538272e+04 4.129196e+03 -2.803328e+05 -1.237939e+04 4.864362e+05 3.394454e+05 -3.210382e+03
-7.979798e-03 2.973536e+06 -8.616765e+04 -4.975338e+04 3.385588e+06 -4.680828e+04 5.424029e+06 3.650004e+06 -3.965200e+04 -4.313505e+04 -3.383477e+06 -2.287596e+06 -5.904017e+04 -3.652126e+06 -3.295851e+04 -3.125126e+04 -4.177809e+06 -5.598835e+04 -3.857624e+06 -2.608163e+06 -7.512567e+04 4.161336e+06 4.443795e+04 4.021054e+04 4.760318e+06 -2.608060e+06 6.776974e+04 3.840029e+04 -2.969459e+06 -3.647577e+04 4.760303e+06 3.203363e+06 -2.949746e+04
-7.777778e-03 -3.160765e+06 4.935080e+04 4.198250e+04 -3.693287e+06 1.299969e+04 -5.771133e+06 -3.818746e+06 3.149832e+04 3.890081e+04 3.691083e+06 2.431658e+06 3.405418e+04 3.820951e+06 2.838309e+04 8.287350e+03 4.445124e+06 4.871065e+04 4.208245e+06 2.772367e+06 4.387987e+04 -4.353728e+06 -3.674499e+04 -1.238185e+04 -5.064930e+06 2.772325e+06 -3.823461e+04 -3.346928e+04 3.239411e+06 8.468308e+03 -5.064908e+06 -3.351437e+06 2.425149e+04
-7.575758e-03 -7.710624e+05 -5.182330e+03 7.460707e+03 -9.419802e+05 -1.280136e+04 -1.409180e+06 -9.031434e+05 4.958907e+03 8.359838e+03 9.414572e+05 5.932040e+05 -3.393674e+03 9.036667e+05 5.866818e+03 -8.819962e+03 1.085385e+06 9.517094e+03 1.073333e+06 6.763043e+05 -3.876363e+03 -1.029675e+06 -6.670697e+03 1.005164e+04 -1.236730e+06 6.763199e+05 4.538328e+03 -6.554579e+03 8.262439e+05 -1.123290e+04 -1.236732e+06 -7.926200e+05 4.363020e+03
-7.373737e-03 1.175824e+06 -3.220770e+04 -7.253720e+03 1.325632e+06 -2.501583e+04 2.151198e+06 1.449175e+06 -3.660822e+03 -4.421392e+03 -1.324862e+06 -9.046436e+05 -2.205860e+04 -1.449941e+06 -8.021053e+02 -1.680935e+04 -1.656876e+06 -6.977158e+03 -1.510485e+06 -1.031383e+06 -2.741525e+04 1.652137e+06 2.867857e+03 2.042766e+04 1.887932e+06 -1.031334e+06 2.598501e+04 4.872715e+03 -1.162725e+06 -2.067930e+04 1.887921e+06 1.271818e+06 -1.707852e+03
-7.171717e-03 3.244876e+07 -1.547785e+05 -7.856957e+04 3.833335e+07 -1.991612e+04 5.941981e+07 3.870189e+07 1.806503e+04 -6.996740e+04 -3.831280e+07 -2.496544e+07 -1.099293e+05 -3.872242e+07 2.674209e+04 -8.740934e+03 -4.576519e+07 -8.750890e+04 -4.367925e+07 -2.846232e+07 -1.344867e+05 4.412250e+07 -2.266596e+04 1.502941e+04 5.214743e+07 -2.846210e+07 1.266077e+05 6.296062e+04 -3.362370e+07 -1.240638e+04 5.214751e+07 3.396523e+07 2.186591e+04
-6.969697e-03 8.770473e+06 -5.953850e+04 7.731618e+03 1.029048e+07 -4.666790e+04 1.607525e+07 1.052845e+07 3.290912e+04 1.294988e+04 -1.028506e+07 -6.747959e+06 -4.168166e+04 -1.053385e+07 3.816937e+04 -3.047165e+04 -1.238107e+07 1.315001e+04 -1.172560e+07 -7.693087e+06 -4.944150e+04 1.200292e+07 -4.186642e+04 3.576570e+04 1.410776e+07 -7.692983e+06 5.030315e+04 -8.023207e+03 -9.026243e+06 -3.991108e+04 1.410775e+07 9.239837e+06 3.013373e+04
-6.767677e-03 8.481278e+04 -2.034023e+04 2.377732e+02 4.302972e+04 -2.115466e+04 1.556694e+05 1.411057e+05 4.399704e+02 2.276708e+03 -4.297267e+04 -6.526328e+04 -1.383112e+04 -1.411519e+05 2.493786e+03 -1.436178e+04 -1.198961e+05 1.528478e+03 -4.902374e+04 -7.441773e+04 -1.705041e+04 1.608397e+05 -1.766799e+03 1.704891e+04 1.366220e+05 -7.437865e+04 1.655996e+04 -1.029521e+03 -3.771788e+04 -1.788086e+04 1.366111e+05 1.238329e+05 1.213934e+03
-6.565657e-03 -1.889128e+06 1.723071e+03 -1.372467e+04 -2.243485e+06 8.910274e+03 -3.468679e+06 -2.267621e+06 -1.876756e+04 -1.423169e+04 2.242400e+06 1.453546e+06 1.410511e+03 2.268702e+06 -1.927823e+04 5.814989e+03 2.671486e+06 -1.704768e+04 2.556399e+06 1.657090e+06 6.090248e+02 -2.585139e+06 2.279565e+04 -6.103032e+03 -3.044101e+06 1.657083e+06 -2.509905e+03 1.140560e+04 1.967921e+06 8.342929e+03 -3.044094e+06 -1.990051e+06 -1.583218e+04
-6.363636e-03 4.340875e+06 -6.421077e+04 4.578683e+04 4.956869e+06 -9.670521e+04 7.977549e+06 5.356384e+06 5.681924e+04 5.360816e+04 -4.954423e+06 -3.340082e+06 -4.415805e+04 -5.358767e+06 6.468827e+04 -6.519311e+04 -6.144053e+06 6.044233e+04 -5.648242e+06 -3.807821e+06 -5.116786e+04 6.106231e+06 -7.303423e+04 7.471081e+04 7.001054e+06 -3.807657e+06 5.549780e+04 -4.068031e+04 -4.347976e+06 -8.444300e+04 7.001013e+06 4.700708e+06 5.038545e+04
-6.161616e-03 1.225197e+05 -1.271015e+04 1.992309e+03 1.008171e+05 -1.478424e+04 2.254313e+05 1.720267e+05 2.262359e+03 3.333050e+03 -1.007456e+05 -9.428281e+04 -8.651925e+03 -1.720858e+05 3.610149e+03 -1.003340e+04 -1.736186e+05 3.231356e+03 -1.148740e+05 -1.074916e+05 -1.057014e+04 1.960915e+05 -3.542128e+03 1.178881e+04 1.978405e+05 -1.074634e+05 1.044263e+04 -2.184895e+03 -8.841708e+04 -1.261837e+04 1.978309e+05 1.509666e+05 2.425658e+03
-5.959596e-03 -1.799327e+06 2.125872e+04 -2.991457e+04 -2.066527e+06 4.596652e+04 -3.312197e+06 -2.243205e+06 -3.413371e+04 -3.313917e+04 2.065590e+06 1.384551e+06 1.464363e+04 2.244104e+06 -3.737392e+04 3.104717e+04 2.550883e+06 -3.826969e+04 2.354788e+06 1.578406e+06 1.607558e+04 -2.557163e+06 4.308070e+04 -3.507329e+04 -2.906736e+06 1.578340e+06 -1.926583e+04 2.586313e+04 1.812731e+06 4.064432e+04 -2.906706e+06 -1.968582e+06 -2.957521e+04
-5.757576e-03 -1.445403e+06 1.992812e+04 -2.847432e+04 -1.646937e+06 4.504315e+04 -2.662823e+06 -1.823338e+06 -3.171618e+04 -3.157578e+04 1.646210e+06 1.112238e+06 1.369375e+04 1.824025e+06 -3.483069e+04 3.046838e+04 2.050749e+06 -3.642637e+04 1.876678e+06 1.267958e+06 1.506091e+04 -2.078494e+06 4.012155e+04 -3.445326e+04 -2.336845e+06 1.267891e+06 -1.803048e+04 2.464671e+04 1.444683e+06 3.979444e+04 -2.336817e+06 -1.600108e+06 -2.750074e+04
-5.555556e-03 -6.005090e+05 5.677210e+03 -1.343293e+04 -6.950023e+05 1.802970e+04 -1.107124e+06 -7.610066e+05 -1.473205e+04 -1.455099e+04 6.947131e+05 4.620991e+05 3.917471e+03 7.612793e+05 -1.585426e+04 1.219779e+04 8.526328e+05 -1.696878e+04 7.919577e+05 5.267904e+05 3.970332e+03 -8.674902e+05 1.844837e+04 -1.366523e+04 -9.715867e+05 5.267656e+05 -5.475361e+03 1.149043e+04 6.096633e+05 1.605671e+04 -9.715762e+05 -6.678335e+05 -1.263399e+04
-5.353535e-03 -3.914676e+05 2.707905e+03 -9.794045e+03 -4.580126e+05 1.213273e+04 -7.222516e+05 -5.004312e+05 -1.060881e+04 -1.048520e+04 4.578322e+05 3.012443e+05 1.876790e+03 5.006001e+05 -1.130218e+04 8.212172e+03 5.562245e+05 -1.229313e+04 5.219103e+05 3.434138e+05 1.688460e+03 -5.704455e+05 1.322040e+04 -9.149300e+03 -6.338285e+05 3.433981e+05 -2.826233e+03 8.329691e+03 4.017801e+05 1.085598e+04 -6.338217e+05 -4.391589e+05 -9.047013e+03
-5.151515e-03 -2.846665e+05 1.354349e+03 -7.854038e+03 -3.367547e+05 9.265713e+03 -5.255752e+05 -3.679181e+05 -8.423668e+03 -8.341732e+03 3.366295e+05 2.190618e+05 9.454236e+02 3.680343e+05 -8.912680e+03 6.274807e+03 4.047551e+05 -9.815343e+03 3.837379e+05 2.497250e+05 6.637409e+02 -4.193862e+05 1.046311e+04 -6.963056e+03 -4.612285e+05 2.497136e+05 -1.601886e+03 6.654273e+03 2.954146e+05 8.318546e+03 -4.612235e+05 -3.228687e+05 -7.155913e+03
-4.949495e-03 -2.188439e+05 5.963287e+02 -6.581625e+03 -2.620625e+05 7.538144e+03 -4.043225e+05 -2.865625e+05 -7.002519e+03 -6.949328e+03 2.619708e+05 1.684115e+05 4.233158e+02 2.866466e+05 -7.371039e+03 5.107410e+03 3.113733e+05 -8.198668e+03 2.986265e+05 1.919834e+05 9.980727e+01 -3.266445e+05 8.676896e+03 -5.650870e+03 -3.548193e+05 1.919747e+05 -9.057061e+02 5.560690e+03 2.298955e+05 6.784396e+03 -3.548154e+05 -2.514732e+05 -5.931478e+03
-4.747475e-03 -1.742547e+05 1.260371e+02 -5.657680e+03 -2.115668e+05 6.378287e+03 -3.221530e+05 -2.316676e+05 -5.979742e+03 -5.946526e+03 2.114975e+05 1.341000e+05 9.909256e+01 2.317303e+05 -6.269096e+03 4.323552e+03 2.480915e+05 -7.029996e+03 2.410868e+05 1.528683e+05 -2.430983e+02 -2.640668e+05 7.395599e+03 -4.773101e+03 -2.827091e+05 1.528613e+05 -4.664767e+02 4.769813e+03 1.856010e+05 5.751084e+03 -2.827059e+05 -2.032989e+05 -5.053655e+03
-4.545455e-03 -1.422085e+05 -1.844700e+02 -4.944364e+03 -1.753980e+05 5.546041e+03 -2.630729e+05 -1.923920e+05 -5.196937e+03 -5.177770e+03 1.753444e+05 1.094401e+05 -1.151641e+02 1.924397e+05 -5.430649e+03 3.761004e+03 2.025919e+05 -6.131224e+03 1.998724e+05 1.247562e+05 -4.643172e+02 -2.192948e+05 6.417663e+03 -4.145396e+03 -2.308617e+05 1.247504e+05 -1.710819e+02 4.161323e+03 1.538739e+05 5.007396e+03 -2.308591e+05 -1.688319e+05 -4.384030e+03
-4.343434e-03 -1.181998e+05 -3.982380e+02 -4.370421e+03 -1.484308e+05 4.921143e+03 -2.187909e+05 -1.631271e+05 -4.572172e+03 -4.562974e+03 1.483889e+05 9.096494e+04 -2.628015e+02 1.631637e+05 -4.764896e+03 3.338526e+03 1.684890e+05 -5.410477e+03 1.691433e+05 1.036948e+05 -6.126015e+02 -1.859344e+05 5.639042e+03 -3.675562e+03 -1.920009e+05 1.036899e+05 3.644432e+01 3.673159e+03 1.302183e+05 4.447411e+03 -1.919987e+05 -1.431499e+05 -3.851151e+03
-4.141414e-03 -9.963978e+04 -5.498627e+02 -3.894539e+03 -1.277169e+05 4.436185e+03 -1.845422e+05 -1.406553e+05 -4.058013e+03 -4.055915e+03 1.276837e+05 7.668249e+04 -3.676187e+02 1.406835e+05 -4.219467e+03 3.010586e+03 1.421133e+05 -4.814618e+03 1.455397e+05 8.741303e+04 -7.145739e+02 -1.603178e+05 4.999613e+03 -3.312011e+03 -1.619452e+05 8.740889e+04 1.869572e+02 3.269422e+03 1.120480e+05 4.011680e+03 -1.619433e+05 -1.234294e+05 -3.413731e+03
-3.939394e-03 -8.493045e+04 -6.598046e+02 -3.490773e+03 -1.114353e+05 4.050292e+03 -1.573857e+05 -1.229934e+05 -3.624748e+03 -3.627692e+03 1.114089e+05 6.536311e+04 -4.436976e+02 1.230152e+05 -3.761680e+03 2.749577e+03 1.211996e+05 -4.310353e+03 1.269866e+05 7.450923e+04 -7.858923e+02 -1.401845e+05 4.461787e+03 -3.023511e+03 -1.381136e+05 7.450565e+04 2.987998e+02 2.927621e+03 9.776567e+04 3.664103e+03 -1.381119e+05 -1.079300e+05 -3.045967e+03
-3.737374e-03 -7.303162e+04 -7.408539e+02 -3.141836e+03 -9.840045e+04 3.737179e+03 -1.354068e+05 -1.088528e+05 -3.252650e+03 -3.259134e+03 9.837939e+04 5.620641e+04 -4.998446e+02 1.088695e+05 -3.369916e+03 2.537748e+03 1.042733e+05 -3.875554e+03 1.121333e+05 6.407088e+04 -8.362832e+02 -1.240652e+05 4.000653e+03 -2.790014e+03 -1.188256e+05 6.406776e+04 3.835042e+02 2.632802e+03 8.633140e+04 3.381434e+03 -1.188241e+05 -9.552073e+04 -2.730758e+03
-3.535354e-03 -6.323762e+04 -8.013552e+02 -2.835672e+03 -8.780867e+04 3.479164e+03 -1.173062e+05 -9.736053e+04 -2.928017e+03 -2.936930e+03 8.779189e+04 4.866938e+04 -5.418077e+02 9.737319e+04 -3.029211e+03 2.363157e+03 9.033388e+04 -3.494822e+03 1.000638e+05 5.547895e+04 -8.720492e+02 -1.109648e+05 3.598936e+03 -2.598057e+03 -1.029412e+05 5.547622e+04 4.486402e+02 2.374560e+03 7.704016e+04 3.148012e+03 -1.029398e+05 -8.543558e+04 -2.456252e+03
-3.333333e-03 -5.505346e+04 -8.469417e+02 -2.563558e+03 -7.909682e+04 3.263914e+03 -1.021726e+05 -8.790572e+04 -2.640981e+03 -2.651488e+03 7.908350e+04 4.237112e+04 -5.734687e+02 8.791511e+04 -2.728827e+03 2.217473e+03 7.867946e+04 -3.157044e+03 9.013647e+04 4.829923e+04 -8.974128e+02 -1.001871e+05 3.244217e+03 -2.438263e+03 -8.966052e+04 4.829682e+04 4.993518e+02 2.145383e+03 6.939797e+04 2.952896e+03 -8.965935e+04 -7.713845e+04 -2.213929e+03
-3.131313e-03 -4.812220e+04 -8.815235e+02 -2.318994e+03 -7.185967e+04 3.082567e+03 -8.934861e+04 -8.004909e+04 -2.384222e+03 -2.395691e+03 7.184919e+04 3.703698e+04 -5.975230e+02 8.005581e+04 -2.460822e+03 2.094711e+03 6.880376e+04 -2.853957e+03 8.188960e+04 4.221858e+04 -9.152812e+02 -9.123116e+04 2.927297e+03 -2.303909e+03 -7.840676e+04 4.221646e+04 5.392345e+02 1.939685e+03 6.304941e+04 2.788212e+03 -7.840571e+04 -7.024382e+04 -1.997482e+03
-2.929293e-03 -4.218029e+04 -9.078781e+02 -2.097012e+03 -6.579909e+04 2.928600e+03 -7.834887e+04 -7.346759e+04 -2.152173e+03 -2.164119e+03 6.579095e+04 3.246416e+04 -6.158861e+02 7.347211e+04 -2.219175e+03 1.990463e+03 6.033297e+04 -2.579257e+03 7.498343e+04 3.700584e+04 -9.277016e+02 -8.372882e+04 2.641189e+03 -2.190051e+03 -6.875390e+04 3.700395e+04 5.708609e+02 1.753201e+03 5.773292e+04 2.648159e+03 -6.875297e+04 -6.446820e+04 -1.802120e+03
-2.727273e-03 -3.702915e+04 -9.280171e+02 -1.893732e+03 -6.069153e+04 2.797110e+03 -6.880753e+04 -6.791911e+04 -1.940505e+03 -1.952555e+03 6.068533e+04 2.849985e+04 -6.299458e+02 6.792181e+04 -1.999220e+03 1.901420e+03 5.298533e+04 -2.328032e+03 6.916323e+04 3.248679e+04 -9.361428e+02 -7.740406e+04 2.380470e+03 -2.092980e+03 -6.038089e+04 3.248512e+04 5.961088e+02 1.582611e+03 5.325243e+04 2.528368e+03 -6.038006e+04 -5.959913e+04 -1.624128e+03
-2.525253e-03 -3.251640e+04 -9.434219e+02 -1.706067e+03 -5.636668e+04 2.684352e+03 -6.044382e+04 -6.321927e+04 -1.745791e+03 -1.757654e+03 5.636211e+04 2.502679e+04 -6.407243e+02 6.322045e+04 -1.797271e+03 1.825048e+03 4.654461e+04 -2.096380e+03 6.423495e+04 2.852776e+04 -9.416757e+02 -7.204667e+04 2.140850e+03 -2.009868e+03 -5.304133e+04 2.852628e+04 6.163722e+02 1.425274e+03 4.945855e+04 2.425498e+03 -5.304059e+04 -5.547478e+04 -1.460566e+03
-2.323232e-03 -2.852318e+04 -9.551985e+02 -1.531515e+03 -5.269307e+04 2.587420e+03 -5.303868e+04 -5.922572e+04 -1.565269e+03 -1.576717e+03 5.268986e+04 2.195353e+04 -6.489852e+02 5.922563e+04 -1.610366e+03 1.759386e+03 4.084212e+04 -1.881146e+03 6.004876e+04 2.502449e+04 -9.450916e+02 -6.749442e+04 1.918876e+03 -1.938523e+03 -4.654300e+04 2.502318e+04 6.327004e+02 1.279056e+03 4.623595e+04 2.336952e+03 -4.654234e+04 -5.197025e+04 -1.309070e+03
-2.121212e-03 -2.495538e+04 -9.641827e+02 -1.368022e+03 -4.956803e+04 2.504033e+03 -4.641864e+04 -5.582735e+04 -1.396677e+03 -1.407533e+03 4.956596e+04 1.920764e+04 -6.553057e+02 5.582620e+04 -1.436087e+03 1.702891e+03 3.574424e+04 -1.679742e+03 5.648768e+04 2.189442e+04 -9.469820e+02 -6.362062e+04 1.711726e+03 -1.877228e+03 -4.073364e+04 2.189326e+04 6.458930e+02 1.142206e+03 4.349455e+04 2.260692e+03 -4.073305e+04 -4.898802e+04 -1.167709e+03
-1.919192e-03 -2.173739e+04 -9.710122e+02 -1.213872e+03 -4.691068e+04 2.432387e+03 -4.044426e+04 -5.293662e+04 -1.238137e+03 -1.248260e+03 4.690956e+04 1.673094e+04 -6.601264e+02 5.293458e+04 -1.272431e+03 1.654345e+03 3.114361e+04 -1.490012e+03 5.345953e+04 1.907122e+04 -9.477929e+02 -6.032548e+04 1.517058e+03 -1.824625e+03 -3.549090e+04 1.907020e+04 6.565655e+02 1.013264e+03 4.116342e+04 2.195100e+03 -3.549038e+04 -4.645127e+04 -1.034878e+03
-1.717172e-03 -1.880762e+04 -9.761775e+02 -1.067614e+03 -4.465684e+04 2.371042e+03 -3.500197e+04 -5.048408e+04 -1.088067e+03 -1.097347e+03 4.465654e+04 1.447602e+04 -6.637863e+02 5.048129e+04 -1.117713e+03 1.612774e+03 2.695275e+04 -1.310134e+03 5.089121e+04 1.650085e+04 -9.478636e+02 -5.752985e+04 1.332900e+03 -1.779631e+03 -3.071510e+04 1.649996e+04 6.651954e+02 8.909953e+02 3.918627e+04 2.138886e+03 -3.071464e+04 -4.429907e+04 -9.092295e+02
-1.515152e-03 -1.611517e+04 -9.800577e+02 -9.280014e+02 -4.275541e+04 2.318842e+03 -2.999790e+04 -4.841442e+04 -9.451137e+02 -9.534633e+02 4.275577e+04 1.240374e+04 -6.665475e+02 4.841101e+04 -9.704974e+02 1.577397e+03 2.309937e+04 -1.138546e+03 4.872445e+04 1.413867e+04 -9.474532e+02 -5.517066e+04 1.157570e+03 -1.741381e+03 -2.632386e+04 1.413791e+04 6.721551e+02 7.743445e+02 3.751826e+04 2.091013e+03 -2.632347e+04 -4.248285e+04 -7.896124e+02
-1.313131e-03 -1.361740e+04 -9.829472e+02 -7.939520e+02 -4.116558e+04 2.274863e+03 -2.535336e+04 -4.668348e+04 -8.081066e+02 -8.154570e+02 4.116651e+04 1.048128e+04 -6.686136e+02 4.667955e+04 -8.295426e+02 1.547588e+03 1.952287e+04 -9.738936e+02 4.691278e+04 1.194729e+04 -9.467606e+02 -5.319758e+04 9.896106e+02 -1.709181e+03 -2.224814e+04 1.194664e+04 6.777359e+02 6.623926e+02 3.612359e+04 2.050650e+03 -2.224781e+04 -4.096388e+04 -6.750308e+02
-1.111111e-03 -1.127805e+04 -9.850741e+02 -6.645095e+02 -3.985489e+04 2.238364e+03 -2.100141e+04 -4.525613e+04 -6.760157e+02 -6.823130e+02 3.985627e+04 8.680727e+03 -6.701425e+02 4.525177e+04 -6.937599e+02 1.522848e+03 1.617169e+04 -8.149808e+02 4.541920e+04 9.894873e+03 -9.459379e+02 -5.157056e+04 8.277435e+02 -1.682476e+03 -1.842919e+04 9.894335e+03 6.821654e+02 5.543303e+02 3.497380e+04 2.017131e+03 -1.842891e+04 -3.971131e+04 -5.646105e+02
-9.090909e-04 -9.065749e+03 -9.866144e+02 -5.388185e+02 -3.879769e+04 2.208756e+03 -1.688413e+04 -4.410459e+04 -5.479223e+02 -5.531249e+02 3.879944e+04 6.977938e+03 -6.712558e+02 4.409990e+04 -5.621798e+02 1.502778e+03 1.300125e+04 -6.607398e+02 4.421447e+04 7.953908e+03 -9.451016e+02 -5.025793e+04 6.708285e+02 -1.660826e+03 -1.481618e+04 7.953475e+03 6.856207e+02 4.494341e+02 3.404638e+04 1.989927e+03 -1.481595e+04 -3.870079e+04 -4.575725e+02
-7.070707e-04 -6.952880e+03 -9.877022e+02 -4.161012e+02 -3.797401e+04 2.185581e+03 -1.295056e+04 -4.320726e+04 -4.229940e+02 -4.270706e+02 3.797604e+04 5.351671e+03 -6.720464e+02 4.320231e+04 -4.339250e+02 1.487067e+03 9.972275e+03 -5.102007e+02 4.327585e+04 6.100176e+03 -9.443393e+02 -4.923508e+04 5.178336e+02 -1.643888e+03 -1.136438e+04 6.099842e+03 6.882375e+02 3.470467e+02 3.332380e+04 1.968624e+03 -1.136421e+04 -3.791335e+04 -3.532116e+02
-5.050505e-04 -4.914671e+03 -9.884371e+02 -2.956395e+02 -3.736874e+04 2.168490e+03 -9.154927e+03 -4.254779e+04 -3.004645e+02 -3.033919e+02 3.737098e+04 3.782858e+03 -6.725833e+02 4.254265e+04 -3.081892e+02 1.475480e+03 7.049528e+03 -3.624688e+02 4.258613e+04 4.311939e+03 -9.437156e+02 -4.848337e+04 3.678087e+02 -1.631400e+03 -8.033629e+03 4.311702e+03 6.901171e+02 2.465619e+02 3.279284e+04 1.952908e+03 -8.033506e+03 -3.733464e+04 -2.508788e+02
-3.030303e-04 -2.928404e+03 -9.888896e+02 -1.767593e+02 -3.697106e+04 2.157231e+03 -5.455265e+03 -4.211445e+04 -1.796155e+02 -1.813780e+02 3.697343e+04 2.254017e+03 -6.729153e+02 4.210918e+04 -1.842175e+02 1.467846e+03 4.200690e+03 -2.167046e+02 4.213295e+04 2.569268e+03 -9.432759e+02 -4.798941e+04 2.198642e+02 -1.623176e+03 -4.787100e+03 2.569127e+03 6.913318e+02 1.474107e+02 3.244397e+04 1.942553e+03 -4.787027e+03 -3.695437e+04 -1.499667e+02
-1.010101e-04 -9.727615e+02 -9.891049e+02 -5.881629e+01 -3.677393e+04 2.151641e+03 -1.812189e+03 -4.189964e+04 -5.976193e+01 -6.035042e+01 3.677638e+04 7.487432e+02 -6.730737e+02 4.189431e+04 -6.129051e+01 1.464057e+03 1.395430e+03 -7.210612e+01 4.190832e+04 8.534637e+02 -9.430490e+02 -4.774455e+04 7.315204e+01 -1.619094e+03 -1.590230e+03 8.534168e+02 6.919278e+02 4.904964e+01 3.227104e+04 1.937411e+03 -1.590206e+03 -3.676586e+04 -4.989603e+01
1.010101e-04 9.727615e+02 -9.891049e+02 5.881629e+01 -3.677393e+04 2.151641e+03 1.812189e+03 -4.189964e+04 5.976193e+01 6.035042e+01 3.677638e+04 -7.487432e+02 -6.730737e+02 4.189431e+04 6.129051e+01 1.464057e+03 -1.395430e+03 7.210612e+01 4.190832e+04 -8.534637e+02 -9.430490e+02 -4.774455e+04 -7.315204e+01 -1.619094e+03 1.590230e+03 -8.534168e+02 6.919278e+02 -4.904964e+01 3.227104e+04 1.937411e+03 1.590206e+03 -3.676586e+04 4.989603e+01
3.030303e-04 2.928404e+03 -9.888896e+02 1.767593e+02 -3.697106e+04 2.157231e+03 5.455265e+03 -4.211445e+04 1.796155e+02 1.813780e+02 3.697343e+04 -2.254017e+03 -6.729153e+02 4.210918e+04 1.842175e+02 1.467846e+03 -4.200690e+03 2.167046e+02 4.213295e+04 -2.569268e+03 -9.432759e+02 -4.798941e+04 -2.198642e+02 -1.623176e+03 4.787100e+03 -2.569127e+03 6.913318e+02 -1.474107e+02 3.244397e+04 1.942553e+03 4.787027e+03 -3.695437e+04 1.499667e+02
5.050505e-04 4.914671e+03 -9.884371e+02 2.956395e+02 -3.736874e+04 2.168490e+03 9.154927e+03 -4.254779e+04 3.004645e+02 3.033919e+02 3.737098e+04 -3.782858e+03 -6.725833e+02 4.254265e+04 3.081892e+02 1.475480e+03 -7.049528e+03 3.624688e+02 4.258613e+04 -4.311939e+03 -9.437156e+02 -4.848337e+04 -3.678087e+02 -1.631400e+03 8.033629e+03 -4.311702e+03 6.901171e+02 -2.465619e+02 3.279284e+04 1.952908e+03 8.033506e+03 -3.733464e+04 2.508788e+02
7.070707e-04 6.952880e+03 -9.877022e+02 4.161012e+02 -3.797401e+04 2.185581e+03 1.295056e+04 -4.320726e+04 4.229940e+02 4.270706e+02 3.797604e+04 -5.351671e+03 -6.720464e+02 4.320231e+04 4.339250e+02 1.487067e+03 -9.972275e+03 5.102007e+02 4.327585e+04 -6.100176e+03 -9.443393e+02 -4.923508e+04 -5.178336e+02 -1.643888e+03 1.136438e+04 -6.099842e+03 6.882375e+02 -3.470467e+02 3.332380e+04 1.968624e+03 1.136421e+04 -3.791335e+04 3.532116e+02
9.090909e-04 9.065749e+03 -9.866144e+02 5.388185e+02 -3.879769e+04 2.208756e+03 1.688413e+04 -4.410459e+04 5.479223e+02 5.531249e+02 3.879944e+04 -6.977938e+03 -6.712558e+02 4.409990e+04 5.621798e+02 1.502778e+03 -1.300125e+04 6.607398e+02 4.421447e+04 -7.953908e+03 -9.451016e+02 -5.025793e+04 -6.708285e+02 -1.660826e+03 1.481618e+04 -7.953475e+03 6.856207e+02 -4.494341e+02 3.404638e+04 1.989927e+03 1.481595e+04 -3.870079e+04 4.575725e+02
1.111111e-03 1.127805e+04 -9.850741e+02 6.645095e+02 -3.985489e+04 2.238364e+03 2.100141e+04 -4.525613e+04 6.760157e+02 6.823130e+02 3.985627e+04 -8.680727e+03 -6.701425e+02 4.525177e+04 6.937599e+02 1.522848e+03 -1.617169e+04 8.149808e+02 4.541920e+04 -9.894873e+03 -9.459379e+02 -5.157056e+04 -8.277435e+02 -1.682476e+03 1.842919e+04 -9.894335e+03 6.821654e+02 -5.543303e+02 3.497380e+04 2.017131e+03 1.842891e+04 -3.971131e+04 5.646105e+02
1.313131e-03 1.361740e+04 -9.829472e+02 7.939520e+02 -4.116558e+04 2.274863e+03 2.535336e+04 -4.668348e+04 8.081066e+02 8.154570e+02 4.116651e+04 -1.048128e+04 -6.686136e+02 4.667955e+04 8.295426e+02 1.547588e+03 -1.952287e+04 9.738936e+02 4.691278e+04 -1.194729e+04 -9.467606e+02 -5.319758e+04 -9.896106e+02 -1.709181e+03 2.224814e+04 -1.194664e+04 6.777359e+02 -6.623926e+02 3.612359e+04 2.050650e+03 2.224781e+04 -4.096388e+04 6.750308e+02
1.515152e-03 1.611517e+04 -9.800577e+02 9.280014e+02 -4.275541e+04 2.318842e+03 2.999790e+04 -4.841442e+04 9.451137e+02 9.534633e+02 4.275577e+04 -1.240374e+04 -6.665475e+02 4.841101e+04 9.704974e+02 1.577397e+03 -2.309937e+04 1.138546e+03 4.872445e+04 -1.413867e+04 -9.474532e+02 -5.517066e+04 -1.157570e+03 -1.741381e+03 2.632386e+04 -1.413791e+04 6.721551e+02 -7.743445e+02 3.751826e+04 2.091013e+03 2.632347e+04 -4.248285e+04 7.896124e+02
1.717172e-03 1.880762e+04 -9.761775e+02 1.067614e+03 -4.465684e+04 2.371042e+03 3.500197e+04 -5.048408e+04 1.088067e+03 1.097347e+03 4.465654e+04 -1.447602e+04 -6.637863e+02 5.048129e+04 1.117713e+03 1.612774e+03 -2.695275e+04 1.310134e+03 5.089121e+04 -1.650085e+04 -9.478636e+02 -5.752985e+04 -1.332900e+03 -1.779631e+03 3.071510e+04 -1.649996e+04 6.651954e+02 -8.909953e+02 3.918627e+04 2.138886e+03 3.071464e+04 -4.429907e+04 9.092295e+02
1.919192e-03 2.173739e+04 -9.710122e+02 1.213872e+03 -4.691068e+04 2.432387e+03 4.044426e+04 -5.293662e+04 1.238137e+03 1.248260e+03 4.690956e+04 -1.673094e+04 -6.601264e+02 5.293458e+04 1.272431e+03 1.654345e+03 -3.114361e+04 1.490012e+03 5.345953e+04 -1.907122e+04 -9.477929e+02 -6.032548e+04 -1.517058e+03 -1.824625e+03 3.549090e+04 -1.907020e+04 6.565655e+02 -1.013264e+03 4.116342e+04 2.195100e+03 3.549038e+04 -4.645127e+04 1.034878e+03
2.121212e-03 2.495538e+04 -9.641827e+02 1.368022e+03 -4.956803e+04 2.504033e+03 4.641864e+04 -5.582735e+04 1.396677e+03 1.407533e+03 4.956596e+04 -1.920764e+04 -6.553057e+02 5.582620e+04 1.436087e+03 1.702891e+03 -3.574424e+04 1.679742e+03 5.648768e+04 -2.189442e+04 -9.469820e+02 -6.362062e+04 -1.711726e+03 -1.877228e+03 4.073364e+04 -2.189326e+04 6.458930e+02 -1.142206e+03 4.349455e+04 2.260692e+03 4.073305e+04 -4.898802e+04 1.167709e+03
2.323232e-03 2.852318e+04 -9.551985e+02 1.531515e+03 -5.269307e+04 2.587420e+03 5.303868e+04 -5.922572e+04 1.565269e+03 1.576717e+03 5.268986e+04 -2.195353e+04 -6.489852e+02 5.922563e+04 1.610366e+03 1.759386e+03 -4.084212e+04 1.881146e+03 6.004876e+04 -2.502449e+04 -9.450916e+02 -6.749442e+04 -1.918876e+03 -1.938523e+03 4.654300e+04 -2.502318e+04 6.327004e+02 -1.279056e+03 4.623595e+04 2.336952e+03 4.654234e+04 -5.197025e+04 1.309070e+03
2.525253e-03 3.251640e+04 -9.434219e+02 1.706067e+03 -5.636668e+04 2.684352e+03 6.044382e+04 -6.321927e+04 1.745791e+03 1.757654e+03 5.636211e+04 -2.502679e+04 -6.407243e+02 6.322045e+04 1.797271e+03 1.825048e+03 -4.654461e+04 2.096380e+03 6.423495e+04 -2.852776e+04 -9.416757e+02 -7.204667e+04 -2.140850e+03 -2.009868e+03 5.304133e+04 -2.852628e+04 6.163722e+02 -1.425274e+03 4.945855e+04 2.425498e+03 5.304059e+04 -5.547478e+04 1.460566e+03
2.727273e-03 3.702915e+04 -9.280171e+02 1.893732e+03 -6.069153e+04 2.797110e+03 6.880753e+04 -6.791911e+04 1.940505e+03 1.952555e+03 6.068533e+04 -2.849985e+04 -6.299458e+02 6.792181e+04 1.999220e+03 1.901420e+03 -5.298533e+04 2.328032e+03 6.916323e+04 -3.248679e+04 -9.361428e+02 -7.740406e+04 -2.380470e+03 -2.092980e+03 6.038089e+04 -3.248512e+04 5.961088e+02 -1.582611e+03 5.325243e+04 2.528368e+03 6.038006e+04 -5.959913e+04 1.624128e+03
2.929293e-03 4.218029e+04 -9.078781e+02 2.097012e+03 -6.579909e+04 2.928600e+03 7.834887e+04 -7.346759e+04 2.152173e+03 2.164119e+03 6.579095e+04 -3.246416e+04 -6.158861e+02 7.347211e+04 2.219175e+03 1.990463e+03 -6.033297e+04 2.579257e+03 7.498343e+04 -3.700584e+04 -9.277016e+02 -8.372882e+04 -2.641189e+03 -2.190051e+03 6.875390e+04 -3.700395e+04 5.708609e+02 -1.753201e+03 5.773292e+04 2.648159e+03 6.875297e+04 -6.446820e+04 1.802120e+03
3.131313e-03 4.812220e+04 -8.815235e+02 2.318994e+03 -7.185967e+04 3.082567e+03 8.934861e+04 -8.004909e+04 2.384222e+03 2.395691e+03 7.184919e+04 -3.703698e+04 -5.975230e+02 8.005581e+04 2.460822e+03 2.094711e+03 -6.880376e+04 2.853957e+03 8.188960e+04 -4.221858e+04 -9.152812e+02 -9.123116e+04 -2.927297e+03 -2.303909e+03 7.840676e+04 -4.221646e+04 5.392345e+02 -1.939685e+03 6.304941e+04 2.788212e+03 7.840571e+04 -7.024382e+04 1.997482e+03
3.333333e-03 5.505346e+04 -8.469417e+02 2.563558e+03 -7.909682e+04 3.263914e+03 1.021726e+05 -8.790572e+04 2.640981e+03 2.651488e+03 7.908350e+04 -4.237112e+04 -5.734687e+02 8.791511e+04 2.728827e+03 2.217473e+03 -7.867946e+04 3.157044e+03 9.013647e+04 -4.829923e+04 -8.974128e+02 -1.001871e+05 -3.244217e+03 -2.438263e+03 8.966052e+04 -4.829682e+04 4.993518e+02 -2.145383e+03 6.939797e+04 2.952896e+03 8.965935e+04 -7.713845e+04 2.213929e+03
3.535354e-03 6.323762e+04 -8.013552e+02 2.835672e+03 -8.780867e+04 3.479164e+03 1.173062e+05 -9.736053e+04 2.928017e+03 2.936930e+03 8.779189e+04 -4.866938e+04 -5.418077e+02 9.737319e+04 3.029211e+03 2.363157e+03 -9.033388e+04 3.494822e+03 1.000638e+05 -5.547895e+04 -8.720492e+02 -1.109648e+05 -3.598936e+03 -2.598057e+03 1.029412e+05 -5.547622e+04 4.486402e+02 -2.374560e+03 7.704016e+04 3.148012e+03 1.029398e+05 -8.543558e+04 2.456252e+03
3.737374e-03 7.303162e+04 -7.408539e+02 3.141836e+03 -9.840045e+04 3.737179e+03 1.354068e+05 -1.088528e+05 3.252650e+03 3.259134e+03 9.837939e+04 -5.620641e+04 -4.998446e+02 1.088695e+05 3.369916e+03 2.537748e+03 -1.042733e+05 3.875554e+03 1.121333e+05 -6.407088e+04 -8.362832e+02 -1.240652e+05 -4.000653e+03 -2.790014e+03 1.188256e+05 -6.406776e+04 3.835042e+02 -2.632802e+03 8.633140e+04 3.381434e+03 1.188241e+05 -9.552073e+04 2.730758e+03
3.939394e-03 8.493045e+04 -6.598046e+02 3.490773e+03 -1.114353e+05 4.050292e+03 1.573857e+05 -1.229934e+05 3.624748e+03 3.627692e+03 1.114089e+05 -6.536311e+04 -4.436976e+02 1.230152e+05 3.761680e+03 2.749577e+03 -1.211996e+05 4.310353e+03 1.269866e+05 -7.450923e+04 -7.858923e+02 -1.401845e+05 -4.461787e+03 -3.023511e+03 1.381136e+05 -7.450565e+04 2.987998e+02 -2.927621e+03 9.776567e+04 3.664103e+03 1.381119e+05 -1.079300e+05 3.045967e+03
4.141414e-03 9.963978e+04 -5.498627e+02 3.894539e+03 -1.277169e+05 4.436185e+03 1.845422e+05 -1.406553e+05 4.058013e+03 4.055915e+03 1.276837e+05 -7.668249e+04 -3.676187e+02 1.406835e+05 4.219467e+03 3.010586e+03 -1.421133e+05 4.814618e+03 1.455397e+05 -8.741303e+04 -7.145739e+02 -1.603178e+05 -4.999613e+03 -3.312011e+03 1.619452e+05 -8.740889e+04 1.869572e+02 -3.269422e+03 1.120480e+05 4.011680e+03 1.619433e+05 -1.234294e+05 3.413731e+03
4.343434e-03 1.181998e+05 -3.982380e+02 4.370421e+03 -1.484308e+05 4.921143e+03 2.187909e+05 -1.631271e+05 4.572172e+03 4.562974e+03 1.483889e+05 -9.096494e+04 -2.628015e+02 1.631637e+05 4.764896e+03 3.338526e+03 -1.684890e+05 5.410477e+03 1.691433e+05 -1.036948e+05 -6.126015e+02 -1.859344e+05 -5.639042e+03 -3.675562e+03 1.920009e+05 -1.036899e+05 3.644432e+01 -3.673159e+03 1.302183e+05 4.447411e+03 1.919987e+05 -1.431499e+05 3.851151e+03
4.545455e-03 1.422085e+05 -1.844700e+02 4.944364e+03 -1.753980e+05 5.546041e+03 2.630729e+05 -1.923920e+05 5.196937e+03 5.177770e+03 1.753444e+05 -1.094401e+05 -1.151641e+02 1.924397e+05 5.430649e+03 3.761004e+03 -2.025919e+05 6.131224e+03 1.998724e+05 -1.247562e+05 -4.643172e+02 -2.192948e+05 -6.417663e+03 -4.145396e+03 2.308617e+05 -1.247504e+05 -1.710819e+02 -4.161323e+03 1.538739e+05 5.007396e+03 2.308591e+05 -1.688319e+05 4.384030e+03
4.747475e-03 1.742547e+05 1.260371e+02 5.657680e+03 -2.115668e+05 6.378287e+03 3.221530e+05 -2.316676e+05 5.979742e+03 5.946526e+03 2.114975e+05 -1.341000e+05 9.909256e+01 2.317303e+05 6.269096e+03 4.323552e+03 -2.480915e+05 7.029996e+03 2.410868e+05 -1.528683e+05 -2.430983e+02 -2.640668e+05 -7.395599e+03 -4.773101e+03 2.827091e+05 -1.528613e+05 -4.664767e+02 -4.769813e+03 1.856010e+05 5.751084e+03 2.827059e+05 -2.032989e+05 5.053655e+03
4.949495e-03 2.188439e+05 5.963287e+02 6.581625e+03 -2.620625e+05 7.538144e+03 4.043225e+05 -2.865625e+05 7.002519e+03 6.949328e+03 2.619708e+05 -1.684115e+05 4.233158e+02 2.866466e+05 7.371039e+03 5.107410e+03 -3.113733e+05 8.198668e+03 2.986265e+05 -1.919834e+05 9.980727e+01 -3.266445e+05 -8.676896e+03 -5.650870e+03 3.548193e+05 -1.919747e+05 -9.057061e+02 -5.560690e+03 2.298955e+05 6.784396e+03 3.548154e+05 -2.514732e+05 5.931478e+03
5.151515e-03 2.846665e+05 1.354349e+03 7.854038e+03 -3.367547e+05 9.265713e+03 5.255752e+05 -3.679181e+05 8.423668e+03 8.341732e+03 3.366295e+05 -2.190618e+05 9.454236e+02 3.680343e+05 8.912680e+03 6.274807e+03 -4.047551e+05 9.815343e+03 3.837379e+05 -2.497250e+05 6.637409e+02 -4.193862e+05 -1.046311e+04 -6.963056e+03 4.612285e+05 -2.497136e+05 -1.601886e+03 -6.654273e+03 2.954146e+05 8.318546e+03 4.612235e+05 -3.228687e+05 7.155913e+03
5.353535e-03 3.914676e+05 2.707905e+03 9.794045e+03 -4.580126e+05 1.213273e+04 7.222516e+05 -5.004312e+05 1.060881e+04 1.048520e+04 4.578322e+05 -3.012443e+05 1.876790e+03 5.006001e+05 1.130218e+04 8.212172e+03 -5.562245e+05 1.229313e+04 5.219103e+05 -3.434138e+05 1.688460e+03 -5.704455e+05 -1.322040e+04 -9.149300e+03 6.338285e+05 -3.433981e+05 -2.826233e+03 -8.329691e+03 4.017801e+05 1.085598e+04 6.338217e+05 -4.391589e+05 9.047013e+03
5.555556e-03 6.005090e+05 5.677210e+03 1.343293e+04 -6.950023e+05 1.802970e+04 1.107124e+06 -7.610066e+05 1.473205e+04 1.455099e+04 6.947131e+05 -4.620991e+05 3.917471e+03 7.612793e+05 1.585426e+04 1.219779e+04 -8.526328e+05 1.696878e+04 7.919577e+05 -5.267904e+05 3.970332e+03 -8.674902e+05 -1.844837e+04 -1.366523e+04 9.715867e+05 -5.267656e+05 -5.475361e+03 -1.149043e+04 6.096633e+05 1.605671e+04 9.715762e+05 -6.678335e+05 1.263399e+04
5.757576e-03 1.445403e+06 1.992812e+04 2.847432e+04 -1.646937e+06 4.504315e+04 2.662823e+06 -1.823338e+06 3.171618e+04 3.157578e+04 1.646210e+06 -1.112238e+06 1.369375e+04 1.824025e+06 3.483069e+04 3.046838e+04 -2.050749e+06 3.642637e+04 1.876678e+06 -1.267958e+06 1.506091e+04 -2.078494e+06 -4.012155e+04 -3.445326e+04 2.336845e+06 -1.267891e+06 -1.803048e+04 -2.464671e+04 1.444683e+06 3.979444e+04 2.336817e+06 -1.600108e+06 2.750074e+04
5.959596e-03 1.799327e+06 2.125872e+04 2.991457e+04 -2.066527e+06 4.596652e+04 3.312197e+06 -2.243205e+06 3.413371e+04 3.313917e+04 2.065590e+06 -1.384551e+06 1.464363e+04 2.244104e+06 3.737392e+04 3.104717e+04 -2.550883e+06 3.826969e+04 2.354788e+06 -1.578406e+06 1.607558e+04 -2.557163e+06 -4.308070e+04 -3.507329e+04 2.906736e+06 -1.578340e+06 -1.926583e+04 -2.586313e+04 1.812731e+06 4.064432e+04 2.906706e+06 -1.968582e+06 2.957521e+04
6.161616e-03 -1.225197e+05 -1.271015e+04 -1.992309e+03 1.008171e+05 -1.478424e+04 -2.254313e+05 1.720267e+05 -2.262359e+03 -3.333050e+03 -1.007456e+05 9.428281e+04 -8.651925e+03 -1.720858e+05 -3.610149e+03 -1.003340e+04 1.736186e+05 -3.231356e+03 -1.148740e+05 1.074916e+05 -1.057014e+04 1.960915e+05 3.542128e+03 1.178881e+04 -1.978405e+05 1.074634e+05 1.044263e+04 2.184895e+03 -8.841708e+04 -1.261837e+04 -1.978309e+05 1.509666e+05 -2.425658e+03
6.363636e-03 -4.340875e+06 -6.421077e+04 -4.578683e+04 4.956869e+06 -9.670521e+04 -7.977549e+06 5.356383e+06 -5.681924e+04 -5.360816e+04 -4.954423e+06 3.340082e+06 -4.415805e+04 -5.358767e+06 -6.468827e+04 -6.519311e+04 6.144053e+06 -6.044233e+04 -5.648242e+06 3.807821e+06 -5.116786e+04 6.106231e+06 7.303423e+04 7.471081e+04 -7.001054e+06 3.807657e+06 5.549780e+04 4.068031e+04 -4.347976e+06 -8.444300e+04 -7.001013e+06 4.700708e+06 -5.038545e+04
6.565657e-03 1.889128e+06 1.723071e+03 1.372467e+04 -2.243485e+06 8.910274e+03 3.468679e+06 -2.267621e+06 1.876756e+04 1.423169e+04 2.242400e+06 -1.453546e+06 1.410511e+03 2.268702e+06 1.927823e+04 5.814989e+03 -2.671486e+06 1.704768e+04 2.556399e+06 -1.657090e+06 6.090248e+02 -2.585139e+06 -2.279565e+04 -6.103032e+03 3.044101e+06 -1.657083e+06 -2.509905e+03 -1.140560e+04 1.967921e+06 8.342929e+03 3.044094e+06 -1.990051e+06 1.583218e+04
6.767677e-03 -8.481278e+04 -2.034023e+04 -2.377732e+02 4.302972e+04 -2.115466e+04 -1.556694e+05 1.411057e+05 -4.399704e+02 -2.276708e+03 -4.297267e+04 6.526328e+04 -1.383112e+04 -1.411519e+05 -2.493786e+03 -1.436178e+04 1.198961e+05 -1.528478e+03 -4.902374e+04 7.441773e+04 -1.705041e+04 1.608397e+05 1.766799e+03 1.704891e+04 -1.366220e+05 7.437865e+04 1.655996e+04 1.029521e+03 -3.771788e+04 -1.788086e+04 -1.366111e+05 1.238329e+05 -1.213934e+03
6.969697e-03 -8.770473e+06 -5.953850e+04 -7.731618e+03 1.029048e+07 -4.666790e+04 -1.607525e+07 1.052845e+07 -3.290912e+04 -1.294988e+04 -1.028506e+07 6.747959e+06 -4.168166e+04 -1.053385e+07 -3.816937e+04 -3.047165e+04 1.238107e+07 -1.315001e+04 -1.172560e+07 7.693087e+06 -4.944150e+04 1.200292e+07 4.186642e+04 3.576570e+04 -1.410776e+07 7.692983e+06 5.030315e+04 8.023207e+03 -9.026243e+06 -3.991108e+04 -1.410775e+07 9.239837e+06 -3.013373e+04
7.171717e-03 -3.244876e+07 -1.547785e+05 7.856957e+04 3.833335e+07 -1.991612e+04 -5.941981e+07 3.870189e+07 -1.806503e+04 6.996740e+04 -3.831280e+07 2.496544e+07 -1.099293e+05 -3.872242e+07 -2.674209e+04 -8.740934e+03 4.576519e+07 8.750890e+04 -4.367925e+07 2.846232e+07 -1.344867e+05 4.412250e+07 2.266596e+04 1.502941e+04 -5.214743e+07 2.846210e+07 1.266077e+05 -6.296062e+04 -3.362370e+07 -1.240638e+04 -5.214751e+07 3.396523e+07 -2.186591e+04
7.373737e-03 -1.175824e+06 -3.220770e+04 7.253720e+03 1.325632e+06 -2.501583e+04 -2.151198e+06 1.449175e+06 3.660822e+03 4.421392e+03 -1.324862e+06 9.046436e+05 -2.205860e+04 -1.449941e+06 8.021053e+02 -1.680935e+04 1.656876e+06 6.977158e+03 -1.510485e+06 1.031383e+06 -2.741525e+04 1.652137e+06 -2.867857e+03 2.042766e+04 -1.887932e+06 1.031334e+06 2.598501e+04 -4.872715e+03 -1.162725e+06 -2.067930e+04 -1.887921e+06 1.271818e+06 1.707852e+03
7.575758e-03 7.710624e+05 -5.182330e+03 -7.460707e+03 -9.419802e+05 -1.280136e+04 1.409180e+06 -9.031434e+05 -4.958907e+03 -8.359838e+03 9.414572e+05 -5.932040e+05 -3.393674e+03 9.036667e+05 -5.866818e+03 -8.819962e+03 -1.085385e+06 -9.517094e+03 1.073333e+06 -6.763043e+05 -3.876363e+03 -1.029675e+06 6.670697e+03 1.005164e+04 1.236730e+06 -6.763199e+05 4.538328e+03 6.554579e+03 8.262439e+05 -1.123290e+04 1.236732e+06 -7.926200e+05 -4.363020e+03
7.777778e-03 3.160765e+06 4.935080e+04 -4.198250e+04 -3.693287e+06 1.299969e+04 5.771133e+06 -3.818746e+06 -3.149832e+04 -3.890081e+04 3.691083e+06 -2.431658e+06 3.405418e+04 3.820951e+06 -2.838309e+04 8.287350e+03 -4.445124e+06 -4.871065e+04 4.208245e+06 -2.772367e+06 4.387987e+04 -4.353728e+06 3.674499e+04 -1.238185e+04 5.064930e+06 -2.772325e+06 -3.823461e+04 3.346928e+04 3.239411e+06 8.468308e+03 5.064908e+06 -3.351437e+06 -2.425149e+04
7.979798e-03 -2.973536e+06 -8.616765e+04 4.975338e+04 3.385588e+06 -4.680828e+04 -5.424029e+06 3.650004e+06 3.965200e+04 4.313505e+04 -3.383477e+06 2.287596e+06 -5.904017e+04 -3.652126e+06 3.295851e+04 -3.125126e+04 4.177809e+06 5.598835e+04 -3.857624e+06 2.608163e+06 -7.512567e+04 4.161336e+06 -4.443795e+04 4.021054e+04 -4.760318e+06 2.608060e+06 6.776974e+04 -3.840029e+04 -2.969459e+06 -3.647577e+04 -4.760303e+06 3.203363e+06 2.949746e+04
8.181818e-03 -3.041235e+05 -1.922401e+04 5.854229e+03 3.196336e+05 -1.510958e+04 -5.542584e+05 3.867714e+05 4.818636e+03 4.134734e+03 -3.194147e+05 2.339708e+05 -1.310830e+04 -3.869953e+05 3.078644e+03 -1.020150e+04 4.269174e+05 6.021236e+03 -3.641934e+05 2.667630e+05 -1.642467e+04 4.409498e+05 -4.830294e+03 1.250458e+04 -4.864404e+05 2.667375e+05 1.538272e+04 -4.129196e+03 -2.803328e+05 -1.237939e+04 -4.864362e+05 3.394454e+05 3.210382e+03
8.383838e-03 3.241239e+06 1.059927e+05 -7.837442e+04 -3.701280e+06 4.890479e+04 5.900020e+06 -3.993455e+06 -6.658917e+04 -7.064977e+04 3.698852e+06 -2.493426e+06 7.258933e+04 3.995911e+06 -5.876554e+04 3.256199e+04 -4.544575e+06 -8.994556e+04 4.217268e+06 -2.842901e+06 9.343250e+04 -4.552996e+06 7.646875e+04 -4.356788e+04 5.178148e+06 -2.842797e+06 -8.230093e+04 6.151349e+04 3.246294e+06 3.645081e+04 5.178123e+06 -3.504835e+06 -5.111607e+04
8.585859e-03 6.979321e+05 2.029186e+04 -1.976511e+04 -8.093292e+05 6.260659e+03 1.269045e+06 -8.578221e+05 -1.712749e+04 -1.844529e+04 8.087930e+05 -5.368902e+05 1.391700e+04 8.583641e+05 -1.578964e+04 4.105896e+03 -9.775137e+05 -2.307395e+04 9.221523e+05 -6.121471e+05 1.818635e+04 -9.780260e+05 2.006082e+04 -6.104735e+03 1.113783e+06 -6.121301e+05 -1.548011e+04 1.576341e+04 7.098400e+05 4.067397e+03 1.113780e+06 -7.528680e+05 -1.343752e+04
8.787879e-03 4.412558e+05 1.284145e+04 -1.429205e+04 -5.151886e+05 2.991417e+03 8.014439e+05 -5.432697e+05 -1.256551e+04 -1.350675e+04 5.148414e+05 -3.394307e+05 8.810255e+03 5.436210e+05 -1.176884e+04 1.935199e+03 -6.173414e+05 -1.679266e+04 5.870043e+05 -3.870141e+05 1.162233e+04 -6.194018e+05 1.482116e+04 -3.188607e+03 7.033961e+05 -3.870045e+05 -9.686615e+03 1.146363e+04 4.518551e+05 1.641239e+03 7.033945e+05 -4.768041e+05 -9.940787e+03
8.989899e-03 3.181201e+05 9.427631e+03 -1.161762e+04 -3.736079e+05 1.643999e+03 5.771448e+05 -3.926883e+05 -1.033005e+04 -1.106973e+04 3.733517e+05 -2.447036e+05 6.469173e+03 3.929478e+05 -9.773781e+03 1.043966e+03 -4.445734e+05 -1.370886e+04 4.256853e+05 -2.790112e+05 8.605262e+03 -4.477220e+05 1.223917e+04 -1.966314e+03 5.065413e+05 -2.790049e+05 -7.040086e+03 9.352764e+03 3.276775e+05 6.656206e+02 5.065404e+05 -3.446477e+05 -8.216693e+03
9.191919e-03 2.442233e+05 7.416678e+03 -9.944581e+03 -2.884365e+05 9.304101e+02 4.425710e+05 -3.024182e+05 -8.922728e+03 -9.532574e+03 2.882354e+05 -1.878558e+05 5.089745e+03 3.026221e+05 -8.504076e+03 5.737969e+02 -3.409166e+05 -1.177194e+04 3.286400e+05 -2.141962e+05 6.822679e+03 -3.448035e+05 1.060601e+04 -1.306222e+03 3.884331e+05 -2.141917e+05 -5.486017e+03 8.027193e+03 2.529756e+05 1.637933e+02 3.884326e+05 -2.654229e+05 -7.125183e+03
9.393939e-03 1.949448e+05 6.082103e+03 -8.770664e+03 -2.315236e+05 5.058428e+02 3.528589e+05 -2.422516e+05 -7.927906e+03 -8.446402e+03 2.313596e+05 -1.499469e+05 4.174132e+03 2.424181e+05 -7.598138e+03 2.952268e+02 -2.718147e+05 -1.040813e+04 2.637929e+05 -1.709741e+05 5.636272e+03 -2.762063e+05 9.446940e+03 -9.045464e+02 3.096975e+05 -1.709708e+05 -4.457872e+03 7.094059e+03 2.030587e+05 -1.245050e+02 3.096973e+05 -2.126180e+05 -6.349775e+03
9.595960e-03 1.599194e+05 5.130568e+03 -7.889419e+03 -1.909956e+05 2.356192e+02 2.891184e+05 -1.994924e+05 -7.175466e+03 -7.626104e+03 1.908581e+05 -1.230029e+05 3.521246e+03 1.996320e+05 -6.907451e+03 1.187562e+02 -2.227175e+05 -9.381256e+03 2.176150e+05 -1.402537e+05 4.788076e+03 -2.274553e+05 8.567328e+03 -6.421740e+02 2.537556e+05 -1.402511e+05 -3.727042e+03 6.391621e+03 1.675126e+05 -3.003278e+02 2.537556e+05 -1.750905e+05 -5.760755e+03
9.797980e-03 1.339117e+05 4.418333e+03 -7.197549e+03 -1.608463e+05 5.608006e+01 2.418074e+05 -1.677362e+05 -6.580438e+03 -6.978718e+03 1.607288e+05 -1.029961e+05 3.032527e+03 1.678556e+05 -6.357508e+03 2.141864e+00 -1.862752e+05 -8.572941e+03 1.832627e+05 -1.174426e+05 4.151556e+03 -1.912491e+05 7.869744e+03 -4.625336e+02 2.122331e+05 -1.174407e+05 -3.181612e+03 5.838806e+03 1.410696e+05 -4.111013e+02 2.122331e+05 -1.472197e+05 -5.293200e+03
1.000000e-02 1.139650e+05 3.865963e+03 -6.636640e+03 -1.376798e+05 -6.663131e+01 2.055373e+05 -1.433702e+05 -6.094766e+03 -6.451480e+03 1.375778e+05 -8.765192e+04 2.653494e+03 1.434740e+05 -5.905971e+03 -7.705069e+01 -1.583372e+05 -7.916124e+03 1.568668e+05 -9.994772e+04 3.656706e+03 -1.634686e+05 7.298969e+03 -3.353682e+02 1.804005e+05 -9.994616e+04 -2.759796e+03 5.389690e+03 1.207511e+05 -4.818421e+02 1.804005e+05 -1.258349e+05 -4.910312e+03
