-1.000000e-02 -7.842345e+04 -2.262192e+03 2.730155e+03 -2.874810e+04 3.480581e+03 -4.196465e+03 -2.424995e+04 3.327056e+03 2.679619e+03 2.883411e+04 6.043684e+04 -1.565587e+03 2.416412e+04 3.280940e+03 2.391784e+03 3.173364e+03 3.321432e+03 3.285413e+04 6.884720e+04 -1.629125e+03 -2.763039e+04 -3.996525e+03 -3.176765e+03 -3.652969e+03 6.884340e+04 2.140309e+03 -2.189414e+03 2.523115e+04 2.603333e+03 -3.647826e+03 -2.120853e+04 2.721703e+03
-9.797980e-03 -8.389460e+04 -2.348595e+03 2.787240e+03 -3.031357e+04 3.653273e+03 -4.407008e+03 -2.538961e+04 3.410295e+03 2.733330e+03 3.040369e+04 6.465094e+04 -1.625287e+03 2.529963e+04 3.360967e+03 2.510110e+03 3.333682e+03 3.389955e+03 3.464271e+04 7.364900e+04 -1.695818e+03 -2.892905e+04 -4.095111e+03 -3.328105e+03 -3.836872e+03 7.364493e+04 2.217479e+03 -2.233873e+03 2.660491e+04 2.738385e+03 -3.831324e+03 -2.220500e+04 2.789069e+03
-9.595960e-03 -8.991685e+04 -2.440149e+03 2.847091e+03 -3.202022e+04 3.840571e+03 -4.636821e+03 -2.661738e+04 3.498618e+03 2.789465e+03 3.211478e+04 6.928947e+04 -1.688568e+03 2.652291e+04 3.445750e+03 2.638443e+03 3.508717e+03 3.461774e+03 3.659255e+04 7.893444e+04 -1.766472e+03 -3.032811e+04 -4.199640e+03 -3.492252e+03 -4.037637e+03 7.893007e+04 2.299288e+03 -2.280348e+03 2.810257e+04 2.884848e+03 -4.031641e+03 -2.327848e+04 2.860494e+03
-9.393939e-03 -9.656507e+04 -2.537258e+03 2.909947e+03 -3.388649e+04 4.044289e+03 -4.888436e+03 -2.794325e+04 3.592561e+03 2.848214e+03 3.398586e+04 7.441005e+04 -1.755714e+03 2.784391e+04 3.535778e+03 2.778025e+03 3.700404e+03 3.537168e+03 3.872470e+04 8.476923e+04 -1.841396e+03 -3.183895e+04 -4.310733e+03 -3.670798e+03 -4.257482e+03 8.476451e+04 2.386109e+03 -2.329002e+03 2.974029e+04 3.044141e+03 -4.250988e+03 -2.443772e+04 2.936400e+03
-9.191919e-03 -1.039273e+05 -2.640365e+03 2.976079e+03 -3.593407e+04 4.266556e+03 -5.164825e+03 -2.937877e+04 3.692749e+03 2.909792e+03 3.603866e+04 8.008054e+04 -1.827039e+03 2.927413e+04 3.631621e+03 2.930313e+03 3.911016e+03 3.616455e+03 4.106394e+04 9.123064e+04 -1.920928e+03 -3.347474e+04 -4.429109e+03 -3.865610e+03 -4.499007e+03 9.122555e+04 2.478346e+03 -2.380015e+03 3.153711e+04 3.217925e+03 -4.491958e+03 -2.569281e+04 3.017281e+03
-8.989899e-03 -1.121079e+05 -2.749955e+03 3.045799e+03 -3.818864e+04 4.509879e+03 -5.469499e+03 -3.093739e+04 3.799906e+03 2.974444e+03 3.829891e+04 8.638122e+04 -1.902884e+03 3.082698e+04 3.733940e+03 3.097026e+03 4.143239e+03 3.700000e+03 4.363960e+04 9.841021e+04 -2.005435e+03 -3.525082e+04 -4.555608e+03 -4.078888e+03 -4.765289e+03 9.840469e+04 2.576446e+03 -2.433596e+03 3.351557e+04 3.408158e+03 -4.757620e+03 -2.705550e+04 3.103708e+03
-8.787879e-03 -1.212310e+05 -2.866558e+03 3.119470e+03 -4.068081e+04 4.777236e+03 -5.806641e+03 -3.263487e+04 3.914890e+03 3.042454e+03 4.079731e+04 9.340781e+04 -1.983624e+03 3.251813e+04 3.843515e+03 3.280204e+03 4.400269e+03 3.788226e+03 4.648663e+04 1.064170e+05 -2.095322e+03 -3.718514e+04 -4.691218e+03 -4.313244e+03 -5.059989e+03 1.064110e+05 2.680902e+03 -2.489986e+03 3.570254e+04 3.617166e+03 -5.051625e+03 -2.853956e+04 3.196356e+03
-8.585859e-03 -1.314460e+05 -2.990753e+03 3.197518e+03 -4.344740e+04 5.072194e+03 -6.181264e+03 -3.448980e+04 4.038717e+03 3.114148e+03 4.357072e+04 1.012752e+05 -2.069674e+03 3.436610e+04 3.961267e+03 3.482288e+03 4.685941e+03 3.881631e+03 4.964707e+04 1.153819e+05 -2.191026e+03 -3.929887e+04 -4.837107e+03 -4.571808e+03 -5.387498e+03 1.153754e+05 2.792252e+03 -2.549462e+03 3.813031e+04 3.847732e+03 -5.378349e+03 -3.016125e+04 3.296026e+03
-8.383838e-03 -1.429334e+05 -3.123177e+03 3.280446e+03 -4.653303e+04 5.399061e+03 -6.599428e+03 -3.652429e+04 4.172605e+03 3.189912e+03 4.666387e+04 1.101225e+05 -2.161487e+03 3.639292e+04 4.088300e+03 3.706228e+03 5.004888e+03 3.980799e+03 5.317186e+04 1.254635e+05 -2.293029e+03 -4.161723e+04 -4.994680e+03 -4.858358e+03 -5.753123e+03 1.254564e+05 2.911091e+03 -2.612355e+03 4.083805e+04 4.103219e+03 -5.743086e+03 -3.193987e+04 3.403673e+03
-8.181818e-03 -1.559138e+05 -3.264520e+03 3.368860e+03 -4.999230e+04 5.763092e+03 -7.068529e+03 -3.876489e+04 4.318029e+03 3.270205e+03 5.013147e+04 1.201196e+05 -2.259558e+03 3.862500e+04 4.225949e+03 3.955624e+03 5.362767e+03 4.086433e+03 5.712337e+04 1.368554e+05 -2.401849e+03 -4.417045e+04 -5.165632e+03 -5.177507e+03 -6.163342e+03 1.368475e+05 3.038073e+03 -2.679057e+03 4.387366e+04 4.387729e+03 -6.152294e+03 -3.389862e+04 3.520459e+03
-7.979798e-03 -1.706593e+05 -3.415535e+03 3.463496e+03 -5.389281e+04 6.170774e+03 -7.597687e+03 -4.124376e+04 4.476799e+03 3.355581e+03 5.404123e+04 1.314760e+05 -2.364434e+03 4.109438e+04 4.375848e+03 4.234917e+03 5.766552e+03 4.199386e+03 6.157877e+04 1.497963e+05 -2.518051e+03 -4.699520e+04 -5.352044e+03 -5.534943e+03 -6.626140e+03 1.497876e+05 3.173915e+03 -2.750042e+03 4.729647e+04 4.706324e+03 -6.613935e+03 -3.606562e+04 3.647804e+03
-7.777778e-03 -1.875097e+05 -3.577035e+03 3.565264e+03 -5.831917e+04 6.630209e+03 -8.198275e+03 -4.400036e+04 4.651163e+03 3.446719e+03 5.847795e+04 1.444534e+05 -2.476708e+03 4.384035e+04 4.540022e+03 4.549655e+03 6.224941e+03 4.320710e+03 6.663467e+04 1.645843e+05 -2.642237e+03 -5.013643e+04 -5.556496e+03 -5.937778e+03 -7.151480e+03 1.645748e+05 3.319404e+03 -2.825897e+03 5.118072e+04 5.065329e+03 -7.137942e+03 -3.847533e+04 3.787470e+03
-7.575758e-03 -2.068944e+05 -3.749890e+03 3.675309e+03 -6.337886e+04 7.151671e+03 -8.884675e+03 -4.708372e+04 4.843958e+03 3.544470e+03 6.354930e+04 1.593824e+05 -2.597021e+03 4.691170e+04 4.721024e+03 4.906873e+03 6.748931e+03 4.451728e+03 7.241379e+04 1.815964e+05 -2.775049e+03 -5.365001e+04 -5.782244e+03 -6.395026e+03 -7.751956e+03 1.815858e+05 3.475394e+03 -2.907354e+03 5.562074e+04 5.472760e+03 -7.736871e+03 -4.117058e+04 3.941682e+03
-7.373737e-03 -2.293646e+05 -3.935016e+03 3.795103e+03 -6.921054e+04 7.748401e+03 -9.675344e+03 -5.055566e+04 5.058824e+03 3.649921e+03 6.939421e+04 1.766876e+05 -2.726063e+03 5.036998e+04 4.922126e+03 5.315636e+03 7.352640e+03 4.594134e+03 7.907444e+04 2.013164e+05 -2.917151e+03 -5.760640e+04 -6.033461e+03 -6.918305e+03 -8.443734e+03 2.013046e+05 3.642810e+03 -2.995353e+03 6.073818e+04 5.938949e+03 -8.426839e+03 -4.420539e+04 4.113291e+03
-7.171717e-03 -2.556406e+05 -4.133354e+03 3.926580e+03 -7.599639e+04 8.437795e+03 -1.059440e+04 -5.449556e+04 5.300533e+03 3.764499e+03 7.619521e+04 1.969236e+05 -2.864559e+03 5.429419e+04 5.147607e+03 5.787854e+03 8.054515e+03 4.750153e+03 8.682463e+04 2.243762e+05 -3.069211e+03 -6.209603e+04 -6.315615e+03 -7.522880e+03 -9.247944e+03 2.243629e+05 3.822636e+03 -3.091131e+03 6.669293e+04 6.477468e+03 -9.228909e+03 -4.764908e+04 4.306031e+03
-6.969697e-03 -2.866829e+05 -4.345818e+03 4.072354e+03 -8.398111e+04 9.243236e+03 -1.167405e+04 -5.900743e+04 5.575486e+03 3.890126e+03 8.419745e+04 2.208301e+05 -3.013246e+03 5.878789e+04 5.403204e+03 6.339535e+03 8.879177e+03 4.922787e+03 9.594371e+04 2.516188e+05 -3.231852e+03 -6.723746e+04 -6.636035e+03 -8.229269e+03 -1.019278e+04 2.516038e+05 4.015892e+03 -3.196357e+03 7.369970e+04 7.106561e+03 -1.017119e+04 -5.159252e+04 4.524910e+03
-6.767677e-03 -3.238052e+05 -4.573212e+03 4.236075e+03 -9.350194e+04 1.019701e+04 -1.295836e+04 -6.423109e+04 5.892515e+03 4.029487e+03 9.373879e+04 2.494188e+05 -3.172826e+03 6.399019e+04 5.696820e+03 6.992782e+03 9.860335e+03 5.116217e+03 1.068167e+05 2.841971e+05 -3.405573e+03 -7.318997e+04 -7.004828e+03 -9.065808e+03 -1.131686e+04 2.841799e+05 4.223585e+03 -3.313368e+03 8.205445e+04 7.851416e+03 -1.129217e+04 -5.615781e+04 4.776832e+03
-6.565657e-03 -3.688600e+05 -4.816050e+03 4.423030e+03 -1.050387e+05 1.134522e+04 -1.450958e+04 -7.036030e+04 6.264234e+03 4.186479e+03 1.053000e+05 2.841162e+05 -3.343870e+03 7.009392e+04 6.039728e+03 7.779143e+03 1.104559e+04 5.336498e+03 1.199915e+05 3.237368e+05 -3.590591e+03 -8.017438e+04 -7.436420e+03 -1.007294e+04 -1.267470e+04 3.237170e+05 4.446600e+03 -3.445564e+03 9.217822e+04 8.747982e+03 -1.264619e+04 -6.151415e+04 5.071651e+03
-6.363636e-03 -4.245624e+05 -5.074215e+03 4.641245e+03 -1.193018e+05 1.275639e+04 -1.641913e+04 -7.767415e+04 6.709432e+03 4.367040e+03 1.195926e+05 3.270132e+05 -3.526626e+03 7.737680e+04 6.448706e+03 8.745532e+03 1.250484e+04 5.592806e+03 1.362790e+05 3.726206e+05 -3.786532e+03 -8.850870e+04 -7.952294e+03 -1.131082e+04 -1.434638e+04 3.725976e+05 4.685492e+03 -3.598130e+03 1.046944e+05 9.849721e+03 -1.431304e+04 -6.790527e+04 5.424042e+03
-6.161616e-03 -4.950954e+05 -5.346243e+03 4.903626e+03 -1.373979e+05 1.453797e+04 -1.882817e+04 -8.659532e+04 7.257656e+03 4.580769e+03 1.377254e+05 3.813312e+05 -3.720607e+03 8.625933e+04 6.950113e+03 9.965490e+03 1.434604e+04 5.899883e+03 1.569427e+05 4.345195e+05 -3.991800e+03 -9.867459e+04 -8.586212e+03 -1.287373e+04 -1.645555e+04 4.344922e+05 4.940020e+03 -3.779464e+03 1.205740e+05 1.124043e+04 -1.641598e+04 -7.570021e+04 5.857065e+03
-5.959596e-03 -5.873508e+05 -5.627733e+03 5.232543e+03 -1.611731e+05 1.687063e+04 -2.197003e+04 -9.780845e+04 7.958796e+03 4.844410e+03 1.615477e+05 4.523775e+05 -3.923667e+03 9.742259e+04 7.588426e+03 1.156265e+04 1.674756e+04 6.283259e+03 1.840901e+05 5.154816e+05 -4.202173e+03 -1.114522e+05 -9.395171e+03 -1.492023e+04 -1.920658e+04 5.154487e+05 5.208102e+03 -4.004229e+03 1.414372e+05 1.306100e+04 -1.915863e+04 -8.549665e+04 6.409652e+03
-5.757576e-03 -7.138164e+05 -5.907362e+03 5.670937e+03 -1.940183e+05 2.008943e+04 -2.626898e+04 -1.125336e+05 8.905917e+03 5.190365e+03 1.944567e+05 5.497689e+05 -4.129663e+03 1.120801e+05 8.446557e+03 1.376630e+04 2.003378e+04 6.791911e+03 2.215923e+05 6.264662e+05 -4.407300e+03 -1.282317e+05 -1.048546e+04 -1.774435e+04 -2.297113e+04 6.264251e+05 5.483155e+03 -4.300825e+03 1.702595e+05 1.557268e+04 -2.291131e+04 -9.835954e+04 7.154395e+03
-5.555556e-03 -9.006617e+05 -6.155028e+03 6.314787e+03 -2.431443e+05 2.491502e+04 -3.261804e+04 -1.332866e+05 1.030065e+04 5.691681e+03 2.436759e+05 6.936587e+05 -4.321438e+03 1.327336e+05 9.704057e+03 1.706956e+04 2.488731e+04 7.535261e+03 2.776814e+05 7.904392e+05 -4.580301e+03 -1.518799e+05 -1.208731e+04 -2.197855e+04 -2.853144e+04 7.903857e+05 5.746109e+03 -4.733315e+03 2.133685e+05 1.933739e+04 -2.845329e+04 -1.164845e+05 8.248533e+03
-5.353535e-03 -1.218534e+06 -6.274160e+03 7.442049e+03 -3.283230e+05 3.334946e+04 -4.344015e+04 -1.667561e+05 1.270809e+04 6.561842e+03 3.290124e+05 9.384528e+05 -4.442455e+03 1.660338e+05 1.186398e+04 2.284224e+04 3.316002e+04 8.830092e+03 3.749290e+05 1.069401e+06 -4.635975e+03 -1.900184e+05 -1.484591e+04 -2.937982e+04 -3.800989e+04 1.069324e+06 5.933029e+03 -5.489003e+03 2.881143e+05 2.591598e+04 -3.789870e+04 -1.457080e+05 1.013267e+04
-5.151515e-03 -2.015341e+06 -5.721096e+03 1.053257e+04 -5.485712e+05 5.557070e+04 -7.073942e+04 -2.454176e+05 1.903371e+04 8.948518e+03 5.496604e+05 1.552081e+06 -4.169034e+03 2.442644e+05 1.751221e+04 3.804764e+04 5.402533e+04 1.236272e+04 6.263742e+05 1.768676e+06 -4.097361e+03 -2.796518e+05 -2.207826e+04 -4.888039e+04 -6.192154e+04 1.768539e+06 5.675139e+03 -7.575033e+03 4.813863e+05 4.324289e+04 -6.172001e+04 -2.143624e+05 1.507186e+04
-4.949495e-03 -4.566135e+06 -2.920970e+03 2.003774e+04 -1.254918e+06 1.264356e+05 -1.578696e+05 -4.903040e+05 3.885697e+04 1.621057e+04 1.257272e+06 3.516468e+06 -2.589544e+03 4.877839e+05 3.517558e+04 8.653676e+04 1.206256e+05 2.320549e+04 1.432752e+06 4.007247e+06 -1.584029e+03 -5.586943e+05 -4.472035e+04 -1.110705e+05 -1.382426e+05 4.006907e+06 3.932626e+03 -1.393905e+04 1.101218e+06 9.849575e+04 -1.377526e+05 -4.280741e+05 3.053524e+04
-4.747475e-03 7.995191e+04 -1.109849e+04 -1.056288e+02 7.857723e+04 -1.130990e+04 2.666166e+03 -6.398618e+04 -3.648473e+02 5.750486e+02 -7.859940e+04 -6.156377e+04 -7.532434e+03 6.404046e+04 2.913307e+02 -7.697976e+03 -2.048958e+03 2.656346e+02 -8.957276e+04 -7.018679e+04 -8.679150e+03 -7.292167e+04 4.306050e+01 9.816477e+03 2.380773e+03 -7.012913e+04 9.643624e+03 -2.073806e+02 -6.895080e+04 -8.880565e+03 2.292783e+03 -5.619350e+04 -3.151237e+01
-4.545455e-03 -6.447567e+06 -5.356188e+03 1.866175e+04 -1.657388e+06 1.551692e+05 -2.166829e+05 -7.019408e+05 4.423123e+04 1.428941e+04 1.660429e+06 4.965233e+06 -4.404191e+03 6.986768e+05 4.001517e+04 1.062365e+05 1.656881e+05 2.166478e+04 1.892195e+06 5.658266e+06 -3.572119e+03 -7.998660e+05 -5.088106e+04 -1.362823e+05 -1.897615e+05 5.657860e+06 6.149520e+03 -1.223221e+04 1.454383e+06 1.209475e+05 -1.891954e+05 -6.131401e+05 3.475492e+04
-4.343434e-03 1.314104e+06 -1.361679e+04 -2.725395e+03 4.061715e+05 -4.169685e+04 4.350039e+04 4.605884e+04 -7.765557e+03 -1.156840e+03 -4.067369e+05 -1.011955e+06 -9.107994e+03 -4.540626e+04 -6.250573e+03 -2.849166e+04 -3.328756e+04 -2.690558e+03 -4.635154e+05 -1.153244e+06 -1.072058e+04 5.247384e+04 8.462520e+03 3.648466e+04 3.815483e+04 -1.153108e+06 1.160708e+04 1.334851e+03 -3.564173e+05 -3.257364e+04 3.795010e+04 3.985517e+04 -5.784349e+03
-4.141414e-03 -1.679353e+05 -1.360093e+04 3.464168e+02 3.502709e+04 -8.096822e+03 -5.545960e+03 -1.093229e+05 1.045043e+03 9.432743e+02 -3.493223e+04 1.293277e+05 -9.262195e+03 1.092637e+05 1.622441e+03 -5.487417e+03 4.234139e+03 8.265688e+02 -3.981189e+04 1.473468e+05 -1.060596e+04 -1.245867e+05 -1.612029e+03 6.999055e+03 -4.807091e+03 1.473984e+05 1.188401e+04 -4.952353e+02 -3.073382e+04 -6.359287e+03 -4.885532e+03 -9.587746e+04 1.099544e+03
-3.939394e-03 -6.104245e+05 -1.470292e+04 5.731801e+02 -5.884173e+04 -1.019463e+03 -1.976520e+04 -1.654564e+05 2.915627e+03 9.908472e+02 5.911444e+04 4.700664e+05 -1.005444e+04 1.652106e+05 3.320237e+03 -6.336338e+02 1.512148e+04 1.103721e+03 6.736275e+04 5.356500e+05 -1.145427e+04 -1.885542e+05 -3.765963e+03 7.890486e+02 -1.726094e+04 5.356857e+05 1.290563e+04 -5.225474e+02 5.163686e+04 -8.274840e+02 -1.731617e+04 -1.449726e+05 2.572571e+03
-3.737374e-03 -1.540156e+05 -1.623602e+04 5.818751e+01 6.100607e+04 -1.156659e+04 -4.962288e+03 -1.286877e+05 6.804934e+02 7.634553e+02 -6.091735e+04 1.186049e+05 -1.105093e+04 1.286485e+05 1.364108e+03 -7.850319e+03 3.790892e+03 5.381883e+02 -6.942560e+04 1.351247e+05 -1.265937e+04 -1.466566e+05 -1.235569e+03 1.004528e+04 -4.290840e+03 1.351863e+05 1.418130e+04 -3.065820e+02 -5.352961e+04 -9.050547e+03 -4.384412e+03 -1.128862e+05 8.427953e+02
-3.535354e-03 1.871783e+06 -1.769916e+04 7.273810e+02 5.101246e+05 -4.392896e+04 5.896208e+04 8.659520e+04 -5.986131e+03 2.217345e+03 -5.107658e+05 -1.441327e+06 -1.186917e+04 -8.584013e+04 -4.540942e+03 -3.002993e+04 -4.517964e+04 1.325617e+03 -5.820747e+05 -1.642579e+06 -1.377556e+04 9.866992e+04 6.349951e+03 3.844462e+04 5.171170e+04 -1.642448e+06 1.528117e+04 -1.563287e+03 -4.476301e+05 -3.432519e+04 5.151328e+04 7.533534e+04 -4.349022e+03
-3.333333e-03 -6.444398e+06 -2.161393e+04 -6.337528e+03 -1.188663e+06 6.387810e+04 -2.009218e+05 -8.986521e+05 1.664343e+04 -7.303962e+03 1.190893e+06 4.962348e+06 -1.521621e+04 8.963418e+05 1.570580e+04 4.395203e+04 1.539708e+05 -6.695358e+03 1.357143e+06 5.655079e+06 -1.700105e+04 -1.024088e+06 -1.951150e+04 -5.615894e+04 -1.759513e+05 5.654978e+06 1.930617e+04 6.814981e+03 1.043052e+06 4.998220e+04 -1.758227e+05 -7.865531e+05 1.336509e+04
-3.131313e-03 2.106146e+06 -2.176834e+04 3.090921e+03 5.489821e+05 -4.212118e+04 6.489968e+04 9.894893e+04 -4.227746e+03 4.488412e+03 -5.496074e+05 -1.621753e+06 -1.464043e+04 -9.819743e+04 -2.869719e+03 -2.879906e+04 -4.976228e+04 4.087186e+03 -6.263437e+05 -1.848209e+06 -1.687496e+04 1.127499e+05 4.275531e+03 3.685678e+04 5.692273e+04 -1.848086e+06 1.891070e+04 -3.503714e+03 -4.817237e+05 -3.292391e+04 5.673499e+04 8.617765e+04 -2.936532e+03
-2.929293e-03 -1.110358e+06 -2.669210e+04 -2.447589e+03 -3.026720e+04 -1.542035e+04 -3.392856e+04 -3.316505e+05 1.430538e+03 -1.575755e+03 3.065184e+04 8.549867e+05 -1.822498e+04 3.313515e+05 2.278603e+03 -1.040866e+04 2.601156e+04 -2.171532e+03 3.492381e+04 9.743033e+05 -2.083082e+04 -3.779580e+05 -2.235313e+03 1.342382e+04 -2.964897e+04 9.743794e+05 2.336059e+04 1.858390e+03 2.656493e+04 -1.196911e+04 -2.976663e+04 -2.907544e+05 1.533768e+03
-2.727273e-03 -3.673840e+06 -3.381643e+04 -9.580880e+03 -4.096935e+05 -1.089184e+04 -1.110793e+05 -7.337828e+05 2.947061e+03 -8.711039e+03 4.107778e+05 2.828849e+06 -2.322894e+04 7.327919e+05 3.793853e+03 -7.170526e+03 8.520546e+04 -1.021418e+04 4.681191e+05 3.223740e+06 -2.651464e+04 -8.362331e+05 -4.051127e+03 9.443039e+03 -9.722734e+04 3.223814e+06 2.963090e+04 8.186173e+03 3.595090e+05 -8.285917e+03 -9.734523e+04 -6.430147e+05 2.796186e+03
-2.525253e-03 -5.140802e+06 -4.808544e+04 -1.588257e+04 -5.000071e+05 -3.113114e+04 -1.540050e+05 -1.078575e+06 1.390563e+03 -1.444526e+04 5.014213e+05 3.958369e+06 -3.299959e+04 1.077330e+06 2.790629e+03 -2.086547e+04 1.181723e+05 -1.717065e+04 5.714146e+05 4.510947e+06 -3.771320e+04 -1.229171e+06 -2.494451e+03 2.717608e+04 -1.348067e+05 4.511068e+06 4.208790e+04 1.339116e+04 4.387606e+05 -2.391956e+04 -1.350021e+05 -9.453373e+05 1.748441e+03
-2.323232e-03 -3.505018e+07 -2.017867e+04 -1.194877e+05 -5.144414e+06 -2.305064e+04 -1.040869e+06 -5.471409e+06 -3.685032e+03 -1.187582e+05 5.152642e+06 2.698790e+07 -1.561253e+04 5.463274e+06 -2.973912e+03 -1.378267e+04 7.989666e+05 -1.362172e+05 5.872059e+06 3.075597e+07 -1.791541e+04 -6.235338e+06 4.250950e+03 2.023950e+04 -9.118817e+05 3.075600e+07 1.758322e+04 1.041727e+05 4.514144e+06 -1.569413e+04 -9.119819e+05 -4.793935e+06 -2.571183e+03
-2.121212e-03 3.875707e+06 -4.964821e+04 1.425641e+04 8.887061e+05 -3.400267e+04 1.141586e+05 2.684201e+05 1.651733e+03 1.555246e+04 -8.894209e+05 -2.984193e+06 -3.356933e+04 -2.675180e+05 2.915932e+03 -2.331336e+04 -8.765852e+04 1.716878e+04 -1.013617e+06 -3.400918e+06 -3.832636e+04 3.058867e+05 -2.786321e+03 2.971983e+04 1.001232e+05 -3.400805e+06 4.349533e+04 -1.293722e+04 -7.798150e+05 -2.668519e+04 9.994600e+04 2.347509e+05 1.863017e+03
-1.919192e-03 4.337197e+07 -3.686607e+05 1.760636e+05 8.218921e+06 -5.487419e+04 1.268650e+06 5.062021e+06 3.612940e+04 1.820343e+05 -8.226481e+06 -3.339524e+07 -2.487830e+05 -5.053524e+06 4.195447e+04 -3.922850e+04 -9.743436e+05 2.070290e+05 -9.375139e+06 -3.805820e+07 -2.835675e+05 5.768787e+06 -4.747618e+04 4.738160e+04 1.112213e+06 -3.805795e+07 3.234445e+05 -1.548174e+05 -7.211925e+06 -4.547402e+04 1.111389e+06 4.434389e+06 3.196891e+04
-1.717172e-03 -2.073716e+07 2.247289e+05 -9.016029e+04 -4.069589e+06 -9.910143e+03 -6.025883e+05 -2.457823e+06 -2.408666e+04 -9.288295e+04 4.072605e+06 1.596672e+07 1.520124e+05 2.454292e+06 -2.674540e+04 -5.929634e+03 4.629056e+05 -1.061906e+05 4.641343e+06 1.819645e+07 1.732081e+05 -2.801004e+06 3.085692e+04 9.079167e+03 -5.283352e+05 1.819610e+07 -1.972240e+05 7.885312e+04 3.570913e+06 -6.374932e+03 -5.279635e+05 -2.153591e+06 -2.084979e+04
-1.515152e-03 5.068308e+06 -1.094673e+05 2.327386e+04 1.325434e+06 -2.416457e+04 1.463897e+05 3.117713e+05 7.293461e+03 2.478166e+04 -1.325944e+06 -3.902382e+06 -7.426572e+04 -3.109464e+05 8.766483e+03 -1.660863e+04 -1.124854e+05 2.796984e+04 -1.511112e+06 -4.447365e+06 -8.465969e+04 3.552956e+05 -9.739931e+03 2.107165e+04 1.284264e+05 -4.447235e+06 9.603064e+04 -2.063181e+04 -1.163018e+06 -1.905967e+04 1.282186e+05 2.728549e+05 6.594173e+03
-1.313131e-03 2.301050e+04 -2.242779e+04 7.016058e+01 1.561281e+05 -1.964633e+04 6.420517e+02 -1.663331e+05 1.912984e+01 4.852455e+02 -1.560773e+05 -1.771582e+04 -1.524923e+04 1.663832e+05 4.249443e+02 -1.336272e+04 -4.971930e+02 3.319568e+02 -1.778759e+05 -2.020919e+04 -1.739427e+04 -1.895645e+05 -2.688690e+02 1.722596e+04 5.935264e+02 -2.017148e+04 1.966401e+04 -2.317624e+02 -1.369947e+05 -1.524175e+04 5.362073e+02 -1.459928e+05 1.826348e+02
-1.111111e-03 4.568085e+06 -1.602299e+05 2.293787e+04 1.553665e+06 -2.078085e+04 1.306759e+05 1.648540e+05 8.760784e+03 2.445020e+04 -1.553785e+06 -3.517197e+06 -1.088486e+05 -1.642973e+05 1.023936e+04 -1.424788e+04 -1.004468e+05 2.768719e+04 -1.770783e+06 -4.008413e+06 -1.240598e+05 1.878660e+05 -1.151367e+04 1.813264e+04 1.146732e+05 -4.008284e+06 1.405851e+05 -2.026376e+04 -1.363273e+06 -1.633919e+04 1.144640e+05 1.441722e+05 7.808652e+03
-9.090909e-04 -2.367799e+06 7.647376e+04 -1.229950e+04 -7.518236e+05 -1.675070e+04 -6.750046e+04 -2.938024e+05 -4.980318e+03 -1.270735e+04 7.518487e+05 1.823072e+06 5.196037e+04 2.936293e+05 -5.379102e+03 -1.134490e+04 5.188902e+04 -1.462175e+04 8.568558e+05 2.077680e+06 5.921201e+04 -3.348320e+05 6.276393e+03 1.474213e+04 -5.921046e+04 2.077638e+06 -6.710737e+04 1.068471e+04 6.596881e+05 -1.288525e+04 -5.915417e+04 -2.576487e+05 -4.258465e+03
-7.070707e-04 -3.718257e+06 1.885969e+05 -1.978286e+04 -1.653371e+06 -1.590251e+04 -1.056682e+05 -3.207219e+05 -8.363639e+03 -2.070520e+04 1.653160e+06 2.862834e+06 1.282007e+05 3.205001e+05 -9.265887e+03 -1.075767e+04 8.124099e+04 -2.370244e+04 1.884058e+06 3.262679e+06 1.461044e+05 -3.655103e+05 1.067926e+04 1.401538e+04 -9.271688e+04 3.262580e+06 -1.654859e+05 1.727731e+04 1.450744e+06 -1.219851e+04 -9.258944e+04 -2.812272e+05 -7.248367e+03
-5.050505e-04 4.122452e+05 -5.284674e+04 2.229213e+03 4.063775e+05 -1.681874e+04 1.168055e+04 -1.351163e+05 9.761839e+02 2.496810e+03 -4.062670e+05 -3.174040e+05 -3.593253e+04 1.351787e+05 1.238058e+03 -1.144418e+04 -8.982835e+03 2.771937e+03 -4.630096e+05 -3.617418e+05 -4.095116e+04 -1.539885e+05 -1.341095e+03 1.475924e+04 1.026178e+04 -3.617173e+05 4.637028e+04 -2.012684e+03 -3.565752e+05 -1.304090e+04 1.022465e+04 -1.186119e+05 9.105187e+02
-3.030303e-04 -2.694979e+05 1.921906e+04 -1.480388e+03 -1.721322e+05 -1.641079e+04 -7.633772e+03 -1.520213e+05 -6.536572e+02 -1.486350e+03 1.720921e+05 2.074972e+05 1.307052e+04 1.520540e+05 -6.594542e+02 -1.116033e+04 5.869191e+03 -1.737481e+03 1.961287e+05 2.364746e+05 1.489757e+04 -1.732539e+05 7.953210e+02 1.440989e+04 -6.694020e+03 2.364738e+05 -1.686221e+04 1.265445e+03 1.510365e+05 -1.270881e+04 -6.693215e+03 -1.334196e+05 -5.399776e+02
-1.010101e-04 -1.065421e+04 -1.405583e+04 -5.946086e+01 9.175812e+04 -1.631926e+04 -3.028942e+02 -1.459442e+05 -2.542284e+01 -3.597521e+01 -9.172289e+04 8.203193e+03 -9.556862e+03 1.459848e+05 -2.427802e+00 -1.109990e+04 2.326244e+02 -5.540867e+01 -1.045337e+05 9.347644e+03 -1.088950e+04 -1.663282e+05 1.687694e+01 1.432856e+04 -2.638227e+02 9.349793e+03 1.233542e+04 4.108013e+01 -8.051299e+04 -1.264097e+04 -2.670868e+02 -1.280940e+05 -1.144974e+01
1.010101e-04 1.065421e+04 -1.405583e+04 5.946086e+01 9.175812e+04 -1.631926e+04 3.028942e+02 -1.459442e+05 2.542284e+01 3.597521e+01 -9.172289e+04 -8.203193e+03 -9.556862e+03 1.459848e+05 2.427802e+00 -1.109990e+04 -2.326244e+02 5.540867e+01 -1.045337e+05 -9.347644e+03 -1.088950e+04 -1.663282e+05 -1.687694e+01 1.432856e+04 2.638227e+02 -9.349793e+03 1.233542e+04 -4.108013e+01 -8.051299e+04 -1.264097e+04 2.670868e+02 -1.280940e+05 1.144974e+01
3.030303e-04 2.694979e+05 1.921906e+04 1.480388e+03 -1.721322e+05 -1.641079e+04 7.633772e+03 -1.520213e+05 6.536572e+02 1.486350e+03 1.720921e+05 -2.074972e+05 1.307052e+04 1.520540e+05 6.594542e+02 -1.116033e+04 -5.869191e+03 1.737481e+03 1.961287e+05 -2.364746e+05 1.489757e+04 -1.732539e+05 -7.953210e+02 1.440989e+04 6.694020e+03 -2.364738e+05 -1.686221e+04 -1.265445e+03 1.510365e+05 -1.270881e+04 6.693215e+03 -1.334196e+05 5.399776e+02
5.050505e-04 -4.122452e+05 -5.284674e+04 -2.229213e+03 4.063775e+05 -1.681874e+04 -1.168055e+04 -1.351163e+05 -9.761839e+02 -2.496810e+03 -4.062670e+05 3.174040e+05 -3.593253e+04 1.351787e+05 -1.238058e+03 -1.144418e+04 8.982835e+03 -2.771937e+03 -4.630096e+05 3.617418e+05 -4.095116e+04 -1.539885e+05 1.341095e+03 1.475924e+04 -1.026178e+04 3.617173e+05 4.637028e+04 2.012684e+03 -3.565752e+05 -1.304090e+04 -1.022465e+04 -1.186119e+05 -9.105187e+02
7.070707e-04 3.718257e+06 1.885969e+05 1.978286e+04 -1.653371e+06 -1.590251e+04 1.056682e+05 -3.207219e+05 8.363639e+03 2.070520e+04 1.653160e+06 -2.862834e+06 1.282007e+05 3.205001e+05 9.265887e+03 -1.075767e+04 -8.124099e+04 2.370244e+04 1.884058e+06 -3.262679e+06 1.461044e+05 -3.655103e+05 -1.067926e+04 1.401538e+04 9.271688e+04 -3.262580e+06 -1.654859e+05 -1.727731e+04 1.450744e+06 -1.219851e+04 9.258944e+04 -2.812272e+05 7.248367e+03
9.090909e-04 2.367799e+06 7.647376e+04 1.229950e+04 -7.518236e+05 -1.675070e+04 6.750046e+04 -2.938024e+05 4.980318e+03 1.270735e+04 7.518487e+05 -1.823072e+06 5.196037e+04 2.936293e+05 5.379102e+03 -1.134490e+04 -5.188902e+04 1.462175e+04 8.568558e+05 -2.077680e+06 5.921201e+04 -3.348320e+05 -6.276393e+03 1.474213e+04 5.921046e+04 -2.077638e+06 -6.710737e+04 -1.068471e+04 6.596881e+05 -1.288525e+04 5.915417e+04 -2.576487e+05 4.258465e+03
1.111111e-03 -4.568085e+06 -1.602299e+05 -2.293787e+04 1.553665e+06 -2.078085e+04 -1.306759e+05 1.648540e+05 -8.760784e+03 -2.445020e+04 -1.553785e+06 3.517197e+06 -1.088486e+05 -1.642973e+05 -1.023936e+04 -1.424788e+04 1.004468e+05 -2.768719e+04 -1.770783e+06 4.008413e+06 -1.240598e+05 1.878660e+05 1.151367e+04 1.813264e+04 -1.146732e+05 4.008284e+06 1.405851e+05 2.026376e+04 -1.363273e+06 -1.633919e+04 -1.144640e+05 1.441722e+05 -7.808652e+03
1.313131e-03 -2.301050e+04 -2.242779e+04 -7.016058e+01 1.561281e+05 -1.964633e+04 -6.420517e+02 -1.663331e+05 -1.912984e+01 -4.852455e+02 -1.560773e+05 1.771582e+04 -1.524923e+04 1.663832e+05 -4.249443e+02 -1.336272e+04 4.971930e+02 -3.319568e+02 -1.778759e+05 2.020919e+04 -1.739427e+04 -1.895645e+05 2.688690e+02 1.722596e+04 -5.935264e+02 2.017148e+04 1.966401e+04 2.317624e+02 -1.369947e+05 -1.524175e+04 -5.362073e+02 -1.459928e+05 -1.826348e+02
1.515152e-03 -5.068308e+06 -1.094673e+05 -2.327386e+04 1.325434e+06 -2.416457e+04 -1.463897e+05 3.117713e+05 -7.293461e+03 -2.478166e+04 -1.325944e+06 3.902382e+06 -7.426572e+04 -3.109464e+05 -8.766483e+03 -1.660863e+04 1.124854e+05 -2.796984e+04 -1.511112e+06 4.447365e+06 -8.465969e+04 3.552956e+05 9.739931e+03 2.107165e+04 -1.284264e+05 4.447235e+06 9.603064e+04 2.063181e+04 -1.163018e+06 -1.905967e+04 -1.282186e+05 2.728549e+05 -6.594173e+03
1.717172e-03 2.073716e+07 2.247289e+05 9.016029e+04 -4.069589e+06 -9.910143e+03 6.025882e+05 -2.457823e+06 2.408666e+04 9.288295e+04 4.072605e+06 -1.596672e+07 1.520124e+05 2.454292e+06 2.674540e+04 -5.929634e+03 -4.629056e+05 1.061906e+05 4.641343e+06 -1.819645e+07 1.732081e+05 -2.801004e+06 -3.085692e+04 9.079167e+03 5.283352e+05 -1.819610e+07 -1.972240e+05 -7.885312e+04 3.570913e+06 -6.374933e+03 5.279635e+05 -2.153591e+06 2.084978e+04
1.919192e-03 -4.337197e+07 -3.686607e+05 -1.760636e+05 8.218921e+06 -5.487419e+04 -1.268650e+06 5.062021e+06 -3.612940e+04 -1.820343e+05 -8.226481e+06 3.339524e+07 -2.487830e+05 -5.053524e+06 -4.195447e+04 -3.922850e+04 9.743436e+05 -2.070290e+05 -9.375139e+06 3.805820e+07 -2.835675e+05 5.768787e+06 4.747618e+04 4.738160e+04 -1.112213e+06 3.805795e+07 3.234445e+05 1.548174e+05 -7.211925e+06 -4.547402e+04 -1.111389e+06 4.434389e+06 -3.196891e+04
2.121212e-03 -3.875707e+06 -4.964821e+04 -1.425641e+04 8.887061e+05 -3.400267e+04 -1.141586e+05 2.684201e+05 -1.651733e+03 -1.555246e+04 -8.894209e+05 2.984193e+06 -3.356933e+04 -2.675180e+05 -2.915932e+03 -2.331336e+04 8.765852e+04 -1.716878e+04 -1.013617e+06 3.400918e+06 -3.832636e+04 3.058867e+05 2.786321e+03 2.971983e+04 -1.001232e+05 3.400805e+06 4.349533e+04 1.293722e+04 -7.798150e+05 -2.668519e+04 -9.994600e+04 2.347509e+05 -1.863017e+03
2.323232e-03 3.505018e+07 -2.017867e+04 1.194877e+05 -5.144414e+06 -2.305064e+04 1.040869e+06 -5.471409e+06 3.685032e+03 1.187582e+05 5.152642e+06 -2.698790e+07 -1.561253e+04 5.463274e+06 2.973912e+03 -1.378267e+04 -7.989666e+05 1.362172e+05 5.872059e+06 -3.075597e+07 -1.791541e+04 -6.235338e+06 -4.250950e+03 2.023950e+04 9.118817e+05 -3.075600e+07 1.758322e+04 -1.041727e+05 4.514144e+06 -1.569413e+04 9.119819e+05 -4.793935e+06 2.571183e+03
2.525253e-03 5.140802e+06 -4.808544e+04 1.588257e+04 -5.000071e+05 -3.113114e+04 1.540050e+05 -1.078575e+06 -1.390563e+03 1.444526e+04 5.014213e+05 -3.958369e+06 -3.299959e+04 1.077330e+06 -2.790629e+03 -2.086547e+04 -1.181723e+05 1.717065e+04 5.714146e+05 -4.510947e+06 -3.771320e+04 -1.229171e+06 2.494451e+03 2.717608e+04 1.348067e+05 -4.511068e+06 4.208790e+04 -1.339116e+04 4.387606e+05 -2.391956e+04 1.350021e+05 -9.453373e+05 -1.748441e+03
2.727273e-03 3.673840e+06 -3.381643e+04 9.580880e+03 -4.096935e+05 -1.089184e+04 1.110793e+05 -7.337828e+05 -2.947061e+03 8.711039e+03 4.107778e+05 -2.828849e+06 -2.322894e+04 7.327919e+05 -3.793853e+03 -7.170526e+03 -8.520546e+04 1.021418e+04 4.681191e+05 -3.223740e+06 -2.651464e+04 -8.362331e+05 4.051127e+03 9.443039e+03 9.722734e+04 -3.223814e+06 2.963090e+04 -8.186173e+03 3.595090e+05 -8.285917e+03 9.734523e+04 -6.430147e+05 -2.796186e+03
2.929293e-03 1.110358e+06 -2.669210e+04 2.447589e+03 -3.026720e+04 -1.542035e+04 3.392856e+04 -3.316505e+05 -1.430538e+03 1.575755e+03 3.065184e+04 -8.549867e+05 -1.822498e+04 3.313515e+05 -2.278603e+03 -1.040866e+04 -2.601156e+04 2.171532e+03 3.492381e+04 -9.743033e+05 -2.083082e+04 -3.779580e+05 2.235313e+03 1.342382e+04 2.964897e+04 -9.743794e+05 2.336059e+04 -1.858390e+03 2.656493e+04 -1.196911e+04 2.976663e+04 -2.907544e+05 -1.533768e+03
3.131313e-03 -2.106146e+06 -2.176834e+04 -3.090921e+03 5.489821e+05 -4.212118e+04 -6.489968e+04 9.894893e+04 4.227746e+03 -4.488412e+03 -5.496074e+05 1.621753e+06 -1.464043e+04 -9.819743e+04 2.869719e+03 -2.879906e+04 4.976228e+04 -4.087186e+03 -6.263437e+05 1.848209e+06 -1.687496e+04 1.127499e+05 -4.275531e+03 3.685678e+04 -5.692273e+04 1.848086e+06 1.891070e+04 3.503714e+03 -4.817237e+05 -3.292391e+04 -5.673499e+04 8.617765e+04 2.936532e+03
3.333333e-03 6.444398e+06 -2.161393e+04 6.337528e+03 -1.188663e+06 6.387810e+04 2.009218e+05 -8.986521e+05 -1.664343e+04 7.303962e+03 1.190893e+06 -4.962348e+06 -1.521621e+04 8.963418e+05 -1.570580e+04 4.395203e+04 -1.539708e+05 6.695358e+03 1.357143e+06 -5.655079e+06 -1.700105e+04 -1.024088e+06 1.951150e+04 -5.615894e+04 1.759513e+05 -5.654978e+06 1.930617e+04 -6.814981e+03 1.043052e+06 4.998220e+04 1.758227e+05 -7.865531e+05 -1.336509e+04
3.535354e-03 -1.871783e+06 -1.769916e+04 -7.273810e+02 5.101246e+05 -4.392896e+04 -5.896208e+04 8.659520e+04 5.986131e+03 -2.217345e+03 -5.107658e+05 1.441327e+06 -1.186917e+04 -8.584013e+04 4.540942e+03 -3.002993e+04 4.517964e+04 -1.325617e+03 -5.820747e+05 1.642579e+06 -1.377556e+04 9.866992e+04 -6.349951e+03 3.844462e+04 -5.171170e+04 1.642448e+06 1.528117e+04 1.563287e+03 -4.476301e+05 -3.432519e+04 -5.151328e+04 7.533534e+04 4.349022e+03
3.737374e-03 1.540156e+05 -1.623602e+04 -5.818751e+01 6.100607e+04 -1.156659e+04 4.962288e+03 -1.286877e+05 -6.804934e+02 -7.634553e+02 -6.091735e+04 -1.186049e+05 -1.105093e+04 1.286485e+05 -1.364108e+03 -7.850319e+03 -3.790892e+03 -5.381883e+02 -6.942560e+04 -1.351247e+05 -1.265937e+04 -1.466566e+05 1.235569e+03 1.004528e+04 4.290840e+03 -1.351863e+05 1.418130e+04 3.065820e+02 -5.352961e+04 -9.050547e+03 4.384412e+03 -1.128862e+05 -8.427953e+02
3.939394e-03 6.104245e+05 -1.470292e+04 -5.731801e+02 -5.884173e+04 -1.019463e+03 1.976520e+04 -1.654564e+05 -2.915627e+03 -9.908472e+02 5.911444e+04 -4.700664e+05 -1.005444e+04 1.652106e+05 -3.320237e+03 -6.336338e+02 -1.512148e+04 -1.103721e+03 6.736275e+04 -5.356500e+05 -1.145427e+04 -1.885542e+05 3.765963e+03 7.890486e+02 1.726094e+04 -5.356857e+05 1.290563e+04 5.225474e+02 5.163686e+04 -8.274840e+02 1.731617e+04 -1.449726e+05 -2.572571e+03
4.141414e-03 1.679353e+05 -1.360093e+04 -3.464168e+02 3.502709e+04 -8.096822e+03 5.545960e+03 -1.093229e+05 -1.045043e+03 -9.432743e+02 -3.493223e+04 -1.293277e+05 -9.262195e+03 1.092637e+05 -1.622441e+03 -5.487417e+03 -4.234139e+03 -8.265688e+02 -3.981189e+04 -1.473468e+05 -1.060596e+04 -1.245867e+05 1.612029e+03 6.999055e+03 4.807091e+03 -1.473984e+05 1.188401e+04 4.952353e+02 -3.073382e+04 -6.359287e+03 4.885532e+03 -9.587746e+04 -1.099544e+03
4.343434e-03 -1.314104e+06 -1.361679e+04 2.725395e+03 4.061715e+05 -4.169685e+04 -4.350039e+04 4.605884e+04 7.765557e+03 1.156840e+03 -4.067369e+05 1.011955e+06 -9.107994e+03 -4.540626e+04 6.250573e+03 -2.849166e+04 3.328756e+04 2.690558e+03 -4.635154e+05 1.153244e+06 -1.072058e+04 5.247384e+04 -8.462520e+03 3.648466e+04 -3.815483e+04 1.153108e+06 1.160708e+04 -1.334851e+03 -3.564173e+05 -3.257364e+04 -3.795010e+04 3.985517e+04 5.784349e+03
4.545455e-03 6.447567e+06 -5.356188e+03 -1.866175e+04 -1.657388e+06 1.551692e+05 2.166829e+05 -7.019408e+05 -4.423123e+04 -1.428941e+04 1.660429e+06 -4.965233e+06 -4.404191e+03 6.986768e+05 -4.001517e+04 1.062365e+05 -1.656881e+05 -2.166478e+04 1.892195e+06 -5.658266e+06 -3.572119e+03 -7.998660e+05 5.088106e+04 -1.362823e+05 1.897615e+05 -5.657860e+06 6.149520e+03 1.223221e+04 1.454383e+06 1.209475e+05 1.891954e+05 -6.131401e+05 -3.475492e+04
4.747475e-03 -7.995191e+04 -1.109849e+04 1.056288e+02 7.857723e+04 -1.130990e+04 -2.666166e+03 -6.398618e+04 3.648473e+02 -5.750486e+02 -7.859940e+04 6.156377e+04 -7.532434e+03 6.404046e+04 -2.913307e+02 -7.697976e+03 2.048958e+03 -2.656346e+02 -8.957276e+04 7.018679e+04 -8.679150e+03 -7.292167e+04 -4.306050e+01 9.816477e+03 -2.380773e+03 7.012913e+04 9.643624e+03 2.073806e+02 -6.895080e+04 -8.880565e+03 -2.292783e+03 -5.619350e+04 3.151237e+01
4.949495e-03 4.566135e+06 -2.920970e+03 -2.003774e+04 -1.254918e+06 1.264356e+05 1.578696e+05 -4.903040e+05 -3.885697e+04 -1.621057e+04 1.257272e+06 -3.516468e+06 -2.589544e+03 4.877839e+05 -3.517558e+04 8.653676e+04 -1.206256e+05 -2.320549e+04 1.432752e+06 -4.007247e+06 -1.584029e+03 -5.586943e+05 4.472035e+04 -1.110705e+05 1.382426e+05 -4.006907e+06 3.932626e+03 1.393905e+04 1.101218e+06 9.849575e+04 1.377526e+05 -4.280741e+05 -3.053524e+04
5.151515e-03 2.015341e+06 -5.721096e+03 -1.053257e+04 -5.485712e+05 5.557070e+04 7.073942e+04 -2.454176e+05 -1.903371e+04 -8.948518e+03 5.496604e+05 -1.552081e+06 -4.169034e+03 2.442644e+05 -1.751221e+04 3.804764e+04 -5.402533e+04 -1.236272e+04 6.263742e+05 -1.768676e+06 -4.097361e+03 -2.796518e+05 2.207826e+04 -4.888039e+04 6.192154e+04 -1.768539e+06 5.675139e+03 7.575033e+03 4.813863e+05 4.324289e+04 6.172001e+04 -2.143624e+05 -1.507186e+04
5.353535e-03 1.218534e+06 -6.274160e+03 -7.442049e+03 -3.283230e+05 3.334946e+04 4.344015e+04 -1.667561e+05 -1.270809e+04 -6.561842e+03 3.290124e+05 -9.384528e+05 -4.442455e+03 1.660338e+05 -1.186398e+04 2.284224e+04 -3.316002e+04 -8.830092e+03 3.749290e+05 -1.069401e+06 -4.635975e+03 -1.900184e+05 1.484591e+04 -2.937982e+04 3.800989e+04 -1.069324e+06 5.933029e+03 5.489003e+03 2.881143e+05 2.591598e+04 3.789870e+04 -1.457080e+05 -1.013267e+04
5.555556e-03 9.006617e+05 -6.155028e+03 -6.314787e+03 -2.431443e+05 2.491502e+04 3.261804e+04 -1.332866e+05 -1.030065e+04 -5.691681e+03 2.436759e+05 -6.936587e+05 -4.321438e+03 1.327336e+05 -9.704057e+03 1.706956e+04 -2.488731e+04 -7.535261e+03 2.776814e+05 -7.904392e+05 -4.580301e+03 -1.518799e+05 1.208731e+04 -2.197855e+04 2.853144e+04 -7.903857e+05 5.746109e+03 4.733315e+03 2.133685e+05 1.933739e+04 2.845329e+04 -1.164845e+05 -8.248533e+03
5.757576e-03 7.138164e+05 -5.907362e+03 -5.670937e+03 -1.940183e+05 2.008943e+04 2.626898e+04 -1.125336e+05 -8.905917e+03 -5.190365e+03 1.944567e+05 -5.497689e+05 -4.129663e+03 1.120801e+05 -8.446557e+03 1.376630e+04 -2.003378e+04 -6.791911e+03 2.215923e+05 -6.264662e+05 -4.407300e+03 -1.282317e+05 1.048546e+04 -1.774435e+04 2.297113e+04 -6.264251e+05 5.483155e+03 4.300825e+03 1.702595e+05 1.557268e+04 2.291131e+04 -9.835954e+04 -7.154395e+03
5.959596e-03 5.873508e+05 -5.627733e+03 -5.232543e+03 -1.611731e+05 1.687063e+04 2.197003e+04 -9.780845e+04 -7.958796e+03 -4.844410e+03 1.615477e+05 -4.523775e+05 -3.923667e+03 9.742259e+04 -7.588426e+03 1.156265e+04 -1.674756e+04 -6.283259e+03 1.840901e+05 -5.154816e+05 -4.202173e+03 -1.114522e+05 9.395171e+03 -1.492023e+04 1.920658e+04 -5.154487e+05 5.208102e+03 4.004229e+03 1.414372e+05 1.306100e+04 1.915863e+04 -8.549665e+04 -6.409652e+03
6.161616e-03 4.950954e+05 -5.346243e+03 -4.903626e+03 -1.373979e+05 1.453797e+04 1.882817e+04 -8.659532e+04 -7.257656e+03 -4.580769e+03 1.377254e+05 -3.813312e+05 -3.720607e+03 8.625933e+04 -6.950113e+03 9.965490e+03 -1.434604e+04 -5.899883e+03 1.569427e+05 -4.345195e+05 -3.991800e+03 -9.867459e+04 8.586212e+03 -1.287373e+04 1.645555e+04 -4.344922e+05 4.940020e+03 3.779464e+03 1.205740e+05 1.124043e+04 1.641598e+04 -7.570021e+04 -5.857065e+03
6.363636e-03 4.245624e+05 -5.074215e+03 -4.641245e+03 -1.193018e+05 1.275639e+04 1.641913e+04 -7.767415e+04 -6.709432e+03 -4.367040e+03 1.195926e+05 -3.270132e+05 -3.526626e+03 7.737680e+04 -6.448706e+03 8.745532e+03 -1.250484e+04 -5.592806e+03 1.362790e+05 -3.726206e+05 -3.786532e+03 -8.850870e+04 7.952294e+03 -1.131082e+04 1.434638e+04 -3.725976e+05 4.685492e+03 3.598130e+03 1.046944e+05 9.849721e+03 1.431304e+04 -6.790527e+04 -5.424042e+03
6.565657e-03 3.688600e+05 -4.816050e+03 -4.423030e+03 -1.050387e+05 1.134522e+04 1.450958e+04 -7.036030e+04 -6.264234e+03 -4.186479e+03 1.053000e+05 -2.841162e+05 -3.343870e+03 7.009392e+04 -6.039728e+03 7.779143e+03 -1.104559e+04 -5.336498e+03 1.199915e+05 -3.237368e+05 -3.590591e+03 -8.017438e+04 7.436420e+03 -1.007294e+04 1.267470e+04 -3.237170e+05 4.446600e+03 3.445564e+03 9.217822e+04 8.747982e+03 1.264619e+04 -6.151415e+04 -5.071651e+03
6.767677e-03 3.238052e+05 -4.573212e+03 -4.236075e+03 -9.350194e+04 1.019701e+04 1.295836e+04 -6.423109e+04 -5.892515e+03 -4.029487e+03 9.373879e+04 -2.494188e+05 -3.172826e+03 6.399019e+04 -5.696820e+03 6.992782e+03 -9.860335e+03 -5.116217e+03 1.068167e+05 -2.841971e+05 -3.405573e+03 -7.318997e+04 7.004828e+03 -9.065808e+03 1.131686e+04 -2.841799e+05 4.223585e+03 3.313368e+03 8.205445e+04 7.851416e+03 1.129217e+04 -5.615781e+04 -4.776832e+03
6.969697e-03 2.866829e+05 -4.345818e+03 -4.072354e+03 -8.398111e+04 9.243236e+03 1.167405e+04 -5.900743e+04 -5.575486e+03 -3.890126e+03 8.419745e+04 -2.208301e+05 -3.013246e+03 5.878789e+04 -5.403204e+03 6.339535e+03 -8.879177e+03 -4.922787e+03 9.594371e+04 -2.516188e+05 -3.231852e+03 -6.723746e+04 6.636035e+03 -8.229269e+03 1.019278e+04 -2.516038e+05 4.015892e+03 3.196357e+03 7.369970e+04 7.106561e+03 1.017119e+04 -5.159252e+04 -4.524910e+03
7.171717e-03 2.556406e+05 -4.133354e+03 -3.926580e+03 -7.599639e+04 8.437795e+03 1.059440e+04 -5.449556e+04 -5.300533e+03 -3.764499e+03 7.619521e+04 -1.969236e+05 -2.864559e+03 5.429419e+04 -5.147607e+03 5.787854e+03 -8.054515e+03 -4.750153e+03 8.682463e+04 -2.243762e+05 -3.069211e+03 -6.209603e+04 6.315615e+03 -7.522880e+03 9.247944e+03 -2.243629e+05 3.822636e+03 3.091131e+03 6.669293e+04 6.477468e+03 9.228909e+03 -4.764908e+04 -4.306031e+03
7.373737e-03 2.293646e+05 -3.935016e+03 -3.795103e+03 -6.921054e+04 7.748401e+03 9.675344e+03 -5.055566e+04 -5.058824e+03 -3.649921e+03 6.939421e+04 -1.766876e+05 -2.726063e+03 5.036998e+04 -4.922126e+03 5.315636e+03 -7.352640e+03 -4.594134e+03 7.907444e+04 -2.013164e+05 -2.917151e+03 -5.760640e+04 6.033461e+03 -6.918305e+03 8.443734e+03 -2.013046e+05 3.642810e+03 2.995353e+03 6.073818e+04 5.938949e+03 8.426839e+03 -4.420539e+04 -4.113291e+03
7.575758e-03 2.068944e+05 -3.749890e+03 -3.675309e+03 -6.337886e+04 7.151671e+03 8.884675e+03 -4.708372e+04 -4.843958e+03 -3.544470e+03 6.354930e+04 -1.593824e+05 -2.597021e+03 4.691170e+04 -4.721024e+03 4.906873e+03 -6.748931e+03 -4.451728e+03 7.241379e+04 -1.815964e+05 -2.775049e+03 -5.365001e+04 5.782244e+03 -6.395026e+03 7.751956e+03 -1.815858e+05 3.475394e+03 2.907354e+03 5.562074e+04 5.472760e+03 7.736871e+03 -4.117058e+04 -3.941682e+03
7.777778e-03 1.875097e+05 -3.577035e+03 -3.565264e+03 -5.831917e+04 6.630209e+03 8.198275e+03 -4.400036e+04 -4.651163e+03 -3.446719e+03 5.847795e+04 -1.444534e+05 -2.476708e+03 4.384035e+04 -4.540022e+03 4.549655e+03 -6.224941e+03 -4.320710e+03 6.663467e+04 -1.645843e+05 -2.642237e+03 -5.013643e+04 5.556496e+03 -5.937778e+03 7.151480e+03 -1.645748e+05 3.319404e+03 2.825897e+03 5.118072e+04 5.065329e+03 7.137942e+03 -3.847533e+04 -3.787470e+03
7.979798e-03 1.706593e+05 -3.415535e+03 -3.463496e+03 -5.389281e+04 6.170774e+03 7.597687e+03 -4.124376e+04 -4.476799e+03 -3.355581e+03 5.404123e+04 -1.314760e+05 -2.364434e+03 4.109438e+04 -4.375848e+03 4.234917e+03 -5.766552e+03 -4.199386e+03 6.157877e+04 -1.497963e+05 -2.518051e+03 -4.699520e+04 5.352044e+03 -5.534943e+03 6.626140e+03 -1.497876e+05 3.173915e+03 2.750042e+03 4.729647e+04 4.706324e+03 6.613935e+03 -3.606562e+04 -3.647804e+03
8.181818e-03 1.559138e+05 -3.264520e+03 -3.368860e+03 -4.999230e+04 5.763092e+03 7.068529e+03 -3.876489e+04 -4.318029e+03 -3.270205e+03 5.013147e+04 -1.201196e+05 -2.259558e+03 3.862500e+04 -4.225949e+03 3.955624e+03 -5.362767e+03 -4.086433e+03 5.712337e+04 -1.368554e+05 -2.401849e+03 -4.417045e+04 5.165632e+03 -5.177507e+03 6.163342e+03 -1.368475e+05 3.038073e+03 2.679057e+03 4.387366e+04 4.387729e+03 6.152294e+03 -3.389862e+04 -3.520459e+03
8.383838e-03 1.429334e+05 -3.123177e+03 -3.280446e+03 -4.653303e+04 5.399061e+03 6.599428e+03 -3.652429e+04 -4.172605e+03 -3.189912e+03 4.666387e+04 -1.101225e+05 -2.161487e+03 3.639292e+04 -4.088300e+03 3.706228e+03 -5.004888e+03 -3.980799e+03 5.317186e+04 -1.254635e+05 -2.293029e+03 -4.161723e+04 4.994680e+03 -4.858358e+03 5.753123e+03 -1.254564e+05 2.911091e+03 2.612355e+03 4.083805e+04 4.103219e+03 5.743086e+03 -3.193987e+04 -3.403673e+03
8.585859e-03 1.314460e+05 -2.990753e+03 -3.197518e+03 -4.344740e+04 5.072194e+03 6.181264e+03 -3.448980e+04 -4.038717e+03 -3.114148e+03 4.357072e+04 -1.012752e+05 -2.069674e+03 3.436610e+04 -3.961267e+03 3.482288e+03 -4.685941e+03 -3.881631e+03 4.964707e+04 -1.153819e+05 -2.191026e+03 -3.929887e+04 4.837107e+03 -4.571808e+03 5.387498e+03 -1.153754e+05 2.792252e+03 2.549462e+03 3.813031e+04 3.847732e+03 5.378349e+03 -3.016125e+04 -3.296026e+03
8.787879e-03 1.212310e+05 -2.866558e+03 -3.119470e+03 -4.068081e+04 4.777236e+03 5.806641e+03 -3.263487e+04 -3.914890e+03 -3.042454e+03 4.079731e+04 -9.340781e+04 -1.983624e+03 3.251813e+04 -3.843515e+03 3.280204e+03 -4.400269e+03 -3.788226e+03 4.648663e+04 -1.064170e+05 -2.095322e+03 -3.718514e+04 4.691218e+03 -4.313244e+03 5.059989e+03 -1.064110e+05 2.680902e+03 2.489986e+03 3.570254e+04 3.617166e+03 5.051625e+03 -2.853956e+04 -3.196356e+03
8.989899e-03 1.121079e+05 -2.749955e+03 -3.045799e+03 -3.818864e+04 4.509879e+03 5.469499e+03 -3.093739e+04 -3.799906e+03 -2.974444e+03 3.829891e+04 -8.638122e+04 -1.902884e+03 3.082698e+04 -3.733940e+03 3.097026e+03 -4.143239e+03 -3.700000e+03 4.363960e+04 -9.841021e+04 -2.005435e+03 -3.525082e+04 4.555608e+03 -4.078888e+03 4.765289e+03 -9.840469e+04 2.576446e+03 2.433596e+03 3.351557e+04 3.408158e+03 4.757620e+03 -2.705550e+04 -3.103708e+03
9.191919e-03 1.039273e+05 -2.640365e+03 -2.976079e+03 -3.593407e+04 4.266556e+03 5.164825e+03 -2.937877e+04 -3.692749e+03 -2.909792e+03 3.603866e+04 -8.008054e+04 -1.827039e+03 2.927413e+04 -3.631621e+03 2.930313e+03 -3.911016e+03 -3.616455e+03 4.106394e+04 -9.123064e+04 -1.920928e+03 -3.347474e+04 4.429109e+03 -3.865610e+03 4.499007e+03 -9.122555e+04 2.478346e+03 2.380015e+03 3.153711e+04 3.217925e+03 4.491958e+03 -2.569281e+04 -3.017281e+03
9.393939e-03 9.656507e+04 -2.537258e+03 -2.909947e+03 -3.388649e+04 4.044289e+03 4.888436e+03 -2.794325e+04 -3.592561e+03 -2.848214e+03 3.398586e+04 -7.441005e+04 -1.755714e+03 2.784391e+04 -3.535778e+03 2.778025e+03 -3.700404e+03 -3.537168e+03 3.872470e+04 -8.476923e+04 -1.841396e+03 -3.183895e+04 4.310733e+03 -3.670798e+03 4.257482e+03 -8.476451e+04 2.386109e+03 2.329002e+03 2.974029e+04 3.044141e+03 4.250988e+03 -2.443772e+04 -2.936400e+03
9.595960e-03 8.991685e+04 -2.440149e+03 -2.847091e+03 -3.202022e+04 3.840571e+03 4.636821e+03 -2.661738e+04 -3.498618e+03 -2.789465e+03 3.211478e+04 -6.928947e+04 -1.688568e+03 2.652291e+04 -3.445750e+03 2.638443e+03 -3.508717e+03 -3.461774e+03 3.659255e+04 -7.893444e+04 -1.766472e+03 -3.032811e+04 4.199640e+03 -3.492252e+03 4.037637e+03 -7.893007e+04 2.299288e+03 2.280348e+03 2.810257e+04 2.884848e+03 4.031641e+03 -2.327848e+04 -2.860494e+03
9.797980e-03 8.389460e+04 -2.348595e+03 -2.787240e+03 -3.031357e+04 3.653273e+03 4.407008e+03 -2.538961e+04 -3.410295e+03 -2.733330e+03 3.040369e+04 -6.465094e+04 -1.625287e+03 2.529963e+04 -3.360967e+03 2.510110e+03 -3.333682e+03 -3.389955e+03 3.464271e+04 -7.364900e+04 -1.695818e+03 -2.892905e+04 4.095111e+03 -3.328105e+03 3.836872e+03 -7.364493e+04 2.217479e+03 2.233873e+03 2.660491e+04 2.738385e+03 3.831324e+03 -2.220500e+04 -2.789069e+03
1.000000e-02 7.842345e+04 -2.262192e+03 -2.730155e+03 -2.874810e+04 3.480581e+03 4.196465e+03 -2.424995e+04 -3.327056e+03 -2.679619e+03 2.883411e+04 -6.043684e+04 -1.565587e+03 2.416412e+04 -3.280940e+03 2.391784e+03 -3.173364e+03 -3.321432e+03 3.285413e+04 -6.884720e+04 -1.629125e+03 -2.763039e+04 3.996525e+03 -3.176765e+03 3.652969e+03 -6.884340e+04 2.140309e+03 2.189414e+03 2.523115e+04 2.603333e+03 3.647826e+03 -2.120853e+04 -2.721703e+03
