-1.000000e-02 -1.562301e+05 -1.420429e+03 4.642577e+03 -8.812889e+04 4.016843e+03 -5.063231e+04 -8.164094e+04 5.322681e+03 4.519794e+03 8.824890e+04 1.203831e+05 -1.002123e+03 8.152188e+04 5.204592e+03 2.762758e+03 3.888304e+04 5.591192e+03 1.005389e+05 1.371417e+05 -8.531355e+02 -9.300929e+04 -6.364601e+03 -3.723289e+03 -4.437335e+04 1.371395e+05 1.535566e+03 -3.734600e+03 7.735683e+04 2.950186e+03 -4.436926e+04 -7.155855e+04 4.337365e+03
-9.797980e-03 -1.766631e+05 -1.470223e+03 4.887587e+03 -9.893086e+04 4.405043e+03 -5.709940e+04 -9.140403e+04 5.633832e+03 4.748711e+03 9.906365e+04 1.361245e+05 -1.039298e+03 9.127221e+04 5.500055e+03 3.029681e+03 4.385247e+04 5.881438e+03 1.128605e+05 1.550763e+05 -8.807200e+02 -1.041325e+05 -6.730533e+03 -4.068334e+03 -5.004267e+04 1.550738e+05 1.594060e+03 -3.926972e+03 8.683774e+04 3.249988e+03 -5.003794e+04 -8.011659e+04 4.587919e+03
-9.595960e-03 -2.014351e+05 -1.517848e+03 5.167650e+03 -1.120040e+05 4.866086e+03 -6.493228e+04 -1.031898e+05 5.993051e+03 5.009148e+03 1.121521e+05 1.552083e+05 -1.075645e+03 1.030427e+05 5.840134e+03 3.346712e+03 4.987156e+04 6.212687e+03 1.277726e+05 1.768191e+05 -9.046988e+02 -1.175603e+05 -7.152345e+03 -4.477778e+03 -5.690940e+04 1.768162e+05 1.653315e+03 -4.146186e+03 9.831201e+04 3.606417e+03 -5.690388e+04 -9.044777e+04 4.876780e+03
-9.393939e-03 -2.319206e+05 -1.560433e+03 5.492007e+03 -1.280690e+05 5.422187e+03 -7.456289e+04 -1.176334e+05 6.413588e+03 5.309174e+03 1.282357e+05 1.786936e+05 -1.109410e+03 1.174678e+05 6.236933e+03 3.729133e+03 5.727229e+04 6.595638e+03 1.460973e+05 2.035768e+05 -9.222778e+02 -1.340162e+05 -7.645314e+03 -4.971195e+03 -6.535224e+04 2.035734e+05 1.711607e+03 -4.399197e+03 1.124122e+05 4.036806e+03 -6.534573e+04 -1.031088e+05 5.214433e+03
-9.191919e-03 -2.701178e+05 -1.593189e+03 5.873824e+03 -1.481748e+05 6.105705e+03 -8.661886e+04 -1.356563e+05 6.914418e+03 5.660222e+03 1.483643e+05 2.081194e+05 -1.137623e+03 1.354677e+05 6.707727e+03 4.199201e+03 6.653705e+04 7.045500e+03 1.690309e+05 2.371030e+05 -9.289204e+02 -1.545502e+05 -8.231286e+03 -5.577080e+03 -7.592147e+04 2.370989e+05 1.765887e+03 -4.695878e+03 1.300589e+05 4.566422e+03 -7.591370e+04 -1.189075e+05 5.615869e+03
-8.989899e-03 -3.190451e+05 -1.607918e+03 6.332701e+03 -1.739080e+05 6.965814e+03 -1.020483e+05 -1.586479e+05 7.523893e+03 6.079215e+03 1.741266e+05 2.458111e+05 -1.155143e+03 1.584303e+05 7.278252e+03 4.790738e+03 7.839452e+04 7.584856e+03 1.983833e+05 2.800471e+05 -9.170191e+02 -1.807452e+05 -8.942850e+03 -6.338709e+03 -8.944833e+04 2.800421e+05 1.810714e+03 -5.050887e+03 1.526448e+05 5.233682e+03 -8.943891e+04 -1.390620e+05 6.103456e+03
-8.787879e-03 -3.834948e+05 -1.590001e+03 6.899503e+03 -2.077927e+05 8.081390e+03 -1.223563e+05 -1.888097e+05 8.286759e+03 6.592663e+03 2.080490e+05 2.954603e+05 -1.152718e+03 1.885543e+05 7.988989e+03 5.557982e+03 9.400152e+04 8.249197e+03 2.370329e+05 3.366151e+05 -8.732257e+02 -2.151096e+05 -9.831360e+03 -7.325460e+03 -1.072524e+05 3.366089e+05 1.836064e+03 -5.487242e+03 1.823849e+05 6.100235e+03 -1.072408e+05 -1.655019e+05 6.712442e+03
-8.585859e-03 -4.715960e+05 -1.511737e+03 7.626659e+03 -2.541193e+05 9.588396e+03 -1.500959e+05 -2.298670e+05 9.278983e+03 7.245371e+03 2.544265e+05 3.633290e+05 -1.112680e+03 2.295605e+05 8.908447e+03 6.594413e+03 1.153203e+05 9.098671e+03 2.898737e+05 4.139420e+05 -7.725748e+02 -2.618876e+05 -1.098387e+04 -8.656856e+03 -1.315722e+05 4.139341e+05 1.822465e+03 -6.043952e+03 2.230451e+05 7.272398e+03 -1.315574e+05 -2.014932e+05 7.502579e+03
-8.383838e-03 -5.984955e+05 -1.315655e+03 8.613187e+03 -3.209050e+05 1.174618e+04 -1.900251e+05 -2.887415e+05 1.064350e+04 8.121604e+03 3.212848e+05 4.610854e+05 -9.981379e+02 2.883622e+05 1.016512e+04 8.078292e+03 1.460078e+05 1.024663e+04 3.660496e+05 5.253220e+05 -5.637953e+02 -3.289657e+05 -1.256394e+04 -1.056077e+04 -1.665791e+05 5.253116e+05 1.728724e+03 -6.794560e+03 2.816617e+05 8.953025e+03 -1.665597e+05 -2.531035e+05 8.586123e+03
-8.181818e-03 -7.968313e+05 -8.639884e+02 1.007878e+04 -4.254857e+05 1.513221e+04 -2.523986e+05 -3.802976e+05 1.269499e+04 9.407749e+03 4.259778e+05 6.138716e+05 -7.201682e+02 3.798056e+05 1.204110e+04 1.040641e+04 1.939455e+05 1.194410e+04 4.853334e+05 6.994015e+05 -1.249246e+02 -4.332794e+05 -1.493118e+04 -1.354439e+04 -2.212643e+05 6.993871e+05 1.454595e+03 -7.902106e+03 3.734501e+05 1.159386e+04 -2.212372e+05 -3.333633e+05 1.020985e+04
-7.979798e-03 -1.157925e+06 2.727574e+02 1.266924e+04 -6.165849e+05 2.143595e+04 -3.659236e+05 -5.459532e+05 1.634671e+04 1.165084e+04 6.172800e+05 8.920360e+05 -2.035790e-01 5.452569e+05 1.535300e+04 1.473917e+04 2.811971e+05 1.492784e+04 7.032974e+05 1.016334e+06 9.222008e+02 -6.220178e+05 -1.912820e+04 -1.909100e+04 -3.207967e+05 1.016311e+06 6.839541e+02 -9.845971e+03 5.411736e+05 1.651655e+04 -3.207548e+05 -4.785799e+05 1.308898e+04
-7.777778e-03 -2.184200e+06 4.747682e+03 2.022201e+04 -1.163867e+06 4.054133e+04 -6.886647e+05 -1.012363e+06 2.692361e+04 1.810300e+04 1.165140e+06 1.682617e+06 2.890083e+03 1.011085e+06 2.485326e+04 2.786178e+04 5.292449e+05 2.357135e+04 1.327513e+06 1.917098e+06 4.905946e+03 -1.153417e+06 -3.122983e+04 -3.587642e+04 -6.037604e+05 1.917050e+06 -2.552225e+03 -1.547951e+04 1.021511e+06 3.145108e+04 -6.036716e+05 -8.874383e+05 2.138920e+04
-7.575758e-03 -1.955862e+06 1.412699e+02 1.517501e+04 -1.023350e+06 2.928246e+04 -6.153414e+05 -9.231489e+05 2.101677e+04 1.381073e+04 1.024459e+06 1.506689e+06 -1.892079e+02 9.220346e+05 1.968257e+04 2.017060e+04 4.729161e+05 1.786772e+04 1.167234e+06 1.716664e+06 9.408096e+02 -1.051784e+06 -2.453834e+04 -2.601437e+04 -5.394779e+05 1.716630e+06 1.033539e+03 -1.167628e+04 8.981754e+05 2.266831e+04 -5.394207e+05 -8.092688e+05 1.682064e+04
-7.373737e-03 -2.296517e+06 -1.734666e+03 1.429516e+04 -1.186043e+06 2.859193e+04 -7.209680e+05 -1.092757e+06 2.095052e+04 1.305978e+04 1.187308e+06 1.769078e+06 -1.497271e+03 1.091487e+06 1.974112e+04 1.973774e+04 5.541235e+05 1.692298e+04 1.352787e+06 2.015635e+06 -6.122341e+02 -1.245039e+06 -2.451951e+04 -2.543342e+04 -6.320911e+05 2.015602e+06 2.617250e+03 -1.097274e+04 1.040961e+06 2.215002e+04 -6.320388e+05 -9.579866e+05 1.682834e+04
-7.171717e-03 -3.398117e+06 -2.206935e+03 1.593876e+04 -1.740179e+06 3.640369e+04 -1.064550e+06 -1.618613e+06 2.547514e+04 1.437573e+04 1.741993e+06 2.617625e+06 -1.948906e+03 1.616790e+06 2.394321e+04 2.517637e+04 8.182399e+05 1.886955e+04 1.984796e+06 2.982470e+06 -9.082154e+02 -1.844193e+06 -2.975283e+04 -3.232235e+04 -9.333385e+05 2.982427e+06 3.250557e+03 -1.207081e+04 1.527301e+06 2.831391e+04 -9.332715e+05 -1.419027e+06 2.045665e+04
-6.969697e-03 -4.944654e+06 -4.438895e+03 1.576191e+04 -2.505161e+06 4.247492e+04 -1.545851e+06 -2.367163e+06 2.920166e+04 1.403669e+04 2.507717e+06 3.808879e+06 -3.638576e+03 2.364593e+06 2.750891e+04 2.947627e+04 1.188244e+06 1.876735e+04 2.857269e+06 4.339795e+06 -2.705965e+03 -2.697092e+06 -3.410084e+04 -3.769534e+04 -1.355341e+06 4.339743e+06 5.337018e+03 -1.169678e+04 2.198685e+06 3.316868e+04 -1.355267e+06 -2.075339e+06 2.350779e+04
-6.767677e-03 -6.323216e+06 -1.071382e+04 1.079577e+04 -3.156827e+06 3.719920e+04 -1.972860e+06 -3.060003e+06 2.744371e+04 9.607494e+03 3.159992e+06 4.870700e+06 -8.036720e+03 3.056826e+06 2.627670e+04 2.602987e+04 1.516551e+06 1.325258e+04 3.600489e+06 5.549660e+06 -7.977197e+03 -3.486535e+06 -3.223734e+04 -3.313020e+04 -1.729749e+06 5.549617e+06 1.058397e+04 -7.698854e+03 2.770610e+06 2.917674e+04 -1.729698e+06 -2.682864e+06 2.231860e+04
-6.565657e-03 -7.447109e+06 -2.141071e+04 1.756697e+03 -3.650097e+06 2.025464e+04 -2.318959e+06 -3.658982e+06 2.074208e+04 1.817265e+03 3.653703e+06 5.736319e+06 -1.539559e+04 3.655375e+06 2.080212e+04 1.461041e+04 1.782693e+06 3.191777e+03 4.163047e+06 6.535983e+06 -1.697416e+04 -4.169053e+06 -2.482918e+04 -1.836894e+04 -2.033219e+06 6.535971e+06 1.935926e+04 -6.781797e+02 3.203513e+06 1.605526e+04 -2.033226e+06 -3.208151e+06 1.733771e+04
-6.363636e-03 -1.345338e+07 -4.465476e+04 -1.641169e+04 -6.499075e+06 1.979194e+03 -4.181195e+06 -6.676534e+06 1.674730e+04 -1.451008e+04 6.505369e+06 1.036261e+07 -3.179832e+04 6.670261e+06 1.862005e+04 2.801882e+03 3.214456e+06 -1.691864e+04 7.412295e+06 1.180728e+07 -3.641625e+04 -7.607338e+06 -2.085638e+04 -2.609688e+03 -3.666050e+06 1.180730e+07 3.900594e+04 1.410655e+04 5.703886e+06 2.320612e+03 -3.666145e+06 -5.854114e+06 1.497604e+04
-6.161616e-03 7.586252e+05 -3.414269e+04 1.181368e+03 5.013936e+05 -3.383161e+04 2.352769e+05 2.227696e+05 -5.676910e+02 4.174054e+03 -5.017195e+05 -5.843377e+05 -2.312218e+04 -2.224024e+05 2.382378e+03 -2.306769e+04 -1.808958e+05 3.145356e+03 -5.716844e+05 -6.658345e+05 -2.712186e+04 2.538022e+05 -1.128582e+03 2.882671e+04 2.063750e+05 -6.657707e+05 2.918819e+04 -2.277447e+03 -4.400307e+05 -2.714827e+04 2.062285e+05 1.952085e+05 7.233847e+02
-5.959596e-03 -3.226941e+06 -1.113825e+04 -1.223074e+04 -1.531980e+06 -1.338028e+04 -9.992515e+05 -1.637112e+06 -4.776011e+03 -1.115719e+04 1.533378e+06 2.485496e+06 -7.883295e+03 1.635730e+06 -3.716414e+03 -8.778661e+03 7.682883e+05 -1.374913e+04 1.747179e+06 2.832046e+06 -9.472335e+03 -1.865390e+06 5.261214e+03 1.166218e+04 -8.761660e+05 2.832068e+06 9.284901e+03 9.935876e+03 1.344513e+06 -1.008342e+04 -8.762198e+05 -1.435557e+06 -3.401526e+03
-5.757576e-03 -1.470399e+07 8.155729e+04 -7.268054e+04 -7.426514e+06 3.124676e+04 -4.544928e+06 -6.948306e+06 -4.011996e+04 -7.750976e+04 7.432522e+06 1.132527e+07 5.407232e+04 6.942202e+06 -4.488970e+04 2.259223e+04 3.494658e+06 -8.911423e+04 8.469013e+06 1.290461e+07 6.124373e+04 -7.917157e+06 5.198024e+04 -2.447260e+04 -3.985456e+06 1.290443e+07 -7.194533e+04 6.317274e+04 6.517611e+06 2.869015e+04 -3.985234e+06 -6.092660e+06 -3.457501e+04
-5.555556e-03 2.186104e+06 -3.714496e+04 1.355646e+04 1.189961e+06 -2.254573e+04 6.744857e+05 9.264717e+05 8.937080e+03 1.609392e+04 -1.190803e+06 -1.683757e+06 -2.505477e+04 -9.255806e+05 1.144614e+04 -1.551500e+04 -5.186581e+05 1.768954e+04 -1.356879e+06 -1.918592e+06 -2.884493e+04 1.055647e+06 -1.241218e+04 1.877175e+04 5.915255e+05 -1.918527e+06 3.230241e+04 -1.239703e+04 -1.044314e+06 -1.869247e+04 5.913978e+05 8.123208e+05 8.329627e+03
-5.353535e-03 -1.551273e+06 7.789471e+03 -1.120268e+04 -7.741086e+05 -4.506388e+03 -4.779123e+05 -7.608709e+05 -7.969385e+03 -1.133029e+04 7.746933e+05 1.194786e+06 5.166792e+03 7.602823e+05 -8.095311e+03 -2.935003e+03 3.675025e+05 -1.345760e+04 8.827379e+05 1.361414e+06 5.642151e+03 -8.669836e+05 9.773401e+03 4.277351e+03 -4.190903e+05 1.361408e+06 -7.081551e+03 9.410118e+03 6.793603e+05 -3.022116e+03 -4.190847e+05 -6.672296e+05 -6.571976e+03
-5.151515e-03 3.483072e+06 -7.115985e+04 2.992855e+04 1.927158e+06 -2.902563e+04 1.071128e+06 1.461901e+06 2.307640e+04 3.406137e+04 -1.928364e+06 -2.682614e+06 -4.809847e+04 -1.460596e+06 2.717079e+04 -2.000290e+04 -8.237452e+05 3.834139e+04 -2.197344e+06 -3.056807e+06 -5.501511e+04 1.665755e+06 -3.051977e+04 2.363302e+04 9.394344e+05 -3.056698e+06 6.224131e+04 -2.662776e+04 -1.691252e+06 -2.463109e+04 9.392206e+05 1.281849e+06 2.059348e+04
-4.949495e-03 -2.739701e+06 4.625725e+04 -2.623506e+04 -1.479456e+06 7.141521e+03 -8.412908e+05 -1.226915e+06 -2.098048e+04 -2.838777e+04 1.480362e+06 2.110046e+06 3.124380e+04 1.225951e+06 -2.311480e+04 5.056542e+03 6.470085e+05 -3.275928e+04 1.686866e+06 2.404382e+06 3.542373e+04 -1.398027e+06 2.676805e+04 -5.029262e+03 -7.378378e+05 2.404317e+06 -4.077310e+04 2.270643e+04 1.298343e+06 6.998890e+03 -7.377271e+05 -1.075900e+06 -1.808391e+04
-4.747475e-03 -4.486900e+06 1.007301e+05 -4.824786e+04 -2.512889e+06 2.093924e+04 -1.375670e+06 -1.919942e+06 -4.000035e+04 -5.307948e+04 2.514267e+06 3.455645e+06 6.816756e+04 1.918422e+06 -4.479567e+04 1.454694e+04 1.058044e+06 -6.084788e+04 2.865026e+06 3.937726e+06 7.752231e+04 -2.187710e+06 5.144519e+04 -1.591902e+04 -1.206576e+06 3.937586e+06 -8.855319e+04 4.206108e+04 2.205242e+06 1.903107e+04 -1.206323e+06 -1.683614e+06 -3.479882e+04
-4.545455e-03 -1.297586e+06 2.819405e+04 -1.516179e+04 -7.249246e+05 1.574560e+03 -3.972866e+05 -5.769618e+05 -1.284234e+04 -1.631409e+04 7.253018e+05 9.993412e+05 1.908361e+04 5.765476e+05 -1.398677e+04 1.155167e+03 3.055672e+05 -1.891367e+04 8.264923e+05 1.138758e+06 2.160996e+04 -6.574378e+05 1.627135e+04 -7.017401e+02 -3.484528e+05 1.138724e+06 -2.487837e+04 1.305631e+04 6.361697e+05 1.995828e+03 -3.483916e+05 -5.059736e+05 -1.101463e+04
-4.343434e-03 -8.392902e+05 1.924053e+04 -1.059542e+04 -4.743192e+05 -6.288766e+02 -2.566205e+05 -3.798297e+05 -9.141733e+03 -1.129712e+04 4.745472e+05 6.463748e+05 1.303037e+04 3.795770e+05 -9.839151e+03 -3.762174e+02 1.973832e+05 -1.316310e+04 5.407581e+05 7.365538e+05 1.472818e+04 -4.328135e+05 1.150805e+04 9.992249e+02 -2.250804e+05 7.365330e+05 -1.700505e+04 9.074952e+03 4.162434e+05 1.828605e+01 -2.250428e+05 -3.331106e+05 -7.795260e+03
-4.141414e-03 -6.121439e+05 1.503549e+04 -8.281361e+03 -3.515882e+05 -1.540558e+03 -1.869251e+05 -2.816228e+05 -7.254165e+03 -8.775747e+03 3.517425e+05 4.714338e+05 1.018815e+04 2.814495e+05 -7.745886e+03 -1.012435e+03 1.437812e+05 -1.026098e+04 4.008225e+05 5.372089e+05 1.150287e+04 -3.209104e+05 9.092201e+03 1.686494e+03 -1.639537e+05 5.371941e+05 -1.330138e+04 7.066531e+03 3.085372e+05 -8.193891e+02 -1.639269e+05 -2.469933e+05 -6.162133e+03
-3.939394e-03 -4.725131e+05 1.251506e+04 -6.800745e+03 -2.768639e+05 -2.008887e+03 -1.441078e+05 -2.212640e+05 -6.032367e+03 -7.173708e+03 2.769734e+05 3.638951e+05 8.484603e+03 2.211388e+05 -6.403572e+03 -1.340735e+03 1.108504e+05 -8.410150e+03 3.156233e+05 4.146685e+05 9.573118e+03 -2.521336e+05 7.536400e+03 2.028279e+03 -1.264004e+05 4.146572e+05 -1.107806e+04 5.786667e+03 2.429607e+05 -1.262637e+03 -1.263800e+05 -1.940643e+05 -5.109994e+03
-3.737374e-03 -3.774573e+05 1.081890e+04 -5.743225e+03 -2.264703e+05 -2.272136e+03 -1.149811e+05 -1.803277e+05 -5.148107e+03 -6.036309e+03 2.265499e+05 2.906869e+05 7.338068e+03 1.802346e+05 -5.439999e+03 -1.526287e+03 8.844857e+04 -7.091745e+03 2.581656e+05 3.312475e+05 8.276480e+03 -2.054880e+05 6.415447e+03 2.211850e+03 -1.008544e+05 3.312385e+05 -9.579698e+03 4.875816e+03 1.987364e+05 -1.521480e+03 -1.008382e+05 -1.581668e+05 -4.351586e+03
-3.535354e-03 -3.086095e+05 9.596252e+03 -4.936617e+03 -1.903469e+05 -2.426056e+03 -9.390281e+04 -1.508811e+05 -4.464561e+03 -5.173306e+03 1.904054e+05 2.376635e+05 6.511472e+03 1.508108e+05 -4.700432e+03 -1.635564e+03 7.223656e+04 -6.088426e+03 2.169788e+05 2.708270e+05 7.343102e+03 -1.719344e+05 5.552329e+03 2.312196e+03 -8.236716e+04 2.708197e+05 -8.498190e+03 4.183302e+03 1.670354e+05 -1.680700e+03 -8.235397e+04 -1.323444e+05 -3.767350e+03
-3.333333e-03 -2.565611e+05 8.673840e+03 -4.293448e+03 -1.633677e+05 -2.516726e+03 -7.798244e+04 -1.288416e+05 -3.912421e+03 -4.488339e+03 1.634107e+05 1.975786e+05 5.887738e+03 1.287880e+05 -4.106752e+03 -1.700597e+03 5.999135e+04 -5.289964e+03 1.862182e+05 2.251497e+05 6.639787e+03 -1.468209e+05 4.857538e+03 2.365223e+03 -6.840364e+04 2.251436e+05 -7.681261e+03 3.632690e+03 1.433592e+05 -1.781323e+03 -6.839269e+04 -1.130173e+05 -3.296838e+03
-3.131313e-03 -2.159273e+05 7.955167e+03 -3.763646e+03 -1.426129e+05 -2.568898e+03 -6.556568e+04 -1.118657e+05 -3.452018e+03 -3.926417e+03 1.426442e+05 1.662849e+05 5.401671e+03 1.118247e+05 -3.614412e+03 -1.738619e+03 5.044069e+04 -4.633361e+03 1.625545e+05 1.894900e+05 6.092416e+03 -1.274771e+05 4.279941e+03 2.390098e+03 -5.751293e+04 1.894848e+05 -7.044058e+03 3.180296e+03 1.251454e+05 -1.845539e+03 -5.750371e+04 -9.813048e+04 -2.905520e+03
-2.929293e-03 -1.833836e+05 7.381851e+03 -3.316087e+03 -1.262879e+05 -2.596896e+03 -5.563127e+04 -9.850437e+04 -3.058642e+03 -3.453466e+03 1.263101e+05 1.412219e+05 5.013834e+03 9.847318e+04 -3.195773e+03 -1.759617e+03 4.279917e+04 -4.079521e+03 1.439416e+05 1.609301e+05 5.656183e+03 -1.122521e+05 3.787753e+03 2.397827e+03 -4.879936e+04 1.609258e+05 -6.535214e+03 2.799013e+03 1.108190e+05 -1.886291e+03 -4.879153e+04 -8.641329e+04 -2.571930e+03
-2.727273e-03 -1.567600e+05 6.916364e+03 -2.930216e+03 -1.132267e+05 -2.609468e+03 -4.751270e+04 -8.781194e+04 -2.715906e+03 -3.047046e+03 1.132418e+05 1.207183e+05 4.698876e+03 8.778846e+04 -2.832582e+03 -1.769700e+03 3.655419e+04 -3.602656e+03 1.290501e+05 1.375657e+05 5.302307e+03 -1.000682e+05 3.359946e+03 2.395072e+03 -4.167837e+04 1.375620e+05 -6.121687e+03 2.470969e+03 9.935699e+04 -1.911553e+03 -4.167166e+04 -7.703652e+04 -2.281863e+03
-2.525253e-03 -1.345775e+05 6.533432e+03 -2.591800e+03 -1.026395e+05 -2.612171e+03 -4.075584e+04 -7.914529e+04 -2.412411e+03 -2.691666e+03 1.026489e+05 1.036352e+05 4.439725e+03 7.912796e+04 -2.512190e+03 -1.772755e+03 3.135651e+04 -3.184938e+03 1.169793e+05 1.180989e+05 5.011421e+03 -9.019264e+04 2.981919e+03 2.386019e+03 -3.575167e+04 1.180957e+05 -5.781213e+03 2.183811e+03 9.006604e+04 -1.926448e+03 -3.574590e+04 -6.943618e+04 -2.025458e+03
-2.323232e-03 -1.157928e+05 6.215408e+03 -2.290607e+03 -9.397290e+04 -2.608649e+03 -3.504037e+04 -7.205264e+04 -2.139907e+03 -2.376221e+03 9.397775e+04 8.916884e+04 4.224460e+03 7.204025e+04 -2.225482e+03 -1.771335e+03 2.695977e+04 -2.813566e+03 1.070983e+05 1.016140e+05 4.770010e+03 -8.211060e+04 2.643134e+03 2.373379e+03 -3.073832e+04 1.016112e+05 -5.498232e+03 1.928672e+03 8.246054e+04 -1.934369e+03 -3.073335e+04 -6.321613e+04 -1.795593e+03
-2.121212e-03 -9.964789e+04 5.949602e+03 -2.019042e+03 -8.682890e+04 -2.601350e+03 -3.013368e+04 -6.620832e+04 -1.892235e+03 -2.092492e+03 8.683006e+04 7.673563e+04 4.044511e+03 6.619996e+04 -1.965680e+03 -1.767159e+03 2.318508e+04 -2.479049e+03 9.895336e+04 8.744577e+04 4.568366e+03 -7.545101e+04 2.335735e+03 2.358949e+03 -2.643434e+04 8.744337e+04 -5.261554e+03 1.698983e+03 7.619126e+04 -1.937628e+03 -2.643005e+04 -5.809080e+04 -1.586961e+03
-1.919192e-03 -8.557841e+04 5.726682e+03 -1.771316e+03 -8.091513e+04 -2.591950e+03 -2.586261e+04 -6.137266e+04 -1.664663e+03 -1.834231e+03 8.091329e+04 6.590080e+04 3.893570e+03 6.136757e+04 -1.727595e+03 -1.761406e+03 1.989925e+04 -2.174162e+03 9.221104e+04 7.509893e+04 4.399349e+03 -6.994077e+04 2.053703e+03 2.343935e+03 -2.268783e+04 7.509685e+04 -5.062940e+03 1.489746e+03 7.100158e+04 -1.937829e+03 -2.268413e+04 -5.385001e+04 -1.395493e+03
-1.717172e-03 -7.315441e+04 5.539652e+03 -1.542906e+03 -7.601310e+04 -2.581613e+03 -2.209530e+04 -5.736631e+04 -1.453468e+03 -1.596568e+03 7.600881e+04 5.633324e+04 3.766913e+03 5.736391e+04 -1.507161e+03 -1.754897e+03 1.700089e+04 -1.893266e+03 8.662224e+04 6.419614e+04 4.257615e+03 -6.537552e+04 1.792312e+03 2.329165e+03 -1.938315e+04 6.419436e+04 -4.896212e+03 1.297060e+03 6.669978e+04 -1.936105e+03 -1.937999e+04 -5.033649e+04 -1.217992e+03
-1.515152e-03 -6.204152e+04 5.383199e+03 -1.330201e+03 -7.195745e+04 -2.571158e+03 -1.872926e+04 -5.405340e+04 -1.255654e+03 -1.375625e+03 7.195116e+04 4.777544e+04 3.660949e+03 5.405318e+04 -1.301117e+03 -1.748211e+03 1.441116e+04 -1.631862e+03 8.199842e+04 5.444398e+04 4.139103e+03 -6.160044e+04 1.547765e+03 2.315205e+03 -1.643041e+04 5.444247e+04 -4.756675e+03 1.117817e+03 6.314072e+04 -1.933265e+03 -1.642773e+04 -4.743108e+04 -1.051892e+03
-1.313131e-03 -5.197446e+04 5.253248e+03 -1.130253e+03 -6.862189e+04 -2.561167e+03 -1.568319e+04 -5.133007e+04 -1.068759e+03 -1.168247e+03 6.861399e+04 4.002307e+04 3.572924e+03 5.133163e+04 -1.106795e+03 -1.741759e+03 1.206753e+04 -1.386284e+03 7.819559e+04 4.560963e+04 4.040703e+03 -5.849718e+04 1.316949e+03 2.302450e+03 -1.375832e+04 4.560836e+04 -4.640726e+03 9.494850e+02 6.021359e+04 -1.929896e+03 -1.375606e+04 -4.504272e+04 -8.950873e+02
-1.111111e-03 -4.273845e+04 5.146660e+03 -9.406102e+02 -6.590961e+04 -2.552053e+03 -1.289131e+04 -4.911664e+04 -8.907183e+02 -9.718117e+02 6.590040e+04 3.291075e+04 3.500718e+03 4.911964e+04 -9.219610e+02 -1.735836e+03 9.919408e+03 -1.153484e+03 7.510337e+04 3.750461e+04 3.960020e+03 -5.597496e+04 1.097257e+03 2.291173e+03 -1.130916e+04 3.750357e+04 -4.545588e+03 7.899595e+02 5.783342e+04 -1.926421e+03 -1.130731e+04 -4.310154e+04 -7.458131e+02
-9.090909e-04 -3.415595e+04 5.061021e+03 -7.591869e+02 -6.374646e+04 -2.544111e+03 -1.029926e+04 -4.735209e+04 -7.197633e+02 -7.840964e+02 6.373622e+04 2.630171e+04 3.442698e+03 4.735622e+04 -7.447100e+02 -1.730651e+03 7.924990e+03 -9.308720e+02 7.263721e+04 2.997309e+04 3.895211e+03 -5.396424e+04 8.864597e+02 2.281563e+03 -9.035279e+03 2.997226e+04 -4.469126e+03 6.374535e+02 5.593515e+04 -1.923151e+03 -9.033792e+03 -4.155402e+04 -6.025617e+02
-7.070707e-04 -2.607679e+04 4.994492e+03 -5.841712e+02 -6.207626e+04 -2.537552e+03 -7.861090e+03 -4.599014e+04 -5.543471e+02 -6.031730e+02 6.206523e+04 2.008033e+04 3.397623e+03 4.599514e+04 -5.733800e+02 -1.726356e+03 6.048934e+03 -7.161990e+02 7.073305e+04 2.288332e+04 3.844876e+03 -5.241227e+04 6.826120e+02 2.273752e+03 -6.896364e+03 2.288268e+04 -4.409713e+03 4.904167e+02 5.446946e+04 -1.920309e+03 -6.895228e+03 -4.035957e+04 -4.640159e+02
-5.050505e-04 -1.837084e+04 4.945709e+03 -4.139527e+02 -6.085736e+04 -2.532521e+03 -5.536998e+03 -4.499648e+04 -3.930869e+02 -4.273312e+02 6.084576e+04 1.414637e+04 3.364568e+03 4.500212e+04 -4.064887e+02 -1.723055e+03 4.260621e+03 -5.074685e+02 6.934342e+04 1.612106e+04 3.807973e+03 -5.127999e+04 4.839759e+02 2.267828e+03 -4.857504e+03 1.612061e+04 -4.366139e+03 3.474726e+02 5.339982e+04 -1.918054e+03 -4.856702e+03 -3.948812e+04 -3.289991e+02
-3.030303e-04 -1.092213e+04 4.913701e+03 -2.470652e+02 -6.006035e+04 -2.529117e+03 -3.291525e+03 -4.434689e+04 -2.347172e+02 -2.550160e+02 6.004839e+04 8.410521e+03 3.342880e+03 4.435294e+04 -2.426824e+02 -1.720818e+03 2.532780e+03 -3.028633e+02 6.843477e+04 9.584547e+03 3.783762e+03 -5.053977e+04 2.889632e+02 2.263850e+03 -2.887599e+03 9.584279e+03 -4.337545e+03 2.073696e+02 5.270041e+04 -1.916495e+03 -2.887122e+03 -3.891842e+04 -1.964362e+02
-1.010101e-04 -3.624159e+03 4.897849e+03 -8.213913e+01 -5.966643e+04 -2.527400e+03 -1.092117e+03 -4.402588e+04 -7.805138e+01 -8.477682e+01 5.965428e+04 2.790759e+03 3.332138e+03 4.403212e+04 -8.069394e+01 -1.719689e+03 8.403693e+02 -1.006870e+02 6.798568e+04 3.180323e+03 3.771773e+03 -5.017397e+04 9.608587e+01 2.261853e+03 -9.580965e+02 3.180234e+03 -4.323382e+03 6.893909e+01 5.235472e+04 -1.915699e+03 -9.579382e+02 -3.863688e+04 -6.531945e+01
1.010101e-04 3.624159e+03 4.897849e+03 8.213913e+01 -5.966643e+04 -2.527400e+03 1.092117e+03 -4.402588e+04 7.805138e+01 8.477682e+01 5.965428e+04 -2.790759e+03 3.332138e+03 4.403212e+04 8.069394e+01 -1.719689e+03 -8.403693e+02 1.006870e+02 6.798568e+04 -3.180323e+03 3.771773e+03 -5.017397e+04 -9.608587e+01 2.261853e+03 9.580965e+02 -3.180234e+03 -4.323382e+03 -6.893909e+01 5.235472e+04 -1.915699e+03 9.579382e+02 -3.863688e+04 6.531945e+01
3.030303e-04 1.092213e+04 4.913701e+03 2.470652e+02 -6.006035e+04 -2.529117e+03 3.291525e+03 -4.434689e+04 2.347172e+02 2.550160e+02 6.004839e+04 -8.410521e+03 3.342880e+03 4.435294e+04 2.426824e+02 -1.720818e+03 -2.532780e+03 3.028633e+02 6.843477e+04 -9.584547e+03 3.783762e+03 -5.053977e+04 -2.889632e+02 2.263850e+03 2.887599e+03 -9.584279e+03 -4.337545e+03 -2.073696e+02 5.270041e+04 -1.916495e+03 2.887122e+03 -3.891842e+04 1.964362e+02
5.050505e-04 1.837084e+04 4.945709e+03 4.139527e+02 -6.085736e+04 -2.532521e+03 5.536998e+03 -4.499648e+04 3.930869e+02 4.273312e+02 6.084576e+04 -1.414637e+04 3.364568e+03 4.500212e+04 4.064887e+02 -1.723055e+03 -4.260621e+03 5.074685e+02 6.934342e+04 -1.612106e+04 3.807973e+03 -5.127999e+04 -4.839759e+02 2.267828e+03 4.857504e+03 -1.612061e+04 -4.366139e+03 -3.474726e+02 5.339982e+04 -1.918054e+03 4.856702e+03 -3.948812e+04 3.289991e+02
7.070707e-04 2.607679e+04 4.994492e+03 5.841712e+02 -6.207626e+04 -2.537552e+03 7.861090e+03 -4.599014e+04 5.543471e+02 6.031730e+02 6.206523e+04 -2.008033e+04 3.397623e+03 4.599514e+04 5.733800e+02 -1.726356e+03 -6.048934e+03 7.161990e+02 7.073305e+04 -2.288332e+04 3.844876e+03 -5.241227e+04 -6.826120e+02 2.273752e+03 6.896364e+03 -2.288268e+04 -4.409713e+03 -4.904167e+02 5.446946e+04 -1.920309e+03 6.895228e+03 -4.035957e+04 4.640159e+02
9.090909e-04 3.415595e+04 5.061021e+03 7.591869e+02 -6.374646e+04 -2.544111e+03 1.029926e+04 -4.735209e+04 7.197633e+02 7.840964e+02 6.373622e+04 -2.630171e+04 3.442698e+03 4.735622e+04 7.447100e+02 -1.730651e+03 -7.924990e+03 9.308720e+02 7.263721e+04 -2.997309e+04 3.895211e+03 -5.396424e+04 -8.864597e+02 2.281563e+03 9.035279e+03 -2.997226e+04 -4.469126e+03 -6.374535e+02 5.593515e+04 -1.923151e+03 9.033792e+03 -4.155402e+04 6.025617e+02
1.111111e-03 4.273845e+04 5.146660e+03 9.406102e+02 -6.590961e+04 -2.552053e+03 1.289131e+04 -4.911664e+04 8.907183e+02 9.718117e+02 6.590040e+04 -3.291075e+04 3.500718e+03 4.911964e+04 9.219610e+02 -1.735836e+03 -9.919408e+03 1.153484e+03 7.510337e+04 -3.750461e+04 3.960020e+03 -5.597496e+04 -1.097257e+03 2.291173e+03 1.130916e+04 -3.750357e+04 -4.545588e+03 -7.899595e+02 5.783342e+04 -1.926421e+03 1.130731e+04 -4.310154e+04 7.458131e+02
1.313131e-03 5.197446e+04 5.253248e+03 1.130253e+03 -6.862189e+04 -2.561167e+03 1.568319e+04 -5.133007e+04 1.068759e+03 1.168247e+03 6.861399e+04 -4.002307e+04 3.572924e+03 5.133163e+04 1.106795e+03 -1.741759e+03 -1.206753e+04 1.386284e+03 7.819559e+04 -4.560963e+04 4.040703e+03 -5.849718e+04 -1.316949e+03 2.302450e+03 1.375832e+04 -4.560836e+04 -4.640726e+03 -9.494850e+02 6.021359e+04 -1.929896e+03 1.375606e+04 -4.504272e+04 8.950873e+02
1.515152e-03 6.204152e+04 5.383199e+03 1.330201e+03 -7.195745e+04 -2.571158e+03 1.872926e+04 -5.405340e+04 1.255654e+03 1.375625e+03 7.195116e+04 -4.777544e+04 3.660949e+03 5.405318e+04 1.301117e+03 -1.748211e+03 -1.441116e+04 1.631862e+03 8.199842e+04 -5.444398e+04 4.139103e+03 -6.160044e+04 -1.547765e+03 2.315205e+03 1.643041e+04 -5.444247e+04 -4.756675e+03 -1.117817e+03 6.314072e+04 -1.933265e+03 1.642773e+04 -4.743108e+04 1.051892e+03
1.717172e-03 7.315441e+04 5.539652e+03 1.542906e+03 -7.601310e+04 -2.581613e+03 2.209530e+04 -5.736631e+04 1.453468e+03 1.596568e+03 7.600881e+04 -5.633324e+04 3.766913e+03 5.736391e+04 1.507161e+03 -1.754897e+03 -1.700089e+04 1.893266e+03 8.662224e+04 -6.419614e+04 4.257615e+03 -6.537552e+04 -1.792312e+03 2.329165e+03 1.938315e+04 -6.419436e+04 -4.896212e+03 -1.297060e+03 6.669978e+04 -1.936105e+03 1.937999e+04 -5.033649e+04 1.217992e+03
1.919192e-03 8.557841e+04 5.726682e+03 1.771316e+03 -8.091513e+04 -2.591950e+03 2.586261e+04 -6.137266e+04 1.664663e+03 1.834231e+03 8.091329e+04 -6.590080e+04 3.893570e+03 6.136757e+04 1.727595e+03 -1.761406e+03 -1.989925e+04 2.174162e+03 9.221104e+04 -7.509893e+04 4.399349e+03 -6.994077e+04 -2.053703e+03 2.343935e+03 2.268783e+04 -7.509685e+04 -5.062940e+03 -1.489746e+03 7.100158e+04 -1.937829e+03 2.268413e+04 -5.385001e+04 1.395493e+03
2.121212e-03 9.964789e+04 5.949602e+03 2.019042e+03 -8.682890e+04 -2.601350e+03 3.013368e+04 -6.620832e+04 1.892235e+03 2.092492e+03 8.683006e+04 -7.673563e+04 4.044511e+03 6.619996e+04 1.965680e+03 -1.767159e+03 -2.318508e+04 2.479049e+03 9.895336e+04 -8.744577e+04 4.568366e+03 -7.545101e+04 -2.335735e+03 2.358949e+03 2.643434e+04 -8.744337e+04 -5.261554e+03 -1.698983e+03 7.619126e+04 -1.937628e+03 2.643005e+04 -5.809080e+04 1.586961e+03
2.323232e-03 1.157928e+05 6.215408e+03 2.290607e+03 -9.397290e+04 -2.608649e+03 3.504037e+04 -7.205264e+04 2.139907e+03 2.376221e+03 9.397775e+04 -8.916884e+04 4.224460e+03 7.204025e+04 2.225482e+03 -1.771335e+03 -2.695977e+04 2.813566e+03 1.070983e+05 -1.016140e+05 4.770010e+03 -8.211060e+04 -2.643134e+03 2.373379e+03 3.073832e+04 -1.016112e+05 -5.498232e+03 -1.928672e+03 8.246054e+04 -1.934369e+03 3.073335e+04 -6.321613e+04 1.795593e+03
2.525253e-03 1.345775e+05 6.533432e+03 2.591800e+03 -1.026395e+05 -2.612171e+03 4.075584e+04 -7.914529e+04 2.412411e+03 2.691666e+03 1.026489e+05 -1.036352e+05 4.439725e+03 7.912796e+04 2.512190e+03 -1.772755e+03 -3.135651e+04 3.184938e+03 1.169793e+05 -1.180989e+05 5.011421e+03 -9.019264e+04 -2.981919e+03 2.386019e+03 3.575167e+04 -1.180957e+05 -5.781213e+03 -2.183811e+03 9.006604e+04 -1.926448e+03 3.574590e+04 -6.943618e+04 2.025458e+03
2.727273e-03 1.567600e+05 6.916364e+03 2.930216e+03 -1.132267e+05 -2.609468e+03 4.751270e+04 -8.781194e+04 2.715906e+03 3.047046e+03 1.132418e+05 -1.207183e+05 4.698876e+03 8.778846e+04 2.832582e+03 -1.769700e+03 -3.655419e+04 3.602656e+03 1.290501e+05 -1.375657e+05 5.302307e+03 -1.000682e+05 -3.359946e+03 2.395072e+03 4.167837e+04 -1.375620e+05 -6.121687e+03 -2.470969e+03 9.935699e+04 -1.911553e+03 4.167166e+04 -7.703652e+04 2.281863e+03
2.929293e-03 1.833836e+05 7.381851e+03 3.316087e+03 -1.262879e+05 -2.596896e+03 5.563127e+04 -9.850437e+04 3.058642e+03 3.453466e+03 1.263101e+05 -1.412219e+05 5.013834e+03 9.847318e+04 3.195773e+03 -1.759617e+03 -4.279917e+04 4.079521e+03 1.439416e+05 -1.609301e+05 5.656183e+03 -1.122521e+05 -3.787753e+03 2.397827e+03 4.879936e+04 -1.609258e+05 -6.535214e+03 -2.799013e+03 1.108190e+05 -1.886291e+03 4.879153e+04 -8.641329e+04 2.571930e+03
3.131313e-03 2.159273e+05 7.955167e+03 3.763646e+03 -1.426129e+05 -2.568898e+03 6.556568e+04 -1.118657e+05 3.452018e+03 3.926417e+03 1.426442e+05 -1.662849e+05 5.401671e+03 1.118247e+05 3.614412e+03 -1.738619e+03 -5.044069e+04 4.633361e+03 1.625545e+05 -1.894900e+05 6.092416e+03 -1.274771e+05 -4.279941e+03 2.390098e+03 5.751293e+04 -1.894848e+05 -7.044058e+03 -3.180296e+03 1.251454e+05 -1.845539e+03 5.750371e+04 -9.813048e+04 2.905520e+03
3.333333e-03 2.565611e+05 8.673840e+03 4.293448e+03 -1.633677e+05 -2.516726e+03 7.798244e+04 -1.288416e+05 3.912421e+03 4.488339e+03 1.634107e+05 -1.975786e+05 5.887738e+03 1.287880e+05 4.106752e+03 -1.700597e+03 -5.999135e+04 5.289964e+03 1.862182e+05 -2.251497e+05 6.639787e+03 -1.468209e+05 -4.857538e+03 2.365223e+03 6.840364e+04 -2.251436e+05 -7.681261e+03 -3.632690e+03 1.433592e+05 -1.781323e+03 6.839269e+04 -1.130173e+05 3.296838e+03
3.535354e-03 3.086095e+05 9.596252e+03 4.936617e+03 -1.903469e+05 -2.426056e+03 9.390281e+04 -1.508811e+05 4.464561e+03 5.173306e+03 1.904054e+05 -2.376635e+05 6.511472e+03 1.508108e+05 4.700432e+03 -1.635564e+03 -7.223656e+04 6.088426e+03 2.169788e+05 -2.708270e+05 7.343102e+03 -1.719344e+05 -5.552329e+03 2.312196e+03 8.236716e+04 -2.708197e+05 -8.498190e+03 -4.183302e+03 1.670354e+05 -1.680700e+03 8.235397e+04 -1.323444e+05 3.767350e+03
3.737374e-03 3.774573e+05 1.081890e+04 5.743225e+03 -2.264703e+05 -2.272136e+03 1.149811e+05 -1.803277e+05 5.148107e+03 6.036309e+03 2.265499e+05 -2.906869e+05 7.338068e+03 1.802346e+05 5.439999e+03 -1.526287e+03 -8.844857e+04 7.091745e+03 2.581656e+05 -3.312475e+05 8.276480e+03 -2.054880e+05 -6.415447e+03 2.211850e+03 1.008544e+05 -3.312385e+05 -9.579698e+03 -4.875816e+03 1.987364e+05 -1.521480e+03 1.008382e+05 -1.581668e+05 4.351586e+03
3.939394e-03 4.725131e+05 1.251506e+04 6.800745e+03 -2.768639e+05 -2.008887e+03 1.441078e+05 -2.212640e+05 6.032367e+03 7.173708e+03 2.769734e+05 -3.638951e+05 8.484603e+03 2.211388e+05 6.403572e+03 -1.340735e+03 -1.108504e+05 8.410150e+03 3.156233e+05 -4.146685e+05 9.573118e+03 -2.521336e+05 -7.536400e+03 2.028279e+03 1.264004e+05 -4.146572e+05 -1.107806e+04 -5.786667e+03 2.429607e+05 -1.262637e+03 1.263800e+05 -1.940643e+05 5.109994e+03
4.141414e-03 6.121439e+05 1.503549e+04 8.281361e+03 -3.515882e+05 -1.540558e+03 1.869251e+05 -2.816228e+05 7.254165e+03 8.775747e+03 3.517425e+05 -4.714338e+05 1.018815e+04 2.814495e+05 7.745886e+03 -1.012435e+03 -1.437812e+05 1.026098e+04 4.008225e+05 -5.372089e+05 1.150287e+04 -3.209104e+05 -9.092201e+03 1.686494e+03 1.639537e+05 -5.371941e+05 -1.330138e+04 -7.066531e+03 3.085372e+05 -8.193891e+02 1.639269e+05 -2.469933e+05 6.162133e+03
4.343434e-03 8.392902e+05 1.924053e+04 1.059542e+04 -4.743192e+05 -6.288766e+02 2.566205e+05 -3.798297e+05 9.141733e+03 1.129712e+04 4.745472e+05 -6.463748e+05 1.303037e+04 3.795770e+05 9.839151e+03 -3.762174e+02 -1.973832e+05 1.316310e+04 5.407581e+05 -7.365538e+05 1.472818e+04 -4.328135e+05 -1.150805e+04 9.992249e+02 2.250804e+05 -7.365330e+05 -1.700505e+04 -9.074952e+03 4.162434e+05 1.828605e+01 2.250428e+05 -3.331106e+05 7.795260e+03
4.545455e-03 1.297586e+06 2.819405e+04 1.516179e+04 -7.249246e+05 1.574560e+03 3.972866e+05 -5.769618e+05 1.284234e+04 1.631409e+04 7.253018e+05 -9.993412e+05 1.908361e+04 5.765476e+05 1.398677e+04 1.155167e+03 -3.055672e+05 1.891367e+04 8.264923e+05 -1.138758e+06 2.160996e+04 -6.574378e+05 -1.627135e+04 -7.017401e+02 3.484528e+05 -1.138724e+06 -2.487837e+04 -1.305631e+04 6.361697e+05 1.995828e+03 3.483916e+05 -5.059736e+05 1.101463e+04
4.747475e-03 4.486900e+06 1.007301e+05 4.824786e+04 -2.512889e+06 2.093924e+04 1.375670e+06 -1.919942e+06 4.000035e+04 5.307948e+04 2.514267e+06 -3.455645e+06 6.816756e+04 1.918422e+06 4.479567e+04 1.454694e+04 -1.058044e+06 6.084788e+04 2.865026e+06 -3.937726e+06 7.752231e+04 -2.187710e+06 -5.144519e+04 -1.591902e+04 1.206576e+06 -3.937586e+06 -8.855319e+04 -4.206108e+04 2.205242e+06 1.903107e+04 1.206323e+06 -1.683614e+06 3.479882e+04
4.949495e-03 2.739701e+06 4.625725e+04 2.623506e+04 -1.479456e+06 7.141521e+03 8.412908e+05 -1.226915e+06 2.098048e+04 2.838777e+04 1.480362e+06 -2.110046e+06 3.124380e+04 1.225951e+06 2.311480e+04 5.056542e+03 -6.470085e+05 3.275928e+04 1.686866e+06 -2.404382e+06 3.542373e+04 -1.398027e+06 -2.676805e+04 -5.029262e+03 7.378378e+05 -2.404317e+06 -4.077310e+04 -2.270643e+04 1.298343e+06 6.998890e+03 7.377271e+05 -1.075900e+06 1.808391e+04
5.151515e-03 -3.483072e+06 -7.115985e+04 -2.992855e+04 1.927158e+06 -2.902563e+04 -1.071128e+06 1.461901e+06 -2.307640e+04 -3.406137e+04 -1.928364e+06 2.682614e+06 -4.809847e+04 -1.460596e+06 -2.717079e+04 -2.000290e+04 8.237452e+05 -3.834139e+04 -2.197344e+06 3.056807e+06 -5.501511e+04 1.665755e+06 3.051977e+04 2.363302e+04 -9.394344e+05 3.056698e+06 6.224131e+04 2.662776e+04 -1.691252e+06 -2.463109e+04 -9.392206e+05 1.281849e+06 -2.059348e+04
5.353535e-03 1.551273e+06 7.789471e+03 1.120268e+04 -7.741086e+05 -4.506388e+03 4.779123e+05 -7.608709e+05 7.969385e+03 1.133029e+04 7.746933e+05 -1.194786e+06 5.166792e+03 7.602823e+05 8.095311e+03 -2.935003e+03 -3.675025e+05 1.345760e+04 8.827379e+05 -1.361414e+06 5.642151e+03 -8.669836e+05 -9.773401e+03 4.277351e+03 4.190903e+05 -1.361408e+06 -7.081551e+03 -9.410118e+03 6.793603e+05 -3.022116e+03 4.190847e+05 -6.672296e+05 6.571976e+03
5.555556e-03 -2.186104e+06 -3.714496e+04 -1.355646e+04 1.189961e+06 -2.254573e+04 -6.744857e+05 9.264717e+05 -8.937080e+03 -1.609392e+04 -1.190803e+06 1.683757e+06 -2.505477e+04 -9.255806e+05 -1.144614e+04 -1.551500e+04 5.186581e+05 -1.768954e+04 -1.356879e+06 1.918592e+06 -2.884493e+04 1.055647e+06 1.241218e+04 1.877175e+04 -5.915255e+05 1.918527e+06 3.230241e+04 1.239703e+04 -1.044314e+06 -1.869247e+04 -5.913978e+05 8.123208e+05 -8.329627e+03
5.757576e-03 1.470399e+07 8.155729e+04 7.268054e+04 -7.426514e+06 3.124676e+04 4.544928e+06 -6.948306e+06 4.011996e+04 7.750976e+04 7.432522e+06 -1.132527e+07 5.407232e+04 6.942202e+06 4.488970e+04 2.259223e+04 -3.494658e+06 8.911423e+04 8.469013e+06 -1.290461e+07 6.124373e+04 -7.917157e+06 -5.198024e+04 -2.447260e+04 3.985456e+06 -1.290443e+07 -7.194533e+04 -6.317274e+04 6.517611e+06 2.869015e+04 3.985234e+06 -6.092660e+06 3.457501e+04
5.959596e-03 3.226941e+06 -1.113825e+04 1.223074e+04 -1.531980e+06 -1.338028e+04 9.992515e+05 -1.637112e+06 4.776011e+03 1.115719e+04 1.533378e+06 -2.485496e+06 -7.883295e+03 1.635730e+06 3.716414e+03 -8.778661e+03 -7.682883e+05 1.374913e+04 1.747179e+06 -2.832046e+06 -9.472335e+03 -1.865390e+06 -5.261214e+03 1.166218e+04 8.761660e+05 -2.832068e+06 9.284901e+03 -9.935876e+03 1.344513e+06 -1.008342e+04 8.762198e+05 -1.435557e+06 3.401526e+03
6.161616e-03 -7.586252e+05 -3.414269e+04 -1.181368e+03 5.013936e+05 -3.383161e+04 -2.352769e+05 2.227696e+05 5.676910e+02 -4.174054e+03 -5.017195e+05 5.843377e+05 -2.312218e+04 -2.224024e+05 -2.382378e+03 -2.306769e+04 1.808958e+05 -3.145356e+03 -5.716844e+05 6.658345e+05 -2.712186e+04 2.538022e+05 1.128582e+03 2.882671e+04 -2.063750e+05 6.657707e+05 2.918819e+04 2.277447e+03 -4.400307e+05 -2.714827e+04 -2.062285e+05 1.952085e+05 -7.233847e+02
6.363636e-03 1.345338e+07 -4.465476e+04 1.641169e+04 -6.499075e+06 1.979194e+03 4.181195e+06 -6.676534e+06 -1.674730e+04 1.451008e+04 6.505369e+06 -1.036261e+07 -3.179832e+04 6.670261e+06 -1.862005e+04 2.801882e+03 -3.214456e+06 1.691864e+04 7.412295e+06 -1.180728e+07 -3.641625e+04 -7.607338e+06 2.085638e+04 -2.609688e+03 3.666050e+06 -1.180730e+07 3.900594e+04 -1.410655e+04 5.703886e+06 2.320612e+03 3.666145e+06 -5.854114e+06 -1.497604e+04
6.565657e-03 7.447109e+06 -2.141071e+04 -1.756697e+03 -3.650097e+06 2.025464e+04 2.318959e+06 -3.658982e+06 -2.074208e+04 -1.817265e+03 3.653703e+06 -5.736319e+06 -1.539559e+04 3.655375e+06 -2.080212e+04 1.461041e+04 -1.782693e+06 -3.191777e+03 4.163047e+06 -6.535983e+06 -1.697416e+04 -4.169053e+06 2.482918e+04 -1.836894e+04 2.033219e+06 -6.535971e+06 1.935926e+04 6.781797e+02 3.203513e+06 1.605526e+04 2.033226e+06 -3.208151e+06 -1.733771e+04
6.767677e-03 6.323216e+06 -1.071382e+04 -1.079577e+04 -3.156827e+06 3.719920e+04 1.972860e+06 -3.060003e+06 -2.744371e+04 -9.607494e+03 3.159992e+06 -4.870700e+06 -8.036720e+03 3.056826e+06 -2.627670e+04 2.602987e+04 -1.516551e+06 -1.325258e+04 3.600489e+06 -5.549660e+06 -7.977197e+03 -3.486535e+06 3.223734e+04 -3.313020e+04 1.729749e+06 -5.549617e+06 1.058397e+04 7.698854e+03 2.770610e+06 2.917674e+04 1.729698e+06 -2.682864e+06 -2.231860e+04
6.969697e-03 4.944654e+06 -4.438895e+03 -1.576191e+04 -2.505161e+06 4.247492e+04 1.545851e+06 -2.367163e+06 -2.920166e+04 -1.403669e+04 2.507717e+06 -3.808879e+06 -3.638576e+03 2.364593e+06 -2.750891e+04 2.947627e+04 -1.188244e+06 -1.876735e+04 2.857269e+06 -4.339795e+06 -2.705965e+03 -2.697092e+06 3.410084e+04 -3.769534e+04 1.355341e+06 -4.339743e+06 5.337018e+03 1.169678e+04 2.198685e+06 3.316868e+04 1.355267e+06 -2.075339e+06 -2.350779e+04
7.171717e-03 3.398117e+06 -2.206935e+03 -1.593876e+04 -1.740179e+06 3.640369e+04 1.064550e+06 -1.618613e+06 -2.547514e+04 -1.437573e+04 1.741993e+06 -2.617625e+06 -1.948906e+03 1.616790e+06 -2.394321e+04 2.517637e+04 -8.182399e+05 -1.886955e+04 1.984796e+06 -2.982470e+06 -9.082154e+02 -1.844193e+06 2.975283e+04 -3.232235e+04 9.333385e+05 -2.982427e+06 3.250557e+03 1.207081e+04 1.527301e+06 2.831391e+04 9.332715e+05 -1.419027e+06 -2.045665e+04
7.373737e-03 2.296517e+06 -1.734666e+03 -1.429516e+04 -1.186043e+06 2.859193e+04 7.209680e+05 -1.092757e+06 -2.095052e+04 -1.305978e+04 1.187308e+06 -1.769078e+06 -1.497271e+03 1.091487e+06 -1.974112e+04 1.973774e+04 -5.541235e+05 -1.692298e+04 1.352787e+06 -2.015635e+06 -6.122341e+02 -1.245039e+06 2.451951e+04 -2.543342e+04 6.320911e+05 -2.015602e+06 2.617250e+03 1.097274e+04 1.040961e+06 2.215002e+04 6.320388e+05 -9.579866e+05 -1.682834e+04
7.575758e-03 1.955862e+06 1.412699e+02 -1.517501e+04 -1.023350e+06 2.928246e+04 6.153414e+05 -9.231489e+05 -2.101677e+04 -1.381073e+04 1.024459e+06 -1.506689e+06 -1.892079e+02 9.220346e+05 -1.968257e+04 2.017060e+04 -4.729161e+05 -1.786772e+04 1.167234e+06 -1.716664e+06 9.408096e+02 -1.051784e+06 2.453834e+04 -2.601437e+04 5.394779e+05 -1.716630e+06 1.033539e+03 1.167628e+04 8.981754e+05 2.266831e+04 5.394207e+05 -8.092688e+05 -1.682064e+04
7.777778e-03 2.184200e+06 4.747682e+03 -2.022201e+04 -1.163867e+06 4.054133e+04 6.886647e+05 -1.012363e+06 -2.692361e+04 -1.810300e+04 1.165140e+06 -1.682617e+06 2.890083e+03 1.011085e+06 -2.485326e+04 2.786178e+04 -5.292449e+05 -2.357135e+04 1.327513e+06 -1.917098e+06 4.905946e+03 -1.153417e+06 3.122983e+04 -3.587642e+04 6.037604e+05 -1.917050e+06 -2.552225e+03 1.547951e+04 1.021511e+06 3.145108e+04 6.036716e+05 -8.874383e+05 -2.138920e+04
7.979798e-03 1.157925e+06 2.727574e+02 -1.266924e+04 -6.165849e+05 2.143595e+04 3.659236e+05 -5.459532e+05 -1.634671e+04 -1.165084e+04 6.172800e+05 -8.920360e+05 -2.035790e-01 5.452569e+05 -1.535300e+04 1.473917e+04 -2.811971e+05 -1.492784e+04 7.032974e+05 -1.016334e+06 9.222008e+02 -6.220178e+05 1.912820e+04 -1.909100e+04 3.207967e+05 -1.016311e+06 6.839541e+02 9.845971e+03 5.411736e+05 1.651655e+04 3.207548e+05 -4.785799e+05 -1.308898e+04
8.181818e-03 7.968313e+05 -8.639884e+02 -1.007878e+04 -4.254857e+05 1.513221e+04 2.523986e+05 -3.802976e+05 -1.269499e+04 -9.407749e+03 4.259778e+05 -6.138716e+05 -7.201682e+02 3.798056e+05 -1.204110e+04 1.040641e+04 -1.939455e+05 -1.194410e+04 4.853334e+05 -6.994015e+05 -1.249246e+02 -4.332794e+05 1.493118e+04 -1.354439e+04 2.212643e+05 -6.993871e+05 1.454595e+03 7.902106e+03 3.734501e+05 1.159386e+04 2.212372e+05 -3.333633e+05 -1.020985e+04
8.383838e-03 5.984955e+05 -1.315655e+03 -8.613187e+03 -3.209050e+05 1.174618e+04 1.900251e+05 -2.887415e+05 -1.064350e+04 -8.121604e+03 3.212848e+05 -4.610854e+05 -9.981379e+02 2.883622e+05 -1.016512e+04 8.078292e+03 -1.460078e+05 -1.024663e+04 3.660496e+05 -5.253220e+05 -5.637953e+02 -3.289657e+05 1.256394e+04 -1.056077e+04 1.665791e+05 -5.253116e+05 1.728724e+03 6.794560e+03 2.816617e+05 8.953025e+03 1.665597e+05 -2.531035e+05 -8.586123e+03
8.585859e-03 4.715960e+05 -1.511737e+03 -7.626659e+03 -2.541193e+05 9.588396e+03 1.500959e+05 -2.298670e+05 -9.278983e+03 -7.245371e+03 2.544265e+05 -3.633290e+05 -1.112680e+03 2.295605e+05 -8.908447e+03 6.594413e+03 -1.153203e+05 -9.098671e+03 2.898737e+05 -4.139420e+05 -7.725748e+02 -2.618876e+05 1.098387e+04 -8.656856e+03 1.315722e+05 -4.139341e+05 1.822465e+03 6.043952e+03 2.230451e+05 7.272398e+03 1.315574e+05 -2.014932e+05 -7.502579e+03
8.787879e-03 3.834948e+05 -1.590001e+03 -6.899503e+03 -2.077927e+05 8.081390e+03 1.223563e+05 -1.888097e+05 -8.286759e+03 -6.592663e+03 2.080490e+05 -2.954603e+05 -1.152718e+03 1.885543e+05 -7.988989e+03 5.557982e+03 -9.400152e+04 -8.249197e+03 2.370329e+05 -3.366151e+05 -8.732257e+02 -2.151096e+05 9.831360e+03 -7.325460e+03 1.072524e+05 -3.366089e+05 1.836064e+03 5.487242e+03 1.823849e+05 6.100235e+03 1.072408e+05 -1.655019e+05 -6.712442e+03
8.989899e-03 3.190451e+05 -1.607918e+03 -6.332701e+03 -1.739080e+05 6.965814e+03 1.020483e+05 -1.586479e+05 -7.523893e+03 -6.079215e+03 1.741266e+05 -2.458111e+05 -1.155143e+03 1.584303e+05 -7.278252e+03 4.790738e+03 -7.839452e+04 -7.584856e+03 1.983833e+05 -2.800471e+05 -9.170191e+02 -1.807452e+05 8.942850e+03 -6.338709e+03 8.944833e+04 -2.800421e+05 1.810714e+03 5.050887e+03 1.526448e+05 5.233682e+03 8.943891e+04 -1.390620e+05 -6.103456e+03
9.191919e-03 2.701178e+05 -1.593189e+03 -5.873824e+03 -1.481748e+05 6.105705e+03 8.661886e+04 -1.356563e+05 -6.914418e+03 -5.660222e+03 1.483643e+05 -2.081194e+05 -1.137623e+03 1.354677e+05 -6.707727e+03 4.199201e+03 -6.653705e+04 -7.045500e+03 1.690309e+05 -2.371030e+05 -9.289204e+02 -1.545502e+05 8.231286e+03 -5.577080e+03 7.592147e+04 -2.370989e+05 1.765887e+03 4.695878e+03 1.300589e+05 4.566422e+03 7.591370e+04 -1.189075e+05 -5.615869e+03
9.393939e-03 2.319206e+05 -1.560433e+03 -5.492007e+03 -1.280690e+05 5.422187e+03 7.456289e+04 -1.176334e+05 -6.413588e+03 -5.309174e+03 1.282357e+05 -1.786936e+05 -1.109410e+03 1.174678e+05 -6.236933e+03 3.729133e+03 -5.727229e+04 -6.595638e+03 1.460973e+05 -2.035768e+05 -9.222778e+02 -1.340162e+05 7.645314e+03 -4.971195e+03 6.535224e+04 -2.035734e+05 1.711607e+03 4.399197e+03 1.124122e+05 4.036806e+03 6.534573e+04 -1.031088e+05 -5.214433e+03
9.595960e-03 2.014351e+05 -1.517848e+03 -5.167650e+03 -1.120040e+05 4.866086e+03 6.493228e+04 -1.031898e+05 -5.993051e+03 -5.009148e+03 1.121521e+05 -1.552083e+05 -1.075645e+03 1.030427e+05 -5.840134e+03 3.346712e+03 -4.987156e+04 -6.212687e+03 1.277726e+05 -1.768191e+05 -9.046988e+02 -1.175603e+05 7.152345e+03 -4.477778e+03 5.690940e+04 -1.768162e+05 1.653315e+03 4.146186e+03 9.831201e+04 3.606417e+03 5.690388e+04 -9.044777e+04 -4.876780e+03
9.797980e-03 1.766631e+05 -1.470223e+03 -4.887587e+03 -9.893086e+04 4.405043e+03 5.709940e+04 -9.140403e+04 -5.633832e+03 -4.748711e+03 9.906365e+04 -1.361245e+05 -1.039298e+03 9.127221e+04 -5.500055e+03 3.029681e+03 -4.385247e+04 -5.881438e+03 1.128605e+05 -1.550763e+05 -8.807200e+02 -1.041325e+05 6.730533e+03 -4.068334e+03 5.004267e+04 -1.550738e+05 1.594060e+03 3.926972e+03 8.683774e+04 3.249988e+03 5.003794e+04 -8.011659e+04 -4.587919e+03
1.000000e-02 1.562301e+05 -1.420429e+03 -4.642577e+03 -8.812889e+04 4.016843e+03 5.063231e+04 -8.164094e+04 -5.322681e+03 -4.519794e+03 8.824890e+04 -1.203831e+05 -1.002123e+03 8.152188e+04 -5.204592e+03 2.762758e+03 -3.888304e+04 -5.591192e+03 1.005389e+05 -1.371417e+05 -8.531355e+02 -9.300929e+04 6.364601e+03 -3.723289e+03 4.437335e+04 -1.371395e+05 1.535566e+03 3.734600e+03 7.735683e+04 2.950186e+03 4.436926e+04 -7.155855e+04 -4.337365e+03
