-1.000000e-02 -5.063639e+03 3.507856e+03 3.393565e+03 -2.566133e+04 -2.251277e+03 -8.083797e+04 -3.025509e+04 2.790664e+03 3.345573e+03 2.557382e+04 3.839146e+03 2.410719e+03 3.034280e+04 2.738222e+03 -1.558629e+03 6.229768e+04 4.075737e+03 2.923801e+04 4.412802e+03 3.202902e+03 -3.457263e+04 -3.393645e+03 1.617676e+03 -7.096688e+04 4.407645e+03 -2.622712e+03 -2.775786e+03 2.244616e+04 -2.134255e+03 -7.096310e+04 -2.655417e+04 2.238331e+03
-9.797980e-03 -5.341886e+03 3.686490e+03 3.481964e+03 -2.693702e+04 -2.338645e+03 -8.663386e+04 -3.197502e+04 2.851660e+03 3.430536e+03 2.684512e+04 4.051396e+03 2.533146e+03 3.206708e+04 2.795612e+03 -1.619051e+03 6.676200e+04 4.180411e+03 3.069164e+04 4.656008e+03 3.359545e+03 -3.653745e+04 -3.466833e+03 1.684973e+03 -7.605373e+04 4.650433e+03 -2.762348e+03 -2.847324e+03 2.356182e+04 -2.212492e+03 -7.604967e+04 -2.806350e+04 2.285858e+03
-9.595960e-03 -5.647067e+03 3.880732e+03 3.576031e+03 -2.831831e+04 -2.431327e+03 -9.303361e+04 -3.385740e+04 2.915804e+03 3.520802e+03 2.822164e+04 4.284239e+03 2.666270e+03 3.395418e+04 2.855770e+03 -1.683175e+03 7.169138e+04 4.291711e+03 3.226560e+04 4.922788e+03 3.529881e+03 -3.868783e+04 -3.543767e+03 1.756344e+03 -8.167054e+04 4.916749e+03 -2.914177e+03 -2.923387e+03 2.476981e+04 -2.295535e+03 -8.166616e+04 -2.971540e+04 2.335692e+03
-9.393939e-03 -5.982890e+03 4.092602e+03 3.676394e+03 -2.981808e+04 -2.529749e+03 -1.001225e+05 -3.592448e+04 2.983386e+03 3.616948e+03 2.971622e+04 4.540514e+03 2.811474e+03 3.602639e+04 2.918931e+03 -1.751301e+03 7.715152e+04 4.410365e+03 3.397457e+04 5.216390e+03 3.715680e+03 -4.104914e+04 -3.624788e+03 1.832114e+03 -8.789218e+04 5.209834e+03 -3.079777e+03 -3.004474e+03 2.608141e+04 -2.383777e+03 -8.788744e+04 -3.152937e+04 2.388031e+03
-9.191919e-03 -6.353742e+03 4.324475e+03 3.783789e+03 -3.145141e+04 -2.634379e+03 -1.080017e+05 -3.820260e+04 3.054739e+03 3.719644e+03 3.134388e+04 4.823578e+03 2.970387e+03 3.831010e+04 2.985365e+03 -1.823760e+03 8.322027e+04 4.537222e+03 3.583573e+04 5.540655e+03 3.919029e+03 -4.365146e+04 -3.710289e+03 1.912637e+03 -9.480733e+04 5.533522e+03 -3.261003e+03 -3.091164e+03 2.750979e+04 -2.477651e+03 -9.480220e+04 -3.352854e+04 2.443102e+03
-8.989899e-03 -6.764848e+03 4.579175e+03 3.899077e+03 -3.323600e+04 -2.745730e+03 -1.167916e+05 -4.072318e+04 3.130250e+03 3.829679e+03 3.312226e+04 5.137429e+03 3.144942e+03 4.083679e+04 3.055379e+03 -1.900916e+03 8.999044e+04 4.673278e+03 3.786926e+04 5.900161e+03 4.142405e+03 -4.653069e+04 -3.800720e+03 1.998303e+03 -1.025218e+05 5.892378e+03 -3.460059e+03 -3.184138e+03 2.907043e+04 -2.577635e+03 -1.025162e+05 -3.574047e+04 2.501167e+03
-8.787879e-03 -7.222477e+03 4.860079e+03 4.023283e+03 -3.519286e+04 -2.864363e+03 -1.266371e+05 -4.352400e+04 3.210373e+03 3.947985e+03 3.507229e+04 5.486865e+03 3.337453e+03 4.364434e+04 3.129333e+03 -1.983171e+03 9.757352e+04 4.819715e+03 4.009910e+04 6.300396e+03 4.388770e+03 -4.972995e+04 -3.896611e+03 2.089534e+03 -1.111626e+05 6.291882e+03 -3.679582e+03 -3.284204e+03 3.078171e+04 -2.684253e+03 -1.111565e+05 -3.819833e+04 2.562531e+03
-8.585859e-03 -7.734213e+03 5.171262e+03 4.157634e+03 -3.734706e+04 -2.990894e+03 -1.377135e+05 -4.665087e+04 3.295644e+03 4.075676e+03 3.721894e+04 5.877692e+03 3.550713e+03 4.677863e+04 3.207645e+03 -2.070964e+03 1.061046e+05 4.977946e+03 4.255382e+04 6.748004e+03 4.661701e+03 -5.330157e+04 -3.998587e+03 2.186793e+03 -1.208836e+05 6.738661e+03 -3.922755e+03 -3.392327e+03 3.266555e+04 -2.798084e+03 -1.208770e+05 -4.094231e+04 2.627552e+03
-8.383838e-03 -8.309317e+03 5.517695e+03 4.303611e+03 -3.972886e+04 -3.125996e+03 -1.502351e+05 -5.015989e+04 3.386703e+03 4.214098e+03 3.959235e+04 6.316997e+03 3.788128e+03 5.029587e+04 3.290815e+03 -2.164779e+03 1.157486e+05 5.149679e+03 4.526787e+04 7.251094e+03 4.965561e+03 -5.730958e+04 -4.107395e+03 2.290585e+03 -1.318729e+05 7.240807e+03 -4.193458e+03 -3.509675e+03 3.474837e+04 -2.919768e+03 -1.318657e+05 -4.402164e+04 2.696656e+03
-8.181818e-03 -8.959208e+03 5.905506e+03 4.463031e+03 -4.237504e+04 -3.270399e+03 -1.644662e+05 -5.412045e+04 3.484330e+03 4.364895e+03 4.222918e+04 6.813520e+03 4.053893e+03 5.426558e+04 3.379444e+03 -2.265148e+03 1.267092e+05 5.337003e+03 4.828321e+04 7.819668e+03 5.305725e+03 -6.183320e+04 -4.223937e+03 2.401454e+03 -1.443626e+05 7.808299e+03 -4.496474e+03 -3.637675e+03 3.706236e+04 -3.050005e+03 -1.443546e+05 -4.749721e+04 2.770357e+03
-7.979798e-03 -9.698133e+03 6.342341e+03 4.638144e+03 -4.533094e+04 -3.424897e+03 -1.807371e+05 -5.861941e+04 3.589482e+03 4.530101e+03 4.517459e+04 7.378166e+03 4.353249e+03 5.877479e+04 3.474265e+03 -2.372650e+03 1.392406e+05 5.542505e+03 5.165147e+04 8.466205e+03 5.688905e+03 -6.697162e+04 -4.349324e+03 2.519987e+03 -1.586423e+05 8.453590e+03 -4.837773e+03 -3.778095e+03 3.964715e+04 -3.189566e+03 -1.586334e+05 -5.144524e+04 2.849284e+03
-7.777778e-03 -1.054410e+04 6.837882e+03 4.831783e+03 -4.865310e+04 -3.590340e+03 -1.994651e+05 -6.376703e+04 3.703358e+03 4.712273e+03 4.848489e+04 8.024719e+03 4.692827e+03 6.393397e+04 3.576191e+03 -2.487915e+03 1.536644e+05 5.769439e+03 5.543709e+04 9.206477e+03 6.123596e+03 -7.285072e+04 -4.484944e+03 2.646805e+03 -1.750783e+05 9.192416e+03 -5.224912e+03 -3.933160e+03 4.255216e+04 -3.339293e+03 -1.750685e+05 -5.596250e+04 2.934222e+03
-7.575758e-03 -1.152022e+04 7.404583e+03 5.047575e+03 -5.241309e+04 -3.767626e+03 -2.211860e+05 -6.970539e+04 3.827491e+03 4.914679e+03 5.223137e+04 8.770865e+03 5.081159e+03 6.988547e+04 3.686380e+03 -2.611619e+03 1.703929e+05 6.021968e+03 5.972163e+04 1.006072e+04 6.620730e+03 -7.963271e+04 -4.632564e+03 2.782557e+03 -1.941409e+05 1.004497e+04 -5.667614e+03 -4.105714e+03 4.583995e+04 -3.500097e+03 -1.941299e+05 -6.117365e+04 3.026172e+03
-7.373737e-03 -1.265664e+04 8.058779e+03 5.290255e+03 -5.670309e+04 -3.957676e+03 -2.465990e+05 -7.662092e+04 3.963882e+03 5.141577e+03 5.650584e+04 9.639693e+03 5.529432e+03 7.681605e+04 3.806341e+03 -2.744476e+03 1.899649e+05 6.305523e+03 6.461010e+04 1.105537e+04 7.194638e+03 -8.753042e+04 -4.794491e+03 2.927890e+03 -2.164436e+05 1.103761e+04 -6.178626e+03 -4.299469e+03 4.959109e+04 -3.672951e+03 -2.164313e+05 -6.724230e+04 3.126435e+03
-7.171717e-03 -1.399358e+04 8.822361e+03 5.566151e+03 -6.164422e+04 -4.161392e+03 -2.766359e+05 -8.476343e+04 4.115213e+03 5.398649e+03 6.142896e+04 1.066197e+04 6.052639e+03 8.497600e+04 3.938085e+03 -2.887213e+03 2.130978e+05 6.627355e+03 7.024056e+04 1.222561e+04 7.864534e+03 -9.682907e+04 -4.973811e+03 3.083414e+03 -2.428043e+05 1.220546e+04 -6.775033e+03 -4.519382e+03 5.391146e+04 -3.858869e+03 -2.427903e+05 -7.438767e+04 3.236756e+03
-6.969697e-03 -1.558594e+04 9.725463e+03 5.883955e+03 -6.739958e+04 -4.379569e+03 -3.125685e+05 -9.447622e+04 4.285197e+03 5.693688e+03 6.716315e+04 1.187973e+04 6.671420e+03 9.470922e+04 4.084393e+03 -3.040527e+03 2.407711e+05 6.997417e+03 7.679883e+04 1.361956e+04 8.656864e+03 -1.079206e+05 -5.174785e+03 3.249615e+03 -2.743389e+05 1.359651e+04 -7.480352e+03 -4.772253e+03 5.894361e+04 -4.058853e+03 -2.743230e+05 -8.291100e+04 3.359550e+03
-6.767677e-03 -1.751097e+04 1.081091e+04 6.256003e+03 -7.419535e+04 -4.612721e+03 -3.561849e+05 -1.062457e+05 4.479159e+03 6.037740e+03 7.393366e+04 1.335211e+04 7.415100e+03 1.065030e+05 4.249253e+03 -3.204989e+03 2.743617e+05 7.429829e+03 8.454266e+04 1.530489e+04 9.609208e+03 -1.213602e+05 -5.403519e+03 3.426703e+03 -3.126168e+05 1.527826e+04 -8.328001e+03 -5.067733e+03 6.488520e+04 -4.273799e+03 -3.125984e+05 -9.323910e+04 3.498289e+03
-6.565657e-03 -1.988157e+04 1.214203e+04 6.700540e+03 -8.235701e+04 -4.860749e+03 -4.100943e+05 -1.207876e+05 4.705093e+03 6.447122e+03 8.206459e+04 1.516550e+04 8.327046e+03 1.210744e+05 4.438659e+03 -3.380856e+03 3.158791e+05 7.945458e+03 9.384291e+04 1.738048e+04 1.077715e+04 -1.379651e+05 -5.669164e+03 3.614311e+03 -3.599277e+05 1.734935e+04 -9.367392e+03 -5.420083e+03 7.202068e+04 -4.504279e+03 -3.599063e+05 -1.060002e+05 3.658200e+03
-6.363636e-03 -2.287076e+04 1.381734e+04 7.245991e+03 -9.237570e+04 -5.122248e+03 -4.782897e+05 -1.392084e+05 4.975692e+03 6.947225e+03 9.204501e+04 1.745233e+04 9.474717e+03 1.395317e+05 4.662153e+03 -3.567671e+03 3.683984e+05 8.576801e+03 1.052592e+05 1.999790e+04 1.224714e+04 -1.589983e+05 -5.986231e+03 3.810879e+03 -4.197759e+05 1.996095e+04 -1.067539e+04 -5.851509e+03 8.077923e+04 -4.750101e+03 -4.197505e+05 -1.221650e+05 3.847621e+03
-6.161616e-03 -2.676139e+04 1.600073e+04 7.939764e+03 -1.050413e+05 -5.392976e+03 -5.672842e+05 -1.633324e+05 5.312608e+03 7.580356e+03 1.046613e+05 2.042908e+04 1.097032e+04 1.637027e+05 4.936097e+03 -3.763373e+03 4.369353e+05 9.378032e+03 1.196917e+05 2.340493e+04 1.416302e+04 -1.865425e+05 -6.379448e+03 4.012307e+03 -4.978772e+05 2.336019e+04 -1.237986e+04 -6.399031e+03 9.185100e+04 -5.009300e+03 -4.978466e+05 -1.433346e+05 4.080867e+03
-5.959596e-03 -3.205940e+04 1.899138e+04 8.868770e+03 -1.217428e+05 -5.662099e+03 -6.886967e+05 -1.964541e+05 5.756590e+03 8.424009e+03 1.212963e+05 2.448291e+04 1.301867e+04 1.968875e+05 5.291468e+03 -3.962079e+03 5.304378e+05 1.044843e+04 1.387230e+05 2.804476e+04 1.678734e+04 -2.243585e+05 -6.895314e+03 4.208644e+03 -6.044285e+05 2.798905e+04 -1.471417e+04 -7.130483e+03 1.064495e+05 -5.275617e+03 -6.043904e+05 -1.724000e+05 4.385073e+03
-5.757576e-03 -3.980141e+04 2.341669e+04 1.021631e+04 -1.452765e+05 -5.901315e+03 -8.662567e+05 -2.453920e+05 6.396141e+03 9.641520e+03 1.447334e+05 3.040705e+04 1.604925e+04 2.459166e+05 5.796042e+03 -4.147625e+03 6.671806e+05 1.199732e+04 1.655394e+05 3.482546e+04 2.067072e+04 -2.802302e+05 -7.634752e+03 4.374553e+03 -7.602547e+05 3.475302e+04 -1.816769e+04 -8.188887e+03 1.270175e+05 -5.531149e+03 -7.602053e+05 -2.153445e+05 4.819659e+03
-5.555556e-03 -5.266289e+04 3.093838e+04 1.247152e+04 -1.827304e+05 -6.023489e+03 -1.160971e+06 -3.279306e+05 7.475018e+03 1.166851e+04 1.820272e+05 4.024852e+04 2.119946e+04 3.286057e+05 6.638027e+03 -4.268824e+03 8.941470e+05 1.458316e+04 2.082176e+05 4.609073e+04 2.727152e+04 -3.744594e+05 -8.875610e+03 4.433041e+03 -1.018896e+06 4.598892e+04 -2.403645e+04 -9.955779e+03 1.597462e+05 -5.718125e+03 -1.018827e+06 -2.877746e+05 5.549727e+03
-5.353535e-03 -8.214463e+04 4.890707e+04 1.781928e+04 -2.640156e+05 -5.599973e+03 -1.833865e+06 -5.213588e+05 1.011981e+04 1.645023e+04 2.629427e+05 6.280564e+04 3.350008e+04 5.223797e+05 8.695112e+03 -4.069482e+03 1.412360e+06 2.070025e+04 3.008397e+05 7.191517e+04 4.304073e+04 -5.952767e+05 -1.190169e+04 4.007808e+03 -1.609431e+06 7.174057e+04 -3.805279e+04 -1.413509e+04 2.307576e+05 -5.544891e+03 -1.609312e+06 -4.575140e+05 7.345458e+03
-5.151515e-03 1.935874e+05 -1.349281e+05 -3.764308e+04 4.322970e+05 -1.802182e+04 4.378226e+06 1.361761e+06 -1.984839e+04 -3.289610e+04 -4.298069e+05 -1.480947e+05 -9.229889e+04 -1.364055e+06 -1.491749e+04 -1.164769e+04 -3.371817e+06 -4.260036e+04 -4.925718e+05 -1.696245e+05 -1.182964e+05 1.554422e+06 2.223204e+04 1.482828e+04 3.842408e+06 -1.690148e+05 1.052885e+05 2.910202e+04 -3.772122e+05 -1.425695e+04 3.842011e+06 1.194988e+06 -1.338777e+04
-4.949495e-03 -7.247237e+05 4.363274e+05 1.295192e+05 -1.989341e+06 1.282530e+04 -1.657432e+07 -4.755603e+06 6.306126e+04 1.159554e+05 1.980316e+06 5.545225e+05 2.987061e+05 4.764037e+06 4.898575e+04 6.564801e+03 1.276439e+07 1.482398e+05 2.266779e+06 6.348103e+05 3.830441e+05 -5.428915e+06 -7.225463e+04 -1.226253e+04 -1.454579e+07 6.330653e+05 -3.402446e+05 -1.012800e+05 1.737939e+06 6.464671e+03 -1.454449e+07 -4.173185e+06 4.268310e+04
-4.747475e-03 -5.426210e+04 2.126686e+04 8.952263e+03 -2.243582e+05 -1.032497e+04 -1.253895e+06 -2.912486e+05 3.968757e+03 8.636382e+03 2.237172e+05 4.152128e+04 1.460821e+04 2.918741e+05 3.640876e+03 -7.170721e+03 9.656450e+05 1.062176e+04 2.556630e+05 4.748701e+04 1.878170e+04 -3.326067e+05 -4.937630e+03 7.938564e+03 -1.100386e+06 4.744629e+04 -1.652787e+04 -7.256603e+03 1.963243e+05 -9.293801e+03 -1.100356e+06 -2.555810e+05 2.875355e+03
-4.545455e-03 9.851220e+04 -6.304416e+04 -1.396660e+04 1.971775e+05 -1.449743e+04 2.305396e+06 6.912868e+05 -5.157093e+03 -1.174795e+04 -1.960149e+05 -7.543460e+04 -4.312113e+04 -6.923334e+05 -2.861160e+03 -9.585873e+03 -1.775370e+06 -1.552275e+04 -2.246719e+05 -8.634869e+04 -5.520829e+04 7.889674e+05 5.443097e+03 1.150358e+04 2.023194e+06 -8.605961e+04 4.925426e+04 1.061427e+04 -1.720272e+05 -1.214105e+04 2.023004e+06 6.066168e+05 -2.844669e+03
-4.343434e-03 -4.031812e+04 7.782791e+03 5.254371e+03 -2.096016e+05 -1.319253e+04 -9.518031e+05 -1.729646e+05 1.599832e+03 5.409499e+03 2.091673e+05 3.086768e+04 5.393762e+03 1.734075e+05 1.759725e+03 -9.070765e+03 7.329765e+05 6.438494e+03 2.388544e+05 3.526809e+04 6.948119e+03 -1.976067e+05 -2.276785e+03 1.025578e+04 -8.352482e+05 3.528856e+04 -6.028232e+03 -4.400640e+03 1.835505e+05 -1.165790e+04 -8.352600e+05 -1.517832e+05 1.194833e+03
-4.141414e-03 -2.787251e+05 1.090000e+05 3.065416e+04 -9.562570e+05 -1.304585e+04 -6.655894e+06 -1.581565e+06 5.919190e+03 2.809558e+04 9.532751e+05 2.135177e+05 7.478310e+04 1.584391e+06 3.276356e+03 -9.553335e+03 5.125550e+06 3.545525e+04 1.089685e+06 2.441205e+05 9.577294e+04 -1.805536e+06 -7.222089e+03 1.000408e+04 -5.840938e+06 2.437852e+05 -8.509838e+04 -2.425698e+04 8.365500e+05 -1.233215e+04 -5.840691e+06 -1.387853e+06 2.507825e+03
-3.939394e-03 7.198403e+05 -2.932915e+05 -6.677452e+04 2.196688e+06 -1.761739e+04 1.736720e+07 4.259410e+06 -3.728692e+03 -5.876107e+04 -2.189276e+06 -5.516379e+05 -2.010670e+05 -4.266286e+06 4.537007e+03 -1.029576e+04 -1.337371e+07 -7.573082e+04 -2.503214e+06 -6.306817e+05 -2.572569e+05 4.861797e+06 3.744758e+03 1.386146e+04 1.524050e+07 -6.296213e+05 2.292439e+05 5.185487e+04 -1.921193e+06 -1.332740e+04 1.523991e+07 3.737684e+06 3.593109e+03
-3.737374e-03 1.512530e+06 -5.213538e+05 -1.156513e+05 4.951752e+06 -1.360556e+04 3.684293e+07 8.547274e+06 1.566056e+04 -1.024038e+05 -4.936978e+06 -1.159435e+06 -3.577818e+05 -8.561086e+06 2.931089e+04 -5.909364e+03 -2.837058e+07 -1.314882e+05 -5.642821e+06 -1.325149e+06 -4.573830e+05 9.756114e+06 -1.838318e+04 1.016588e+04 3.233080e+07 -1.323383e+06 4.078351e+05 9.011463e+04 -4.332352e+06 -8.501761e+03 3.233002e+07 7.500317e+06 2.530766e+04
-3.535354e-03 -2.435096e+05 4.893221e+04 1.469574e+04 -1.001071e+06 -2.238559e+04 -5.984569e+06 -1.178972e+06 -6.370461e+03 1.407134e+04 9.988463e+05 1.867045e+05 3.377538e+04 1.181148e+06 -7.013683e+03 -1.572649e+04 4.608373e+06 1.733796e+04 1.140792e+06 2.132653e+05 4.306261e+04 -1.346018e+06 6.681332e+03 1.762816e+04 -5.251617e+06 2.131828e+05 -3.836620e+04 -1.189500e+04 8.765107e+05 -1.993763e+04 -5.251550e+06 -1.034562e+06 -6.599969e+03
-3.333333e-03 -1.223989e+04 -1.900450e+04 4.550919e+02 -2.114919e+05 -2.385024e+04 -3.024022e+05 8.675338e+04 -6.436214e+02 1.429669e+03 2.114257e+05 9.379053e+03 -1.289839e+04 -8.660555e+04 3.583323e+02 -1.623830e+04 2.328656e+05 1.137362e+03 2.410229e+05 1.064966e+04 -1.654956e+04 9.870350e+04 9.982594e+01 1.860328e+04 -2.653237e+05 1.077986e+04 1.482578e+04 -7.781435e+02 1.855213e+05 -2.083034e+04 -2.654081e+05 7.612011e+04 -1.734727e+02
-3.131313e-03 1.609622e+07 -2.475087e+06 -4.791226e+05 6.307178e+07 1.995494e+05 4.024385e+08 7.889146e+07 8.955986e+05 -4.301867e+05 -6.293798e+07 -1.234847e+07 -1.712766e+06 -7.902055e+07 9.458621e+05 1.655261e+05 -3.098986e+08 -5.462021e+05 -7.187259e+07 -1.410142e+07 -2.171875e+06 9.005164e+07 -1.021286e+06 -1.775666e+05 3.531598e+08 -1.409529e+07 1.951896e+06 3.774095e+05 -5.523121e+07 1.861899e+05 3.531409e+08 6.922747e+07 8.294878e+05
-2.929293e-03 2.853310e+05 -5.870099e+04 -4.696578e+03 9.260528e+05 -3.252854e+04 7.193093e+06 1.572597e+06 1.925884e+04 -2.835902e+03 -9.238294e+05 -2.189689e+05 -4.040556e+04 -1.574635e+06 2.116880e+04 -2.162505e+04 -5.538749e+06 -4.491632e+03 -1.055311e+06 -2.500821e+05 -5.135171e+04 1.794469e+06 -2.283741e+04 2.487505e+04 6.312030e+06 -2.498317e+05 4.620442e+04 3.151749e+03 -8.106756e+05 -2.831231e+04 6.311875e+06 1.379944e+06 1.789031e+04
-2.727273e-03 -2.835438e+06 -1.472927e+04 3.241721e+03 -1.292363e+07 -8.992269e+04 -7.200582e+07 -1.215161e+07 -2.335011e+05 5.249776e+03 1.290409e+07 2.176446e+06 -5.482876e+03 1.217137e+07 -2.314414e+05 -6.567615e+04 5.544460e+07 4.527512e+03 1.472785e+07 2.484050e+06 -1.278483e+04 -1.387054e+07 2.652523e+05 7.509837e+04 -6.318483e+07 2.484321e+06 6.388167e+03 -3.964212e+03 1.132329e+07 -7.865297e+04 -6.318500e+07 -1.066302e+07 -2.037411e+05
-2.525253e-03 -1.987294e+05 -2.861863e+04 -2.316600e+03 -1.069637e+06 -1.983837e+04 -5.081397e+06 -7.154236e+05 -1.881537e+04 -1.444728e+03 1.068422e+06 1.525732e+05 -1.916770e+04 7.167423e+05 -1.792195e+04 -1.378168e+04 3.912647e+06 -2.315558e+03 1.218978e+06 1.740698e+05 -2.506529e+04 -8.167999e+05 2.110662e+04 1.581073e+04 -4.458855e+06 1.741879e+05 2.189099e+04 1.518075e+03 9.375260e+05 -1.730286e+04 -4.458927e+06 -6.277846e+05 -1.598477e+04
-2.323232e-03 -6.232145e+05 -1.321340e+04 -1.350264e+04 -2.590543e+06 7.490814e+04 -1.604179e+07 -3.037293e+06 -6.473931e+04 -1.452523e+04 2.586875e+06 4.785953e+05 -8.140143e+03 3.040821e+06 -6.578681e+04 5.009248e+04 1.235195e+07 -1.707478e+04 2.952215e+06 5.462077e+05 -1.185436e+04 -3.465390e+06 7.547967e+04 -5.701552e+04 -1.407655e+07 5.460703e+05 9.017283e+03 1.144948e+04 2.269961e+06 6.580176e+04 -1.407642e+07 -2.665173e+06 -5.641689e+04
-2.121212e-03 3.622169e+04 -2.325530e+04 1.079417e+03 -5.641931e+04 -3.436938e+04 9.388284e+05 3.710866e+05 4.003897e+03 1.966018e+03 5.666874e+04 -2.782857e+04 -1.586017e+04 -3.712071e+05 4.911185e+03 -2.332465e+04 -7.228788e+05 1.849106e+03 6.430571e+04 -3.180903e+04 -2.032791e+04 4.230436e+05 -5.193033e+03 2.663278e+04 8.238470e+05 -3.168850e+04 1.815272e+04 -1.248742e+03 4.971910e+04 -3.010697e+04 8.237684e+05 3.256165e+05 3.824323e+03
-1.919192e-03 3.967794e+05 -2.834999e+04 1.644334e+04 1.110070e+06 -1.738369e+05 1.033315e+07 2.617962e+06 4.859242e+04 1.927325e+04 -1.108040e+06 -3.048418e+05 -1.972462e+04 -2.619535e+06 5.148739e+04 -1.177660e+05 -7.956289e+06 2.167503e+04 -1.265040e+06 -3.479787e+05 -2.451720e+04 2.985313e+06 -5.834642e+04 1.342478e+05 9.067280e+06 -3.475925e+05 2.283750e+04 -1.465447e+04 -9.723025e+05 -1.524998e+05 9.067055e+06 2.297193e+06 4.289299e+04
-1.717172e-03 -4.787825e+05 -8.973335e+03 -2.413724e+04 -1.549958e+06 2.257658e+05 -1.253037e+07 -3.176253e+06 -6.268666e+04 -2.686681e+04 1.547859e+06 3.679036e+05 -5.624924e+03 3.177835e+06 -6.547721e+04 1.530501e+05 9.647951e+06 -3.093232e+04 1.766361e+06 4.198828e+05 -8.266288e+03 -3.621617e+06 7.489432e+04 -1.743962e+05 -1.099526e+07 4.195122e+05 6.018524e+03 2.094243e+04 1.358225e+06 1.981284e+05 -1.099496e+07 -2.787044e+06 -5.479483e+04
-1.515152e-03 2.031605e+05 -2.104477e+04 1.186770e+04 3.764762e+05 -1.562804e+05 5.341580e+06 1.720180e+06 2.812317e+04 1.385582e+04 -3.756275e+05 -1.561435e+05 -1.449218e+04 -1.720613e+06 3.015480e+04 -1.060954e+05 -4.112833e+06 1.559294e+04 -4.290303e+05 -1.782431e+05 -1.826952e+04 1.960893e+06 -3.413940e+04 1.209311e+05 4.687197e+06 -1.779711e+05 1.671219e+04 -1.056788e+04 -3.296148e+05 -1.371107e+05 4.687029e+06 1.509396e+06 2.485143e+04
-1.313131e-03 8.366528e+03 -1.643085e+04 5.613818e+02 -1.238994e+05 -2.583061e+04 2.213371e+05 1.997941e+05 1.209384e+03 9.762594e+02 1.239673e+05 -6.434859e+03 -1.118174e+04 -1.997608e+05 1.633010e+03 -1.755762e+04 -1.704193e+05 9.315545e+02 1.412050e+05 -7.365687e+03 -1.440146e+04 2.276597e+05 -1.674505e+03 2.002335e+04 1.942353e+05 -7.308847e+03 1.275924e+04 -6.320603e+02 1.087744e+05 -2.265155e+04 1.941980e+05 1.753100e+05 1.204827e+03
-1.111111e-03 -5.551728e+05 -7.156174e+03 -3.977164e+04 -1.204961e+06 6.034969e+05 -1.470336e+07 -5.771062e+06 -8.373553e+04 -4.472203e+04 1.203380e+06 4.267996e+05 -4.510149e+03 5.771142e+06 -8.878917e+04 4.100517e+05 1.132082e+07 -5.119194e+04 1.373202e+06 4.871101e+05 -6.717928e+03 -6.577207e+06 1.013421e+05 -4.673154e+05 -1.290200e+07 4.864355e+05 4.701974e+03 3.473222e+04 1.055946e+06 5.295446e+05 -1.290141e+07 -5.063793e+06 -7.335669e+04
-9.090909e-04 -2.985477e+04 -1.460324e+04 -2.276402e+03 -1.815086e+05 2.639699e+04 -7.925683e+05 -2.705368e+05 -4.647776e+03 -2.355277e+03 1.814736e+05 2.295132e+04 -9.916924e+03 2.705426e+05 -4.728398e+03 1.793773e+04 6.102404e+05 -2.805875e+03 2.068573e+05 2.618193e+04 -1.283623e+04 -3.083273e+05 5.508871e+03 -2.043762e+04 -6.954587e+05 2.617117e+04 1.127939e+04 1.904179e+03 1.592356e+05 2.316745e+04 -6.954506e+05 -2.373832e+05 -3.985741e+03
-7.070707e-04 -2.826470e+04 -1.427259e+04 -2.274456e+03 -1.664787e+05 3.909161e+04 -7.521343e+05 -3.564904e+05 -4.510422e+03 -2.405400e+03 1.664616e+05 2.173131e+04 -9.696302e+03 3.564455e+05 -4.644135e+03 2.657514e+04 5.791059e+05 -2.834702e+03 1.897288e+05 2.479269e+04 -1.254496e+04 -4.062293e+05 5.383880e+03 -3.028421e+04 -6.599802e+05 2.477476e+04 1.102910e+04 1.924252e+03 1.460628e+05 3.430350e+04 -6.599674e+05 -3.128021e+05 -3.887516e+03
-5.050505e-04 3.897451e+04 -1.455234e+04 3.295554e+03 -9.519026e+04 -1.286778e+05 1.039491e+06 1.016261e+06 6.352581e+03 3.842882e+03 9.527786e+04 -2.997184e+04 -9.909641e+03 -1.015994e+06 6.910989e+03 -8.749595e+04 -8.003548e+05 4.323424e+03 1.084871e+05 -3.421564e+04 -1.276029e+04 1.157895e+06 -7.812310e+03 9.971690e+04 9.121433e+05 -3.414035e+04 1.130232e+04 -2.935492e+03 8.360013e+04 -1.129076e+05 9.120951e+05 8.917176e+05 5.623279e+03
-3.030303e-04 -3.067069e+03 -1.405091e+04 -2.565372e+02 -1.300295e+05 -1.331360e+03 -8.175889e+04 -8.899598e+03 -5.014224e+02 -2.207186e+02 1.300620e+05 2.357714e+03 -9.556702e+03 8.905291e+03 -4.649187e+02 -9.039030e+02 6.295031e+04 -2.890695e+02 1.481905e+05 2.686665e+03 -1.233931e+04 -1.014926e+04 5.677510e+02 1.029534e+03 -7.173925e+04 2.691604e+03 1.088112e+04 1.962575e+02 1.141228e+05 -1.168818e+03 -7.174243e+04 -7.808782e+03 -4.107937e+02
-1.010101e-04 8.693180e+02 -1.397048e+04 7.882513e+01 -1.276320e+05 -2.925121e+04 2.326196e+04 2.099252e+05 1.455757e+02 1.120744e+02 1.276671e+05 -6.688261e+02 -9.502607e+03 -2.098524e+05 1.794815e+02 -1.989073e+04 -1.791035e+04 1.156030e+02 1.454583e+05 -7.647893e+02 -1.226868e+04 2.391624e+05 -1.919912e+02 2.266765e+04 2.041302e+04 -7.602122e+02 1.081952e+04 -7.851156e+01 1.120213e+05 -2.566761e+04 2.041000e+04 1.841982e+05 1.374041e+02
1.010101e-04 -8.693180e+02 -1.397048e+04 -7.882513e+01 -1.276320e+05 -2.925121e+04 -2.326196e+04 2.099252e+05 -1.455757e+02 -1.120744e+02 1.276671e+05 6.688261e+02 -9.502607e+03 -2.098524e+05 -1.794815e+02 -1.989073e+04 1.791035e+04 -1.156030e+02 1.454583e+05 7.647893e+02 -1.226868e+04 2.391624e+05 1.919912e+02 2.266765e+04 -2.041302e+04 7.602122e+02 1.081952e+04 7.851156e+01 1.120213e+05 -2.566761e+04 -2.041000e+04 1.841982e+05 -1.374041e+02
3.030303e-04 3.067069e+03 -1.405091e+04 2.565372e+02 -1.300295e+05 -1.331360e+03 8.175889e+04 -8.899598e+03 5.014224e+02 2.207186e+02 1.300620e+05 -2.357714e+03 -9.556702e+03 8.905291e+03 4.649187e+02 -9.039030e+02 -6.295031e+04 2.890695e+02 1.481905e+05 -2.686665e+03 -1.233931e+04 -1.014926e+04 -5.677510e+02 1.029534e+03 7.173925e+04 -2.691604e+03 1.088112e+04 -1.962575e+02 1.141228e+05 -1.168818e+03 7.174243e+04 -7.808782e+03 4.107937e+02
5.050505e-04 -3.897451e+04 -1.455234e+04 -3.295554e+03 -9.519026e+04 -1.286778e+05 -1.039491e+06 1.016261e+06 -6.352581e+03 -3.842882e+03 9.527786e+04 2.997184e+04 -9.909641e+03 -1.015994e+06 -6.910989e+03 -8.749595e+04 8.003548e+05 -4.323424e+03 1.084871e+05 3.421564e+04 -1.276029e+04 1.157895e+06 7.812310e+03 9.971690e+04 -9.121433e+05 3.414035e+04 1.130232e+04 2.935492e+03 8.360013e+04 -1.129076e+05 -9.120951e+05 8.917176e+05 -5.623279e+03
7.070707e-04 2.826470e+04 -1.427259e+04 2.274456e+03 -1.664787e+05 3.909161e+04 7.521343e+05 -3.564904e+05 4.510422e+03 2.405400e+03 1.664616e+05 -2.173131e+04 -9.696302e+03 3.564455e+05 4.644135e+03 2.657514e+04 -5.791059e+05 2.834702e+03 1.897288e+05 -2.479269e+04 -1.254496e+04 -4.062293e+05 -5.383880e+03 -3.028421e+04 6.599802e+05 -2.477476e+04 1.102910e+04 -1.924252e+03 1.460628e+05 3.430350e+04 6.599674e+05 -3.128021e+05 3.887516e+03
9.090909e-04 2.985477e+04 -1.460324e+04 2.276402e+03 -1.815086e+05 2.639699e+04 7.925683e+05 -2.705368e+05 4.647776e+03 2.355277e+03 1.814736e+05 -2.295132e+04 -9.916924e+03 2.705426e+05 4.728398e+03 1.793773e+04 -6.102404e+05 2.805875e+03 2.068573e+05 -2.618193e+04 -1.283623e+04 -3.083273e+05 -5.508871e+03 -2.043762e+04 6.954587e+05 -2.617117e+04 1.127939e+04 -1.904179e+03 1.592356e+05 2.316745e+04 6.954506e+05 -2.373832e+05 3.985741e+03
1.111111e-03 5.551728e+05 -7.156174e+03 3.977164e+04 -1.204961e+06 6.034969e+05 1.470336e+07 -5.771062e+06 8.373553e+04 4.472203e+04 1.203380e+06 -4.267996e+05 -4.510149e+03 5.771142e+06 8.878917e+04 4.100517e+05 -1.132082e+07 5.119194e+04 1.373202e+06 -4.871101e+05 -6.717928e+03 -6.577207e+06 -1.013421e+05 -4.673154e+05 1.290200e+07 -4.864355e+05 4.701974e+03 -3.473222e+04 1.055946e+06 5.295446e+05 1.290141e+07 -5.063793e+06 7.335669e+04
1.313131e-03 -8.366528e+03 -1.643085e+04 -5.613818e+02 -1.238994e+05 -2.583061e+04 -2.213371e+05 1.997941e+05 -1.209384e+03 -9.762594e+02 1.239673e+05 6.434859e+03 -1.118174e+04 -1.997608e+05 -1.633010e+03 -1.755762e+04 1.704193e+05 -9.315545e+02 1.412050e+05 7.365687e+03 -1.440146e+04 2.276597e+05 1.674505e+03 2.002335e+04 -1.942353e+05 7.308847e+03 1.275924e+04 6.320603e+02 1.087744e+05 -2.265155e+04 -1.941980e+05 1.753100e+05 -1.204827e+03
1.515152e-03 -2.031605e+05 -2.104477e+04 -1.186770e+04 3.764762e+05 -1.562804e+05 -5.341580e+06 1.720180e+06 -2.812317e+04 -1.385582e+04 -3.756275e+05 1.561435e+05 -1.449218e+04 -1.720613e+06 -3.015480e+04 -1.060954e+05 4.112833e+06 -1.559294e+04 -4.290303e+05 1.782431e+05 -1.826952e+04 1.960893e+06 3.413940e+04 1.209311e+05 -4.687197e+06 1.779711e+05 1.671219e+04 1.056788e+04 -3.296148e+05 -1.371107e+05 -4.687029e+06 1.509396e+06 -2.485143e+04
1.717172e-03 4.787825e+05 -8.973335e+03 2.413724e+04 -1.549958e+06 2.257658e+05 1.253037e+07 -3.176253e+06 6.268666e+04 2.686681e+04 1.547859e+06 -3.679036e+05 -5.624924e+03 3.177835e+06 6.547721e+04 1.530501e+05 -9.647951e+06 3.093232e+04 1.766361e+06 -4.198828e+05 -8.266288e+03 -3.621617e+06 -7.489432e+04 -1.743962e+05 1.099526e+07 -4.195122e+05 6.018524e+03 -2.094243e+04 1.358225e+06 1.981284e+05 1.099496e+07 -2.787044e+06 5.479483e+04
1.919192e-03 -3.967794e+05 -2.834999e+04 -1.644334e+04 1.110070e+06 -1.738369e+05 -1.033315e+07 2.617962e+06 -4.859242e+04 -1.927325e+04 -1.108040e+06 3.048418e+05 -1.972462e+04 -2.619535e+06 -5.148739e+04 -1.177660e+05 7.956289e+06 -2.167503e+04 -1.265040e+06 3.479787e+05 -2.451720e+04 2.985313e+06 5.834642e+04 1.342478e+05 -9.067280e+06 3.475925e+05 2.283750e+04 1.465447e+04 -9.723025e+05 -1.524998e+05 -9.067055e+06 2.297193e+06 -4.289299e+04
2.121212e-03 -3.622169e+04 -2.325530e+04 -1.079417e+03 -5.641931e+04 -3.436938e+04 -9.388284e+05 3.710866e+05 -4.003897e+03 -1.966018e+03 5.666874e+04 2.782857e+04 -1.586017e+04 -3.712071e+05 -4.911185e+03 -2.332465e+04 7.228788e+05 -1.849106e+03 6.430571e+04 3.180903e+04 -2.032791e+04 4.230436e+05 5.193033e+03 2.663278e+04 -8.238470e+05 3.168850e+04 1.815272e+04 1.248742e+03 4.971910e+04 -3.010697e+04 -8.237684e+05 3.256165e+05 -3.824323e+03
2.323232e-03 6.232145e+05 -1.321340e+04 1.350264e+04 -2.590543e+06 7.490814e+04 1.604179e+07 -3.037293e+06 6.473931e+04 1.452523e+04 2.586875e+06 -4.785953e+05 -8.140143e+03 3.040821e+06 6.578681e+04 5.009248e+04 -1.235195e+07 1.707478e+04 2.952215e+06 -5.462077e+05 -1.185436e+04 -3.465390e+06 -7.547967e+04 -5.701552e+04 1.407655e+07 -5.460703e+05 9.017283e+03 -1.144948e+04 2.269961e+06 6.580176e+04 1.407642e+07 -2.665173e+06 5.641689e+04
2.525253e-03 1.987294e+05 -2.861863e+04 2.316600e+03 -1.069637e+06 -1.983837e+04 5.081397e+06 -7.154236e+05 1.881537e+04 1.444728e+03 1.068422e+06 -1.525732e+05 -1.916770e+04 7.167423e+05 1.792195e+04 -1.378168e+04 -3.912647e+06 2.315558e+03 1.218978e+06 -1.740698e+05 -2.506529e+04 -8.167999e+05 -2.110662e+04 1.581073e+04 4.458855e+06 -1.741879e+05 2.189099e+04 -1.518075e+03 9.375260e+05 -1.730286e+04 4.458927e+06 -6.277846e+05 1.598477e+04
2.727273e-03 2.835438e+06 -1.472927e+04 -3.241721e+03 -1.292363e+07 -8.992269e+04 7.200582e+07 -1.215161e+07 2.335011e+05 -5.249776e+03 1.290409e+07 -2.176446e+06 -5.482876e+03 1.217137e+07 2.314414e+05 -6.567615e+04 -5.544460e+07 -4.527512e+03 1.472785e+07 -2.484050e+06 -1.278483e+04 -1.387054e+07 -2.652523e+05 7.509837e+04 6.318483e+07 -2.484321e+06 6.388167e+03 3.964212e+03 1.132329e+07 -7.865297e+04 6.318500e+07 -1.066302e+07 2.037411e+05
2.929293e-03 -2.853310e+05 -5.870099e+04 4.696578e+03 9.260528e+05 -3.252854e+04 -7.193093e+06 1.572597e+06 -1.925884e+04 2.835902e+03 -9.238294e+05 2.189689e+05 -4.040556e+04 -1.574635e+06 -2.116880e+04 -2.162505e+04 5.538749e+06 4.491632e+03 -1.055311e+06 2.500821e+05 -5.135171e+04 1.794469e+06 2.283741e+04 2.487505e+04 -6.312030e+06 2.498317e+05 4.620442e+04 -3.151749e+03 -8.106756e+05 -2.831231e+04 -6.311875e+06 1.379944e+06 -1.789031e+04
3.131313e-03 -1.609623e+07 -2.475089e+06 4.791230e+05 6.307184e+07 1.995496e+05 -4.024389e+08 7.889153e+07 -8.955994e+05 4.301871e+05 -6.293803e+07 1.234848e+07 -1.712767e+06 -7.902063e+07 -9.458630e+05 1.655263e+05 3.098989e+08 5.462026e+05 -7.187266e+07 1.410143e+07 -2.171877e+06 9.005172e+07 1.021287e+06 -1.775667e+05 -3.531601e+08 1.409531e+07 1.951898e+06 -3.774099e+05 -5.523126e+07 1.861901e+05 -3.531412e+08 6.922754e+07 -8.294885e+05
3.333333e-03 1.223989e+04 -1.900450e+04 -4.550919e+02 -2.114919e+05 -2.385024e+04 3.024022e+05 8.675338e+04 6.436214e+02 -1.429669e+03 2.114257e+05 -9.379053e+03 -1.289839e+04 -8.660555e+04 -3.583323e+02 -1.623830e+04 -2.328656e+05 -1.137362e+03 2.410229e+05 -1.064966e+04 -1.654956e+04 9.870350e+04 -9.982595e+01 1.860328e+04 2.653237e+05 -1.077986e+04 1.482578e+04 7.781435e+02 1.855213e+05 -2.083034e+04 2.654081e+05 7.612011e+04 1.734727e+02
3.535354e-03 2.435096e+05 4.893221e+04 -1.469574e+04 -1.001071e+06 -2.238559e+04 5.984569e+06 -1.178972e+06 6.370461e+03 -1.407134e+04 9.988463e+05 -1.867045e+05 3.377538e+04 1.181148e+06 7.013683e+03 -1.572649e+04 -4.608373e+06 -1.733796e+04 1.140792e+06 -2.132653e+05 4.306261e+04 -1.346018e+06 -6.681332e+03 1.762816e+04 5.251617e+06 -2.131828e+05 -3.836620e+04 1.189500e+04 8.765107e+05 -1.993763e+04 5.251550e+06 -1.034562e+06 6.599969e+03
3.737374e-03 -1.512530e+06 -5.213538e+05 1.156513e+05 4.951752e+06 -1.360556e+04 -3.684293e+07 8.547274e+06 -1.566056e+04 1.024038e+05 -4.936978e+06 1.159435e+06 -3.577818e+05 -8.561086e+06 -2.931089e+04 -5.909364e+03 2.837058e+07 1.314882e+05 -5.642821e+06 1.325149e+06 -4.573830e+05 9.756114e+06 1.838318e+04 1.016588e+04 -3.233080e+07 1.323383e+06 4.078351e+05 -9.011463e+04 -4.332352e+06 -8.501761e+03 -3.233002e+07 7.500317e+06 -2.530766e+04
3.939394e-03 -7.198403e+05 -2.932915e+05 6.677452e+04 2.196688e+06 -1.761739e+04 -1.736720e+07 4.259410e+06 3.728692e+03 5.876107e+04 -2.189276e+06 5.516379e+05 -2.010670e+05 -4.266286e+06 -4.537007e+03 -1.029576e+04 1.337371e+07 7.573082e+04 -2.503214e+06 6.306817e+05 -2.572569e+05 4.861797e+06 -3.744758e+03 1.386146e+04 -1.524050e+07 6.296213e+05 2.292439e+05 -5.185487e+04 -1.921193e+06 -1.332740e+04 -1.523991e+07 3.737684e+06 -3.593109e+03
4.141414e-03 2.787251e+05 1.090000e+05 -3.065416e+04 -9.562570e+05 -1.304585e+04 6.655894e+06 -1.581565e+06 -5.919190e+03 -2.809558e+04 9.532751e+05 -2.135177e+05 7.478310e+04 1.584391e+06 -3.276356e+03 -9.553335e+03 -5.125550e+06 -3.545525e+04 1.089685e+06 -2.441205e+05 9.577294e+04 -1.805536e+06 7.222089e+03 1.000408e+04 5.840938e+06 -2.437852e+05 -8.509838e+04 2.425698e+04 8.365500e+05 -1.233215e+04 5.840691e+06 -1.387853e+06 -2.507825e+03
4.343434e-03 4.031812e+04 7.782791e+03 -5.254371e+03 -2.096016e+05 -1.319253e+04 9.518031e+05 -1.729646e+05 -1.599832e+03 -5.409499e+03 2.091673e+05 -3.086768e+04 5.393762e+03 1.734075e+05 -1.759725e+03 -9.070765e+03 -7.329765e+05 -6.438494e+03 2.388544e+05 -3.526809e+04 6.948119e+03 -1.976067e+05 2.276785e+03 1.025578e+04 8.352482e+05 -3.528856e+04 -6.028232e+03 4.400640e+03 1.835505e+05 -1.165790e+04 8.352600e+05 -1.517832e+05 -1.194833e+03
4.545455e-03 -9.851220e+04 -6.304416e+04 1.396660e+04 1.971775e+05 -1.449743e+04 -2.305396e+06 6.912868e+05 5.157093e+03 1.174795e+04 -1.960149e+05 7.543460e+04 -4.312113e+04 -6.923334e+05 2.861160e+03 -9.585873e+03 1.775370e+06 1.552275e+04 -2.246719e+05 8.634869e+04 -5.520829e+04 7.889674e+05 -5.443097e+03 1.150358e+04 -2.023194e+06 8.605961e+04 4.925426e+04 -1.061427e+04 -1.720272e+05 -1.214105e+04 -2.023004e+06 6.066168e+05 2.844669e+03
4.747475e-03 5.426210e+04 2.126686e+04 -8.952263e+03 -2.243582e+05 -1.032497e+04 1.253895e+06 -2.912486e+05 -3.968757e+03 -8.636382e+03 2.237172e+05 -4.152128e+04 1.460821e+04 2.918741e+05 -3.640876e+03 -7.170721e+03 -9.656450e+05 -1.062176e+04 2.556630e+05 -4.748701e+04 1.878170e+04 -3.326067e+05 4.937630e+03 7.938564e+03 1.100386e+06 -4.744629e+04 -1.652787e+04 7.256603e+03 1.963243e+05 -9.293801e+03 1.100356e+06 -2.555810e+05 -2.875355e+03
4.949495e-03 7.247237e+05 4.363274e+05 -1.295192e+05 -1.989341e+06 1.282530e+04 1.657432e+07 -4.755603e+06 -6.306125e+04 -1.159554e+05 1.980316e+06 -5.545225e+05 2.987061e+05 4.764037e+06 -4.898575e+04 6.564801e+03 -1.276439e+07 -1.482398e+05 2.266779e+06 -6.348103e+05 3.830441e+05 -5.428915e+06 7.225463e+04 -1.226253e+04 1.454579e+07 -6.330653e+05 -3.402446e+05 1.012800e+05 1.737939e+06 6.464671e+03 1.454449e+07 -4.173185e+06 -4.268310e+04
5.151515e-03 -1.935874e+05 -1.349281e+05 3.764308e+04 4.322970e+05 -1.802182e+04 -4.378226e+06 1.361761e+06 1.984839e+04 3.289610e+04 -4.298069e+05 1.480947e+05 -9.229889e+04 -1.364055e+06 1.491749e+04 -1.164769e+04 3.371817e+06 4.260036e+04 -4.925718e+05 1.696245e+05 -1.182964e+05 1.554422e+06 -2.223204e+04 1.482828e+04 -3.842408e+06 1.690148e+05 1.052885e+05 -2.910202e+04 -3.772122e+05 -1.425695e+04 -3.842011e+06 1.194988e+06 1.338777e+04
5.353535e-03 8.214463e+04 4.890707e+04 -1.781928e+04 -2.640156e+05 -5.599973e+03 1.833865e+06 -5.213588e+05 -1.011981e+04 -1.645023e+04 2.629427e+05 -6.280564e+04 3.350008e+04 5.223797e+05 -8.695112e+03 -4.069482e+03 -1.412360e+06 -2.070025e+04 3.008397e+05 -7.191517e+04 4.304073e+04 -5.952767e+05 1.190169e+04 4.007808e+03 1.609431e+06 -7.174057e+04 -3.805279e+04 1.413509e+04 2.307576e+05 -5.544891e+03 1.609312e+06 -4.575140e+05 -7.345458e+03
5.555556e-03 5.266289e+04 3.093838e+04 -1.247152e+04 -1.827304e+05 -6.023489e+03 1.160971e+06 -3.279306e+05 -7.475018e+03 -1.166851e+04 1.820272e+05 -4.024852e+04 2.119946e+04 3.286057e+05 -6.638027e+03 -4.268824e+03 -8.941470e+05 -1.458316e+04 2.082176e+05 -4.609073e+04 2.727152e+04 -3.744594e+05 8.875610e+03 4.433041e+03 1.018896e+06 -4.598892e+04 -2.403645e+04 9.955779e+03 1.597462e+05 -5.718125e+03 1.018827e+06 -2.877746e+05 -5.549727e+03
5.757576e-03 3.980141e+04 2.341669e+04 -1.021631e+04 -1.452765e+05 -5.901315e+03 8.662567e+05 -2.453920e+05 -6.396141e+03 -9.641520e+03 1.447334e+05 -3.040705e+04 1.604925e+04 2.459166e+05 -5.796042e+03 -4.147625e+03 -6.671806e+05 -1.199732e+04 1.655394e+05 -3.482546e+04 2.067072e+04 -2.802302e+05 7.634752e+03 4.374553e+03 7.602547e+05 -3.475302e+04 -1.816769e+04 8.188887e+03 1.270175e+05 -5.531149e+03 7.602053e+05 -2.153445e+05 -4.819659e+03
5.959596e-03 3.205940e+04 1.899138e+04 -8.868770e+03 -1.217428e+05 -5.662099e+03 6.886967e+05 -1.964541e+05 -5.756590e+03 -8.424009e+03 1.212963e+05 -2.448291e+04 1.301867e+04 1.968875e+05 -5.291468e+03 -3.962079e+03 -5.304378e+05 -1.044843e+04 1.387230e+05 -2.804476e+04 1.678734e+04 -2.243585e+05 6.895314e+03 4.208644e+03 6.044285e+05 -2.798905e+04 -1.471417e+04 7.130483e+03 1.064495e+05 -5.275617e+03 6.043904e+05 -1.724000e+05 -4.385073e+03
6.161616e-03 2.676139e+04 1.600073e+04 -7.939764e+03 -1.050413e+05 -5.392976e+03 5.672842e+05 -1.633324e+05 -5.312608e+03 -7.580356e+03 1.046613e+05 -2.042908e+04 1.097032e+04 1.637027e+05 -4.936097e+03 -3.763373e+03 -4.369353e+05 -9.378032e+03 1.196917e+05 -2.340493e+04 1.416302e+04 -1.865425e+05 6.379448e+03 4.012307e+03 4.978772e+05 -2.336019e+04 -1.237986e+04 6.399031e+03 9.185100e+04 -5.009300e+03 4.978466e+05 -1.433346e+05 -4.080867e+03
6.363636e-03 2.287076e+04 1.381734e+04 -7.245991e+03 -9.237570e+04 -5.122248e+03 4.782897e+05 -1.392084e+05 -4.975692e+03 -6.947225e+03 9.204501e+04 -1.745233e+04 9.474717e+03 1.395317e+05 -4.662153e+03 -3.567671e+03 -3.683984e+05 -8.576801e+03 1.052592e+05 -1.999790e+04 1.224714e+04 -1.589983e+05 5.986231e+03 3.810879e+03 4.197759e+05 -1.996095e+04 -1.067539e+04 5.851509e+03 8.077923e+04 -4.750101e+03 4.197505e+05 -1.221650e+05 -3.847621e+03
6.565657e-03 1.988157e+04 1.214203e+04 -6.700540e+03 -8.235701e+04 -4.860749e+03 4.100943e+05 -1.207876e+05 -4.705093e+03 -6.447122e+03 8.206459e+04 -1.516550e+04 8.327046e+03 1.210744e+05 -4.438659e+03 -3.380856e+03 -3.158791e+05 -7.945458e+03 9.384291e+04 -1.738048e+04 1.077715e+04 -1.379651e+05 5.669164e+03 3.614311e+03 3.599277e+05 -1.734935e+04 -9.367392e+03 5.420083e+03 7.202068e+04 -4.504279e+03 3.599063e+05 -1.060002e+05 -3.658200e+03
6.767677e-03 1.751097e+04 1.081091e+04 -6.256003e+03 -7.419535e+04 -4.612721e+03 3.561849e+05 -1.062457e+05 -4.479159e+03 -6.037740e+03 7.393366e+04 -1.335211e+04 7.415100e+03 1.065030e+05 -4.249253e+03 -3.204989e+03 -2.743617e+05 -7.429829e+03 8.454266e+04 -1.530489e+04 9.609208e+03 -1.213602e+05 5.403519e+03 3.426703e+03 3.126168e+05 -1.527826e+04 -8.328001e+03 5.067733e+03 6.488520e+04 -4.273799e+03 3.125984e+05 -9.323910e+04 -3.498289e+03
6.969697e-03 1.558594e+04 9.725463e+03 -5.883955e+03 -6.739958e+04 -4.379569e+03 3.125685e+05 -9.447622e+04 -4.285197e+03 -5.693688e+03 6.716315e+04 -1.187973e+04 6.671420e+03 9.470922e+04 -4.084393e+03 -3.040527e+03 -2.407711e+05 -6.997417e+03 7.679883e+04 -1.361956e+04 8.656864e+03 -1.079206e+05 5.174785e+03 3.249615e+03 2.743389e+05 -1.359651e+04 -7.480352e+03 4.772253e+03 5.894361e+04 -4.058853e+03 2.743230e+05 -8.291100e+04 -3.359550e+03
7.171717e-03 1.399358e+04 8.822361e+03 -5.566151e+03 -6.164422e+04 -4.161392e+03 2.766359e+05 -8.476343e+04 -4.115213e+03 -5.398649e+03 6.142896e+04 -1.066197e+04 6.052639e+03 8.497600e+04 -3.938085e+03 -2.887213e+03 -2.130978e+05 -6.627355e+03 7.024056e+04 -1.222561e+04 7.864534e+03 -9.682907e+04 4.973811e+03 3.083414e+03 2.428043e+05 -1.220546e+04 -6.775033e+03 4.519382e+03 5.391146e+04 -3.858869e+03 2.427903e+05 -7.438767e+04 -3.236756e+03
7.373737e-03 1.265664e+04 8.058779e+03 -5.290255e+03 -5.670309e+04 -3.957676e+03 2.465990e+05 -7.662092e+04 -3.963882e+03 -5.141577e+03 5.650584e+04 -9.639693e+03 5.529432e+03 7.681605e+04 -3.806341e+03 -2.744476e+03 -1.899649e+05 -6.305523e+03 6.461010e+04 -1.105537e+04 7.194638e+03 -8.753042e+04 4.794491e+03 2.927890e+03 2.164436e+05 -1.103761e+04 -6.178626e+03 4.299469e+03 4.959109e+04 -3.672951e+03 2.164313e+05 -6.724230e+04 -3.126435e+03
7.575758e-03 1.152022e+04 7.404583e+03 -5.047575e+03 -5.241309e+04 -3.767626e+03 2.211860e+05 -6.970539e+04 -3.827491e+03 -4.914679e+03 5.223137e+04 -8.770865e+03 5.081159e+03 6.988547e+04 -3.686380e+03 -2.611619e+03 -1.703929e+05 -6.021968e+03 5.972163e+04 -1.006072e+04 6.620730e+03 -7.963271e+04 4.632564e+03 2.782557e+03 1.941409e+05 -1.004497e+04 -5.667614e+03 4.105714e+03 4.583995e+04 -3.500097e+03 1.941299e+05 -6.117365e+04 -3.026172e+03
7.777778e-03 1.054410e+04 6.837882e+03 -4.831783e+03 -4.865310e+04 -3.590340e+03 1.994651e+05 -6.376703e+04 -3.703358e+03 -4.712273e+03 4.848489e+04 -8.024719e+03 4.692827e+03 6.393397e+04 -3.576191e+03 -2.487915e+03 -1.536644e+05 -5.769439e+03 5.543709e+04 -9.206477e+03 6.123596e+03 -7.285072e+04 4.484944e+03 2.646805e+03 1.750783e+05 -9.192416e+03 -5.224912e+03 3.933160e+03 4.255216e+04 -3.339293e+03 1.750685e+05 -5.596250e+04 -2.934222e+03
7.979798e-03 9.698133e+03 6.342341e+03 -4.638144e+03 -4.533094e+04 -3.424897e+03 1.807371e+05 -5.861941e+04 -3.589482e+03 -4.530101e+03 4.517459e+04 -7.378166e+03 4.353249e+03 5.877479e+04 -3.474265e+03 -2.372650e+03 -1.392406e+05 -5.542505e+03 5.165147e+04 -8.466205e+03 5.688905e+03 -6.697162e+04 4.349324e+03 2.519987e+03 1.586423e+05 -8.453590e+03 -4.837773e+03 3.778095e+03 3.964715e+04 -3.189566e+03 1.586334e+05 -5.144524e+04 -2.849284e+03
8.181818e-03 8.959208e+03 5.905506e+03 -4.463031e+03 -4.237504e+04 -3.270399e+03 1.644662e+05 -5.412045e+04 -3.484330e+03 -4.364895e+03 4.222918e+04 -6.813520e+03 4.053893e+03 5.426558e+04 -3.379444e+03 -2.265148e+03 -1.267092e+05 -5.337003e+03 4.828321e+04 -7.819668e+03 5.305725e+03 -6.183320e+04 4.223937e+03 2.401454e+03 1.443626e+05 -7.808299e+03 -4.496474e+03 3.637675e+03 3.706236e+04 -3.050005e+03 1.443546e+05 -4.749721e+04 -2.770357e+03
8.383838e-03 8.309317e+03 5.517695e+03 -4.303611e+03 -3.972886e+04 -3.125996e+03 1.502351e+05 -5.015989e+04 -3.386703e+03 -4.214098e+03 3.959235e+04 -6.316997e+03 3.788128e+03 5.029587e+04 -3.290815e+03 -2.164779e+03 -1.157486e+05 -5.149679e+03 4.526787e+04 -7.251094e+03 4.965561e+03 -5.730958e+04 4.107395e+03 2.290585e+03 1.318729e+05 -7.240807e+03 -4.193458e+03 3.509675e+03 3.474837e+04 -2.919768e+03 1.318657e+05 -4.402164e+04 -2.696656e+03
8.585859e-03 7.734213e+03 5.171262e+03 -4.157634e+03 -3.734706e+04 -2.990894e+03 1.377135e+05 -4.665087e+04 -3.295644e+03 -4.075676e+03 3.721894e+04 -5.877692e+03 3.550713e+03 4.677863e+04 -3.207645e+03 -2.070964e+03 -1.061046e+05 -4.977946e+03 4.255382e+04 -6.748004e+03 4.661701e+03 -5.330157e+04 3.998587e+03 2.186793e+03 1.208836e+05 -6.738661e+03 -3.922755e+03 3.392327e+03 3.266555e+04 -2.798084e+03 1.208770e+05 -4.094231e+04 -2.627552e+03
8.787879e-03 7.222477e+03 4.860079e+03 -4.023283e+03 -3.519286e+04 -2.864363e+03 1.266371e+05 -4.352400e+04 -3.210373e+03 -3.947985e+03 3.507229e+04 -5.486865e+03 3.337453e+03 4.364434e+04 -3.129333e+03 -1.983171e+03 -9.757352e+04 -4.819715e+03 4.009910e+04 -6.300396e+03 4.388770e+03 -4.972995e+04 3.896611e+03 2.089534e+03 1.111626e+05 -6.291882e+03 -3.679582e+03 3.284204e+03 3.078171e+04 -2.684253e+03 1.111565e+05 -3.819833e+04 -2.562531e+03
8.989899e-03 6.764848e+03 4.579175e+03 -3.899077e+03 -3.323600e+04 -2.745730e+03 1.167916e+05 -4.072318e+04 -3.130250e+03 -3.829679e+03 3.312226e+04 -5.137429e+03 3.144942e+03 4.083679e+04 -3.055379e+03 -1.900916e+03 -8.999044e+04 -4.673278e+03 3.786926e+04 -5.900161e+03 4.142405e+03 -4.653069e+04 3.800720e+03 1.998303e+03 1.025218e+05 -5.892378e+03 -3.460059e+03 3.184138e+03 2.907043e+04 -2.577635e+03 1.025162e+05 -3.574047e+04 -2.501167e+03
9.191919e-03 6.353742e+03 4.324475e+03 -3.783789e+03 -3.145141e+04 -2.634379e+03 1.080017e+05 -3.820260e+04 -3.054739e+03 -3.719644e+03 3.134388e+04 -4.823578e+03 2.970387e+03 3.831010e+04 -2.985365e+03 -1.823760e+03 -8.322027e+04 -4.537222e+03 3.583573e+04 -5.540655e+03 3.919029e+03 -4.365146e+04 3.710289e+03 1.912637e+03 9.480733e+04 -5.533522e+03 -3.261003e+03 3.091164e+03 2.750979e+04 -2.477651e+03 9.480220e+04 -3.352854e+04 -2.443102e+03
9.393939e-03 5.982890e+03 4.092602e+03 -3.676394e+03 -2.981808e+04 -2.529749e+03 1.001225e+05 -3.592448e+04 -2.983386e+03 -3.616948e+03 2.971622e+04 -4.540514e+03 2.811474e+03 3.602639e+04 -2.918931e+03 -1.751301e+03 -7.715152e+04 -4.410365e+03 3.397457e+04 -5.216390e+03 3.715680e+03 -4.104914e+04 3.624788e+03 1.832114e+03 8.789218e+04 -5.209834e+03 -3.079777e+03 3.004474e+03 2.608141e+04 -2.383777e+03 8.788744e+04 -3.152937e+04 -2.388031e+03
9.595960e-03 5.647067e+03 3.880732e+03 -3.576031e+03 -2.831831e+04 -2.431327e+03 9.303361e+04 -3.385740e+04 -2.915804e+03 -3.520802e+03 2.822164e+04 -4.284239e+03 2.666270e+03 3.395418e+04 -2.855770e+03 -1.683175e+03 -7.169138e+04 -4.291711e+03 3.226560e+04 -4.922788e+03 3.529881e+03 -3.868783e+04 3.543767e+03 1.756344e+03 8.167054e+04 -4.916749e+03 -2.914177e+03 2.923387e+03 2.476981e+04 -2.295535e+03 8.166616e+04 -2.971540e+04 -2.335692e+03
9.797980e-03 5.341886e+03 3.686490e+03 -3.481964e+03 -2.693702e+04 -2.338645e+03 8.663386e+04 -3.197502e+04 -2.851660e+03 -3.430536e+03 2.684512e+04 -4.051396e+03 2.533146e+03 3.206708e+04 -2.795612e+03 -1.619051e+03 -6.676200e+04 -4.180411e+03 3.069164e+04 -4.656008e+03 3.359545e+03 -3.653745e+04 3.466833e+03 1.684973e+03 7.605373e+04 -4.650433e+03 -2.762348e+03 2.847324e+03 2.356182e+04 -2.212492e+03 7.604967e+04 -2.806350e+04 -2.285858e+03
1.000000e-02 5.063639e+03 3.507856e+03 -3.393565e+03 -2.566133e+04 -2.251277e+03 8.083797e+04 -3.025509e+04 -2.790664e+03 -3.345573e+03 2.557382e+04 -3.839146e+03 2.410719e+03 3.034280e+04 -2.738222e+03 -1.558629e+03 -6.229768e+04 -4.075737e+03 2.923801e+04 -4.412802e+03 3.202902e+03 -3.457263e+04 3.393645e+03 1.617676e+03 7.096688e+04 -4.407645e+03 -2.622712e+03 2.775786e+03 2.244616e+04 -2.134255e+03 7.096310e+04 -2.655417e+04 -2.238331e+03
